#Insight Transform File V1.0
#Transform 0
Transform: AffineTransform_float_3_3
Parameters: 1 -0.000360585 4.18039e-05 0.000360636 0.999998 -0.00197199 -4.13752e-05 0.00197202 0.999998 0.00393523 -0.0697234 0.116216
FixedParameters: 0 0 0

#Transform 1
Transform: AffineTransform_float_3_3
Parameters: 1 -0.000413237 4.78625e-05 0.000413302 0.999998 -0.00186298 -4.73162e-05 0.00186302 0.999999 0.00427037 -0.0523919 0.117703
FixedParameters: 0 0 0

#Transform 2
Transform: AffineTransform_float_3_3
Parameters: 1 -0.000413238 4.78579e-05 0.000413301 0.999998 -0.00185198 -4.73208e-05 0.00185202 0.999999 -0.00929657 -0.0532164 0.111592
FixedParameters: 0 0 0

#Transform 3
Transform: AffineTransform_float_3_3
Parameters: 1 -0.000360596 4.17131e-05 0.000360625 0.999999 -0.0017201 -4.14661e-05 0.0017199 0.999998 0.0122367 -0.0518713 0.139191
FixedParameters: 0 0 0

#Transform 4
Transform: AffineTransform_float_3_3
Parameters: 1 -0.000140062 1.62405e-05 0.000140125 0.999998 -0.001991 -1.56827e-05 0.001991 0.999998 -0.00321148 -0.0484777 0.134493
FixedParameters: 0 0 0

#Transform 5
Transform: AffineTransform_float_3_3
Parameters: 1 -0.000413209 4.81079e-05 0.00041333 0.999997 -0.00245698 -4.70707e-05 0.00245702 0.999997 -0.00930505 -0.0413566 0.141801
FixedParameters: 0 0 0

#Transform 6
Transform: AffineTransform_float_3_3
Parameters: 1 -9.53766e-05 1.09225e-05 9.53891e-05 1 -0.000576999 -1.08125e-05 0.000577001 1 -0.00216205 0.0120394 0.0547038
FixedParameters: 0 0 0

#Transform 7
Transform: AffineTransform_float_3_3
Parameters: 1 0.000107292 -1.23445e-05 -0.000107319 1 -0.001105 1.21074e-05 0.001105 1 0.0023065 0.035777 0.0938059
FixedParameters: 0 0 0

#Transform 8
Transform: AffineTransform_float_3_3
Parameters: 1 5.46438e-05 -6.24935e-06 -5.46491e-05 1 -0.000424 6.20301e-06 0.000424 1 0.00110354 0.0203524 0.0413203
FixedParameters: 0 0 0

#Transform 9
Transform: AffineTransform_float_3_3
Parameters: 1 2.08622e-05 -2.40187e-06 -2.08678e-05 1 -0.001179 2.35267e-06 0.001179 1 0.000362553 0.0237864 0.100642
FixedParameters: 0 0 0

#Transform 10
Transform: AffineTransform_float_3_3
Parameters: 1 1.58955e-05 -1.82561e-06 -1.58988e-05 0.999999 -0.000902999 1.79689e-06 0.000902999 0.999999 0.000231194 -0.00762805 0.0559745
FixedParameters: 0 0 0

#Transform 11
Transform: AffineTransform_float_3_3
Parameters: 1 -3.9737e-06 4.57951e-07 3.97487e-06 0.999999 -0.001293 -4.47674e-07 0.001293 0.999999 0.00856992 0.00708871 0.110266
FixedParameters: 0 0 0

#Transform 12
Transform: AffineTransform_float_3_3
Parameters: 1 -3.92894e-05 -0.000408191 3.86338e-05 0.999998 -0.00202002 0.000408236 0.00201998 0.999998 0.0161962 -0.0371755 0.0935865
FixedParameters: 0 0 0

#Transform 13
Transform: AffineTransform_float_3_3
Parameters: 1 4.90727e-05 9.29509e-05 -4.86263e-05 0.999997 -0.00239801 -9.31852e-05 0.002398 0.999997 -0.000644983 0.00232167 0.143901
FixedParameters: 0 0 0

#Transform 14
Transform: AffineTransform_float_3_3
Parameters: 1 -4.56141e-05 -8.13102e-05 4.53939e-05 0.999999 -0.001353 8.14334e-05 0.001353 0.999999 0.00238914 -0.0343886 0.0601396
FixedParameters: 0 0 0

#Transform 15
Transform: AffineTransform_float_3_3
Parameters: 1 -0.000130269 8.35168e-05 0.000130437 0.999998 -0.00167799 -8.40729e-05 0.00167801 0.999998 0.00686271 0.000932397 0.0990598
FixedParameters: 0 0 0

#Transform 16
Transform: AffineTransform_float_3_3
Parameters: 1 2.04908e-05 -7.48674e-05 -2.0835e-05 0.999998 -0.0023 7.47724e-05 0.0023 0.999998 0.00159795 -0.0127234 0.0895966
FixedParameters: 0 0 0

#Transform 17
Transform: AffineTransform_float_3_3
Parameters: 1 -9.11833e-05 -0.000145556 9.09582e-05 0.999999 -0.000773013 0.000145697 0.000772986 0.999999 0.000383239 -0.0345575 0.0388762
FixedParameters: 0 0 0

#Transform 18
Transform: AffineTransform_float_3_3
Parameters: 1 -0.000140146 -2.011e-06 0.000140142 0.999999 -0.000984999 2.28709e-06 0.000984999 0.999999 -0.0029707 0.0041557 0.0494818
FixedParameters: 0 0 0

#Transform 19
Transform: AffineTransform_float_3_3
Parameters: 1 -0.000147126 -6.25785e-05 0.000147967 1 -0.00121301 6.28233e-05 0.00121299 1 -0.00213116 0.00201176 0.0463274
FixedParameters: 0 0 0

#Transform 20
Transform: AffineTransform_float_3_3
Parameters: 1 -0.000143219 -2.88848e-05 0.000143182 1 -0.000633004 2.90661e-05 0.000632996 1 -0.0026238 0.00845843 0.0123793
FixedParameters: 0 0 0

#Transform 21
Transform: AffineTransform_float_3_3
Parameters: 1 -5.4911e-05 3.04102e-05 5.49096e-05 1 2.30017e-05 -3.04128e-05 -2.29983e-05 1 0.00185341 0.0164822 0.0479955
FixedParameters: 0 0 0

#Transform 22
Transform: AffineTransform_float_3_3
Parameters: 1 -0.000127615 0.000107235 0.000127656 0.999999 -0.000714986 -0.000108046 0.000715013 0.999999 -0.00455532 0.0260902 0.0426271
FixedParameters: 0 0 0

#Transform 23
Transform: AffineTransform_float_3_3
Parameters: 1 -1.88712e-05 -3.30738e-05 1.88602e-05 1 -0.000167001 3.30801e-05 0.000166999 1 3.55591e-05 0.0121815 0.0321287
FixedParameters: 0 0 0

#Transform 24
Transform: AffineTransform_float_3_3
Parameters: 1 6.44946e-05 6.70161e-07 -6.44938e-05 1 -0.000518 -7.36977e-07 0.000518 1 -0.00840363 0.0368593 0.0578281
FixedParameters: 0 0 0

#Transform 25
Transform: AffineTransform_float_3_3
Parameters: 1 -0.000149354 -8.25561e-05 0.000149274 1 -0.000484012 8.27006e-05 0.000483988 1 -0.0128262 0.0201358 0.0430585
FixedParameters: 0 0 0

#Transform 26
Transform: AffineTransform_float_3_3
Parameters: 1 9.3306e-05 -0.000151638 -9.34704e-05 0.999999 -0.000912985 0.000152461 0.000913013 0.999999 -0.00779078 0.00787266 0.0451679
FixedParameters: 0 0 0

#Transform 27
Transform: AffineTransform_float_3_3
Parameters: 1 -0.000132999 6.04743e-05 0.000133025 1 -0.000212992 -6.04176e-05 0.000213008 1 -0.0309633 -0.0156943 0.0347549
FixedParameters: 0 0 0

#Transform 28
Transform: AffineTransform_float_3_3
Parameters: 1 0.000180007 -3.6642e-05 -0.000180018 1 -0.000158993 3.65847e-05 0.000159007 1 -0.0154648 -0.0183618 0.026018
FixedParameters: 0 0 0

#Transform 29
Transform: AffineTransform_float_3_3
Parameters: 1 0.000321054 8.55511e-06 -0.000320933 1 -0.000489003 -7.87547e-06 0.000488997 1 -0.0208057 -0.00625249 0.024498
FixedParameters: 0 0 0

#Transform 30
Transform: AffineTransform_float_3_3
Parameters: 1 0.000210757 2.13388e-05 -0.00021077 1 0.000289995 -2.12165e-05 -0.000290004 1 -0.0232291 -0.0425047 -0.00667492
FixedParameters: 0 0 0

#Transform 31
Transform: AffineTransform_float_3_3
Parameters: 1 0.000513794 -1.35699e-05 -0.000513698 0.999999 -0.000623993 1.39223e-05 0.000624007 1 -0.0097824 -0.00965316 0.0101628
FixedParameters: 0 0 0

#Transform 32
Transform: AffineTransform_float_3_3
Parameters: 1 0.000332972 7.39363e-06 -0.000332974 1 0.000119998 -7.31371e-06 -0.000120002 1 -0.0136114 -0.00903624 0.0272141
FixedParameters: 0 0 0

#Transform 33
Transform: AffineTransform_float_3_3
Parameters: 1 0.000222696 1.98103e-05 -0.000222564 1 -0.000489004 -1.90345e-05 0.000488996 1 -0.0229405 0.00994267 -0.00337699
FixedParameters: 0 0 0

#Transform 34
Transform: AffineTransform_float_3_3
Parameters: 1 0.000212761 2.09472e-05 -0.000212628 1 -0.000489004 -2.01617e-05 0.000488996 1 -0.0231782 0.0295131 -0.00124532
FixedParameters: 0 0 0

#Transform 35
Transform: AffineTransform_float_3_3
Parameters: 1 0.000542047 0.000235273 -0.00054216 1 0.000238872 -0.000235014 -0.000239127 1 -0.0198769 0.0336716 -0.027109
FixedParameters: 0 0 0

#Transform 36
Transform: AffineTransform_float_3_3
Parameters: 1 0.000513801 -1.33166e-05 -0.000513691 1 -0.000130993 1.41756e-05 0.000131007 1 -0.016413 0.0101401 -0.00600393
FixedParameters: 0 0 0

#Transform 37
Transform: AffineTransform_float_3_3
Parameters: 1 0.000213639 -0.000262852 -0.000213591 1 9.20561e-05 0.000262891 -9.19438e-05 1 -0.0115318 0.0713108 -0.0396495
FixedParameters: 0 0 0

#Transform 38
Transform: AffineTransform_float_3_3
Parameters: 1 0.000147605 -0.000566809 -0.000149056 0.999997 -0.00215791 0.000566055 0.00215808 0.999997 0.00149313 -0.0190412 0.00782028
FixedParameters: 0 0 0

#Transform 39
Transform: AffineTransform_float_3_3
Parameters: 1 0.000323679 -0.000197908 -0.000323673 1 1.60641e-05 0.000197919 -1.59359e-05 1 -0.0173452 0.0353777 -0.0211983
FixedParameters: 0 0 0

#Transform 40
Transform: AffineTransform_float_3_3
Parameters: 1 0.00029071 0.000140001 -0.000290722 1 3.99593e-05 -0.000139978 -4.00407e-05 1 -0.0235204 0.0485328 -0.0324227
FixedParameters: 0 0 0

#Transform 41
Transform: AffineTransform_float_3_3
Parameters: 1 0.000294572 -0.000187703 -0.000293758 1 -0.000478945 0.000187308 0.000479055 1 -0.0181274 0.059966 -0.0400649
FixedParameters: 0 0 0

#Transform 42
Transform: AffineTransform_float_3_3
Parameters: 1 0.000192431 -1.5979e-05 -0.000192446 1 -0.000478997 1.57946e-05 0.000479003 1 -0.0157392 0.0302941 -0.0320049
FixedParameters: 0 0 0

#Transform 43
Transform: AffineTransform_float_3_3
Parameters: 1 9.30809e-05 -4.57624e-06 -9.30819e-05 1 -0.000105 4.55669e-06 0.000105 1 0.0012019 0.0100963 -0.0154916
FixedParameters: 0 0 0

#Transform 44
Transform: AffineTransform_float_3_3
Parameters: 1 0.000179537 -0.000338691 -0.000179023 0.999999 -0.000873939 0.000339258 0.00087406 0.999999 -0.01801 -0.0127748 -0.00654803
FixedParameters: 0 0 0

#Transform 45
Transform: AffineTransform_float_3_3
Parameters: 1 0.000172561 -1.37054e-05 -0.000172574 1 -0.000478998 1.35401e-05 0.000479002 1 -0.0234559 -0.0113279 -0.00476129
FixedParameters: 0 0 0

#Transform 46
Transform: AffineTransform_float_3_3
Parameters: 1 2.12595e-05 -0.000627565 -2.18408e-05 0.999999 -0.00134399 0.000628387 0.00134401 0.999999 -0.0164984 -0.00849168 0.0722189
FixedParameters: 0 0 0

#Transform 47
Transform: AffineTransform_float_3_3
Parameters: 1 9.30824e-05 -4.54692e-06 -9.30804e-05 1 0.00021 4.58602e-06 -0.00021 1 -0.0202201 -0.00940088 0.0321097
FixedParameters: 0 0 0

#Transform 48
Transform: AffineTransform_float_3_3
Parameters: 1 0.00025206 -0.000182526 -0.00025193 0.999999 0.000667046 0.000181869 -0.000666954 1 -0.0123195 0.0334453 -0.027709
FixedParameters: 0 0 0

#Transform 49
Transform: AffineTransform_float_3_3
Parameters: 1 0.000241038 -0.000365729 -0.000241277 1 -0.000326912 0.000365571 0.000327088 1 -0.0163442 0.022055 -0.0451754
FixedParameters: 0 0 0

#Transform 50
Transform: AffineTransform_float_3_3
Parameters: 1 0.000192446 -0.000377266 -0.000192624 1 -0.000234927 0.000377175 0.000235073 1 -0.0201014 0.0138469 -0.036462
FixedParameters: 0 0 0

#Transform 51
Transform: AffineTransform_float_3_3
Parameters: 1 7.09925e-05 -0.000197365 -7.12474e-05 1 -0.000645986 0.000197273 0.000646014 1 -0.0224989 0.0282378 -0.028804
FixedParameters: 0 0 0

#Transform 52
Transform: AffineTransform_float_3_3
Parameters: 1 4.49213e-05 -0.000421932 -4.61507e-05 0.999999 -0.00145698 0.0004218 0.00145702 0.999999 -0.0194205 0.0114217 -0.0548924
FixedParameters: 0 0 0

#Transform 53
Transform: AffineTransform_float_3_3
Parameters: 1 2.76655e-05 -0.000577862 -2.78608e-05 1 -0.000168984 0.000577853 0.000169016 1 -0.0141161 0.0185133 -0.0553194
FixedParameters: 0 0 0

#Transform 54
Transform: AffineTransform_float_3_3
Parameters: 1 4.53323e-05 -0.000421888 -4.57398e-05 1 -0.000482981 0.000421844 0.000483019 1 -0.0222177 0.0212812 -0.0700926
FixedParameters: 0 0 0

#Transform 55
Transform: AffineTransform_float_3_3
Parameters: 1 -0.000123709 -0.000402518 0.000123033 0.999999 -0.000840049 0.000402725 0.00083995 0.999999 -0.0232382 0.0141539 -0.0587991
FixedParameters: 0 0 0

#Transform 56
Transform: AffineTransform_float_3_3
Parameters: 1 3.2602e-05 -0.000534149 -3.28867e-05 1 -0.00026697 0.000534131 0.00026603 1 -0.0178539 0.0200985 -0.0531988
FixedParameters: 0 0 0

#Transform 57
Transform: AffineTransform_float_3_3
Parameters: 1 4.53626e-05 -0.000421885 -4.57094e-05 1 -0.000410981 0.000421848 0.000411019 1 -0.0194245 0.0320743 -0.0433743
FixedParameters: 0 0 0

#Transform 58
Transform: AffineTransform_float_3_3
Parameters: 1 3.30936e-05 -0.000527213 -3.39793e-05 0.999999 -0.000839981 0.000527157 0.000840017 0.999999 -0.017951 0.0320993 -0.0178935
FixedParameters: 0 0 0

#Transform 59
Transform: AffineTransform_float_3_3
Parameters: 1 4.53816e-05 -0.000421883 -4.56904e-05 1 -0.000365981 0.00042185 0.000366019 1 -0.0102155 0.0274465 -0.00115518
FixedParameters: 0 0 0

#Transform 60
Transform: AffineTransform_float_3_3
Parameters: 1 4.53774e-05 -0.000421884 -4.56947e-05 1 -0.000375981 0.000421849 0.000376019 1 -0.00627461 0.0246216 -0.0272172
FixedParameters: 0 0 0

#Transform 61
Transform: AffineTransform_float_3_3
Parameters: 1 -0.000134018 -0.000688233 0.000134526 1 -0.000353093 0.000688214 0.000352908 0.999999 -0.00413028 0.041602 -0.0324566
FixedParameters: 0 0 0

#Transform 62
Transform: AffineTransform_float_3_3
Parameters: 0.999999 5.82174e-05 -0.000775643 -5.8931e-05 1 -0.000459954 0.000775589 0.000460045 0.999999 -0.0134147 0.0260141 -0.0257661
FixedParameters: 0 0 0

#Transform 63
Transform: AffineTransform_float_3_3
Parameters: 0.999999 0.000154957 -0.000815994 -0.000155333 0.999999 -0.000839748 0.00081562 0.000839252 1 -0.0108461 0.01637 -0.00976226
FixedParameters: 0 0 0

#Transform 64
Transform: AffineTransform_float_3_3
Parameters: 0.999999 0.000368929 -0.000786096 -0.000368787 0.999999 -0.000613697 0.000786524 0.000613303 0.999999 -0.018967 0.0124114 -0.0207855
FixedParameters: 0 0 0

#Transform 65
Transform: AffineTransform_float_3_3
Parameters: 0.999999 0.000330814 -0.000732397 -0.000331668 1 -0.000582757 0.00073201 0.000583242 0.999999 -0.0301385 0.0175507 -0.0331072
FixedParameters: 0 0 0

#Transform 66
Transform: AffineTransform_float_3_3
Parameters: 0.999999 0.000333393 -0.000630081 -0.000333305 0.999999 -0.00071879 0.000629488 0.000719209 0.999999 -0.0337862 0.0233806 -0.019623
FixedParameters: 0 0 0

#Transform 67
Transform: AffineTransform_float_3_3
Parameters: 0.999999 0.000483423 -0.000591295 -0.000483977 0.999999 -0.00140471 0.000590816 0.00140529 0.999999 -0.0238071 0.0206932 -0.0164613
FixedParameters: 0 0 0

#Transform 68
Transform: AffineTransform_float_3_3
Parameters: 0.999999 0.000356914 -0.000891389 -0.000357797 0.999999 -0.000558556 0.000891983 0.000558444 1 -0.0395874 0.0383678 -0.0326625
FixedParameters: 0 0 0

#Transform 69
Transform: AffineTransform_float_3_3
Parameters: 0.999999 0.000260327 -0.000896589 -0.000260991 1 -0.000987754 0.000896955 0.000987247 0.999999 -0.0264041 0.00842651 -0.0270259
FixedParameters: 0 0 0

#Transform 70
Transform: AffineTransform_float_3_3
Parameters: 1 0.000254567 -0.000446103 -0.000254799 0.999999 -0.00137489 0.000445289 0.00137511 0.999999 -0.0318481 0.00499516 -0.0114232
FixedParameters: 0 0 0

#Transform 71
Transform: AffineTransform_float_3_3
Parameters: 0.999999 0.000208167 -0.000844575 -0.000209415 0.999998 -0.00191681 0.000843548 0.00191619 0.999998 -0.0229108 0.00645999 -0.0219054
FixedParameters: 0 0 0

#Transform 72
Transform: AffineTransform_float_3_3
Parameters: 0.999999 7.26008e-05 -0.00078862 -7.48444e-05 0.999998 -0.00205294 0.000788205 0.00205306 0.999997 -0.0170354 -0.0194171 -0.0389157
FixedParameters: 0 0 0

#Transform 73
Transform: AffineTransform_float_3_3
Parameters: 0.999999 -0.000227517 -0.000778078 0.000226613 0.999999 -0.00121918 0.000778518 0.00121882 0.999999 -0.0291489 -0.0124069 -0.0560038
FixedParameters: 0 0 0

#Transform 74
Transform: AffineTransform_float_3_3
Parameters: 1 -0.000205522 -0.000333679 0.000204606 1 -0.00120307 0.000333179 0.00120293 0.999999 -0.0248823 0.0242178 -0.0852366
FixedParameters: 0 0 0

#Transform 75
Transform: AffineTransform_float_3_3
Parameters: 1 -0.000402796 -0.000290979 0.000403325 0.999999 -0.000799117 0.00029151 0.000798882 0.999999 -0.0344649 0.0256508 -0.0669199
FixedParameters: 0 0 0

#Transform 76
Transform: AffineTransform_float_3_3
Parameters: 1 -0.000287597 -0.000383729 0.000287024 0.999999 -0.00074611 0.000384158 0.000745889 0.999999 -0.0211996 0.0279729 -0.0407106
FixedParameters: 0 0 0

#Transform 77
Transform: AffineTransform_float_3_3
Parameters: 1 -0.000173509 -0.000396761 0.00017259 1 -0.00115807 0.000397162 0.00115793 1 -0.0182897 0.00199968 -0.0216119
FixedParameters: 0 0 0

#Transform 78
Transform: AffineTransform_float_3_3
Parameters: 1 -0.000173616 -0.000396715 0.000172483 0.999999 -0.00142707 0.000397208 0.00142693 0.999999 -0.0307234 0.0377176 -0.00510436
FixedParameters: 0 0 0

#Transform 79
Transform: AffineTransform_float_3_3
Parameters: 1 -0.000173426 -0.000396798 0.000172674 0.999999 -0.000946956 0.000397126 0.000947044 1 -0.0358892 0.0366637 0.00995325
FixedParameters: 0 0 0

#Transform 80
Transform: AffineTransform_float_3_3
Parameters: 0.999999 0.000248158 -0.000867591 -0.000250684 0.999997 -0.00266678 0.000867028 0.00266722 0.999996 -0.01963 -0.0163362 0.0316944
FixedParameters: 0 0 0

#Transform 81
Transform: AffineTransform_float_3_3
Parameters: 0.999999 0.000313927 -0.000907504 -0.00031677 0.999996 -0.00272471 0.000906552 0.00272529 0.999996 -0.0392712 -0.030827 0.00245243
FixedParameters: 0 0 0

#Transform 82
Transform: AffineTransform_float_3_3
Parameters: 0.999999 0.000351003 -0.000798377 -0.00035175 1 -0.00116072 0.000798441 0.00116128 0.999999 -0.0279306 -0.00512819 -0.0383
FixedParameters: 0 0 0

#Transform 83
Transform: AffineTransform_float_3_3
Parameters: 1 0.000185194 -0.00119219 -0.00018727 0.999999 -0.00175177 0.0011923 0.00175124 0.999998 -0.0355617 0.0039475 -0.0377911
FixedParameters: 0 0 0

#Transform 84
Transform: AffineTransform_float_3_3
Parameters: 1 0.000218015 -0.00106964 -0.000221723 0.999995 -0.00318065 0.00106889 0.00318135 0.999995 -0.0470911 -0.0313868 -0.00830975
FixedParameters: 0 0 0

#Transform 85
Transform: AffineTransform_float_3_3
Parameters: 1 0.000264013 -0.00107491 -0.000267023 0.999996 -0.0028916 0.00107502 0.0028924 0.999995 -0.046076 -0.0454648 -0.015286
FixedParameters: 0 0 0

#Transform 86
Transform: AffineTransform_float_3_3
Parameters: 0.999999 0.000359417 -0.00149825 -0.000365165 0.999994 -0.00365235 0.00149703 0.00365366 0.999992 -0.047099 -0.0458809 -0.00534287
FixedParameters: 0 0 0

#Transform 87
Transform: AffineTransform_float_3_3
Parameters: 0.999998 0.000610252 -0.00179516 -0.000618458 0.999991 -0.00435077 0.001793 0.00435223 0.999989 -0.0501444 -0.029341 -0.00370034
FixedParameters: 0 0 0

#Transform 88
Transform: AffineTransform_float_3_3
Parameters: 0.999998 0.000889809 -0.0016848 -0.000896645 0.999992 -0.00393537 0.00168107 0.00393763 0.999991 -0.0532914 -0.0238626 0.00807565
FixedParameters: 0 0 0

#Transform 89
Transform: AffineTransform_float_3_3
Parameters: 0.999998 0.000903106 -0.00168677 -0.000910175 0.99999 -0.00429645 0.00168216 0.00429755 0.999989 -0.0536686 -0.0627601 0.00643282
FixedParameters: 0 0 0

#Transform 90
Transform: AffineTransform_float_3_3
Parameters: 0.999998 0.00106715 -0.00170603 -0.0010739 0.999991 -0.00418615 0.00170124 0.00418785 0.99999 -0.0503621 -0.051223 0.00500344
FixedParameters: 0 0 0

#Transform 91
Transform: AffineTransform_float_3_3
Parameters: 0.999998 0.00131313 -0.00137579 -0.00131676 0.999994 -0.00293417 0.00137159 0.00293583 0.999995 -0.0566059 -0.0436535 0.0249216
FixedParameters: 0 0 0

#Transform 92
Transform: AffineTransform_float_3_3
Parameters: 0.999999 0.00110097 -0.00105844 -0.00110387 0.999997 -0.00247193 0.00105574 0.00247306 0.999996 -0.0648246 -0.0448949 0.00650702
FixedParameters: 0 0 0

#Transform 93
Transform: AffineTransform_float_3_3
Parameters: 0.999998 0.00107857 -0.00125021 -0.00108158 0.999996 -0.00253364 0.00124738 0.00253536 0.999996 -0.0414431 -0.00911671 0.0123353
FixedParameters: 0 0 0

#Transform 94
Transform: AffineTransform_float_3_3
Parameters: 0.999998 0.000636612 -0.00148902 -0.000642834 0.999991 -0.00420892 0.00148594 0.00421008 0.99999 -0.052063 -0.0704814 -0.0418243
FixedParameters: 0 0 0

#Transform 95
Transform: AffineTransform_float_3_3
Parameters: 0.999998 0.00021837 -0.00156797 -0.000223558 0.999995 -0.00295842 0.00156721 0.00295858 0.999995 -0.0811885 -0.135382 -0.0878783
FixedParameters: 0 0 0

#Transform 96
Transform: AffineTransform_float_3_3
Parameters: 0.999999 2.1994e-05 -0.00143123 -2.62332e-05 0.999995 -0.00290884 0.00143163 0.00290816 0.999995 -0.0552267 -0.121042 -0.0778431
FixedParameters: 0 0 0

#Transform 97
Transform: AffineTransform_float_3_3
Parameters: 0.999999 0.000132583 -0.00142718 -0.000137084 0.999995 -0.00335768 0.0014267 0.00335732 0.999994 -0.0547428 -0.0855393 -0.0807538
FixedParameters: 0 0 0

#Transform 98
Transform: AffineTransform_float_3_3
Parameters: 0.999997 0.000121524 -0.00213497 -0.000129728 0.999991 -0.00406849 0.00213492 0.0040685 0.999989 -0.0525805 -0.0734472 -0.0620749
FixedParameters: 0 0 0

#Transform 99
Transform: AffineTransform_float_3_3
Parameters: 0.999999 -2.71678e-05 -0.00185854 1.98629e-05 0.999993 -0.0035698 0.00185803 0.00356919 0.999992 -0.0643815 -0.0255934 -0.0209575
FixedParameters: 0 0 0

#Transform 100
Transform: AffineTransform_float_3_3
Parameters: 0.999999 0.000192126 -0.00155865 -0.00019552 0.999997 -0.00239959 0.00155826 0.00240041 0.999996 -0.0782741 -0.0706334 -0.143652
FixedParameters: 0 0 0

#Transform 101
Transform: AffineTransform_float_3_3
Parameters: 0.999999 0.000157669 -0.00185171 -0.000162193 0.999996 -0.00259348 0.00185131 0.00259452 0.999995 -0.0725569 0.0125255 -0.151557
FixedParameters: 0 0 0

#Transform 102
Transform: AffineTransform_float_3_3
Parameters: 0.999997 -4.16697e-05 -0.00235638 3.23249e-05 0.999991 -0.00411475 0.00235654 0.00411525 0.999988 -0.0869889 -0.0425904 -0.0824301
FixedParameters: 0 0 0

#Transform 103
Transform: AffineTransform_float_3_3
Parameters: 0.999997 0.000359858 -0.00240372 -0.000369723 0.999992 -0.00398277 0.00240277 0.00398423 0.999989 -0.0977387 -0.103131 -0.224573
FixedParameters: 0 0 0

#Transform 104
Transform: AffineTransform_float_3_3
Parameters: 0.999997 0.000487114 -0.00241773 -0.00049296 0.999996 -0.00269456 0.00241629 0.00269543 0.999993 -0.0859479 0.021341 -0.243185
FixedParameters: 0 0 0

#Transform 105
Transform: AffineTransform_float_3_3
Parameters: 0.999998 0.000147142 -0.00192438 -0.000154096 0.999993 -0.00367247 0.00192447 0.00367253 0.999992 -0.0947222 0.0483493 -0.0963136
FixedParameters: 0 0 0

#Transform 106
Transform: AffineTransform_float_3_3
Parameters: 0.999997 9.53317e-05 -0.00237225 -0.000102913 0.999994 -0.00329741 0.00237169 0.00329758 0.999992 -0.100283 -0.0540593 -0.277405
FixedParameters: 0 0 0

#Transform 107
Transform: AffineTransform_float_3_3
Parameters: 0.999999 0.000162149 -0.00181985 -0.000165952 0.999997 -0.00216748 0.00181968 0.00216852 0.999996 -0.0912375 0.00260796 -0.253091
FixedParameters: 0 0 0

#Transform 108
Transform: AffineTransform_float_3_3
Parameters: 0.999997 -0.000323289 -0.00217314 0.000315979 0.999994 -0.00328136 0.00217444 0.00328064 0.999992 -0.0957 0.0156434 -0.113132
FixedParameters: 0 0 0

#Transform 109
Transform: AffineTransform_float_3_3
Parameters: 0.999997 0.000124129 -0.0021437 -0.000129172 0.999997 -0.00236149 0.00214353 0.00236151 0.999995 -0.0867017 -0.0504417 -0.298334
FixedParameters: 0 0 0

#Transform 110
Transform: AffineTransform_float_3_3
Parameters: 0.999999 0.00020619 -0.00145115 -0.000207895 0.999999 -0.00131059 0.00145138 0.00131141 0.999998 -0.0962596 0.0131212 -0.323844
FixedParameters: 0 0 0

#Transform 111
Transform: AffineTransform_float_3_3
Parameters: 1 -0.000152098 -0.00119845 0.000148228 0.999996 -0.00285708 0.00119897 0.00285792 0.999995 -0.0856627 0.0537804 -0.110637
FixedParameters: 0 0 0

#Transform 112
Transform: AffineTransform_float_3_3
Parameters: 0.999998 -0.000411074 -0.00154882 0.000407036 0.999996 -0.00258542 0.00155049 0.00258558 0.999996 -0.0912915 -0.00328945 -0.249053
FixedParameters: 0 0 0

#Transform 113
Transform: AffineTransform_float_3_3
Parameters: 0.999999 -0.000482531 -0.00128697 0.000480109 0.999998 -0.00205452 0.00128761 0.00205448 0.999997 -0.0691035 0.037414 -0.23012
FixedParameters: 0 0 0

#Transform 114
Transform: AffineTransform_float_3_3
Parameters: 1 -0.000462656 -0.00110676 0.000459996 0.999995 -0.0029444 0.00110803 0.0029436 0.999995 -0.0694674 0.0227015 -0.197393
FixedParameters: 0 0 0

#Transform 115
Transform: AffineTransform_float_3_3
Parameters: 0.999998 -0.000639897 -0.00150732 0.000636714 0.999998 -0.00200685 0.00150855 0.00200515 0.999997 -0.0617926 0.0163031 -0.229091
FixedParameters: 0 0 0

#Transform 116
Transform: AffineTransform_float_3_3
Parameters: 0.999999 -0.000625379 -0.0013853 0.000622393 0.999999 -0.00175377 0.00138627 0.00175324 0.999998 -0.0634816 -0.016666 -0.230986
FixedParameters: 0 0 0

#Transform 117
Transform: AffineTransform_float_3_3
Parameters: 0.999999 -0.000592185 -0.00109187 0.000588796 0.999997 -0.00240855 0.00109349 0.00240845 0.999997 -0.0744043 0.0424918 -0.175666
FixedParameters: 0 0 0

#Transform 118
Transform: AffineTransform_float_3_3
Parameters: 0.999999 -0.00059256 -0.00109166 0.000589415 0.999996 -0.00275166 0.00109358 0.00275134 0.999995 -0.067589 -0.0180699 -0.133229
FixedParameters: 0 0 0

#Transform 119
Transform: AffineTransform_float_3_3
Parameters: 0.999999 -0.000409113 -0.00134081 0.000405847 0.999998 -0.00195843 0.00134218 0.00195757 0.999997 -0.0695008 0.000268909 -0.16048
FixedParameters: 0 0 0

#Transform 120
Transform: AffineTransform_float_3_3
Parameters: 0.999999 -0.000282975 -0.00138559 0.000280451 0.999998 -0.00234429 0.00138645 0.00234471 0.999996 -0.0706377 0.0168688 -0.197611
FixedParameters: 0 0 0

#Transform 121
Transform: AffineTransform_float_3_3
Parameters: 0.999999 -0.000307716 -0.00138374 0.000304509 0.999997 -0.00219531 0.00138375 0.00219469 0.999996 -0.0747277 0.0148745 -0.223868
FixedParameters: 0 0 0

#Transform 122
Transform: AffineTransform_float_3_3
Parameters: 0.999999 -0.000462688 -0.00145437 0.000459584 0.999998 -0.00205257 0.00145493 0.00205243 0.999997 -0.0716152 0.0125723 -0.198004
FixedParameters: 0 0 0

#Transform 123
Transform: AffineTransform_float_3_3
Parameters: 1 -0.000325919 -0.00112286 0.00032262 0.999997 -0.00235238 0.00112416 0.00235262 0.999996 -0.0670773 0.00633685 -0.18517
FixedParameters: 0 0 0

#Transform 124
Transform: AffineTransform_float_3_3
Parameters: 0.999999 -6.45956e-05 -0.00149857 6.1485e-05 0.999997 -0.00236398 0.00149842 0.00236402 0.999996 -0.0576479 0.0101437 -0.175121
FixedParameters: 0 0 0

#Transform 125
Transform: AffineTransform_float_3_3
Parameters: 0.999998 -0.000523787 -0.00158012 0.000520772 0.999997 -0.00217561 0.00158095 0.00217539 0.999997 -0.0671402 0.00199834 -0.13399
FixedParameters: 0 0 0

#Transform 126
Transform: AffineTransform_float_3_3
Parameters: 0.999998 -0.000400279 -0.00159451 0.000397875 0.999998 -0.00196454 0.00159463 0.00196446 0.999996 -0.0578014 0.00718471 -0.06155
FixedParameters: 0 0 0

#Transform 127
Transform: AffineTransform_float_3_3
Parameters: 0.999999 -7.44264e-05 -0.00144701 7.31213e-05 0.999999 -0.00148099 0.00144689 0.00148101 0.999998 -0.0648696 -0.00254736 -0.0911741
FixedParameters: 0 0 0

#Transform 128
Transform: AffineTransform_float_3_3
Parameters: 0.999998 -0.000401739 -0.00159414 0.000397408 0.999996 -0.00288054 0.00159489 0.00288046 0.999994 -0.0705693 -0.00471817 -0.0830988
FixedParameters: 0 0 0

#Transform 129
Transform: AffineTransform_float_3_3
Parameters: 0.999998 -7.21408e-05 -0.00163267 6.73865e-05 0.999995 -0.00297788 0.00163252 0.00297712 0.999995 -0.064021 -0.023235 -0.0787361
FixedParameters: 0 0 0

#Transform 130
Transform: AffineTransform_float_3_3
Parameters: 0.999999 -6.1998e-05 -0.00136304 5.84675e-05 0.999995 -0.00315797 0.00136385 0.00315803 0.999994 -0.0708219 0.00133407 -0.0441657
FixedParameters: 0 0 0

#Transform 131
Transform: AffineTransform_float_3_3
Parameters: 0.999999 -5.77993e-07 -0.0013369 -2.94983e-06 0.999997 -0.00243487 0.00133655 0.00243413 0.999996 -0.0736471 0.0053294 -0.0857855
FixedParameters: 0 0 0

#Transform 132
Transform: AffineTransform_float_3_3
Parameters: 1 -1.27544e-05 -0.00118653 9.98793e-06 0.999996 -0.0028409 0.00118615 0.0028411 0.999996 -0.0777873 0.00338815 -0.0908093
FixedParameters: 0 0 0

#Transform 133
Transform: AffineTransform_float_3_3
Parameters: 0.999999 0.000141321 -0.00128301 -0.000145161 0.999996 -0.0026587 0.00128191 0.00265929 0.999995 -0.0686524 -0.00751574 -0.084797
FixedParameters: 0 0 0

#Transform 134
Transform: AffineTransform_float_3_3
Parameters: 1 -0.000112874 -0.00120706 0.000108872 0.999996 -0.00289202 0.00120736 0.00289198 0.999995 -0.0706649 0.0199816 -0.115715
FixedParameters: 0 0 0

#Transform 135
Transform: AffineTransform_float_3_3
Parameters: 0.999998 -0.000336336 -0.00160177 0.000331659 0.999995 -0.00297531 0.0016022 0.00297469 0.999995 -0.065536 0.0409045 -0.0830329
FixedParameters: 0 0 0

#Transform 136
Transform: AffineTransform_float_3_3
Parameters: 0.999998 0.000175532 -0.00166134 -0.000178631 0.999997 -0.00216248 0.00166111 0.00216352 0.999997 -0.0749839 0.0281894 -0.0997993
FixedParameters: 0 0 0

#Transform 137
Transform: AffineTransform_float_3_3
Parameters: 0.999998 0.000312826 -0.00167752 -0.000317551 0.999997 -0.00262735 0.0016764 0.00262766 0.999995 -0.0718876 0.0389607 -0.0613295
FixedParameters: 0 0 0

#Transform 138
Transform: AffineTransform_float_3_3
Parameters: 0.999999 0.000386044 -0.00152169 -0.000388544 0.999998 -0.0021654 0.00152055 0.0021656 0.999996 -0.0729597 0.0303382 -0.0816978
FixedParameters: 0 0 0

#Transform 139
Transform: AffineTransform_float_3_3
Parameters: 0.999998 0.00025329 -0.00167056 -0.000257859 0.999996 -0.00259133 0.00166978 0.00259166 0.999996 -0.0821019 -0.00404078 -0.0572052
FixedParameters: 0 0 0

#Transform 140
Transform: AffineTransform_float_3_3
Parameters: 0.999999 0.000337654 -0.0013674 -0.000341275 0.999996 -0.00281942 0.00136603 0.00282058 0.999995 -0.0432286 -0.00489084 0.0556477
FixedParameters: 0 0 0

#Transform 141
Transform: AffineTransform_float_3_3
Parameters: 0.999998 0.000366845 -0.00168369 -0.000370838 0.999997 -0.00240025 0.00168246 0.00240075 0.999996 -0.0469084 0.00554704 0.0205372
FixedParameters: 0 0 0

#Transform 142
Transform: AffineTransform_float_3_3
Parameters: 0.999998 7.21629e-05 -0.0016495 -7.73278e-05 0.999996 -0.00280475 0.00164962 0.00280425 0.999995 -0.0453555 0.0419424 0.0279651
FixedParameters: 0 0 0

#Transform 143
Transform: AffineTransform_float_3_3
Parameters: 0.999999 0.00041045 -0.00130442 -0.000413719 0.999996 -0.00282134 0.00130264 0.00282166 0.999995 -0.0408073 0.064661 0.0294773
FixedParameters: 0 0 0

#Transform 144
Transform: AffineTransform_float_3_3
Parameters: 0.999998 0.000366688 -0.00168372 -0.000370994 0.999997 -0.00249325 0.00168242 0.00249374 0.999995 -0.040431 0.0313411 -0.00725175
FixedParameters: 0 0 0

#Transform 145
Transform: AffineTransform_float_3_3
Parameters: 0.999999 0.000393203 -0.00145818 -0.000395874 0.999997 -0.0023183 0.00145689 0.0023187 0.999997 -0.0485535 0.0573996 0.0115342
FixedParameters: 0 0 0

#Transform 146
Transform: AffineTransform_float_3_3
Parameters: 0.999998 0.000335966 -0.00194112 -0.000341089 0.999995 -0.0028851 0.00193948 0.00288589 0.999994 -0.0368409 0.0646105 0.00515898
FixedParameters: 0 0 0

#Transform 147
Transform: AffineTransform_float_3_3
Parameters: 0.999998 0.000347946 -0.00184269 -0.000352518 0.999997 -0.00262023 0.00184128 0.00262077 0.999995 -0.049198 0.0180506 -0.0161999
FixedParameters: 0 0 0

#Transform 148
Transform: AffineTransform_float_3_3
Parameters: 0.999999 0.000351478 -0.00181385 -0.000355551 0.999996 -0.00252412 0.0018125 0.00252488 0.999995 -0.0486492 0.0160765 -0.0383237
FixedParameters: 0 0 0

#Transform 149
Transform: AffineTransform_float_3_3
Parameters: 0.999998 0.00037814 -0.00158152 -0.000381756 0.999996 -0.00278529 0.00158083 0.00278671 0.999995 -0.0411308 0.014654 0.00665482
FixedParameters: 0 0 0

#Transform 150
Transform: AffineTransform_float_3_3
Parameters: 0.999998 0.000320827 -0.00206537 -0.000326822 0.999995 -0.00319009 0.0020645 0.00319091 0.999993 -0.0570979 0.0071258 -0.0329811
FixedParameters: 0 0 0

#Transform 151
Transform: AffineTransform_float_3_3
Parameters: 0.999999 0.000165412 -0.0014139 -0.000170697 0.999995 -0.00331476 0.00141332 0.00331524 0.999993 -0.0507289 0.0111103 -0.00993783
FixedParameters: 0 0 0

#Transform 152
Transform: AffineTransform_float_3_3
Parameters: 0.999999 -7.63761e-05 -0.0013855 7.22647e-05 0.999995 -0.00291799 0.00138548 0.00291801 0.999995 -0.0643458 -0.0182626 0.0374524
FixedParameters: 0 0 0

#Transform 153
Transform: AffineTransform_float_3_3
Parameters: 0.999999 0.000143646 -0.00155711 -0.000147713 0.999997 -0.00261865 0.00155689 0.00261835 0.999996 -0.0689995 0.0608816 -0.0205143
FixedParameters: 0 0 0

#Transform 154
Transform: AffineTransform_float_3_3
Parameters: 0.999998 0.000178236 -0.0018656 -0.00018484 0.999993 -0.00366554 0.00186447 0.00366546 0.999991 -0.071303 -0.0179735 0.010783
FixedParameters: 0 0 0

#Transform 155
Transform: AffineTransform_float_3_3
Parameters: 0.999999 0.000363787 -0.00169306 -0.000369759 0.999994 -0.00359226 0.00169174 0.00359275 0.999992 -0.0623968 -0.00928276 0.0974123
FixedParameters: 0 0 0

#Transform 156
Transform: AffineTransform_float_3_3
Parameters: 0.999999 0.000243592 -0.00120418 -0.000245973 0.999998 -0.00227371 0.00120372 0.0022743 0.999996 -0.0690877 0.0252197 0.0389988
FixedParameters: 0 0 0

#Transform 157
Transform: AffineTransform_float_3_3
Parameters: 0.999999 0.000394144 -0.00144638 -0.00039765 0.999997 -0.00262641 0.00144484 0.00262659 0.999995 -0.0490542 0.00198978 0.0477358
FixedParameters: 0 0 0

#Transform 158
Transform: AffineTransform_float_3_3
Parameters: 0.999999 0.000199031 -0.00133495 -0.000202342 0.999997 -0.00239862 0.00133464 0.00239938 0.999996 -0.0654699 0.0336058 0.0637942
FixedParameters: 0 0 0

#Transform 159
Transform: AffineTransform_float_3_3
Parameters: 0.999998 9.90841e-05 -0.00171008 -0.000104068 0.999995 -0.0029426 0.00170991 0.0029434 0.999994 -0.0675052 0.0149562 0.0489806
FixedParameters: 0 0 0

#Transform 160
Transform: AffineTransform_float_3_3
Parameters: 0.999999 -1.8018e-05 -0.00147982 1.4201e-05 0.999998 -0.00229691 0.00147956 0.00229709 0.999997 -0.0540629 -0.0109345 0.0663888
FixedParameters: 0 0 0

#Transform 161
Transform: AffineTransform_float_3_3
Parameters: 0.999999 -2.52025e-05 -0.00153046 2.05497e-05 0.999995 -0.00314391 0.00153004 0.00314309 0.999994 -0.051602 0.0172283 0.0821788
FixedParameters: 0 0 0

#Transform 162
Transform: AffineTransform_float_3_3
Parameters: 0.999998 0.000187861 -0.00158071 -0.0001937 0.999994 -0.00348958 0.0015808 0.00349041 0.999992 -0.0553135 -0.0112352 0.0848324
FixedParameters: 0 0 0

#Transform 163
Transform: AffineTransform_float_3_3
Parameters: 0.999999 -0.000349877 -0.00143918 0.000345481 0.999997 -0.00252339 0.0014396 0.00252261 0.999996 -0.0481974 0.0165012 0.068265
FixedParameters: 0 0 0

#Transform 164
Transform: AffineTransform_float_3_3
Parameters: 1 1.73781e-05 -0.00117785 -2.02254e-05 0.999998 -0.00205285 0.00117755 0.00205215 0.999997 -0.0582816 0.0393834 0.0590027
FixedParameters: 0 0 0

#Transform 165
Transform: AffineTransform_float_3_3
Parameters: 0.999999 9.24082e-05 -0.00171765 -9.99906e-05 0.999992 -0.00397572 0.0017172 0.00397628 0.99999 -0.0579011 -0.00482194 0.08831
FixedParameters: 0 0 0

#Transform 166
Transform: AffineTransform_float_3_3
Parameters: 0.999998 -4.50693e-05 -0.00170129 3.97363e-05 0.999996 -0.00305996 0.00170198 0.00306004 0.999994 -0.0696062 0.0155606 0.0690688
FixedParameters: 0 0 0

#Transform 167
Transform: AffineTransform_float_3_3
Parameters: 0.999998 -3.22251e-05 -0.00158706 2.64338e-05 0.999995 -0.00338993 0.0015867 0.00339007 0.999993 -0.0571162 0.0221538 0.0982672
FixedParameters: 0 0 0

#Transform 168
Transform: AffineTransform_float_3_3
Parameters: 0.999997 0.000112676 -0.00212996 -0.000121706 0.999991 -0.00424651 0.00212894 0.00424649 0.999989 -0.0563761 -0.0238023 0.0600453
FixedParameters: 0 0 0

#Transform 169
Transform: AffineTransform_float_3_3
Parameters: 0.999997 0.000452819 -0.00257585 -0.00046619 0.999986 -0.00538546 0.00257329 0.00538655 0.999983 -0.0523475 -0.0680872 0.0789646
FixedParameters: 0 0 0

#Transform 170
Transform: AffineTransform_float_3_3
Parameters: 0.999997 0.000706968 -0.00263313 -0.000722583 0.999981 -0.00611676 0.00262853 0.00611924 0.999978 -0.0698038 0.00971409 0.0670814
FixedParameters: 0 0 0

#Transform 171
Transform: AffineTransform_float_3_3
Parameters: 0.999997 0.000748866 -0.00231707 -0.000758643 0.99999 -0.004354 0.00231335 0.004356 0.999988 -0.074125 -0.0180372 0.0257638
FixedParameters: 0 0 0

#Transform 172
Transform: AffineTransform_float_3_3
Parameters: 0.999995 0.000980947 -0.00303251 -0.000994673 0.999989 -0.00450662 0.00302809 0.00450938 0.999985 -0.0755262 -0.01132 0.00220741
FixedParameters: 0 0 0

#Transform 173
Transform: AffineTransform_float_3_3
Parameters: 0.999994 0.000964778 -0.00328425 -0.000983823 0.999982 -0.00591528 0.00327852 0.00591771 0.999977 -0.0725157 0.0088845 0.0225829
FixedParameters: 0 0 0

#Transform 174
Transform: AffineTransform_float_3_3
Parameters: 0.999995 0.000820241 -0.00301379 -0.000834564 0.999988 -0.00478002 0.00300926 0.00478298 0.999984 -0.082651 -0.0168803 -0.0330255
FixedParameters: 0 0 0

#Transform 175
Transform: AffineTransform_float_3_3
Parameters: 0.999995 0.000949335 -0.00302912 -0.000963688 0.999988 -0.0047796 0.00302435 0.0047824 0.999984 -0.0790572 -0.0348212 -0.049166
FixedParameters: 0 0 0

#Transform 176
Transform: AffineTransform_float_3_3
Parameters: 0.999997 0.000964642 -0.00246371 -0.000975501 0.999989 -0.00456235 0.00245957 0.00456465 0.999986 -0.0671044 -0.00406454 -0.00819138
FixedParameters: 0 0 0

#Transform 177
Transform: AffineTransform_float_3_3
Parameters: 0.999996 0.000875102 -0.00243559 -0.000884084 0.999994 -0.00336559 0.00243285 0.0033674 0.999991 -0.0694041 0.00993538 -0.0469405
FixedParameters: 0 0 0

#Transform 178
Transform: AffineTransform_float_3_3
Parameters: 0.999997 0.000824906 -0.00225497 -0.00083358 0.999993 -0.00378788 0.00225175 0.00379012 0.999991 -0.0881649 0.016687 -0.0523681
FixedParameters: 0 0 0

#Transform 179
Transform: AffineTransform_float_3_3
Parameters: 0.999996 0.000851896 -0.00260841 -0.000863925 0.999989 -0.0045325 0.00260534 0.0045345 0.999986 -0.0811169 -0.0333655 -0.00331497
FixedParameters: 0 0 0

#Transform 180
Transform: AffineTransform_float_3_3
Parameters: 0.999997 0.000884404 -0.00234285 -0.000893963 0.999991 -0.00407067 0.00233956 0.00407333 0.999989 -0.0708494 -0.0215559 0.0153476
FixedParameters: 0 0 0

#Transform 181
Transform: AffineTransform_float_3_3
Parameters: 0.999997 0.000920784 -0.00204532 -0.00092837 0.999993 -0.00342386 0.00204228 0.00342614 0.999992 -0.0904525 -0.0111187 0.0330738
FixedParameters: 0 0 0

#Transform 182
Transform: AffineTransform_float_3_3
Parameters: 0.999998 0.000941709 -0.00186845 -0.000947747 0.999994 -0.0033341 0.00186544 0.0033359 0.999993 -0.0993943 0.00407783 0.0211036
FixedParameters: 0 0 0

#Transform 183
Transform: AffineTransform_float_3_3
Parameters: 0.999997 0.000898192 -0.00223325 -0.000907178 0.999992 -0.00367173 0.00222981 0.00367426 0.999991 -0.0722705 0.00258528 0.0121514
FixedParameters: 0 0 0

#Transform 184
Transform: AffineTransform_float_3_3
Parameters: 0.999998 0.000785582 -0.00213983 -0.000791383 0.999995 -0.00306106 0.00213719 0.00306294 0.999993 -0.0835472 -0.00488925 0.0951688
FixedParameters: 0 0 0

#Transform 185
Transform: AffineTransform_float_3_3
Parameters: 0.999998 0.000939539 -0.00188543 -0.000946072 0.999994 -0.00343619 0.00188224 0.00343681 0.999992 -0.0771073 0.0644842 0.0325106
FixedParameters: 0 0 0

#Transform 186
Transform: AffineTransform_float_3_3
Parameters: 0.999998 0.000631956 -0.00222828 -0.000637953 0.999996 -0.00273435 0.00222611 0.00273665 0.999994 -0.059588 0.0182531 0.0720826
FixedParameters: 0 0 0

#Transform 187
Transform: AffineTransform_float_3_3
Parameters: 0.999997 0.000572744 -0.00213407 -0.000578647 0.999995 -0.00309252 0.0021327 0.00309348 0.999993 -0.0673465 0.0545124 0.102859
FixedParameters: 0 0 0

#Transform 188
Transform: AffineTransform_float_3_3
