#Insight Transform File V1.0
#Transform 0
Transform: AffineTransform_float_3_3
Parameters: 1 0.00027226 4.85613e-05 -0.00027227 1 0.000110248 -4.85012e-05 -0.000110274 1 0.00148909 -0.0625122 0.0212287
FixedParameters: 0 0 0

#Transform 1
Transform: AffineTransform_float_3_3
Parameters: 1 0.000299435 -1.92554e-05 -0.000299421 1 0.000359851 1.94709e-05 -0.00035984 1 -0.00135246 -0.0158248 0.0084397
FixedParameters: 0 0 0

#Transform 2
Transform: AffineTransform_float_3_3
Parameters: 1 0.000273402 -1.76812e-05 -0.000273402 1 -3.8208e-06 1.76791e-05 3.83047e-06 1 -0.0101869 -0.00629093 0.0166661
FixedParameters: 0 0 0

#Transform 3
Transform: AffineTransform_float_3_3
Parameters: 1 0.000450673 -2.90606e-05 -0.000450662 1 0.000183726 2.92262e-05 -0.000183699 1 -0.00510871 -0.0369166 0.00903648
FixedParameters: 0 0 0

#Transform 4
Transform: AffineTransform_float_3_3
Parameters: 1 6.52252e-06 7.07268e-05 -6.54233e-06 1 0.000139986 -7.0725e-05 -0.000139987 1 -0.0113324 -0.0168342 0.0255525
FixedParameters: 0 0 0

#Transform 5
Transform: AffineTransform_float_3_3
Parameters: 1 6.45323e-06 9.97916e-05 -6.45323e-06 1 -6.47316e-10 -9.97916e-05 -6.40646e-10 1 -0.00688725 -0.00636096 0.012386
FixedParameters: 0 0 0

#Transform 6
Transform: AffineTransform_float_3_3
Parameters: 1 0.000254444 -1.6455e-05 -0.000254444 1 -3.55617e-06 1.64532e-05 3.56454e-06 1 -0.00168799 -0.0324945 0.0120364
FixedParameters: 0 0 0

#Transform 7
Transform: AffineTransform_float_3_3
Parameters: 1 0.000225946 -1.45886e-05 -0.000225943 1 9.98518e-05 1.46337e-05 -9.98452e-05 1 -0.00692084 -0.0225527 0.0152301
FixedParameters: 0 0 0

#Transform 8
Transform: AffineTransform_float_3_3
Parameters: 1 0.000116034 -7.5097e-06 -0.000116035 1 -5.26277e-05 7.49749e-06 5.26295e-05 1 -0.0147 0.0104157 0.0339584
FixedParameters: 0 0 0

#Transform 9
Transform: AffineTransform_float_3_3
Parameters: 1 1.37938e-06 -8.90603e-08 -1.37937e-06 1 9.89903e-05 8.93334e-08 -9.89903e-05 1 -0.0180216 -0.0256036 0.0153555
FixedParameters: 0 0 0

#Transform 10
Transform: AffineTransform_float_3_3
Parameters: 1 1.27278e-05 0.000131454 -1.28079e-05 1 0.000304969 -0.000131446 -0.000304972 1 -0.00106588 -0.0181951 0.00956531
FixedParameters: 0 0 0

#Transform 11
Transform: AffineTransform_float_3_3
Parameters: 1 1.04499e-06 -6.7495e-08 -1.04498e-06 1 7.49927e-05 6.76517e-08 -7.49927e-05 1 -0.000891213 0.00188323 0.0638358
FixedParameters: 0 0 0

#Transform 12
Transform: AffineTransform_float_3_3
Parameters: 1 1.1383e-05 9.84725e-05 -1.14541e-05 1 0.000360964 -9.84643e-05 -0.000360966 1 -0.000772722 -0.0281902 0.0084111
FixedParameters: 0 0 0

#Transform 13
Transform: AffineTransform_float_3_3
Parameters: 1 6.14466e-06 -3.94622e-07 -6.14431e-06 1 0.000440957 4.00041e-07 -0.000440957 1 -4.6297e-06 -0.0217588 0.00173927
FixedParameters: 0 0 0

#Transform 14
Transform: AffineTransform_float_3_3
Parameters: 1 8.95508e-06 6.65624e-05 -8.99954e-06 1 0.000333967 -6.65564e-05 -0.000333968 1 -0.000889765 -0.00888161 0.0293663
FixedParameters: 0 0 0

#Transform 15
Transform: AffineTransform_float_3_3
Parameters: 1 8.31207e-05 -5.34955e-06 -8.31174e-05 1 0.000306867 5.40056e-06 -0.000306866 1 0.00193767 -0.0211177 0.00234051
FixedParameters: 0 0 0

#Transform 16
Transform: AffineTransform_float_3_3
Parameters: 1 6.54183e-20 -2.08885e-18 -6.36212e-20 1 1.36722e-17 6.86061e-19 -1.92551e-17 1 -0.000152007 -0.0179635 0.0120703
FixedParameters: 0 0 0

#Transform 17
Transform: AffineTransform_float_3_3
Parameters: 1 9.07196e-06 0.000101627 -9.10854e-06 1 0.000179982 -0.000101624 -0.000179983 1 -0.000772962 -0.0304616 0.00522801
FixedParameters: 0 0 0

#Transform 18
Transform: AffineTransform_float_3_3
Parameters: 1 8.3568e-06 8.36357e-05 -8.39225e-06 1 0.000211979 -8.36321e-05 -0.00021198 1 -0.00106659 0.000719121 0.0330652
FixedParameters: 0 0 0

#Transform 19
Transform: AffineTransform_float_3_3
Parameters: 1 -5.51777e-05 -4.75384e-05 5.51777e-05 1 7.23412e-07 4.75383e-05 -7.28658e-07 1 -0.00124118 0.00593899 0.0220166
FixedParameters: 0 0 0

#Transform 20
Transform: AffineTransform_float_3_3
Parameters: 1 -0.00011796 7.59584e-06 0.000117956 1 0.000272678 -7.66017e-06 -0.000272676 1 0.000645048 0.0138857 0.00553005
FixedParameters: 0 0 0

#Transform 21
Transform: AffineTransform_float_3_3
Parameters: 1 2.29898e-06 -1.48282e-07 -2.29893e-06 1 0.000164984 1.49041e-07 -0.000164984 1 -0.000114578 -0.000603266 0.00826167
FixedParameters: 0 0 0

#Transform 22
Transform: AffineTransform_float_3_3
Parameters: 1 6.54183e-20 -2.08885e-18 -6.36212e-20 1 1.36722e-17 6.86061e-19 -1.92551e-17 1 -0.00827181 0.017397 0.0200477
FixedParameters: 0 0 0

#Transform 23
Transform: AffineTransform_float_3_3
Parameters: 1 5.15536e-06 -3.31455e-07 -5.15511e-06 1 0.000369964 3.35269e-07 -0.000369964 1 -0.0124429 0.0156558 0.0212827
FixedParameters: 0 0 0

#Transform 24
Transform: AffineTransform_float_3_3
Parameters: 1 -1.24004e-06 8.02974e-08 1.24005e-06 1 -8.89913e-05 -8.00767e-08 8.89913e-05 1 -0.000202241 0.0183741 0.0133256
FixedParameters: 0 0 0

#Transform 25
Transform: AffineTransform_float_3_3
Parameters: 1 0.000101842 -0.000207004 -0.000101843 1 -1.58456e-06 0.000207003 1.62673e-06 1 0.000514942 -0.0166599 0.0143376
FixedParameters: 0 0 0

#Transform 26
Transform: AffineTransform_float_3_3
Parameters: 1 -1.33181e-05 -0.000217594 1.33411e-05 1 5.29919e-05 0.000217593 -5.29977e-05 1 0.00135882 0.0149415 0.0111264
FixedParameters: 0 0 0

#Transform 27
Transform: AffineTransform_float_3_3
Parameters: 1 7.6035e-05 -4.91048e-06 -7.60342e-05 1 8.49448e-05 4.92339e-06 -8.49441e-05 1 0.00134697 0.0160109 0.0360601
FixedParameters: 0 0 0

#Transform 28
Transform: AffineTransform_float_3_3
Parameters: 1 6.54183e-20 -2.08885e-18 -6.36212e-20 1 1.36722e-17 6.86061e-19 -1.92551e-17 1 -0.000410292 0.0164059 0.0283836
FixedParameters: 0 0 0

#Transform 29
Transform: AffineTransform_float_3_3
Parameters: 1 2.43832e-06 -1.57245e-07 -2.43826e-06 1 0.000174983 1.58098e-07 -0.000174983 1 -0.00246844 -0.00876919 0.0257017
FixedParameters: 0 0 0

#Transform 30
Transform: AffineTransform_float_3_3
Parameters: 1 1.30972e-06 -8.45689e-08 -1.3097e-06 1 9.39908e-05 8.48151e-08 -9.39908e-05 1 -0.000162989 0.00178489 0.0115814
FixedParameters: 0 0 0

#Transform 31
Transform: AffineTransform_float_3_3
Parameters: 1 5.01602e-06 -3.22547e-07 -5.01579e-06 1 0.000359965 3.26158e-07 -0.000359965 1 -0.000287326 0.0133081 0.0197593
FixedParameters: 0 0 0

#Transform 32
Transform: AffineTransform_float_3_3
Parameters: 1 3.17679e-06 -2.04699e-07 -3.17669e-06 1 0.000227978 2.06147e-07 -0.000227978 1 -0.000332715 0.0144629 0.0229419
FixedParameters: 0 0 0

#Transform 33
Transform: AffineTransform_float_3_3
Parameters: 1 2.68912e-06 -1.7337e-07 -2.68905e-06 1 0.000192981 1.74408e-07 -0.000192981 1 -0.000274315 0.0144372 0.0187526
FixedParameters: 0 0 0

#Transform 34
Transform: AffineTransform_float_3_3
Parameters: 1 7.10589e-07 -4.59137e-08 -7.10585e-07 1 5.0995e-05 4.59861e-08 -5.0995e-05 1 -0.00426981 -0.0141506 0.0107044
FixedParameters: 0 0 0

#Transform 35
Transform: AffineTransform_float_3_3
Parameters: 1 0.000156457 -1.00527e-05 -0.000156449 1 0.000412853 1.01819e-05 -0.00041285 1 -0.00666049 -0.00340132 -0.0031201
FixedParameters: 0 0 0

#Transform 36
Transform: AffineTransform_float_3_3
Parameters: 1 1.49781e-06 -8.32668e-05 -1.41638e-06 1 0.000488952 8.32683e-05 -0.000488952 1 -0.00930998 0.0109212 -0.00252311
FixedParameters: 0 0 0

#Transform 37
Transform: AffineTransform_float_3_3
Parameters: 1 -4.34643e-06 -0.000138006 4.43585e-06 1 0.000323968 0.000138003 -0.000323969 1 -0.0129248 0.0160676 0.0101322
FixedParameters: 0 0 0

#Transform 38
Transform: AffineTransform_float_3_3
Parameters: 1 0.000191904 -1.23094e-05 -0.000191891 1 0.000521368 1.25095e-05 -0.000521363 1 -0.00984737 0.00972394 -0.00532874
FixedParameters: 0 0 0

#Transform 39
Transform: AffineTransform_float_3_3
Parameters: 1 0.000211458 -0.00014987 -0.000211337 1 0.00040199 0.000150039 -0.000401927 1 -0.000950943 0.010845 0.000311539
FixedParameters: 0 0 0

#Transform 40
Transform: AffineTransform_float_3_3
Parameters: 1 0.000213484 -0.000268184 -0.000213198 1 0.000655906 0.000267467 -0.000655794 0.999999 -0.00385511 0.0087953 -0.00259605
FixedParameters: 0 0 0

#Transform 41
Transform: AffineTransform_float_3_3
Parameters: 1 0.000292509 -0.000196209 -0.000292411 1 0.00024983 0.000196355 -0.000249715 1 -0.00687114 0.012462 0.0148661
FixedParameters: 0 0 0

#Transform 42
Transform: AffineTransform_float_3_3
Parameters: 1 0.000121804 -0.000198213 -0.000121627 1 0.000447193 0.000198322 -0.000447145 1 -0.0105128 0.018238 0.000733699
FixedParameters: 0 0 0

#Transform 43
Transform: AffineTransform_float_3_3
Parameters: 1 0.000284475 -0.000346032 -0.000284369 1 0.000152839 0.000346119 -0.000152642 1 -0.00164076 0.0127495 0.00904464
FixedParameters: 0 0 0

#Transform 44
Transform: AffineTransform_float_3_3
Parameters: 1 0.000318097 -0.000144696 -0.000318044 1 0.000407523 0.000143957 -0.000407433 1 -0.0068001 0.00405007 -0.00771776
FixedParameters: 0 0 0

#Transform 45
Transform: AffineTransform_float_3_3
Parameters: 1 -1.5338e-05 -0.000348733 1.56888e-05 1 0.000502945 0.000348718 -0.000502956 1 -0.012878 0.0180567 0.0115081
FixedParameters: 0 0 0

#Transform 46
Transform: AffineTransform_float_3_3
Parameters: 1 0.000418819 -0.000184205 -0.000418628 1 0.000480128 0.000184606 -0.000480965 1 -0.00375928 0.0222514 0.0177986
FixedParameters: 0 0 0

#Transform 47
Transform: AffineTransform_float_3_3
Parameters: 1 0.00026106 -0.000295275 -0.000261648 0.999999 0.000669232 0.000295689 -0.000670083 1 -0.00642996 0.0337151 0.00683005
FixedParameters: 0 0 0

#Transform 48
Transform: AffineTransform_float_3_3
Parameters: 1 0.000267763 -0.000450966 -0.000268057 0.999999 0.000853057 0.00045049 -0.000852831 0.999999 -0.00703991 0.0270311 -0.0088033
FixedParameters: 0 0 0

#Transform 49
Transform: AffineTransform_float_3_3
Parameters: 1 0.000274334 -0.000451521 -0.000273966 1 0.000407937 0.000451744 -0.000407689 1 -0.00563079 -0.00859089 0.0201804
FixedParameters: 0 0 0

#Transform 50
Transform: AffineTransform_float_3_3
Parameters: 1 8.85023e-07 -0.000131325 -7.1064e-07 1 0.000663935 0.000131326 -0.000663935 1 0.0227518 0.00690765 0.0471962
FixedParameters: 0 0 0

#Transform 51
Transform: AffineTransform_float_3_3
Parameters: 1 -5.80791e-06 -8.98124e-05 5.80791e-06 1 -5.18618e-10 8.98124e-05 -5.24621e-10 1 -0.00874544 0.0419688 0.0528475
FixedParameters: 0 0 0

#Transform 52
Transform: AffineTransform_float_3_3
Parameters: 1 1.50191e-06 -2.81548e-05 -1.48856e-06 1 0.000236977 2.81555e-05 -0.000236977 1 -0.0126172 -0.00209577 0.0242205
FixedParameters: 0 0 0

#Transform 53
Transform: AffineTransform_float_3_3
Parameters: 1 0.000192931 -8.75032e-05 -0.000192882 1 0.000652313 8.67573e-05 -0.000652281 1 -0.0119607 0.000736614 -0.000553705
FixedParameters: 0 0 0

#Transform 54
Transform: AffineTransform_float_3_3
Parameters: 1 8.51723e-05 -0.000185884 -8.51728e-05 1 -1.33849e-06 0.000185884 1.37016e-06 1 -0.00125485 0.022695 0.0380972
FixedParameters: 0 0 0

#Transform 55
Transform: AffineTransform_float_3_3
Parameters: 1 0.00025437 -0.000134537 -0.000254207 1 0.000603428 0.000134844 -0.00060336 1 0.00332954 0.0201927 0.0414946
FixedParameters: 0 0 0

#Transform 56
Transform: AffineTransform_float_3_3
Parameters: 1 -9.55417e-06 -0.000259922 9.81874e-06 1 0.000508948 0.000259912 -0.000508953 1 -0.00658249 0.031498 0.0273506
FixedParameters: 0 0 0

#Transform 57
Transform: AffineTransform_float_3_3
Parameters: 1 3.08594e-07 -0.000192409 3.7325e-08 0.999999 0.000898912 0.00019241 -0.000898912 0.999999 -0.00264966 0.0223603 0.0181485
FixedParameters: 0 0 0

#Transform 58
Transform: AffineTransform_float_3_3
Parameters: 1 -2.87199e-06 -0.000142108 2.99902e-06 1 0.000446956 0.000142105 -0.000446957 1 -0.00706708 0.0180702 0.0462058
FixedParameters: 0 0 0

#Transform 59
Transform: AffineTransform_float_3_3
Parameters: 1 -2.01201e-07 -0.000260525 8.07894e-07 1 0.00116789 0.000260496 -0.00116789 1 0.00482285 0.0314993 0.011413
FixedParameters: 0 0 0

#Transform 60
Transform: AffineTransform_float_3_3
Parameters: 1 -3.70633e-06 -0.000260291 4.18573e-06 0.999999 0.000920908 0.000260284 -0.00092091 0.999999 -0.00140091 0.042276 0.0520855
FixedParameters: 0 0 0

#Transform 61
Transform: AffineTransform_float_3_3
Parameters: 1 0.000270289 -0.000277806 -0.000269873 0.999999 0.000747134 0.00027821 -0.000746984 0.999999 0.00774095 0.00656361 0.0376387
FixedParameters: 0 0 0

#Transform 62
Transform: AffineTransform_float_3_3
Parameters: 1 -1.47458e-06 -0.000160233 1.67581e-06 1 0.000627938 0.000160231 -0.000627939 1 -0.00420712 0.0187421 0.0364681
FixedParameters: 0 0 0

#Transform 63
Transform: AffineTransform_float_3_3
Parameters: 1 -4.41311e-08 -0.000122248 1.80302e-07 1 0.000556946 0.000122247 -0.000556946 1 0.00138921 0.0312492 0.029893
FixedParameters: 0 0 0

#Transform 64
Transform: AffineTransform_float_3_3
Parameters: 1 1.33854e-06 -0.000125341 -1.17084e-06 1 0.000668935 0.000125343 -0.000668934 1 0.0105583 0.0315898 0.0463754
FixedParameters: 0 0 0

#Transform 65
Transform: AffineTransform_float_3_3
Parameters: 1 -5.01812e-05 -6.59323e-05 5.02769e-05 0.999999 0.000725708 6.58594e-05 -0.000725714 0.999999 0.00685839 0.0643616 0.039982
FixedParameters: 0 0 0

#Transform 66
Transform: AffineTransform_float_3_3
Parameters: 1 -1.7626e-06 -0.000260427 2.31178e-06 1 0.0010579 0.000260395 -0.0010579 1 0.0110523 0.0475273 0.0208156
FixedParameters: 0 0 0

#Transform 67
Transform: AffineTransform_float_3_3
Parameters: 1 4.638e-05 -0.000263523 -4.62213e-05 1 0.000301159 0.000263551 -0.000301135 1 0.00962221 0.0480995 0.0548077
FixedParameters: 0 0 0

#Transform 68
Transform: AffineTransform_float_3_3
Parameters: 1 -5.11154e-06 -0.000260203 5.53927e-06 0.999999 0.000821918 0.000260194 -0.000821921 0.999999 0.00313704 0.0513246 0.0203226
FixedParameters: 0 0 0

#Transform 69
Transform: AffineTransform_float_3_3
Parameters: 1 8.80289e-05 -0.000113849 -8.78641e-05 0.999999 0.000723752 0.000113976 -0.000723732 0.999999 0.00562066 0.0246147 0.0310012
FixedParameters: 0 0 0

#Transform 70
Transform: AffineTransform_float_3_3
Parameters: 1 2.45729e-06 -0.000162485 -2.15964e-06 0.999999 0.00091591 0.00016249 -0.00091591 0.999999 0.00455049 0.0282119 0.0406136
FixedParameters: 0 0 0

#Transform 71
Transform: AffineTransform_float_3_3
Parameters: 1 0.000102278 -0.000267071 -0.00010289 0.999999 0.000723421 0.000267284 -0.00072338 0.999999 0.00308462 0.0360318 0.0451144
FixedParameters: 0 0 0

#Transform 72
Transform: AffineTransform_float_3_3
Parameters: 1 -6.48835e-06 -0.000260116 6.86548e-06 0.999999 0.000724927 0.000260106 -0.000724931 0.999999 0.00437129 0.0491242 0.0635065
FixedParameters: 0 0 0

#Transform 73
Transform: AffineTransform_float_3_3
Parameters: 1 4.34047e-05 -0.000263306 -4.30233e-05 0.999999 0.000724242 0.000263369 -0.000724219 0.999999 0.0112044 0.0348074 0.0529914
FixedParameters: 0 0 0

#Transform 74
Transform: AffineTransform_float_3_3
Parameters: 1 0.000106439 -0.000267315 -0.000105897 1 0.00101641 0.000267503 -0.00101635 1 0.0131648 0.0425874 0.0376861
FixedParameters: 0 0 0

#Transform 75
Transform: AffineTransform_float_3_3
Parameters: 1 1.12505e-05 1.73174e-05 -1.12756e-05 0.999999 0.000724929 -1.73011e-05 -0.000724929 0.999999 0.00461862 0.0454987 0.0434045
FixedParameters: 0 0 0

#Transform 76
Transform: AffineTransform_float_3_3
Parameters: 1 -1.13149e-05 -0.000401105 1.2128e-05 0.999999 0.00101596 0.000401054 -0.00101584 1 0.00280548 0.0431353 0.0380961
FixedParameters: 0 0 0

#Transform 77
Transform: AffineTransform_float_3_3
Parameters: 1 0.000288902 -0.000278889 -0.000288266 1 0.00114392 0.000279521 -0.00114376 1 -0.000610742 0.0817526 0.0529544
FixedParameters: 0 0 0

#Transform 78
Transform: AffineTransform_float_3_3
Parameters: 1 0.000427881 -0.000287552 -0.000427012 0.999999 0.00151205 0.000288817 -0.00151181 0.999999 -0.00242279 -0.00778814 0.0497663
FixedParameters: 0 0 0

#Transform 79
Transform: AffineTransform_float_3_3
Parameters: 1 0.000589519 -0.00029789 -0.000588746 0.999999 0.00129782 0.000299391 -0.00129747 0.999999 -0.00950015 0.0878901 0.10543
FixedParameters: 0 0 0

#Transform 80
Transform: AffineTransform_float_3_3
Parameters: 0.999999 0.000745075 -0.000385592 -0.000744824 0.999999 0.00170165 0.000387166 -0.00170122 0.999998 -0.00513648 -0.0285681 0.102785
FixedParameters: 0 0 0

#Transform 81
Transform: AffineTransform_float_3_3
Parameters: 1 0.000471169 -0.000436764 -0.000471175 0.999999 0.00113635 0.000437871 -0.00113595 1 -0.0102634 0.0541767 0.0494226
FixedParameters: 0 0 0

#Transform 82
Transform: AffineTransform_float_3_3
Parameters: 1 0.000495625 -0.000291835 -0.000494748 0.999998 0.00150313 0.000293295 -0.00150284 0.999999 -0.0010823 0.0198181 0.0559807
FixedParameters: 0 0 0

#Transform 83
Transform: AffineTransform_float_3_3
Parameters: 1 0.000493918 -0.000291788 -0.000493111 0.999999 0.00138314 0.000293125 -0.00138285 0.999999 -0.00552536 0.0586675 0.0825575
FixedParameters: 0 0 0

#Transform 84
Transform: AffineTransform_float_3_3
Parameters: 1 0.000490419 -0.000291693 -0.000489742 0.999999 0.00113617 0.000292778 -0.00113687 1 0.00452873 0.0732469 0.0878092
FixedParameters: 0 0 0

#Transform 85
Transform: AffineTransform_float_3_3
Parameters: 1 0.000358618 -0.000283241 -0.000358855 0.999999 0.00134397 0.000284242 -0.00134378 0.999999 -0.00100842 0.0722915 0.0674948
FixedParameters: 0 0 0

#Transform 86
Transform: AffineTransform_float_3_3
Parameters: 1 0.000489579 -0.000291669 -0.000488951 1 0.00107817 0.000292696 -0.00107788 1 0.00164969 0.0751468 0.0668547
FixedParameters: 0 0 0

#Transform 87
Transform: AffineTransform_float_3_3
Parameters: 1 0.000237812 -0.000482079 -0.000236784 1 0.00106748 0.000482558 -0.00106725 1 -0.012512 0.0761158 0.064543
FixedParameters: 0 0 0

#Transform 88
Transform: AffineTransform_float_3_3
Parameters: 1 0.000404675 -0.000506823 -0.000404865 0.999999 0.000796179 0.000507532 -0.000795782 0.999999 0.0042543 0.101456 0.106606
FixedParameters: 0 0 0

#Transform 89
Transform: AffineTransform_float_3_3
Parameters: 1 0.000322742 -0.000280791 -0.000321671 0.999998 0.00190953 0.000281966 -0.00190935 0.999998 -0.00419375 0.123375 0.118173
FixedParameters: 0 0 0

#Transform 90
Transform: AffineTransform_float_3_3
Parameters: 1 0.000488313 -0.000291633 -0.000487737 1 0.000989177 0.000292571 -0.000988892 1 0.00409236 0.0957511 0.117809
FixedParameters: 0 0 0

#Transform 91
Transform: AffineTransform_float_3_3
Parameters: 1 0.000143745 -0.000424988 -0.000143807 1 0.00110278 0.000425342 -0.00110267 1 -0.00249501 0.0943831 0.0877845
FixedParameters: 0 0 0

#Transform 92
Transform: AffineTransform_float_3_3
Parameters: 1 0.000244959 -0.000523683 -0.000244147 0.999999 0.000775324 0.000524063 -0.000775067 0.999999 0.000426546 0.0981528 0.114629
FixedParameters: 0 0 0

#Transform 93
Transform: AffineTransform_float_3_3
Parameters: 1 0.00030156 -0.000279775 -0.00030109 0.999999 0.000840715 0.000280282 -0.000840546 0.999999 -0.000403993 0.0976068 0.116489
FixedParameters: 0 0 0

#Transform 94
Transform: AffineTransform_float_3_3
Parameters: 0.999999 0.000470667 -0.000563073 -0.000469582 1 0.000964301 0.000563952 -0.000963772 1 0.00624602 0.109465 0.102519
FixedParameters: 0 0 0

#Transform 95
Transform: AffineTransform_float_3_3
Parameters: 0.999999 0.000475627 -0.000525223 -0.00047443 0.999999 0.00114027 0.000526278 -0.00113977 0.999999 0.00627619 0.0899702 0.0810703
FixedParameters: 0 0 0

#Transform 96
Transform: AffineTransform_float_3_3
Parameters: 1 0.000354645 -0.000534495 -0.000354214 0.999999 0.00133789 0.00053548 -0.00133753 0.999999 0.00326926 0.0686431 0.0927317
FixedParameters: 0 0 0

#Transform 97
Transform: AffineTransform_float_3_3
Parameters: 1 0.000492126 -0.000291739 -0.000491393 0.999999 0.00125715 0.000292948 -0.00125686 0.999999 -0.00348031 0.0890761 0.126158
FixedParameters: 0 0 0

#Transform 98
Transform: AffineTransform_float_3_3
Parameters: 0.999999 0.000517815 -0.000681326 -0.000516543 1 0.000934624 0.000682265 -0.000933919 1 0.00522509 0.0513544 0.113247
FixedParameters: 0 0 0

#Transform 99
Transform: AffineTransform_float_3_3
Parameters: 0.999999 0.000461717 -0.000661781 -0.000460682 0.999999 0.000782358 0.000662502 -0.000781747 0.999999 0.00700116 0.0518876 0.100709
FixedParameters: 0 0 0

#Transform 100
Transform: AffineTransform_float_3_3
Parameters: 1 0.000483179 -0.000424458 -0.000482143 0.999999 0.00122022 0.000425608 -0.00121981 0.999999 0.00531171 0.0755458 0.100227
FixedParameters: 0 0 0

#Transform 101
Transform: AffineTransform_float_3_3
Parameters: 0.999999 0.000466985 -0.000641953 -0.000465617 1 0.00105533 0.000642908 -0.00105572 1 0.00696947 0.0685859 0.0927817
FixedParameters: 0 0 0

#Transform 102
Transform: AffineTransform_float_3_3
Parameters: 1 0.000483933 -0.000501459 -0.000482384 0.999998 0.00161021 0.000501989 -0.00160973 0.999998 0.00646095 0.061471 0.0541436
FixedParameters: 0 0 0

#Transform 103
Transform: AffineTransform_float_3_3
Parameters: 0.999999 0.000474199 -0.000612163 -0.000473509 0.999999 0.00142027 0.000612547 -0.0014207 0.999999 0.00713452 0.0426352 0.0642694
FixedParameters: 0 0 0

#Transform 104
Transform: AffineTransform_float_3_3
Parameters: 0.999999 0.000480485 -0.000539355 -0.000479891 0.999998 0.00153722 0.00053987 -0.00153672 0.999998 0.00679983 0.0709979 0.0500275
FixedParameters: 0 0 0

#Transform 105
Transform: AffineTransform_float_3_3
Parameters: 1 0.000481592 -0.000496397 -0.000480163 0.999999 0.00142523 0.000497739 -0.00142575 0.999999 0.00403855 0.0774976 0.0635123
FixedParameters: 0 0 0

#Transform 106
Transform: AffineTransform_float_3_3
Parameters: 0.999999 0.000468417 -0.000744986 -0.000467086 0.999998 0.00159838 0.000745491 -0.00159856 0.999999 0.00803063 0.0764131 0.0660507
FixedParameters: 0 0 0

#Transform 107
Transform: AffineTransform_float_3_3
Parameters: 1 0.000426827 -0.000287675 -0.0004272 1 0.00108701 0.00028864 -0.00108678 1 0.00321018 0.0809779 0.0764132
FixedParameters: 0 0 0

#Transform 108
Transform: AffineTransform_float_3_3
Parameters: 0.999999 0.000463802 -0.000653858 -0.000462705 1 0.000890346 0.000653657 -0.000889742 1 0.00740318 0.0478952 0.0654108
FixedParameters: 0 0 0

#Transform 109
Transform: AffineTransform_float_3_3
Parameters: 1 0.00048241 -0.000291452 -0.000482062 0.999999 0.000573219 0.000292004 -0.000573929 1 0.00451259 0.0783592 0.0891424
FixedParameters: 0 0 0

#Transform 110
Transform: AffineTransform_float_3_3
Parameters: 1 0.00048241 -0.000291452 -0.000482062 0.999999 0.000573219 0.000292004 -0.000573929 1 -0.000219866 0.0597748 0.106571
FixedParameters: 0 0 0

#Transform 111
Transform: AffineTransform_float_3_3
Parameters: 0.999999 0.0005201 -0.000594483 -0.000520402 0.999999 0.000572578 0.000595143 -0.000572964 0.999999 0.0078504 0.0822629 0.106463
FixedParameters: 0 0 0

#Transform 112
Transform: AffineTransform_float_3_3
Parameters: 1 0.00043152 -0.00028819 -0.000431175 0.999999 0.000573914 0.000288684 -0.000574657 1 0.00326662 0.061279 0.0878828
FixedParameters: 0 0 0

#Transform 113
Transform: AffineTransform_float_3_3
Parameters: 0.999999 0.000460406 -0.000548759 -0.000460179 1 0.000193368 0.000548936 -0.000193854 1 0.00642794 0.0742871 0.0823609
FixedParameters: 0 0 0

#Transform 114
Transform: AffineTransform_float_3_3
Parameters: 0.999999 0.000466321 -0.000637934 -0.000465107 1 0.000992334 0.000637832 -0.000992733 1 0.00692077 0.0871155 0.0901739
FixedParameters: 0 0 0

#Transform 115
Transform: AffineTransform_float_3_3
Parameters: 0.999999 0.000460266 -0.000601747 -0.000459827 1 0.000419365 0.000601135 -0.000418813 0.999999 0.00644525 0.0857486 0.1035
FixedParameters: 0 0 0

#Transform 116
Transform: AffineTransform_float_3_3
Parameters: 1 0.00025072 -0.000592247 -0.000250088 1 0.000576185 0.000591538 -0.000576882 0.999999 0.0105371 0.0914545 0.105941
FixedParameters: 0 0 0

#Transform 117
Transform: AffineTransform_float_3_3
Parameters: 1 6.91731e-05 -0.000530383 -6.8957e-05 0.999998 0.00208779 0.000530744 -0.00208774 0.999997 0.012886 0.123429 0.0669188
FixedParameters: 0 0 0

#Transform 118
Transform: AffineTransform_float_3_3
Parameters: 1 7.56617e-05 -0.000434684 -7.46639e-05 1 0.00114971 0.000434829 -0.00114964 0.999999 0.0172037 0.0846047 0.0820164
FixedParameters: 0 0 0

#Transform 119
Transform: AffineTransform_float_3_3
Parameters: 1 2.49974e-05 -0.000616843 -2.46642e-05 1 0.00108021 0.000616934 -0.0010802 0.999999 0.0166908 0.04486 0.150832
FixedParameters: 0 0 0

#Transform 120
Transform: AffineTransform_float_3_3
Parameters: 1 -8.38629e-05 -0.000255223 8.45351e-05 0.999999 0.00132105 0.000254973 -0.00132109 0.999999 0.0119436 0.126228 0.0690805
FixedParameters: 0 0 0

#Transform 121
Transform: AffineTransform_float_3_3
Parameters: 1 4.39117e-05 -0.000263332 -4.44722e-05 0.999999 0.000830232 0.00026347 -0.000830223 0.999999 0.0153604 0.088461 0.0675708
FixedParameters: 0 0 0

#Transform 122
Transform: AffineTransform_float_3_3
Parameters: 1 4.74602e-05 -0.000263557 -4.78903e-05 1 0.00108021 0.000263696 -0.0010802 1 0.0156385 0.088861 0.0474666
FixedParameters: 0 0 0

#Transform 123
Transform: AffineTransform_float_3_3
Parameters: 1 4.39117e-05 -0.000263332 -4.44722e-05 0.999999 0.000830232 0.00026347 -0.000830223 0.999999 0.0154049 0.0917839 0.0642318
FixedParameters: 0 0 0

#Transform 124
Transform: AffineTransform_float_3_3
Parameters: 1 4.0902e-05 -0.000263152 -4.05765e-05 1 0.000618266 0.000263203 -0.000618245 1 0.0156501 0.0913603 0.0464919
FixedParameters: 0 0 0

#Transform 125
Transform: AffineTransform_float_3_3
Parameters: 1 4.55412e-05 -0.000322545 -4.57613e-05 1 0.0012082 0.000322692 -0.00120818 0.999999 0.0161916 0.0921002 0.0360229
FixedParameters: 0 0 0

#Transform 126
Transform: AffineTransform_float_3_3
Parameters: 1 3.56294e-05 -0.000502271 -3.53117e-05 0.999999 0.00131119 0.000502401 -0.00131117 0.999999 0.0173967 0.0965574 0.0389173
FixedParameters: 0 0 0

#Transform 127
Transform: AffineTransform_float_3_3
Parameters: 1 4.24146e-05 -0.000482647 -4.17804e-05 0.999998 0.00169422 0.000482799 -0.00169407 0.999999 0.0102919 0.0894166 0.0378371
FixedParameters: 0 0 0

#Transform 128
Transform: AffineTransform_float_3_3
Parameters: 1 4.63448e-05 -0.000427783 -4.58683e-05 0.999998 0.00172722 0.000427952 -0.00172706 0.999999 0.00906295 0.103041 0.042228
FixedParameters: 0 0 0

#Transform 129
Transform: AffineTransform_float_3_3
Parameters: 0.999999 2.7525e-05 -0.000754237 -2.67421e-05 0.999999 0.00184413 0.00075441 -0.00184412 0.999998 0.0102947 0.0744889 0.0205631
FixedParameters: 0 0 0

#Transform 130
Transform: AffineTransform_float_3_3
Parameters: 1 4.21086e-05 -0.000538722 -4.10451e-05 0.999998 0.00191614 0.00053889 -0.00191611 0.999998 0.00614466 0.0890917 -0.00927626
FixedParameters: 0 0 0

#Transform 131
Transform: AffineTransform_float_3_3
Parameters: 1 6.4298e-05 -0.000264559 -6.41016e-05 0.999998 0.0022661 0.000264831 -0.00226608 0.999998 -0.000939382 0.0866292 -0.00796378
FixedParameters: 0 0 0

#Transform 132
Transform: AffineTransform_float_3_3
Parameters: 0.999999 0.00011206 -0.000735447 -0.00010973 0.999998 0.00226509 0.000735931 -0.00226494 0.999997 0.00634138 0.0968884 0.0347728
FixedParameters: 0 0 0

#Transform 133
Transform: AffineTransform_float_3_3
Parameters: 1 3.74703e-05 -0.000600557 -3.62324e-05 0.999999 0.00186414 0.000600703 -0.00186411 0.999998 -0.0117117 0.092961 0.0427831
FixedParameters: 0 0 0

#Transform 134
Transform: AffineTransform_float_3_3
Parameters: 1 0.000310814 -0.000279972 -0.000309626 0.999997 0.00212372 0.000281234 -0.00212354 0.999997 -0.00270547 0.0948502 0.0299567
FixedParameters: 0 0 0

#Transform 135
Transform: AffineTransform_float_3_3
Parameters: 1 5.43888e-05 -0.000263962 -5.45602e-05 0.999999 0.00156816 0.00026417 -0.00156815 0.999998 -0.010875 0.0961653 0.0405229
FixedParameters: 0 0 0

#Transform 136
Transform: AffineTransform_float_3_3
Parameters: 1 0.000393771 -0.000285302 -0.000392756 0.999999 0.00178055 0.000286646 -0.00178033 0.999999 -0.00201785 0.0924501 0.0537692
FixedParameters: 0 0 0

#Transform 137
Transform: AffineTransform_float_3_3
Parameters: 1 0.000332403 -0.000281356 -0.000331263 0.999998 0.00202741 0.000282646 -0.00202723 0.999998 -0.00424908 0.104037 0.0782069
FixedParameters: 0 0 0

#Transform 138
Transform: AffineTransform_float_3_3
Parameters: 1 6.23251e-05 -0.000264433 -6.2201e-05 0.999997 0.00212711 0.000264707 -0.00212709 0.999997 -0.00365028 0.11106 0.0496166
FixedParameters: 0 0 0

#Transform 139
Transform: AffineTransform_float_3_3
Parameters: 1 0.000171102 -0.000271235 -0.000169951 0.999997 0.00212563 0.000271904 -0.00212554 0.999997 -0.0104591 0.100917 0.0319698
FixedParameters: 0 0 0

#Transform 140
Transform: AffineTransform_float_3_3
Parameters: 1 5.87753e-05 -0.00026423 -5.87843e-05 0.999998 0.00187714 0.000264459 -0.00187712 0.999998 -0.0113978 0.101546 0.0413733
FixedParameters: 0 0 0

#Transform 141
Transform: AffineTransform_float_3_3
Parameters: 1 0.000408011 -0.000170775 -0.000407301 0.999998 0.00227846 0.000171552 -0.00227832 0.999998 0.000997826 0.0991392 0.0369241
FixedParameters: 0 0 0

#Transform 142
Transform: AffineTransform_float_3_3
Parameters: 1 7.78651e-05 -1.59182e-05 -7.7867e-05 0.999997 0.00212711 1.51962e-05 -0.00212711 0.999997 -0.0086749 0.122285 0.0327865
FixedParameters: 0 0 0

#Transform 143
Transform: AffineTransform_float_3_3
Parameters: 1 6.38781e-05 -0.000204425 -6.41392e-05 0.999998 0.00197212 0.000203688 -0.00197211 0.999998 -0.00267509 0.113955 0.0105275
FixedParameters: 0 0 0

#Transform 144
Transform: AffineTransform_float_3_3
Parameters: 1 0.000325995 -0.000264803 -0.000324782 0.999997 0.00241955 0.000265296 -0.00241938 0.999997 0.00158876 0.109619 -0.00706888
FixedParameters: 0 0 0

#Transform 145
Transform: AffineTransform_float_3_3
Parameters: 1 0.00033309 7.93097e-05 -0.00033348 0.999998 0.0020376 -7.90047e-05 -0.00203765 0.999998 -0.0018862 0.0885424 0.0194324
FixedParameters: 0 0 0

#Transform 146
Transform: AffineTransform_float_3_3
Parameters: 1 0.000299841 -8.79334e-05 -0.000299547 0.999998 0.00205697 8.8113e-05 -0.00205692 0.999998 3.78706e-05 0.128605 0.0836428
FixedParameters: 0 0 0

#Transform 147
Transform: AffineTransform_float_3_3
Parameters: 1 7.72784e-05 9.53103e-05 -7.75819e-05 0.999998 0.00158415 -9.50929e-05 -0.00158417 0.999998 -0.00292413 0.0974905 0.0323162
FixedParameters: 0 0 0

#Transform 148
Transform: AffineTransform_float_3_3
Parameters: 1 8.5284e-06 9.95668e-05 -8.86255e-06 0.999995 -0.00338437 -9.97284e-05 0.00338436 0.999995 0.00656391 -0.00657908 0.226215
FixedParameters: 0 0 0

#Transform 149
Transform: AffineTransform_float_3_3
Parameters: 0.999997 -0.00167623 0.00156543 0.00172314 0.99954 -0.0302816 -0.00151335 0.0302842 0.99954 0.00893796 0.209477 1.51688
FixedParameters: 0 0 0

#Transform 150
Transform: AffineTransform_float_3_3
Parameters: 0.999998 -0.00173323 0.00051122 0.00174927 0.999414 -0.0341639 -0.000451532 0.0341653 0.999416 0.00899257 0.06338 1.7948
FixedParameters: 0 0 0

#Transform 151
Transform: AffineTransform_float_3_3
Parameters: 0.999998 -0.00189999 0.000268185 0.00190878 0.999295 -0.0374756 -0.000197568 0.0374762 0.999297 -0.0105652 -0.027183 1.89783
FixedParameters: 0 0 0

#Transform 152
Transform: AffineTransform_float_3_3
Parameters: 0.999998 -0.00188235 3.10877e-05 0.00188203 0.999402 -0.0345222 3.31618e-05 0.0345221 0.999404 -0.0110822 0.0287426 1.74709
FixedParameters: 0 0 0

#Transform 153
Transform: AffineTransform_float_3_3
Parameters: 0.999997 -0.00215777 0.000896019 0.00218378 0.999539 -0.0302753 -0.000829751 0.0302776 0.999542 0.000772419 0.110994 1.6521
FixedParameters: 0 0 0

#Transform 154
Transform: AffineTransform_float_3_3
Parameters: 0.999993 -0.00250587 0.00251836 0.00256101 0.999749 -0.0222427 -0.002462 0.0222485 0.99975 0.0304785 0.13396 1.47729
FixedParameters: 0 0 0

#Transform 155
Transform: AffineTransform_float_3_3
Parameters: 0.999995 -0.00231404 0.00200182 0.00236081 0.999718 -0.0236487 -0.00194709 0.0236532 0.999718 0.0327201 0.133109 1.52553
FixedParameters: 0 0 0

#Transform 156
Transform: AffineTransform_float_3_3
Parameters: 0.999996 -0.00205107 0.00192476 0.00209566 0.999725 -0.023346 -0.00187676 0.0233493 0.999726 0.0299915 0.0944071 1.47236
FixedParameters: 0 0 0

#Transform 157
Transform: AffineTransform_float_3_3
Parameters: 0.999997 -0.00169804 0.00152662 0.00173354 0.99972 -0.0236158 -0.0014861 0.0236183 0.99972 0.0319269 0.0819297 1.48082
FixedParameters: 0 0 0

#Transform 158
Transform: AffineTransform_float_3_3
Parameters: 0.999998 -0.00135701 0.00197956 0.00139673 0.999789 -0.0204965 -0.00195135 0.0204985 0.999788 0.042702 0.207197 1.48024
FixedParameters: 0 0 0

#Transform 159
Transform: AffineTransform_float_3_3
Parameters: 0.999999 -0.00133882 0.0014076 0.00136733 0.999795 -0.0202022 -0.00138084 0.0202035 0.999795 0.0405421 0.184051 1.49964
FixedParameters: 0 0 0

#Transform 160
Transform: AffineTransform_float_3_3
Parameters: 0.999999 -0.000906865 0.000883813 0.000930999 0.999623 -0.0274424 -0.000859412 0.0274427 0.999623 0.0253928 0.108002 1.7396
FixedParameters: 0 0 0

#Transform 161
Transform: AffineTransform_float_3_3
Parameters: 0.999999 -0.00157287 -4.15262e-05 0.00157032 0.999483 -0.0321125 9.19039e-05 0.0321121 0.999484 -0.0149592 0.101848 1.86485
FixedParameters: 0 0 0

#Transform 162
Transform: AffineTransform_float_3_3
Parameters: 0.999997 -0.00209187 -9.40175e-05 0.0020876 0.999428 -0.0337576 0.000164816 0.033757 0.99943 -0.0261692 0.198143 2.01729
FixedParameters: 0 0 0

#Transform 163
Transform: AffineTransform_float_3_3
Parameters: 0.999998 -0.00223609 0.000466194 0.00224836 0.999607 -0.0279594 -0.000403005 0.0279608 0.999609 -0.0196406 0.157292 1.80523
FixedParameters: 0 0 0

#Transform 164
Transform: AffineTransform_float_3_3
Parameters: 0.999998 -0.00196563 0.000608825 0.00198277 0.999572 -0.0292089 -0.000551385 0.0292097 0.999573 -0.0199663 0.153609 1.82564
FixedParameters: 0 0 0

#Transform 165
Transform: AffineTransform_float_3_3
Parameters: 0.999998 -0.00187571 0.000573623 0.00188926 0.999655 -0.026199 -0.000524646 0.0262007 0.999657 -0.0149085 0.147237 1.73049
FixedParameters: 0 0 0

#Transform 166
Transform: AffineTransform_float_3_3
Parameters: 0.999999 -0.00169811 0.000306651 0.0017056 0.999688 -0.0248931 -0.000264178 0.0248928 0.99969 -0.00956092 0.128566 1.67917
FixedParameters: 0 0 0

#Transform 167
Transform: AffineTransform_float_3_3
Parameters: 0.999999 -0.00168399 0.00030396 0.00169095 0.999714 -0.0238562 -0.000263009 0.0238569 0.999715 -0.0116696 0.146085 1.62721
FixedParameters: 0 0 0

#Transform 168
Transform: AffineTransform_float_3_3
Parameters: 0.999999 -0.00167954 0.000303123 0.00168634 0.999721 -0.0235312 -0.000263263 0.0235309 0.999723 -0.0135517 0.161458 1.60538
FixedParameters: 0 0 0

#Transform 169
Transform: AffineTransform_float_3_3
Parameters: 0.999999 -0.00149416 0.000286554 0.0015005 0.999725 -0.0233778 -0.000250816 0.0233785 0.999727 -0.00684591 0.145306 1.60315
FixedParameters: 0 0 0

#Transform 170
Transform: AffineTransform_float_3_3
Parameters: 0.999999 -0.00132133 0.000271419 0.00132736 0.999723 -0.0234884 -0.000239571 0.0234888 0.999724 0.00236092 0.126077 1.56608
FixedParameters: 0 0 0

#Transform 171
Transform: AffineTransform_float_3_3
Parameters: 0.999999 -0.000882429 0.000511157 0.000893676 0.999746 -0.022522 -0.000491547 0.0225227 0.999746 0.0134223 0.0813868 1.48562
FixedParameters: 0 0 0

#Transform 172
Transform: AffineTransform_float_3_3
Parameters: 0.999999 -0.00085747 0.000229984 0.000863203 0.999743 -0.0226439 -0.000209954 0.0226442 0.999744 0.00769374 0.0908168 1.49657
FixedParameters: 0 0 0

#Transform 173
Transform: AffineTransform_float_3_3
Parameters: 0.999999 -0.000746227 0.000533118 0.0007582 0.999759 -0.0219469 -0.000516141 0.0219475 0.999759 0.0173051 0.0844657 1.46806
FixedParameters: 0 0 0

#Transform 174
Transform: AffineTransform_float_3_3
Parameters: 0.999999 -0.000742242 0.000425912 0.00075177 0.999779 -0.020975 -0.000410226 0.0209745 0.99978 -0.00328018 0.0758957 1.42313
FixedParameters: 0 0 0

#Transform 175
Transform: AffineTransform_float_3_3
Parameters: 1 -0.000674609 0.000434921 0.000683198 0.999792 -0.0204139 -0.000420487 0.0204144 0.999792 -0.00247024 0.0684487 1.34891
FixedParameters: 0 0 0

#Transform 176
Transform: AffineTransform_float_3_3
Parameters: 1 -0.000752173 0.000231816 0.000757343 0.99979 -0.0204891 -0.000216517 0.0204894 0.99979 -0.00573709 0.0672848 1.37487
FixedParameters: 0 0 0

#Transform 177
Transform: AffineTransform_float_3_3
Parameters: 1 -0.000752316 0.000288199 0.000758977 0.999783 -0.0208481 -0.000272479 0.0208484 0.999783 -0.00604803 0.0746022 1.4127
FixedParameters: 0 0 0

#Transform 178
Transform: AffineTransform_float_3_3
Parameters: 0.999999 -0.000734106 0.000440017 0.000742866 0.99979 -0.0204671 -0.000424099 0.0204666 0.999791 -0.00762855 0.088463 1.36491
FixedParameters: 0 0 0

#Transform 179
Transform: AffineTransform_float_3_3
Parameters: 0.999999 -0.000738221 0.000440521 0.000747202 0.999784 -0.020772 -0.000425141 0.0207715 0.999784 -0.0115895 0.10089 1.38951
FixedParameters: 0 0 0

#Transform 180
Transform: AffineTransform_float_3_3
Parameters: 1 -0.000279167 0.000401241 0.000287297 0.999786 -0.0207207 -0.000394976 0.0207208 0.999785 0.00229446 0.0586721 1.36975
FixedParameters: 0 0 0

#Transform 181
Transform: AffineTransform_float_3_3
Parameters: 1 -9.32788e-05 0.000385401 0.000101839 0.999792 -0.0203863 -0.000382776 0.0203863 0.999792 0.00501544 0.0577827 1.35828
FixedParameters: 0 0 0

#Transform 182
Transform: AffineTransform_float_3_3
Parameters: 1 -0.000259056 0.000399529 0.0002669 0.999791 -0.0204129 -0.00039407 0.020413 0.999791 -0.000724177 0.0775273 1.35134
FixedParameters: 0 0 0

#Transform 183
Transform: AffineTransform_float_3_3
Parameters: 1 -0.000261555 0.000230119 0.000266754 0.999778 -0.0210751 -0.000224912 0.0210752 0.999778 -0.000251074 0.0744204 1.35179
FixedParameters: 0 0 0

#Transform 184
Transform: AffineTransform_float_3_3
Parameters: 1 -0.000107221 0.000386627 0.000114613 0.999796 -0.0201651 -0.000384301 0.020165 0.999796 0.000187641 0.079241 1.32849
FixedParameters: 0 0 0

#Transform 185
Transform: AffineTransform_float_3_3
Parameters: 1 -0.000139969 0.000101388 0.000141763 0.999799 -0.0200559 -9.92134e-05 0.0200559 0.999799 0.00152572 0.0583373 1.338
FixedParameters: 0 0 0

#Transform 186
Transform: AffineTransform_float_3_3
Parameters: 1 -0.000258485 0.000178679 0.0002623 0.999795 -0.0202452 -0.000172655 0.0202452 0.999795 -0.000397327 0.080565 1.3436
FixedParameters: 0 0 0

#Transform 187
Transform: AffineTransform_float_3_3
Parameters: 1 0.000149645 0.000364768 -0.000142594 0.999795 -0.0202558 -0.000366905 0.0202556 0.999795 -0.00991638 0.0736472 1.33086
FixedParameters: 0 0 0

#Transform 188
Transform: AffineTransform_float_3_3
Parameters: 1 -5.00638e-05 -3.97763e-05 4.9373e-05 0.999794 -0.0203053 4.09789e-05 0.0203053 0.999794 -0.0107692 0.0733507 1.29717
FixedParameters: 0 0 0

#Transform 189
Transform: AffineTransform_float_3_3
Parameters: 1 -0.000264711 -2.15091e-05 0.000264403 0.999803 -0.0198343 2.6451e-05 0.0198343 0.999804 -0.00764376 0.0712223 1.30192
FixedParameters: 0 0 0

#Transform 190
Transform: AffineTransform_float_3_3
Parameters: 1 -0.000111203 0.000207347 0.000115269 0.999802 -0.0199322 -0.000205127 0.0199322 0.999802 -0.00156924 0.0630551 1.31585
FixedParameters: 0 0 0

#Transform 191
Transform: AffineTransform_float_3_3
Parameters: 1 -1.21184e-05 0.000356433 1.95432e-05 0.999794 -0.0202895 -0.000356091 0.0202894 0.999794 -0.00568641 0.0888464 1.33344
FixedParameters: 0 0 0

#Transform 192
Transform: AffineTransform_float_3_3
Parameters: 1 -3.52421e-05 8.64213e-05 3.76888e-05 0.999794 -0.0203004 -8.56283e-05 0.0203004 0.999794 -0.00577309 0.095251 1.37711
FixedParameters: 0 0 0

#Transform 193
Transform: AffineTransform_float_3_3
