# transform file /out/sourcedata/freesurfer/sub-v1s22x0050433_ses-1/mri/transforms/cc_up.lta
# created by oesteban on Mon Mar  9 13:18:02 2026

type      = 0 # LINEAR_VOX_TO_VOX
nxforms   = 1
mean      = 122.0000 98.0000 111.0000
sigma     = 10000.0000
1 4 4
9.968973398208618e-01 -4.414372146129608e-02 -6.517048925161362e-02 1.447461605072021e+01 
4.404969885945320e-02 9.990252852439880e-01 -2.879675012081861e-03 4.390658569335938e+01 
6.523407995700836e-02 -2.328306714094452e-10 9.978700876235962e-01 1.712316513061523e+01 
0.000000000000000e+00 0.000000000000000e+00 0.000000000000000e+00 1.000000000000000e+00 
src volume info
valid = 1  # volume info valid
filename = /out/sourcedata/freesurfer/sub-v1s22x0050433_ses-1/mri/norm.mgz
volume = 256 256 256
voxelsize = 1.000000000000000e+00 1.000000000000000e+00 1.000000000000000e+00
xras   = -1.000000119209290e+00 -1.102307578548789e-09 0.000000000000000e+00
yras   = -1.862645149230957e-09 -1.164153218269348e-10 -1.000000119209290e+00
zras   = 1.096850610338151e-09 1.000000119209290e+00 -1.164153218269348e-10
cras   = 1.359703063964844e+00 4.608708953857422e+01 -1.745312500000000e+01
dst volume info
valid = 1  # volume info valid
filename = /out/sourcedata/freesurfer/sub-v1s22x0050433_ses-1/mri/norm.mgz
volume = 256 256 256
voxelsize = 1.000000000000000e+00 1.000000000000000e+00 1.000000000000000e+00
xras   = -1.000000119209290e+00 -1.102307578548789e-09 0.000000000000000e+00
yras   = -1.862645149230957e-09 -1.164153218269348e-10 -1.000000119209290e+00
zras   = 1.096850610338151e-09 1.000000119209290e+00 -1.164153218269348e-10
cras   = 1.359703063964844e+00 4.608708953857422e+01 -1.745312500000000e+01
