type      = 0 # LINEAR_VOX_TO_VOX
nxforms   = 1
mean      = 0.0000 0.0000 0.0000
sigma     = 1.0000
1 4 4
1.066045165061951e+00 -5.335200205445290e-02 -7.566101104021072e-02 7.753601074218750e+00 
4.087000340223312e-02 1.080081105232239e+00 1.872610151767731e-01 -8.012420654296875e+00 
6.415100395679474e-02 -2.389890253543854e-01 9.940311312675476e-01 1.606361389160156e+01 
0.000000000000000e+00 0.000000000000000e+00 0.000000000000000e+00 1.000000000000000e+00 
src volume info
valid = 1  # volume info valid
filename = /out/sourcedata/freesurfer/sub-v1s22x0050433_ses-1/mri/orig.mgz
volume = 256 256 256
voxelsize = 1.000000000000000e+00 1.000000000000000e+00 1.000000000000000e+00
xras   = -1.000000119209290e+00 -1.102307578548789e-09 0.000000000000000e+00
yras   = -1.862645149230957e-09 -1.164153218269348e-10 -1.000000119209290e+00
zras   = 1.096850610338151e-09 1.000000119209290e+00 -1.164153218269348e-10
cras   = 1.359703063964844e+00 4.608708953857422e+01 -1.745312500000000e+01
dst volume info
valid = 1  # volume info valid
filename = /opt/freesurfer/average/mni305.cor.mgz
volume = 256 256 256
voxelsize = 1.000000000000000e+00 1.000000000000000e+00 1.000000000000000e+00
xras   = -1.000000000000000e+00 0.000000000000000e+00 0.000000000000000e+00
yras   = 0.000000000000000e+00 0.000000000000000e+00 -1.000000000000000e+00
zras   = 0.000000000000000e+00 1.000000000000000e+00 0.000000000000000e+00
cras   = 0.000000000000000e+00 0.000000000000000e+00 0.000000000000000e+00
subject fsaverage
fscale 0.100000
