type      = 1 # LINEAR_RAS_TO_RAS
nxforms   = 1
mean      = 0.0000 0.0000 0.0000
sigma     = 1.0000
1 4 4
1.066045045852661e+00 7.566100358963013e-02 -5.335199832916260e-02 -5.561363220214844e+00 
-6.415099650621414e-02 9.940310120582581e-01 2.389889955520630e-01 -4.863333511352539e+01 
4.086999967694283e-02 -1.872610002756119e-01 1.080080986022949e+00 -4.013198852539062e+00 
0.000000000000000e+00 0.000000000000000e+00 0.000000000000000e+00 1.000000000000000e+00 
src volume info
valid = 1  # volume info valid
filename = /out/sourcedata/freesurfer/sub-v1s22x0050433_ses-1/mri/orig_nu.mgz
volume = 256 256 256
voxelsize = 1.000000000000000e+00 1.000000000000000e+00 1.000000000000000e+00
xras   = -1.000000119209290e+00 -1.102307578548789e-09 0.000000000000000e+00
yras   = -1.862645149230957e-09 -1.164153218269348e-10 -1.000000119209290e+00
zras   = 1.096850610338151e-09 1.000000119209290e+00 -1.164153218269348e-10
cras   = 1.359703063964844e+00 4.608708953857422e+01 -1.745312500000000e+01
dst volume info
valid = 1  # volume info valid
filename = /opt/freesurfer/average/mni305.cor.mgz
volume = 256 256 256
voxelsize = 1.000000000000000e+00 1.000000000000000e+00 1.000000000000000e+00
xras   = -1.000000000000000e+00 0.000000000000000e+00 0.000000000000000e+00
yras   = 0.000000000000000e+00 0.000000000000000e+00 -1.000000000000000e+00
zras   = 0.000000000000000e+00 1.000000000000000e+00 0.000000000000000e+00
cras   = 0.000000000000000e+00 0.000000000000000e+00 0.000000000000000e+00
subject fsaverage
fscale 0.100000
