# transform file transforms/talairach.lta
# created by oesteban on Mon Mar  9 12:05:29 2026

type      = 0 # LINEAR_VOX_TO_VOX
nxforms   = 1
mean      = 122.0000 100.0000 110.0000
sigma     = 10000.0000
1 4 4
1.052115559577942e+00 -1.711013913154602e-02 -4.649966582655907e-02 1.168839693069458e+00 
7.416486274451017e-03 1.131416320800781e+00 1.899878084659576e-01 -8.728495597839355e+00 
2.596932277083397e-02 -2.172266542911530e-01 9.861174225807190e-01 1.921149063110352e+01 
0.000000000000000e+00 0.000000000000000e+00 0.000000000000000e+00 1.000000000000000e+00 
src volume info
valid = 1  # volume info valid
filename = nu.mgz
volume = 256 256 256
voxelsize = 1.000000000000000e+00 1.000000000000000e+00 1.000000000000000e+00
xras   = -1.000000119209290e+00 -1.102307578548789e-09 0.000000000000000e+00
yras   = -1.862645149230957e-09 -1.164153218269348e-10 -1.000000119209290e+00
zras   = 1.096850610338151e-09 1.000000119209290e+00 -1.164153218269348e-10
cras   = 1.359703063964844e+00 4.608708953857422e+01 -1.745312500000000e+01
dst volume info
valid = 1  # volume info valid
filename = /opt/freesurfer/average/RB_all_2020-01-02.gca
volume = 256 256 256
voxelsize = 1.000000000000000e+00 1.000000000000000e+00 1.000000000000000e+00
xras   = -1.000000000000000e+00 0.000000000000000e+00 0.000000000000000e+00
yras   = 0.000000000000000e+00 0.000000000000000e+00 -1.000000000000000e+00
zras   = 0.000000000000000e+00 1.000000000000000e+00 0.000000000000000e+00
cras   = 0.000000000000000e+00 0.000000000000000e+00 0.000000000000000e+00
