# transform file /out/sourcedata/freesurfer/sub-v1s22x0050494_ses-1/mri/transforms/cc_up.lta
# created by oesteban on Mon Mar  9 16:53:00 2026

type      = 0 # LINEAR_VOX_TO_VOX
nxforms   = 1
mean      = 127.0000 94.0000 113.0000
sigma     = 10000.0000
1 4 4
9.962199330329895e-01 6.478687375783920e-02 -5.786775425076485e-02 2.144911050796509e+00 
-6.467784941196442e-02 9.978992342948914e-01 3.756963415071368e-03 5.693968582153320e+01 
5.798958241939545e-02 0.000000000000000e+00 9.983172416687012e-01 2.086159515380859e+01 
0.000000000000000e+00 0.000000000000000e+00 0.000000000000000e+00 1.000000000000000e+00 
src volume info
valid = 1  # volume info valid
filename = /out/sourcedata/freesurfer/sub-v1s22x0050494_ses-1/mri/norm.mgz
volume = 256 256 256
voxelsize = 1.000000000000000e+00 1.000000000000000e+00 1.000000000000000e+00
xras   = -1.000000000000000e+00 0.000000000000000e+00 1.862645149230957e-09
yras   = 0.000000000000000e+00 0.000000000000000e+00 -1.000000119209290e+00
zras   = 0.000000000000000e+00 1.000000000000000e+00 0.000000000000000e+00
cras   = -1.853256225585938e-01 4.776455688476562e+01 -1.038044738769531e+01
dst volume info
valid = 1  # volume info valid
filename = /out/sourcedata/freesurfer/sub-v1s22x0050494_ses-1/mri/norm.mgz
volume = 256 256 256
voxelsize = 1.000000000000000e+00 1.000000000000000e+00 1.000000000000000e+00
xras   = -1.000000000000000e+00 0.000000000000000e+00 1.862645149230957e-09
yras   = 0.000000000000000e+00 0.000000000000000e+00 -1.000000119209290e+00
zras   = 0.000000000000000e+00 1.000000000000000e+00 0.000000000000000e+00
cras   = -1.853256225585938e-01 4.776455688476562e+01 -1.038044738769531e+01
