#Insight Transform File V1.0
#Transform 0
Transform: AffineTransform_float_3_3
Parameters: 1 0.000184349 -5.36607e-05 -0.000184404 1 -0.00051199 5.34719e-05 0.00051201 1 -0.01002 -0.0320484 0.0427966
FixedParameters: 0 0 0

#Transform 1
Transform: AffineTransform_float_3_3
Parameters: 1 0.000188804 -0.000185113 -0.000188945 1 -0.000379965 0.00018497 0.000380035 1 -0.00527029 0.00412856 0.043506
FixedParameters: 0 0 0

#Transform 2
Transform: AffineTransform_float_3_3
Parameters: 1 0.000252666 -0.000284697 -0.000252492 1 0.000306072 0.000284852 -0.000305928 1 0.000643199 -0.0230094 0.0313421
FixedParameters: 0 0 0

#Transform 3
Transform: AffineTransform_float_3_3
Parameters: 1 0.000323848 -0.000361823 -0.000324033 1 -0.000255883 0.000361657 0.000256117 1 -0.0124032 -0.0409258 0.0343908
FixedParameters: 0 0 0

#Transform 4
Transform: AffineTransform_float_3_3
Parameters: 1 0.000376657 -0.000140821 -0.00037648 1 -0.000362947 0.000141508 0.000363053 1 -0.014067 -0.0190029 0.023939
FixedParameters: 0 0 0

#Transform 5
Transform: AffineTransform_float_3_3
Parameters: 1 0.000500032 -0.000278776 -0.000500234 1 -0.000362861 0.000278413 0.000363139 1 -0.0126067 -0.0253132 0.0311554
FixedParameters: 0 0 0

#Transform 6
Transform: AffineTransform_float_3_3
Parameters: 1 0.000282058 -0.000108025 -0.00028209 1 -0.00014797 0.000107942 0.00014803 1 -0.0101656 -0.0154404 0.0339241
FixedParameters: 0 0 0

#Transform 7
Transform: AffineTransform_float_3_3
Parameters: 1 0.000309305 -3.58273e-05 -0.000309331 1 -0.000362989 3.56027e-05 0.000363011 1 0.00335522 -0.0113036 0.0143951
FixedParameters: 0 0 0

#Transform 8
Transform: AffineTransform_float_3_3
Parameters: 1 0.000173966 -0.000250537 -0.000174081 1 -0.000228956 0.000250457 0.000229044 1 -0.00624515 -0.038116 0.0268829
FixedParameters: 0 0 0

#Transform 9
Transform: AffineTransform_float_3_3
Parameters: 1 0.0001932 -0.000127039 -0.000193307 1 -0.000424975 0.000126875 0.000425024 1 -0.00698378 -0.00279168 0.0186807
FixedParameters: 0 0 0

#Transform 10
Transform: AffineTransform_float_3_3
Parameters: 1 0.000259475 -8.89829e-05 -0.000259513 1 -0.000213977 8.88718e-05 0.000214023 1 0.00284033 -0.0451644 0.0286826
FixedParameters: 0 0 0

#Transform 11
Transform: AffineTransform_float_3_3
Parameters: 1 0.000154398 -0.000113654 -0.000154481 1 -0.000362982 0.000113542 0.000363017 1 -0.00447829 -0.0236954 0.0173455
FixedParameters: 0 0 0

#Transform 12
Transform: AffineTransform_float_3_3
Parameters: 1 0.00011098 -0.000144764 -0.000111085 1 -0.000362984 0.000144683 0.000363016 1 -0.00162285 -0.0218976 0.0235742
FixedParameters: 0 0 0

#Transform 13
Transform: AffineTransform_float_3_3
Parameters: 1 7.62916e-05 -0.000310658 -7.64413e-05 1 -0.000240976 0.000310621 0.000241024 1 -0.00872075 -0.0522705 0.0310907
FixedParameters: 0 0 0

#Transform 14
Transform: AffineTransform_float_3_3
Parameters: 1 -4.91775e-05 -0.00016899 4.90274e-05 1 -0.000444008 0.000169033 0.000443992 1 -0.0156072 -0.0137187 0.0130263
FixedParameters: 0 0 0

#Transform 15
Transform: AffineTransform_float_3_3
Parameters: 1 0.00021081 -0.000170541 -0.000210749 1 0.000179036 0.000170616 -0.000178964 1 -0.0054091 -0.0497707 0.032578
FixedParameters: 0 0 0

#Transform 16
Transform: AffineTransform_float_3_3
Parameters: 1 -5.32961e-05 -0.000183414 5.32785e-05 1 -4.80098e-05 0.000183419 4.79902e-05 1 -0.000534244 -0.0194228 -0.0109739
FixedParameters: 0 0 0

#Transform 17
Transform: AffineTransform_float_3_3
Parameters: 1 1.87241e-05 -0.000293902 -1.87735e-05 1 -8.39945e-05 0.000293899 8.40055e-05 1 0.000280459 -0.0576806 0.0256477
FixedParameters: 0 0 0

#Transform 18
Transform: AffineTransform_float_3_3
Parameters: 1 -7.73468e-05 -0.000265982 7.72143e-05 1 -0.000249021 0.000266021 0.000248979 1 -0.000792157 -0.00938071 0.00725696
FixedParameters: 0 0 0

#Transform 19
Transform: AffineTransform_float_3_3
Parameters: 1 -7.72821e-05 -0.000266001 7.72789e-05 1 -6.02056e-06 0.000266002 5.97944e-06 1 -0.000809899 -0.034174 0.0322859
FixedParameters: 0 0 0

#Transform 20
Transform: AffineTransform_float_3_3
Parameters: 1 -7.25565e-05 -6.32499e-05 7.25106e-05 1 -0.000363005 6.33026e-05 0.000362995 1 -0.000807537 0.00529532 0.0221919
FixedParameters: 0 0 0

#Transform 21
Transform: AffineTransform_float_3_3
Parameters: 1 -7.72608e-05 -0.000266007 7.73002e-05 1 7.39794e-05 0.000265996 -7.40205e-05 1 -0.000812337 -0.0283419 0.0397592
FixedParameters: 0 0 0

#Transform 22
Transform: AffineTransform_float_3_3
Parameters: 1 -7.71864e-05 -0.000266029 7.73747e-05 1 0.000353979 0.000265974 -0.00035402 1 -0.000806437 -0.00433882 0.010602
FixedParameters: 0 0 0

#Transform 23
Transform: AffineTransform_float_3_3
Parameters: 1 2.3688e-05 8.16326e-05 -2.37404e-05 1 0.000320998 -8.16173e-05 -0.000321002 1 0.000308872 -0.0223709 0.0161689
FixedParameters: 0 0 0

#Transform 24
Transform: AffineTransform_float_3_3
Parameters: 1 -2.31338e-05 -7.97109e-05 2.31787e-05 1 0.000281998 7.96978e-05 -0.000282002 1 -0.00505021 -0.020734 0.0221406
FixedParameters: 0 0 0

#Transform 25
Transform: AffineTransform_float_3_3
Parameters: 1 -7.72898e-05 -0.000265999 7.72712e-05 1 -3.50206e-05 0.000266004 3.49794e-05 1 -0.000807603 0.00369118 0.0126538
FixedParameters: 0 0 0

#Transform 26
Transform: AffineTransform_float_3_3
Parameters: 1 -4.21158e-05 -0.000145008 4.21395e-05 1 8.19939e-05 0.000145001 -8.20061e-05 1 -0.000427413 -0.028663 0.0374222
FixedParameters: 0 0 0

#Transform 27
Transform: AffineTransform_float_3_3
Parameters: 1 -3.37561e-05 -0.000116196 3.37598e-05 1 1.59961e-05 0.000116195 -1.60039e-05 1 -0.000353657 0.012962 0.0288202
FixedParameters: 0 0 0

#Transform 28
Transform: AffineTransform_float_3_3
Parameters: 1 -4.5468e-05 -0.00015653 4.54831e-05 1 4.79929e-05 0.000156526 -4.80071e-05 1 -0.000502891 -0.012049 0.0275729
FixedParameters: 0 0 0

#Transform 29
Transform: AffineTransform_float_3_3
Parameters: 1 -8.16926e-05 -5.54195e-05 8.17111e-05 1 0.000166995 5.53922e-05 -0.000167005 1 -0.000851009 -0.0133491 0.0217553
FixedParameters: 0 0 0

#Transform 30
Transform: AffineTransform_float_3_3
Parameters: 1 -2.73372e-05 -9.41099e-05 2.73451e-05 1 4.19974e-05 9.41076e-05 -4.20026e-05 1 -0.000237797 0.00713429 0.0107539
FixedParameters: 0 0 0

#Transform 31
Transform: AffineTransform_float_3_3
Parameters: 1 8.92258e-06 3.07309e-05 -8.93285e-06 1 0.000167 -3.07279e-05 -0.000167 1 0.000112831 -0.00531031 0.0130336
FixedParameters: 0 0 0

#Transform 32
Transform: AffineTransform_float_3_3
Parameters: 1 -0.000125063 -4.69911e-05 0.000125078 1 0.000156994 4.69518e-05 -0.000157006 1 -0.00134542 -0.0131805 0.0154817
FixedParameters: 0 0 0

#Transform 33
Transform: AffineTransform_float_3_3
Parameters: 1 -0.000237055 -2.38122e-05 0.000237055 1 1.29944e-05 2.3806e-05 -1.30056e-05 1 -0.00915926 0.00503531 0.01179
FixedParameters: 0 0 0

#Transform 34
Transform: AffineTransform_float_3_3
Parameters: 1 1.95126e-06 6.72254e-06 -1.95461e-06 1 0.000249 -6.72157e-06 -0.000249 1 6.01986e-05 -0.0296142 0.031891
FixedParameters: 0 0 0

#Transform 35
Transform: AffineTransform_float_3_3
Parameters: 1 -2.61964e-05 -9.0276e-05 2.6254e-05 1 0.000318998 9.02592e-05 -0.000319002 1 -0.010424 -0.00302856 0.0311666
FixedParameters: 0 0 0

#Transform 36
Transform: AffineTransform_float_3_3
Parameters: 1 -2.61774e-05 -9.02815e-05 2.62729e-05 1 0.000528997 9.02537e-05 -0.000529002 1 -0.000266954 -0.0133124 0.0113335
FixedParameters: 0 0 0

#Transform 37
Transform: AffineTransform_float_3_3
Parameters: 1 -1.67081e-06 -5.76267e-06 1.67708e-06 1 0.000544 5.76085e-06 -0.000544 1 -1.85595e-05 -0.0204475 0.0223938
FixedParameters: 0 0 0

#Transform 38
Transform: AffineTransform_float_3_3
Parameters: 1 -2.62045e-05 -9.02736e-05 2.62458e-05 1 0.000228998 9.02616e-05 -0.000229002 1 -0.000267255 -0.0085575 0.0132932
FixedParameters: 0 0 0

#Transform 39
Transform: AffineTransform_float_3_3
Parameters: 1 -2.62017e-05 -9.02744e-05 2.62486e-05 1 0.000259998 9.02608e-05 -0.000260002 1 -0.00026722 -0.0085839 0.0129079
FixedParameters: 0 0 0

#Transform 40
Transform: AffineTransform_float_3_3
Parameters: 1 -0.000213456 -3.60204e-05 0.000213509 0.999999 0.000730992 3.57083e-05 -0.000731007 0.999999 -0.00228117 -0.00243608 0.0279158
FixedParameters: 0 0 0

#Transform 41
Transform: AffineTransform_float_3_3
Parameters: 1 9.20145e-06 3.16912e-05 -9.21197e-06 1 0.000166 -3.16882e-05 -0.000166 1 0.000105419 -0.00855512 0.0139499
FixedParameters: 0 0 0

#Transform 42
Transform: AffineTransform_float_3_3
Parameters: 1 1.47779e-05 5.08981e-05 -1.47951e-05 1 0.000168999 -5.08931e-05 -0.000169001 1 -0.00229785 -0.00350872 0.0314314
FixedParameters: 0 0 0

#Transform 43
Transform: AffineTransform_float_3_3
Parameters: 1 -2.62141e-05 -9.02708e-05 2.62363e-05 1 0.000122998 9.02644e-05 -0.000123002 1 -0.00026991 -0.00095211 0.0404956
FixedParameters: 0 0 0

#Transform 44
Transform: AffineTransform_float_3_3
Parameters: 1 -2.61873e-05 -9.02786e-05 2.6263e-05 1 0.000418998 9.02566e-05 -0.000419002 1 0.00256022 -0.0119295 0.0754514
FixedParameters: 0 0 0

#Transform 45
Transform: AffineTransform_float_3_3
Parameters: 1 1.72795e-05 5.95434e-05 -1.73154e-05 1 0.000300999 -5.9533e-05 -0.000301001 1 0.000184577 -0.00757524 0.0320194
FixedParameters: 0 0 0

#Transform 46
Transform: AffineTransform_float_3_3
Parameters: 1 8.38766e-05 0.000289077 -8.4076e-05 1 0.000344976 -0.000289019 -0.000345024 1 0.000926251 -0.0318339 0.0384499
FixedParameters: 0 0 0

#Transform 47
Transform: AffineTransform_float_3_3
Parameters: 1 6.88553e-05 0.000237209 -6.89663e-05 1 0.000233984 -0.000237176 -0.000234016 1 0.000753858 -0.00692091 0.0324882
FixedParameters: 0 0 0

#Transform 48
Transform: AffineTransform_float_3_3
Parameters: 1 -5.65058e-05 -1.17088e-05 5.65097e-05 1 0.000166999 1.16899e-05 -0.000167001 1 -0.000637227 -0.0183672 0.0366059
FixedParameters: 0 0 0

#Transform 49
Transform: AffineTransform_float_3_3
Parameters: 1 -7.5214e-06 -2.59312e-05 7.54412e-06 1 0.000438 2.59246e-05 -0.000438 1 -6.74787e-05 -0.0283477 0.0424729
FixedParameters: 0 0 0

#Transform 50
Transform: AffineTransform_float_3_3
Parameters: 1 -8.53161e-05 -3.34193e-06 8.5317e-05 1 0.000144 3.31736e-06 -0.000144 1 -0.00615679 0.0232414 0.0184699
FixedParameters: 0 0 0

#Transform 51
Transform: AffineTransform_float_3_3
Parameters: 1 -0.000120851 6.93731e-06 0.000120844 1 0.000461001 -7.04873e-06 -0.000460999 1 -0.00132278 -0.022711 0.0347659
FixedParameters: 0 0 0

#Transform 52
Transform: AffineTransform_float_3_3
Parameters: 1 -7.52379e-06 -2.59305e-05 7.54173e-06 1 0.000346 2.59253e-05 -0.000346 1 -6.73509e-05 -0.00611232 0.0310865
FixedParameters: 0 0 0

#Transform 53
Transform: AffineTransform_float_3_3
Parameters: 1 -7.52776e-06 -2.59294e-05 7.53776e-06 1 0.000193 2.59265e-05 -0.000193 1 -6.73947e-05 0.00344365 0.03
FixedParameters: 0 0 0

#Transform 54
Transform: AffineTransform_float_3_3
Parameters: 1 -7.52179e-06 -2.59311e-05 7.54373e-06 1 0.000423 2.59247e-05 -0.000423 1 -6.75858e-05 -0.0522768 0.0535575
FixedParameters: 0 0 0

#Transform 55
Transform: AffineTransform_float_3_3
Parameters: 1 -7.52695e-06 -2.59296e-05 7.53857e-06 1 0.000224 2.59262e-05 -0.000224 1 -6.73874e-05 -0.00441747 0.0320009
FixedParameters: 0 0 0

#Transform 56
Transform: AffineTransform_float_3_3
Parameters: 1 -7.52304e-06 -2.59308e-05 7.54248e-06 1 0.000375 2.59251e-05 -0.000375 1 -6.73447e-05 -0.0339592 0.0389373
FixedParameters: 0 0 0

#Transform 57
Transform: AffineTransform_float_3_3
Parameters: 1 -7.52345e-06 -2.59306e-05 7.54207e-06 1 0.000359 2.59252e-05 -0.000359 1 -6.73494e-05 -0.000684954 0.029452
FixedParameters: 0 0 0

#Transform 58
Transform: AffineTransform_float_3_3
Parameters: 1 -7.52065e-06 -2.59314e-05 7.54487e-06 1 0.000467 2.59244e-05 -0.000467 1 -6.73174e-05 -0.00338168 0.0289986
FixedParameters: 0 0 0

#Transform 59
Transform: AffineTransform_float_3_3
Parameters: 1 6.48536e-05 0.000223792 -6.51562e-05 1 0.000675985 -0.000223704 -0.000676014 0.999999 -0.00471371 -0.0190193 0.0312084
FixedParameters: 0 0 0

#Transform 60
Transform: AffineTransform_float_3_3
Parameters: 1 5.96361e-05 0.000205523 -5.97721e-05 1 0.000330988 -0.000205483 -0.000331012 1 0.000694459 0.0201719 0.0276466
FixedParameters: 0 0 0

#Transform 61
Transform: AffineTransform_float_3_3
Parameters: 1 4.67918e-05 0.000161352 -4.69492e-05 1 0.000487992 -0.000161306 -0.000488007 1 0.000558409 0.0108928 0.0426933
FixedParameters: 0 0 0

#Transform 62
Transform: AffineTransform_float_3_3
Parameters: 1 -2.22689e-06 -7.68381e-06 2.23697e-06 1 0.000656 7.68088e-06 -0.000656 1 5.908e-06 0.00282721 0.0606772
FixedParameters: 0 0 0

#Transform 63
Transform: AffineTransform_float_3_3
Parameters: 1 -2.03094e-05 0.000343203 1.97719e-05 0.999999 0.000783006 -0.000343235 -0.000782993 0.999999 0.00669124 0.00723862 0.0765628
FixedParameters: 0 0 0

#Transform 64
Transform: AffineTransform_float_3_3
Parameters: 1 3.22732e-05 0.00011142 -3.24527e-05 0.999999 0.000805996 -0.000111368 -0.000806003 0.999999 0.000343052 0.0229257 0.056797
FixedParameters: 0 0 0

#Transform 65
Transform: AffineTransform_float_3_3
Parameters: 1 3.23243e-05 0.000111405 -3.24016e-05 1 0.000346996 -0.000111383 -0.000347004 1 0.000340801 0.00665062 0.0502911
FixedParameters: 0 0 0

#Transform 66
Transform: AffineTransform_float_3_3
Parameters: 1 0.000105941 0.000364933 -0.000106092 1 0.000206961 -0.00036489 -0.000207039 1 0.00118589 0.0227337 0.0631584
FixedParameters: 0 0 0

#Transform 67
Transform: AffineTransform_float_3_3
Parameters: 1 0.000125149 0.000431206 -0.000125385 1 0.000272946 -0.000431138 -0.000273054 1 0.00139399 0.0348498 0.0634288
FixedParameters: 0 0 0

#Transform 68
Transform: AffineTransform_float_3_3
Parameters: 1 9.27432e-05 0.000319824 -9.30649e-05 1 0.00050297 -0.000319731 -0.00050303 1 0.00101464 0.0467684 0.0813397
FixedParameters: 0 0 0

#Transform 69
Transform: AffineTransform_float_3_3
Parameters: 1 9.27403e-05 0.000319825 -9.30677e-05 1 0.00051197 -0.00031973 -0.00051203 1 0.00101461 0.0343922 0.084832
FixedParameters: 0 0 0

#Transform 70
Transform: AffineTransform_float_3_3
Parameters: 1 9.27374e-05 0.000319826 -9.30706e-05 1 0.00052097 -0.000319729 -0.00052103 1 0.000997557 0.0115532 0.0756623
FixedParameters: 0 0 0

#Transform 71
Transform: AffineTransform_float_3_3
Parameters: 1 6.54338e-05 0.000225706 -6.5692e-05 1 0.000571985 -0.000225631 -0.000572015 1 0.000730394 0.0198219 0.0416338
FixedParameters: 0 0 0

#Transform 72
Transform: AffineTransform_float_3_3
Parameters: 1 8.82331e-05 0.000304473 -8.86471e-05 1 0.000679973 -0.000304353 -0.000680027 0.999999 0.000954095 -0.00880453 0.0486979
FixedParameters: 0 0 0

#Transform 73
Transform: AffineTransform_float_3_3
Parameters: 1 0.000111132 0.000383211 -0.000111503 1 0.000484957 -0.000383103 -0.000485042 1 0.00120644 0.0307756 0.056411
FixedParameters: 0 0 0

#Transform 74
Transform: AffineTransform_float_3_3
Parameters: 1 0.000111056 0.000383233 -0.000111579 1 0.000682957 -0.000383081 -0.000683042 0.999999 0.00119777 -0.0065651 0.0681231
FixedParameters: 0 0 0

#Transform 75
Transform: AffineTransform_float_3_3
Parameters: 1 0.000111051 0.000383234 -0.000111584 1 0.000694957 -0.00038308 -0.000695042 0.999999 0.0012068 0.0155979 0.0617618
FixedParameters: 0 0 0

#Transform 76
Transform: AffineTransform_float_3_3
Parameters: 1 0.000111032 0.00038324 -0.000111603 0.999999 0.000745957 -0.000383074 -0.000746042 0.999999 0.0011946 0.00711636 0.0532576
FixedParameters: 0 0 0

#Transform 77
Transform: AffineTransform_float_3_3
Parameters: 1 0.000110953 0.000383263 -0.000111681 0.999999 0.000950225 -0.000383051 -0.000949775 1 0.00120528 -0.0142071 0.0664486
FixedParameters: 0 0 0

#Transform 78
Transform: AffineTransform_float_3_3
Parameters: 1 0.000110991 0.000383252 -0.000111643 0.999999 0.000850957 -0.000383062 -0.000851042 0.999999 0.00120563 0.0279428 0.055128
FixedParameters: 0 0 0

#Transform 79
Transform: AffineTransform_float_3_3
Parameters: 1 0.000110966 0.000383259 -0.000111669 0.999999 0.000916956 -0.000383055 -0.000917042 0.999999 0.00120536 0.0075211 0.0603492
FixedParameters: 0 0 0

#Transform 80
Transform: AffineTransform_float_3_3
Parameters: 1 0.000111061 0.000383232 -0.000111574 1 0.000669957 -0.000383082 -0.000670042 0.999999 0.00121893 0.0166328 0.09313
FixedParameters: 0 0 0

#Transform 81
Transform: AffineTransform_float_3_3
Parameters: 1 7.68327e-05 0.00026509 -7.71703e-05 1 0.000636979 -0.000264992 -0.00063702 1 0.00084243 0.00757396 0.0961079
FixedParameters: 0 0 0

#Transform 82
Transform: AffineTransform_float_3_3
Parameters: 1 4.90027e-05 0.000169041 -4.92021e-05 1 0.000589991 -0.000168983 -0.000590008 1 0.000542343 0.00761556 0.096675
FixedParameters: 0 0 0

#Transform 83
Transform: AffineTransform_float_3_3
Parameters: 1 0.000111062 0.000383231 -0.000111573 1 0.000665957 -0.000383083 -0.000666042 0.999999 0.00121895 0.00760038 0.0957928
FixedParameters: 0 0 0

#Transform 84
Transform: AffineTransform_float_3_3
Parameters: 1 0.000247456 0.000343701 -0.000248181 1 0.000647914 -0.00034434 -0.000648085 0.999999 0.00274009 0.00713591 0.102512
FixedParameters: 0 0 0

#Transform 85
Transform: AffineTransform_float_3_3
Parameters: 1 0.000180165 0.000363215 -0.000180072 0.999999 0.000807934 -0.000364164 -0.000808065 0.999999 0.00192503 0.00836244 0.0951282
FixedParameters: 0 0 0

#Transform 86
Transform: AffineTransform_float_3_3
Parameters: 1 7.1225e-05 0.000245892 -7.16183e-05 0.999999 0.000799982 -0.000245778 -0.000800017 0.999999 0.00763624 0.012513 0.0834769
FixedParameters: 0 0 0

#Transform 87
Transform: AffineTransform_float_3_3
Parameters: 1 7.00954e-05 0.000242055 -7.0516e-05 0.999999 0.000868982 -0.000241933 -0.000869016 0.999999 0.000769346 -0.00553417 0.0587584
FixedParameters: 0 0 0

#Transform 88
Transform: AffineTransform_float_3_3
Parameters: 1 0.000110959 0.000383261 -0.000111676 0.999999 0.000934956 -0.000383053 -0.000935042 0.999999 -0.00379629 0.0164633 0.0586567
FixedParameters: 0 0 0

#Transform 89
Transform: AffineTransform_float_3_3
Parameters: 1 0.000111021 0.000383243 -0.000111614 0.999999 0.000773957 -0.000383071 -0.000774042 0.999999 0.00121169 0.0145533 0.0539381
FixedParameters: 0 0 0

#Transform 90
Transform: AffineTransform_float_3_3
Parameters: 1 5.42708e-05 0.000187296 -5.45356e-05 0.999999 0.000706989 -0.000187219 -0.00070701 0.999999 -0.00688124 0.00552784 0.0900383
FixedParameters: 0 0 0

#Transform 91
Transform: AffineTransform_float_3_3
Parameters: 1 9.68191e-05 0.00033426 -9.73585e-05 0.999999 0.000806967 -0.000334104 -0.000807032 0.999999 -0.00465165 0.0160048 0.11324
FixedParameters: 0 0 0

#Transform 92
Transform: AffineTransform_float_3_3
Parameters: 1 0.000110989 0.000383252 -0.000111646 0.999999 0.000856957 -0.000383061 -0.000857042 0.999999 0.0012146 0.0151758 0.100509
FixedParameters: 0 0 0

#Transform 93
Transform: AffineTransform_float_3_3
Parameters: 1 9.46303e-05 0.000326565 -9.50835e-05 1 0.000693969 -0.000326434 -0.000694031 0.999999 0.00105706 0.00962131 0.0760204
FixedParameters: 0 0 0

#Transform 94
Transform: AffineTransform_float_3_3
Parameters: 1 0.000110978 0.000383255 -0.000111656 0.999999 0.000884957 -0.000383058 -0.000885042 0.999999 -0.00339394 0.0364558 0.113787
FixedParameters: 0 0 0

#Transform 95
Transform: AffineTransform_float_3_3
Parameters: 1 0.000110965 0.000383259 -0.000111669 0.999999 0.000918956 -0.000383054 -0.000919042 0.999999 -0.00412891 0.0276904 0.0798795
FixedParameters: 0 0 0

#Transform 96
Transform: AffineTransform_float_3_3
Parameters: 1 0.000129556 0.000447629 -0.000130464 0.999999 0.00101421 -0.000447365 -0.00101379 1 0.0014411 0.00747483 0.0782934
FixedParameters: 0 0 0

#Transform 97
Transform: AffineTransform_float_3_3
Parameters: 1 0.000110958 0.000383261 -0.000111677 0.999999 0.000938956 -0.000383052 -0.000939042 0.999999 0.00122793 0.0352998 0.100738
FixedParameters: 0 0 0

#Transform 98
Transform: AffineTransform_float_3_3
Parameters: 1 0.000110984 0.000383254 -0.00011165 0.999999 0.000868957 -0.00038306 -0.000869042 0.999999 0.00121567 0.0350089 0.0792584
FixedParameters: 0 0 0

#Transform 99
Transform: AffineTransform_float_3_3
Parameters: 1 9.43194e-05 0.000325614 -9.48364e-05 0.999999 0.000793969 -0.000325464 -0.00079403 0.999999 0.00104056 0.0166973 0.086723
FixedParameters: 0 0 0

#Transform 100
Transform: AffineTransform_float_3_3
Parameters: 1 0.000110973 0.000383257 -0.000111662 0.999999 0.000898956 -0.000383057 -0.000899042 0.999999 0.00122027 0.028394 0.0984273
FixedParameters: 0 0 0

#Transform 101
Transform: AffineTransform_float_3_3
Parameters: 1 9.14829e-05 0.000316025 -9.20933e-05 0.999999 0.000966239 -0.000315848 -0.000965761 1 0.00101997 0.0114874 0.107425
FixedParameters: 0 0 0

#Transform 102
Transform: AffineTransform_float_3_3
Parameters: 1 0.000110983 0.000383254 -0.000111651 0.999999 0.000871957 -0.00038306 -0.000872042 0.999999 0.00121542 0.0275361 0.0990697
FixedParameters: 0 0 0

#Transform 103
Transform: AffineTransform_float_3_3
Parameters: 1 0.000110944 0.000383266 -0.000111691 0.999999 0.000974225 -0.000383049 -0.000973775 1 0.00121528 0.0113979 0.0851146
FixedParameters: 0 0 0

#Transform 104
Transform: AffineTransform_float_3_3
Parameters: 1 0.000227132 0.000349647 -0.000228174 1 0.00108992 -0.000350111 -0.00109008 1 0.00251986 0.0257298 0.0922783
FixedParameters: 0 0 0

#Transform 105
Transform: AffineTransform_float_3_3
Parameters: 1 0.000111013 0.000383245 -0.000111622 0.999999 0.000793957 -0.000383068 -0.000794042 0.999999 0.00121855 0.0374301 0.0860905
FixedParameters: 0 0 0

#Transform 106
Transform: AffineTransform_float_3_3
Parameters: 1 0.000240483 0.000474866 -0.00024176 1 0.00104989 -0.00047532 -0.00105012 1 0.00266987 0.0239973 0.0901553
FixedParameters: 0 0 0

#Transform 107
Transform: AffineTransform_float_3_3
Parameters: 1 0.000237041 0.000476878 -0.000237798 0.999999 0.000793886 -0.000476501 -0.000794112 0.999999 0.00257209 0.0484122 0.0684639
FixedParameters: 0 0 0

#Transform 108
Transform: AffineTransform_float_3_3
Parameters: 1 0.00020425 0.000421861 -0.000205264 1 0.00120191 -0.000421369 -0.00120209 0.999999 0.00559369 0.0276633 0.081966
FixedParameters: 0 0 0

#Transform 109
Transform: AffineTransform_float_3_3
Parameters: 1 0.000196754 0.000482324 -0.000196953 1 0.00120191 -0.00048213 -0.0012021 0.999999 0.00216978 0.0279989 0.0829213
FixedParameters: 0 0 0

#Transform 110
Transform: AffineTransform_float_3_3
Parameters: 1 0.00014407 0.000497562 -0.000144965 0.999999 0.000900196 -0.000497302 -0.000899804 1 -0.00351757 0.0259969 0.0795318
FixedParameters: 0 0 0

#Transform 111
Transform: AffineTransform_float_3_3
Parameters: 1 9.30434e-05 0.00032182 -9.38805e-05 0.999999 0.00130097 -0.000321577 -0.00130103 0.999999 0.0010209 0.00780842 0.10483
FixedParameters: 0 0 0

#Transform 112
Transform: AffineTransform_float_3_3
Parameters: 1 0.000144003 0.000497581 -0.000144072 1 0.00103393 -0.000497563 -0.00103407 1 0.00160499 0.0283936 0.0859745
FixedParameters: 0 0 0

#Transform 113
Transform: AffineTransform_float_3_3
Parameters: 1 0.000143994 0.000497584 -0.000144081 1 0.00105293 -0.00049756 -0.00105307 1 0.00161442 0.0151027 0.102771
FixedParameters: 0 0 0

#Transform 114
Transform: AffineTransform_float_3_3
Parameters: 1 0.000144139 0.000497542 -0.000144895 0.999999 0.000759927 -0.000497322 -0.000760071 0.999999 0.00160694 0.0305156 0.0712016
FixedParameters: 0 0 0

#Transform 115
Transform: AffineTransform_float_3_3
Parameters: 1 0.000107687 0.000371715 -0.000108252 0.999999 0.000759959 -0.000371551 -0.00076004 0.999999 0.00120794 0.0313309 0.0890366
FixedParameters: 0 0 0

#Transform 116
Transform: AffineTransform_float_3_3
Parameters: 1 0.000144051 0.000497567 -0.000144983 0.999999 0.000937196 -0.000497297 -0.000936804 1 0.00162629 0.0261243 0.103319
FixedParameters: 0 0 0

#Transform 117
Transform: AffineTransform_float_3_3
Parameters: 1 0.000144139 0.000497542 -0.000144895 0.999999 0.000759927 -0.000497322 -0.000760071 0.999999 -0.00252487 0.0314222 0.0894142
FixedParameters: 0 0 0

#Transform 118
Transform: AffineTransform_float_3_3
Parameters: 1 0.000249729 0.000466968 -0.00024961 0.999999 0.000900152 -0.000466798 -0.000899849 1 0.0027611 0.00585524 0.109662
FixedParameters: 0 0 0

#Transform 119
Transform: AffineTransform_float_3_3
Parameters: 1 0.000144098 0.000497553 -0.000144936 0.999999 0.000841927 -0.00049731 -0.000842071 0.999999 0.00163441 0.0443836 0.126411
FixedParameters: 0 0 0

#Transform 120
Transform: AffineTransform_float_3_3
Parameters: 1 0.00014401 0.000497579 -0.000144064 1 0.00101893 -0.000497565 -0.00101907 1 0.00162303 0.030027 0.10368
FixedParameters: 0 0 0

#Transform 121
Transform: AffineTransform_float_3_3
Parameters: 1 0.000244032 0.000468602 -0.000244744 0.999999 0.000759885 -0.000468231 -0.000760114 0.999999 0.00272443 0.018095 0.100216
FixedParameters: 0 0 0

#Transform 122
Transform: AffineTransform_float_3_3
Parameters: 1 0.000112386 0.000388053 -0.000113038 0.999999 0.000839956 -0.000387864 -0.000840043 0.999999 0.00127721 0.0359708 0.0976134
FixedParameters: 0 0 0

#Transform 123
Transform: AffineTransform_float_3_3
Parameters: 1 0.000144023 0.000497576 -0.000144052 0.999999 0.000994196 -0.000497568 -0.000993804 1 0.00163431 0.0422399 0.102714
FixedParameters: 0 0 0

#Transform 124
Transform: AffineTransform_float_3_3
Parameters: 1 0.000161113 0.000556132 -0.000161958 0.999999 0.000759909 -0.000555887 -0.000760089 0.999999 0.00180294 0.0461129 0.0919927
FixedParameters: 0 0 0

#Transform 125
Transform: AffineTransform_float_3_3
Parameters: 1 6.89766e-05 0.000238215 -6.94029e-05 0.999999 0.000894983 -0.000238091 -0.000895016 0.999999 0.000740268 0.0239799 0.102469
FixedParameters: 0 0 0

#Transform 126
Transform: AffineTransform_float_3_3
Parameters: 1 0.000107409 0.000370755 -0.000107972 0.999999 0.00075996 -0.000370591 -0.000760039 0.999999 0.00115919 0.0611138 0.0720733
FixedParameters: 0 0 0

#Transform 127
Transform: AffineTransform_float_3_3
Parameters: 1 0.000131537 0.000454343 -0.000132388 0.999999 0.000937208 -0.000454095 -0.000936792 1 0.00823235 0.0370646 0.0975815
FixedParameters: 0 0 0

#Transform 128
Transform: AffineTransform_float_3_3
Parameters: 1 8.06645e-05 0.000278555 -8.11502e-05 0.999999 0.000871977 -0.000278414 -0.000872022 0.999999 0.000852108 0.0590372 0.0785416
FixedParameters: 0 0 0

#Transform 129
Transform: AffineTransform_float_3_3
Parameters: 1 8.06133e-05 0.000278571 -8.12015e-05 1 0.00105598 -0.0002784 -0.00105602 1 0.000866687 0.0291791 0.0928889
FixedParameters: 0 0 0

#Transform 130
Transform: AffineTransform_float_3_3
Parameters: 1 8.05261e-05 0.000278596 -8.12886e-05 0.999999 0.00136898 -0.000278374 -0.00136902 0.999999 0.00085764 0.0566327 0.0739698
FixedParameters: 0 0 0

#Transform 131
Transform: AffineTransform_float_3_3
Parameters: 1 8.05846e-05 0.000278579 -8.12302e-05 1 0.00115898 -0.000278391 -0.00115902 1 0.000858261 0.047047 0.0789839
FixedParameters: 0 0 0

#Transform 132
Transform: AffineTransform_float_3_3
Parameters: 1 8.05774e-05 0.000278581 -8.12374e-05 1 0.00118498 -0.000278389 -0.00118502 1 0.00548301 0.0281233 0.0907772
FixedParameters: 0 0 0

#Transform 133
Transform: AffineTransform_float_3_3
Parameters: 1 8.0562e-05 0.000278585 -8.12527e-05 0.999999 0.00123998 -0.000278385 -0.00124002 0.999999 0.000848009 0.0645894 0.0729835
FixedParameters: 0 0 0

#Transform 134
Transform: AffineTransform_float_3_3
Parameters: 1 8.05841e-05 0.000278579 -8.12307e-05 1 0.00116098 -0.000278391 -0.00116102 1 0.000871051 0.0166233 0.0942525
FixedParameters: 0 0 0

#Transform 135
Transform: AffineTransform_float_3_3
Parameters: 1 2.86961e-05 0.000293586 -2.9407e-05 1 0.00121099 -0.000293515 -0.00121101 0.999999 0.000320961 0.0401259 0.115051
FixedParameters: 0 0 0

#Transform 136
Transform: AffineTransform_float_3_3
Parameters: 1 -0.000254545 0.000246439 0.000253974 1 0.00115606 -0.000247027 -0.00115594 1 -0.00280926 0.0796805 0.0556408
FixedParameters: 0 0 0

#Transform 137
Transform: AffineTransform_float_3_3
Parameters: 1 -0.000443145 -6.2424e-06 0.000443162 0.999999 0.001482 4.9289e-06 -0.001482 0.999999 4.34084e-05 0.0272057 0.0711525
FixedParameters: 0 0 0

#Transform 138
Transform: AffineTransform_float_3_3
Parameters: 1 -0.000279279 0.000128588 0.000278911 0.999999 0.00142704 -0.000129385 -0.00142696 0.999999 -0.00308984 0.0493875 0.0573143
FixedParameters: 0 0 0

#Transform 139
Transform: AffineTransform_float_3_3
Parameters: 0.999999 -0.000852413 0.000111949 0.000851384 0.999999 0.00154383 -0.00011334 -0.00154417 0.999999 -0.0092994 0.0598107 -0.0192209
FixedParameters: 0 0 0

#Transform 140
Transform: AffineTransform_float_3_3
Parameters: 0.999999 -0.00084078 0.000220658 0.000840205 0.999998 0.00192619 -0.000222935 -0.00192581 0.999998 -0.00600146 0.00610618 0.0379062
FixedParameters: 0 0 0

#Transform 141
Transform: AffineTransform_float_3_3
Parameters: 0.999999 -0.000793807 9.5034e-05 0.000793793 0.999998 0.00152707 -9.6498e-05 -0.00152692 0.999999 -0.00872696 0.0633286 0.0207439
FixedParameters: 0 0 0

#Transform 142
Transform: AffineTransform_float_3_3
Parameters: 0.999999 -0.000829359 0.000105266 0.000829305 0.999999 0.00157074 -0.000106911 -0.00157026 0.999998 -0.00908288 0.0380567 0.0412792
FixedParameters: 0 0 0

#Transform 143
Transform: AffineTransform_float_3_3
Parameters: 1 -0.000464923 0.000109321 0.000464867 0.999998 0.00152905 -0.000109782 -0.00152895 0.999999 0.00385278 0.0456346 0.0654097
FixedParameters: 0 0 0

#Transform 144
Transform: AffineTransform_float_3_3
Parameters: 1 -0.000494062 8.53686e-06 0.000494037 0.999999 0.001344 -9.86486e-06 -0.001344 0.999999 -0.0054264 0.0689609 0.0556717
FixedParameters: 0 0 0

#Transform 145
Transform: AffineTransform_float_3_3
Parameters: 1 -0.000443837 0.000182323 0.000443267 0.999998 0.00155808 -0.000183705 -0.00155792 0.999999 0.00126453 0.0472422 0.0645556
FixedParameters: 0 0 0

#Transform 146
Transform: AffineTransform_float_3_3
Parameters: 1 -0.000463001 0.000115968 0.000462604 0.999999 0.00169679 -0.000117539 -0.00169721 0.999998 0.00611934 0.0507799 0.077173
FixedParameters: 0 0 0

#Transform 147
Transform: AffineTransform_float_3_3
Parameters: 1 -0.000494064 8.38024e-06 0.000494314 0.999998 0.001661 -9.06164e-06 -0.00166099 0.999998 -0.0054243 0.0731828 0.0758873
FixedParameters: 0 0 0

#Transform 148
Transform: AffineTransform_float_3_3
Parameters: 1 -0.000646819 5.25515e-05 0.000645973 0.999998 0.00156003 -5.33289e-05 -0.00155996 0.999999 0.00342151 0.0650833 0.122543
FixedParameters: 0 0 0

#Transform 149
Transform: AffineTransform_float_3_3
Parameters: 1 -0.000514398 0.000449529 0.000513188 0.999999 0.00134423 -0.00045091 -0.00134377 0.999999 0.00942344 0.0477734 0.126964
FixedParameters: 0 0 0

#Transform 150
Transform: AffineTransform_float_3_3
Parameters: 1 -0.000419728 0.000265854 0.000419112 0.999999 0.00168084 -0.000266304 -0.00168116 0.999998 0.0123294 0.0415203 0.115779
FixedParameters: 0 0 0

#Transform 151
Transform: AffineTransform_float_3_3
Parameters: 1 -0.000663153 5.72503e-05 0.000662288 0.999998 0.00158804 -5.81158e-05 -0.00158796 0.999998 0.0128815 0.0633997 0.0837256
FixedParameters: 0 0 0

#Transform 152
Transform: AffineTransform_float_3_3
Parameters: 1 -0.000517293 0.000245146 0.000516783 0.999998 0.00160713 -0.000245847 -0.00160687 0.999998 0.0123618 0.0438655 0.0891308
FixedParameters: 0 0 0

#Transform 153
Transform: AffineTransform_float_3_3
Parameters: 1 -0.000548583 0.000313454 0.000547797 0.999999 0.0016959 -0.000314353 -0.0016961 0.999998 0.0120565 0.0419425 0.0886051
FixedParameters: 0 0 0

#Transform 154
Transform: AffineTransform_float_3_3
Parameters: 0.999999 -0.000716639 0.00032254 0.000715919 0.999998 0.00154623 -0.000323794 -0.00154577 0.999999 0.00445042 0.048975 0.0882652
FixedParameters: 0 0 0

#Transform 155
Transform: AffineTransform_float_3_3
Parameters: 0.999999 -0.000672937 0.000383782 0.000672951 0.999999 0.00159299 -0.000385245 -0.00159301 0.999998 0.0106539 0.0430607 0.0692274
FixedParameters: 0 0 0

#Transform 156
Transform: AffineTransform_float_3_3
Parameters: 1 -0.000380917 0.00040034 0.000379806 0.999999 0.00173515 -0.0004007 -0.00173485 0.999999 0.0139293 0.0473282 0.113609
FixedParameters: 0 0 0

#Transform 157
Transform: AffineTransform_float_3_3
Parameters: 0.999999 -0.000739829 0.000418796 0.000738852 0.999998 0.00149731 -0.000420049 -0.00149669 0.999999 0.0100051 0.0604323 0.0618957
FixedParameters: 0 0 0

#Transform 158
Transform: AffineTransform_float_3_3
Parameters: 1 -0.000631477 0.000181346 0.000631185 0.999998 0.00157011 -0.000182368 -0.00156988 0.999999 0.0111029 0.0399024 0.0739746
FixedParameters: 0 0 0

#Transform 159
Transform: AffineTransform_float_3_3
Parameters: 0.999999 -0.00069586 0.00019989 0.000695482 0.999999 0.00163787 -0.000201208 -0.00163813 0.999998 0.0104338 0.0602761 0.0746966
FixedParameters: 0 0 0

#Transform 160
Transform: AffineTransform_float_3_3
Parameters: 0.999999 -0.000468043 0.00057437 0.000467366 0.999999 0.001667 -0.000575248 -0.001667 0.999998 0.0129798 0.0420216 0.0825631
FixedParameters: 0 0 0

#Transform 161
Transform: AffineTransform_float_3_3
Parameters: 1 -0.000458602 0.000131204 0.000458356 0.999998 0.00199406 -0.000132072 -0.00199394 0.999998 0.0130061 0.0704668 0.0708943
FixedParameters: 0 0 0

#Transform 162
Transform: AffineTransform_float_3_3
Parameters: 1 -0.00066895 0.000192151 0.000668615 0.999998 0.00159413 -0.000193323 -0.00159387 0.999998 0.0107079 0.0557115 0.0621949
FixedParameters: 0 0 0

#Transform 163
Transform: AffineTransform_float_3_3
Parameters: 0.999999 -0.000770527 0.00044224 0.000769763 0.999998 0.00149434 -0.000442621 -0.00149366 0.999999 0.00695837 0.0457674 0.0834884
FixedParameters: 0 0 0

#Transform 164
Transform: AffineTransform_float_3_3
Parameters: 0.999999 -0.00083929 0.000348433 0.000838645 0.999998 0.0017231 -0.000349404 -0.0017239 0.999998 0.00887885 0.0532494 0.094533
FixedParameters: 0 0 0

#Transform 165
Transform: AffineTransform_float_3_3
Parameters: 0.999999 -0.000798717 0.000452623 0.000799035 0.999999 0.00132536 -0.000453099 -0.00132464 0.999999 0.00931531 0.0486658 0.0844621
FixedParameters: 0 0 0

#Transform 166
Transform: AffineTransform_float_3_3
Parameters: 0.999999 -0.000600507 0.000540859 0.00060003 0.999998 0.00158432 -0.00054208 -0.00158367 0.999998 0.00883511 0.0457366 0.0823626
FixedParameters: 0 0 0

#Transform 167
Transform: AffineTransform_float_3_3
Parameters: 0.999999 -0.000592843 0.000545873 0.000592266 0.999999 0.00166206 -0.000547162 -0.00166194 0.999998 0.0115359 0.0611993 0.114747
FixedParameters: 0 0 0

#Transform 168
Transform: AffineTransform_float_3_3
Parameters: 1 -0.000767297 0.000518308 0.000766276 0.999999 0.00152221 -0.000518722 -0.00152279 0.999999 0.00981977 0.051717 0.0876615
FixedParameters: 0 0 0

#Transform 169
Transform: AffineTransform_float_3_3
Parameters: 0.999999 -0.000628839 0.000558289 0.000627457 0.999999 0.00173735 -0.000558551 -0.00173665 0.999999 0.0201943 0.0430276 0.0994029
FixedParameters: 0 0 0

#Transform 170
Transform: AffineTransform_float_3_3
Parameters: 1 -0.000408833 0.000304016 0.000407687 0.999997 0.00233913 -0.000304965 -0.00233888 0.999997 0.0204034 0.045943 0.131524
FixedParameters: 0 0 0

#Transform 171
Transform: AffineTransform_float_3_3
Parameters: 0.999999 -0.000750294 0.000462121 0.000750119 0.999998 0.00182943 -0.000463225 -0.00182958 0.999999 0.0098327 0.0722694 0.0919278
FixedParameters: 0 0 0

#Transform 172
Transform: AffineTransform_float_3_3
Parameters: 1 -0.000386094 0.000581601 0.000384689 0.999997 0.0022713 -0.00058267 -0.0022717 0.999998 0.0139228 0.0463113 0.11351
FixedParameters: 0 0 0

#Transform 173
Transform: AffineTransform_float_3_3
Parameters: 1 -0.00036988 0.000438725 0.000369483 0.999998 0.00186224 -0.00043942 -0.00186276 0.999999 0.0140556 0.058183 0.12332
FixedParameters: 0 0 0

#Transform 174
Transform: AffineTransform_float_3_3
Parameters: 1 -0.000407794 0.000307176 0.000407052 0.999998 0.00166012 -0.000307568 -0.00165987 0.999998 0.013652 0.0507368 0.133083
FixedParameters: 0 0 0

#Transform 175
Transform: AffineTransform_float_3_3
Parameters: 1 -0.000385724 0.000383914 0.000385444 0.999998 0.00197623 -0.000384757 -0.00197677 0.999998 0.0138728 0.0477877 0.130647
FixedParameters: 0 0 0

#Transform 176
Transform: AffineTransform_float_3_3
Parameters: 1 -0.000517449 0.000338601 0.000517303 0.999998 0.00204217 -0.000340033 -0.00204182 0.999998 0.0123867 0.0744879 0.11975
FixedParameters: 0 0 0

#Transform 177
Transform: AffineTransform_float_3_3
Parameters: 1 -0.000459708 0.000127369 0.000459481 0.999998 0.00197606 -0.000128225 -0.00197594 0.999998 0.013032 0.0693595 0.0946839
FixedParameters: 0 0 0

#Transform 178
Transform: AffineTransform_float_3_3
Parameters: 1 -0.000476128 0.000326695 0.00047508 0.999998 0.00202915 -0.000327665 -0.00202884 0.999998 0.0101329 0.0488898 0.0923852
FixedParameters: 0 0 0

#Transform 179
Transform: AffineTransform_float_3_3
Parameters: 1 -0.00057505 0.000355306 0.000574259 0.999998 0.0018982 -0.000355567 -0.0018978 0.999998 0.0117959 0.0773403 0.102948
FixedParameters: 0 0 0

#Transform 180
Transform: AffineTransform_float_3_3
Parameters: 0.999999 -0.000740343 0.000402921 0.000739306 0.999997 0.00197638 -0.000403925 -0.00197662 0.999998 0.00664149 0.0727801 0.106968
FixedParameters: 0 0 0

#Transform 181
Transform: AffineTransform_float_3_3
Parameters: 1 -0.000422023 0.000258044 0.000421281 0.999998 0.00197611 -0.00025875 -0.00197589 0.999998 0.0134694 0.0646925 0.113313
FixedParameters: 0 0 0

#Transform 182
Transform: AffineTransform_float_3_3
Parameters: 1 -0.000388494 0.000103634 0.000388325 0.999997 0.00215704 -0.00010435 -0.00215696 0.999997 -0.0083938 0.0829362 0.111061
FixedParameters: 0 0 0

#Transform 183
Transform: AffineTransform_float_3_3
Parameters: 1 -0.000477996 6.39535e-05 0.00047802 0.999998 0.00197603 -6.48823e-05 -0.00197597 0.999998 0.00401612 0.0637756 0.107113
FixedParameters: 0 0 0

#Transform 184
Transform: AffineTransform_float_3_3
Parameters: 1 -0.000417383 0.000274271 0.000416435 0.999998 0.00223212 -0.000275172 -0.00223189 0.999998 0.00838306 0.0721958 0.116436
FixedParameters: 0 0 0

#Transform 185
Transform: AffineTransform_float_3_3
Parameters: 0.999999 -0.000779282 -1.35988e-05 0.000779891 0.999997 0.00197599 1.24384e-05 -0.00197601 0.999998 -0.00391692 0.082561 0.105281
FixedParameters: 0 0 0

#Transform 186
Transform: AffineTransform_float_3_3
Parameters: 1 -0.000396369 0.000347271 0.000396002 0.999998 0.00230814 -0.000348418 -0.00230786 0.999998 0.00189581 0.0528352 0.125548
FixedParameters: 0 0 0

#Transform 187
Transform: AffineTransform_float_3_3
Parameters: 1 -0.00045943 0.00012833 0.000459201 0.999998 0.00197606 -0.000129185 -0.00197594 0.999998 0.00321002 0.100676 0.107659
FixedParameters: 0 0 0

#Transform 188
Transform: AffineTransform_float_3_3
Parameters: 1 -0.000391921 0.000362666 0.000391522 0.999998 0.00225514 -0.000363752 -0.00225486 0.999998 0.00675818 0.0612926 0.123555
FixedParameters: 0 0 0

#Transform 189
Transform: AffineTransform_float_3_3
Parameters: 1 -0.000436998 0.000206133 0.000436437 0.999998 0.00203409 -0.000206949 -0.00203391 0.999998 0.00469433 0.0717635 0.108915
FixedParameters: 0 0 0

#Transform 190
Transform: AffineTransform_float_3_3
Parameters: 1 -0.000417329 0.000274353 0.000416489 0.999998 0.00203611 -0.00027509 -0.00203588 0.999998 0.0134932 0.0526408 0.116504
FixedParameters: 0 0 0

#Transform 191
Transform: AffineTransform_float_3_3
Parameters: 1 -0.000454188 0.000146516 0.000453841 0.999997 0.00212907 -0.000147489 -0.00212893 0.999997 0.00589846 0.0755194 0.138535
FixedParameters: 0 0 0

#Transform 192
Transform: AffineTransform_float_3_3
Parameters: 1 -0.000466635 0.000103348 0.000466504 0.999998 0.00197605 -0.000104232 -0.00197595 0.999998 0.0129145 0.0746628 0.134472
FixedParameters: 0 0 0

#Transform 193
Transform: AffineTransform_float_3_3
Parameters: 0.999999 -0.000627111 0.000366103 0.000626221 0.999997 0.00197631 -0.00036666 -0.00197669 0.999998 0.0112852 0.0561819 0.140747
