# transform file /out/sourcedata/freesurfer/sub-v1s22x0050489_ses-1/mri/transforms/cc_up.lta
# created by oesteban on Mon Mar  9 16:34:56 2026

type      = 0 # LINEAR_VOX_TO_VOX
nxforms   = 1
mean      = 126.0000 113.0000 114.0000
sigma     = 10000.0000
1 4 4
9.980133771896362e-01 -8.242952637374401e-03 6.246213242411613e-02 -5.370111942291260e+00 
8.226855657994747e-03 9.999660849571228e-01 5.148898344486952e-04 2.889727020263672e+01 
-6.246425211429596e-02 0.000000000000000e+00 9.980472922325134e-01 4.922778701782227e+01 
0.000000000000000e+00 0.000000000000000e+00 0.000000000000000e+00 1.000000000000000e+00 
src volume info
valid = 1  # volume info valid
filename = /out/sourcedata/freesurfer/sub-v1s22x0050489_ses-1/mri/norm.mgz
volume = 256 256 256
voxelsize = 1.000000000000000e+00 1.000000000000000e+00 1.000000000000000e+00
xras   = -1.000000000000000e+00 0.000000000000000e+00 0.000000000000000e+00
yras   = 0.000000000000000e+00 0.000000000000000e+00 -1.000000000000000e+00
zras   = 0.000000000000000e+00 1.000000000000000e+00 0.000000000000000e+00
cras   = -1.756362915039062e-01 4.562632751464844e+01 3.290634155273438e-01
dst volume info
valid = 1  # volume info valid
filename = /out/sourcedata/freesurfer/sub-v1s22x0050489_ses-1/mri/norm.mgz
volume = 256 256 256
voxelsize = 1.000000000000000e+00 1.000000000000000e+00 1.000000000000000e+00
xras   = -1.000000000000000e+00 0.000000000000000e+00 0.000000000000000e+00
yras   = 0.000000000000000e+00 0.000000000000000e+00 -1.000000000000000e+00
zras   = 0.000000000000000e+00 1.000000000000000e+00 0.000000000000000e+00
cras   = -1.756362915039062e-01 4.562632751464844e+01 3.290634155273438e-01
