#Insight Transform File V1.0
#Transform 0
Transform: AffineTransform_float_3_3
Parameters: 1 0.000399763 0.000375252 -0.000399345 1 -0.00041115 -0.000374586 0.00041085 1 0.0276567 -0.0191795 -0.0262311
FixedParameters: 0 0 0

#Transform 1
Transform: AffineTransform_float_3_3
Parameters: 1 0.000235817 0.00024963 -0.000235817 1 -5.88671e-08 -0.00024963 -5.88671e-08 1 0.0193429 -0.0295524 -0.0563443
FixedParameters: 0 0 0

#Transform 2
Transform: AffineTransform_float_3_3
Parameters: 1 -0.000549516 -0.000420138 0.00054935 1 -0.000197231 0.000420354 0.000196769 1 0.00313091 -0.000500734 -0.0118352
FixedParameters: 0 0 0

#Transform 3
Transform: AffineTransform_float_3_3
Parameters: 1 -4.96939e-05 5.52428e-06 4.97022e-05 0.999999 -0.000755999 -5.44914e-06 0.000756 0.999999 0.0151041 -0.0219316 -0.018409
FixedParameters: 0 0 0

#Transform 4
Transform: AffineTransform_float_3_3
Parameters: 1 0.000272896 0.000364078 -0.000273339 0.999999 -0.000756099 -0.000364381 0.0007559 0.999999 0.00261352 -0.00489352 -0.0212747
FixedParameters: 0 0 0

#Transform 5
Transform: AffineTransform_float_3_3
Parameters: 1 0.000254433 -2.82843e-05 -0.000254475 0.999999 -0.000755992 2.78996e-05 0.000756007 0.999999 0.00845911 -0.0157186 -0.0191163
FixedParameters: 0 0 0

#Transform 6
Transform: AffineTransform_float_3_3
Parameters: 1 0.000120246 -1.34891e-05 -0.000120292 0.999999 -0.001757 1.30665e-05 0.001757 0.999999 0.00296926 -0.0276222 0.00645193
FixedParameters: 0 0 0

#Transform 7
Transform: AffineTransform_float_3_3
Parameters: 1 -0.000161008 1.78987e-05 0.000161035 0.999999 -0.000755997 -1.76552e-05 0.000756002 0.999999 0.00392697 -0.0126605 -0.00970149
FixedParameters: 0 0 0

#Transform 8
Transform: AffineTransform_float_3_3
Parameters: 1 0.000154136 -0.000477956 -0.000154859 0.999999 -0.000755926 0.000477722 0.000756073 0.999999 -0.0123718 -0.00293712 -0.0043606
FixedParameters: 0 0 0

#Transform 9
Transform: AffineTransform_float_3_3
Parameters: 1 -0.000160996 1.80045e-05 0.000161047 0.999999 -0.001413 -1.75494e-05 0.001413 0.999999 0.00163459 -0.00481872 -0.0161314
FixedParameters: 0 0 0

#Transform 10
Transform: AffineTransform_float_3_3
Parameters: 1 -0.000160999 1.79839e-05 0.000161044 0.999999 -0.001285 -1.757e-05 0.001285 0.999999 0.0016346 0.0269674 -0.00888101
FixedParameters: 0 0 0

#Transform 11
Transform: AffineTransform_float_3_3
Parameters: 1 -0.000136753 0.000235592 0.000136233 0.999999 -0.00100597 -0.000235208 0.00100603 0.999999 0.0145162 -0.0251159 0.000953302
FixedParameters: 0 0 0

#Transform 12
Transform: AffineTransform_float_3_3
Parameters: 1 -0.000125328 0.000334157 0.00012593 0.999997 -0.00238996 -0.000333447 0.00239004 0.999997 0.0159214 -0.0318775 -0.0176319
FixedParameters: 0 0 0

#Transform 13
Transform: AffineTransform_float_3_3
Parameters: 1 0.000297929 0.000461873 -0.000296981 0.999999 -0.000908136 -0.000461419 0.000907862 0.999999 0.0124319 -0.00221709 -0.018965
FixedParameters: 0 0 0

#Transform 14
Transform: AffineTransform_float_3_3
Parameters: 1 0.000282148 0.00046357 -0.00028195 1 -0.00116813 -0.000463126 0.00116787 0.999999 0.00208344 -0.00810994 -0.0027318
FixedParameters: 0 0 0

#Transform 15
Transform: AffineTransform_float_3_3
Parameters: 1 0.000155139 0.00020003 -0.000154672 1 -0.00116803 -0.000200391 0.00116797 1 0.00910658 0.014512 0.00850421
FixedParameters: 0 0 0

#Transform 16
Transform: AffineTransform_float_3_3
Parameters: 1 0.000223596 0.000236687 -0.000223098 0.999999 -0.00104994 -0.000237156 0.00105006 1 0.0018929 0.00481412 -0.0015751
FixedParameters: 0 0 0

#Transform 17
Transform: AffineTransform_float_3_3
Parameters: 1 -3.32131e-05 -5.46799e-05 3.319e-05 1 -0.000211002 5.46939e-05 0.000210998 1 -0.00550264 0.0179146 -0.00656104
FixedParameters: 0 0 0

#Transform 18
Transform: AffineTransform_float_3_3
Parameters: 1 0.000240745 7.48601e-05 -0.000241517 0.999999 -0.000753018 -7.41196e-05 0.000752982 0.999999 5.59496e-05 -0.00291759 -0.0148565
FixedParameters: 0 0 0

#Transform 19
Transform: AffineTransform_float_3_3
Parameters: 1 -0.000181461 -0.000165955 0.000181184 0.999999 -0.000833029 0.000166257 0.000832969 0.999999 -0.00852716 0.00826006 0.00984056
FixedParameters: 0 0 0

#Transform 20
Transform: AffineTransform_float_3_3
Parameters: 1 -0.000211737 9.58762e-05 0.000211791 1 -0.00028198 -9.57567e-05 0.00028202 1 -0.00325617 -0.00529296 -0.00276067
FixedParameters: 0 0 0

#Transform 21
Transform: AffineTransform_float_3_3
Parameters: 1 0.000449309 0.000150406 -0.000450165 1 -0.000460068 -0.00015071 0.000459932 1 -0.000247066 -0.00691928 0.00148939
FixedParameters: 0 0 0

#Transform 22
Transform: AffineTransform_float_3_3
Parameters: 1 0.000553054 -4.82144e-05 -0.000552986 1 -0.000421973 4.87416e-05 0.000422027 1 -0.00724656 -0.011886 -0.006312
FixedParameters: 0 0 0

#Transform 23
Transform: AffineTransform_float_3_3
Parameters: 0.999999 0.000846899 -0.000156878 -0.000846898 0.999999 4.13286e-06 0.000156885 -3.86713e-06 1 -0.0179057 -0.0232382 -0.0072241
FixedParameters: 0 0 0

#Transform 24
Transform: AffineTransform_float_3_3
Parameters: 1 0.000521002 -0.000274018 -0.000521193 1 -0.000349857 0.000273653 0.000350143 1 -0.0141221 0.0329023 0.0126743
FixedParameters: 0 0 0

#Transform 25
Transform: AffineTransform_float_3_3
Parameters: 1 0.00031579 0.000209777 -0.000316026 1 0.000561934 -0.000209422 -0.000562066 1 -0.00470273 0.0443804 0.0142861
FixedParameters: 0 0 0

#Transform 26
Transform: AffineTransform_float_3_3
Parameters: 1 0.000334654 6.07583e-05 -0.000334697 1 0.00035098 -6.05233e-05 -0.00035102 1 0.00460282 0.044277 -0.0017087
FixedParameters: 0 0 0

#Transform 27
Transform: AffineTransform_float_3_3
Parameters: 1 0.000396029 -6.70174e-05 -0.00039608 1 -0.000385973 6.67117e-05 0.000386026 1 -0.000482945 0.00535287 0.019553
FixedParameters: 0 0 0

#Transform 28
Transform: AffineTransform_float_3_3
Parameters: 1 0.000554509 8.37824e-05 -0.000554548 1 0.000230954 -8.35263e-05 -0.000231046 1 0.0145788 -0.00360598 0.00260118
FixedParameters: 0 0 0

#Transform 29
Transform: AffineTransform_float_3_3
Parameters: 1 0.000603424 -7.48837e-05 -0.000603477 1 -0.000353955 7.44565e-05 0.000354045 1 -0.0014894 0.0170721 0.0248531
FixedParameters: 0 0 0

#Transform 30
Transform: AffineTransform_float_3_3
Parameters: 0.999999 0.000839352 -0.000143133 -0.000839297 0.999999 -0.00019188 0.000143805 0.000192121 1 -0.0344199 0.0215121 0.0383655
FixedParameters: 0 0 0

#Transform 31
Transform: AffineTransform_float_3_3
Parameters: 1 0.00104235 0.000200758 -0.00104232 1 -7.23304e-05 -0.000200909 7.26695e-05 1 -0.00287822 0.00583409 0.0313751
FixedParameters: 0 0 0

#Transform 32
Transform: AffineTransform_float_3_3
Parameters: 0.999999 0.000966802 0.000209121 -0.00096678 0.999999 -5.32142e-05 -0.000209225 5.37857e-05 1 -0.00884962 0.00471228 0.0181111
FixedParameters: 0 0 0

#Transform 33
Transform: AffineTransform_float_3_3
Parameters: 0.999999 0.00076175 -9.89164e-05 -0.00076168 0.999999 0.000353075 9.94542e-05 -0.000352924 1 -0.00976559 0.0138128 0.0315363
FixedParameters: 0 0 0

#Transform 34
Transform: AffineTransform_float_3_3
Parameters: 0.999999 0.000971598 -0.000312428 -0.00097155 0.999999 7.63035e-05 0.000312576 -7.56963e-05 1 -0.0164742 -0.00379435 0.0406749
FixedParameters: 0 0 0

#Transform 35
Transform: AffineTransform_float_3_3
Parameters: 0.999999 0.00130668 -0.000165849 -0.0013068 0.999999 -0.000348893 0.000164937 0.000349107 1 -0.02877 -0.00991938 0.0428636
FixedParameters: 0 0 0

#Transform 36
Transform: AffineTransform_float_3_3
Parameters: 0.999999 0.00166717 -0.000553852 -0.00166742 0.999998 -0.000326186 0.000553756 0.000327814 1 -0.0591245 -0.0232859 0.0237635
FixedParameters: 0 0 0

#Transform 37
Transform: AffineTransform_float_3_3
Parameters: 0.999998 0.00183619 -0.000597629 -0.00183705 0.999998 -0.000807109 0.000595657 0.000807889 0.999999 -0.0550292 -0.0247049 0.0264426
FixedParameters: 0 0 0

#Transform 38
Transform: AffineTransform_float_3_3
Parameters: 0.999998 0.00168401 -0.000401239 -0.00168427 0.999999 -0.000594543 0.000401223 0.000595459 1 -0.058822 -0.0245791 0.0178227
FixedParameters: 0 0 0

#Transform 39
Transform: AffineTransform_float_3_3
Parameters: 0.999998 0.00168415 -0.000400678 -0.00168425 0.999999 -0.000261532 0.000400791 0.000261469 1 -0.0587839 0.000467092 0.0280431
FixedParameters: 0 0 0

#Transform 40
Transform: AffineTransform_float_3_3
Parameters: 0.999999 0.001643 -0.000774717 -0.00164277 0.999999 0.000149067 0.000775205 -0.000147933 1 -0.0412446 0.015186 0.020395
FixedParameters: 0 0 0

#Transform 41
Transform: AffineTransform_float_3_3
Parameters: 0.999999 0.00125158 -0.000520155 -0.00125131 0.999999 0.000251554 0.000520785 -0.000251445 1 -0.0358638 -0.00441372 0.0260601
FixedParameters: 0 0 0

#Transform 42
Transform: AffineTransform_float_3_3
Parameters: 0.999999 0.0012616 -0.000428184 -0.0012617 0.999999 -0.000120569 0.000427878 0.000121431 1 -0.0356163 -0.00129423 0.0127237
FixedParameters: 0 0 0

#Transform 43
Transform: AffineTransform_float_3_3
Parameters: 0.999999 0.00127372 -0.000318157 -0.00127383 0.999999 -0.000357704 0.000318239 0.000358297 1 -0.0353619 -0.00343906 -0.00144164
FixedParameters: 0 0 0

#Transform 44
Transform: AffineTransform_float_3_3
Parameters: 0.999999 0.0012226 -0.000781855 -0.00122257 0.999999 2.18589e-05 0.000781907 -2.11411e-05 1 -0.0364881 0.00101124 0.0305107
FixedParameters: 0 0 0

#Transform 45
Transform: AffineTransform_float_3_3
Parameters: 0.999998 0.00159405 -0.000388683 -0.00159388 0.999998 0.000360511 0.000388837 -0.00035949 1 -0.0558219 0.0137257 0.00220312
FixedParameters: 0 0 0

#Transform 46
Transform: AffineTransform_float_3_3
Parameters: 0.999999 0.00164614 -0.000662874 -0.00164632 0.999999 -0.000136115 0.000662425 0.000136885 1 -0.0517211 -0.0190283 0.018616
FixedParameters: 0 0 0

#Transform 47
Transform: AffineTransform_float_3_3
Parameters: 0.999998 0.00164312 -0.000426148 -0.00164326 0.999998 -0.000159409 0.000425623 0.00016059 1 -0.0594195 -0.0116282 0.0277893
FixedParameters: 0 0 0

#Transform 48
Transform: AffineTransform_float_3_3
Parameters: 0.999999 0.00175372 -0.000627365 -0.0017537 0.999999 -7.3106e-05 0.000628101 7.38956e-05 1 -0.0572619 -0.0103941 0.0210027
FixedParameters: 0 0 0

#Transform 49
Transform: AffineTransform_float_3_3
Parameters: 0.999999 0.00151877 -0.000349879 -0.00151881 0.999999 -6.75777e-05 0.000349672 6.84221e-05 1 -0.0578128 -0.019549 0.0299037
FixedParameters: 0 0 0

#Transform 50
Transform: AffineTransform_float_3_3
Parameters: 0.999999 0.00115755 -0.000585938 -0.00115792 0.999999 -0.000309419 0.000585221 0.000309581 1 -0.0673658 -0.00493303 0.0517644
FixedParameters: 0 0 0

#Transform 51
Transform: AffineTransform_float_3_3
Parameters: 1 0.000707535 -0.000765911 -0.000706843 0.999999 0.000451553 0.00076655 -0.000451446 0.999999 -0.0742767 0.0279336 0.0226951
FixedParameters: 0 0 0

#Transform 52
Transform: AffineTransform_float_3_3
Parameters: 1 -7.07213e-05 -9.48815e-05 7.10506e-05 1 0.00115199 9.57122e-05 -0.00115201 1 -0.0963045 0.04983 0.0745367
FixedParameters: 0 0 0

#Transform 53
Transform: AffineTransform_float_3_3
Parameters: 1 0.000258152 -0.000451923 -0.000257756 1 0.000438116 0.000452149 -0.000437883 1 -0.0686889 -0.0357516 0.0851333
FixedParameters: 0 0 0

#Transform 54
Transform: AffineTransform_float_3_3
Parameters: 1 0.000402139 -0.000176831 -0.00040183 0.999999 0.00087107 0.000177531 -0.000870928 0.999999 -0.0575725 0.00431035 0.0278638
FixedParameters: 0 0 0

#Transform 55
Transform: AffineTransform_float_3_3
Parameters: 1 0.000624169 -0.000270024 -0.000624086 1 0.000153169 0.000270215 -0.000152831 1 -0.08119 0.00547016 0.0597914
FixedParameters: 0 0 0

#Transform 56
Transform: AffineTransform_float_3_3
Parameters: 0.999999 0.000757817 -0.000502459 -0.000757015 1 0.000907271 0.000502839 -0.000906728 0.999999 -0.0769263 0.00329126 0.0286289
FixedParameters: 0 0 0

#Transform 57
Transform: AffineTransform_float_3_3
Parameters: 1 0.0010919 -0.000281883 -0.00109118 0.999999 0.0014682 0.000284093 -0.0014678 0.999999 -0.10531 0.0669931 0.0100935
FixedParameters: 0 0 0

#Transform 58
Transform: AffineTransform_float_3_3
Parameters: 0.999998 0.00204996 -0.000388127 -0.00204937 0.999998 0.00104258 0.00039041 -0.00104142 1 -0.0974369 -0.0389038 -0.0442238
FixedParameters: 0 0 0

#Transform 59
Transform: AffineTransform_float_3_3
Parameters: 0.999998 0.00178653 -0.000662347 -0.00178553 0.999998 0.000919088 0.00066364 -0.000917913 1 -0.109174 0.0246982 -0.0186817
FixedParameters: 0 0 0

#Transform 60
Transform: AffineTransform_float_3_3
Parameters: 0.999998 0.00176897 -0.000695187 -0.00176857 0.999997 0.00116113 0.000697414 -0.00115987 0.999999 -0.103203 -0.011749 -0.0425637
FixedParameters: 0 0 0

#Transform 61
Transform: AffineTransform_float_3_3
Parameters: 0.999998 0.00163624 -0.000261682 -0.001636 0.999999 0.000876211 0.00026256 -0.00087579 0.999999 -0.09157 -0.0187488 -0.0161476
FixedParameters: 0 0 0

#Transform 62
Transform: AffineTransform_float_3_3
Parameters: 0.999998 0.00172055 -3.49322e-05 -0.00172054 0.999998 4.7939e-05 3.50956e-05 -4.70608e-05 1 -0.0721938 -0.105535 -0.00684838
FixedParameters: 0 0 0

#Transform 63
Transform: AffineTransform_float_3_3
Parameters: 0.999999 0.00152894 -2.10778e-05 -0.00152883 0.999999 -0.000114077 2.17232e-05 0.000113924 1 -0.068353 -0.0125738 -0.00194678
FixedParameters: 0 0 0

#Transform 64
Transform: AffineTransform_float_3_3
Parameters: 1 0.00114434 -0.000334082 -0.00114405 0.999999 0.000433273 0.000335073 -0.000432726 1 -0.061677 -0.00457939 0.0114069
FixedParameters: 0 0 0

#Transform 65
Transform: AffineTransform_float_3_3
Parameters: 1 0.0010687 -0.000490137 -0.00106862 1 8.64148e-05 0.000490321 -8.55852e-05 1 -0.0732989 -0.0145837 0.00809143
FixedParameters: 0 0 0

#Transform 66
Transform: AffineTransform_float_3_3
Parameters: 0.999999 0.00142298 -0.000599278 -0.00142269 0.999999 0.000331744 0.000599226 -0.000330257 1 -0.0800222 0.00503358 0.0191611
FixedParameters: 0 0 0

#Transform 67
Transform: AffineTransform_float_3_3
Parameters: 0.999998 0.00123327 -0.00111626 -0.00123148 0.999999 0.00134528 0.0011177 -0.00134372 0.999998 -0.109228 0.0738957 0.0260487
FixedParameters: 0 0 0

#Transform 68
Transform: AffineTransform_float_3_3
Parameters: 1 0.00106108 -0.000566711 -0.00106022 0.999998 0.00192449 0.000567921 -0.00192351 0.999998 -0.0649761 0.056308 -0.0052903
FixedParameters: 0 0 0

#Transform 69
Transform: AffineTransform_float_3_3
Parameters: 0.999999 0.00142732 -0.000314053 -0.0014269 0.999999 0.00101124 0.000314952 -0.00101176 0.999999 -0.0720112 0.0318591 0.0187414
FixedParameters: 0 0 0

#Transform 70
Transform: AffineTransform_float_3_3
Parameters: 1 0.00108952 -0.000301931 -0.00108928 1 0.000403232 0.000302811 -0.000403767 1 -0.0554219 0.0239223 -0.00456398
FixedParameters: 0 0 0

#Transform 71
Transform: AffineTransform_float_3_3
Parameters: 0.999999 0.0011315 7.98659e-05 -0.00113157 0.999999 0.000490801 -7.87548e-05 -0.000491199 1 -0.0419389 0.0276877 -0.014682
FixedParameters: 0 0 0

#Transform 72
Transform: AffineTransform_float_3_3
Parameters: 1 0.00114606 0.000215033 -0.00114675 0.999998 0.00134175 -0.00021295 -0.00134224 0.999999 -0.0479597 0.0429972 -0.0154465
FixedParameters: 0 0 0

#Transform 73
Transform: AffineTransform_float_3_3
Parameters: 1 0.00113405 0.000104465 -0.0011344 0.999998 0.00114588 -0.00010286 -0.00114612 1 -0.046643 0.0227165 -0.0081432
FixedParameters: 0 0 0

#Transform 74
Transform: AffineTransform_float_3_3
Parameters: 1 0.000696106 -2.76531e-05 -0.000696143 0.999999 0.00129602 2.84635e-05 -0.00129598 0.999999 -0.031483 0.0536816 -0.0147685
FixedParameters: 0 0 0

#Transform 75
Transform: AffineTransform_float_3_3
Parameters: 0.999999 0.000727638 0.000260407 -0.000728147 1 0.000980811 -0.000258979 -0.000981189 1 -0.0307851 0.030194 -0.0132283
FixedParameters: 0 0 0

#Transform 76
Transform: AffineTransform_float_3_3
Parameters: 0.999999 0.000969324 0.000233451 -0.000969527 1 0.000436653 -0.000232605 -0.000436347 1 -0.0405588 -0.0059524 -0.0223547
FixedParameters: 0 0 0

#Transform 77
Transform: AffineTransform_float_3_3
Parameters: 0.999999 0.00143519 -0.000241503 -0.00143515 0.999999 0.000306238 0.000241388 -0.000305763 1 -0.0623709 -0.0188039 -0.0204237
FixedParameters: 0 0 0

#Transform 78
Transform: AffineTransform_float_3_3
Parameters: 0.999999 0.00137624 0.000126481 -0.00137609 0.999999 -0.000193283 -0.000126018 0.000192718 1 -0.0566516 -0.0267016 -0.00704954
FixedParameters: 0 0 0

#Transform 79
Transform: AffineTransform_float_3_3
Parameters: 1 0.00107215 -6.65738e-05 -0.00107209 1 0.000446963 6.75322e-05 -0.000447037 1 -0.0466096 -0.00865091 -0.0232047
FixedParameters: 0 0 0

#Transform 80
Transform: AffineTransform_float_3_3
Parameters: 0.999999 0.000906693 -0.000335419 -0.00090662 0.999999 0.000108304 0.000335615 -0.000107696 1 -0.075159 -0.0155332 -0.0250154
FixedParameters: 0 0 0

#Transform 81
Transform: AffineTransform_float_3_3
Parameters: 1 0.000684336 -0.000135312 -0.000684101 1 0.000862996 0.000136494 -0.000864004 0.999999 -0.0637954 0.0254358 -0.0157222
FixedParameters: 0 0 0

#Transform 82
Transform: AffineTransform_float_3_3
Parameters: 1 0.000466232 0.000288956 -0.000465736 0.999999 0.000862865 -0.000288261 -0.000863134 0.999999 -0.0339911 0.0121923 -0.0100578
FixedParameters: 0 0 0

#Transform 83
Transform: AffineTransform_float_3_3
Parameters: 1 -8.65328e-06 0.000519014 7.5353e-06 1 0.001077 -0.000519031 -0.001077 1 -0.00487252 0.0127434 -0.0203881
FixedParameters: 0 0 0

#Transform 84
Transform: AffineTransform_float_3_3
Parameters: 1 -0.000370763 0.00038063 0.000370215 0.999999 0.000863152 -0.000380276 -0.000863846 0.999999 0.0162821 -0.0025122 -0.0128834
FixedParameters: 0 0 0

#Transform 85
Transform: AffineTransform_float_3_3
Parameters: 1 -0.000531718 0.000398376 0.000531302 0.999999 0.000660211 -0.000398083 -0.000659788 0.999999 0.0169538 -0.0321105 0.00137834
FixedParameters: 0 0 0

#Transform 86
Transform: AffineTransform_float_3_3
Parameters: 1 -0.00052183 0.000397216 0.000521311 0.999999 0.000792207 -0.000397048 -0.000791792 0.999999 0.0322621 -0.012954 0.00249871
FixedParameters: 0 0 0

#Transform 87
Transform: AffineTransform_float_3_3
Parameters: 0.999999 -0.000769629 0.000603729 0.000769088 1 0.000447368 -0.000604417 -0.000447632 1 0.0359328 -0.0339219 -0.00910346
FixedParameters: 0 0 0

#Transform 88
Transform: AffineTransform_float_3_3
Parameters: 0.999999 -0.000682663 0.000287386 0.000682562 0.999999 0.000367196 -0.000286894 -0.000366804 1 0.0253709 -0.0682271 -0.0370419
FixedParameters: 0 0 0

#Transform 89
Transform: AffineTransform_float_3_3
Parameters: 1 -0.00089483 0.000773432 0.000895247 1 0.000444584 -0.000773342 -0.000443417 0.999999 0.0306355 -0.0279507 -0.079268
FixedParameters: 0 0 0

#Transform 90
Transform: AffineTransform_float_3_3
Parameters: 0.999999 -0.000983407 0.00108399 0.000982471 1 0.000432078 -0.00108484 -0.000430922 1 0.0286284 -0.0710285 -0.0596163
FixedParameters: 0 0 0

#Transform 91
Transform: AffineTransform_float_3_3
Parameters: 1 -0.000497796 0.000379241 0.000496952 0.999999 0.00125819 -0.000379498 -0.00125781 0.999999 0.0173389 -0.0539951 -0.0658557
FixedParameters: 0 0 0

#Transform 92
Transform: AffineTransform_float_3_3
Parameters: 1 -0.000345442 0.000526019 0.000345272 1 0.000161182 -0.00052613 -0.000160818 1 0.0198187 -0.0775142 -0.0510264
FixedParameters: 0 0 0

#Transform 93
Transform: AffineTransform_float_3_3
Parameters: 1 -0.000470635 0.000229958 0.000470564 1 0.000153108 -0.000230102 -0.000152892 1 -3.57487e-05 -0.0721566 -0.0426411
FixedParameters: 0 0 0

#Transform 94
Transform: AffineTransform_float_3_3
Parameters: 1 -0.000383853 0.000197714 0.000383372 0.999999 0.00149408 -0.000197866 -0.00149392 0.999999 -0.0228137 0.0303086 -0.0460053
FixedParameters: 0 0 0

#Transform 95
Transform: AffineTransform_float_3_3
Parameters: 1 -0.000639606 0.000157738 0.000639522 0.999999 0.000614101 -0.00015753 -0.000613899 1 -0.0195022 -0.0123552 -0.0634724
FixedParameters: 0 0 0

#Transform 96
Transform: AffineTransform_float_3_3
Parameters: 0.999999 -0.000888225 0.000285344 0.000887805 0.999999 0.000927144 -0.000285997 -0.000926855 0.999999 0.00205756 0.0019222 -0.069711
FixedParameters: 0 0 0

#Transform 97
Transform: AffineTransform_float_3_3
Parameters: 1 -0.000965599 0.000267698 0.000965233 0.999999 0.00088815 -0.000268418 -0.00088785 0.999999 0.0035548 -0.00240265 -0.0682782
FixedParameters: 0 0 0

#Transform 98
Transform: AffineTransform_float_3_3
Parameters: 0.999999 -0.000490947 0.000566172 0.000490699 1 0.000219278 -0.000566387 -0.000218722 1 -0.00847681 -0.0195141 -0.0708117
FixedParameters: 0 0 0

#Transform 99
Transform: AffineTransform_float_3_3
Parameters: 1 -0.000486185 0.000217352 0.000486028 0.999999 0.000614105 -0.000216955 -0.000613894 1 0.000546076 -0.0248321 -0.0865943
FixedParameters: 0 0 0

#Transform 100
Transform: AffineTransform_float_3_3
Parameters: 1 -0.00033226 0.000473163 0.000332871 1 0.000404169 -0.000473542 -0.000404831 1 -0.0210019 -0.0173177 -0.081949
FixedParameters: 0 0 0

#Transform 101
Transform: AffineTransform_float_3_3
Parameters: 1 -2.9023e-05 0.000330163 2.88646e-05 1 0.00024001 -0.000330177 -0.00023999 1 -0.046161 -0.0558033 -0.0881844
FixedParameters: 0 0 0

#Transform 102
Transform: AffineTransform_float_3_3
Parameters: 1 1.77715e-05 0.000151968 -1.77952e-05 1 7.79973e-05 -0.000151965 -7.80027e-05 1 -0.0416821 -0.0670741 -0.0834446
FixedParameters: 0 0 0

#Transform 103
Transform: AffineTransform_float_3_3
Parameters: 1 -8.75303e-05 -0.00020061 8.75536e-05 1 5.79824e-05 0.0002006 -5.80176e-05 1 -0.0531755 -0.0429483 -0.0730131
FixedParameters: 0 0 0

#Transform 104
Transform: AffineTransform_float_3_3
Parameters: 1 -5.84471e-05 6.28087e-05 5.84775e-05 1 -0.000241996 -6.27804e-05 0.000242004 1 -0.0457436 -0.0579476 -0.0534642
FixedParameters: 0 0 0

#Transform 105
Transform: AffineTransform_float_3_3
Parameters: 1 -4.85245e-05 0.00015323 4.84285e-05 1 0.000313007 -0.00015326 -0.000312993 1 -0.0317363 -0.0144392 -0.0740929
FixedParameters: 0 0 0

#Transform 106
Transform: AffineTransform_float_3_3
Parameters: 0.999999 -0.000553167 0.000560656 0.000552377 0.999999 0.000704309 -0.000561435 -0.000703689 0.999999 -0.0059672 -0.0165816 -0.076482
FixedParameters: 0 0 0

#Transform 107
Transform: AffineTransform_float_3_3
Parameters: 1 -0.000923226 0.000670046 0.0009238 1 0.00031351 -0.000670733 -0.00031249 0.999999 0.00759861 -0.0111919 -0.0672094
FixedParameters: 0 0 0

#Transform 108
Transform: AffineTransform_float_3_3
Parameters: 1 -0.00086611 0.000824549 0.000865401 1 0.000496617 -0.000824415 -0.000496383 0.999999 0.0190886 -0.0288643 -0.0785059
FixedParameters: 0 0 0

#Transform 109
Transform: AffineTransform_float_3_3
Parameters: 0.999999 -0.00138055 0.000701275 0.00138011 0.999999 0.000313859 -0.000702139 -0.00031214 0.999999 0.0175882 0.00496823 -0.0350083
FixedParameters: 0 0 0

#Transform 110
Transform: AffineTransform_float_3_3
Parameters: 0.999999 -0.00123628 0.000660048 0.00123578 0.999999 0.000461707 -0.000660193 -0.000460293 0.999999 0.0373897 -0.00682715 -0.0380748
FixedParameters: 0 0 0

#Transform 111
Transform: AffineTransform_float_3_3
Parameters: 0.999999 -0.00132178 0.000862401 0.00132084 0.999999 0.000605042 -0.000863004 -0.000603957 0.999999 0.044343 -0.00196635 -0.0262682
FixedParameters: 0 0 0

#Transform 112
Transform: AffineTransform_float_3_3
Parameters: 0.999999 -0.001327 0.000813086 0.00132649 0.999999 0.000313982 -0.000813918 -0.000313017 0.999999 0.0547842 -0.0480593 -0.049136
FixedParameters: 0 0 0

#Transform 113
Transform: AffineTransform_float_3_3
Parameters: 0.999998 -0.00189681 0.00080036 0.00189642 0.999998 0.000314312 -0.000800555 -0.000312688 0.999999 0.0389453 -0.00215439 -0.00880353
FixedParameters: 0 0 0

#Transform 114
Transform: AffineTransform_float_3_3
Parameters: 0.999997 -0.00205984 0.000617099 0.00205946 0.999998 0.000314065 -0.00061839 -0.000312933 1 0.0511171 -0.00165598 -0.00839696
FixedParameters: 0 0 0

#Transform 115
Transform: AffineTransform_float_3_3
Parameters: 0.999998 -0.00226471 0.000428879 0.00226436 0.999998 0.000534645 -0.000430303 -0.000533354 1 0.0462079 -6.69668e-05 -0.00270158
FixedParameters: 0 0 0

#Transform 116
Transform: AffineTransform_float_3_3
Parameters: 0.999998 -0.00226195 0.000453901 0.00226164 0.999998 0.000458701 -0.000454979 -0.000457299 1 0.0463037 0.0175316 0.00793698
FixedParameters: 0 0 0

#Transform 117
Transform: AffineTransform_float_3_3
Parameters: 0.999998 -0.00224837 0.000577257 0.002248 0.999998 0.000414984 -0.000578127 -0.000414017 1 0.058278 0.0131322 0.012428
FixedParameters: 0 0 0

#Transform 118
Transform: AffineTransform_float_3_3
Parameters: 0.999997 -0.00268003 0.000448565 0.00267973 0.999996 0.00045578 -0.000450013 -0.00045522 1 0.0522887 0.0359235 0.0409897
FixedParameters: 0 0 0

#Transform 119
Transform: AffineTransform_float_3_3
Parameters: 0.999997 -0.00237443 0.000446367 0.00237421 0.999997 0.000367734 -0.000447116 -0.000366267 1 0.0347262 0.0146249 0.015517
FixedParameters: 0 0 0

#Transform 120
Transform: AffineTransform_float_3_3
Parameters: 0.999999 -0.00171064 0.00046286 0.0017114 0.999999 0.000372587 -0.00046325 -0.000372414 1 0.0261875 0.0199872 -0.00342342
FixedParameters: 0 0 0

#Transform 121
Transform: AffineTransform_float_3_3
Parameters: 0.999998 -0.00168796 0.000403409 0.00168784 0.999998 0.000147572 -0.000403906 -0.000146427 1 0.0329481 0.0332248 0.0139765
FixedParameters: 0 0 0

#Transform 122
Transform: AffineTransform_float_3_3
Parameters: 0.999999 -0.0013949 0.000305694 0.00139481 0.999999 0.00015533 -0.000306128 -0.00015567 1 0.0249645 0.0359582 0.00691644
FixedParameters: 0 0 0

#Transform 123
Transform: AffineTransform_float_3_3
Parameters: 0.999999 -0.00141275 0.000143839 0.00141274 0.999999 4.00942e-05 -0.000143952 -3.99057e-05 1 0.0276069 0.0175435 -0.0030294
FixedParameters: 0 0 0

#Transform 124
Transform: AffineTransform_float_3_3
Parameters: 0.999999 -0.000969121 0.000251092 0.000969633 0.999999 -0.00124076 -0.00024968 0.00124124 0.999999 0.0143017 -0.0367843 -0.0206086
FixedParameters: 0 0 0

#Transform 125
Transform: AffineTransform_float_3_3
Parameters: 0.999999 -0.000849527 0.00029569 0.000849986 1 -0.000777858 -0.000294368 0.000778141 0.999999 0.0172266 -0.054123 -0.0204127
FixedParameters: 0 0 0

#Transform 126
Transform: AffineTransform_float_3_3
Parameters: 0.999999 -0.00124583 0.000570439 0.00124608 0.999999 -0.000217386 -0.000569897 0.000217613 1 0.0281896 -0.00891442 0.000247891
FixedParameters: 0 0 0

#Transform 127
Transform: AffineTransform_float_3_3
Parameters: 0.999999 -0.00110889 0.00060018 0.00110876 1 0.000109569 -0.000600423 -0.000109431 1 0.0314528 -0.0022204 -0.00344444
FixedParameters: 0 0 0

#Transform 128
Transform: AffineTransform_float_3_3
Parameters: 0.999998 -0.00181514 0.000774351 0.00181473 0.999998 0.000270212 -0.000775331 -0.000269787 1 0.0670963 -0.00223192 0.00204979
FixedParameters: 0 0 0

#Transform 129
Transform: AffineTransform_float_3_3
Parameters: 0.999998 -0.00192991 0.00069073 0.00192976 0.999998 0.000110127 -0.000691153 -0.000108872 1 0.0643779 -0.0125938 0.00118237
FixedParameters: 0 0 0

#Transform 130
Transform: AffineTransform_float_3_3
Parameters: 0.999998 -0.00202709 0.00103233 0.00202786 0.999998 0.0001649 -0.00103211 -0.000163102 0.999999 0.0931602 -0.0203443 0.0178952
FixedParameters: 0 0 0

#Transform 131
Transform: AffineTransform_float_3_3
Parameters: 0.999996 -0.00254279 0.00102827 0.00254314 0.999997 0.000368204 -0.00102925 -0.000365796 0.999999 0.110536 -0.00226724 0.0157736
FixedParameters: 0 0 0

#Transform 132
Transform: AffineTransform_float_3_3
Parameters: 0.999995 -0.00271383 0.0011279 0.00271425 0.999996 0.00025265 -0.00112937 -0.000249348 0.999999 0.106326 -0.0323048 0.0410641
FixedParameters: 0 0 0

#Transform 133
Transform: AffineTransform_float_3_3
Parameters: 0.999995 -0.00276506 0.000993709 0.00276409 0.999996 0.000601337 -0.000995038 -0.000598663 0.999999 0.087694 -0.0278565 0.0303419
FixedParameters: 0 0 0

#Transform 134
Transform: AffineTransform_float_3_3
Parameters: 0.999995 -0.00294615 0.000992213 0.00294556 0.999996 0.000354403 -0.000993299 -0.000351597 0.999999 0.120455 -0.0149467 0.0572478
FixedParameters: 0 0 0

#Transform 135
Transform: AffineTransform_float_3_3
Parameters: 0.999996 -0.002632 0.000966165 0.00263176 0.999997 0.000181131 -0.000966119 -0.00017887 0.999999 0.117624 -0.0265249 0.03526
FixedParameters: 0 0 0

#Transform 136
Transform: AffineTransform_float_3_3
Parameters: 0.999997 -0.00257545 0.000639188 0.00257531 0.999996 0.000110331 -0.000639752 -0.000108668 1 0.0978343 -0.020246 0.0244026
FixedParameters: 0 0 0

#Transform 137
Transform: AffineTransform_float_3_3
Parameters: 0.999997 -0.00209929 0.000578359 0.00209902 0.999997 0.000232008 -0.000579331 -0.00023099 1 0.0856502 -0.0227983 0.0106224
FixedParameters: 0 0 0

#Transform 138
Transform: AffineTransform_float_3_3
Parameters: 0.999997 -0.00209883 0.000581818 0.00209882 0.999997 5.01504e-06 -0.000581837 -3.98493e-06 1 0.103335 -0.0617468 0.000550463
FixedParameters: 0 0 0

#Transform 139
Transform: AffineTransform_float_3_3
Parameters: 0.999997 -0.00209067 0.000654868 0.00209086 0.999997 -0.000229837 -0.000654898 0.000231164 1 0.0880063 -0.0534049 0.00328177
FixedParameters: 0 0 0

#Transform 140
Transform: AffineTransform_float_3_3
Parameters: 0.999998 -0.00160405 0.000451357 0.00160439 0.999998 -0.000371385 -0.000450163 0.000372613 1 0.0800005 -0.0819425 0.0134586
FixedParameters: 0 0 0

#Transform 141
Transform: AffineTransform_float_3_3
Parameters: 0.999999 -0.00144321 0.000523011 0.00144354 0.999999 -0.000323342 -0.000522077 0.000323657 1 0.0711284 -0.0661132 0.00521105
FixedParameters: 0 0 0

#Transform 142
Transform: AffineTransform_float_3_3
Parameters: 0.999999 -0.00114818 0.000802311 0.0011476 0.999999 0.000430824 -0.000802305 -0.000430176 0.999999 0.0621114 -0.0461642 0.00229619
FixedParameters: 0 0 0

#Transform 143
Transform: AffineTransform_float_3_3
Parameters: 1 -0.000732926 0.00075639 0.000731907 1 0.000746555 -0.000756489 -0.000745447 1 0.076235 -0.0421971 0.015924
FixedParameters: 0 0 0

#Transform 144
Transform: AffineTransform_float_3_3
Parameters: 0.999999 -0.00143232 0.000249645 0.00143307 0.999998 0.000715249 -0.000250809 -0.00071475 0.999999 0.0683122 -0.0171296 0.0173376
FixedParameters: 0 0 0

#Transform 145
Transform: AffineTransform_float_3_3
Parameters: 0.999999 -0.00143081 0.000262691 0.00143084 0.999999 -6.57333e-05 -0.000262502 6.62666e-05 1 0.0619374 -0.0447512 0.0208312
FixedParameters: 0 0 0

#Transform 146
Transform: AffineTransform_float_3_3
Parameters: 0.999999 -0.00066575 0.000338447 0.000666086 0.999999 -0.000496762 -0.000337785 0.000496237 1 0.0551352 -0.0509826 -0.00777027
FixedParameters: 0 0 0

#Transform 147
Transform: AffineTransform_float_3_3
Parameters: 0.999999 -0.000640587 0.000565093 0.000641211 0.999999 -0.000552625 -0.000564385 0.000552373 0.999999 0.0581988 -0.0981383 -0.0314794
FixedParameters: 0 0 0

#Transform 148
Transform: AffineTransform_float_3_3
Parameters: 1 -0.000318702 4.75071e-05 0.000318775 0.999999 -0.000768984 -4.70168e-05 0.000769015 0.999999 0.0385218 -0.0882029 -0.024034
FixedParameters: 0 0 0

#Transform 149
Transform: AffineTransform_float_3_3
Parameters: 1 -3.58034e-05 0.000103577 3.59015e-05 1 -0.000473996 -0.000103543 0.000474004 1 0.045286 -0.0834625 -0.0129763
FixedParameters: 0 0 0

#Transform 150
Transform: AffineTransform_float_3_3
Parameters: 1 -0.000437931 -0.000227908 0.000437471 1 -0.00100611 0.000228789 0.00100689 1 0.038715 -0.102049 -0.0090893
FixedParameters: 0 0 0

#Transform 151
Transform: AffineTransform_float_3_3
Parameters: 1 -0.000242905 -0.000175164 0.000242527 1 -0.00107604 0.000175686 0.00107596 1 0.0290089 -0.088357 0.0115092
FixedParameters: 0 0 0

#Transform 152
Transform: AffineTransform_float_3_3
Parameters: 1 0.000156823 3.48519e-05 -0.000156754 0.999999 -0.000985005 -3.51608e-05 0.000984994 0.999999 0.027477 -0.0687997 0.0267985
FixedParameters: 0 0 0

#Transform 153
Transform: AffineTransform_float_3_3
Parameters: 1 -2.2903e-05 -0.000205729 2.25269e-05 0.999999 -0.000914004 0.00020577 0.000913995 0.999999 0.0299789 -0.0686172 0.0233686
FixedParameters: 0 0 0

#Transform 154
Transform: AffineTransform_float_3_3
Parameters: 1 -0.000366016 0.000326632 0.000365829 0.999999 -0.00123688 -0.000325617 0.00123712 0.999999 0.0373328 -0.100843 0.0342764
FixedParameters: 0 0 0

#Transform 155
Transform: AffineTransform_float_3_3
Parameters: 1 -8.37896e-05 0.00026795 8.44421e-05 1 -0.00121798 -0.000267745 0.00121802 0.999999 0.0351996 -0.100104 0.0302372
FixedParameters: 0 0 0

#Transform 156
Transform: AffineTransform_float_3_3
Parameters: 1 5.52063e-05 0.00041141 -5.47585e-05 0.999999 -0.00175202 -0.000411493 0.00175198 0.999999 0.0474504 -0.126029 0.061171
FixedParameters: 0 0 0

#Transform 157
Transform: AffineTransform_float_3_3
Parameters: 1 -3.81309e-05 0.000687447 3.84787e-05 0.999999 -0.000975865 -0.000687262 0.000976135 1 0.0699979 -0.143167 0.0443194
FixedParameters: 0 0 0

#Transform 158
Transform: AffineTransform_float_3_3
Parameters: 0.999999 -8.28994e-05 0.000753846 8.36947e-05 1 -0.00118694 -0.000753538 0.00118706 0.999999 0.0756636 -0.122741 0.0209059
FixedParameters: 0 0 0

#Transform 159
Transform: AffineTransform_float_3_3
Parameters: 0.999999 0.000246588 0.00083882 -0.000245533 0.999999 -0.00122121 -0.000839311 0.00122079 0.999999 0.0695277 -0.130117 0.0106561
FixedParameters: 0 0 0

#Transform 160
Transform: AffineTransform_float_3_3
Parameters: 0.999999 0.00024652 0.00083884 -0.0002456 1 -0.00114121 -0.000839291 0.00114079 0.999999 0.0768213 -0.0960344 0.0193399
FixedParameters: 0 0 0

#Transform 161
Transform: AffineTransform_float_3_3
Parameters: 0.999999 -0.00035167 0.000692102 0.000351647 0.999999 -0.000780636 -0.000692438 0.000780365 1 0.0475149 -0.0419906 0.0393078
FixedParameters: 0 0 0

#Transform 162
Transform: AffineTransform_float_3_3
Parameters: 1 -0.00028183 0.000633934 0.000281377 1 -0.000512821 -0.000634529 0.000513179 0.999999 0.0642678 -0.0519285 0.0229877
FixedParameters: 0 0 0

#Transform 163
Transform: AffineTransform_float_3_3
Parameters: 0.999999 -0.000409892 0.000765034 0.000411245 1 -0.000884686 -0.000764308 0.000885314 1 0.0871374 -0.0445057 0.0160277
FixedParameters: 0 0 0

#Transform 164
Transform: AffineTransform_float_3_3
Parameters: 0.999999 -0.000317998 0.000901806 0.000319021 1 -0.0011187 -0.000900984 0.0011183 0.999999 0.068874 -0.0828441 -0.0021066
FixedParameters: 0 0 0

#Transform 165
Transform: AffineTransform_float_3_3
Parameters: 0.999999 -0.000393412 0.000910281 0.000394688 0.999999 -0.00124763 -0.000909188 0.00124737 0.999999 0.0874671 -0.0874019 -0.0237235
FixedParameters: 0 0 0

#Transform 166
Transform: AffineTransform_float_3_3
Parameters: 0.999999 -0.000784727 0.00106555 0.000786 0.999999 -0.00111515 -0.00106468 0.00111585 0.999999 0.078113 -0.0627568 0.0116588
FixedParameters: 0 0 0

#Transform 167
Transform: AffineTransform_float_3_3
Parameters: 1 -0.000733456 0.000948114 0.000734406 0.999999 -0.00108329 -0.000947408 0.00108371 0.999999 0.0794732 -0.0891141 0.00597305
FixedParameters: 0 0 0

#Transform 168
Transform: AffineTransform_float_3_3
Parameters: 0.999999 -0.000797027 0.000955235 0.000798061 0.999999 -0.00111923 -0.000954334 0.00111977 0.999999 0.100448 -0.0776669 0.0055545
FixedParameters: 0 0 0

#Transform 169
Transform: AffineTransform_float_3_3
Parameters: 0.999999 -0.000534386 0.00111034 0.000534383 1 1.60539e-06 -0.00111035 -1.3946e-06 0.999999 0.106901 -0.113343 0.0124089
FixedParameters: 0 0 0

#Transform 170
Transform: AffineTransform_float_3_3
Parameters: 0.999999 -0.000971159 0.000949906 0.00097112 1 -0.000560066 -0.000949702 0.000560935 1 0.12411 -0.121861 0.0551508
FixedParameters: 0 0 0

#Transform 171
Transform: AffineTransform_float_3_3
Parameters: 0.999999 -0.00123163 0.00124491 0.00123208 0.999999 -0.000177454 -0.00124447 0.000179545 1 0.115732 -0.0468056 0.022654
FixedParameters: 0 0 0

#Transform 172
Transform: AffineTransform_float_3_3
Parameters: 0.999999 -0.000946194 0.00090665 0.000947432 0.999998 -0.00129213 -0.000905087 0.00129287 0.999999 0.110363 -0.0854536 0.0176909
FixedParameters: 0 0 0

#Transform 173
Transform: AffineTransform_float_3_3
Parameters: 1 -0.000782214 0.000728063 0.000782519 0.999999 -0.000967431 -0.000727433 0.00096857 1 0.0974782 -0.067723 0.0281219
FixedParameters: 0 0 0

#Transform 174
Transform: AffineTransform_float_3_3
Parameters: 0.999999 1.48507e-05 0.000772127 -1.37723e-05 0.999999 -0.00134201 -0.000772056 0.00134199 0.999999 0.0804636 -0.0681693 -0.0115581
FixedParameters: 0 0 0

#Transform 175
Transform: AffineTransform_float_3_3
Parameters: 1 8.4568e-05 0.000414166 -8.33691e-05 0.999999 -0.00144703 -0.000414409 0.00144696 0.999999 0.0573657 -0.0976069 -0.0276493
FixedParameters: 0 0 0

#Transform 176
Transform: AffineTransform_float_3_3
Parameters: 1 -0.000358176 0.000513009 0.00035869 0.999999 -0.00147182 -0.000511845 0.00147218 0.999999 0.0539529 -0.0726667 0.0155724
FixedParameters: 0 0 0

#Transform 177
Transform: AffineTransform_float_3_3
Parameters: 1 5.93266e-05 0.000496484 -5.83593e-05 0.999999 -0.00097392 -0.000496599 0.00097408 1 0.0567833 -0.0741863 0.0210699
FixedParameters: 0 0 0

#Transform 178
Transform: AffineTransform_float_3_3
Parameters: 1 8.08518e-05 0.000689286 -7.9411e-05 1 -0.00104506 -0.000689453 0.00104495 0.999999 0.0572242 -0.0929312 0.00851514
FixedParameters: 0 0 0

#Transform 179
Transform: AffineTransform_float_3_3
Parameters: 1 3.07384e-05 0.000239065 -3.01052e-05 0.999999 -0.00132401 -0.000239146 0.00132399 0.999999 0.0493688 -0.0775046 -0.000270531
FixedParameters: 0 0 0

#Transform 180
Transform: AffineTransform_float_3_3
Parameters: 1 1.91353e-05 0.000135716 -1.88836e-05 0.999999 -0.000927002 -0.000135751 0.000926997 0.999999 0.0403205 -0.10055 -0.0108712
FixedParameters: 0 0 0

#Transform 181
Transform: AffineTransform_float_3_3
Parameters: 1 -0.000213506 0.000575235 0.000213789 1 -0.00120488 -0.000575604 0.00120512 0.999999 0.0579154 -0.0895156 -0.0125417
FixedParameters: 0 0 0

#Transform 182
Transform: AffineTransform_float_3_3
Parameters: 1 -0.000367024 0.000406401 0.000367253 0.999998 -0.00164085 -0.000406081 0.00164115 0.999998 0.0638342 -0.111216 0.0107315
FixedParameters: 0 0 0

#Transform 183
Transform: AffineTransform_float_3_3
Parameters: 0.999999 -0.000342346 0.000632598 0.000342996 1 -0.000513783 -0.000632245 0.000514216 0.999999 0.0809087 -0.0963117 -0.00643232
FixedParameters: 0 0 0

#Transform 184
Transform: AffineTransform_float_3_3
Parameters: 1 -0.000865032 0.000826557 0.000865154 1 -0.000675394 -0.000825278 0.000676605 0.999999 0.0814858 -0.0899802 0.00343185
FixedParameters: 0 0 0

#Transform 185
Transform: AffineTransform_float_3_3
Parameters: 0.999999 -0.000893753 0.00115675 0.000895314 1 -0.000674953 -0.00115554 0.000676046 0.999999 0.100325 -0.109388 0.00187207
FixedParameters: 0 0 0

#Transform 186
Transform: AffineTransform_float_3_3
Parameters: 0.999999 -0.00091903 0.000930039 0.000920077 1 -0.000563133 -0.000929002 0.000563867 1 0.0835032 -0.107182 -0.0119593
FixedParameters: 0 0 0

#Transform 187
Transform: AffineTransform_float_3_3
Parameters: 1 -0.000970141 0.000467474 0.000971128 0.999999 -0.00117453 -0.000466188 0.00117447 1 0.0483128 -0.11718 -0.00609316
FixedParameters: 0 0 0

#Transform 188
Transform: AffineTransform_float_3_3
Parameters: 0.999999 -0.00136946 0.000694168 0.00137088 0.999999 -0.00118116 -0.000692916 0.00118284 0.999999 0.0591998 -0.117372 0.0163653
FixedParameters: 0 0 0

#Transform 189
Transform: AffineTransform_float_3_3
Parameters: 0.999999 -0.00116918 0.000615021 0.00116908 0.999999 -0.000819378 -0.000613989 0.000819621 0.999999 0.0773336 -0.0911875 0.00265609
FixedParameters: 0 0 0

#Transform 190
Transform: AffineTransform_float_3_3
