#Insight Transform File V1.0
#Transform 0
Transform: AffineTransform_float_3_3
Parameters: 0.999999 0.000225729 0.00148494 -0.000224464 0.999999 -0.000759186 -0.00148513 0.000758813 0.999998 -0.0345044 0.0267573 0.0760481
FixedParameters: 0 0 0

#Transform 1
Transform: AffineTransform_float_3_3
Parameters: 0.999999 7.24768e-05 0.0015719 -7.1257e-05 1 -0.000387964 -0.00157195 0.000388034 0.999998 -0.0377367 -0.0131644 0.0412243
FixedParameters: 0 0 0

#Transform 2
Transform: AffineTransform_float_3_3
Parameters: 1 -7.58582e-05 0.00117778 7.7646e-05 0.999999 -0.000758761 -0.00117766 0.000759238 0.999999 -0.0304047 0.0164151 0.0488026
FixedParameters: 0 0 0

#Transform 3
Transform: AffineTransform_float_3_3
Parameters: 0.999999 0.000156176 0.00102922 -0.000156146 1 -0.000495013 -0.00102922 0.000494987 1 -0.0287642 0.0382012 0.0186485
FixedParameters: 0 0 0

#Transform 4
Transform: AffineTransform_float_3_3
Parameters: 0.999999 0.000117974 0.000776085 -0.000117785 0.999999 -0.000758944 -0.000776114 0.000759057 1 -0.031656 0.0239987 0.0183946
FixedParameters: 0 0 0

#Transform 5
Transform: AffineTransform_float_3_3
Parameters: 0.999999 0.000109154 0.000717748 -0.00010896 0.999999 -0.000823931 -0.000717778 0.00082407 1 -0.0162938 0.0491149 0.0362399
FixedParameters: 0 0 0

#Transform 6
Transform: AffineTransform_float_3_3
Parameters: 0.999999 0.000109153 0.000717748 -0.000108961 0.999999 -0.000822931 -0.000717778 0.00082307 1 -0.0299828 -0.0117846 0.0231707
FixedParameters: 0 0 0

#Transform 7
Transform: AffineTransform_float_3_3
Parameters: 1 -0.000106213 0.000552234 0.000106063 0.999999 -0.000758941 -0.000551923 0.000759058 0.999999 -0.019275 0.0401637 0.0367135
FixedParameters: 0 0 0

#Transform 8
Transform: AffineTransform_float_3_3
Parameters: 1 0.000254995 0.000540877 -0.000254527 1 -0.000432138 -0.000541097 0.000431862 1 -0.0192122 0.00526682 0.032035
FixedParameters: 0 0 0

#Transform 9
Transform: AffineTransform_float_3_3
Parameters: 0.999999 -0.000340842 0.000675543 0.000340781 1 4.52302e-05 -0.000675574 -4.47697e-05 1 -0.0178086 0.0299128 0.0213898
FixedParameters: 0 0 0

#Transform 10
Transform: AffineTransform_float_3_3
Parameters: 1 4.46533e-06 0.00062337 -5.05144e-06 1 -0.000323003 -0.000623223 0.000322997 1 -0.0169441 -0.000335165 0.00284338
FixedParameters: 0 0 0

#Transform 11
Transform: AffineTransform_float_3_3
Parameters: 1 -0.000184382 0.000651991 0.000183806 1 -0.00031688 -0.000651724 0.00031712 0.999999 -0.00764583 0.0423196 0.0472489
FixedParameters: 0 0 0

#Transform 12
Transform: AffineTransform_float_3_3
Parameters: 1 2.59743e-05 0.000478508 -2.57168e-05 1 -0.000269012 -0.000478522 0.000268988 1 -0.0108985 -0.00231373 0.0376255
FixedParameters: 0 0 0

#Transform 13
Transform: AffineTransform_float_3_3
Parameters: 1 -7.85953e-05 0.000242493 7.8653e-05 1 -0.000118981 -0.000242474 0.000119019 1 0.00338288 0.035974 0.0179522
FixedParameters: 0 0 0

#Transform 14
Transform: AffineTransform_float_3_3
Parameters: 1 -0.000373074 0.000462018 0.000373149 1 -8.18276e-05 -0.000461957 8.21723e-05 1 -0.00493657 -0.00967542 0.0169938
FixedParameters: 0 0 0

#Transform 15
Transform: AffineTransform_float_3_3
Parameters: 1 -0.000354651 0.000582748 0.000355085 1 -0.000371793 -0.000582484 0.000372207 1 -0.00330635 0.045495 0.0430294
FixedParameters: 0 0 0

#Transform 16
Transform: AffineTransform_float_3_3
Parameters: 1 -0.000127317 0.000214484 0.000127409 1 -0.000213973 -0.000214429 0.000214027 1 -0.00250144 -0.0108879 0.0287901
FixedParameters: 0 0 0

#Transform 17
Transform: AffineTransform_float_3_3
Parameters: 1 -2.12852e-05 0.000173147 2.1414e-05 1 -0.000371996 -0.000173131 0.000372004 1 0.0110561 -2.20086e-05 0.0777906
FixedParameters: 0 0 0

#Transform 18
Transform: AffineTransform_float_3_3
Parameters: 1 0.000248643 1.90213e-05 -0.000248641 1 -4.80047e-05 -1.90452e-05 4.79953e-05 1 0.00415962 -0.0780049 0.0993794
FixedParameters: 0 0 0

#Transform 19
Transform: AffineTransform_float_3_3
Parameters: 1 0.000257309 -0.000211729 -0.000257119 1 0.000449054 0.00021196 -0.000448945 1 -0.000742946 0.00336675 0.0143553
FixedParameters: 0 0 0

#Transform 20
Transform: AffineTransform_float_3_3
Parameters: 1 0.000120055 -0.000109141 -0.000119993 1 0.000283013 0.000109209 -0.000282987 1 0.0023165 -0.013468 0.00439534
FixedParameters: 0 0 0

#Transform 21
Transform: AffineTransform_float_3_3
Parameters: 1 7.7335e-05 0.000257331 -7.73633e-05 1 5.49801e-05 -0.000257323 -5.50199e-05 1 0.00703209 0.0274195 0.00674224
FixedParameters: 0 0 0

#Transform 22
Transform: AffineTransform_float_3_3
Parameters: 1 2.94072e-05 -5.29926e-05 -2.94054e-05 1 1.70016e-05 5.29936e-05 -1.69984e-05 1 0.0239434 0.0340282 -0.0257395
FixedParameters: 0 0 0

#Transform 23
Transform: AffineTransform_float_3_3
Parameters: 1 -0.000490681 2.56281e-05 0.000490678 1 7.00126e-05 -2.56968e-05 -6.99874e-05 1 0.0130937 0.0266438 0.0103172
FixedParameters: 0 0 0

#Transform 24
Transform: AffineTransform_float_3_3
Parameters: 1 -0.0006558 5.06552e-05 0.000655803 1 -3.09668e-05 -5.06145e-05 3.10332e-05 1 0.0288016 0.000580587 -0.00199583
FixedParameters: 0 0 0

#Transform 25
Transform: AffineTransform_float_3_3
Parameters: 1 -0.0010562 0.000111634 0.00105615 1 -0.00041403 -0.000111748 0.000413971 1 0.0588345 0.0162968 0.0574538
FixedParameters: 0 0 0

#Transform 26
Transform: AffineTransform_float_3_3
Parameters: 0.999999 -0.000978076 9.99791e-05 0.000978048 1 -0.00060905 -9.97766e-05 0.00060895 1 0.0484142 0.029524 0.0427147
FixedParameters: 0 0 0

#Transform 27
Transform: AffineTransform_float_3_3
Parameters: 1 -0.00106191 -0.000447527 0.00106104 0.999998 -0.0017425 0.000449099 0.0017425 0.999999 0.0594791 0.048933 -0.0506045
FixedParameters: 0 0 0

#Transform 28
Transform: AffineTransform_float_3_3
Parameters: 0.999999 -0.000788006 -0.000384562 0.000787856 0.999999 -0.0012853 0.000385449 0.0012847 0.999999 0.0499894 0.0895837 -0.0847233
FixedParameters: 0 0 0

#Transform 29
Transform: AffineTransform_float_3_3
Parameters: 1 -0.000543423 -0.000281631 0.000543111 0.999999 -0.000554153 0.000282233 0.000553846 1 0.049594 0.0136455 -0.0579234
FixedParameters: 0 0 0

#Transform 30
Transform: AffineTransform_float_3_3
Parameters: 1 -0.000664739 -0.000207419 0.000665388 0.999999 -0.000816137 0.000208355 0.000815861 0.999999 0.0691372 0.073033 -0.0448457
FixedParameters: 0 0 0

#Transform 31
Transform: AffineTransform_float_3_3
Parameters: 0.999999 -0.000693867 -0.00039928 0.000693291 0.999999 -0.000720299 0.00040028 0.0007207 0.999999 0.0395757 0.0156341 -0.0592345
FixedParameters: 0 0 0

#Transform 32
Transform: AffineTransform_float_3_3
Parameters: 0.999999 -0.000781971 -0.000385679 0.000781187 1 -0.00101432 0.000387265 0.00101468 1 0.0497235 0.0763538 -0.0489434
FixedParameters: 0 0 0

#Transform 33
Transform: AffineTransform_float_3_3
Parameters: 0.999999 -0.000793044 -0.000445836 0.000792162 1 -0.000821354 0.000446148 0.000820647 1 0.038648 0.0254139 -0.0815562
FixedParameters: 0 0 0

#Transform 34
Transform: AffineTransform_float_3_3
Parameters: 0.999999 -0.000523782 -0.000570723 0.000522656 0.999999 -0.000856151 0.00057063 0.000855849 1 0.0425829 0.0801116 -0.0769417
FixedParameters: 0 0 0

#Transform 35
Transform: AffineTransform_float_3_3
Parameters: 1 -0.000415935 -0.000441614 0.000416531 1 -0.000445184 0.000441835 0.000444816 1 0.0442437 0.0241293 -0.0889945
FixedParameters: 0 0 0

#Transform 36
Transform: AffineTransform_float_3_3
Parameters: 0.999999 -0.000594156 -0.000414252 0.000593274 1 -0.00106327 0.000415515 0.00106373 1 0.0496681 0.0617372 -0.0877715
FixedParameters: 0 0 0

#Transform 37
Transform: AffineTransform_float_3_3
Parameters: 0.999999 -0.0005941 -0.000414332 0.00059333 1 -0.000928247 0.000415434 0.000927754 1 0.0570015 0.0527763 -0.0709919
FixedParameters: 0 0 0

#Transform 38
Transform: AffineTransform_float_3_3
Parameters: 1 -0.000954922 -0.000359481 0.00095529 0.999999 -0.000861344 0.000360976 0.000860656 1 0.0580479 0.0567424 -0.0687743
FixedParameters: 0 0 0

#Transform 39
Transform: AffineTransform_float_3_3
Parameters: 0.999999 -0.00116425 -0.000706167 0.00116319 0.999999 -0.000647845 0.000706685 0.000647156 1 0.0431402 0.0462363 -0.0865328
FixedParameters: 0 0 0

#Transform 40
Transform: AffineTransform_float_3_3
Parameters: 0.999999 -0.000688945 -0.000399994 0.000689313 0.999999 -0.000775275 0.000400912 0.000774723 0.999999 0.0438084 0.0480379 -0.073555
FixedParameters: 0 0 0

#Transform 41
Transform: AffineTransform_float_3_3
Parameters: 0.999999 -0.00048555 -0.000611939 0.000484346 1 -0.000861297 0.000611786 0.000860704 1 0.0420377 0.0570929 -0.0735034
FixedParameters: 0 0 0

#Transform 42
Transform: AffineTransform_float_3_3
Parameters: 0.999999 -0.000594089 -0.000681507 0.000593046 0.999999 -0.000655279 0.000681297 0.000655721 1 0.0417121 0.0468234 -0.113211
FixedParameters: 0 0 0

#Transform 43
Transform: AffineTransform_float_3_3
Parameters: 1 -0.000160065 -0.000480391 0.000159237 0.999999 -0.000861076 0.000480666 0.000860922 0.999999 0.0609653 0.100504 -0.0945706
FixedParameters: 0 0 0

#Transform 44
Transform: AffineTransform_float_3_3
Parameters: 0.999999 -0.000220756 -0.00088084 0.000219669 1 -0.000617046 0.000881111 0.000616954 1 0.0639906 0.0274361 -0.0967315
FixedParameters: 0 0 0

#Transform 45
Transform: AffineTransform_float_3_3
Parameters: 1 -0.00048746 -0.000430433 0.000487387 0.999999 -0.00123123 0.000431484 0.00123177 0.999999 0.0681373 0.0909085 -0.00694117
FixedParameters: 0 0 0

#Transform 46
Transform: AffineTransform_float_3_3
Parameters: 0.999999 -0.00059701 -0.000413962 0.000596353 0.999999 -0.000792269 0.000414907 0.000792729 0.999999 0.0666584 -0.0210145 -0.0819728
FixedParameters: 0 0 0

#Transform 47
Transform: AffineTransform_float_3_3
Parameters: 0.999999 -0.000667595 -0.000578126 0.000667484 1 -0.000950387 0.000579245 0.000949614 1 0.0690332 0.0649862 -0.0890651
FixedParameters: 0 0 0

#Transform 48
Transform: AffineTransform_float_3_3
Parameters: 1 -0.000380508 -0.000500518 0.000380798 0.999999 -0.00069819 0.000500899 0.000697809 0.999999 0.0723381 0.0407316 -0.109156
FixedParameters: 0 0 0

#Transform 49
Transform: AffineTransform_float_3_3
Parameters: 0.999999 -0.0004459 -0.000609815 0.000445469 1 -0.00104227 0.000609605 0.00104173 1 0.0594483 0.0646908 -0.0890997
FixedParameters: 0 0 0

#Transform 50
Transform: AffineTransform_float_3_3
Parameters: 0.999999 -0.000599123 -0.000607893 0.000599256 0.999999 -0.000703217 0.000608585 0.000702784 1 0.0495961 0.0468288 -0.108082
FixedParameters: 0 0 0

#Transform 51
Transform: AffineTransform_float_3_3
Parameters: 1 -0.000464501 -0.000824433 0.000463632 1 -0.00112638 0.000825328 0.00112562 0.999999 0.0547974 0.108329 -0.0875439
FixedParameters: 0 0 0

#Transform 52
Transform: AffineTransform_float_3_3
Parameters: 0.999999 -0.000263392 -0.000914817 0.000263154 1 -0.000670116 0.00091502 0.000670885 1 0.0450763 0.0510208 -0.118094
FixedParameters: 0 0 0

#Transform 53
Transform: AffineTransform_float_3_3
Parameters: 0.999999 -0.000615829 -0.000861005 0.00061456 0.999999 -0.00122453 0.000861372 0.00122347 0.999999 0.0485799 0.095327 -0.0900542
FixedParameters: 0 0 0

#Transform 54
Transform: AffineTransform_float_3_3
Parameters: 1 -0.000343781 -0.000902534 0.000342943 1 -0.00101231 0.000903079 0.00101169 0.999999 0.0410832 0.0412121 -0.11732
FixedParameters: 0 0 0

#Transform 55
Transform: AffineTransform_float_3_3
Parameters: 0.999999 -0.000264038 -0.00091463 0.000263496 0.999999 -0.00137724 0.000915057 0.00137676 0.999998 0.0326992 0.110478 -0.130738
FixedParameters: 0 0 0

#Transform 56
Transform: AffineTransform_float_3_3
Parameters: 0.999999 -0.000206602 -0.00132298 0.000206707 1 -0.000334126 0.00132297 0.000333875 0.999999 0.031006 0.0112774 -0.153616
FixedParameters: 0 0 0

#Transform 57
Transform: AffineTransform_float_3_3
Parameters: 1 -0.000269181 -0.000948238 0.000268522 0.999999 -0.00139025 0.000948686 0.00138974 0.999998 0.0266173 0.0902936 -0.121081
FixedParameters: 0 0 0

#Transform 58
Transform: AffineTransform_float_3_3
Parameters: 1 -0.000207489 -0.000542864 0.000206605 0.999998 -0.00172396 0.000543428 0.00172404 0.999999 0.0264316 0.0571767 -0.103286
FixedParameters: 0 0 0

#Transform 59
Transform: AffineTransform_float_3_3
Parameters: 0.999999 -0.000163312 -0.000748904 0.000162375 0.999998 -0.00194512 0.000749239 0.00194488 0.999998 0.0342399 0.104141 -0.0840968
FixedParameters: 0 0 0

#Transform 60
Transform: AffineTransform_float_3_3
Parameters: 0.999999 -0.000237656 -0.000741626 0.00023754 0.999999 -0.00141118 0.000741997 0.00141082 0.999998 0.0308994 0.0535526 -0.10422
FixedParameters: 0 0 0

#Transform 61
Transform: AffineTransform_float_3_3
Parameters: 1 -0.000207555 -0.000542839 0.00020654 0.999999 -0.00184511 0.000543453 0.00184489 0.999998 0.0394066 0.102318 -0.107555
FixedParameters: 0 0 0

#Transform 62
Transform: AffineTransform_float_3_3
Parameters: 1 -0.000164624 -0.000906541 0.000164213 0.999999 -0.00131715 0.000906675 0.00131685 0.999998 0.0332289 0.027883 -0.146169
FixedParameters: 0 0 0

#Transform 63
Transform: AffineTransform_float_3_3
Parameters: 0.999999 -0.000244445 -0.00078404 0.000243612 0.999999 -0.00179219 0.000784616 0.00179181 0.999998 0.0257681 0.0947073 -0.126672
FixedParameters: 0 0 0

#Transform 64
Transform: AffineTransform_float_3_3
Parameters: 0.999999 -5.40241e-06 -0.000856012 4.67708e-06 0.999999 -0.00157886 0.000855728 0.00157914 0.999999 0.025381 0.042815 -0.142662
FixedParameters: 0 0 0

#Transform 65
Transform: AffineTransform_float_3_3
Parameters: 1 -0.000152313 -0.000551284 0.000151041 0.999998 -0.00204908 0.000551756 0.00204892 0.999997 0.0154697 0.0936279 -0.101242
FixedParameters: 0 0 0

#Transform 66
Transform: AffineTransform_float_3_3
Parameters: 0.999999 -4.75499e-05 -0.000939606 4.64946e-05 0.999998 -0.0016139 0.000939459 0.0016141 0.999998 0.0200704 0.0322965 -0.150778
FixedParameters: 0 0 0

#Transform 67
Transform: AffineTransform_float_3_3
Parameters: 0.999999 -5.40757e-05 -0.000788908 5.32016e-05 0.999998 -0.00190104 0.000789801 0.00190096 0.999998 0.0174104 0.0919854 -0.138848
FixedParameters: 0 0 0

#Transform 68
Transform: AffineTransform_float_3_3
Parameters: 0.999999 0.000155239 -0.000889708 -0.000156154 0.999999 -0.00170886 0.000889866 0.00170914 0.999998 0.0138871 0.039035 -0.143808
FixedParameters: 0 0 0

#Transform 69
Transform: AffineTransform_float_3_3
Parameters: 1 0.000121208 -0.00103223 -0.000122792 0.999999 -0.00179785 0.00103248 0.00179715 0.999998 0.032282 0.100189 -0.136483
FixedParameters: 0 0 0

#Transform 70
Transform: AffineTransform_float_3_3
Parameters: 0.999999 0.000397628 -0.000635324 -0.000398366 0.999999 -0.00147772 0.000634988 0.00147727 0.999999 0.012319 0.0530034 -0.17143
FixedParameters: 0 0 0

#Transform 71
Transform: AffineTransform_float_3_3
Parameters: 0.999999 0.000566053 -0.00119853 -0.000568477 0.999998 -0.00189932 0.00119706 0.00190068 0.999997 0.047025 0.0924876 -0.105692
FixedParameters: 0 0 0

#Transform 72
Transform: AffineTransform_float_3_3
Parameters: 1 0.000313685 -0.00107875 -0.000315788 0.999999 -0.00150249 0.00107864 0.00150251 0.999999 0.0210916 0.0413868 -0.143136
FixedParameters: 0 0 0

#Transform 73
Transform: AffineTransform_float_3_3
Parameters: 1 0.000350258 -0.00109467 -0.000352358 0.999998 -0.00193159 0.001094 0.00193141 0.999997 0.0244051 0.101095 -0.122238
FixedParameters: 0 0 0

#Transform 74
Transform: AffineTransform_float_3_3
Parameters: 1 0.000636097 -0.00103038 -0.000638232 0.999998 -0.00214135 0.00102933 0.00214266 0.999997 0.0314359 0.0697842 -0.0889756
FixedParameters: 0 0 0

#Transform 75
Transform: AffineTransform_float_3_3
Parameters: 1 0.000583639 -0.0010741 -0.000585608 0.999997 -0.00236935 0.00107187 0.00236965 0.999996 0.0405071 0.122129 -0.0717356
FixedParameters: 0 0 0

#Transform 76
Transform: AffineTransform_float_3_3
Parameters: 0.999999 0.000606918 -0.00107729 -0.000608801 0.999998 -0.00186232 0.00107571 0.00186268 0.999998 0.0332438 0.0640468 -0.120244
FixedParameters: 0 0 0

#Transform 77
Transform: AffineTransform_float_3_3
Parameters: 1 0.000494845 -0.00106036 -0.000496425 0.999998 -0.00221548 0.0010587 0.00221653 0.999997 0.0236951 0.119696 -0.0958548
FixedParameters: 0 0 0

#Transform 78
Transform: AffineTransform_float_3_3
Parameters: 1 0.000644955 -0.0010204 -0.000647643 0.999998 -0.00187632 0.00101882 0.00187668 0.999998 0.0255446 0.0568552 -0.120122
FixedParameters: 0 0 0

#Transform 79
Transform: AffineTransform_float_3_3
Parameters: 0.999999 0.00106144 -0.00114709 -0.00106379 0.999998 -0.00201976 0.00114447 0.00202124 0.999998 0.0180793 0.108822 -0.103534
FixedParameters: 0 0 0

#Transform 80
Transform: AffineTransform_float_3_3
Parameters: 0.999999 0.000755158 -0.00110002 -0.000758175 0.999998 -0.00189014 0.00109799 0.00189085 0.999997 0.0141975 0.0606429 -0.130804
FixedParameters: 0 0 0

#Transform 81
Transform: AffineTransform_float_3_3
Parameters: 0.999999 0.000792418 -0.0015551 -0.00079562 0.999998 -0.00207974 0.00155332 0.00208126 0.999996 0.0345147 0.104587 -0.108586
FixedParameters: 0 0 0

#Transform 82
Transform: AffineTransform_float_3_3
Parameters: 0.999999 0.00101634 -0.00144072 -0.00101991 0.999997 -0.00207951 0.00143915 0.00208149 0.999997 0.0228072 0.0774126 -0.112757
FixedParameters: 0 0 0

#Transform 83
Transform: AffineTransform_float_3_3
Parameters: 0.999999 0.000883715 -0.00120738 -0.000887375 0.999997 -0.00252191 0.00120558 0.00252309 0.999996 0.0275226 0.130977 -0.0829088
FixedParameters: 0 0 0

#Transform 84
Transform: AffineTransform_float_3_3
Parameters: 0.999999 0.000801191 -0.00119428 -0.000803937 0.999998 -0.00210402 0.00119258 0.00210498 0.999997 0.0210269 0.0538669 -0.108662
FixedParameters: 0 0 0

#Transform 85
Transform: AffineTransform_float_3_3
Parameters: 0.999999 0.000863568 -0.00114323 -0.000866289 0.999997 -0.00218699 0.00114113 0.00218801 0.999997 0.0261108 0.108876 -0.0735506
FixedParameters: 0 0 0

#Transform 86
Transform: AffineTransform_float_3_3
Parameters: 0.999999 0.000901947 -0.00120979 -0.000904886 0.999997 -0.00215689 0.00120757 0.00215811 0.999997 0.0248871 0.0649083 -0.0977593
FixedParameters: 0 0 0

#Transform 87
Transform: AffineTransform_float_3_3
Parameters: 0.999999 0.000924173 -0.00149869 -0.000927701 0.999997 -0.00231644 0.00149691 0.00231856 0.999997 0.0319849 0.127537 -0.0619791
FixedParameters: 0 0 0

#Transform 88
Transform: AffineTransform_float_3_3
Parameters: 0.999999 0.00100549 -0.00151185 -0.00100923 0.999998 -0.00203943 0.00151041 0.00204057 0.999997 0.0397382 0.0424478 -0.0940555
FixedParameters: 0 0 0

#Transform 89
Transform: AffineTransform_float_3_3
Parameters: 0.999999 0.0010092 -0.00148542 -0.00101275 0.999996 -0.00229645 0.0014823 0.00229754 0.999996 0.0371631 0.112384 -0.0808999
FixedParameters: 0 0 0

#Transform 90
Transform: AffineTransform_float_3_3
Parameters: 0.999998 0.000824103 -0.00154064 -0.000826963 0.999997 -0.00198854 0.00153888 0.00198946 0.999997 0.0430349 0.0626309 -0.103474
FixedParameters: 0 0 0

#Transform 91
Transform: AffineTransform_float_3_3
Parameters: 0.999998 0.000913702 -0.00172043 -0.000917562 0.999997 -0.00211438 0.00171908 0.00211562 0.999996 0.0343172 0.113093 -0.0891178
FixedParameters: 0 0 0

#Transform 92
Transform: AffineTransform_float_3_3
Parameters: 0.999999 0.00099877 -0.00155181 -0.001003 0.999997 -0.0024644 0.00154939 0.0024656 0.999996 0.0292646 0.0990836 -0.126826
FixedParameters: 0 0 0

#Transform 93
Transform: AffineTransform_float_3_3
Parameters: 0.999998 0.000991403 -0.00159572 -0.00099607 0.999995 -0.00289037 0.00159333 0.00289163 0.999994 0.0445988 0.125283 -0.0574747
FixedParameters: 0 0 0

#Transform 94
Transform: AffineTransform_float_3_3
Parameters: 0.999998 0.00104854 -0.00122854 -0.00105216 0.999997 -0.00240184 0.00122517 0.00240316 0.999996 0.0471672 0.0798945 -0.0874684
FixedParameters: 0 0 0

#Transform 95
Transform: AffineTransform_float_3_3
Parameters: 0.999998 0.000970499 -0.00173023 -0.000976299 0.999995 -0.00299312 0.00172776 0.00299488 0.999994 0.0649027 0.127778 -0.0778831
FixedParameters: 0 0 0

#Transform 96
Transform: AffineTransform_float_3_3
Parameters: 0.999998 0.000984536 -0.00164918 -0.000987774 0.999998 -0.00197233 0.00164681 0.00197367 0.999997 0.0582737 0.0645148 -0.0951441
FixedParameters: 0 0 0

#Transform 97
Transform: AffineTransform_float_3_3
Parameters: 0.999999 0.0005837 -0.00143349 -0.000587003 0.999997 -0.00263714 0.00143178 0.00263786 0.999995 0.0498371 0.123703 -0.0896175
FixedParameters: 0 0 0

#Transform 98
Transform: AffineTransform_float_3_3
Parameters: 0.999998 0.000729632 -0.00145554 -0.000732754 0.999997 -0.00219491 0.00145385 0.00219609 0.999996 0.0474374 0.070896 -0.115724
FixedParameters: 0 0 0

#Transform 99
Transform: AffineTransform_float_3_3
Parameters: 0.999998 0.000792459 -0.00193344 -0.000798571 0.999995 -0.00297627 0.00193092 0.00297773 0.999994 0.0560864 0.119661 -0.0534629
FixedParameters: 0 0 0

#Transform 100
Transform: AffineTransform_float_3_3
Parameters: 0.999997 0.000955711 -0.00195724 -0.000958789 0.999997 -0.00187293 0.00195503 0.00187506 0.999996 0.0545926 0.0430762 -0.0217358
FixedParameters: 0 0 0

#Transform 101
Transform: AffineTransform_float_3_3
Parameters: 0.999995 0.00150417 -0.00256914 -0.00151108 0.999995 -0.00283789 0.00256447 0.00284211 0.999993 0.0586946 0.0452374 0.0610678
FixedParameters: 0 0 0

#Transform 102
Transform: AffineTransform_float_3_3
Parameters: 0.999997 0.00123235 -0.00205727 -0.00123973 0.999994 -0.00317924 0.00205361 0.00318175 0.999993 0.0525402 0.126821 0.0292747
FixedParameters: 0 0 0

#Transform 103
Transform: AffineTransform_float_3_3
Parameters: 0.999998 0.000988947 -0.00203265 -0.000992771 0.999996 -0.00226777 0.00203037 0.00226923 0.999995 0.0377693 0.0494687 -0.0281185
FixedParameters: 0 0 0

#Transform 104
Transform: AffineTransform_float_3_3
Parameters: 0.999998 0.00107947 -0.00181872 -0.00108438 0.999995 -0.00287397 0.00181571 0.00287503 0.999994 0.0541801 0.127314 -0.0368564
FixedParameters: 0 0 0

#Transform 105
Transform: AffineTransform_float_3_3
Parameters: 0.999997 0.00117755 -0.00183287 -0.00118123 0.999996 -0.00220465 0.00183004 0.00220735 0.999996 0.0528686 0.0370254 -0.0604989
FixedParameters: 0 0 0

#Transform 106
Transform: AffineTransform_float_3_3
Parameters: 0.999997 0.00102103 -0.00225173 -0.00102696 0.999996 -0.00276748 0.00224912 0.00276952 0.999994 0.0556177 0.110638 -0.00846326
FixedParameters: 0 0 0

#Transform 107
Transform: AffineTransform_float_3_3
Parameters: 0.999997 0.00121411 -0.00238646 -0.00122003 0.999996 -0.00260788 0.00238316 0.00261112 0.999994 0.0516123 0.0725129 -0.0391779
FixedParameters: 0 0 0

#Transform 108
Transform: AffineTransform_float_3_3
Parameters: 0.999997 0.00114257 -0.00237569 -0.00114919 0.999996 -0.00276706 0.0023724 0.00276993 0.999993 0.0525446 0.131516 -0.0336271
FixedParameters: 0 0 0

#Transform 109
Transform: AffineTransform_float_3_3
Parameters: 0.999996 0.001367 -0.0024095 -0.00137266 0.999996 -0.00232446 0.00240633 0.00232754 0.999994 0.0451031 0.0580059 -0.0616039
FixedParameters: 0 0 0

#Transform 110
Transform: AffineTransform_float_3_3
Parameters: 0.999997 0.00129972 -0.0023999 -0.00130646 0.999995 -0.00276664 0.00239574 0.00276936 0.999993 0.0459764 0.113357 -0.0349904
FixedParameters: 0 0 0

#Transform 111
Transform: AffineTransform_float_3_3
Parameters: 0.999998 0.00115752 -0.00159848 -0.00116099 0.999996 -0.0024631 0.00159513 0.0024649 0.999996 0.0321981 0.0540858 -0.0452842
FixedParameters: 0 0 0

#Transform 112
Transform: AffineTransform_float_3_3
Parameters: 0.999998 0.00116298 -0.00202148 -0.0011691 0.999996 -0.00264258 0.00201867 0.00264442 0.999994 0.0419431 0.110755 -0.0234348
FixedParameters: 0 0 0

#Transform 113
Transform: AffineTransform_float_3_3
Parameters: 0.999997 0.00138068 -0.00205477 -0.00138546 0.999996 -0.0025131 0.00205103 0.00251591 0.999995 0.044341 0.0589806 -0.0595517
FixedParameters: 0 0 0

#Transform 114
Transform: AffineTransform_float_3_3
Parameters: 0.999997 0.00124756 -0.00203557 -0.00125443 0.999994 -0.00332939 0.00203129 0.00333161 0.999992 0.068725 0.177158 -0.00258923
FixedParameters: 0 0 0

#Transform 115
Transform: AffineTransform_float_3_3
Parameters: 0.999998 0.00110384 -0.00201296 -0.00110959 0.999995 -0.00305171 0.00200926 0.00305329 0.999993 0.0590334 0.0978503 0.0032306
FixedParameters: 0 0 0

#Transform 116
Transform: AffineTransform_float_3_3
Parameters: 0.999998 0.00108741 -0.00201154 -0.00109522 0.999992 -0.00385059 0.00200703 0.00385241 0.999991 0.0518252 0.16128 0.0495605
FixedParameters: 0 0 0

#Transform 117
Transform: AffineTransform_float_3_3
Parameters: 0.999997 0.00126296 -0.00203751 -0.0012687 0.999995 -0.00304836 0.00203384 0.00305064 0.999993 0.0555728 0.0883339 0.0079033
FixedParameters: 0 0 0

#Transform 118
Transform: AffineTransform_float_3_3
Parameters: 0.999996 0.00136152 -0.00240164 -0.00136967 0.999993 -0.00353149 0.00239673 0.00353452 0.999991 0.0841329 0.150341 0.0397095
FixedParameters: 0 0 0

#Transform 119
Transform: AffineTransform_float_3_3
Parameters: 0.999998 0.00103652 -0.00201397 -0.0010431 0.999994 -0.00325569 0.00201026 0.00325731 0.999993 0.0766915 0.0859066 0.0262416
FixedParameters: 0 0 0

#Transform 120
Transform: AffineTransform_float_3_3
Parameters: 0.999997 0.00113567 -0.00218934 -0.00114274 0.999994 -0.0033673 0.00218556 0.00336971 0.999992 0.0758651 0.137404 0.0398187
FixedParameters: 0 0 0

#Transform 121
Transform: AffineTransform_float_3_3
Parameters: 0.999997 0.00125288 -0.00218074 -0.00125974 0.999994 -0.00310705 0.00217698 0.00310995 0.999993 0.0774321 0.0900198 0.00779208
FixedParameters: 0 0 0

#Transform 122
Transform: AffineTransform_float_3_3
Parameters: 0.999996 0.0012752 -0.00226247 -0.00128261 0.999994 -0.0033339 0.00225784 0.00333711 0.999992 0.0741164 0.139413 0.0109591
FixedParameters: 0 0 0

#Transform 123
Transform: AffineTransform_float_3_3
Parameters: 0.999997 0.00116699 -0.0022454 -0.00117444 0.999995 -0.00311416 0.00224117 0.00311684 0.999993 0.0769668 0.0762247 -0.00262647
FixedParameters: 0 0 0

#Transform 124
Transform: AffineTransform_float_3_3
Parameters: 0.999997 0.0010062 -0.00222099 -0.00101388 0.999994 -0.00342354 0.00221698 0.00342546 0.999992 0.0840786 0.142844 0.0200171
FixedParameters: 0 0 0

#Transform 125
Transform: AffineTransform_float_3_3
Parameters: 0.999998 0.000851288 -0.00209022 -0.000857099 0.999995 -0.002953 0.00208823 0.002954 0.999993 0.0759971 0.0603594 0.00335773
FixedParameters: 0 0 0

#Transform 126
Transform: AffineTransform_float_3_3
Parameters: 0.999998 0.000849164 -0.0020909 -0.000855114 0.999995 -0.00295003 0.00208794 0.00295197 0.999993 0.0744406 0.0981555 0.0285426
FixedParameters: 0 0 0

#Transform 127
Transform: AffineTransform_float_3_3
Parameters: 0.999996 0.000974463 -0.00266548 -0.000982735 0.999996 -0.00277701 0.0026631 0.00277899 0.999993 0.076666 0.0739125 0.00947605
FixedParameters: 0 0 0

#Transform 128
Transform: AffineTransform_float_3_3
Parameters: 0.999997 0.000935005 -0.00216536 -0.000942008 0.999994 -0.00335463 0.00216197 0.00335737 0.999992 0.0578232 0.13923 0.0300602
FixedParameters: 0 0 0

#Transform 129
Transform: AffineTransform_float_3_3
Parameters: 0.999997 0.00106193 -0.00217523 -0.00106793 0.999995 -0.00288249 0.00217214 0.00288551 0.999993 0.0518511 0.101975 0.0256059
FixedParameters: 0 0 0

#Transform 130
Transform: AffineTransform_float_3_3
Parameters: 0.999996 0.00147539 -0.00234724 -0.00148254 0.999992 -0.00343129 0.00234281 0.0034347 0.999991 0.0358814 0.154821 0.0338787
FixedParameters: 0 0 0

#Transform 131
Transform: AffineTransform_float_3_3
Parameters: 0.999995 0.00173507 -0.00243495 -0.00174372 0.999993 -0.00341466 0.00242894 0.00341834 0.999991 0.0348487 0.0963427 0.0276416
FixedParameters: 0 0 0

#Transform 132
Transform: AffineTransform_float_3_3
Parameters: 0.999996 0.00178873 -0.00250958 -0.00179817 0.999992 -0.00366939 0.00250214 0.0036736 0.99999 0.0530419 0.155371 0.0474578
FixedParameters: 0 0 0

#Transform 133
Transform: AffineTransform_float_3_3
Parameters: 0.999996 0.00148374 -0.00220446 -0.0014911 0.999994 -0.00322166 0.0021999 0.00322534 0.999992 0.0290344 0.0936175 0.00702267
FixedParameters: 0 0 0

#Transform 134
Transform: AffineTransform_float_3_3
Parameters: 0.999996 0.00179963 -0.00244115 -0.0018089 0.999993 -0.00353251 0.00243427 0.00353749 0.999991 0.0632062 0.137144 0.0306356
FixedParameters: 0 0 0

#Transform 135
Transform: AffineTransform_float_3_3
Parameters: 0.999996 0.00170762 -0.00249625 -0.0017153 0.999994 -0.00330465 0.00248966 0.00330936 0.999991 0.0523482 0.0644708 0.0124361
FixedParameters: 0 0 0

#Transform 136
Transform: AffineTransform_float_3_3
Parameters: 0.999996 0.00145831 -0.0024579 -0.00146627 0.999993 -0.00341317 0.00245264 0.00341683 0.999991 0.0433843 0.132813 0.0245564
FixedParameters: 0 0 0

#Transform 137
Transform: AffineTransform_float_3_3
Parameters: 0.999996 0.00183255 -0.00223298 -0.00183977 0.999993 -0.00317981 0.00222731 0.00318418 0.999992 0.0561297 0.0809205 -0.0172697
FixedParameters: 0 0 0

#Transform 138
Transform: AffineTransform_float_3_3
Parameters: 0.999996 0.00178963 -0.00250894 -0.00179827 0.999993 -0.00331139 0.00250293 0.00331561 0.999991 0.0465573 0.134517 0.0071335
FixedParameters: 0 0 0

#Transform 139
Transform: AffineTransform_float_3_3
Parameters: 0.999996 0.00178962 -0.00250894 -0.00179827 0.999993 -0.00331239 0.00250293 0.00331661 0.999991 0.0511629 0.0824721 -0.020078
FixedParameters: 0 0 0

#Transform 140
Transform: AffineTransform_float_3_3
Parameters: 0.999995 0.00177801 -0.00257963 -0.00178751 0.999992 -0.0036073 0.00257348 0.00361171 0.99999 0.0498876 0.142046 0.00479924
FixedParameters: 0 0 0

#Transform 141
Transform: AffineTransform_float_3_3
Parameters: 0.999995 0.00176939 -0.0026412 -0.00177842 0.999993 -0.00321906 0.00263565 0.00322394 0.999991 0.0505568 0.0771763 -0.0471671
FixedParameters: 0 0 0

#Transform 142
Transform: AffineTransform_float_3_3
Parameters: 0.999994 0.00174679 -0.00278389 -0.00175682 0.999992 -0.00343684 0.00277856 0.00344115 0.99999 0.0598683 0.126959 -0.035069
FixedParameters: 0 0 0

#Transform 143
Transform: AffineTransform_float_3_3
Parameters: 0.999993 0.00169494 -0.00312162 -0.00170554 0.999993 -0.00329141 0.003116 0.00329658 0.999989 0.0546303 0.0817495 -0.0435746
FixedParameters: 0 0 0

#Transform 144
Transform: AffineTransform_float_3_3
Parameters: 0.999994 0.00187116 -0.00295577 -0.00188095 0.999992 -0.00336518 0.0029497 0.00337082 0.99999 0.0559996 0.093941 -0.0318257
FixedParameters: 0 0 0

#Transform 145
Transform: AffineTransform_float_3_3
Parameters: 0.999995 0.00176923 -0.00263954 -0.00177819 0.999993 -0.00339507 0.00263321 0.00339994 0.999991 0.0324871 0.123643 -0.0190488
FixedParameters: 0 0 0

#Transform 146
Transform: AffineTransform_float_3_3
Parameters: 0.999995 0.00172736 -0.00291479 -0.00173662 0.999993 -0.00312567 0.00290968 0.00313032 0.999991 0.0373649 0.0789724 -0.03528
FixedParameters: 0 0 0

#Transform 147
Transform: AffineTransform_float_3_3
Parameters: 0.999994 0.00192421 -0.00295455 -0.00193556 0.999992 -0.00365617 0.00294798 0.00366183 0.999989 0.0295571 0.12797 -0.00981638
FixedParameters: 0 0 0

#Transform 148
Transform: AffineTransform_float_3_3
Parameters: 0.999994 0.00174608 -0.00278791 -0.00175648 0.999992 -0.00347484 0.00278146 0.00347916 0.99999 0.0225117 0.0916265 -0.0164888
FixedParameters: 0 0 0

#Transform 149
Transform: AffineTransform_float_3_3
Parameters: 0.999994 0.00193469 -0.0028873 -0.00194441 0.999991 -0.00363012 0.00288061 0.00363588 0.999989 0.0281747 0.137132 -0.00743809
FixedParameters: 0 0 0

#Transform 150
Transform: AffineTransform_float_3_3
Parameters: 0.999994 0.00192262 -0.0028848 -0.00193192 0.999992 -0.00336216 0.00287839 0.00336784 0.99999 0.0450426 0.111741 -0.0297864
FixedParameters: 0 0 0

#Transform 151
Transform: AffineTransform_float_3_3
Parameters: 0.999995 0.0019481 -0.00272154 -0.00195807 0.999992 -0.00368956 0.00271368 0.00369444 0.99999 0.053497 0.155543 0.00793476
FixedParameters: 0 0 0

#Transform 152
Transform: AffineTransform_float_3_3
Parameters: 0.999994 0.00238545 -0.0025433 -0.00239383 0.999992 -0.00327495 0.00253548 0.00328106 0.999992 0.0538828 0.0824923 -0.0168849
FixedParameters: 0 0 0

#Transform 153
Transform: AffineTransform_float_3_3
Parameters: 0.999994 0.00240865 -0.00244764 -0.0024169 0.99999 -0.00361012 0.0024389 0.00361588 0.999991 0.0692032 0.144874 0.0465897
FixedParameters: 0 0 0

#Transform 154
Transform: AffineTransform_float_3_3
Parameters: 0.999995 0.00179259 -0.00235166 -0.00180043 0.999993 -0.00336267 0.00234544 0.00336633 0.999992 0.0580496 0.0974501 0.0071995
FixedParameters: 0 0 0

#Transform 155
Transform: AffineTransform_float_3_3
Parameters: 0.999995 0.00188699 -0.00260415 -0.00189678 0.999991 -0.00384897 0.00259713 0.00385403 0.999989 0.0853389 0.218755 -0.0290005
FixedParameters: 0 0 0

#Transform 156
Transform: AffineTransform_float_3_3
Parameters: 0.999996 0.00190194 -0.00241887 -0.00191046 0.999991 -0.00367828 0.00241254 0.00368272 0.99999 0.0760372 0.0874203 -0.00146901
FixedParameters: 0 0 0

#Transform 157
Transform: AffineTransform_float_3_3
Parameters: 0.999995 0.00210045 -0.002045 -0.00210744 0.999991 -0.00373391 0.00203713 0.00373809 0.999991 0.107844 0.121045 0.0411972
FixedParameters: 0 0 0

#Transform 158
Transform: AffineTransform_float_3_3
Parameters: 0.999998 0.00153861 -0.0013338 -0.001544 0.999991 -0.00390105 0.00132809 0.00390295 0.999991 0.085527 0.130794 0.0956073
FixedParameters: 0 0 0

#Transform 159
Transform: AffineTransform_float_3_3
Parameters: 0.999998 0.00148694 -0.00167361 -0.0014918 0.999993 -0.00315544 0.0016684 0.00315755 0.999994 0.0762416 0.0772271 0.00280921
FixedParameters: 0 0 0

#Transform 160
Transform: AffineTransform_float_3_3
Parameters: 0.999997 0.00148715 -0.00167513 -0.00149199 0.999995 -0.00285161 0.00167098 0.00285439 0.999994 0.0738376 0.100574 -0.0110252
FixedParameters: 0 0 0

#Transform 161
Transform: AffineTransform_float_3_3
Parameters: 0.999998 0.00103412 -0.00171078 -0.00103901 0.999994 -0.00305004 0.00170766 0.00305196 0.999994 0.0900277 0.14328 -0.00200064
FixedParameters: 0 0 0

#Transform 162
Transform: AffineTransform_float_3_3
Parameters: 0.999998 0.00108282 -0.00171809 -0.00108835 0.999995 -0.00289409 0.00171417 0.00289591 0.999994 0.0947841 0.0833658 0.0034767
FixedParameters: 0 0 0

#Transform 163
Transform: AffineTransform_float_3_3
Parameters: 0.999998 0.00139854 -0.00176728 -0.00140414 0.999994 -0.00319548 0.00176251 0.00319852 0.999993 0.0917253 0.0850577 -0.0392207
FixedParameters: 0 0 0

#Transform 164
Transform: AffineTransform_float_3_3
Parameters: 0.999999 0.000967376 -0.00151247 -0.000972533 0.999994 -0.00321249 0.00150959 0.00321351 0.999994 0.0886493 0.125545 0.00510802
FixedParameters: 0 0 0

#Transform 165
Transform: AffineTransform_float_3_3
Parameters: 0.999998 0.00118017 -0.00151963 -0.00118545 0.999995 -0.00291118 0.00151625 0.00291382 0.999994 0.0778728 0.0605721 -0.030206
FixedParameters: 0 0 0

#Transform 166
Transform: AffineTransform_float_3_3
Parameters: 0.999998 0.00119523 -0.00173563 -0.00120122 0.999995 -0.00303986 0.0017317 0.00304115 0.999994 0.0805083 0.146293 -0.0405505
FixedParameters: 0 0 0

#Transform 167
Transform: AffineTransform_float_3_3
Parameters: 0.999998 0.00125046 -0.00166975 -0.00125484 0.999996 -0.00267887 0.00166639 0.00268114 0.999995 0.0824273 0.0728448 -0.0530073
FixedParameters: 0 0 0

#Transform 168
Transform: AffineTransform_float_3_3
Parameters: 0.999997 0.00164748 -0.00169764 -0.00165147 0.999996 -0.00222614 0.0016938 0.00222886 0.999997 0.0740758 0.0623832 -0.0748123
FixedParameters: 0 0 0

#Transform 169
Transform: AffineTransform_float_3_3
Parameters: 0.999997 0.00152782 -0.00178744 -0.00153377 0.999993 -0.0032992 0.00178252 0.0033018 0.999993 0.0887416 0.160951 -0.119551
FixedParameters: 0 0 0

#Transform 170
Transform: AffineTransform_float_3_3
Parameters: 0.999999 0.000979565 -0.00143696 -0.000983221 0.999996 -0.00280657 0.00143382 0.00280843 0.999995 0.076017 0.0758573 -0.138773
FixedParameters: 0 0 0

#Transform 171
Transform: AffineTransform_float_3_3
Parameters: 0.999998 0.00105917 -0.0016162 -0.00106388 0.999996 -0.00282224 0.00161257 0.00282376 0.999995 0.0814377 0.133949 -0.106597
FixedParameters: 0 0 0

#Transform 172
Transform: AffineTransform_float_3_3
Parameters: 0.999997 0.00160196 -0.00177959 -0.00160769 0.999993 -0.00325323 0.00177433 0.00325577 0.999993 0.0947666 0.145345 -0.0800299
FixedParameters: 0 0 0

#Transform 173
Transform: AffineTransform_float_3_3
Parameters: 0.999998 0.00159615 -0.00162782 -0.00160072 0.999994 -0.00320048 0.00162277 0.00320252 0.999994 0.0717169 0.148918 -0.0768312
FixedParameters: 0 0 0

#Transform 174
Transform: AffineTransform_float_3_3
Parameters: 0.999997 0.00145047 -0.00167659 -0.00145538 0.999995 -0.00286965 0.00167259 0.00287135 0.999994 0.0781147 0.113717 -0.0942127
FixedParameters: 0 0 0

#Transform 175
Transform: AffineTransform_float_3_3
Parameters: 0.999997 0.00139069 -0.00166785 -0.00139552 0.999994 -0.00315863 0.00166324 0.00316136 0.999994 0.0703767 0.138964 -0.0697992
FixedParameters: 0 0 0

#Transform 176
Transform: AffineTransform_float_3_3
Parameters: 0.999997 0.00136576 -0.00166421 -0.00137101 0.999994 -0.00329183 0.0016594 0.00329417 0.999993 0.0528087 0.147221 -0.0823007
FixedParameters: 0 0 0

#Transform 177
Transform: AffineTransform_float_3_3
Parameters: 0.999998 0.00139747 -0.00153823 -0.00140047 0.999996 -0.00245681 0.00153471 0.00245919 0.999996 0.0481382 0.0889436 -0.0762437
FixedParameters: 0 0 0

#Transform 178
Transform: AffineTransform_float_3_3
Parameters: 0.999999 0.00129784 -0.00117328 -0.00130216 0.999993 -0.0034316 0.00116885 0.0034334 0.999993 0.04449 0.1652 -0.065432
FixedParameters: 0 0 0

#Transform 179
Transform: AffineTransform_float_3_3
Parameters: 0.999998 0.00136919 -0.00102334 -0.001372 0.999996 -0.00271073 0.00102055 0.00271228 0.999996 0.0485229 0.103959 -0.0889577
FixedParameters: 0 0 0

#Transform 180
Transform: AffineTransform_float_3_3
Parameters: 0.999999 0.00109003 -0.00112214 -0.00109444 0.999993 -0.00362575 0.00111871 0.00362724 0.999993 0.0520365 0.162782 -0.0603159
FixedParameters: 0 0 0

#Transform 181
Transform: AffineTransform_float_3_3
Parameters: 0.999999 0.00102971 -0.00111177 -0.00103246 0.999996 -0.00277598 0.00110856 0.00277702 0.999995 0.0523411 0.0962758 -0.095027
FixedParameters: 0 0 0

#Transform 182
Transform: AffineTransform_float_3_3
Parameters: 0.999999 0.00123358 -0.000713544 -0.00123536 0.999994 -0.0030561 0.000709654 0.0030569 0.999995 0.0413177 0.137488 -0.0775469
FixedParameters: 0 0 0

#Transform 183
Transform: AffineTransform_float_3_3
Parameters: 0.999999 0.00107292 -0.00140887 -0.0010763 0.999996 -0.00281644 0.00140617 0.00281756 0.999995 0.0535464 0.102821 -0.0305492
FixedParameters: 0 0 0

#Transform 184
Transform: AffineTransform_float_3_3
Parameters: 0.999998 0.00106774 -0.0012864 -0.0010709 0.999996 -0.0026156 0.00128431 0.0026174 0.999996 0.0463468 0.147525 0.00565085
FixedParameters: 0 0 0

#Transform 185
Transform: AffineTransform_float_3_3
Parameters: 0.999999 0.00107113 -0.000847722 -0.00107272 0.999998 -0.00170107 0.000845902 0.00170193 0.999999 0.0402026 0.0692381 -0.0245736
FixedParameters: 0 0 0

#Transform 186
Transform: AffineTransform_float_3_3
Parameters: 0.999999 0.00105835 -0.000929213 -0.00105999 0.999997 -0.002111 0.000926419 0.00211201 0.999998 0.0421315 0.134403 -0.0125432
FixedParameters: 0 0 0

#Transform 187
Transform: AffineTransform_float_3_3
Parameters: 0.999999 0.00105293 -0.000963932 -0.00105479 0.999997 -0.00222896 0.0009619 0.00223004 0.999997 0.0438549 0.0979945 -0.0431958
FixedParameters: 0 0 0

#Transform 188
Transform: AffineTransform_float_3_3
Parameters: 0.999999 0.0010332 -0.00108989 -0.00103555 0.999996 -0.00264685 0.00108693 0.00264815 0.999996 0.048479 0.129312 -0.00549431
FixedParameters: 0 0 0

#Transform 189
Transform: AffineTransform_float_3_3
