#Insight Transform File V1.0
#Transform 0
Transform: AffineTransform_float_3_3
Parameters: 0.999999 -0.000404841 -0.000588008 0.000404839 0.999999 -0.000847151 0.000588597 0.00084785 1 0.110231 -0.0175725 0.0838337
FixedParameters: 0 0 0

#Transform 1
Transform: AffineTransform_float_3_3
Parameters: 1 -3.99974e-05 -0.000333684 3.95115e-05 0.999999 -0.000728013 0.000333742 0.000727986 0.999999 0.142544 0.00720176 0.0148045
FixedParameters: 0 0 0

#Transform 2
Transform: AffineTransform_float_3_3
Parameters: 1 0.000107639 -0.000598493 -0.000107609 0.999999 -0.000805935 0.000598222 0.000806064 0.999999 0.14806 -0.0136789 -0.0274527
FixedParameters: 0 0 0

#Transform 3
Transform: AffineTransform_float_3_3
Parameters: 1 -4.36393e-05 -0.000280072 4.34399e-05 1 -0.000356012 0.000280103 0.000355988 1 0.141904 -0.0021489 0.0213927
FixedParameters: 0 0 0

#Transform 4
Transform: AffineTransform_float_3_3
Parameters: 1 8.43e-05 -0.000370964 -8.40997e-05 1 0.000270031 0.00037101 -0.000269969 1 0.145318 -0.0319173 -0.00225335
FixedParameters: 0 0 0

#Transform 5
Transform: AffineTransform_float_3_3
Parameters: 1 -3.2175e-05 -0.000580647 3.24502e-05 1 -0.000620019 0.000580589 0.000619981 0.999999 0.135684 -0.0138832 0.0283989
FixedParameters: 0 0 0

#Transform 6
Transform: AffineTransform_float_3_3
Parameters: 0.999999 -0.00032208 -0.000667611 0.000321321 1 -0.000568214 0.000667977 0.000567785 0.999999 0.140066 -0.00884941 0.0845423
FixedParameters: 0 0 0

#Transform 7
Transform: AffineTransform_float_3_3
Parameters: 1 8.26407e-05 -0.000567858 -8.33346e-05 1 -0.000610952 0.000567757 0.000611047 0.999999 0.147101 0.0371913 0.0943908
FixedParameters: 0 0 0

#Transform 8
Transform: AffineTransform_float_3_3
Parameters: 1 -3.51361e-05 -0.000331155 3.48303e-05 1 0.00104099 0.00033118 -0.00104101 1 0.13117 -0.0114111 0.0762222
FixedParameters: 0 0 0

#Transform 9
Transform: AffineTransform_float_3_3
Parameters: 1 0.000106526 -0.000560162 -0.000106186 1 -0.00058494 0.00055994 0.000585059 0.999999 0.112943 0.0400287 0.128932
FixedParameters: 0 0 0

#Transform 10
Transform: AffineTransform_float_3_3
Parameters: 0.999999 -0.000250427 -0.000867598 0.000249314 1 -0.00064112 0.000867918 0.00064088 1 0.122027 0.00398162 0.134073
FixedParameters: 0 0 0

#Transform 11
Transform: AffineTransform_float_3_3
Parameters: 1 -0.000191055 -0.000636385 0.000190971 1 -6.61215e-05 0.00063641 6.58784e-05 1 0.118744 0.0582154 0.100652
FixedParameters: 0 0 0

#Transform 12
Transform: AffineTransform_float_3_3
Parameters: 0.999999 -0.000353179 -0.00069289 0.000352415 1 0.000166756 0.000692869 -0.000167245 0.999999 0.130098 -0.0159043 0.0887445
FixedParameters: 0 0 0

#Transform 13
Transform: AffineTransform_float_3_3
Parameters: 0.999999 -0.000604505 -0.000560777 0.000604691 1 0.000165651 0.000560577 -0.000165348 1 0.123728 0.015527 0.0728552
FixedParameters: 0 0 0

#Transform 14
Transform: AffineTransform_float_3_3
Parameters: 1 -0.000203444 -0.000325865 0.000203165 0.999999 0.000949021 0.000326572 -0.000947979 1 0.143738 0.00780307 0.0718879
FixedParameters: 0 0 0

#Transform 15
Transform: AffineTransform_float_3_3
Parameters: 1 -8.10777e-05 -0.000438273 8.22082e-05 0.999997 0.00242596 0.000437975 -0.00242604 0.999997 0.115568 0.00636371 0.0452822
FixedParameters: 0 0 0

#Transform 16
Transform: AffineTransform_float_3_3
Parameters: 1 -0.000370223 -0.000410258 0.000370294 0.999999 0.00130085 0.000409392 -0.00130115 0.999999 0.115826 -0.0430945 0.0290245
FixedParameters: 0 0 0

#Transform 17
Transform: AffineTransform_float_3_3
Parameters: 1 -9.35687e-05 -0.000437015 9.36029e-05 1 0.00117796 0.000436892 -0.00117804 0.999999 0.0853575 0.0285307 0.0110464
FixedParameters: 0 0 0

#Transform 18
Transform: AffineTransform_float_3_3
Parameters: 1 -0.000350597 -0.000517575 0.000350699 1 0.00106082 0.000516928 -0.00106118 1 0.0980892 -0.0620085 -0.0295434
FixedParameters: 0 0 0

#Transform 19
Transform: AffineTransform_float_3_3
Parameters: 1 -0.000198289 -0.000640746 0.000198646 1 0.000277873 0.000640635 -0.000278127 1 0.0693833 0.0182174 -0.0739568
FixedParameters: 0 0 0

#Transform 20
Transform: AffineTransform_float_3_3
Parameters: 1 -0.00017714 0.000109793 0.00017712 1 9.00194e-05 -0.000109825 -8.99805e-05 1 -0.00492851 0.00229192 -0.00463712
FixedParameters: 0 0 0

#Transform 21
Transform: AffineTransform_float_3_3
Parameters: 1 -2.54373e-05 -0.000147224 2.55374e-05 1 0.000339996 0.000147207 -0.000340004 1 0.0132133 0.0194985 -0.0555028
FixedParameters: 0 0 0

#Transform 22
Transform: AffineTransform_float_3_3
Parameters: 1 -0.000230246 -0.000145261 0.000230294 1 0.000166967 0.000145184 -0.000167033 1 0.0223901 -0.00730805 -0.0548405
FixedParameters: 0 0 0

#Transform 23
Transform: AffineTransform_float_3_3
Parameters: 1 -4.89244e-05 -0.000222287 4.89253e-05 1 1.98912e-06 0.000222287 -2.01088e-06 1 0.0163481 0.0188147 -0.0484852
FixedParameters: 0 0 0

#Transform 24
Transform: AffineTransform_float_3_3
Parameters: 1 0.000198168 2.27703e-05 -0.000198168 1 -3.00451e-06 -2.27715e-05 2.99549e-06 1 0.0188941 -0.0110961 -0.0638938
FixedParameters: 0 0 0

#Transform 25
Transform: AffineTransform_float_3_3
Parameters: 1 -0.000403232 -0.000510409 0.000403168 0.999999 0.000912891 0.00050977 -0.000913109 1 0.0406113 -0.0132897 -0.0420686
FixedParameters: 0 0 0

#Transform 26
Transform: AffineTransform_float_3_3
Parameters: 1 0.000303221 -1.24447e-05 -0.000303204 0.999999 0.000673003 1.28528e-05 -0.000672996 1 0.0225475 0.0174125 -0.0152506
FixedParameters: 0 0 0

#Transform 27
Transform: AffineTransform_float_3_3
Parameters: 1 0.000171832 -0.000154398 -0.000171654 1 0.000576026 0.000154595 -0.000575973 1 0.0219478 -0.0440404 -0.0214236
FixedParameters: 0 0 0

#Transform 28
Transform: AffineTransform_float_3_3
Parameters: 1 -6.47387e-05 -0.000303147 6.50382e-05 1 0.00049398 0.000303082 -0.00049402 1 0.0422825 -0.033563 -0.0246869
FixedParameters: 0 0 0

#Transform 29
Transform: AffineTransform_float_3_3
Parameters: 1 -0.000116832 -0.000126235 0.000116913 1 0.000322985 0.00012616 -0.000323015 1 0.058393 -0.00104369 0.0118756
FixedParameters: 0 0 0

#Transform 30
Transform: AffineTransform_float_3_3
Parameters: 0.999999 -0.000467041 -0.000710622 0.000469036 0.999998 0.00203567 0.000709809 -0.00203633 0.999997 0.0638193 0.0282867 -0.0877628
FixedParameters: 0 0 0

#Transform 31
Transform: AffineTransform_float_3_3
Parameters: 1 -0.000457096 -9.76967e-06 0.000457109 0.999999 0.000721995 9.10961e-06 -0.000722004 0.999999 0.0353055 -0.0216295 0.025864
FixedParameters: 0 0 0

#Transform 32
Transform: AffineTransform_float_3_3
Parameters: 0.999999 -0.00126227 0.000203918 0.00126174 0.999997 0.00174826 -0.00020634 -0.00174774 0.999999 0.187115 0.0388795 -0.160819
FixedParameters: 0 0 0

#Transform 33
Transform: AffineTransform_float_3_3
Parameters: 0.999997 -0.0021515 -0.000521398 0.00215163 0.999998 0.000888677 0.000519658 -0.000890325 1 0.213877 -0.0611014 -0.183959
FixedParameters: 0 0 0

#Transform 34
Transform: AffineTransform_float_3_3
Parameters: 1 -0.000776211 0.00081734 0.000776718 0.999999 0.000358644 -0.000816999 -0.000358356 0.999999 0.0612318 0.0547809 0.151854
FixedParameters: 0 0 0

#Transform 35
Transform: AffineTransform_float_3_3
Parameters: 0.999999 -0.00076746 -0.000214468 0.000767752 0.999999 0.000451835 0.000214769 -0.000452165 1 0.100112 0.0712689 0.0284645
FixedParameters: 0 0 0

#Transform 36
Transform: AffineTransform_float_3_3
Parameters: 0.999999 -0.000834802 0.000217333 0.000835712 0.999999 0.000195182 -0.000217757 -0.000194818 1 0.104057 -0.0279514 -0.0476016
FixedParameters: 0 0 0

#Transform 37
Transform: AffineTransform_float_3_3
Parameters: 1 -0.000629844 0.000197072 0.000629642 0.999999 0.000511124 -0.000197716 -0.000510875 1 0.111943 0.00187459 -0.128855
FixedParameters: 0 0 0

#Transform 38
Transform: AffineTransform_float_3_3
Parameters: 1 -0.000615899 0.000195747 0.00061572 0.999999 0.00045712 -0.000196309 -0.000456879 1 0.0950679 0.0168978 -0.037556
FixedParameters: 0 0 0

#Transform 39
Transform: AffineTransform_float_3_3
Parameters: 1 -0.000440293 -0.000145813 0.00044035 1 0.000194936 0.000145642 -0.000195064 1 0.0960894 0.017218 -0.110623
FixedParameters: 0 0 0

#Transform 40
Transform: AffineTransform_float_3_3
Parameters: 0.999999 -0.000821882 0.000348094 0.00082207 0.999999 -0.000270704 -0.000347649 0.000270295 1 0.1015 -0.00966334 -0.0695595
FixedParameters: 0 0 0

#Transform 41
Transform: AffineTransform_float_3_3
Parameters: 1 -0.00017901 4.96831e-05 0.000178998 1 0.000122009 -4.97268e-05 -0.000121991 1 0.0692282 0.0361456 -0.186819
FixedParameters: 0 0 0

#Transform 42
Transform: AffineTransform_float_3_3
Parameters: 1 -0.000391402 -0.000283281 0.000391595 1 0.000339889 0.000283015 -0.000340111 1 0.0986572 -0.0905963 -0.234154
FixedParameters: 0 0 0

#Transform 43
Transform: AffineTransform_float_3_3
Parameters: 1 -0.000279976 -0.000294132 0.000280091 1 0.000194918 0.000294022 -0.000195082 1 0.093687 0.0155366 -0.213877
FixedParameters: 0 0 0

#Transform 44
Transform: AffineTransform_float_3_3
Parameters: 1 -0.000418462 -1.58368e-05 0.000418604 0.999999 0.00143599 1.563e-05 -0.00143601 0.999999 0.073418 -0.0517531 -0.205806
FixedParameters: 0 0 0

#Transform 45
Transform: AffineTransform_float_3_3
Parameters: 1 -0.000359112 -0.000146452 0.000358938 1 -0.000593052 0.000146878 0.000592947 1 0.0719097 -0.00699257 -0.143268
FixedParameters: 0 0 0

#Transform 46
Transform: AffineTransform_float_3_3
Parameters: 1 -0.000418164 -0.000227296 0.000418184 1 4.39049e-05 0.00022726 -4.4095e-05 1 0.0938263 -0.0189446 -0.170918
FixedParameters: 0 0 0

#Transform 47
Transform: AffineTransform_float_3_3
Parameters: 0.999999 -0.000759626 -0.00052233 0.000759572 1 -5.14063e-05 0.000522408 5.15936e-05 1 0.141922 -0.0156854 -0.113468
FixedParameters: 0 0 0

#Transform 48
Transform: AffineTransform_float_3_3
Parameters: 0.999999 -0.000644839 -0.000448183 0.000644792 1 -5.12985e-05 0.000448249 5.17014e-05 1 0.103251 0.0121272 -0.163558
FixedParameters: 0 0 0

#Transform 49
Transform: AffineTransform_float_3_3
Parameters: 0.999999 -0.00131052 -0.000800774 0.00131031 0.999999 -0.000133166 0.000801123 0.000132834 0.999999 0.205638 -0.0211037 -0.0791435
FixedParameters: 0 0 0

#Transform 50
Transform: AffineTransform_float_3_3
Parameters: 0.999999 -0.00129615 -0.00117263 0.00129618 0.999999 -0.00041253 0.0011736 0.00041047 0.999999 0.176329 0.012619 -0.0565269
FixedParameters: 0 0 0

#Transform 51
Transform: AffineTransform_float_3_3
Parameters: 0.999999 -0.00133093 -0.00124156 0.00133098 0.999999 0.000421339 0.00124053 -0.000423661 0.999999 0.165994 -0.00984652 -0.0925842
FixedParameters: 0 0 0

#Transform 52
Transform: AffineTransform_float_3_3
Parameters: 0.999999 -0.000875006 -0.00128496 0.000873191 0.999999 -0.00105613 0.00128571 0.00105487 0.999998 0.154481 0.0180702 -0.0863906
FixedParameters: 0 0 0

#Transform 53
Transform: AffineTransform_float_3_3
Parameters: 0.999999 -0.000986216 -0.00120166 0.000984793 0.999999 -0.000966194 0.00120247 0.000964806 0.999999 0.159974 0.00844167 -0.066615
FixedParameters: 0 0 0

#Transform 54
Transform: AffineTransform_float_3_3
Parameters: 0.999999 -0.000988415 -0.00152116 0.000986935 1 -0.000782416 0.00152161 0.000780585 0.999999 0.191902 -0.0167703 -0.0811563
FixedParameters: 0 0 0

#Transform 55
Transform: AffineTransform_float_3_3
Parameters: 0.999999 -0.00112574 -0.000997919 0.00112576 1 9.76995e-06 0.000997896 -1.123e-05 0.999999 0.174351 0.00626787 -0.0385945
FixedParameters: 0 0 0

#Transform 56
Transform: AffineTransform_float_3_3
Parameters: 0.999998 -0.00147385 -0.00145785 0.0014728 0.999998 -0.000975071 0.00145853 0.00097293 0.999999 0.181519 0.00734847 -0.0523242
FixedParameters: 0 0 0

#Transform 57
Transform: AffineTransform_float_3_3
Parameters: 0.999997 -0.00175398 -0.00167482 0.00175273 0.999998 -0.000642869 0.00167598 0.000640131 0.999998 0.225668 0.00795857 -0.0196816
FixedParameters: 0 0 0

#Transform 58
Transform: AffineTransform_float_3_3
Parameters: 0.999995 -0.00189713 -0.00224058 0.00189537 0.999998 -0.00059519 0.00224173 0.000590809 0.999997 0.228909 0.0296384 -0.0228816
FixedParameters: 0 0 0

#Transform 59
Transform: AffineTransform_float_3_3
Parameters: 0.999998 -0.00135581 -0.00153056 0.00135403 0.999998 -0.001199 0.00153262 0.001197 0.999998 0.178084 0.0420683 -0.0459482
FixedParameters: 0 0 0

#Transform 60
Transform: AffineTransform_float_3_3
Parameters: 0.999999 -0.000980378 -0.00118637 0.000979547 1 -0.000729173 0.0011867 0.000727828 0.999999 0.140191 0.0483377 -0.0687111
FixedParameters: 0 0 0

#Transform 61
Transform: AffineTransform_float_3_3
Parameters: 0.999998 -0.00120115 -0.00154045 0.0012 0.999999 -0.000664772 0.00154095 0.000663229 0.999999 0.138199 0.019353 -0.0920104
FixedParameters: 0 0 0

#Transform 62
Transform: AffineTransform_float_3_3
Parameters: 0.999999 -0.000572939 -0.00119835 0.000571408 1 -0.0010137 0.00119842 0.0010133 0.999998 0.13679 0.078309 0.00595419
FixedParameters: 0 0 0

#Transform 63
Transform: AffineTransform_float_3_3
Parameters: 0.999999 -0.00066856 -0.00105773 0.000669267 1 -0.00013662 0.00105782 0.000136381 1 0.101868 0.0254316 -0.0211638
FixedParameters: 0 0 0

#Transform 64
Transform: AffineTransform_float_3_3
Parameters: 1 -0.000250869 -0.00101324 0.000250301 0.999999 -0.000771157 0.00101353 0.000770843 0.999999 0.118322 0.0695755 0.00179392
FixedParameters: 0 0 0

#Transform 65
Transform: AffineTransform_float_3_3
Parameters: 0.999999 -0.000563053 -0.00109467 0.000560995 0.999999 -0.00135052 0.00109509 0.00134948 0.999999 0.0855407 -0.00807941 -0.0591826
FixedParameters: 0 0 0

#Transform 66
Transform: AffineTransform_float_3_3
Parameters: 0.999999 -0.00102159 -0.00108835 0.00101971 0.999998 -0.00127302 0.00108985 0.00127198 0.999999 0.104204 0.0234644 -0.0319788
FixedParameters: 0 0 0

#Transform 67
Transform: AffineTransform_float_3_3
Parameters: 0.999998 -0.00104032 -0.00129143 0.0010397 1 -0.000240353 0.00129193 0.000238647 0.999999 0.116974 0.0161591 -0.0708797
FixedParameters: 0 0 0

#Transform 68
Transform: AffineTransform_float_3_3
Parameters: 0.999999 -0.00129939 -0.00116422 0.00129824 0.999999 -0.000454531 0.00116441 0.000453469 0.999999 0.132047 0.0239036 -0.0484934
FixedParameters: 0 0 0

#Transform 69
Transform: AffineTransform_float_3_3
Parameters: 0.999998 -0.00107281 -0.00159489 0.0010727 0.999999 -3.46328e-05 0.00159497 3.3367e-05 0.999998 0.127544 0.0398034 -0.0330193
FixedParameters: 0 0 0

#Transform 70
Transform: AffineTransform_float_3_3
Parameters: 0.999997 -0.00145411 -0.00155304 0.00145287 0.999999 -0.000367179 0.00155311 0.000364821 0.999999 0.122003 0.00701335 0.0178485
FixedParameters: 0 0 0

#Transform 71
Transform: AffineTransform_float_3_3
Parameters: 0.999998 -0.00127073 -0.00148345 0.00127005 0.999999 -0.000564807 0.00148478 0.000563193 0.999999 0.137515 0.0430032 -0.0339413
FixedParameters: 0 0 0

#Transform 72
Transform: AffineTransform_float_3_3
Parameters: 0.999998 -0.00148336 -0.00174811 0.00148197 0.999999 -0.000372514 0.00174821 0.000369486 0.999999 0.127484 -0.0226749 -0.0192274
FixedParameters: 0 0 0

#Transform 73
Transform: AffineTransform_float_3_3
Parameters: 0.999998 -0.00140234 -0.00135402 0.00140322 0.999999 0.000321082 0.00135312 -0.000322917 0.999999 0.120072 0.00715422 0.00316628
FixedParameters: 0 0 0

#Transform 74
Transform: AffineTransform_float_3_3
Parameters: 0.999998 -0.00135404 -0.0016056 0.00135423 0.999999 5.89039e-05 0.00160544 -6.10959e-05 0.999999 0.11156 0.00262454 0.00801481
FixedParameters: 0 0 0

#Transform 75
Transform: AffineTransform_float_3_3
Parameters: 0.999999 -0.00104187 -0.00118508 0.00104054 0.999999 -0.000980244 0.00118703 0.000978755 0.999999 0.114807 0.0237241 0.129993
FixedParameters: 0 0 0

#Transform 76
Transform: AffineTransform_float_3_3
Parameters: 0.999998 -0.00105111 -0.00128941 0.00105061 0.999999 -0.000193277 0.00128981 0.000192723 0.999999 0.0870955 0.0113411 0.0297895
FixedParameters: 0 0 0

#Transform 77
Transform: AffineTransform_float_3_3
Parameters: 0.999999 -0.00122839 -0.000927537 0.00122836 1 -1.7246e-05 0.000927578 1.57539e-05 0.999999 0.0979178 0.0290374 0.00772482
FixedParameters: 0 0 0

#Transform 78
Transform: AffineTransform_float_3_3
Parameters: 0.999998 -0.00146775 -0.00117982 0.00146843 0.999998 0.00104935 0.00117892 -0.00105065 0.999999 0.0729806 0.00314897 0.0288663
FixedParameters: 0 0 0

#Transform 79
Transform: AffineTransform_float_3_3
Parameters: 0.999998 -0.00195572 -0.000807854 0.00195545 0.999998 0.000450305 0.000806187 -0.000451694 1 0.0952277 0.0310893 0.0792329
FixedParameters: 0 0 0

#Transform 80
Transform: AffineTransform_float_3_3
Parameters: 0.999991 -0.00418314 -0.000604194 0.00418612 0.999985 0.00377669 0.000587796 -0.00377931 0.999993 0.159303 -0.0724702 -0.322585
FixedParameters: 0 0 0

#Transform 81
Transform: AffineTransform_float_3_3
Parameters: 0.999995 -0.00312575 7.04101e-05 0.0031246 0.999978 0.00575485 -8.82688e-05 -0.00575415 0.999984 0.187793 -0.0287538 0.58271
FixedParameters: 0 0 0

#Transform 82
Transform: AffineTransform_float_3_3
Parameters: 0.999994 0.00202816 -0.00258719 -0.00203153 0.999997 -0.0012846 0.00258465 0.0012894 0.999996 0.186115 0.408539 2.16268
FixedParameters: 0 0 0

#Transform 83
Transform: AffineTransform_float_3_3
Parameters: 0.999997 -0.000283517 -0.0024294 0.000304239 0.999964 0.00854958 0.00242742 -0.00854944 0.999961 0.0878456 0.318553 0.94107
FixedParameters: 0 0 0

#Transform 84
Transform: AffineTransform_float_3_3
Parameters: 0.999998 0.00114602 -0.00169983 -0.00113859 0.999988 0.00469396 0.00170536 -0.00469204 0.999987 -0.0352871 0.154401 0.656942
FixedParameters: 0 0 0

#Transform 85
Transform: AffineTransform_float_3_3
Parameters: 0.999996 0.00171789 -0.00230947 -0.00170801 0.99999 0.004243 0.00231692 -0.004239 0.999988 -0.0350369 0.124518 0.683269
FixedParameters: 0 0 0

#Transform 86
Transform: AffineTransform_float_3_3
Parameters: 0.999996 0.00229548 -0.00190245 -0.00228946 0.999993 0.00309321 0.00190915 -0.00308879 0.999993 -0.00983322 0.214227 0.697943
FixedParameters: 0 0 0

#Transform 87
Transform: AffineTransform_float_3_3
Parameters: 0.99999 0.00329354 -0.00300589 -0.00329438 0.999995 -0.000317307 0.00300466 0.000327694 0.999996 -0.0651246 0.187117 0.8024
FixedParameters: 0 0 0

#Transform 88
Transform: AffineTransform_float_3_3
Parameters: 0.999993 0.00287197 -0.00239388 -0.00287228 0.999996 -6.23587e-05 0.0023935 6.96403e-05 0.999997 -0.0542419 0.207639 0.714676
FixedParameters: 0 0 0

#Transform 89
Transform: AffineTransform_float_3_3
Parameters: 0.999994 0.00244391 -0.00241821 -0.00244568 0.999997 -0.00081514 0.002416 0.00082186 0.999997 -0.0972707 0.174939 0.775269
FixedParameters: 0 0 0

#Transform 90
Transform: AffineTransform_float_3_3
Parameters: 0.999993 0.00265192 -0.00263998 -0.00265347 0.999997 -0.000892138 0.00263692 0.000899862 0.999996 -0.0579668 0.2193 0.699043
FixedParameters: 0 0 0

#Transform 91
Transform: AffineTransform_float_3_3
Parameters: 0.999995 0.00201164 -0.00217465 -0.00201332 0.999998 -0.000886675 0.00217287 0.000890325 0.999997 -0.0629541 0.193742 0.803426
FixedParameters: 0 0 0

#Transform 92
Transform: AffineTransform_float_3_3
Parameters: 0.999998 0.00195943 -0.000792123 -0.0019609 0.999998 -0.00105263 0.000789983 0.00105437 0.999999 -0.124016 0.260298 1.24639
FixedParameters: 0 0 0

#Transform 93
Transform: AffineTransform_float_3_3
Parameters: 0.999991 0.00135669 -0.00403574 -0.00135454 0.999999 0.000528112 0.00403636 -0.000521889 0.999992 -0.0298959 0.259368 1.07789
FixedParameters: 0 0 0

#Transform 94
Transform: AffineTransform_float_3_3
Parameters: 0.99999 0.00232177 -0.00379683 -0.00232886 0.999995 -0.00191279 0.00379221 0.00192121 0.999991 -0.0913195 0.188137 1.04642
FixedParameters: 0 0 0

#Transform 95
Transform: AffineTransform_float_3_3
Parameters: 0.999988 0.00232789 -0.00441387 -0.00233419 0.999997 -0.00131712 0.0044112 0.00132788 0.99999 -0.0901319 0.290578 0.95472
FixedParameters: 0 0 0

#Transform 96
Transform: AffineTransform_float_3_3
Parameters: 0.99999 0.00278923 -0.00342989 -0.00279553 0.999994 -0.00203134 0.0034248 0.00204067 0.999992 -0.12299 0.17132 0.949453
FixedParameters: 0 0 0

#Transform 97
Transform: AffineTransform_float_3_3
Parameters: 0.999999 0.000876361 -0.00158353 -0.000872668 0.999997 0.0024834 0.00158627 -0.0024816 0.999995 0.0332397 0.334149 0.719298
FixedParameters: 0 0 0

#Transform 98
Transform: AffineTransform_float_3_3
Parameters: 0.999995 0.000896802 -0.00282451 -0.00088826 0.999995 0.00299084 0.00282665 -0.00298816 0.999991 0.102178 0.293005 0.933301
FixedParameters: 0 0 0

#Transform 99
Transform: AffineTransform_float_3_3
Parameters: 0.999995 0.00208573 -0.00236948 -0.00206044 0.999942 0.010613 0.00239184 -0.010608 0.999941 0.19156 0.169819 0.884047
FixedParameters: 0 0 0

#Transform 100
Transform: AffineTransform_float_3_3
Parameters: 0.999997 0.00157562 -0.00153566 -0.00154346 0.999783 0.0207953 0.00156752 -0.0207927 0.999782 0.14757 0.116342 1.66055
FixedParameters: 0 0 0

#Transform 101
Transform: AffineTransform_float_3_3
Parameters: 1 0.00040056 0.0010677 -0.000420905 0.999825 0.0186926 -0.00105928 -0.0186924 0.999824 -0.0212262 0.0993082 2.17275
FixedParameters: 0 0 0

#Transform 102
Transform: AffineTransform_float_3_3
Parameters: 0.999996 0.00269913 0.00101897 -0.0027137 0.999892 0.014442 -0.000979365 -0.014445 0.999895 -0.0272923 0.261128 1.19864
FixedParameters: 0 0 0

#Transform 103
Transform: AffineTransform_float_3_3
Parameters: 0.999997 0.00179964 -0.00115283 -0.0017864 0.99993 0.0117449 0.00117422 -0.0117431 0.99993 -0.0173037 0.131691 0.765873
FixedParameters: 0 0 0

#Transform 104
Transform: AffineTransform_float_3_3
Parameters: 0.999998 0.00186229 -0.000413618 -0.00185939 0.99997 0.00744069 0.000427572 -0.0074403 0.999973 -0.11711 0.160217 0.544453
FixedParameters: 0 0 0

#Transform 105
Transform: AffineTransform_float_3_3
Parameters: 0.999999 0.00145239 -0.000391086 -0.00145028 0.999979 0.00641249 0.000399943 -0.00641252 0.99998 -0.121092 0.155626 0.532503
FixedParameters: 0 0 0

#Transform 106
Transform: AffineTransform_float_3_3
Parameters: 1 0.00110708 -8.28726e-05 -0.00110582 0.999987 0.0050051 8.78793e-05 -0.00500491 0.999988 -0.122248 0.157617 0.448132
FixedParameters: 0 0 0

#Transform 107
Transform: AffineTransform_float_3_3
Parameters: 0.999999 0.000886226 0.000287685 -0.000887922 0.999984 0.00560575 -0.000282911 -0.00560625 0.999984 -0.101881 0.17418 0.435044
FixedParameters: 0 0 0

#Transform 108
Transform: AffineTransform_float_3_3
Parameters: 1 0.000380165 0.000355684 -0.00038166 0.999981 0.00604386 -0.000353362 -0.00604413 0.999981 -0.106726 0.15208 0.454161
FixedParameters: 0 0 0

#Transform 109
Transform: AffineTransform_float_3_3
Parameters: 1 -0.000199311 -0.000674643 0.000203168 0.999979 0.00647986 0.000673518 -0.00648013 0.999979 0.0963965 0.142248 0.355211
FixedParameters: 0 0 0

#Transform 110
Transform: AffineTransform_float_3_3
Parameters: 0.999998 -0.000947582 -0.00176046 0.000957603 0.999982 0.0058245 0.00175541 -0.0058255 0.999982 0.119921 0.080265 0.375693
FixedParameters: 0 0 0

#Transform 111
Transform: AffineTransform_float_3_3
Parameters: 0.999998 -0.000938396 -0.00165145 0.000947405 0.999986 0.00532854 0.00164626 -0.00533047 0.999985 0.156546 0.161591 0.420507
FixedParameters: 0 0 0

#Transform 112
Transform: AffineTransform_float_3_3
Parameters: 0.999999 -0.000932399 -0.00158463 0.000940326 0.999986 0.00521161 0.00157973 -0.00521339 0.999985 0.121623 0.0728406 0.407834
FixedParameters: 0 0 0

#Transform 113
Transform: AffineTransform_float_3_3
Parameters: 1 -0.00085399 -0.000748033 0.000858679 0.99998 0.00615436 0.000742955 -0.00615564 0.999981 0.0836234 0.133236 0.350103
FixedParameters: 0 0 0

#Transform 114
Transform: AffineTransform_float_3_3
Parameters: 0.999999 -0.00128809 -0.000502913 0.00129162 0.999977 0.00664625 0.000495114 -0.00664675 0.999977 0.0726148 0.083932 0.433432
FixedParameters: 0 0 0

#Transform 115
Transform: AffineTransform_float_3_3
Parameters: 1 -0.000635165 -0.00098692 0.00064115 0.999983 0.00592037 0.000982934 -0.00592163 0.999982 0.0734256 0.110987 0.321836
FixedParameters: 0 0 0

#Transform 116
Transform: AffineTransform_float_3_3
Parameters: 0.999998 -0.0012206 -0.00103044 0.00122641 0.999981 0.00593572 0.00102257 -0.00593627 0.999982 0.0677939 0.0745767 0.362088
FixedParameters: 0 0 0

#Transform 117
Transform: AffineTransform_float_3_3
Parameters: 0.999999 -0.00117057 -0.000487922 0.00117317 0.999981 0.00609342 0.000480997 -0.00609358 0.999982 0.0468945 0.0920635 0.35509
FixedParameters: 0 0 0

#Transform 118
Transform: AffineTransform_float_3_3
Parameters: 0.999999 -0.00136964 -0.000469873 0.00137228 0.99998 0.00627926 0.000461007 -0.00627975 0.99998 0.0617426 0.0858191 0.315807
FixedParameters: 0 0 0

#Transform 119
Transform: AffineTransform_float_3_3
Parameters: 0.999997 -0.00179605 -0.00118758 0.00180292 0.999983 0.00547785 0.0011775 -0.00548014 0.999984 0.157369 0.098847 0.276997
FixedParameters: 0 0 0

#Transform 120
Transform: AffineTransform_float_3_3
Parameters: 0.999997 -0.00193782 -0.00158462 0.00194688 0.999982 0.00570891 0.00157337 -0.0057121 0.999983 0.145265 0.0713201 0.27454
FixedParameters: 0 0 0

#Transform 121
Transform: AffineTransform_float_3_3
Parameters: 0.999997 -0.00206296 -0.00167964 0.00207154 0.999985 0.0052414 0.00166889 -0.0052446 0.999984 0.17158 0.0553711 0.305557
FixedParameters: 0 0 0

#Transform 122
Transform: AffineTransform_float_3_3
Parameters: 0.999998 -0.00138061 -0.000812865 0.00138537 0.999976 0.00670987 0.000803944 -0.00671113 0.999977 0.136531 0.118095 0.309962
FixedParameters: 0 0 0

#Transform 123
Transform: AffineTransform_float_3_3
Parameters: 0.999998 -0.00147705 -0.000689607 0.00148334 0.99996 0.00885198 0.000676025 -0.00885302 0.999961 0.100703 0.0533174 0.292176
FixedParameters: 0 0 0

#Transform 124
Transform: AffineTransform_float_3_3
Parameters: 0.999998 -0.00157267 -0.000612667 0.00157757 0.99996 0.00875403 0.00059871 -0.00875397 0.999962 0.0827922 0.000920778 0.228069
FixedParameters: 0 0 0

#Transform 125
Transform: AffineTransform_float_3_3
Parameters: 1 -0.00121294 0.000121982 0.00121196 0.999972 0.00735206 -0.000130853 -0.00735195 0.999973 0.0143653 0.0796056 0.28883
FixedParameters: 0 0 0

#Transform 126
Transform: AffineTransform_float_3_3
Parameters: 0.999999 -0.000225997 0.000820692 0.000219766 0.999971 0.00754428 -0.00082265 -0.00754372 0.999971 0.0240448 0.176362 0.178976
FixedParameters: 0 0 0

#Transform 127
Transform: AffineTransform_float_3_3
Parameters: 0.999999 -0.000615061 0.000650718 0.00060828 0.999955 0.0095213 -0.000655887 -0.0095207 0.999954 0.0172311 0.110116 0.231684
FixedParameters: 0 0 0

#Transform 128
Transform: AffineTransform_float_3_3
Parameters: 1 -0.000346313 0.000102798 0.000344652 0.999951 0.00984003 -0.000105616 -0.00983996 0.999951 0.0236881 0.0278689 0.202034
FixedParameters: 0 0 0

#Transform 129
Transform: AffineTransform_float_3_3
Parameters: 0.999999 -0.00154489 0.000205085 0.00154244 0.999961 0.00876413 -0.000219205 -0.00876387 0.999961 0.0158873 0.0471542 0.145772
FixedParameters: 0 0 0

#Transform 130
Transform: AffineTransform_float_3_3
Parameters: 0.999998 -0.00164799 -0.00012907 0.0016495 0.999961 0.00876059 0.00011431 -0.0087604 0.999961 0.0168995 0.146264 0.155711
FixedParameters: 0 0 0

#Transform 131
Transform: AffineTransform_float_3_3
Parameters: 1 -0.0011306 0.000235204 0.00112827 0.99996 0.00892818 -0.000245516 -0.00892783 0.99996 -0.00989801 0.0490696 0.106897
FixedParameters: 0 0 0

#Transform 132
Transform: AffineTransform_float_3_3
Parameters: 1 -0.0010477 0.000365448 0.00104401 0.999961 0.00885029 -0.000375198 -0.00884971 0.999961 -0.00952444 0.115075 0.124859
FixedParameters: 0 0 0

#Transform 133
Transform: AffineTransform_float_3_3
Parameters: 0.999998 -0.00161082 9.65246e-05 0.00160952 0.999965 0.00813806 -0.000108701 -0.00813793 0.999967 -0.00675479 0.0789656 0.0911818
FixedParameters: 0 0 0

#Transform 134
Transform: AffineTransform_float_3_3
Parameters: 1 -0.00115619 0.000341335 0.00115324 0.999962 0.00855341 -0.000351332 -0.00855359 0.999964 0.02162 0.133156 0.130752
FixedParameters: 0 0 0

#Transform 135
Transform: AffineTransform_float_3_3
Parameters: 0.999999 -0.00146018 -0.000587164 0.00146438 0.999974 0.00704304 0.000577004 -0.00704396 0.999975 0.0311045 0.0422291 0.0897469
FixedParameters: 0 0 0

#Transform 136
Transform: AffineTransform_float_3_3
Parameters: 0.999998 -0.00148464 -0.000661054 0.00148869 0.99998 0.0061989 0.000652067 -0.00619909 0.99998 0.0259694 0.0751916 0.131558
FixedParameters: 0 0 0

#Transform 137
Transform: AffineTransform_float_3_3
Parameters: 0.999998 -0.00158684 -0.000376055 0.00158869 0.999978 0.00654531 0.000365612 -0.0065457 0.999979 0.0242975 0.0895516 0.120719
FixedParameters: 0 0 0

#Transform 138
Transform: AffineTransform_float_3_3
Parameters: 1 -0.00092875 -0.000300861 0.000931125 0.999968 0.00786971 0.000293484 -0.00786928 0.999969 0.026063 0.131763 0.0677914
FixedParameters: 0 0 0

#Transform 139
Transform: AffineTransform_float_3_3
Parameters: 1 -0.00111114 0.000337397 0.00110783 0.999971 0.00759429 -0.000345389 -0.00759372 0.999971 0.00733074 0.0582976 0.0974436
FixedParameters: 0 0 0

#Transform 140
Transform: AffineTransform_float_3_3
Parameters: 1 -0.00107904 0.00020336 0.00107782 0.999974 0.00723113 -0.000211092 -0.00723087 0.999974 0.00107065 0.10327 0.118128
FixedParameters: 0 0 0

#Transform 141
Transform: AffineTransform_float_3_3
Parameters: 0.999999 -0.000833082 0.000180875 0.000831929 0.999972 0.00742317 -0.000187362 -0.00742384 0.999973 0.00519654 0.128253 0.0994593
FixedParameters: 0 0 0

#Transform 142
Transform: AffineTransform_float_3_3
Parameters: 0.999999 -0.00124989 -0.000620435 0.00125344 0.999979 0.00627622 0.000613173 -0.00627678 0.99998 -0.010332 0.0506318 0.0982156
FixedParameters: 0 0 0

#Transform 143
Transform: AffineTransform_float_3_3
Parameters: 0.999999 -0.000902448 -0.000236304 0.000903842 0.999981 0.00598079 0.000231667 -0.00598121 0.999982 -0.0248224 0.121846 0.067409
FixedParameters: 0 0 0

#Transform 144
Transform: AffineTransform_float_3_3
Parameters: 0.999998 -0.00151845 -0.00112444 0.00152473 0.999985 0.00515927 0.00111629 -0.00516072 0.999986 -0.0230568 0.131622 0.0933759
FixedParameters: 0 0 0

#Transform 145
Transform: AffineTransform_float_3_3
Parameters: 0.999999 -0.000934109 -0.00125218 0.000938904 0.999991 0.00414782 0.00124898 -0.00414918 0.99999 -0.0125237 0.147844 0.121713
FixedParameters: 0 0 0

#Transform 146
Transform: AffineTransform_float_3_3
Parameters: 0.999999 -0.00138652 -0.00124137 0.00139242 0.999989 0.00455426 0.00123527 -0.00455574 0.999989 -0.0230393 0.140791 0.0938704
FixedParameters: 0 0 0

#Transform 147
Transform: AffineTransform_float_3_3
Parameters: 0.999998 -0.00173636 -0.000796356 0.00173983 0.999987 0.00483652 0.000787989 -0.00483848 0.999988 0.0226913 0.107892 0.00691787
FixedParameters: 0 0 0

#Transform 148
Transform: AffineTransform_float_3_3
Parameters: 0.999997 -0.00146528 -0.00160196 0.00147177 0.999991 0.00405573 0.0015957 -0.00405827 0.999991 0.0171462 0.0608771 0.0685389
FixedParameters: 0 0 0

#Transform 149
Transform: AffineTransform_float_3_3
Parameters: 0.999998 -0.000848342 -0.00138834 0.000855283 0.999987 0.0049109 0.00138364 -0.00491209 0.999987 -0.00299676 0.14066 0.0720175
FixedParameters: 0 0 0

#Transform 150
Transform: AffineTransform_float_3_3
Parameters: 0.999999 -0.00123688 -0.000881118 0.00124046 0.999991 0.0040199 0.000876525 -0.0040211 0.999992 -0.0112958 0.122359 0.129649
FixedParameters: 0 0 0

#Transform 151
Transform: AffineTransform_float_3_3
Parameters: 0.999999 -0.000837174 -0.00100548 0.000841765 0.99999 0.00457015 0.00100227 -0.00457085 0.999989 -0.0220924 0.146137 0.140214
FixedParameters: 0 0 0

#Transform 152
Transform: AffineTransform_float_3_3
Parameters: 0.999999 -0.00115863 -0.000889201 0.00116246 0.999989 0.00469597 0.000883764 -0.00469704 0.999989 -0.0239268 0.140172 0.0904433
FixedParameters: 0 0 0

#Transform 153
Transform: AffineTransform_float_3_3
Parameters: 0.999999 -0.000828469 -0.000920483 0.000832688 0.999986 0.00533523 0.000916187 -0.00533578 0.999986 -0.0127739 0.151655 0.0802475
FixedParameters: 0 0 0

#Transform 154
Transform: AffineTransform_float_3_3
Parameters: 0.999998 -0.00136739 -0.000870198 0.00137189 0.999987 0.0050677 0.00086377 -0.0050683 0.999986 -0.0240864 0.086053 0.0401005
FixedParameters: 0 0 0

#Transform 155
Transform: AffineTransform_float_3_3
Parameters: 0.999999 -0.000591764 -0.00138587 0.000597137 0.999991 0.00438527 0.00138333 -0.00438574 0.99999 0.0279907 0.133958 -0.128299
FixedParameters: 0 0 0

#Transform 156
Transform: AffineTransform_float_3_3
Parameters: 0.999994 -0.00329537 -0.000821619 0.00330111 0.999966 0.00757381 0.000797409 -0.00757619 0.999971 0.080126 0.137569 -0.234178
FixedParameters: 0 0 0

#Transform 157
Transform: AffineTransform_float_3_3
Parameters: 0.999998 -0.000978655 -0.00137947 0.000985409 0.999986 0.00520174 0.00137401 -0.00520327 0.999986 0.0532536 0.0837199 -0.00477121
FixedParameters: 0 0 0

#Transform 158
Transform: AffineTransform_float_3_3
Parameters: 0.999999 -0.000898892 -0.000841141 0.000903371 0.999982 0.00594023 0.000835997 -0.00594077 0.999982 0.0491409 0.148369 -0.0269556
FixedParameters: 0 0 0

#Transform 159
Transform: AffineTransform_float_3_3
Parameters: 1 -0.000837293 -0.000651992 0.000840525 0.999982 0.00594045 0.000647489 -0.00594056 0.999982 0.0315611 0.0755019 -0.0511093
FixedParameters: 0 0 0

#Transform 160
Transform: AffineTransform_float_3_3
Parameters: 1 -0.000843891 -0.000723691 0.000847875 0.999982 0.00594338 0.000718105 -0.00594362 0.999982 0.0243697 0.134462 -0.0481568
FixedParameters: 0 0 0

#Transform 161
Transform: AffineTransform_float_3_3
Parameters: 1 -0.000856416 -0.000847088 0.000859751 0.999988 0.00468526 0.000843515 -0.00468573 0.999988 0.0162196 0.138374 -0.103379
FixedParameters: 0 0 0

#Transform 162
Transform: AffineTransform_float_3_3
Parameters: 1 -0.000842551 -0.000704291 0.00084551 0.999985 0.00537341 0.000699688 -0.0053746 0.999986 0.0118878 0.0648716 -0.197934
FixedParameters: 0 0 0

#Transform 163
Transform: AffineTransform_float_3_3
Parameters: 0.999998 -0.0013258 -0.00139662 0.00133184 0.999989 0.00449213 0.00139034 -0.00449387 0.999989 0.0410476 0.103588 -0.257638
FixedParameters: 0 0 0

#Transform 164
Transform: AffineTransform_float_3_3
Parameters: 0.999998 -0.00143687 -0.0013611 0.00144381 0.999986 0.00523503 0.00135376 -0.00523698 0.999986 0.00969706 0.0677626 -0.242263
FixedParameters: 0 0 0

#Transform 165
Transform: AffineTransform_float_3_3
Parameters: 0.999999 -0.000977479 -0.000996787 0.000981894 0.999987 0.00502702 0.000991503 -0.00502798 0.999987 0.0043973 0.065434 -0.170847
FixedParameters: 0 0 0

#Transform 166
Transform: AffineTransform_float_3_3
Parameters: 0.999999 -0.0012708 -0.000917876 0.00127496 0.999989 0.00467373 0.000912435 -0.00467527 0.999988 -0.000497774 0.111748 -0.147298
FixedParameters: 0 0 0

#Transform 167
Transform: AffineTransform_float_3_3
Parameters: 0.999998 -0.00138453 -0.000787192 0.00138781 0.99999 0.0042528 0.000781763 -0.0042532 0.99999 -0.0966524 0.1355 -0.183577
FixedParameters: 0 0 0

#Transform 168
Transform: AffineTransform_float_3_3
Parameters: 0.999999 -0.00177214 -0.000355838 0.00177421 0.999981 0.00581927 0.000345445 -0.00581973 0.999983 -0.0912197 0.140149 -0.255048
FixedParameters: 0 0 0

#Transform 169
Transform: AffineTransform_float_3_3
Parameters: 0.999998 -0.00179922 -0.000638317 0.00180276 0.999988 0.00453275 0.000630242 -0.00453425 0.99999 -0.0384769 0.069982 -0.190791
FixedParameters: 0 0 0

#Transform 170
Transform: AffineTransform_float_3_3
Parameters: 0.999999 -0.0017176 -0.000645885 0.00172017 0.999988 0.00449579 0.000638779 -0.00449721 0.999989 -0.0228787 0.100343 -0.170453
FixedParameters: 0 0 0

#Transform 171
Transform: AffineTransform_float_3_3
Parameters: 0.999999 -0.00173847 -0.000364928 0.00174059 0.999988 0.00461727 0.00035702 -0.00461774 0.999989 -0.0170548 0.0922784 -0.199333
FixedParameters: 0 0 0

#Transform 172
Transform: AffineTransform_float_3_3
Parameters: 0.999995 -0.00323086 0.00079168 0.00322666 0.999979 0.00558411 -0.000810108 -0.00558089 0.999984 0.00787597 0.176028 -0.236491
FixedParameters: 0 0 0

#Transform 173
Transform: AffineTransform_float_3_3
Parameters: 0.999996 -0.0030328 0.000250591 0.00303157 0.999978 0.0057694 -0.000267663 -0.0057686 0.999984 0.0174667 0.0625701 -0.00881865
FixedParameters: 0 0 0

#Transform 174
Transform: AffineTransform_float_3_3
Parameters: 0.999995 -0.00310196 -0.000443506 0.00310451 0.999979 0.00560923 0.000426 -0.00560976 0.999984 0.0790444 0.129664 0.0340309
FixedParameters: 0 0 0

#Transform 175
Transform: AffineTransform_float_3_3
Parameters: 0.999994 -0.00338175 -0.00084148 0.00338688 0.999978 0.00561666 0.000821953 -0.00561933 0.999983 0.0983216 0.136603 -0.0182887
FixedParameters: 0 0 0

#Transform 176
Transform: AffineTransform_float_3_3
Parameters: 0.999994 -0.00335869 -0.000589866 0.00336176 0.99998 0.00541353 0.000571879 -0.00541547 0.999985 0.113121 0.123481 -0.0914911
FixedParameters: 0 0 0

#Transform 177
Transform: AffineTransform_float_3_3
Parameters: 0.999994 -0.00305056 -0.00127017 0.00305779 0.999979 0.00575581 0.0012528 -0.00575919 0.999983 0.138045 0.120671 -0.192303
FixedParameters: 0 0 0

#Transform 178
Transform: AffineTransform_float_3_3
Parameters: 0.999996 -0.0024971 -0.000622132 0.0025009 0.999983 0.00528914 0.000609023 -0.00528986 0.999985 0.13676 0.0868849 -0.0741299
FixedParameters: 0 0 0

#Transform 179
Transform: AffineTransform_float_3_3
Parameters: 0.999996 -0.00230872 -0.00112537 0.00231459 0.999979 0.00606119 0.00111115 -0.00606381 0.999981 0.151375 0.103862 -0.131475
FixedParameters: 0 0 0

#Transform 180
Transform: AffineTransform_float_3_3
Parameters: 0.999996 -0.00256637 -0.00103586 0.00257272 0.999978 0.00624804 0.00101946 -0.00625096 0.99998 0.145434 0.0664872 -0.0984393
FixedParameters: 0 0 0

#Transform 181
Transform: AffineTransform_float_3_3
Parameters: 0.999996 -0.00258253 -0.000537155 0.00258554 0.999982 0.00539732 0.000522586 -0.00539868 0.999985 0.131958 0.0997191 -0.124084
FixedParameters: 0 0 0

#Transform 182
Transform: AffineTransform_float_3_3
Parameters: 0.999996 -0.00237669 -0.000935177 0.00238139 0.999984 0.00510958 0.000923386 -0.00511243 0.999987 0.120471 0.115489 -0.0792989
FixedParameters: 0 0 0

#Transform 183
Transform: AffineTransform_float_3_3
Parameters: 0.999996 -0.00247119 -0.000766427 0.00247471 0.999983 0.00540881 0.000753193 -0.00541119 0.999985 0.0920933 0.0595895 -0.0846209
FixedParameters: 0 0 0

#Transform 184
Transform: AffineTransform_float_3_3
Parameters: 0.999998 -0.00218014 -0.000533036 0.00218417 0.999972 0.00718464 0.000517094 -0.00718536 0.999974 0.0884836 0.142005 -0.175611
FixedParameters: 0 0 0

#Transform 185
Transform: AffineTransform_float_3_3
Parameters: 0.999997 -0.00263345 -0.000643003 0.00263751 0.999975 0.00660302 0.000625697 -0.00660498 0.999978 0.0874799 0.052813 -0.198718
FixedParameters: 0 0 0

#Transform 186
Transform: AffineTransform_float_3_3
Parameters: 0.999996 -0.00267706 -0.000585785 0.00268029 0.999979 0.00583314 0.000569946 -0.00583485 0.999982 0.0689027 0.0423834 -0.165408
FixedParameters: 0 0 0

#Transform 187
Transform: AffineTransform_float_3_3
Parameters: 0.999997 -0.00257484 -0.000831708 0.00257976 0.999983 0.00523156 0.00081816 -0.00523444 0.999986 0.0568451 0.0640739 -0.146815
FixedParameters: 0 0 0

#Transform 188
Transform: AffineTransform_float_3_3
Parameters: 0.999997 -0.00230651 -0.00103776 0.00231187 0.999983 0.0054054 0.00102541 -0.00540859 0.999985 0.0344018 0.115184 -0.171615
FixedParameters: 0 0 0

#Transform 189
Transform: AffineTransform_float_3_3
Parameters: 0.999996 -0.00257643 -0.00101257 0.00258145 0.999982 0.00532618 0.000998711 -0.00532882 0.999985 0.034421 0.0419268 -0.177737
FixedParameters: 0 0 0

#Transform 190
