# transform file /out/sourcedata/freesurfer/sub-v1s22x0050451_ses-1/mri/transforms/cc_up.lta
# created by oesteban on Mon Mar  9 13:59:30 2026

type      = 0 # LINEAR_VOX_TO_VOX
nxforms   = 1
mean      = 128.0000 106.0000 113.0000
sigma     = 10000.0000
1 4 4
9.983850717544556e-01 5.298484489321709e-02 2.049076557159424e-02 -6.891365051269531e+00 
-5.297368764877319e-02 9.985953569412231e-01 -1.087227254174650e-03 4.803487777709961e+01 
-2.051958814263344e-02 1.164153218269348e-10 9.997894167900085e-01 1.865407180786133e+01 
0.000000000000000e+00 0.000000000000000e+00 0.000000000000000e+00 1.000000000000000e+00 
src volume info
valid = 1  # volume info valid
filename = /out/sourcedata/freesurfer/sub-v1s22x0050451_ses-1/mri/norm.mgz
volume = 256 256 256
voxelsize = 1.000000000000000e+00 1.000000000000000e+00 1.000000000000000e+00
xras   = -1.000000000000000e+00 0.000000000000000e+00 0.000000000000000e+00
yras   = 0.000000000000000e+00 0.000000000000000e+00 -1.000000000000000e+00
zras   = 0.000000000000000e+00 1.000000000000000e+00 0.000000000000000e+00
cras   = -2.500091552734375e+00 4.683160400390625e+01 -1.426658630371094e+01
dst volume info
valid = 1  # volume info valid
filename = /out/sourcedata/freesurfer/sub-v1s22x0050451_ses-1/mri/norm.mgz
volume = 256 256 256
voxelsize = 1.000000000000000e+00 1.000000000000000e+00 1.000000000000000e+00
xras   = -1.000000000000000e+00 0.000000000000000e+00 0.000000000000000e+00
yras   = 0.000000000000000e+00 0.000000000000000e+00 -1.000000000000000e+00
zras   = 0.000000000000000e+00 1.000000000000000e+00 0.000000000000000e+00
cras   = -2.500091552734375e+00 4.683160400390625e+01 -1.426658630371094e+01
