# transform file /out/sourcedata/freesurfer/sub-v1s22x0050488_ses-1/mri/transforms/cc_up.lta
# created by oesteban on Mon Mar  9 16:29:22 2026

type      = 0 # LINEAR_VOX_TO_VOX
nxforms   = 1
mean      = 129.0000 112.0000 123.0000
sigma     = 10000.0000
1 4 4
9.998559355735779e-01 -1.271350122988224e-02 -1.125422865152359e-02 2.576749801635742e+00 
1.271269656717777e-02 9.999192357063293e-01 -1.430922129657120e-04 3.139762687683105e+01 
1.125513762235641e-02 0.000000000000000e+00 9.999367594718933e-01 6.566944122314453e+00 
0.000000000000000e+00 0.000000000000000e+00 0.000000000000000e+00 1.000000000000000e+00 
src volume info
valid = 1  # volume info valid
filename = /out/sourcedata/freesurfer/sub-v1s22x0050488_ses-1/mri/norm.mgz
volume = 256 256 256
voxelsize = 1.000000000000000e+00 1.000000000000000e+00 1.000000000000000e+00
xras   = -1.000000000000000e+00 -1.862645149230957e-09 0.000000000000000e+00
yras   = 0.000000000000000e+00 0.000000000000000e+00 -1.000000000000000e+00
zras   = 0.000000000000000e+00 9.999999403953552e-01 0.000000000000000e+00
cras   = 2.908531188964844e+00 4.374990844726562e+01 -1.051840209960938e+01
dst volume info
valid = 1  # volume info valid
filename = /out/sourcedata/freesurfer/sub-v1s22x0050488_ses-1/mri/norm.mgz
volume = 256 256 256
voxelsize = 1.000000000000000e+00 1.000000000000000e+00 1.000000000000000e+00
xras   = -1.000000000000000e+00 -1.862645149230957e-09 0.000000000000000e+00
yras   = 0.000000000000000e+00 0.000000000000000e+00 -1.000000000000000e+00
zras   = 0.000000000000000e+00 9.999999403953552e-01 0.000000000000000e+00
cras   = 2.908531188964844e+00 4.374990844726562e+01 -1.051840209960938e+01
