# transform file /out/sourcedata/freesurfer/sub-v1s22x0050444_ses-1/mri/transforms/cc_up.lta
# created by oesteban on Thu Mar 12 17:25:57 2026

type      = 0 # LINEAR_VOX_TO_VOX
nxforms   = 1
mean      = 125.0000 119.0000 109.0000
sigma     = 10000.0000
1 4 4
9.991102218627930e-01 -3.947662934660912e-02 1.484377775341272e-02 6.657628536224365e+00 
3.947227075695992e-02 9.992205500602722e-01 5.864393897354603e-04 2.212728118896484e+01 
-1.485535781830549e-02 0.000000000000000e+00 9.998896718025208e-01 3.285277938842773e+01 
0.000000000000000e+00 0.000000000000000e+00 0.000000000000000e+00 1.000000000000000e+00 
src volume info
valid = 1  # volume info valid
filename = /out/sourcedata/freesurfer/sub-v1s22x0050444_ses-1/mri/norm.mgz
volume = 256 256 256
voxelsize = 1.000000000000000e+00 1.000000000000000e+00 1.000000000000000e+00
xras   = -1.000000000000000e+00 0.000000000000000e+00 0.000000000000000e+00
yras   = 0.000000000000000e+00 0.000000000000000e+00 -1.000000000000000e+00
zras   = 0.000000000000000e+00 1.000000000000000e+00 0.000000000000000e+00
cras   = -2.051170349121094e+00 4.918087768554688e+01 -5.568038940429688e+00
dst volume info
valid = 1  # volume info valid
filename = /out/sourcedata/freesurfer/sub-v1s22x0050444_ses-1/mri/norm.mgz
volume = 256 256 256
voxelsize = 1.000000000000000e+00 1.000000000000000e+00 1.000000000000000e+00
xras   = -1.000000000000000e+00 0.000000000000000e+00 0.000000000000000e+00
yras   = 0.000000000000000e+00 0.000000000000000e+00 -1.000000000000000e+00
zras   = 0.000000000000000e+00 1.000000000000000e+00 0.000000000000000e+00
cras   = -2.051170349121094e+00 4.918087768554688e+01 -5.568038940429688e+00
