#Insight Transform File V1.0
#Transform 0
Transform: AffineTransform_float_3_3
Parameters: 1 0.000400502 1.99815e-05 -0.000400561 0.999996 0.00272599 -1.87967e-05 -0.00272601 0.999997 0.0096351 -0.185819 0.0827081
FixedParameters: 0 0 0

#Transform 1
Transform: AffineTransform_float_3_3
Parameters: 1 0.000675183 3.32113e-05 -0.000675267 0.999997 0.00202498 -3.14755e-05 -0.00202502 0.999998 0.0162402 -0.139636 0.0242714
FixedParameters: 0 0 0

#Transform 2
Transform: AffineTransform_float_3_3
Parameters: 1 0.00052438 2.54996e-05 -0.000524407 0.999999 0.00146599 -2.4961e-05 -0.00146601 0.999999 -0.00232908 -0.122108 0.0220107
FixedParameters: 0 0 0

#Transform 3
Transform: AffineTransform_float_3_3
Parameters: 1 0.000485179 0.000131706 -0.000485509 0.999999 0.00143494 -0.000131312 -0.00143506 0.999999 -0.0217945 -0.123557 0.0317032
FixedParameters: 0 0 0

#Transform 4
Transform: AffineTransform_float_3_3
Parameters: 0.999999 0.000835531 -1.21558e-05 -0.000836468 1 0.000598058 1.21097e-05 -0.000597943 1 0.00183754 -0.0842632 -0.0176396
FixedParameters: 0 0 0

#Transform 5
Transform: AffineTransform_float_3_3
Parameters: 1 0.000426512 2.04092e-05 -0.00042654 0.999999 0.000690991 -1.98197e-05 -0.000691008 1 -0.0223764 -0.102498 -0.0108275
FixedParameters: 0 0 0

#Transform 6
Transform: AffineTransform_float_3_3
Parameters: 1 0.000394553 1.87945e-05 -0.00039457 1 0.000474992 -1.84196e-05 -0.000475007 1 -0.0293756 -0.0698354 0.0081412
FixedParameters: 0 0 0

#Transform 7
Transform: AffineTransform_float_3_3
Parameters: 1 0.000430744 -2.66435e-05 -0.000430732 1 0.000222011 2.68348e-05 -0.000221988 1 -0.0259849 -0.0573467 0.029065
FixedParameters: 0 0 0

#Transform 8
Transform: AffineTransform_float_3_3
Parameters: 1 0.000360142 0.000152354 -0.000360324 1 0.000597945 -0.000151923 -0.000598054 1 -0.0324956 -0.0751742 -0.0178379
FixedParameters: 0 0 0

#Transform 9
Transform: AffineTransform_float_3_3
Parameters: 1 8.00195e-05 0.000442314 -8.04909e-05 1 0.000532964 -0.000442229 -0.000533035 1 -0.0486826 -0.0640274 0.0247138
FixedParameters: 0 0 0

#Transform 10
Transform: AffineTransform_float_3_3
Parameters: 1 0.000115152 0.000211663 -0.000115163 1 2.59756e-05 -0.000211657 -2.60244e-05 1 -0.0320977 -0.0279916 0.0364084
FixedParameters: 0 0 0

#Transform 11
Transform: AffineTransform_float_3_3
Parameters: 1 -0.000208639 -5.57378e-05 0.000208558 0.999999 -0.000722011 5.6039e-05 0.000721988 0.999999 -0.0256981 -0.00211222 0.0253491
FixedParameters: 0 0 0

#Transform 12
Transform: AffineTransform_float_3_3
Parameters: 1 -0.000259728 0.000399428 0.000259507 0.999999 -0.000913896 -0.0004 0.000914103 0.999999 -0.0263971 0.0209638 0.0037354
FixedParameters: 0 0 0

#Transform 13
Transform: AffineTransform_float_3_3
Parameters: 1 -0.000384345 0.000212262 0.000384494 1 -0.000351918 -0.000211991 0.000352081 1 -0.0214286 -0.0211726 0.0263752
FixedParameters: 0 0 0

#Transform 14
Transform: AffineTransform_float_3_3
Parameters: 1 -0.000504539 4.24332e-05 0.000504564 1 -0.000304979 -4.21254e-05 0.000305021 1 0.00313669 -0.0228799 0.0257098
FixedParameters: 0 0 0

#Transform 15
Transform: AffineTransform_float_3_3
Parameters: 1 -0.000415338 0.000143273 0.000415066 0.999999 0.000786059 -0.000142927 -0.00078594 0.999999 -0.020664 -0.0810491 -0.00709725
FixedParameters: 0 0 0

#Transform 16
Transform: AffineTransform_float_3_3
Parameters: 1 -0.000121935 0.000184393 0.000121715 1 0.000596022 -0.000184539 -0.000595977 1 -0.0337543 -0.0694778 0.0131825
FixedParameters: 0 0 0

#Transform 17
Transform: AffineTransform_float_3_3
Parameters: 1 -7.60875e-05 -0.00018982 7.62002e-05 1 0.000296986 0.000189775 -0.000297014 1 0.00985793 -0.0353397 -0.00606588
FixedParameters: 0 0 0

#Transform 18
Transform: AffineTransform_float_3_3
Parameters: 1 -6.40975e-05 0.000128127 6.41157e-05 1 -7.09918e-05 -0.000128118 7.10082e-05 1 0.00947779 -0.00431557 0.0199331
FixedParameters: 0 0 0

#Transform 19
Transform: AffineTransform_float_3_3
Parameters: 1 -0.000150424 0.000112066 0.000150466 1 -0.000187983 -0.000112009 0.000188017 1 0.00237679 0.00218227 0.0304503
FixedParameters: 0 0 0

#Transform 20
Transform: AffineTransform_float_3_3
Parameters: 1 -3.17033e-05 3.55514e-05 3.1716e-05 1 -0.000177999 -3.55401e-05 0.000178001 1 -0.00127256 0.00899221 0.0208051
FixedParameters: 0 0 0

#Transform 21
Transform: AffineTransform_float_3_3
Parameters: 1 1.09526e-05 2.25398e-05 -1.09481e-05 1 -9.90002e-05 -2.25419e-05 9.89998e-05 1 -0.0333832 -0.00311701 0.0184441
FixedParameters: 0 0 0

#Transform 22
Transform: AffineTransform_float_3_3
Parameters: 1 -0.0001022 -0.000231085 0.000102257 1 0.000123976 0.000231059 -0.000124024 1 -0.0135887 0.000487827 0.025553
FixedParameters: 0 0 0

#Transform 23
Transform: AffineTransform_float_3_3
Parameters: 1 -0.000310329 -4.27046e-05 0.00031034 1 0.000123987 4.26276e-05 -0.000124013 1 -0.0268205 0.0245326 0.0788962
FixedParameters: 0 0 0

#Transform 24
Transform: AffineTransform_float_3_3
Parameters: 1 -0.000195116 -6.62035e-05 0.000195075 1 -0.000309013 6.63241e-05 0.000308987 1 -0.0336504 0.0504029 0.087098
FixedParameters: 0 0 0

#Transform 25
Transform: AffineTransform_float_3_3
Parameters: 1 1.19394e-05 1.56565e-06 -1.19398e-05 1 0.000124 -1.56269e-06 -0.000124 1 -0.0317955 0.00918112 0.0609557
FixedParameters: 0 0 0

#Transform 26
Transform: AffineTransform_float_3_3
Parameters: 1 1.1939e-05 1.56856e-06 -1.19401e-05 1 0.000368 -1.55977e-06 -0.000368 1 -0.0210338 -0.0230936 0.104945
FixedParameters: 0 0 0

#Transform 27
Transform: AffineTransform_float_3_3
Parameters: 1 0.000102841 5.81208e-06 -0.000102836 1 -0.000377001 -5.88962e-06 0.000376999 1 -0.0204174 0.0439505 0.0840884
FixedParameters: 0 0 0

#Transform 28
Transform: AffineTransform_float_3_3
Parameters: 1 5.2799e-06 0.000142408 -5.31522e-06 1 0.000123999 -0.000142407 -0.000124001 1 -0.0289381 0.0183021 0.0471862
FixedParameters: 0 0 0

#Transform 29
Transform: AffineTransform_float_3_3
Parameters: 1 -0.000150879 -6.11705e-06 0.00015088 1 1.89991e-05 6.11132e-06 -1.90009e-05 1 -0.0356647 -0.000132239 0.042975
FixedParameters: 0 0 0

#Transform 30
Transform: AffineTransform_float_3_3
Parameters: 1 -0.000293719 -1.28868e-05 0.000293722 1 0.000123996 1.2814e-05 -0.000124004 1 -0.039229 -0.00490994 0.0401337
FixedParameters: 0 0 0

#Transform 31
Transform: AffineTransform_float_3_3
Parameters: 1 -0.00023179 -9.9152e-06 0.000231789 1 -6.30023e-05 9.94441e-06 6.29977e-05 1 -0.0202683 -0.027357 0.0436748
FixedParameters: 0 0 0

#Transform 32
Transform: AffineTransform_float_3_3
Parameters: 1 -7.24297e-05 0.000637273 7.27722e-05 1 0.000515046 -0.000637301 -0.000514954 0.999999 -0.0230178 -0.0684362 0.0572636
FixedParameters: 0 0 0

#Transform 33
Transform: AffineTransform_float_3_3
Parameters: 1 1.19387e-05 1.57077e-06 -1.19404e-05 1 0.000553 -1.55756e-06 -0.000553 1 -0.00955744 -0.0611444 0.0199219
FixedParameters: 0 0 0

#Transform 34
Transform: AffineTransform_float_3_3
Parameters: 1 -7.95588e-05 0.000539847 7.94789e-05 1 7.40429e-05 -0.000539859 -7.3957e-05 1 -0.045347 -0.019822 0.0387764
FixedParameters: 0 0 0

#Transform 35
Transform: AffineTransform_float_3_3
Parameters: 1 -0.000168861 -6.92816e-06 0.000168858 1 -0.000201001 6.99604e-06 0.000200999 1 -0.0310837 -0.00983099 0.0364539
FixedParameters: 0 0 0

#Transform 36
Transform: AffineTransform_float_3_3
Parameters: 1 0.000460257 2.66392e-05 -0.000460248 1 -0.000155012 -2.67819e-05 0.000154988 1 -0.010551 -0.0473315 0.019565
FixedParameters: 0 0 0

#Transform 37
Transform: AffineTransform_float_3_3
Parameters: 0.999999 0.000747843 0.000443867 -0.000748012 0.999999 0.000189666 -0.000443583 -0.000189334 1 -0.0180245 -0.0410513 0.0655771
FixedParameters: 0 0 0

#Transform 38
Transform: AffineTransform_float_3_3
Parameters: 1 0.000406086 0.0001344 -0.000406165 1 0.000294945 -0.00013416 -0.000295054 1 -0.0192431 -0.023156 0.0588974
FixedParameters: 0 0 0

#Transform 39
Transform: AffineTransform_float_3_3
Parameters: 1 0.000443112 0.000135933 -0.000443057 1 -0.00020306 -0.000136113 0.00020294 1 -0.0100121 0.018114 0.0213751
FixedParameters: 0 0 0

#Transform 40
Transform: AffineTransform_float_3_3
Parameters: 1 -0.000112229 0.000109903 0.000112368 1 -0.000633987 -0.000109761 0.000634012 1 -0.00163689 0.0269796 0.0542921
FixedParameters: 0 0 0

#Transform 41
Transform: AffineTransform_float_3_3
Parameters: 1 -2.72023e-05 0.000220982 2.76752e-05 1 -0.00106999 -0.000220923 0.00107001 1 -0.00992871 0.058724 0.0735876
FixedParameters: 0 0 0

#Transform 42
Transform: AffineTransform_float_3_3
Parameters: 1 0.000157389 -9.07837e-05 -0.000157504 1 -0.000633985 9.05841e-05 0.000634014 1 0.0114981 0.0412416 0.0641203
FixedParameters: 0 0 0

#Transform 43
Transform: AffineTransform_float_3_3
Parameters: 1 -5.35496e-05 -3.25183e-05 5.35019e-05 0.999999 -0.000733001 3.25968e-05 0.000732998 0.999999 0.00280938 0.0338386 0.0528548
FixedParameters: 0 0 0

#Transform 44
Transform: AffineTransform_float_3_3
Parameters: 1 2.21391e-05 -2.3997e-05 -2.21695e-05 1 -0.000633999 2.3969e-05 0.000634 1 0.00430659 0.0171999 0.0368235
FixedParameters: 0 0 0

#Transform 45
Transform: AffineTransform_float_3_3
Parameters: 1 -2.56906e-06 0.000291196 2.87132e-06 1 -0.000518999 -0.000291194 0.000519001 1 -0.029035 0.0112921 0.0633566
FixedParameters: 0 0 0

#Transform 46
Transform: AffineTransform_float_3_3
Parameters: 1 0.00034667 -0.000308252 -0.000347117 0.999999 -0.000724893 0.000307749 0.000725106 0.999999 -0.0143397 0.0291281 0.0567564
FixedParameters: 0 0 0

#Transform 47
Transform: AffineTransform_float_3_3
Parameters: 1 0.000465731 0.000313329 -0.000465787 1 8.88541e-05 -0.000313246 -8.91459e-05 1 -0.0486662 -0.0696957 0.104758
FixedParameters: 0 0 0

#Transform 48
Transform: AffineTransform_float_3_3
Parameters: 1 0.000531852 -2.71471e-05 -0.00053187 1 -0.000321986 2.68046e-05 0.000322014 1 -0.0379748 -0.0169048 0.117002
FixedParameters: 0 0 0

#Transform 49
Transform: AffineTransform_float_3_3
Parameters: 0.999999 0.00120282 -0.000673056 -0.00120417 0.999998 -0.00168219 0.000671051 0.00168281 0.999999 0.00295199 0.0835354 -0.183317
FixedParameters: 0 0 0

#Transform 50
Transform: AffineTransform_float_3_3
Parameters: 1 0.000978679 -0.000279981 -0.0009788 0.999998 -0.00183673 0.00027843 0.00183727 0.999999 0.0406626 -0.103408 -0.016422
FixedParameters: 0 0 0

#Transform 51
Transform: AffineTransform_float_3_3
Parameters: 0.999999 0.00152887 5.97917e-05 -0.00152882 0.999999 -0.000845998 -6.13796e-05 0.000846001 0.999999 0.039703 -0.204991 0.1065
FixedParameters: 0 0 0

#Transform 52
Transform: AffineTransform_float_3_3
Parameters: 0.999999 0.00153452 -6.19548e-05 -0.00153466 0.999998 -0.000765858 6.06027e-05 0.00076614 0.999999 0.0136496 -0.161352 0.118331
FixedParameters: 0 0 0

#Transform 53
Transform: AffineTransform_float_3_3
Parameters: 0.999999 0.0015434 -0.000252579 -0.00154378 0.999998 -0.000655561 0.000251555 0.000655438 0.999999 0.0300637 -0.166576 0.101223
FixedParameters: 0 0 0

#Transform 54
Transform: AffineTransform_float_3_3
Parameters: 0.999998 0.00155372 -0.000475476 -0.00155447 0.999999 -0.000744168 0.00047416 0.000745832 0.999999 0.036113 -0.105117 0.0383924
FixedParameters: 0 0 0

#Transform 55
Transform: AffineTransform_float_3_3
Parameters: 1 0.00108547 -0.00029051 -0.00108623 0.999998 -0.00123269 0.000288831 0.00123331 0.999999 0.0297418 -0.0933326 -0.0168946
FixedParameters: 0 0 0

#Transform 56
Transform: AffineTransform_float_3_3
Parameters: 1 0.00109048 -0.000391472 -0.00109078 1 -0.000379524 0.000390645 0.000379476 1 0.00361085 -0.18195 0.0275859
FixedParameters: 0 0 0

#Transform 57
Transform: AffineTransform_float_3_3
Parameters: 1 0.00109259 -0.000446445 -0.00109281 0.999998 -0.00132351 0.000444598 0.00132449 0.999999 0.00973938 -0.133878 0.0959149
FixedParameters: 0 0 0

#Transform 58
Transform: AffineTransform_float_3_3
Parameters: 1 0.00107755 -0.000116158 -0.00107776 0.999999 -0.000735828 0.00011557 0.000736172 0.999999 -0.0050688 -0.188338 0.0992425
FixedParameters: 0 0 0

#Transform 59
Transform: AffineTransform_float_3_3
Parameters: 0.999999 0.000769419 -0.000140049 -0.00076947 0.999999 -0.000181892 0.000139769 0.000182108 1 -0.00994954 -0.175053 0.0786665
FixedParameters: 0 0 0

#Transform 60
Transform: AffineTransform_float_3_3
Parameters: 1 0.00108224 -0.000215778 -0.00108245 1 -0.000484718 0.00021473 0.000484282 1 -0.0199254 -0.139916 0.0934211
FixedParameters: 0 0 0

#Transform 61
Transform: AffineTransform_float_3_3
Parameters: 1 0.00109207 -0.000434369 -0.0010922 0.999998 -0.00124252 0.000432701 0.00124248 0.999999 0.011869 -0.0972165 0.0798944
FixedParameters: 0 0 0

#Transform 62
Transform: AffineTransform_float_3_3
Parameters: 1 0.00108184 -0.000211626 -0.00108247 0.999998 -0.00126277 0.00021089 0.00126323 0.999999 0.0146336 -0.132547 0.0306365
FixedParameters: 0 0 0

#Transform 63
Transform: AffineTransform_float_3_3
Parameters: 0.999999 0.00133322 -0.000464003 -0.00133343 0.999999 -0.000222332 0.00046341 0.000222667 1 -0.00622445 -0.202721 0.0328116
FixedParameters: 0 0 0

#Transform 64
Transform: AffineTransform_float_3_3
Parameters: 1 0.00108405 -0.000255956 -0.00108445 0.999999 -0.000688674 0.000255462 0.000688327 0.999999 -0.039322 -0.153724 0.0779318
FixedParameters: 0 0 0

#Transform 65
Transform: AffineTransform_float_3_3
Parameters: 0.999999 0.00119411 -0.00042477 -0.00119456 0.999999 -0.000467444 0.000424652 0.000467557 1 -0.0153466 -0.123203 0.0495267
FixedParameters: 0 0 0

#Transform 66
Transform: AffineTransform_float_3_3
Parameters: 1 0.000825948 -0.000632714 -0.000826456 0.999999 -0.00115448 0.000631851 0.00115552 0.999999 -0.000784961 -0.136496 0.0622882
FixedParameters: 0 0 0

#Transform 67
Transform: AffineTransform_float_3_3
Parameters: 0.999999 0.000801666 -0.000571318 -0.000802847 0.999998 -0.00186954 0.000569365 0.00186946 0.999998 0.00153726 -0.121838 0.0427542
FixedParameters: 0 0 0

#Transform 68
Transform: AffineTransform_float_3_3
Parameters: 1 0.00109693 -0.00052933 -0.00109734 1 -0.000387372 0.000528479 0.000388627 1 -0.00667207 -0.196712 0.0360047
FixedParameters: 0 0 0

#Transform 69
Transform: AffineTransform_float_3_3
Parameters: 1 0.00108265 -0.000229686 -0.00108335 0.999998 -0.00133575 0.00022879 0.00133625 0.999999 -0.008842 -0.118412 0.00309584
FixedParameters: 0 0 0

#Transform 70
Transform: AffineTransform_float_3_3
Parameters: 0.999999 0.00141909 -0.000342694 -0.00141924 0.999998 -0.00154247 0.000340361 0.00154253 0.999998 -0.00722019 -0.0992952 0.0142513
FixedParameters: 0 0 0

#Transform 71
Transform: AffineTransform_float_3_3
Parameters: 0.999998 0.00148311 -0.000602826 -0.00148388 0.999998 -0.00139006 0.000600745 0.00139094 0.999999 -0.00831558 -0.117616 0.0489714
FixedParameters: 0 0 0

#Transform 72
Transform: AffineTransform_float_3_3
Parameters: 0.999999 0.00117204 -0.000498939 -0.00117252 0.999999 -0.00139037 0.000497724 0.00139063 0.999999 -0.00477775 -0.0794929 -0.000521104
FixedParameters: 0 0 0

#Transform 73
Transform: AffineTransform_float_3_3
Parameters: 0.999999 0.00137463 -0.000153075 -0.00137478 0.999999 -0.000482741 0.000151749 0.000482258 1 -0.0370086 -0.251367 0.109415
FixedParameters: 0 0 0

#Transform 74
Transform: AffineTransform_float_3_3
Parameters: 0.999999 0.0014472 0.000161388 -0.00144667 0.999997 -0.00203919 -0.000164292 0.00203881 0.999998 -0.0281604 -0.0845994 0.0788764
FixedParameters: 0 0 0

#Transform 75
Transform: AffineTransform_float_3_3
Parameters: 0.999999 0.00124795 -0.000130067 -0.00124891 0.999994 -0.00298979 0.000126597 0.00299021 0.999995 -0.00764384 -0.0873624 0.0970932
FixedParameters: 0 0 0

#Transform 76
Transform: AffineTransform_float_3_3
Parameters: 0.999999 0.00144834 0.000208008 -0.001447 0.999992 -0.00374226 -0.000213848 0.00374174 0.999993 -0.0216909 -0.0442424 0.115593
FixedParameters: 0 0 0

#Transform 77
Transform: AffineTransform_float_3_3
Parameters: 0.999999 0.00118188 -0.000780994 -0.00118605 0.999986 -0.00506207 0.000775188 0.00506292 0.999987 0.0104529 0.0224105 0.177561
FixedParameters: 0 0 0

#Transform 78
Transform: AffineTransform_float_3_3
Parameters: 0.999999 0.00133734 -3.37025e-06 -0.00133768 0.999988 -0.00476395 -2.38138e-06 0.00476405 0.999988 0.000816586 0.0311001 0.215049
FixedParameters: 0 0 0

#Transform 79
Transform: AffineTransform_float_3_3
Parameters: 0.999999 0.00132393 -0.000300076 -0.00132598 0.999988 -0.00466556 0.000293752 0.00466644 0.999989 0.0335989 -0.00468968 0.200379
FixedParameters: 0 0 0

#Transform 80
Transform: AffineTransform_float_3_3
Parameters: 0.999999 0.00146454 -9.86359e-05 -0.00146472 0.999989 -0.00446681 9.25901e-05 0.00446719 0.99999 0.025951 0.00100576 0.224473
FixedParameters: 0 0 0

#Transform 81
Transform: AffineTransform_float_3_3
Parameters: 0.999999 0.00143028 -0.000289789 -0.00143183 0.999983 -0.00553854 0.000282021 0.00553945 0.999984 0.0674566 0.0623472 0.00714454
FixedParameters: 0 0 0

#Transform 82
Transform: AffineTransform_float_3_3
Parameters: 1 0.0011605 -0.000268849 -0.00116215 0.999989 -0.00454764 0.000263328 0.00454736 0.999989 0.0453798 -0.0538482 0.1031
FixedParameters: 0 0 0

#Transform 83
Transform: AffineTransform_float_3_3
Parameters: 1 0.00115554 -0.000157061 -0.00115651 0.999984 -0.00550777 0.000150367 0.00550822 0.999985 0.0303989 0.024525 0.149941
FixedParameters: 0 0 0

#Transform 84
Transform: AffineTransform_float_3_3
Parameters: 0.999999 0.000991134 0.000374048 -0.000989586 0.999987 -0.00502137 -0.000379094 0.00502063 0.999988 0.00363562 -0.0053102 0.151009
FixedParameters: 0 0 0

#Transform 85
Transform: AffineTransform_float_3_3
Parameters: 0.999999 0.00112281 0.00061353 -0.00112064 0.999989 -0.00438869 -0.000618522 0.00438831 0.99999 -0.00224663 -0.00960973 0.151217
FixedParameters: 0 0 0

#Transform 86
Transform: AffineTransform_float_3_3
Parameters: 1 0.00114649 5.96604e-05 -0.0011462 0.999992 -0.00384402 -6.4478e-05 0.00384397 0.999992 0.0178641 -0.0324803 0.146002
FixedParameters: 0 0 0

#Transform 87
Transform: AffineTransform_float_3_3
Parameters: 0.999999 0.000934692 0.000260335 -0.000933669 0.99999 -0.00421425 -0.00026426 0.00421475 0.999991 -0.0108738 0.0273492 0.137001
FixedParameters: 0 0 0

#Transform 88
Transform: AffineTransform_float_3_3
Parameters: 1 0.00104667 5.36696e-05 -0.00104629 0.999984 -0.00543406 -6.00484e-05 0.00543394 0.999985 0.0191076 0.0677378 0.142435
FixedParameters: 0 0 0

#Transform 89
Transform: AffineTransform_float_3_3
Parameters: 1 0.00114242 0.000158435 -0.00114191 0.999983 -0.00570914 -0.000164532 0.00570886 0.999983 0.0172844 0.0757002 0.137763
FixedParameters: 0 0 0

#Transform 90
Transform: AffineTransform_float_3_3
Parameters: 1 0.001149 1.85456e-07 -0.00114925 0.999986 -0.00517495 -6.08568e-06 0.00517504 0.999986 -0.00355751 0.0588728 0.168327
FixedParameters: 0 0 0

#Transform 91
Transform: AffineTransform_float_3_3
Parameters: 0.999999 0.00143372 -0.000347581 -0.00143585 0.999984 -0.00545746 0.000340006 0.00545754 0.999985 -0.00450661 0.0626283 0.173703
FixedParameters: 0 0 0

#Transform 92
Transform: AffineTransform_float_3_3
Parameters: 0.999999 0.0012537 -0.000160261 -0.00125483 0.999983 -0.00573375 0.000152916 0.00573424 0.999983 0.000307052 0.0606529 0.117836
FixedParameters: 0 0 0

#Transform 93
Transform: AffineTransform_float_3_3
Parameters: 1 0.00114664 5.67378e-05 -0.0011462 0.999979 -0.00639302 -6.44038e-05 0.00639297 0.999979 0.0190555 0.0690619 0.0519051
FixedParameters: 0 0 0

#Transform 94
Transform: AffineTransform_float_3_3
Parameters: 1 0.00116179 -0.000305723 -0.0011633 0.999985 -0.0053276 0.000299423 0.0053274 0.999985 0.00550931 0.035196 0.0801071
FixedParameters: 0 0 0

#Transform 95
Transform: AffineTransform_float_3_3
Parameters: 1 0.00116331 -0.000358663 -0.00116568 0.999974 -0.00703258 0.000350416 0.00703241 0.999975 0.0156693 0.130361 0.114026
FixedParameters: 0 0 0

#Transform 96
Transform: AffineTransform_float_3_3
Parameters: 1 0.00116415 -0.000355943 -0.0011657 0.999989 -0.00469554 0.000350092 0.00469546 0.999989 0.0238342 0.0585449 0.0808212
FixedParameters: 0 0 0

#Transform 97
Transform: AffineTransform_float_3_3
Parameters: 1 0.00107247 -3.99939e-05 -0.0010723 0.999975 -0.00698291 3.20561e-05 0.00698308 0.999975 0.0196159 0.142781 0.162041
FixedParameters: 0 0 0

#Transform 98
Transform: AffineTransform_float_3_3
Parameters: 1 0.00114993 -2.71928e-05 -0.00115072 0.999967 -0.00813093 1.74759e-05 0.00813107 0.999967 0.00904397 0.212027 0.110277
FixedParameters: 0 0 0

#Transform 99
Transform: AffineTransform_float_3_3
Parameters: 1 0.00115459 -0.000144664 -0.00115619 0.99997 -0.00775079 0.00013579 0.00775121 0.99997 0.0165122 0.188449 0.123149
FixedParameters: 0 0 0

#Transform 100
Transform: AffineTransform_float_3_3
Parameters: 0.999999 0.000914819 -5.26288e-05 -0.000915872 0.999973 -0.00730996 4.62385e-05 0.00731005 0.999974 0.0029377 0.134535 0.125321
FixedParameters: 0 0 0

#Transform 101
Transform: AffineTransform_float_3_3
Parameters: 0.999999 0.000921036 -8.06616e-05 -0.00092133 0.999979 -0.00650088 7.47247e-05 0.00650112 0.999979 0.00531529 0.123689 0.117694
FixedParameters: 0 0 0

#Transform 102
Transform: AffineTransform_float_3_3
Parameters: 0.999999 0.00121266 -0.000212835 -0.00121373 0.999978 -0.00642374 0.000205334 0.00642326 0.99998 0.0243151 0.110734 0.0603098
FixedParameters: 0 0 0

#Transform 103
Transform: AffineTransform_float_3_3
Parameters: 0.999998 0.00149696 -0.0005335 -0.00150016 0.999979 -0.00640116 0.000523492 0.00640185 0.99998 0.0264681 0.0569333 0.184695
FixedParameters: 0 0 0

#Transform 104
Transform: AffineTransform_float_3_3
Parameters: 0.999998 0.00175053 -0.000756003 -0.00175776 0.999951 -0.00968163 0.000738392 0.00968335 0.999953 0.0793464 0.265886 0.0452454
FixedParameters: 0 0 0

#Transform 105
Transform: AffineTransform_float_3_3
Parameters: 0.999999 0.00154233 7.2591e-05 -0.00154172 0.999973 -0.00721707 -8.38611e-05 0.00721692 0.999974 0.0352386 0.0832297 0.0877806
FixedParameters: 0 0 0

#Transform 106
Transform: AffineTransform_float_3_3
Parameters: 0.999999 0.00138716 -0.000261991 -0.00138984 0.999931 -0.0116666 0.000245762 0.0116664 0.999932 0.0725811 0.282268 0.210737
FixedParameters: 0 0 0

#Transform 107
Transform: AffineTransform_float_3_3
Parameters: 0.999998 0.00192006 -0.000262222 -0.00192131 0.999973 -0.00701546 0.000249396 0.00701654 0.999976 0.0825713 0.108489 0.179848
FixedParameters: 0 0 0

#Transform 108
Transform: AffineTransform_float_3_3
Parameters: 0.999999 0.00172657 -0.00040186 -0.00172953 0.999975 -0.00687927 0.000389213 0.00687973 0.999976 0.0824446 0.125038 0.136509
FixedParameters: 0 0 0

#Transform 109
Transform: AffineTransform_float_3_3
Parameters: 0.999998 0.00205954 -0.000443161 -0.00206372 0.999942 -0.010634 0.00042057 0.010635 0.999944 0.107852 0.223569 0.16115
FixedParameters: 0 0 0

#Transform 110
Transform: AffineTransform_float_3_3
Parameters: 0.999999 0.00140771 -0.000218877 -0.00141028 0.999934 -0.0114107 0.000202843 0.0114113 0.999935 0.0829995 0.254153 0.161632
FixedParameters: 0 0 0

#Transform 111
Transform: AffineTransform_float_3_3
Parameters: 0.999998 0.00162118 -0.000348524 -0.0016253 0.999925 -0.0121484 0.000328295 0.0121496 0.999926 0.113828 0.270999 0.128742
FixedParameters: 0 0 0

#Transform 112
Transform: AffineTransform_float_3_3
Parameters: 0.999999 0.00155535 -0.00023472 -0.00155839 0.999933 -0.0114786 0.0002171 0.0114784 0.999934 0.0929996 0.20456 0.174101
FixedParameters: 0 0 0

#Transform 113
Transform: AffineTransform_float_3_3
Parameters: 1 0.00103072 -0.000133493 -0.00103168 0.999953 -0.00966487 0.000123643 0.00966513 0.999954 0.0713163 0.20782 0.12832
FixedParameters: 0 0 0

#Transform 114
Transform: AffineTransform_float_3_3
Parameters: 1 0.000958729 -0.000244626 -0.000961966 0.999949 -0.0100427 0.000234421 0.0100423 0.999949 0.0827743 0.231925 0.0640989
FixedParameters: 0 0 0

#Transform 115
Transform: AffineTransform_float_3_3
Parameters: 1 0.00092874 -5.32976e-05 -0.000928969 0.999963 -0.00862991 4.53035e-05 0.00863009 0.999963 0.085556 0.128158 0.137351
FixedParameters: 0 0 0

#Transform 116
Transform: AffineTransform_float_3_3
Parameters: 1 0.000897501 -0.000342528 -0.000901338 0.999954 -0.0095507 0.000333481 0.00955031 0.999955 0.0806378 0.188899 0.143696
FixedParameters: 0 0 0

#Transform 117
Transform: AffineTransform_float_3_3
Parameters: 0.999999 0.00138943 -0.000142123 -0.00139049 0.999958 -0.00898376 0.000130228 0.00898423 0.999959 0.0761659 0.127624 0.158721
FixedParameters: 0 0 0

#Transform 118
Transform: AffineTransform_float_3_3
Parameters: 1 0.00111739 -0.000484543 -0.00112131 0.99996 -0.00879846 0.000475068 0.00879954 0.999961 0.0450322 0.156545 0.153734
FixedParameters: 0 0 0

#Transform 119
Transform: AffineTransform_float_3_3
Parameters: 1 0.000976128 -0.000573926 -0.000981652 0.999952 -0.00974744 0.000564115 0.00974756 0.999953 0.106896 0.195671 -0.0269234
FixedParameters: 0 0 0

#Transform 120
Transform: AffineTransform_float_3_3
Parameters: 1 0.00117855 -0.000228301 -0.00118011 0.999959 -0.00904669 0.000218092 0.00904632 0.999959 0.0669829 0.104652 0.0541513
FixedParameters: 0 0 0

#Transform 121
Transform: AffineTransform_float_3_3
Parameters: 0.999999 0.00128182 -0.000639498 -0.00128769 0.999952 -0.00970713 0.00062687 0.00970786 0.999952 0.0725532 0.163789 0.0786612
FixedParameters: 0 0 0

#Transform 122
Transform: AffineTransform_float_3_3
Parameters: 0.999999 0.0010431 -3.52849e-05 -0.00104407 0.999959 -0.00901597 2.54566e-05 0.00901603 0.99996 0.0195397 0.111341 0.0858331
FixedParameters: 0 0 0

#Transform 123
Transform: AffineTransform_float_3_3
Parameters: 1 0.000979808 -0.000602921 -0.000984802 0.99996 -0.00881941 0.000594866 0.00881959 0.999961 0.0305849 0.125917 0.166493
FixedParameters: 0 0 0

#Transform 124
Transform: AffineTransform_float_3_3
Parameters: 1 0.00101822 -0.000360079 -0.00102153 0.999953 -0.00962359 0.000350626 0.00962341 0.999953 0.0531594 0.182031 0.0775825
FixedParameters: 0 0 0

#Transform 125
Transform: AffineTransform_float_3_3
Parameters: 0.999999 0.000877448 -0.000256657 -0.000879275 0.99996 -0.00890078 0.000248154 0.00890122 0.999961 0.0552085 0.142335 0.14398
FixedParameters: 0 0 0

#Transform 126
Transform: AffineTransform_float_3_3
Parameters: 0.999999 0.000949183 -0.000384455 -0.000952742 0.999955 -0.00937863 0.000375795 0.00937936 0.999956 0.0409476 0.165428 0.144545
FixedParameters: 0 0 0

#Transform 127
Transform: AffineTransform_float_3_3
Parameters: 1 0.000382756 0.000149221 -0.000381793 0.999947 -0.0102251 -0.000154137 0.0102249 0.999947 0.0299682 0.180291 0.160585
FixedParameters: 0 0 0

#Transform 128
Transform: AffineTransform_float_3_3
Parameters: 1 0.000622496 -0.000242947 -0.000624489 0.999951 -0.00980984 0.000236849 0.00980915 0.999952 0.047885 0.169931 0.109588
FixedParameters: 0 0 0

#Transform 129
Transform: AffineTransform_float_3_3
Parameters: 0.999999 0.00081482 -0.00054998 -0.000819494 0.999963 -0.00854156 0.000543247 0.00854245 0.999964 0.0460594 0.0968546 0.164806
FixedParameters: 0 0 0

#Transform 130
Transform: AffineTransform_float_3_3
Parameters: 0.999999 0.000483125 -0.000529309 -0.000488628 0.999953 -0.00973175 0.000525082 0.00973227 0.999953 0.0385909 0.166351 0.110998
FixedParameters: 0 0 0

#Transform 131
Transform: AffineTransform_float_3_3
Parameters: 0.999999 0.000513433 -0.000527868 -0.000518196 0.999959 -0.00910774 0.000522702 0.00910828 0.999959 0.0346295 0.133455 0.0929581
FixedParameters: 0 0 0

#Transform 132
Transform: AffineTransform_float_3_3
Parameters: 1 0.000358587 -0.000346469 -0.000361709 0.999963 -0.00866388 0.000343366 0.00866413 0.999963 0.0339473 0.109905 0.0983969
FixedParameters: 0 0 0

#Transform 133
Transform: AffineTransform_float_3_3
Parameters: 1 0.000398093 -0.000393288 -0.000401636 0.999955 -0.00945785 0.000388909 0.00945716 0.999955 0.0435283 0.148098 0.0871172
FixedParameters: 0 0 0

#Transform 134
Transform: AffineTransform_float_3_3
Parameters: 0.999999 0.0005866 -0.000427085 -0.000590674 0.999957 -0.00923275 0.000421399 0.00923226 0.999958 0.0585584 0.133278 0.0573163
FixedParameters: 0 0 0

#Transform 135
Transform: AffineTransform_float_3_3
Parameters: 0.999999 0.000832973 -0.000986594 -0.000840508 0.999974 -0.00726818 0.000979754 0.00726883 0.999973 0.0862847 0.0883016 0.0480458
FixedParameters: 0 0 0

#Transform 136
Transform: AffineTransform_float_3_3
Parameters: 0.999999 0.000801484 -0.000198426 -0.00080271 0.999972 -0.0075248 0.000192442 0.0075252 0.999971 0.0272197 0.0972064 0.110172
FixedParameters: 0 0 0

#Transform 137
Transform: AffineTransform_float_3_3
Parameters: 0.999999 0.000639464 -0.000449109 -0.000643008 0.999957 -0.00924971 0.000443475 0.00924929 0.999957 0.0616266 0.174867 0.0520686
FixedParameters: 0 0 0

#Transform 138
Transform: AffineTransform_float_3_3
Parameters: 1 0.000820306 -0.00067722 -0.000826017 0.99997 -0.00773144 0.00067072 0.00773255 0.99997 0.0804892 0.0996064 0.0858265
FixedParameters: 0 0 0

#Transform 139
Transform: AffineTransform_float_3_3
Parameters: 1 0.000823125 -0.000793908 -0.000831133 0.999951 -0.00988734 0.000785918 0.00988865 0.999951 0.0593308 0.158401 0.1284
FixedParameters: 0 0 0

#Transform 140
Transform: AffineTransform_float_3_3
Parameters: 0.999999 0.000832543 -0.00107347 -0.000844057 0.999942 -0.0107911 0.00106493 0.0107919 0.999941 0.110946 0.213887 0.010962
FixedParameters: 0 0 0

#Transform 141
Transform: AffineTransform_float_3_3
Parameters: 0.999999 0.000957254 -0.000947668 -0.000967702 0.999944 -0.0105891 0.000937743 0.0105899 0.999944 0.0847002 0.1673 0.118888
FixedParameters: 0 0 0

#Transform 142
Transform: AffineTransform_float_3_3
Parameters: 1 0.000646207 -0.000936291 -0.00065613 0.999939 -0.0110304 0.000929435 0.0110316 0.999938 0.0672577 0.222175 0.0767279
FixedParameters: 0 0 0

#Transform 143
Transform: AffineTransform_float_3_3
Parameters: 1 0.000683479 -0.00101576 -0.000693414 0.999943 -0.0106653 0.00100863 0.0106657 0.999942 0.0854928 0.178192 0.0738552
FixedParameters: 0 0 0

#Transform 144
Transform: AffineTransform_float_3_3
Parameters: 0.999999 0.00042222 -0.00130841 -0.000435741 0.999945 -0.0104775 0.00130308 0.0104785 0.999945 0.12004 0.172938 0.117257
FixedParameters: 0 0 0

#Transform 145
Transform: AffineTransform_float_3_3
Parameters: 0.999999 0.00083071 -0.00104613 -0.000843244 0.999932 -0.0115702 0.00103632 0.0115708 0.999933 0.112133 0.236518 0.136292
FixedParameters: 0 0 0

#Transform 146
Transform: AffineTransform_float_3_3
Parameters: 1 0.000822995 -0.000837546 -0.000833321 0.999928 -0.0119113 0.000828275 0.0119127 0.999928 0.103143 0.240807 0.102925
FixedParameters: 0 0 0

#Transform 147
Transform: AffineTransform_float_3_3
Parameters: 0.999999 0.000833422 -0.0010882 -0.000844592 0.999944 -0.0104831 0.00108016 0.0104839 0.999945 0.120139 0.161805 0.117006
FixedParameters: 0 0 0

#Transform 148
Transform: AffineTransform_float_3_3
Parameters: 0.999999 0.000648135 -0.00118338 -0.00065954 0.999956 -0.00936428 0.00117764 0.00936473 0.999956 0.133614 0.170201 0.106901
FixedParameters: 0 0 0

#Transform 149
Transform: AffineTransform_float_3_3
Parameters: 0.999999 0.000830713 -0.0010091 -0.000840801 0.999946 -0.0103002 0.00100039 0.0103008 0.999947 0.130427 0.193529 0.0459216
FixedParameters: 0 0 0

#Transform 150
Transform: AffineTransform_float_3_3
Parameters: 1 0.000699632 -0.000820848 -0.000707927 0.999946 -0.0103724 0.000813663 0.0103736 0.999946 0.120449 0.167852 0.169381
FixedParameters: 0 0 0

#Transform 151
Transform: AffineTransform_float_3_3
Parameters: 1 0.000672679 -0.00086865 -0.000681378 0.999949 -0.0100275 0.000862488 0.0100275 0.99995 0.108358 0.224232 0.113456
FixedParameters: 0 0 0

#Transform 152
Transform: AffineTransform_float_3_3
Parameters: 0.999998 0.00181375 0.000761628 -0.00181693 0.999985 0.00505167 -0.000753085 -0.00505333 0.999987 0.104069 -0.338357 0.0726454
FixedParameters: 0 0 0

#Transform 153
Transform: AffineTransform_float_3_3
Parameters: 0.999988 0.00476856 0.000187218 -0.00477148 0.99973 0.0227129 -7.94745e-05 -0.0227141 0.999742 0.1357 -1.06964 -0.35887
FixedParameters: 0 0 0

#Transform 154
Transform: AffineTransform_float_3_3
Parameters: 0.999997 0.00264843 0.000657768 -0.00265358 0.999958 0.00868942 -0.000634429 -0.00869157 0.999962 0.116557 -0.446961 -0.277835
FixedParameters: 0 0 0

#Transform 155
Transform: AffineTransform_float_3_3
Parameters: 0.999995 0.00311711 0.000582202 -0.00312097 0.999971 0.00691045 -0.000560921 -0.00691255 0.999976 0.0906789 -0.32894 -0.317358
FixedParameters: 0 0 0

#Transform 156
Transform: AffineTransform_float_3_3
Parameters: 0.999995 0.00332542 0.000283671 -0.00332752 0.999963 0.00800638 -0.000256328 -0.00800662 0.999968 0.112042 -0.491963 -0.227232
FixedParameters: 0 0 0

#Transform 157
Transform: AffineTransform_float_3_3
Parameters: 0.999993 0.00355811 0.000222988 -0.00356021 0.999958 0.00845154 -0.000192789 -0.00845246 0.999965 0.0973387 -0.454819 -0.193709
FixedParameters: 0 0 0

#Transform 158
Transform: AffineTransform_float_3_3
Parameters: 0.999992 0.00396069 0.000241804 -0.00396288 0.999957 0.00830644 -0.000208948 -0.00830657 0.999966 0.11437 -0.451857 -0.181766
FixedParameters: 0 0 0

#Transform 159
Transform: AffineTransform_float_3_3
Parameters: 0.999993 0.00357231 -3.40228e-05 -0.00357217 0.999961 0.0080585 6.25357e-05 -0.00805849 0.999967 0.123664 -0.417775 -0.307739
FixedParameters: 0 0 0

#Transform 160
Transform: AffineTransform_float_3_3
Parameters: 0.999991 0.00412171 6.48945e-05 -0.0041219 0.999958 0.00817123 -3.15399e-05 -0.00817177 0.999966 0.121969 -0.489133 -0.27577
FixedParameters: 0 0 0

#Transform 161
Transform: AffineTransform_float_3_3
Parameters: 0.999991 0.00420803 -0.000193944 -0.00420615 0.99996 0.00788231 0.000227157 -0.00788069 0.999969 0.128534 -0.438514 -0.133194
FixedParameters: 0 0 0

#Transform 162
Transform: AffineTransform_float_3_3
Parameters: 0.999992 0.00413883 -6.77345e-05 -0.00413819 0.999965 0.00735477 9.8548e-05 -0.00735423 0.999973 0.107553 -0.414184 -0.15382
FixedParameters: 0 0 0

#Transform 163
Transform: AffineTransform_float_3_3
Parameters: 0.999993 0.00357379 -6.57472e-05 -0.00357351 0.999969 0.00700457 9.07448e-05 -0.00700444 0.999976 0.137208 -0.380228 -0.145227
FixedParameters: 0 0 0

#Transform 164
Transform: AffineTransform_float_3_3
Parameters: 0.999992 0.00400508 -0.000177618 -0.00400367 0.999974 0.00599214 0.000201535 -0.00599086 0.999982 0.1545 -0.348129 -0.151405
FixedParameters: 0 0 0

#Transform 165
Transform: AffineTransform_float_3_3
Parameters: 0.999992 0.00412903 -2.48637e-05 -0.00412855 0.999977 0.00549658 4.72303e-05 -0.00549643 0.999985 0.122356 -0.291942 -0.0334875
FixedParameters: 0 0 0

#Transform 166
Transform: AffineTransform_float_3_3
Parameters: 0.999992 0.0037952 -0.000728989 -0.00379081 0.99998 0.00507314 0.000748295 -0.00506986 0.999987 0.145768 -0.280043 -0.140353
FixedParameters: 0 0 0

#Transform 167
Transform: AffineTransform_float_3_3
Parameters: 0.999993 0.00357517 -9.86542e-05 -0.003575 0.999978 0.00562067 0.00011877 -0.00562033 0.999984 0.117434 -0.311668 -0.166743
FixedParameters: 0 0 0

#Transform 168
Transform: AffineTransform_float_3_3
Parameters: 0.999993 0.00358251 -0.000235483 -0.00358162 0.999976 0.00589421 0.000256587 -0.00589279 0.999982 0.114729 -0.330022 -0.162864
FixedParameters: 0 0 0

#Transform 169
Transform: AffineTransform_float_3_3
Parameters: 0.999994 0.00359504 -0.000471014 -0.00359229 0.999976 0.00593302 0.000491486 -0.00593099 0.999982 0.117575 -0.310082 -0.161502
FixedParameters: 0 0 0

#Transform 170
Transform: AffineTransform_float_3_3
Parameters: 0.999992 0.00381534 -0.000345669 -0.00381364 0.999979 0.00526969 0.000365747 -0.00526831 0.999986 0.141655 -0.305912 -0.175442
FixedParameters: 0 0 0

#Transform 171
Transform: AffineTransform_float_3_3
Parameters: 0.999991 0.00424576 -0.000397346 -0.0042442 0.999976 0.00547217 0.000420636 -0.00547083 0.999985 0.130324 -0.307424 -0.147749
FixedParameters: 0 0 0

#Transform 172
Transform: AffineTransform_float_3_3
Parameters: 0.999992 0.0041429 -0.000499367 -0.00414039 0.999977 0.0053575 0.000521573 -0.00535551 0.999986 0.117586 -0.278346 -0.105751
FixedParameters: 0 0 0

#Transform 173
Transform: AffineTransform_float_3_3
Parameters: 0.999994 0.00359732 -0.000527569 -0.00359518 0.999981 0.00492421 0.000544809 -0.00492178 0.999987 0.112892 -0.286579 -0.125742
FixedParameters: 0 0 0

#Transform 174
Transform: AffineTransform_float_3_3
Parameters: 0.999992 0.00395873 -8.22517e-06 -0.00395872 0.999982 0.00462945 2.68522e-05 -0.00462955 0.99999 0.102762 -0.265802 -0.111963
FixedParameters: 0 0 0

#Transform 175
Transform: AffineTransform_float_3_3
Parameters: 0.999993 0.00359158 -0.000410559 -0.00358999 0.999979 0.00552684 0.000430078 -0.00552516 0.999984 0.106828 -0.226539 -0.0856717
FixedParameters: 0 0 0

#Transform 176
Transform: AffineTransform_float_3_3
Parameters: 0.999994 0.00344604 -0.000118328 -0.00344565 0.999978 0.00566773 0.000137315 -0.00566728 0.999984 0.0958745 -0.193403 -0.089103
FixedParameters: 0 0 0

#Transform 177
Transform: AffineTransform_float_3_3
Parameters: 0.999996 0.00284067 0.000137876 -0.00284125 0.999985 0.00453881 -0.000125071 -0.00453918 0.999989 0.0905877 -0.15473 -0.0624112
FixedParameters: 0 0 0

#Transform 178
Transform: AffineTransform_float_3_3
Parameters: 0.999996 0.00303327 -6.23503e-05 -0.00303298 0.999985 0.00457044 7.60417e-05 -0.00456955 0.999989 0.123682 -0.170759 -0.0857471
FixedParameters: 0 0 0

#Transform 179
Transform: AffineTransform_float_3_3
Parameters: 0.999994 0.00352211 -0.000159652 -0.00352057 0.999982 0.00501788 0.000176966 -0.00501812 0.999988 0.125511 -0.195241 -0.0887045
FixedParameters: 0 0 0

#Transform 180
Transform: AffineTransform_float_3_3
Parameters: 0.999994 0.00327238 9.61125e-05 -0.00327247 0.999985 0.00423294 -8.23924e-05 -0.00423306 0.999991 0.0842135 -0.151047 -0.154256
FixedParameters: 0 0 0

#Transform 181
Transform: AffineTransform_float_3_3
Parameters: 0.999992 0.00414794 0.000243639 -0.0041493 0.999978 0.00504741 -0.000222735 -0.00504759 0.999988 0.08173 -0.209876 -0.166554
FixedParameters: 0 0 0

#Transform 182
Transform: AffineTransform_float_3_3
Parameters: 0.999991 0.00418223 -0.000412156 -0.00417991 0.999978 0.0051232 0.000433873 -0.0051218 0.999986 0.0832929 -0.206888 -0.10515
FixedParameters: 0 0 0

#Transform 183
Transform: AffineTransform_float_3_3
Parameters: 0.999994 0.00363112 -0.000277181 -0.00362982 0.999983 0.00445032 0.000293416 -0.00444968 0.99999 0.0814517 -0.137924 -0.123111
FixedParameters: 0 0 0

#Transform 184
Transform: AffineTransform_float_3_3
Parameters: 0.999994 0.0036312 -0.000276161 -0.0036297 0.999983 0.00473137 0.000293437 -0.00473063 0.999988 0.0926854 -0.164078 -0.104447
FixedParameters: 0 0 0

#Transform 185
Transform: AffineTransform_float_3_3
Parameters: 0.999993 0.00385764 4.95706e-05 -0.00385714 0.99998 0.00487517 -3.09397e-05 -0.00487483 0.999988 0.0795051 -0.175456 -0.0798359
FixedParameters: 0 0 0

#Transform 186
Transform: AffineTransform_float_3_3
Parameters: 0.999994 0.00363115 -0.000276811 -0.00362979 0.999983 0.00455237 0.000293786 -0.00455163 0.999989 0.0919746 -0.173975 -0.0742415
FixedParameters: 0 0 0

#Transform 187
Transform: AffineTransform_float_3_3
Parameters: 0.999995 0.00313554 -0.000305206 -0.00313474 0.999989 0.00366722 0.000317117 -0.00366679 0.999993 0.103067 -0.150274 -0.070463
FixedParameters: 0 0 0

#Transform 188
Transform: AffineTransform_float_3_3
Parameters: 0.999993 0.00355742 6.38163e-05 -0.00355819 0.999984 0.00426508 -4.84985e-05 -0.00426491 0.999991 0.100754 -0.173838 -0.0881529
FixedParameters: 0 0 0

#Transform 189
Transform: AffineTransform_float_3_3
Parameters: 0.999993 0.00368692 0.00034911 -0.00368913 0.999984 0.00433607 -0.000333102 -0.00433793 0.99999 0.0781053 -0.17296 0.0160512
FixedParameters: 0 0 0

#Transform 190
Transform: AffineTransform_float_3_3
Parameters: 0.999993 0.00369311 -0.000222273 -0.0036927 0.999986 0.00380818 0.00023632 -0.00380782 0.999992 0.111194 -0.142338 -0.0631301
FixedParameters: 0 0 0

#Transform 191
