# transform file /out/sourcedata/freesurfer/sub-v1s22x0050502_ses-1/mri/transforms/cc_up.lta
# created by oesteban on Mon Mar  9 17:34:30 2026

type      = 0 # LINEAR_VOX_TO_VOX
nxforms   = 1
mean      = 130.0000 98.0000 115.0000
sigma     = 10000.0000
1 4 4
9.987173080444336e-01 -3.279989212751389e-02 3.857161849737167e-02 -9.911428689956665e-01 
3.277545794844627e-02 9.994618892669678e-01 1.265826169401407e-03 4.669255828857422e+01 
-3.859238326549530e-02 0.000000000000000e+00 9.992550015449524e-01 2.804243278503418e+01 
0.000000000000000e+00 0.000000000000000e+00 0.000000000000000e+00 1.000000000000000e+00 
src volume info
valid = 1  # volume info valid
filename = /out/sourcedata/freesurfer/sub-v1s22x0050502_ses-1/mri/norm.mgz
volume = 256 256 256
voxelsize = 1.000000000000000e+00 1.000000000000000e+00 1.000000000000000e+00
xras   = -1.000000000000000e+00 0.000000000000000e+00 -1.862645149230957e-09
yras   = 0.000000000000000e+00 0.000000000000000e+00 -1.000000119209290e+00
zras   = 0.000000000000000e+00 1.000000000000000e+00 0.000000000000000e+00
cras   = -4.040237426757812e+00 4.993088531494141e+01 -1.505300140380859e+01
dst volume info
valid = 1  # volume info valid
filename = /out/sourcedata/freesurfer/sub-v1s22x0050502_ses-1/mri/norm.mgz
volume = 256 256 256
voxelsize = 1.000000000000000e+00 1.000000000000000e+00 1.000000000000000e+00
xras   = -1.000000000000000e+00 0.000000000000000e+00 -1.862645149230957e-09
yras   = 0.000000000000000e+00 0.000000000000000e+00 -1.000000119209290e+00
zras   = 0.000000000000000e+00 1.000000000000000e+00 0.000000000000000e+00
cras   = -4.040237426757812e+00 4.993088531494141e+01 -1.505300140380859e+01
