#Insight Transform File V1.0
#Transform 0
Transform: AffineTransform_float_3_3
Parameters: 0.999995 -0.00310225 -0.00131398 0.00309955 0.999994 -0.00186355 0.00131919 0.00185945 0.999997 -0.0744231 -0.229164 -0.409593
FixedParameters: 0 0 0

#Transform 1
Transform: AffineTransform_float_3_3
Parameters: 0.999997 -0.00244029 -0.000733493 0.00243879 0.999996 -0.0014281 0.000737355 0.0014269 0.999999 -0.0646954 -0.225697 -0.410851
FixedParameters: 0 0 0

#Transform 2
Transform: AffineTransform_float_3_3
Parameters: 0.999997 -0.00234736 -0.00048475 0.00234613 0.999996 -0.00174843 0.000488859 0.00174757 0.999998 -0.0706985 -0.180129 -0.439116
FixedParameters: 0 0 0

#Transform 3
Transform: AffineTransform_float_3_3
Parameters: 0.999999 -0.00169951 -0.000505888 0.00170022 0.999998 -0.000270005 0.000506675 0.000268995 1 -0.0621577 -0.213072 -0.3015
FixedParameters: 0 0 0

#Transform 4
Transform: AffineTransform_float_3_3
Parameters: 0.999998 -0.00159337 -0.000482771 0.0015928 0.999998 -0.00133891 0.000484923 0.00133808 0.999999 -0.0730039 -0.146117 -0.300343
FixedParameters: 0 0 0

#Transform 5
Transform: AffineTransform_float_3_3
Parameters: 0.999999 -0.00132542 -0.000536185 0.00132579 0.999999 -0.000459856 0.000536283 0.000459145 0.999999 -0.0571687 -0.206757 -0.251348
FixedParameters: 0 0 0

#Transform 6
Transform: AffineTransform_float_3_3
Parameters: 1 -0.000626456 -0.000172792 0.000625486 1 6.28919e-05 0.000172842 -6.31083e-05 1 -0.0633703 -0.0990859 -0.144128
FixedParameters: 0 0 0

#Transform 7
Transform: AffineTransform_float_3_3
Parameters: 0.999999 -0.000896152 -0.000138037 0.00089625 0.999999 0.000353876 0.000137403 -0.000354123 1 -0.0545836 -0.146938 -0.110494
FixedParameters: 0 0 0

#Transform 8
Transform: AffineTransform_float_3_3
Parameters: 1 -0.000535071 -0.000185072 0.000535395 0.999999 0.0008789 0.000184131 -0.000879098 0.999999 -0.0657287 -0.0555356 -0.0379992
FixedParameters: 0 0 0

#Transform 9
Transform: AffineTransform_float_3_3
Parameters: 0.999999 -0.000894146 -0.000138441 0.000894289 0.999999 0.000517876 0.000137514 -0.000518123 1 -0.0382916 -0.177882 -0.113956
FixedParameters: 0 0 0

#Transform 10
Transform: AffineTransform_float_3_3
Parameters: 1 -0.00101367 -0.000536065 0.00101413 0.999999 0.00123444 0.000534682 -0.00123456 0.999999 -0.0533146 -0.0638046 -0.110437
FixedParameters: 0 0 0

#Transform 11
Transform: AffineTransform_float_3_3
Parameters: 1 -0.000657095 1.05293e-05 0.000657089 0.999999 0.000290007 -1.09104e-05 -0.000289993 1 -0.0258237 -0.197025 -0.102545
FixedParameters: 0 0 0

#Transform 12
Transform: AffineTransform_float_3_3
Parameters: 0.999999 -0.00139345 -0.000484746 0.00139272 0.999999 -0.00062282 0.000485488 0.00062218 0.999999 -0.0667541 -0.0905209 0.0125934
FixedParameters: 0 0 0

#Transform 13
Transform: AffineTransform_float_3_3
Parameters: 0.999999 -0.00116869 -0.000933487 0.00117004 0.999998 0.00118689 0.00093183 -0.00118811 0.999999 -0.0372689 0.0261671 0.0239404
FixedParameters: 0 0 0

#Transform 14
Transform: AffineTransform_float_3_3
Parameters: 0.999999 -0.00135754 -0.00076977 0.00135817 0.999998 0.000964939 0.000768268 -0.000966061 0.999999 -0.0316961 -0.06503 -0.0173936
FixedParameters: 0 0 0

#Transform 15
Transform: AffineTransform_float_3_3
Parameters: 0.999999 -0.000650936 -0.000582446 0.000651818 0.999999 0.000757748 0.000581458 -0.000758251 1 -0.0308403 -0.0496007 -0.025365
FixedParameters: 0 0 0

#Transform 16
Transform: AffineTransform_float_3_3
Parameters: 1 -0.000893243 -0.000550692 0.000893448 0.999999 0.000185508 0.00055036 -0.000186492 1 -0.0340835 -0.0145224 -0.00816468
FixedParameters: 0 0 0

#Transform 17
Transform: AffineTransform_float_3_3
Parameters: 0.999999 -0.000804842 0.000193136 0.00080478 0.999999 0.000161155 -0.000193395 -0.000160844 1 -0.0219273 -0.106272 -0.0256611
FixedParameters: 0 0 0

#Transform 18
Transform: AffineTransform_float_3_3
Parameters: 1 -0.000374267 -0.000187322 0.000374229 1 -0.00010007 0.000187396 9.99299e-05 1 -0.0141303 0.00205522 -0.00620871
FixedParameters: 0 0 0

#Transform 19
Transform: AffineTransform_float_3_3
Parameters: 0.999999 -0.000771647 4.50172e-05 0.000771548 0.999999 -0.000333965 -4.54934e-05 0.000334035 1 -0.00284224 -0.0953526 -0.0273548
FixedParameters: 0 0 0

#Transform 20
Transform: AffineTransform_float_3_3
Parameters: 1 -0.000308193 -0.000277744 0.000308579 1 0.000461914 0.000278451 -0.000462086 1 -0.00853627 0.0394468 0.00248155
FixedParameters: 0 0 0

#Transform 21
Transform: AffineTransform_float_3_3
Parameters: 1 0.000182167 -0.000111396 -0.000182174 1 -3.09797e-05 0.000111385 3.10203e-05 1 -0.00333014 -0.0396335 0.00501559
FixedParameters: 0 0 0

#Transform 22
Transform: AffineTransform_float_3_3
Parameters: 1 0.000354491 -2.68661e-05 -0.000354489 1 4.10095e-05 2.68952e-05 -4.09905e-05 1 -0.0195195 -0.019505 0.0175245
FixedParameters: 0 0 0

#Transform 23
Transform: AffineTransform_float_3_3
Parameters: 1 0.000521916 0.000221572 -0.000521867 1 -0.000109116 -0.000221685 0.000108884 1 -0.0216907 -0.0117142 0.0264894
FixedParameters: 0 0 0

#Transform 24
Transform: AffineTransform_float_3_3
Parameters: 0.999999 0.000947572 0.000221341 -0.000947348 1 -0.000504338 -0.000222296 0.000503662 1 -0.0197593 -0.0590341 0.0375558
FixedParameters: 0 0 0

#Transform 25
Transform: AffineTransform_float_3_3
Parameters: 0.999999 0.000878753 0.000253397 -0.000879034 1 0.00055565 -0.00025242 -0.00055635 1 -0.021568 0.041651 0.0605096
FixedParameters: 0 0 0

#Transform 26
Transform: AffineTransform_float_3_3
Parameters: 1 0.000586346 0.00026216 -0.000586948 1 0.000903702 -0.000262091 -0.000903298 0.999999 -0.0287271 -0.0252297 0.0480682
FixedParameters: 0 0 0

#Transform 27
Transform: AffineTransform_float_3_3
Parameters: 0.999999 0.000853346 -0.000279794 -0.000853548 0.999999 0.00163611 0.000281724 -0.00163589 0.999998 -0.0225309 0.0725252 0.0795034
FixedParameters: 0 0 0

#Transform 28
Transform: AffineTransform_float_3_3
Parameters: 0.999999 0.00090327 0.000108425 -0.00090348 0.999999 0.000974774 -0.000106664 -0.000975224 0.999999 -0.0312601 -0.0289409 0.0430737
FixedParameters: 0 0 0

#Transform 29
Transform: AffineTransform_float_3_3
Parameters: 0.999999 0.000903321 0.000108 -0.00090343 1 0.000503758 -0.00010709 -0.000503241 1 -0.0296211 0.0259264 0.0277973
FixedParameters: 0 0 0

#Transform 30
Transform: AffineTransform_float_3_3
Parameters: 0.999999 0.000834824 0.000117333 -0.000835075 0.999999 0.0010799 -0.00011553 -0.0010801 1 -0.0483064 -0.00481585 0.0265476
FixedParameters: 0 0 0

#Transform 31
Transform: AffineTransform_float_3_3
Parameters: 1 0.000920576 0.000242136 -0.00092108 1 0.000776633 -0.000241697 -0.000776367 0.999999 -0.039724 0.0214468 0.0286416
FixedParameters: 0 0 0

#Transform 32
Transform: AffineTransform_float_3_3
Parameters: 1 0.000903323 0.000107993 -0.00090343 1 0.000495775 -0.000107097 -0.000496225 1 -0.0367722 -0.00347471 0.0384885
FixedParameters: 0 0 0

#Transform 33
Transform: AffineTransform_float_3_3
Parameters: 0.999999 0.000703726 -7.08415e-05 -0.000703777 0.999999 0.00054505 7.06169e-05 -0.00054495 1 -0.0387779 0.0260558 0.0799255
FixedParameters: 0 0 0

#Transform 34
Transform: AffineTransform_float_3_3
Parameters: 0.999999 0.000903375 0.000107542 -0.000903374 0.999999 -3.09715e-06 -0.000107548 2.90284e-06 1 -0.0378359 -0.0140293 0.0777082
FixedParameters: 0 0 0

#Transform 35
Transform: AffineTransform_float_3_3
Parameters: 1 0.00105602 8.85583e-05 -0.00105616 0.999999 0.000802779 -8.68622e-05 -0.00080322 0.999999 -0.0418637 0.0391291 0.0468434
FixedParameters: 0 0 0

#Transform 36
Transform: AffineTransform_float_3_3
Parameters: 0.999999 0.00123153 6.65034e-05 -0.00123183 0.999999 0.00129079 -6.43149e-05 -0.00129121 0.999999 -0.0445938 0.0240434 0.0391685
FixedParameters: 0 0 0

#Transform 37
Transform: AffineTransform_float_3_3
Parameters: 0.999999 0.00152614 2.70029e-05 -0.00152615 0.999999 0.000223815 -2.63207e-05 -0.000223185 1 -0.0410812 -0.0180795 0.0346507
FixedParameters: 0 0 0

#Transform 38
Transform: AffineTransform_float_3_3
Parameters: 0.999998 0.00163819 1.39976e-05 -0.00163835 0.999998 0.00115383 -1.12098e-05 -0.00115316 1 -0.0527433 0.0408459 0.0593062
FixedParameters: 0 0 0

#Transform 39
Transform: AffineTransform_float_3_3
Parameters: 0.999999 0.0012727 0.000324565 -0.00127291 0.999998 0.00145744 -0.000322967 -0.00145756 0.999999 -0.0594895 -0.0278727 0.0501336
FixedParameters: 0 0 0

#Transform 40
Transform: AffineTransform_float_3_3
Parameters: 0.999999 0.00168567 0.000379874 -0.00168618 0.999999 0.000503088 -0.000379168 -0.000503912 1 -0.0597666 0.0694668 0.0816467
FixedParameters: 0 0 0

#Transform 41
Transform: AffineTransform_float_3_3
Parameters: 0.999999 0.00155846 9.20052e-05 -0.00155796 0.999998 0.00127871 -9.0133e-05 -0.00127829 0.999999 -0.0595422 0.000798388 0.0778888
FixedParameters: 0 0 0

#Transform 42
Transform: AffineTransform_float_3_3
Parameters: 0.999998 0.00167411 0.000290695 -0.00167455 0.999999 0.000549242 -0.000289847 -0.000549758 1 -0.074114 0.0643629 0.0984775
FixedParameters: 0 0 0

#Transform 43
Transform: AffineTransform_float_3_3
Parameters: 0.999997 0.00212222 0.000511959 -0.00212187 0.999997 0.000503626 -0.00051094 -0.000504374 0.999999 -0.0611739 -0.0168395 0.103734
FixedParameters: 0 0 0

#Transform 44
Transform: AffineTransform_float_3_3
Parameters: 0.999997 0.00212154 0.000514762 -0.00212182 0.999996 0.00182462 -0.000510251 -0.00182538 0.999998 -0.0630727 0.0767664 0.0950892
FixedParameters: 0 0 0

#Transform 45
Transform: AffineTransform_float_3_3
Parameters: 0.999998 0.00191749 0.000309966 -0.00191807 0.999998 0.000724134 -0.000308179 -0.000724864 0.999999 -0.0739874 -0.00481218 0.0908645
FixedParameters: 0 0 0

#Transform 46
Transform: AffineTransform_float_3_3
Parameters: 0.999998 0.00186151 0.000429764 -0.00186196 0.999998 0.000523912 -0.000427813 -0.000524086 0.999999 -0.0711294 0.0661264 0.0851664
FixedParameters: 0 0 0

#Transform 47
Transform: AffineTransform_float_3_3
Parameters: 0.999998 0.00153416 0.000587923 -0.00153368 0.999999 0.000428954 -0.000586735 -0.000430045 0.999999 -0.0634211 0.00480201 0.108502
FixedParameters: 0 0 0

#Transform 48
Transform: AffineTransform_float_3_3
Parameters: 0.999999 0.00123399 0.000218057 -0.00123356 0.999999 0.000981587 -0.000216755 -0.000981412 0.999999 -0.0646426 0.0205077 0.0867665
FixedParameters: 0 0 0

#Transform 49
Transform: AffineTransform_float_3_3
Parameters: 0.999999 0.00133598 0.000532725 -0.00133726 0.999998 0.00107927 -0.000530831 -0.00107973 0.999999 -0.0495312 -0.0223369 0.060834
FixedParameters: 0 0 0

#Transform 50
Transform: AffineTransform_float_3_3
Parameters: 0.999999 0.00149923 0.00031826 -0.00149868 0.999998 0.000486396 -0.000317921 -0.000487605 1 -0.0619453 0.0332925 0.0692752
FixedParameters: 0 0 0

#Transform 51
Transform: AffineTransform_float_3_3
Parameters: 1 0.00105744 0.000157392 -0.00105752 0.999997 0.00221071 -0.00015582 -0.00221129 0.999997 -0.0665222 -0.0147609 -0.0127176
FixedParameters: 0 0 0

#Transform 52
Transform: AffineTransform_float_3_3
Parameters: 0.999998 0.00153248 0.0005923 -0.00153389 0.999993 0.00328308 -0.000586585 -0.00328392 0.999995 -0.0634025 0.0696232 -0.0428684
FixedParameters: 0 0 0

#Transform 53
Transform: AffineTransform_float_3_3
Parameters: 0.999998 0.00157394 0.000587573 -0.00157685 0.999993 0.00362992 -0.000581352 -0.00363008 0.999993 -0.0518843 0.0274257 -0.0892645
FixedParameters: 0 0 0

#Transform 54
Transform: AffineTransform_float_3_3
Parameters: 0.999999 0.00150172 0.000149167 -0.00150224 0.999994 0.00295063 -0.000145391 -0.00295036 0.999995 -0.05709 0.0643544 -0.0474453
FixedParameters: 0 0 0

#Transform 55
Transform: AffineTransform_float_3_3
Parameters: 0.999999 0.00149539 0.000177609 -0.00149681 0.999995 0.00255359 -0.000173935 -0.00255341 0.999996 -0.0651063 0.0191784 -0.0227065
FixedParameters: 0 0 0

#Transform 56
Transform: AffineTransform_float_3_3
Parameters: 0.999998 0.00161491 4.76327e-05 -0.00161567 0.999995 0.0026508 -4.30351e-05 -0.0026512 0.999997 -0.0583086 0.0925684 -0.0328125
FixedParameters: 0 0 0

#Transform 57
Transform: AffineTransform_float_3_3
Parameters: 0.999999 0.00145302 0.000370491 -0.00145408 0.999993 0.00326145 -0.000366225 -0.00326155 0.999995 -0.0467625 0.00632744 -0.123061
FixedParameters: 0 0 0

#Transform 58
Transform: AffineTransform_float_3_3
Parameters: 0.999999 0.00160521 0.00071963 -0.00160567 0.999999 0.000919686 -0.000717797 -0.000920315 0.999999 -0.0369076 0.0136108 -0.113594
FixedParameters: 0 0 0

#Transform 59
Transform: AffineTransform_float_3_3
Parameters: 0.999998 0.00156702 0.000412587 -0.00156564 0.999998 -0.00134979 -0.000414831 0.00134921 0.999999 -0.00573414 -0.0700633 -0.229058
FixedParameters: 0 0 0

#Transform 60
Transform: AffineTransform_float_3_3
Parameters: 0.999998 0.00159217 8.10493e-05 -0.00159263 0.999998 -0.0016334 -8.41395e-05 0.0016336 0.999998 -0.0125282 -0.0217435 -0.313463
FixedParameters: 0 0 0

#Transform 61
Transform: AffineTransform_float_3_3
Parameters: 1 0.00121276 8.78853e-05 -0.00121226 0.999999 -0.00138424 -8.92582e-05 0.00138377 0.999999 -0.0322222 -0.0379707 -0.426994
FixedParameters: 0 0 0

#Transform 62
Transform: AffineTransform_float_3_3
Parameters: 0.999999 0.00142961 -9.59424e-05 -0.00142962 0.999998 -0.000709991 9.4904e-05 0.000710008 1 -0.0281207 -0.0327317 -0.506834
FixedParameters: 0 0 0

#Transform 63
Transform: AffineTransform_float_3_3
Parameters: 0.999998 0.00116174 -0.00196682 -0.00115546 0.999994 0.00298844 0.00197042 -0.00298556 0.999993 -0.0818876 -0.0346828 -0.722162
FixedParameters: 0 0 0

#Transform 64
Transform: AffineTransform_float_3_3
Parameters: 0.999993 0.00148141 -0.00364732 -0.00147432 0.999997 0.001996 0.00365015 -0.00199 0.999991 -0.0938604 0.00534816 -0.707495
FixedParameters: 0 0 0

#Transform 65
Transform: AffineTransform_float_3_3
Parameters: 0.999992 0.00156749 -0.00366121 -0.00156537 0.999999 0.000581346 0.00366228 -0.000574653 0.999993 -0.0635587 -0.0864441 -0.740379
FixedParameters: 0 0 0

#Transform 66
Transform: AffineTransform_float_3_3
Parameters: 0.999992 0.00182639 -0.00339965 -0.00182198 0.999997 0.0012917 0.00340189 -0.0012853 0.999994 -0.0805092 -0.0118186 -0.75896
FixedParameters: 0 0 0

#Transform 67
Transform: AffineTransform_float_3_3
Parameters: 0.999997 0.00130424 -0.00217091 -0.00129989 0.999997 0.00200501 0.00217367 -0.00200199 0.999996 -0.0567559 -0.0939542 -0.799281
FixedParameters: 0 0 0

#Transform 68
Transform: AffineTransform_float_3_3
Parameters: 0.999996 0.00179219 -0.00224769 -0.00178835 0.999997 0.00138309 0.00224992 -0.00137891 0.999997 -0.0884377 -0.021865 -0.84649
FixedParameters: 0 0 0

#Transform 69
Transform: AffineTransform_float_3_3
Parameters: 0.999996 0.00199647 -0.00225968 -0.00199329 0.999997 0.00144847 0.00226286 -0.00144453 0.999996 -0.0894053 -0.098353 -0.841144
FixedParameters: 0 0 0

#Transform 70
Transform: AffineTransform_float_3_3
Parameters: 0.999995 0.00197542 -0.00242247 -0.00197209 0.999998 0.00138374 0.00242533 -0.00137926 0.999996 -0.106446 -0.0128392 -0.796942
FixedParameters: 0 0 0

#Transform 71
Transform: AffineTransform_float_3_3
Parameters: 0.999995 0.00203506 -0.00240227 -0.0020306 0.999996 0.00165597 0.00240541 -0.00165103 0.999996 -0.115331 -0.085672 -0.816239
FixedParameters: 0 0 0

#Transform 72
Transform: AffineTransform_float_3_3
Parameters: 0.999994 0.00193959 -0.00266075 -0.00194165 0.999998 -0.000781738 0.00265844 0.00078626 0.999996 -0.105072 -0.0676649 -0.909748
FixedParameters: 0 0 0

#Transform 73
Transform: AffineTransform_float_3_3
Parameters: 0.999995 0.00188138 -0.00277659 -0.00188625 0.999996 -0.00186156 0.00277289 0.00186744 0.999994 -0.104935 -0.104729 -0.903888
FixedParameters: 0 0 0

#Transform 74
Transform: AffineTransform_float_3_3
Parameters: 0.999994 0.00117607 -0.00311361 -0.0011861 0.999994 -0.00330586 0.00310946 0.00330914 0.99999 -0.103506 -0.0744618 -0.996333
FixedParameters: 0 0 0

#Transform 75
Transform: AffineTransform_float_3_3
Parameters: 0.999994 0.0018526 -0.00292388 -0.0018685 0.999984 -0.00536234 0.00291401 0.00536766 0.999981 -0.0774948 -0.103527 -0.846331
FixedParameters: 0 0 0

#Transform 76
Transform: AffineTransform_float_3_3
Parameters: 0.999994 0.00186678 -0.00289443 -0.00188226 0.999984 -0.00532436 0.00288356 0.00532965 0.999982 -0.0876537 -0.0260294 -0.835915
FixedParameters: 0 0 0

#Transform 77
Transform: AffineTransform_float_3_3
Parameters: 0.99999 0.00212363 -0.00411737 -0.00213834 0.999991 -0.00361256 0.00410907 0.00362144 0.999985 -0.11704 -0.0858268 -0.882248
FixedParameters: 0 0 0

#Transform 78
Transform: AffineTransform_float_3_3
Parameters: 0.999989 0.00204195 -0.00419625 -0.00205938 0.99999 -0.0040016 0.00418781 0.0040104 0.999984 -0.117074 -0.025574 -1.00158
FixedParameters: 0 0 0

#Transform 79
Transform: AffineTransform_float_3_3
Parameters: 0.999994 0.00187702 -0.0029064 -0.00189847 0.999971 -0.00732129 0.00289316 0.0073267 0.999969 -0.0874286 -0.117644 -0.91538
FixedParameters: 0 0 0

#Transform 80
Transform: AffineTransform_float_3_3
Parameters: 0.999992 0.00140277 -0.0037291 -0.00144548 0.999935 -0.0112971 0.00371272 0.0113019 0.999929 -0.0943266 -0.120795 -1.00302
FixedParameters: 0 0 0

#Transform 81
Transform: AffineTransform_float_3_3
Parameters: 0.999993 0.00168239 -0.0031995 -0.0017182 0.999937 -0.0110472 0.00318061 0.0110528 0.999933 -0.0976056 -0.137772 -0.987803
FixedParameters: 0 0 0

#Transform 82
Transform: AffineTransform_float_3_3
Parameters: 0.999993 0.00200706 -0.00311284 -0.00204061 0.999942 -0.0105585 0.00309115 0.0105645 0.99994 -0.101937 -0.10947 -1.05722
FixedParameters: 0 0 0

#Transform 83
Transform: AffineTransform_float_3_3
Parameters: 0.999994 0.0021092 -0.00274637 -0.00213759 0.999942 -0.0105101 0.00272416 0.0105159 0.999941 -0.115161 -0.120122 -0.95225
FixedParameters: 0 0 0

#Transform 84
Transform: AffineTransform_float_3_3
Parameters: 0.999994 0.00209542 -0.00299112 -0.00213266 0.999923 -0.0122256 0.00296504 0.0122314 0.99992 -0.118788 -0.112797 -1.09175
FixedParameters: 0 0 0

#Transform 85
Transform: AffineTransform_float_3_3
Parameters: 0.999999 0.00148965 -0.00104284 -0.00150199 0.99992 -0.0125506 0.0010247 0.0125524 0.999921 -0.119032 -0.138967 -0.872813
FixedParameters: 0 0 0

#Transform 86
Transform: AffineTransform_float_3_3
Parameters: 0.999996 0.00202929 -0.00168541 -0.00205345 0.999889 -0.0147347 0.00165526 0.0147383 0.99989 -0.122237 -0.13078 -1.1384
FixedParameters: 0 0 0

#Transform 87
Transform: AffineTransform_float_3_3
Parameters: 0.999999 0.00125461 -0.000627642 -0.00126835 0.999747 -0.0224222 0.000599526 0.0224228 0.999749 -0.100299 -0.230038 -0.683819
FixedParameters: 0 0 0

#Transform 88
Transform: AffineTransform_float_3_3
Parameters: 0.999996 0.00161107 0.00240537 -0.00150802 0.999103 -0.0423095 -0.00247153 0.0423055 0.999102 -0.0426278 -0.431272 -0.462119
FixedParameters: 0 0 0

#Transform 89
Transform: AffineTransform_float_3_3
Parameters: 0.999996 0.00163429 0.00254922 -0.00152714 0.999128 -0.0417137 -0.00261464 0.0417092 0.999126 -0.0450641 -0.514038 -0.628343
FixedParameters: 0 0 0

#Transform 90
Transform: AffineTransform_float_3_3
Parameters: 0.999995 0.00263966 0.0012383 -0.00259065 0.999278 -0.0378996 -0.0013375 0.0378964 0.999281 -0.0521188 -0.379067 -0.535025
FixedParameters: 0 0 0

#Transform 91
Transform: AffineTransform_float_3_3
Parameters: 0.999997 0.00241417 -8.60017e-05 -0.00241557 0.999518 -0.0309583 1.0858e-05 0.0309587 0.99952 -0.0647226 -0.194445 -0.599819
FixedParameters: 0 0 0

#Transform 92
Transform: AffineTransform_float_3_3
Parameters: 0.999993 0.00358536 0.00021432 -0.00357898 0.999684 -0.0249148 -0.000303259 0.0249143 0.99969 -0.0968307 -0.267026 -0.656807
FixedParameters: 0 0 0

#Transform 93
Transform: AffineTransform_float_3_3
Parameters: 0.999993 0.0037078 -0.000267661 -0.00371389 0.999686 -0.0247741 0.000175899 0.0247749 0.999693 -0.0855018 -0.111484 -0.6904
FixedParameters: 0 0 0

#Transform 94
Transform: AffineTransform_float_3_3
Parameters: 0.999993 0.00355315 -0.000324636 -0.00355941 0.999799 -0.0197248 0.000255247 0.0197263 0.999806 -0.115299 -0.223664 -0.833732
FixedParameters: 0 0 0

#Transform 95
Transform: AffineTransform_float_3_3
Parameters: 0.999993 0.00360714 -0.000727707 -0.00361938 0.999817 -0.0188004 0.000659603 0.0188036 0.999823 -0.117803 -0.0877475 -0.933291
FixedParameters: 0 0 0

#Transform 96
Transform: AffineTransform_float_3_3
Parameters: 0.999993 0.00389306 -0.000334927 -0.00389876 0.999824 -0.0183809 0.000263609 0.0183812 0.999831 -0.116936 -0.141689 -0.930644
FixedParameters: 0 0 0

#Transform 97
Transform: AffineTransform_float_3_3
Parameters: 0.999994 0.00366437 -7.9273e-05 -0.00366508 0.999854 -0.0166606 1.85454e-05 0.0166604 0.999861 -0.130562 -0.082245 -1.04123
FixedParameters: 0 0 0

#Transform 98
Transform: AffineTransform_float_3_3
Parameters: 0.999993 0.00379547 -0.000253554 -0.00379974 0.999853 -0.0167611 0.000189356 0.0167619 0.99986 -0.120292 -0.152891 -1.06484
FixedParameters: 0 0 0

#Transform 99
Transform: AffineTransform_float_3_3
Parameters: 0.999995 0.00327768 -0.000705311 -0.00329064 0.999804 -0.0195224 0.000640877 0.0195246 0.99981 -0.119593 -0.158258 -1.10557
FixedParameters: 0 0 0

#Transform 100
Transform: AffineTransform_float_3_3
Parameters: 0.999995 0.00329628 -0.000580805 -0.00330663 0.999792 -0.020154 0.000514757 0.020156 0.999797 -0.121797 -0.152445 -1.03976
FixedParameters: 0 0 0

#Transform 101
Transform: AffineTransform_float_3_3
Parameters: 0.999996 0.00260429 -0.000427807 -0.00261318 0.999764 -0.0215343 0.000371832 0.0215357 0.999768 -0.107862 -0.191642 -0.930948
FixedParameters: 0 0 0

#Transform 102
Transform: AffineTransform_float_3_3
Parameters: 0.999996 0.00307249 -0.000148363 -0.00307489 0.999768 -0.0213503 8.33213e-05 0.0213507 0.999772 -0.131935 -0.149013 -0.957816
FixedParameters: 0 0 0

#Transform 103
Transform: AffineTransform_float_3_3
Parameters: 0.999996 0.00304358 0.000149874 -0.00303944 0.999742 -0.0225121 -0.000217724 0.0225119 0.999747 -0.101488 -0.20639 -0.953795
FixedParameters: 0 0 0

#Transform 104
Transform: AffineTransform_float_3_3
Parameters: 0.999993 0.00322008 0.00187503 -0.00313314 0.998993 -0.0447686 -0.00201713 0.0447624 0.998995 -0.0422268 -0.416693 -0.508303
FixedParameters: 0 0 0

#Transform 105
Transform: AffineTransform_float_3_3
Parameters: 0.999993 0.00312402 0.00210968 -0.00303231 0.999113 -0.042013 -0.00223861 0.0420061 0.999115 -0.0695042 -0.468495 -0.418119
FixedParameters: 0 0 0

#Transform 106
Transform: AffineTransform_float_3_3
Parameters: 0.999993 0.00389685 0.000228756 -0.00388736 0.999455 -0.0327631 -0.000356549 0.0327619 0.999463 -0.110374 -0.194228 -0.703536
FixedParameters: 0 0 0

#Transform 107
Transform: AffineTransform_float_3_3
Parameters: 0.999992 0.00407536 -0.000805494 -0.00409626 0.999634 -0.0267281 0.000696462 0.0267309 0.999642 -0.13161 -0.228245 -0.861528
FixedParameters: 0 0 0

#Transform 108
Transform: AffineTransform_float_3_3
Parameters: 0.99999 0.00408374 -0.00175713 -0.00413061 0.99961 -0.0276069 0.00164417 0.027614 0.999617 -0.134699 -0.0952452 -0.775814
FixedParameters: 0 0 0

#Transform 109
Transform: AffineTransform_float_3_3
Parameters: 0.999989 0.00453311 -0.00125087 -0.00456478 0.99965 -0.026066 0.00113172 0.0260721 0.999659 -0.153989 -0.234805 -0.698423
FixedParameters: 0 0 0

#Transform 110
Transform: AffineTransform_float_3_3
Parameters: 0.999988 0.00496582 -0.000717313 -0.00498218 0.999642 -0.0262573 0.000585821 0.0262607 0.999655 -0.121007 -0.130666 -0.677905
FixedParameters: 0 0 0

#Transform 111
Transform: AffineTransform_float_3_3
Parameters: 0.999986 0.00507016 -0.00113449 -0.00509622 0.999692 -0.0243283 0.00101076 0.0243337 0.999703 -0.126361 -0.162759 -0.62749
FixedParameters: 0 0 0

#Transform 112
Transform: AffineTransform_float_3_3
Parameters: 0.999986 0.00510734 -0.00134121 -0.00513804 0.999706 -0.0236801 0.00122068 0.023687 0.999719 -0.137218 -0.0858774 -0.695802
FixedParameters: 0 0 0

#Transform 113
Transform: AffineTransform_float_3_3
Parameters: 0.999985 0.00534921 -0.00130372 -0.00537817 0.999722 -0.0229752 0.0011806 0.0229818 0.999735 -0.121089 -0.124506 -0.771207
FixedParameters: 0 0 0

#Transform 114
Transform: AffineTransform_float_3_3
Parameters: 0.999984 0.00535666 -0.00154103 -0.0053905 0.999732 -0.0225109 0.00141981 0.0225181 0.999746 -0.121171 -0.0915182 -0.820684
FixedParameters: 0 0 0

#Transform 115
Transform: AffineTransform_float_3_3
Parameters: 0.999984 0.00549567 -0.00130831 -0.00552275 0.999743 -0.021969 0.0011866 0.021977 0.999758 -0.138367 -0.0791629 -0.812007
FixedParameters: 0 0 0

#Transform 116
Transform: AffineTransform_float_3_3
Parameters: 0.999984 0.00530509 -0.00163157 -0.00533921 0.999752 -0.0216525 0.00151559 0.0216606 0.999764 -0.119319 -0.152098 -0.902629
FixedParameters: 0 0 0

#Transform 117
Transform: AffineTransform_float_3_3
Parameters: 0.999985 0.00529315 -0.00128294 -0.0053208 0.999743 -0.0220454 0.00116647 0.0220516 0.999756 -0.121632 -0.100157 -0.919831
FixedParameters: 0 0 0

#Transform 118
Transform: AffineTransform_float_3_3
Parameters: 0.999984 0.00546268 -0.00152221 -0.00549542 0.99973 -0.022577 0.00139848 0.022585 0.999744 -0.125207 -0.175443 -0.905
FixedParameters: 0 0 0

#Transform 119
Transform: AffineTransform_float_3_3
Parameters: 0.999983 0.00556024 -0.00165501 -0.00559706 0.999716 -0.0231912 0.00152549 0.0231998 0.999729 -0.140694 -0.105772 -0.922434
FixedParameters: 0 0 0

#Transform 120
Transform: AffineTransform_float_3_3
Parameters: 0.99998 0.00592647 -0.0019208 -0.00597107 0.999698 -0.0238623 0.00177935 0.0238727 0.999713 -0.110462 -0.183492 -0.9472
FixedParameters: 0 0 0

#Transform 121
Transform: AffineTransform_float_3_3
Parameters: 0.999983 0.00539956 -0.00192283 -0.00544446 0.999691 -0.0242749 0.00179076 0.0242851 0.999703 -0.117081 -0.0968508 -0.940874
FixedParameters: 0 0 0

#Transform 122
Transform: AffineTransform_float_3_3
Parameters: 0.999983 0.00540226 -0.00191522 -0.00544476 0.999723 -0.0228658 0.00179069 0.0228762 0.999736 -0.117427 -0.150543 -0.90837
FixedParameters: 0 0 0

#Transform 123
Transform: AffineTransform_float_3_3
Parameters: 0.999983 0.00540277 -0.00191377 -0.00544439 0.999729 -0.0225977 0.00179116 0.0226072 0.999743 -0.142154 -0.0639499 -0.897906
FixedParameters: 0 0 0

#Transform 124
Transform: AffineTransform_float_3_3
Parameters: 0.999982 0.00579743 -0.00197034 -0.00583945 0.999742 -0.0219761 0.00184219 0.0219869 0.999756 -0.143743 -0.0733924 -0.923114
FixedParameters: 0 0 0

#Transform 125
Transform: AffineTransform_float_3_3
Parameters: 0.999986 0.00508061 -0.00180216 -0.00511687 0.999767 -0.0209688 0.00169537 0.0209782 0.999778 -0.166199 -0.0838061 -1.02692
FixedParameters: 0 0 0

#Transform 126
Transform: AffineTransform_float_3_3
Parameters: 0.99999 0.00438003 -0.00099435 -0.00440171 0.999736 -0.0225471 0.000895433 0.0225509 0.999745 -0.149891 -0.0898918 -1.02755
FixedParameters: 0 0 0

#Transform 127
Transform: AffineTransform_float_3_3
Parameters: 0.999986 0.00514828 -0.00161356 -0.00518413 0.999732 -0.0225435 0.00149711 0.0225515 0.999745 -0.167064 -0.109897 -0.914733
FixedParameters: 0 0 0

#Transform 128
Transform: AffineTransform_float_3_3
Parameters: 0.999981 0.00580071 -0.00211233 -0.00584686 0.999735 -0.0222852 0.00198293 0.0222968 0.999749 -0.169425 -0.0562059 -0.830091
FixedParameters: 0 0 0

#Transform 129
Transform: AffineTransform_float_3_3
Parameters: 0.99998 0.00570454 -0.00273341 -0.00576699 0.999718 -0.0230235 0.00260048 0.0230394 0.999731 -0.173084 -0.13425 -0.897491
FixedParameters: 0 0 0

#Transform 130
Transform: AffineTransform_float_3_3
Parameters: 0.999979 0.00626751 -0.00204033 -0.0063103 0.999744 -0.021731 0.00190349 0.021744 0.999762 -0.154759 -0.0454222 -0.873011
FixedParameters: 0 0 0

#Transform 131
Transform: AffineTransform_float_3_3
Parameters: 0.99998 0.00600283 -0.00200545 -0.00604654 0.999727 -0.0225827 0.00186872 0.0225944 0.999743 -0.152845 -0.0973974 -0.867775
FixedParameters: 0 0 0

#Transform 132
Transform: AffineTransform_float_3_3
Parameters: 0.999984 0.00501369 -0.00234881 -0.00503498 0.999944 -0.00936684 0.00230215 0.00937916 0.999953 -0.07676 0.114467 -0.418223
FixedParameters: 0 0 0

#Transform 133
Transform: AffineTransform_float_3_3
Parameters: 0.999999 -0.000173087 -0.000765285 0.000164082 0.999932 -0.011617 0.000767051 0.011617 0.999932 0.0272357 -0.234721 0.342121
FixedParameters: 0 0 0

#Transform 134
Transform: AffineTransform_float_3_3
Parameters: 0.999983 0.000548618 -0.00567923 -0.000648815 0.999845 -0.0175646 0.0056685 0.0175674 0.99983 -0.149115 -0.105813 0.664481
FixedParameters: 0 0 0

#Transform 135
Transform: AffineTransform_float_3_3
Parameters: 0.99998 -0.00625205 -0.000930426 0.00619664 0.998651 -0.051545 0.00125145 0.051538 0.99867 -0.0143508 -0.625043 0.921722
FixedParameters: 0 0 0

#Transform 136
Transform: AffineTransform_float_3_3
Parameters: 0.999972 -0.00540821 -0.00521175 0.00521114 0.999297 -0.0371298 0.00540899 0.0371013 0.999297 -0.0566219 -0.793004 0.691468
FixedParameters: 0 0 0

#Transform 137
Transform: AffineTransform_float_3_3
Parameters: 0.999992 -0.00333759 -0.00189342 0.00326823 0.999363 -0.0355348 0.00201029 0.0355282 0.999366 0.0170362 -0.308377 1.59916
FixedParameters: 0 0 0

#Transform 138
Transform: AffineTransform_float_3_3
Parameters: 0.99999 -0.00224584 -0.00391234 0.00212029 0.999486 -0.0319927 0.0039821 0.0319843 0.999481 0.0185755 -0.220721 1.47098
FixedParameters: 0 0 0

#Transform 139
Transform: AffineTransform_float_3_3
Parameters: 0.999992 -0.000790894 -0.00394672 0.000676626 0.999583 -0.0288558 0.00396719 0.0288532 0.999576 0.0384841 -0.110786 1.3336
FixedParameters: 0 0 0

#Transform 140
Transform: AffineTransform_float_3_3
Parameters: 0.999992 -0.000310025 -0.0040017 0.000198897 0.999615 -0.027723 0.00400846 0.027722 0.999607 0.0452746 -0.137013 1.29112
FixedParameters: 0 0 0

#Transform 141
Transform: AffineTransform_float_3_3
Parameters: 0.999993 0.000627526 -0.0035306 -0.000725763 0.999611 -0.0278889 0.00351135 0.0278911 0.999605 0.0247014 -0.187586 1.11208
FixedParameters: 0 0 0

#Transform 142
Transform: AffineTransform_float_3_3
Parameters: 0.999993 0.00174477 -0.00328999 -0.00183819 0.999589 -0.0286048 0.00323886 0.0286112 0.999585 0.0183453 -0.170169 1.04332
FixedParameters: 0 0 0

#Transform 143
Transform: AffineTransform_float_3_3
Parameters: 0.999992 0.00211808 -0.00340306 -0.00221102 0.99962 -0.0274684 0.0033437 0.0274756 0.999617 0.0083472 -0.165115 0.968074
FixedParameters: 0 0 0

#Transform 144
Transform: AffineTransform_float_3_3
Parameters: 0.999987 0.00457919 -0.00229104 -0.00464336 0.999585 -0.0284259 0.00215983 0.0284361 0.999594 -0.0172198 -0.0503696 1.04757
FixedParameters: 0 0 0

#Transform 145
Transform: AffineTransform_float_3_3
Parameters: 0.999988 0.00482692 -0.000731988 -0.00484549 0.999599 -0.0278953 0.000596842 0.0278987 0.99961 -0.0320207 -0.0403252 1.36457
FixedParameters: 0 0 0

#Transform 146
Transform: AffineTransform_float_3_3
Parameters: 0.999987 0.00486613 -0.000959113 -0.00488977 0.999636 -0.0265222 0.000829302 0.0265268 0.999648 -0.00495753 -0.149954 1.2623
FixedParameters: 0 0 0

#Transform 147
Transform: AffineTransform_float_3_3
Parameters: 0.999986 0.00539742 -0.000469304 -0.00540801 0.999639 -0.0262897 0.000327015 0.0262923 0.999654 -0.0336124 -0.0443907 1.0294
FixedParameters: 0 0 0

#Transform 148
Transform: AffineTransform_float_3_3
Parameters: 0.999985 0.00542636 -0.000315322 -0.00543289 0.999652 -0.0258086 0.000175386 0.0258094 0.999667 -0.0479668 -0.00930394 0.993477
FixedParameters: 0 0 0

#Transform 149
Transform: AffineTransform_float_3_3
Parameters: 0.999983 0.00594253 -0.000129279 -0.0059442 0.999673 -0.0248789 -1.84049e-05 0.0248791 0.999691 -0.0460972 -0.0268851 0.912431
FixedParameters: 0 0 0

#Transform 150
Transform: AffineTransform_float_3_3
Parameters: 0.999979 0.00649682 3.51354e-05 -0.00649319 0.999606 -0.0272935 -0.000211859 0.0272925 0.999627 -0.0303809 -0.0633999 0.84951
FixedParameters: 0 0 0

#Transform 151
Transform: AffineTransform_float_3_3
Parameters: 0.999977 0.00687323 -0.000361284 -0.00688138 0.999542 -0.0294722 0.000158566 0.0294738 0.999566 -0.0234335 -0.0929892 0.765064
FixedParameters: 0 0 0

#Transform 152
Transform: AffineTransform_float_3_3
Parameters: 0.999973 0.00726833 -0.00044063 -0.0072781 0.999467 -0.031808 0.000209315 0.0318109 0.999494 -0.0181304 -0.142282 0.640087
FixedParameters: 0 0 0

#Transform 153
Transform: AffineTransform_float_3_3
Parameters: 0.999977 0.00688933 0.000141072 -0.00688137 0.999453 -0.0323357 -0.000363536 0.0323343 0.999477 -0.0482616 -0.064421 0.673411
FixedParameters: 0 0 0

#Transform 154
Transform: AffineTransform_float_3_3
Parameters: 0.999976 0.00683695 0.000108495 -0.00683084 0.999543 -0.0294515 -0.000310639 0.0294495 0.999566 -0.0690455 -0.0974196 0.653758
FixedParameters: 0 0 0

#Transform 155
Transform: AffineTransform_float_3_3
Parameters: 0.999973 0.00743184 0.000368247 -0.00741669 0.999511 -0.0303519 -0.000593327 0.0303491 0.999539 -0.0414397 -0.214586 0.51321
FixedParameters: 0 0 0

#Transform 156
Transform: AffineTransform_float_3_3
Parameters: 0.999968 0.00791755 -0.000381843 -0.00792621 0.999374 -0.0344631 0.000108845 0.0344649 0.999406 -0.0682188 -0.177455 0.33442
FixedParameters: 0 0 0

#Transform 157
Transform: AffineTransform_float_3_3
Parameters: 0.999968 0.00786376 -0.00138925 -0.00790644 0.999385 -0.0341731 0.00111979 0.0341828 0.999415 -0.0605665 -0.202253 0.399712
FixedParameters: 0 0 0

#Transform 158
Transform: AffineTransform_float_3_3
Parameters: 0.999973 0.00704882 -0.00177575 -0.00710619 0.999377 -0.0345685 0.0015309 0.0345795 0.999401 -0.117619 -0.0415824 0.615673
FixedParameters: 0 0 0

#Transform 159
Transform: AffineTransform_float_3_3
Parameters: 0.999982 0.00567935 -0.00187871 -0.00573084 0.999574 -0.0286168 0.0017148 0.0286262 0.999589 -0.113453 -0.168667 0.441073
FixedParameters: 0 0 0

#Transform 160
Transform: AffineTransform_float_3_3
Parameters: 0.999978 0.00655947 -0.00146448 -0.00659586 0.999639 -0.0260267 0.00129383 0.0260363 0.99966 -0.10577 -0.185364 0.0835463
FixedParameters: 0 0 0

#Transform 161
Transform: AffineTransform_float_3_3
Parameters: 0.999974 0.00680407 -0.00231104 -0.0068645 0.999605 -0.0272358 0.00212435 0.0272512 0.999626 -0.108607 -0.128029 -0.00506038
FixedParameters: 0 0 0

#Transform 162
Transform: AffineTransform_float_3_3
Parameters: 0.999974 0.0067932 -0.00237007 -0.00685294 0.999636 -0.0261063 0.00219148 0.0261217 0.999656 -0.108299 -0.16427 -0.121279
FixedParameters: 0 0 0

#Transform 163
Transform: AffineTransform_float_3_3
Parameters: 0.999975 0.00674953 -0.00204092 -0.00680332 0.999607 -0.0271897 0.00185707 0.0272032 0.999628 -0.114857 -0.147507 -0.137798
FixedParameters: 0 0 0

#Transform 164
Transform: AffineTransform_float_3_3
Parameters: 0.999974 0.0070216 -0.00175588 -0.007069 0.999578 -0.0281706 0.0015575 0.0281824 0.999601 -0.114561 -0.161697 -0.1555
FixedParameters: 0 0 0

#Transform 165
Transform: AffineTransform_float_3_3
Parameters: 0.999975 0.00693708 -0.00117735 -0.00696935 0.999526 -0.0299997 0.000968608 0.0300073 0.999549 -0.111505 -0.185722 -0.154195
FixedParameters: 0 0 0

#Transform 166
Transform: AffineTransform_float_3_3
Parameters: 0.999975 0.00702579 -0.000486319 -0.00703779 0.999474 -0.0316616 0.000263247 0.0316644 0.999498 -0.099329 -0.221283 -0.127118
FixedParameters: 0 0 0

#Transform 167
Transform: AffineTransform_float_3_3
Parameters: 0.999966 0.0082028 0.00136676 -0.00814167 0.999157 -0.0402254 -0.00169467 0.0402135 0.999189 -0.0872762 -0.256191 0.0633407
FixedParameters: 0 0 0

#Transform 168
Transform: AffineTransform_float_3_3
Parameters: 0.99996 0.00896929 -8.89242e-05 -0.00896666 0.999316 -0.0358928 -0.000233052 0.0358922 0.999356 -0.101056 -0.132854 0.214538
FixedParameters: 0 0 0

#Transform 169
Transform: AffineTransform_float_3_3
Parameters: 0.999974 0.00710451 -0.000434768 -0.00711452 0.999453 -0.032298 0.000204922 0.0323 0.999478 -0.100199 -0.267201 0.0333632
FixedParameters: 0 0 0

#Transform 170
Transform: AffineTransform_float_3_3
Parameters: 0.999973 0.00721958 0.00079922 -0.00718768 0.999363 -0.0349548 -0.00105061 0.0349482 0.999389 -0.107652 -0.205273 -0.142449
FixedParameters: 0 0 0

#Transform 171
Transform: AffineTransform_float_3_3
Parameters: 0.999983 0.00582438 0.00109061 -0.00577468 0.999151 -0.040789 -0.00132761 0.040782 0.999167 -0.0816924 -0.30488 0.00642586
FixedParameters: 0 0 0

#Transform 172
Transform: AffineTransform_float_3_3
Parameters: 0.99998 0.00635005 0.00104438 -0.00630199 0.99913 -0.0412248 -0.00130568 0.0412172 0.999149 -0.0856549 -0.275477 -0.195325
FixedParameters: 0 0 0

#Transform 173
Transform: AffineTransform_float_3_3
Parameters: 0.999978 0.00660022 0.000816857 -0.00656194 0.999168 -0.0402529 -0.00108173 0.0402471 0.999189 -0.0726905 -0.278957 -0.201274
FixedParameters: 0 0 0

#Transform 174
Transform: AffineTransform_float_3_3
Parameters: 0.999981 0.00617707 0.000191063 -0.00616456 0.999189 -0.0397853 -0.000436617 0.0397836 0.999208 -0.0630719 -0.265153 -0.272258
FixedParameters: 0 0 0

#Transform 175
Transform: AffineTransform_float_3_3
Parameters: 0.999975 0.00704558 -0.000301281 -0.00705133 0.999141 -0.040826 1.2988e-05 0.0408269 0.999166 -0.0810864 -0.200677 -0.135958
FixedParameters: 0 0 0

#Transform 176
Transform: AffineTransform_float_3_3
Parameters: 0.999974 0.00700738 -0.00136502 -0.00705446 0.999215 -0.0389846 0.00109056 0.0389933 0.999238 -0.0965762 -0.196591 0.294939
FixedParameters: 0 0 0

#Transform 177
Transform: AffineTransform_float_3_3
Parameters: 0.999968 0.00778855 -0.00190612 -0.00785208 0.999318 -0.0360742 0.00162373 0.0360878 0.999347 -0.113338 -0.223453 0.299037
FixedParameters: 0 0 0

#Transform 178
Transform: AffineTransform_float_3_3
Parameters: 0.999961 0.00879598 -0.001384 -0.00883743 0.999399 -0.0335242 0.0010887 0.0335348 0.999437 -0.134819 -0.104557 0.164231
FixedParameters: 0 0 0

#Transform 179
Transform: AffineTransform_float_3_3
Parameters: 0.999954 0.00950621 -0.00168258 -0.00955538 0.999445 -0.0319284 0.00137795 0.0319426 0.999489 -0.133071 -0.215489 0.0233774
FixedParameters: 0 0 0

#Transform 180
Transform: AffineTransform_float_3_3
Parameters: 0.999952 0.00952737 -0.00225205 -0.00959651 0.999408 -0.0330198 0.00193591 0.0330401 0.999452 -0.148746 -0.0669161 0.113429
FixedParameters: 0 0 0

#Transform 181
Transform: AffineTransform_float_3_3
Parameters: 0.999949 0.00996852 -0.00199382 -0.0100257 0.999462 -0.0312431 0.00168096 0.031262 0.99951 -0.12624 -0.156693 0.0543259
FixedParameters: 0 0 0

#Transform 182
Transform: AffineTransform_float_3_3
Parameters: 0.999948 0.0100162 -0.00218873 -0.0100792 0.999474 -0.0308301 0.00187936 0.0308499 0.999522 -0.138596 -0.209873 -0.0426628
FixedParameters: 0 0 0

#Transform 183
Transform: AffineTransform_float_3_3
Parameters: 0.999947 0.0100785 -0.00219786 -0.0101422 0.999467 -0.031034 0.00188445 0.031055 0.999516 -0.139096 -0.154922 -0.0693698
FixedParameters: 0 0 0

#Transform 184
Transform: AffineTransform_float_3_3
Parameters: 0.99995 0.00967877 -0.00224099 -0.00974205 0.999486 -0.0305638 0.0019432 0.0305842 0.99953 -0.131037 -0.162109 -0.0679778
FixedParameters: 0 0 0

#Transform 185
Transform: AffineTransform_float_3_3
Parameters: 0.999952 0.00946897 -0.00241906 -0.00954217 0.999422 -0.0326343 0.00210923 0.0326557 0.999464 -0.128671 -0.0853019 0.138468
FixedParameters: 0 0 0

#Transform 186
Transform: AffineTransform_float_3_3
Parameters: 0.999946 0.010172 -0.00207272 -0.010234 0.999416 -0.0326294 0.00173923 0.0326487 0.999465 -0.125433 -0.192882 0.215639
FixedParameters: 0 0 0

#Transform 187
Transform: AffineTransform_float_3_3
Parameters: 0.999951 0.00967722 -0.00241157 -0.00974975 0.999432 -0.0322381 0.00209811 0.0322599 0.999478 -0.113115 -0.18846 0.183318
FixedParameters: 0 0 0

#Transform 188
Transform: AffineTransform_float_3_3
