#Insight Transform File V1.0
#Transform 0
Transform: AffineTransform_float_3_3
Parameters: 0.999997 0.00236726 0.000905812 -0.00236793 0.999998 -0.00018327 -0.000906619 0.00018173 1 -0.105458 -0.079794 0.642947
FixedParameters: 0 0 0

#Transform 1
Transform: AffineTransform_float_3_3
Parameters: 0.999996 0.00251126 0.0012085 -0.00251126 0.999997 -0.000390161 -0.00120939 0.00038684 0.999999 -0.121058 -0.0637794 0.637802
FixedParameters: 0 0 0

#Transform 2
Transform: AffineTransform_float_3_3
Parameters: 0.999997 0.00227064 0.000663722 -0.00226956 0.999996 -0.00209764 -0.000668136 0.00209637 0.999998 -0.113411 -0.0176579 0.651933
FixedParameters: 0 0 0

#Transform 3
Transform: AffineTransform_float_3_3
Parameters: 0.999999 0.00176709 0.000326279 -0.0017664 0.999998 -0.000883639 -0.000327404 0.000883363 1 -0.0965002 -0.107624 0.449182
FixedParameters: 0 0 0

#Transform 4
Transform: AffineTransform_float_3_3
Parameters: 0.999997 0.00180595 0.00127766 -0.00180614 0.999999 -0.000293376 -0.00127766 0.000291626 0.999999 -0.119083 -0.0767231 0.33402
FixedParameters: 0 0 0

#Transform 5
Transform: AffineTransform_float_3_3
Parameters: 0.999997 0.00185811 0.00111293 -0.00185817 0.999999 2.4868e-05 -0.00111283 -2.7132e-05 1 -0.114659 -0.0849261 0.309077
FixedParameters: 0 0 0

#Transform 6
Transform: AffineTransform_float_3_3
Parameters: 0.999997 0.00227774 0.000803522 -0.00227746 0.999997 -0.000761954 -0.000805932 0.000760045 1 -0.101068 -0.0692059 0.295813
FixedParameters: 0 0 0

#Transform 7
Transform: AffineTransform_float_3_3
Parameters: 0.999998 0.00225079 0.000338223 -0.00224982 0.999996 -0.00124588 -0.000341831 0.00124512 0.999999 -0.0911388 -0.0263423 0.281408
FixedParameters: 0 0 0

#Transform 8
Transform: AffineTransform_float_3_3
Parameters: 0.999999 0.00176968 0.0004552 -0.00176968 0.999998 -0.000968868 -0.000456574 0.000968133 1 -0.0734875 -0.0829747 0.223508
FixedParameters: 0 0 0

#Transform 9
Transform: AffineTransform_float_3_3
Parameters: 0.999999 0.00145461 0.000313167 -0.00145534 0.999999 -0.000431517 -0.000314366 0.000431482 1 -0.0628204 -0.0402122 0.202075
FixedParameters: 0 0 0

#Transform 10
Transform: AffineTransform_float_3_3
Parameters: 1 0.00113748 0.000270998 -0.00113749 1 2.36343e-05 -0.000270944 -2.43657e-05 1 -0.0688592 -0.0897332 0.157303
FixedParameters: 0 0 0

#Transform 11
Transform: AffineTransform_float_3_3
Parameters: 0.999999 0.00127391 4.63595e-05 -0.00127375 0.999998 -0.00109206 -4.81432e-05 0.00109194 1 -0.0669282 -0.0488102 0.161647
FixedParameters: 0 0 0

#Transform 12
Transform: AffineTransform_float_3_3
Parameters: 1 0.00118665 0.000236897 -0.00118658 1 -0.000160342 -0.000237278 0.000160658 1 -0.062021 -0.0601865 0.146978
FixedParameters: 0 0 0

#Transform 13
Transform: AffineTransform_float_3_3
Parameters: 0.999999 0.000920136 0.000252167 -0.000919978 0.999999 -0.000314232 -0.000252745 0.000313767 1 -0.0547983 -0.0235774 0.132852
FixedParameters: 0 0 0

#Transform 14
Transform: AffineTransform_float_3_3
Parameters: 1 0.00100502 0.000247144 -0.00100476 1 -0.000417309 -0.000246985 0.000417691 1 -0.0480409 -0.00712754 0.0915081
FixedParameters: 0 0 0

#Transform 15
Transform: AffineTransform_float_3_3
Parameters: 0.999999 0.000940251 0.000117436 -0.000940343 0.999999 0.00039289 -0.000116697 -0.00039311 1 -0.0386475 -0.0270661 0.0425186
FixedParameters: 0 0 0

#Transform 16
Transform: AffineTransform_float_3_3
Parameters: 0.999999 0.000828796 7.05056e-06 -0.000828792 0.999999 -0.000305006 -7.55612e-06 0.000304994 1 -0.0372158 0.0230735 0.0562892
FixedParameters: 0 0 0

#Transform 17
Transform: AffineTransform_float_3_3
Parameters: 1 0.000643139 -0.000152963 -0.000643405 0.999999 -0.0010559 0.000152602 0.0010561 1 -0.0252643 -0.0240793 0.0362523
FixedParameters: 0 0 0

#Transform 18
Transform: AffineTransform_float_3_3
Parameters: 0.999999 0.00082845 5.90011e-07 -0.000828391 1 -0.000873058 -1.03809e-06 0.000872942 0.999999 -0.0266993 0.0368727 0.0755106
FixedParameters: 0 0 0

#Transform 19
Transform: AffineTransform_float_3_3
Parameters: 1 0.00042001 0.000281115 -0.000419767 1 -0.000431118 -0.000281477 0.000430882 1 -0.0224583 -0.0164115 0.0405197
FixedParameters: 0 0 0

#Transform 20
Transform: AffineTransform_float_3_3
Parameters: 1 -2.30973e-05 1.63559e-05 2.30962e-05 1 3.20004e-05 -1.63574e-05 -3.19996e-05 1 -0.00711259 0.0175412 0.011727
FixedParameters: 0 0 0

#Transform 21
Transform: AffineTransform_float_3_3
Parameters: 1 -2.86931e-05 -7.94588e-05 2.95511e-05 0.999999 -0.000883002 7.94527e-05 0.000882997 0.999999 0.00363735 0.0192743 -0.00816466
FixedParameters: 0 0 0

#Transform 22
Transform: AffineTransform_float_3_3
Parameters: 1 0.000182063 -0.000157934 -0.000181381 0.999999 -0.00100391 0.000157511 0.00100409 1 0.0162793 0.0364313 -0.0424107
FixedParameters: 0 0 0

#Transform 23
Transform: AffineTransform_float_3_3
Parameters: 1 0.00011722 -0.000410548 -0.000116917 0.999999 -0.000847951 0.000410291 0.000848047 0.999999 0.0118056 0.0684055 -0.0440553
FixedParameters: 0 0 0

#Transform 24
Transform: AffineTransform_float_3_3
Parameters: 1 -3.22444e-05 -0.000139346 3.29074e-05 1 -0.00120301 0.000139367 0.001203 1 0.0160855 0.0453677 -0.0948427
FixedParameters: 0 0 0

#Transform 25
Transform: AffineTransform_float_3_3
Parameters: 1 -4.19522e-05 -0.000306072 4.24259e-05 0.999999 -0.000857012 0.000306087 0.000856987 0.999999 0.0174646 0.080091 -0.0848986
FixedParameters: 0 0 0

#Transform 26
Transform: AffineTransform_float_3_3
Parameters: 1 -4.7643e-05 -0.000403908 4.80177e-05 0.999999 -0.000772019 0.000403925 0.00077198 0.999999 0.0195244 0.0659989 -0.0855142
FixedParameters: 0 0 0

#Transform 27
Transform: AffineTransform_float_3_3
Parameters: 1 -4.96571e-05 -0.000438852 5.00331e-05 0.999999 -0.000709022 0.000438865 0.000708978 0.999999 0.0265091 0.0492052 -0.107444
FixedParameters: 0 0 0

#Transform 28
Transform: AffineTransform_float_3_3
Parameters: 1 -5.86791e-05 -0.000593589 5.88559e-05 1 -0.000692035 0.000593613 0.000691965 0.999999 0.0310107 0.07499 -0.103188
FixedParameters: 0 0 0

#Transform 29
Transform: AffineTransform_float_3_3
Parameters: 1 8.52839e-05 -0.000580958 -8.51243e-05 0.999999 -0.00072195 0.000580777 0.000722049 0.999999 0.0360384 0.0568908 -0.107689
FixedParameters: 0 0 0

#Transform 30
Transform: AffineTransform_float_3_3
Parameters: 1 -4.93031e-05 -0.000432863 4.96963e-05 1 -0.000699021 0.000432874 0.000698978 0.999999 0.0335097 0.0443404 -0.103641
FixedParameters: 0 0 0

#Transform 31
Transform: AffineTransform_float_3_3
Parameters: 1 -0.000186876 -0.000130381 0.000186763 1 -0.000433024 0.000130543 0.000432976 1 0.0274406 0.0715941 -0.113601
FixedParameters: 0 0 0

#Transform 32
Transform: AffineTransform_float_3_3
Parameters: 1 -2.78948e-05 -6.64972e-05 2.88527e-05 1 -0.000304002 6.64569e-05 0.000303998 1 0.0293704 0.0551918 -0.136857
FixedParameters: 0 0 0

#Transform 33
Transform: AffineTransform_float_3_3
Parameters: 1 -0.000310652 -0.00012323 0.000310577 1 -0.000304038 0.000123419 0.000303962 1 0.026185 0.0443124 -0.133777
FixedParameters: 0 0 0

#Transform 34
Transform: AffineTransform_float_3_3
Parameters: 1 -0.000437439 -0.000115881 0.000437368 1 -0.000304051 0.000116147 0.000303949 1 0.0407 0.0786966 -0.128454
FixedParameters: 0 0 0

#Transform 35
Transform: AffineTransform_float_3_3
Parameters: 1 -0.000423829 0.000119558 0.000423808 1 8.80507e-05 -0.000119632 -8.79493e-05 1 0.0350715 0.0556213 -0.144336
FixedParameters: 0 0 0

#Transform 36
Transform: AffineTransform_float_3_3
Parameters: 1 -0.000582116 -0.000107919 0.000582209 0.999999 0.000432937 0.000107415 -0.000433062 1 0.0489402 0.0505593 -0.154948
FixedParameters: 0 0 0

#Transform 37
Transform: AffineTransform_float_3_3
Parameters: 1 -0.00100673 0.000539577 0.00100651 1 0.000260486 -0.000539102 -0.000259515 1 0.0241219 0.0863424 -0.0683414
FixedParameters: 0 0 0

#Transform 38
Transform: AffineTransform_float_3_3
Parameters: 0.999999 -0.00112286 0.000774006 0.00112171 0.999999 0.000784873 -0.000774769 -0.000784128 1 0.0208288 0.0459945 -0.0825578
FixedParameters: 0 0 0

#Transform 39
Transform: AffineTransform_float_3_3
Parameters: 1 -0.00100117 0.000641883 0.00100122 0.999999 0.000784589 -0.000642513 -0.000784411 0.999999 0.0256453 0.107113 -0.0318935
FixedParameters: 0 0 0

#Transform 40
Transform: AffineTransform_float_3_3
Parameters: 0.999999 -0.00131173 0.000696278 0.00131036 0.999998 0.00102692 -0.000697971 -0.00102608 1 0.0328882 0.0520421 -0.107012
FixedParameters: 0 0 0

#Transform 41
Transform: AffineTransform_float_3_3
Parameters: 1 -0.00100105 0.000646614 0.00100076 0.999999 0.00104565 -0.000647766 -0.00104535 1 0.0255383 0.106171 -0.0831315
FixedParameters: 0 0 0

#Transform 42
Transform: AffineTransform_float_3_3
Parameters: 0.999998 -0.00146351 0.000779479 0.00146249 0.999998 0.00136809 -0.000781541 -0.00136691 0.999999 0.0151383 0.0516605 -0.150445
FixedParameters: 0 0 0

#Transform 43
Transform: AffineTransform_float_3_3
Parameters: 0.999998 -0.00137736 0.000830032 0.00137651 0.999999 0.00114709 -0.000832248 -0.00114591 0.999999 0.024787 0.104911 -0.106136
FixedParameters: 0 0 0

#Transform 44
Transform: AffineTransform_float_3_3
Parameters: 0.999999 -0.00144526 0.00110857 0.00144374 0.999998 0.00163955 -0.00111142 -0.00163745 0.999998 0.00822541 0.0511783 -0.138833
FixedParameters: 0 0 0

#Transform 45
Transform: AffineTransform_float_3_3
Parameters: 0.999999 -0.00145078 0.00100884 0.00144979 0.999997 0.00156147 -0.00101048 -0.00155953 0.999999 0.0265015 0.110458 -0.131102
FixedParameters: 0 0 0

#Transform 46
Transform: AffineTransform_float_3_3
Parameters: 0.999998 -0.00145062 0.00101457 0.00144926 0.999998 0.00173642 -0.00101672 -0.00173458 0.999998 0.0287258 0.0755131 -0.150427
FixedParameters: 0 0 0

#Transform 47
Transform: AffineTransform_float_3_3
Parameters: 0.999999 -0.00144497 0.0011145 0.00144334 0.999998 0.00167656 -0.00111746 -0.00167444 0.999998 0.0345772 0.0755612 -0.171867
FixedParameters: 0 0 0

#Transform 48
Transform: AffineTransform_float_3_3
Parameters: 0.999999 -0.00145031 0.00102145 0.00144877 0.999997 0.00181243 -0.00102382 -0.00181157 0.999998 0.0286369 0.0984175 -0.164299
FixedParameters: 0 0 0

#Transform 49
Transform: AffineTransform_float_3_3
Parameters: 0.999998 -0.00143782 0.00125351 0.00143549 0.999997 0.00221575 -0.00125605 -0.00221425 0.999997 0.0413157 0.074811 -0.212924
FixedParameters: 0 0 0

#Transform 50
Transform: AffineTransform_float_3_3
Parameters: 0.999998 -0.00156503 0.00128214 0.00156237 0.999997 0.00188296 -0.00128514 -0.00188104 0.999997 0.035374 0.103629 -0.191863
FixedParameters: 0 0 0

#Transform 51
Transform: AffineTransform_float_3_3
Parameters: 0.999997 -0.00184909 0.00147942 0.00184643 0.999995 0.00232275 -0.00148423 -0.00232025 0.999997 0.0296432 0.0647231 -0.262636
FixedParameters: 0 0 0

#Transform 52
Transform: AffineTransform_float_3_3
Parameters: 0.999998 -0.00157025 0.00139405 0.00156728 0.999996 0.00221714 -0.00139719 -0.00221586 0.999996 0.0359923 0.107166 -0.224247
FixedParameters: 0 0 0

#Transform 53
Transform: AffineTransform_float_3_3
Parameters: 0.999996 -0.00188753 0.00186062 0.00188322 0.999995 0.00257552 -0.00186562 -0.00257148 0.999995 0.036753 0.0630166 -0.237021
FixedParameters: 0 0 0

#Transform 54
Transform: AffineTransform_float_3_3
Parameters: 0.999997 -0.00189844 0.00165915 0.00189457 0.999995 0.0024541 -0.0016637 -0.0024509 0.999995 0.0410167 0.101721 -0.222346
FixedParameters: 0 0 0

#Transform 55
Transform: AffineTransform_float_3_3
Parameters: 0.999996 -0.00206864 0.00169439 0.00206376 0.999993 0.00301046 -0.00170112 -0.00300754 0.999994 0.0374222 0.0688897 -0.264076
FixedParameters: 0 0 0

#Transform 56
Transform: AffineTransform_float_3_3
Parameters: 0.999997 -0.00191537 0.00135629 0.00191153 0.999994 0.00262355 -0.00136151 -0.00262045 0.999995 0.0475111 0.0782751 -0.24416
FixedParameters: 0 0 0

#Transform 57
Transform: AffineTransform_float_3_3
Parameters: 0.999996 -0.00207103 0.0015926 0.00206712 0.999994 0.0029002 -0.0015989 -0.0028968 0.999994 0.0396265 0.0711635 -0.265663
FixedParameters: 0 0 0

#Transform 58
Transform: AffineTransform_float_3_3
Parameters: 0.999996 -0.00222992 0.0016326 0.00222513 0.999994 0.00279154 -0.00163927 -0.00278746 0.999995 0.0448101 0.0922591 -0.259687
FixedParameters: 0 0 0

#Transform 59
Transform: AffineTransform_float_3_3
Parameters: 0.999997 -0.00197707 0.00184206 0.0019721 0.999994 0.0027936 -0.00184739 -0.0027904 0.999994 0.0357352 0.119987 -0.235993
FixedParameters: 0 0 0

#Transform 60
Transform: AffineTransform_float_3_3
Parameters: 0.999995 -0.0022585 0.00188661 0.00225128 0.999991 0.00361622 -0.00189526 -0.00361178 0.999992 0.030124 0.0730556 -0.294197
FixedParameters: 0 0 0

#Transform 61
Transform: AffineTransform_float_3_3
Parameters: 0.999996 -0.00211753 0.00179761 0.00211211 0.999993 0.00328177 -0.00180484 -0.00327824 0.999993 0.0343453 0.0980288 -0.26477
FixedParameters: 0 0 0

#Transform 62
Transform: AffineTransform_float_3_3
Parameters: 0.999996 -0.00221388 0.00173835 0.00220683 0.99999 0.00389081 -0.0017469 -0.00388719 0.999991 0.0340932 0.097219 -0.287039
FixedParameters: 0 0 0

#Transform 63
Transform: AffineTransform_float_3_3
Parameters: 0.999995 -0.00244809 0.00162878 0.00244196 0.99999 0.00388589 -0.00163813 -0.00388211 0.999991 0.0327555 0.104446 -0.29504
FixedParameters: 0 0 0

#Transform 64
Transform: AffineTransform_float_3_3
Parameters: 0.999997 -0.00202475 0.00152161 0.0020194 0.999992 0.00354298 -0.00152824 -0.00354002 0.999992 0.0294548 0.162673 -0.262555
FixedParameters: 0 0 0

#Transform 65
Transform: AffineTransform_float_3_3
Parameters: 0.999997 -0.00193591 0.00185292 0.00192867 0.999989 0.00422354 -0.00186171 -0.00422045 0.999989 0.0163984 0.137308 -0.28424
FixedParameters: 0 0 0

#Transform 66
Transform: AffineTransform_float_3_3
Parameters: 0.999997 -0.00198204 0.00183031 0.00197421 0.999987 0.00472464 -0.00184052 -0.00472036 0.999988 0.0106323 0.133132 -0.276063
FixedParameters: 0 0 0

#Transform 67
Transform: AffineTransform_float_3_3
Parameters: 0.999997 -0.00164835 0.00173292 0.00164118 0.999989 0.00449981 -0.0017402 -0.00449719 0.999988 -0.00105793 0.153957 -0.193064
FixedParameters: 0 0 0

#Transform 68
Transform: AffineTransform_float_3_3
Parameters: 0.999998 -0.00121659 0.00144991 0.00120806 0.999983 0.00581977 -0.00145749 -0.00581823 0.999982 0.0122652 0.0434661 -0.169003
FixedParameters: 0 0 0

#Transform 69
Transform: AffineTransform_float_3_3
Parameters: 0.999999 -0.000764298 0.00166211 0.000753596 0.999978 0.00661832 -0.00166679 -0.00661667 0.999976 -0.0093895 0.055747 -0.175917
FixedParameters: 0 0 0

#Transform 70
Transform: AffineTransform_float_3_3
Parameters: 0.999999 -0.000780991 0.00132195 0.000773171 0.999981 0.00610003 -0.0013259 -0.00609996 0.99998 -0.00641956 0.131172 -0.135568
FixedParameters: 0 0 0

#Transform 71
Transform: AffineTransform_float_3_3
Parameters: 0.999997 -0.000930506 0.00192719 0.000918311 0.99998 0.00635185 -0.00193363 -0.00635015 0.999978 0.0143531 0.0616082 -0.24299
FixedParameters: 0 0 0

#Transform 72
Transform: AffineTransform_float_3_3
Parameters: 0.999997 -0.00144327 0.00206069 0.00142974 0.999979 0.00631803 -0.00206954 -0.00631497 0.999978 0.00542652 0.0890404 -0.268055
FixedParameters: 0 0 0

#Transform 73
Transform: AffineTransform_float_3_3
Parameters: 0.999996 -0.00176149 0.00190403 0.00175053 0.999979 0.00619037 -0.00191447 -0.00618664 0.999979 0.0276609 0.0367124 -0.344598
FixedParameters: 0 0 0

#Transform 74
Transform: AffineTransform_float_3_3
Parameters: 0.999997 -0.00152395 0.00198786 0.00151167 0.99998 0.00623303 -0.00199749 -0.00622997 0.999978 0.0218414 0.0839911 -0.333805
FixedParameters: 0 0 0

#Transform 75
Transform: AffineTransform_float_3_3
Parameters: 0.999996 -0.00194342 0.00209986 0.00192955 0.999977 0.00656703 -0.00211206 -0.00656297 0.999976 0.0287145 0.0308868 -0.36748
FixedParameters: 0 0 0

#Transform 76
Transform: AffineTransform_float_3_3
Parameters: 0.999996 -0.00196494 0.00165778 0.00195503 0.99998 0.00588621 -0.00166938 -0.00588278 0.999981 0.0475206 0.071354 -0.381594
FixedParameters: 0 0 0

#Transform 77
Transform: AffineTransform_float_3_3
Parameters: 0.999996 -0.0019452 0.00210583 0.00192896 0.999969 0.00760811 -0.00212019 -0.00760389 0.999969 0.0380176 0.0279161 -0.45894
FixedParameters: 0 0 0

#Transform 78
Transform: AffineTransform_float_3_3
Parameters: 0.999996 -0.00194805 0.00204891 0.00193261 0.999969 0.007606 -0.0020643 -0.007602 0.999969 0.0493232 0.0290499 -0.480571
FixedParameters: 0 0 0

#Transform 79
Transform: AffineTransform_float_3_3
Parameters: 0.999996 -0.00223954 0.00180371 0.0022263 0.999974 0.006942 -0.00181936 -0.006938 0.999975 0.0487053 0.0489253 -0.495824
FixedParameters: 0 0 0

#Transform 80
Transform: AffineTransform_float_3_3
Parameters: 0.999996 -0.0021376 0.00195076 0.00212295 0.999967 0.00782813 -0.001967 -0.00782387 0.999967 0.068151 0.00181982 -0.565085
FixedParameters: 0 0 0

#Transform 81
Transform: AffineTransform_float_3_3
Parameters: 0.999997 -0.00201045 0.00182177 0.00199659 0.999969 0.00758962 -0.00183695 -0.00758538 0.999969 0.0757798 0.0588064 -0.4845
FixedParameters: 0 0 0

#Transform 82
Transform: AffineTransform_float_3_3
Parameters: 0.999995 -0.00256673 0.00173783 0.00255248 0.999966 0.00783337 -0.00175864 -0.00782862 0.999968 0.083389 0.0219033 -0.551495
FixedParameters: 0 0 0

#Transform 83
Transform: AffineTransform_float_3_3
Parameters: 0.999995 -0.00263807 0.00199143 0.00262115 0.999962 0.00829716 -0.00201295 -0.00829183 0.999963 0.0836071 0.0236639 -0.583937
FixedParameters: 0 0 0

#Transform 84
Transform: AffineTransform_float_3_3
Parameters: 0.999994 -0.00280615 0.00171201 0.00279277 0.999966 0.00772967 -0.001734 -0.00772533 0.999969 0.0796664 0.0170997 -0.587794
FixedParameters: 0 0 0

#Transform 85
Transform: AffineTransform_float_3_3
Parameters: 0.999994 -0.00295406 0.00209606 0.00293713 0.999966 0.00766505 -0.00211804 -0.00765894 0.999968 0.0734201 0.0244615 -0.562468
FixedParameters: 0 0 0

#Transform 86
Transform: AffineTransform_float_3_3
Parameters: 0.999995 -0.0026765 0.00180723 0.00266209 0.999965 0.00788569 -0.0018281 -0.0078803 0.999967 0.085726 0.0509466 -0.497787
FixedParameters: 0 0 0

#Transform 87
Transform: AffineTransform_float_3_3
Parameters: 0.999993 -0.0028255 0.00217362 0.00280719 0.999961 0.00838901 -0.00219787 -0.008383 0.999962 0.0750527 0.0102012 -0.531809
FixedParameters: 0 0 0

#Transform 88
Transform: AffineTransform_float_3_3
Parameters: 0.999994 -0.00264078 0.0023163 0.002621 0.999963 0.00817108 -0.0023383 -0.00816491 0.999964 0.0748319 0.0565609 -0.491911
FixedParameters: 0 0 0

#Transform 89
Transform: AffineTransform_float_3_3
Parameters: 0.999993 -0.00289021 0.0024104 0.00286836 0.999956 0.00895089 -0.00243612 -0.00894412 0.999957 0.071256 0.0106584 -0.577543
FixedParameters: 0 0 0

#Transform 90
Transform: AffineTransform_float_3_3
Parameters: 0.999992 -0.00296154 0.00244781 0.00293985 0.999955 0.00898317 -0.00247506 -0.00897583 0.999957 0.0666411 0.0254902 -0.5564
FixedParameters: 0 0 0

#Transform 91
Transform: AffineTransform_float_3_3
Parameters: 0.999994 -0.00274239 0.00241545 0.00272017 0.999954 0.00921854 -0.00244005 -0.00921147 0.999955 0.0710426 0.0235372 -0.532616
FixedParameters: 0 0 0

#Transform 92
Transform: AffineTransform_float_3_3
Parameters: 0.999993 -0.00292897 0.00241282 0.00290529 0.999948 0.00976298 -0.00244107 -0.00975601 0.999949 0.068042 -0.00173193 -0.563247
FixedParameters: 0 0 0

#Transform 93
Transform: AffineTransform_float_3_3
Parameters: 0.999993 -0.00262895 0.00269595 0.0026019 0.99995 0.00970505 -0.00272113 -0.00969894 0.999949 0.0666682 0.0396658 -0.49605
FixedParameters: 0 0 0

#Transform 94
Transform: AffineTransform_float_3_3
Parameters: 0.999993 -0.00282754 0.00266917 0.00279986 0.999945 0.0101315 -0.00269766 -0.0101245 0.999945 0.0715397 0.00210276 -0.575043
FixedParameters: 0 0 0

#Transform 95
Transform: AffineTransform_float_3_3
Parameters: 0.999993 -0.00273565 0.00263047 0.00270896 0.999948 0.00988616 -0.00265771 -0.00987884 0.999948 0.0663673 0.0467548 -0.483892
FixedParameters: 0 0 0

#Transform 96
Transform: AffineTransform_float_3_3
Parameters: 0.999991 -0.00336319 0.00237363 0.0033376 0.999938 0.0106009 -0.00240902 -0.0105921 0.999941 0.0619555 -0.010684 -0.523532
FixedParameters: 0 0 0

#Transform 97
Transform: AffineTransform_float_3_3
Parameters: 0.999993 -0.00321585 0.00199818 0.00319264 0.999932 0.0112383 -0.0020344 -0.0112318 0.999935 0.0909737 0.0114759 -0.556096
FixedParameters: 0 0 0

#Transform 98
Transform: AffineTransform_float_3_3
Parameters: 0.999991 -0.00310362 0.00264608 0.00307407 0.999937 0.0108041 -0.00267935 -0.0107959 0.999938 0.0759699 0.0486376 -0.561744
FixedParameters: 0 0 0

#Transform 99
Transform: AffineTransform_float_3_3
Parameters: 0.999993 -0.00260219 0.0027249 0.00257311 0.999939 0.0107321 -0.00275209 -0.0107249 0.999939 0.0539148 0.0651853 -0.504866
FixedParameters: 0 0 0

#Transform 100
Transform: AffineTransform_float_3_3
Parameters: 0.999992 -0.00275089 0.00291557 0.00271777 0.999933 0.011257 -0.00294595 -0.011249 0.999932 0.0593281 0.0438004 -0.566185
FixedParameters: 0 0 0

#Transform 101
Transform: AffineTransform_float_3_3
Parameters: 0.999992 -0.00282424 0.00277793 0.00279243 0.999933 0.0112178 -0.00280964 -0.0112092 0.999933 0.0613871 0.0669718 -0.509372
FixedParameters: 0 0 0

#Transform 102
Transform: AffineTransform_float_3_3
Parameters: 0.999991 -0.00291397 0.00284543 0.00288219 0.999934 0.0111313 -0.00287771 -0.0111237 0.999935 0.062442 0.0748058 -0.48882
FixedParameters: 0 0 0

#Transform 103
Transform: AffineTransform_float_3_3
Parameters: 0.999993 -0.00263168 0.00287208 0.00259765 0.99993 0.0115886 -0.0029015 -0.0115804 0.999929 0.0625 0.0625775 -0.493832
FixedParameters: 0 0 0

#Transform 104
Transform: AffineTransform_float_3_3
Parameters: 0.999992 -0.00279059 0.00267934 0.00275925 0.99993 0.0115375 -0.00271207 -0.0115296 0.99993 0.0640423 0.0581901 -0.506756
FixedParameters: 0 0 0

#Transform 105
Transform: AffineTransform_float_3_3
Parameters: 0.999991 -0.00293704 0.00305486 0.00290095 0.999927 0.0117389 -0.00308939 -0.0117301 0.999926 0.0636559 0.0317977 -0.568633
FixedParameters: 0 0 0

#Transform 106
Transform: AffineTransform_float_3_3
Parameters: 0.99999 -0.00305333 0.0030933 0.00301659 0.999927 0.0117174 -0.00312842 -0.0117076 0.999927 0.0600022 0.0594662 -0.553521
FixedParameters: 0 0 0

#Transform 107
Transform: AffineTransform_float_3_3
Parameters: 0.99999 -0.00321847 0.00289442 0.00318258 0.999918 0.0123892 -0.00293472 -0.0123797 0.999919 0.0525651 -0.0105756 -0.576976
FixedParameters: 0 0 0

#Transform 108
Transform: AffineTransform_float_3_3
Parameters: 0.999992 -0.00298484 0.0026963 0.00295256 0.999925 0.01186 -0.00273148 -0.011852 0.999927 0.0785225 0.00233341 -0.552219
FixedParameters: 0 0 0

#Transform 109
Transform: AffineTransform_float_3_3
Parameters: 0.999991 -0.00293568 0.00304646 0.00289818 0.999922 0.0121719 -0.00308252 -0.0121631 0.999921 0.0687743 -0.00590477 -0.575113
FixedParameters: 0 0 0

#Transform 110
Transform: AffineTransform_float_3_3
Parameters: 0.999992 -0.00285961 0.00295984 0.00282408 0.999922 0.0121984 -0.00299422 -0.0121896 0.999921 0.0569869 0.00442978 -0.537562
FixedParameters: 0 0 0

#Transform 111
Transform: AffineTransform_float_3_3
Parameters: 0.999991 -0.00295057 0.00300598 0.00291297 0.999917 0.0125329 -0.00304258 -0.0125241 0.999917 0.0543764 0.0122317 -0.539407
FixedParameters: 0 0 0

#Transform 112
Transform: AffineTransform_float_3_3
Parameters: 0.99999 -0.00310389 0.00328635 0.00306166 0.999914 0.0127852 -0.00332652 -0.0127748 0.999912 0.0458255 -0.0122436 -0.5281
FixedParameters: 0 0 0

#Transform 113
Transform: AffineTransform_float_3_3
Parameters: 0.99999 -0.00300968 0.0030908 0.00296914 0.999913 0.0128293 -0.00312967 -0.0128197 0.999913 0.0515447 0.044876 -0.49236
FixedParameters: 0 0 0

#Transform 114
Transform: AffineTransform_float_3_3
Parameters: 0.99999 -0.00288843 0.00322942 0.0028472 0.999917 0.0125293 -0.00326551 -0.0125206 0.999916 0.0556393 -0.00183331 -0.54534
FixedParameters: 0 0 0

#Transform 115
Transform: AffineTransform_float_3_3
Parameters: 0.999993 -0.00242712 0.00306001 0.00238783 0.999916 0.0127075 -0.00309036 -0.0127005 0.999915 0.0617032 0.041268 -0.483489
FixedParameters: 0 0 0

#Transform 116
Transform: AffineTransform_float_3_3
Parameters: 0.99999 -0.00305239 0.00324527 0.00300971 0.999911 0.0130149 -0.00328551 -0.0130051 0.99991 0.0473601 -0.0035809 -0.570872
FixedParameters: 0 0 0

#Transform 117
Transform: AffineTransform_float_3_3
Parameters: 0.99999 -0.00286 0.00348259 0.00281326 0.99991 0.013129 -0.00352059 -0.013119 0.999908 0.0453178 0.0292124 -0.543495
FixedParameters: 0 0 0

#Transform 118
Transform: AffineTransform_float_3_3
Parameters: 0.999991 -0.00271918 0.00332211 0.0026742 0.999905 0.0134981 -0.00335843 -0.0134889 0.999903 0.0623481 -0.0142975 -0.591861
FixedParameters: 0 0 0

#Transform 119
Transform: AffineTransform_float_3_3
Parameters: 0.999991 -0.00252188 0.00334823 0.00247807 0.99991 0.0132025 -0.00338076 -0.0131945 0.999907 0.053663 0.00851746 -0.563569
FixedParameters: 0 0 0

#Transform 120
Transform: AffineTransform_float_3_3
Parameters: 0.999991 -0.00278648 0.00337647 0.0027418 0.999907 0.0133835 -0.00341403 -0.0133735 0.999905 0.0488739 -0.00751532 -0.543289
FixedParameters: 0 0 0

#Transform 121
Transform: AffineTransform_float_3_3
Parameters: 0.999991 -0.0025847 0.00334466 0.00253866 0.999903 0.0136977 -0.00338041 -0.0136893 0.999901 0.0503554 0.00971899 -0.543343
FixedParameters: 0 0 0

#Transform 122
Transform: AffineTransform_float_3_3
Parameters: 0.999989 -0.0030832 0.00347972 0.00303496 0.999902 0.0136827 -0.00352107 -0.0136723 0.9999 0.0490764 -0.00472262 -0.590341
FixedParameters: 0 0 0

#Transform 123
Transform: AffineTransform_float_3_3
Parameters: 0.999989 -0.0028665 0.00368651 0.00281108 0.999884 0.0149696 -0.00372861 -0.0149594 0.999881 0.04046 0.0158639 -0.57571
FixedParameters: 0 0 0

#Transform 124
Transform: AffineTransform_float_3_3
Parameters: 0.999989 -0.00285748 0.00356794 0.00280478 0.999888 0.0146632 -0.0036089 -0.0146537 0.999886 0.0432088 0.0603701 -0.52168
FixedParameters: 0 0 0

#Transform 125
Transform: AffineTransform_float_3_3
Parameters: 0.999988 -0.00292582 0.00378571 0.00286842 0.999882 0.0151082 -0.00382946 -0.0150968 0.999879 0.0504303 -0.0124118 -0.608296
FixedParameters: 0 0 0

#Transform 126
Transform: AffineTransform_float_3_3
Parameters: 0.99999 -0.00277077 0.00367085 0.00271427 0.999881 0.0151643 -0.00371313 -0.0151547 0.999878 0.0424546 0.0299384 -0.560303
FixedParameters: 0 0 0

#Transform 127
Transform: AffineTransform_float_3_3
Parameters: 0.999989 -0.002865 0.00371599 0.00280706 0.999876 0.0154608 -0.00375991 -0.0154502 0.999874 0.0485603 -0.0294449 -0.624657
FixedParameters: 0 0 0

#Transform 128
Transform: AffineTransform_float_3_3
Parameters: 0.999989 -0.00275866 0.00378331 0.00269835 0.99987 0.0158945 -0.00382644 -0.0158845 0.999867 0.0401989 0.0144193 -0.555268
FixedParameters: 0 0 0

#Transform 129
Transform: AffineTransform_float_3_3
Parameters: 0.999987 -0.00340916 0.00376045 0.00334797 0.999864 0.0161658 -0.00381508 -0.0161532 0.999862 0.0472213 -0.0280843 -0.603789
FixedParameters: 0 0 0

#Transform 130
Transform: AffineTransform_float_3_3
Parameters: 0.999989 -0.00294608 0.003661 0.00288633 0.999864 0.0162229 -0.00370896 -0.0162121 0.999862 0.055934 0.00655743 -0.559035
FixedParameters: 0 0 0

#Transform 131
Transform: AffineTransform_float_3_3
Parameters: 0.999988 -0.0030332 0.00364928 0.00297066 0.999852 0.0169501 -0.00370051 -0.0169399 0.99985 0.0579676 -0.0409269 -0.576932
FixedParameters: 0 0 0

#Transform 132
Transform: AffineTransform_float_3_3
Parameters: 0.999987 -0.00299489 0.00394518 0.00292787 0.999854 0.0168839 -0.00399493 -0.0168721 0.99985 0.0491964 -0.040459 -0.599339
FixedParameters: 0 0 0

#Transform 133
Transform: AffineTransform_float_3_3
Parameters: 0.999989 -0.00308685 0.00369131 0.0030223 0.999845 0.0173174 -0.00374368 -0.0173055 0.999843 0.0462583 0.00938273 -0.54779
FixedParameters: 0 0 0

#Transform 134
Transform: AffineTransform_float_3_3
Parameters: 0.999987 -0.00305633 0.00405154 0.00298418 0.999841 0.0175765 -0.00410469 -0.0175635 0.999837 0.0510662 -0.0357656 -0.624065
FixedParameters: 0 0 0

#Transform 135
Transform: AffineTransform_float_3_3
Parameters: 0.999987 -0.00301042 0.00410047 0.00293935 0.999846 0.0173464 -0.00415271 -0.0173336 0.999841 0.0507505 0.0231294 -0.560497
FixedParameters: 0 0 0

#Transform 136
Transform: AffineTransform_float_3_3
Parameters: 0.999986 -0.00312666 0.00421424 0.00305018 0.999829 0.0182583 -0.00427041 -0.0182457 0.999825 0.0462986 -0.0253062 -0.618359
FixedParameters: 0 0 0

#Transform 137
Transform: AffineTransform_float_3_3
Parameters: 0.999987 -0.00326643 0.00406759 0.00319271 0.999833 0.0179764 -0.00412481 -0.0179636 0.99983 0.0590855 0.0155273 -0.581184
FixedParameters: 0 0 0

#Transform 138
Transform: AffineTransform_float_3_3
Parameters: 0.999986 -0.00312796 0.00442769 0.00304632 0.99983 0.018188 -0.00448349 -0.018174 0.999824 0.0416416 -0.00761922 -0.604779
FixedParameters: 0 0 0

#Transform 139
Transform: AffineTransform_float_3_3
Parameters: 0.999985 -0.0032945 0.00424284 0.00321746 0.999833 0.0179771 -0.00430118 -0.0179629 0.99983 0.0634698 -0.0233131 -0.629968
FixedParameters: 0 0 0

#Transform 140
Transform: AffineTransform_float_3_3
Parameters: 0.999988 -0.00273604 0.00404156 0.00266285 0.999835 0.0179742 -0.0040897 -0.0179638 0.99983 0.0733106 -0.00674205 -0.652978
FixedParameters: 0 0 0

#Transform 141
Transform: AffineTransform_float_3_3
Parameters: 0.999988 -0.00269654 0.00392376 0.00262267 0.999821 0.0187267 -0.00397353 -0.0187163 0.999817 0.0716216 -0.0524154 -0.732289
FixedParameters: 0 0 0

#Transform 142
Transform: AffineTransform_float_3_3
Parameters: 0.999987 -0.00295202 0.00401936 0.00287784 0.99983 0.0182129 -0.00407264 -0.018201 0.999826 0.0643663 0.00155061 -0.676737
FixedParameters: 0 0 0

#Transform 143
Transform: AffineTransform_float_3_3
Parameters: 0.999989 -0.00273628 0.00399938 0.0026624 0.999828 0.0183761 -0.00404874 -0.0183659 0.999823 0.0642989 -0.00921397 -0.649652
FixedParameters: 0 0 0

#Transform 144
Transform: AffineTransform_float_3_3
Parameters: 0.999987 -0.00323929 0.00392102 0.00317075 0.999847 0.0172058 -0.00397605 -0.0171922 0.999844 0.0511577 -0.0298499 -0.603509
FixedParameters: 0 0 0

#Transform 145
Transform: AffineTransform_float_3_3
Parameters: 0.999986 -0.00340077 0.00403537 0.00332207 0.99981 0.0192488 -0.00410011 -0.0192342 0.999807 0.05657 0.0464871 -0.564845
FixedParameters: 0 0 0

#Transform 146
Transform: AffineTransform_float_3_3
Parameters: 0.999987 -0.00310425 0.00410326 0.00302823 0.999823 0.0185688 -0.00416046 -0.0185562 0.999819 0.0670926 -0.00724719 -0.630343
FixedParameters: 0 0 0

#Transform 147
Transform: AffineTransform_float_3_3
Parameters: 0.999987 -0.00294631 0.00412164 0.00286757 0.999814 0.0190423 -0.0041778 -0.0190307 0.99981 0.0508864 0.0593332 -0.568212
FixedParameters: 0 0 0

#Transform 148
Transform: AffineTransform_float_3_3
Parameters: 0.999986 -0.0030866 0.00413742 0.00300579 0.99981 0.0192409 -0.00419609 -0.0192291 0.999806 0.0484113 0.0108733 -0.601602
FixedParameters: 0 0 0

#Transform 149
Transform: AffineTransform_float_3_3
Parameters: 0.999988 -0.00287007 0.00414178 0.00279142 0.999821 0.0186931 -0.00419494 -0.0186819 0.999817 0.0317112 0.0475174 -0.46881
FixedParameters: 0 0 0

#Transform 150
Transform: AffineTransform_float_3_3
Parameters: 0.999986 -0.00294763 0.004415 0.00286042 0.999803 0.0196552 -0.00447207 -0.0196418 0.999797 0.0339029 -0.0432586 -0.576023
FixedParameters: 0 0 0

#Transform 151
Transform: AffineTransform_float_3_3
Parameters: 0.999985 -0.0032323 0.00455851 0.00314393 0.999811 0.0191849 -0.00461975 -0.0191701 0.999806 0.0291642 0.0242424 -0.508755
FixedParameters: 0 0 0

#Transform 152
Transform: AffineTransform_float_3_3
Parameters: 0.999985 -0.00315619 0.0044586 0.00306414 0.999788 0.0203602 -0.00452234 -0.0203468 0.999782 0.0403536 -0.0535779 -0.628887
FixedParameters: 0 0 0

#Transform 153
Transform: AffineTransform_float_3_3
Parameters: 0.999986 -0.00308546 0.00442563 0.00299556 0.999792 0.0201498 -0.0044872 -0.0201362 0.999787 0.0391554 -0.0130767 -0.561489
FixedParameters: 0 0 0

#Transform 154
Transform: AffineTransform_float_3_3
Parameters: 0.999984 -0.00317042 0.00455095 0.00307526 0.999781 0.0207356 -0.00461578 -0.0207214 0.999775 0.0380049 -0.0607462 -0.630668
FixedParameters: 0 0 0

#Transform 155
Transform: AffineTransform_float_3_3
Parameters: 0.999985 -0.00320634 0.00440845 0.00311482 0.999782 0.0206523 -0.00447415 -0.0206387 0.999777 0.0500676 -0.0300489 -0.64217
FixedParameters: 0 0 0

#Transform 156
Transform: AffineTransform_float_3_3
Parameters: 0.999985 -0.00340721 0.00432152 0.00331628 0.999773 0.0210158 -0.00439297 -0.0210012 0.999769 0.0389772 -0.0454885 -0.68655
FixedParameters: 0 0 0

#Transform 157
Transform: AffineTransform_float_3_3
Parameters: 0.999986 -0.00313655 0.00439235 0.00304436 0.999779 0.0208069 -0.00445611 -0.0207931 0.999774 0.0476834 -0.0270598 -0.675201
FixedParameters: 0 0 0

#Transform 158
Transform: AffineTransform_float_3_3
Parameters: 0.999985 -0.00329095 0.00422593 0.00320138 0.999772 0.021095 -0.00429393 -0.021081 0.999769 0.0555655 -0.0636581 -0.735909
FixedParameters: 0 0 0

#Transform 159
Transform: AffineTransform_float_3_3
Parameters: 0.999987 -0.00333529 0.00404567 0.00324988 0.999774 0.0210235 -0.00411493 -0.0210104 0.99977 0.0624651 -0.0268185 -0.727909
FixedParameters: 0 0 0

#Transform 160
Transform: AffineTransform_float_3_3
Parameters: 0.999986 -0.003435 0.00398295 0.00334963 0.999771 0.0211147 -0.00405391 -0.0211013 0.999769 0.081765 -0.0091203 -0.741213
FixedParameters: 0 0 0

#Transform 161
Transform: AffineTransform_float_3_3
Parameters: 0.999988 -0.00337871 0.00373118 0.00329775 0.999768 0.0212727 -0.00380162 -0.0212603 0.999767 0.0894571 -0.0333357 -0.794986
FixedParameters: 0 0 0

#Transform 162
Transform: AffineTransform_float_3_3
Parameters: 0.999988 -0.0032802 0.0036731 0.00320176 0.999772 0.0211131 -0.00374132 -0.0211019 0.99977 0.0872063 -0.0205515 -0.799935
FixedParameters: 0 0 0

#Transform 163
Transform: AffineTransform_float_3_3
Parameters: 0.999988 -0.00308081 0.00394448 0.0029964 0.999769 0.0212803 -0.00400956 -0.0212688 0.999766 0.0824873 -0.0285041 -0.757138
FixedParameters: 0 0 0

#Transform 164
Transform: AffineTransform_float_3_3
Parameters: 0.999989 -0.00305463 0.00370037 0.00297461 0.999769 0.0212753 -0.00376506 -0.0212646 0.999766 0.0999559 -0.0309732 -0.777733
FixedParameters: 0 0 0

#Transform 165
Transform: AffineTransform_float_3_3
Parameters: 0.999988 -0.00321252 0.00369463 0.00313173 0.999759 0.0217159 -0.00376294 -0.0217041 0.999757 0.0955146 -0.0275147 -0.817071
FixedParameters: 0 0 0

#Transform 166
Transform: AffineTransform_float_3_3
Parameters: 0.999989 -0.00300608 0.00378713 0.00292416 0.999766 0.0214465 -0.0038499 -0.0214355 0.999763 0.0902788 -0.0202121 -0.775145
FixedParameters: 0 0 0

#Transform 167
Transform: AffineTransform_float_3_3
Parameters: 0.999989 -0.00295538 0.00370604 0.00287393 0.999757 0.021838 -0.00376992 -0.021827 0.999755 0.0882277 -0.0292153 -0.751284
FixedParameters: 0 0 0

#Transform 168
Transform: AffineTransform_float_3_3
Parameters: 0.99999 -0.00283574 0.00346974 0.00275849 0.999751 0.0221299 -0.0035319 -0.0221201 0.999749 0.0911897 -0.0799896 -0.800131
FixedParameters: 0 0 0

#Transform 169
Transform: AffineTransform_float_3_3
Parameters: 0.999989 -0.00281795 0.00369995 0.00273472 0.999749 0.0222345 -0.00376205 -0.0222245 0.999745 0.0862122 -0.0589684 -0.836297
FixedParameters: 0 0 0

#Transform 170
Transform: AffineTransform_float_3_3
Parameters: 0.999987 -0.00303626 0.00393784 0.00294428 0.999728 0.0231731 -0.0040076 -0.023161 0.999724 0.0947921 -0.0794173 -0.900257
FixedParameters: 0 0 0

#Transform 171
Transform: AffineTransform_float_3_3
Parameters: 0.999988 -0.00294163 0.00394563 0.0028499 0.999735 0.0228337 -0.00401193 -0.0228223 0.999732 0.0788891 -0.0199182 -0.750074
FixedParameters: 0 0 0

#Transform 172
Transform: AffineTransform_float_3_3
Parameters: 0.999987 -0.00286374 0.0042062 0.00276563 0.999729 0.0231282 -0.00427091 -0.0231168 0.999724 0.0740931 -0.0804656 -0.860886
FixedParameters: 0 0 0

#Transform 173
Transform: AffineTransform_float_3_3
Parameters: 0.99999 -0.0020843 0.00411235 0.00197694 0.999665 0.0257958 -0.00416514 -0.0257872 0.999659 0.105574 -0.118184 -0.638239
FixedParameters: 0 0 0

#Transform 174
Transform: AffineTransform_float_3_3
Parameters: 0.999986 -0.00209868 0.00496739 0.00195893 0.999607 0.0279507 -0.00502374 -0.0279403 0.999597 0.0816562 -0.139588 -0.623715
FixedParameters: 0 0 0

#Transform 175
Transform: AffineTransform_float_3_3
Parameters: 0.999985 -0.00211497 0.00504339 0.00197903 0.999637 0.026855 -0.0050981 -0.026844 0.999627 0.0811909 -0.0615021 -0.624262
FixedParameters: 0 0 0

#Transform 176
Transform: AffineTransform_float_3_3
Parameters: 0.999983 -0.00238333 0.0054318 0.0022344 0.999626 0.0272603 -0.00549414 -0.0272477 0.999614 0.0716935 -0.155307 -0.741718
FixedParameters: 0 0 0

#Transform 177
Transform: AffineTransform_float_3_3
Parameters: 0.99998 -0.00237236 0.00584003 0.00221124 0.99962 0.0275063 -0.00590331 -0.0274928 0.999605 0.0585572 -0.0969301 -0.687991
FixedParameters: 0 0 0

#Transform 178
Transform: AffineTransform_float_3_3
Parameters: 0.999983 -0.00239021 0.00528376 0.00224341 0.999613 0.0277189 -0.00534861 -0.027706 0.999601 0.0750867 -0.163976 -0.78015
FixedParameters: 0 0 0

#Transform 179
Transform: AffineTransform_float_3_3
Parameters: 0.999981 -0.00206586 0.00583105 0.00190523 0.999623 0.0273955 -0.00588598 -0.0273845 0.999608 0.0686964 -0.0920348 -0.667854
FixedParameters: 0 0 0

#Transform 180
Transform: AffineTransform_float_3_3
Parameters: 0.999984 -0.00212946 0.0053681 0.00198719 0.999651 0.0263758 -0.00542278 -0.0263642 0.999638 0.0369214 -0.126994 -0.661076
FixedParameters: 0 0 0

#Transform 181
Transform: AffineTransform_float_3_3
Parameters: 0.999981 -0.00171412 0.00582071 0.00155556 0.999628 0.0272394 -0.0058659 -0.0272306 0.999612 0.00406487 -0.0499495 -0.448545
FixedParameters: 0 0 0

#Transform 182
Transform: AffineTransform_float_3_3
Parameters: 0.999981 -0.00192514 0.00582491 0.0017593 0.999598 0.0282917 -0.00587758 -0.0282803 0.999583 0.00254271 -0.094711 -0.419355
FixedParameters: 0 0 0

#Transform 183
Transform: AffineTransform_float_3_3
Parameters: 0.999978 -0.00228595 0.00631946 0.00210219 0.999583 0.0287939 -0.00638218 -0.0287801 0.999566 0.0201934 -0.136689 -0.502356
FixedParameters: 0 0 0

#Transform 184
Transform: AffineTransform_float_3_3
Parameters: 0.999979 -0.00192764 0.00609397 0.00175386 0.999596 0.0283542 -0.00614624 -0.0283428 0.999579 0.0116928 -0.0787392 -0.41105
FixedParameters: 0 0 0

#Transform 185
Transform: AffineTransform_float_3_3
Parameters: 0.99998 -0.00220014 0.00581519 0.00204005 0.999624 0.0273512 -0.00587326 -0.0273388 0.999609 0.0132202 -0.150078 -0.469956
FixedParameters: 0 0 0

#Transform 186
Transform: AffineTransform_float_3_3
Parameters: 0.999979 -0.00219219 0.00599287 0.00202239 0.999598 0.0282676 -0.00605273 -0.0282544 0.999583 0.00972258 -0.080484 -0.401823
FixedParameters: 0 0 0

#Transform 187
Transform: AffineTransform_float_3_3
Parameters: 0.999976 -0.00236814 0.00654724 0.00217683 0.999576 0.02906 -0.0066132 -0.029045 0.999556 0.0135334 -0.133656 -0.50969
FixedParameters: 0 0 0

#Transform 188
Transform: AffineTransform_float_3_3
Parameters: 0.999976 -0.00230301 0.00654392 0.0021081 0.999559 0.0296475 -0.00660981 -0.0296325 0.999539 -0.0206959 -0.0683007 -0.401846
FixedParameters: 0 0 0

#Transform 189
Transform: AffineTransform_float_3_3
Parameters: 0.999966 -0.0009118 0.00813109 0.000644205 0.999461 0.0328112 -0.00815647 -0.0328048 0.999428 -0.102627 -0.0880845 -0.270919
FixedParameters: 0 0 0

#Transform 190
