#Insight Transform File V1.0
#Transform 0
Transform: AffineTransform_float_3_3
Parameters: 0.999999 -0.000309605 0.000835253 0.000312155 0.999996 -0.00274974 -0.000834455 0.00275026 0.999996 -0.105084 0.0247158 0.0444232
FixedParameters: 0 0 0

#Transform 1
Transform: AffineTransform_float_3_3
Parameters: 1 -0.000535059 0.000836804 0.000535973 0.999999 -0.00116955 -0.000836507 0.00116945 0.999999 -0.093388 0.0443016 -0.0265287
FixedParameters: 0 0 0

#Transform 2
Transform: AffineTransform_float_3_3
Parameters: 0.999999 -0.000309429 0.000730666 0.000310415 0.999999 -0.00138777 -0.000730761 0.00138823 0.999999 -0.0839915 -0.0151532 -0.0136828
FixedParameters: 0 0 0

#Transform 3
Transform: AffineTransform_float_3_3
Parameters: 1 -0.000302429 0.000435272 0.000303188 0.999998 -0.00206987 -0.000434973 0.00207013 0.999998 -0.0802887 0.0732453 0.0255019
FixedParameters: 0 0 0

#Transform 4
Transform: AffineTransform_float_3_3
Parameters: 1 -0.000422249 0.000560532 0.000422662 0.999999 -0.00129876 -0.00056039 0.00129924 0.999999 -0.0828649 0.0296498 -0.0347927
FixedParameters: 0 0 0

#Transform 5
Transform: AffineTransform_float_3_3
Parameters: 0.999999 -0.00041631 0.000691432 0.000417172 0.999999 -0.00137771 -0.000691239 0.00137829 0.999999 -0.0785937 0.0546642 -0.0163836
FixedParameters: 0 0 0

#Transform 6
Transform: AffineTransform_float_3_3
Parameters: 1 -0.000429297 0.000407501 0.000430003 0.999999 -0.000866824 -0.000406756 0.000867174 0.999999 -0.0636113 0.030639 -0.0365115
FixedParameters: 0 0 0

#Transform 7
Transform: AffineTransform_float_3_3
Parameters: 1 -0.00032021 0.000317538 0.00032072 0.999999 -0.000802898 -0.000317023 0.000803101 0.999999 -0.0453178 0.0227538 -0.00229134
FixedParameters: 0 0 0

#Transform 8
Transform: AffineTransform_float_3_3
Parameters: 1 -0.000302271 0.00047582 0.000302809 1 -0.000565856 -0.000475478 0.000566144 0.999999 -0.0674645 0.0468623 -0.0253516
FixedParameters: 0 0 0

#Transform 9
Transform: AffineTransform_float_3_3
Parameters: 1 -0.000438067 0.00021159 0.000438289 0.999999 -0.000626907 -0.000212039 0.000627093 1 -0.0516501 0.0140222 -0.0170155
FixedParameters: 0 0 0

#Transform 10
Transform: AffineTransform_float_3_3
Parameters: 1 -0.000446564 1.97403e-05 0.000446585 1 -0.000542991 -1.92554e-05 0.000543008 1 -0.0468144 0.0626731 -0.0452842
FixedParameters: 0 0 0

#Transform 11
Transform: AffineTransform_float_3_3
Parameters: 1 -0.000434962 0.000281533 0.00043533 0.999999 -0.000653877 -0.000280964 0.000654122 0.999999 -0.0455712 0.0221612 -0.0308585
FixedParameters: 0 0 0

#Transform 12
Transform: AffineTransform_float_3_3
Parameters: 0.999999 -0.00091226 0.000286484 0.000912477 1 -0.000453781 -0.000286656 0.00045322 1 -0.0676682 0.0505643 -0.0544689
FixedParameters: 0 0 0

#Transform 13
Transform: AffineTransform_float_3_3
Parameters: 1 -0.000519492 2.29668e-05 0.000519517 0.999999 -0.000547988 -2.23974e-05 0.000548011 1 -0.0233459 0.0227076 0.0145304
FixedParameters: 0 0 0

#Transform 14
Transform: AffineTransform_float_3_3
Parameters: 1 -0.000667649 0.00013568 0.000667821 0.999999 -0.000635909 -0.00013483 0.00063609 1 -0.0377498 0.0540352 -0.0239193
FixedParameters: 0 0 0

#Transform 15
Transform: AffineTransform_float_3_3
Parameters: 1 -0.000412598 1.82178e-05 0.000412616 1 -0.000491992 -1.78118e-05 0.000492007 1 -0.0282478 0.00784349 0.00898499
FixedParameters: 0 0 0

#Transform 16
Transform: AffineTransform_float_3_3
Parameters: 1 -0.000257745 1.14652e-05 0.000257763 0.999999 -0.000819996 -1.10424e-05 0.000820002 0.999999 -0.0195454 0.0481569 0.00101598
FixedParameters: 0 0 0

#Transform 17
Transform: AffineTransform_float_3_3
Parameters: 1 -0.000415591 1.84283e-05 0.000415616 0.999999 -0.000679992 -1.7863e-05 0.000680007 1 -0.0364796 0.00851272 0.0147776
FixedParameters: 0 0 0

#Transform 18
Transform: AffineTransform_float_3_3
Parameters: 1 4.99508e-05 -2.21788e-06 -4.9954e-05 0.999999 -0.000738999 2.14405e-06 0.000739 0.999999 -0.0226341 0.0219298 0.0159786
FixedParameters: 0 0 0

#Transform 19
Transform: AffineTransform_float_3_3
Parameters: 1 -8.19212e-05 3.59285e-06 8.19227e-05 1 -0.000196 -3.56073e-06 0.000196 1 -0.0150675 -0.0169396 -0.0207553
FixedParameters: 0 0 0

#Transform 20
Transform: AffineTransform_float_3_3
Parameters: 1 0.000150912 0.000155582 -0.000150947 1 0.000112977 -0.000155548 -0.000113023 1 -0.00195033 -0.0186857 -0.00453747
FixedParameters: 0 0 0

#Transform 21
Transform: AffineTransform_float_3_3
Parameters: 1 -0.000621234 0.000273996 0.00062219 0.999984 -0.00574384 -0.000270763 0.00574417 0.999984 0.00552668 0.0768887 0.0600115
FixedParameters: 0 0 0

#Transform 22
Transform: AffineTransform_float_3_3
Parameters: 1 -0.000449487 2.14655e-05 0.000449569 0.999991 -0.00408599 -1.979e-05 0.00408601 0.999991 -0.0145683 0.0561102 0.0524108
FixedParameters: 0 0 0

#Transform 23
Transform: AffineTransform_float_3_3
Parameters: 1 -0.000313122 -8.39002e-05 0.000312796 0.999998 -0.00168702 8.3957e-05 0.00168697 0.999998 -0.0116955 0.039178 0.00664363
FixedParameters: 0 0 0

#Transform 24
Transform: AffineTransform_float_3_3
Parameters: 1 0.000160837 -7.24967e-06 -0.000160857 0.999999 -0.001411 6.79576e-06 0.001411 0.999999 0.0122946 0.00568459 0.0393106
FixedParameters: 0 0 0

#Transform 25
Transform: AffineTransform_float_3_3
Parameters: 1 -3.99612e-05 1.76112e-06 3.99626e-05 1 -0.000409 -1.72843e-06 0.000409 1 -0.00772935 0.0328404 -0.00364826
FixedParameters: 0 0 0

#Transform 26
Transform: AffineTransform_float_3_3
Parameters: 1 0.000143857 -6.41584e-06 -0.000143869 0.999999 -0.000935998 6.14653e-06 0.000936 0.999999 -0.00111309 0.00684329 0.0302352
FixedParameters: 0 0 0

#Transform 27
Transform: AffineTransform_float_3_3
Parameters: 1 -0.000284722 1.2573e-05 0.000284735 1 -0.000496996 -1.229e-05 0.000497003 1 -0.0231733 0.0311749 0.0145114
FixedParameters: 0 0 0

#Transform 28
Transform: AffineTransform_float_3_3
Parameters: 1 -0.000183817 8.19324e-06 0.000183832 0.999999 -0.000909998 -7.85868e-06 0.000910001 0.999999 -0.022251 0.0258094 -0.0178696
FixedParameters: 0 0 0

#Transform 29
Transform: AffineTransform_float_3_3
Parameters: 1 -0.000147582 -0.000212661 0.000147261 0.999999 -0.000755031 0.000212883 0.000754968 0.999999 -0.00468657 0.0104699 0.02911
FixedParameters: 0 0 0

#Transform 30
Transform: AffineTransform_float_3_3
Parameters: 1 -0.000138076 -0.000159125 0.000138069 1 -2.5022e-05 0.000159132 2.4978e-05 1 -0.025145 0.0447375 0.00491809
FixedParameters: 0 0 0

#Transform 31
Transform: AffineTransform_float_3_3
Parameters: 1 0.000556619 -0.000225682 -0.000556768 1 -0.000331874 0.000225312 0.000332125 1 0.00235218 -0.0124878 0.0924263
FixedParameters: 0 0 0

#Transform 32
Transform: AffineTransform_float_3_3
Parameters: 0.999999 0.000839706 -0.000501508 -0.000840175 0.999999 -0.000468577 0.000500721 0.000468422 1 -0.029296 0.00927261 0.0455211
FixedParameters: 0 0 0

#Transform 33
Transform: AffineTransform_float_3_3
Parameters: 1 0.000490664 -0.000311103 -0.000491121 0.999999 -0.000803847 0.000311313 0.000804152 0.999999 -0.0324527 0.0522355 0.0782215
FixedParameters: 0 0 0

#Transform 34
Transform: AffineTransform_float_3_3
Parameters: 1 0.000216842 -0.000250127 -0.000217786 0.999998 -0.00188995 0.000249306 0.00189005 0.999998 -0.0422127 0.0635158 0.0553084
FixedParameters: 0 0 0

#Transform 35
Transform: AffineTransform_float_3_3
Parameters: 1 9.45525e-05 -1.21996e-05 -9.45687e-05 1 -0.000669999 1.20729e-05 0.000670001 1 -0.0185923 0.0285099 0.110445
FixedParameters: 0 0 0

#Transform 36
Transform: AffineTransform_float_3_3
Parameters: 1 8.86255e-05 -0.000146063 -8.87627e-05 1 -0.000616987 0.000146953 0.000617013 1 -0.0279804 0.056782 0.0633828
FixedParameters: 0 0 0

#Transform 37
Transform: AffineTransform_float_3_3
Parameters: 1 -0.000109471 -0.000235408 0.000109235 1 -0.000410026 0.000234499 0.000409974 1 -0.0164553 -0.000700356 0.0818219
FixedParameters: 0 0 0

#Transform 38
Transform: AffineTransform_float_3_3
Parameters: 1 -0.000152263 -0.000233624 0.000152404 1 0.000301964 0.000233532 -0.000302036 1 -0.0271597 0.0472112 0.0504332
FixedParameters: 0 0 0

#Transform 39
Transform: AffineTransform_float_3_3
Parameters: 1 8.46665e-05 -0.000243837 -8.52588e-05 0.999999 0.00092502 0.000243039 -0.000924979 0.999999 -0.010471 -0.0142728 0.0228969
FixedParameters: 0 0 0

#Transform 40
Transform: AffineTransform_float_3_3
Parameters: 1 -0.000218185 -0.00023078 0.000218356 1 0.00037095 0.000230618 -0.00037105 1 -0.019799 0.0508183 0.0360739
FixedParameters: 0 0 0

#Transform 41
Transform: AffineTransform_float_3_3
Parameters: 1 0.000328581 -0.000263886 -0.00032805 1 -0.000888957 0.000263258 0.000889043 0.999999 0.0244905 -0.00311947 0.09958
FixedParameters: 0 0 0

#Transform 42
Transform: AffineTransform_float_3_3
Parameters: 1 0.000410175 -7.46599e-05 -0.000410065 0.999999 0.00073303 7.52611e-05 -0.000732969 0.999999 -0.0053285 -0.000858664 0.132942
FixedParameters: 0 0 0

#Transform 43
Transform: AffineTransform_float_3_3
Parameters: 1 7.0832e-05 -0.000556612 -7.17431e-05 1 7.90399e-05 0.000556667 -7.89606e-05 1 0.0254376 0.0142609 0.0703932
FixedParameters: 0 0 0

#Transform 44
Transform: AffineTransform_float_3_3
Parameters: 1 -0.000173537 -0.000492939 0.000172794 1 0.000258915 0.000492893 -0.000259086 1 0.0071762 0.053814 0.0645481
FixedParameters: 0 0 0

#Transform 45
Transform: AffineTransform_float_3_3
Parameters: 0.999999 5.83841e-05 -0.000839352 -5.85033e-05 1 -7.09509e-05 0.000839343 7.1049e-05 0.999999 0.0436921 0.0241999 0.0977907
FixedParameters: 0 0 0

#Transform 46
Transform: AffineTransform_float_3_3
Parameters: 0.999999 6.1723e-05 -0.00076641 -6.2532e-05 1 0.000124048 0.000766469 -0.000123953 0.999999 0.0333633 0.0341575 0.0836999
FixedParameters: 0 0 0

#Transform 47
Transform: AffineTransform_float_3_3
Parameters: 1 7.3621e-05 -0.000493665 -7.44502e-05 1 0.000172037 0.000493734 -0.000171964 1 0.035023 0.0172696 0.081739
FixedParameters: 0 0 0

#Transform 48
Transform: AffineTransform_float_3_3
Parameters: 1 7.33033e-05 -0.000502645 -7.39827e-05 1 0.000318037 0.000502736 -0.000317963 1 0.0351799 0.0144032 0.100585
FixedParameters: 0 0 0

#Transform 49
Transform: AffineTransform_float_3_3
Parameters: 1 7.33449e-05 -0.000506611 -7.3592e-05 0.999999 0.000742037 0.000506763 -0.000741962 0.999999 0.0281001 0.0501792 0.0474418
FixedParameters: 0 0 0

#Transform 50
Transform: AffineTransform_float_3_3
Parameters: 0.999999 -8.52079e-07 -0.000804718 1.35262e-06 1 0.000310999 0.000804717 -0.000311001 0.999999 0.040941 0.000338918 0.0643544
FixedParameters: 0 0 0

#Transform 51
Transform: AffineTransform_float_3_3
Parameters: 0.999999 6.00099e-05 -0.000807365 -6.06682e-05 1 0.000211049 0.000807435 -0.000210952 0.999999 0.0338396 0.0510186 0.0652555
FixedParameters: 0 0 0

#Transform 52
Transform: AffineTransform_float_3_3
Parameters: 1 0.000184286 -0.000444234 -0.00018429 1 0.00112008 0.00044469 -0.00111992 1 0.0269314 0.00425122 0.0375645
FixedParameters: 0 0 0

#Transform 53
Transform: AffineTransform_float_3_3
Parameters: 1 6.60344e-05 -0.000685411 -6.52868e-05 0.999999 0.00127405 0.000685622 -0.00127396 0.999999 0.0272382 0.0397429 0.0661504
FixedParameters: 0 0 0

#Transform 54
Transform: AffineTransform_float_3_3
Parameters: 1 7.51408e-05 -0.000470604 -7.49367e-05 0.999999 0.00127804 0.000470839 -0.00127797 0.999999 0.0256498 0.0239157 0.0720382
FixedParameters: 0 0 0

#Transform 55
Transform: AffineTransform_float_3_3
Parameters: 1 -0.000270127 -0.000591151 0.000270925 0.999999 0.00152084 0.000590372 -0.00152016 0.999998 0.016671 0.0565484 0.0636535
FixedParameters: 0 0 0

#Transform 56
Transform: AffineTransform_float_3_3
Parameters: 1 7.35399e-05 -0.000508568 -7.32225e-05 0.999999 0.00129404 0.000508802 -0.00129396 0.999999 0.021362 0.0258697 0.0470048
FixedParameters: 0 0 0

#Transform 57
Transform: AffineTransform_float_3_3
Parameters: 1 -1.6858e-06 -0.000607472 2.31483e-06 0.999999 0.00134 0.00060751 -0.00134 0.999999 0.00809998 0.0393685 0.0654785
FixedParameters: 0 0 0

#Transform 58
Transform: AffineTransform_float_3_3
Parameters: 0.999999 -0.000336726 -0.000718384 0.000337551 0.999999 0.00126976 0.000717571 -0.00127024 0.999999 0.0217229 0.0415804 0.0404614
FixedParameters: 0 0 0

#Transform 59
Transform: AffineTransform_float_3_3
Parameters: 1 -0.000231112 -0.000649675 0.000231992 0.999999 0.000676893 0.000649361 -0.000677107 1 0.00231246 0.0358298 0.0586156
FixedParameters: 0 0 0

#Transform 60
Transform: AffineTransform_float_3_3
Parameters: 0.999999 -0.000279684 -0.000717788 0.00028044 0.999999 0.0012238 0.000717146 -0.0012232 0.999999 0.0132591 0.0308569 0.0423046
FixedParameters: 0 0 0

#Transform 61
Transform: AffineTransform_float_3_3
Parameters: 1 2.03408e-05 -0.000506335 -1.95236e-05 0.999999 0.000807009 0.000506367 -0.000806989 0.999999 0.0288504 0.0190391 0.0721872
FixedParameters: 0 0 0

#Transform 62
Transform: AffineTransform_float_3_3
Parameters: 1 7.32673e-05 -0.000508608 -7.34952e-05 0.999999 0.000758037 0.000508762 -0.000757962 0.999999 0.0319518 0.0192897 0.0562477
FixedParameters: 0 0 0

#Transform 63
Transform: AffineTransform_float_3_3
Parameters: 1 6.56469e-05 -0.000677489 -6.63723e-05 1 0.000202045 0.000677559 -0.000201956 1 0.0322313 0.00416374 0.0749368
FixedParameters: 0 0 0

#Transform 64
Transform: AffineTransform_float_3_3
Parameters: 1 7.30323e-05 -0.000508641 -7.37302e-05 1 0.000296037 0.000508729 -0.000295963 1 0.0332042 -0.0214321 0.112527
FixedParameters: 0 0 0

#Transform 65
Transform: AffineTransform_float_3_3
Parameters: 1 9.21412e-05 -6.71119e-05 -9.21819e-05 1 -0.000303994 6.70559e-05 0.000304006 1 0.0338061 -0.0708491 0.0494135
FixedParameters: 0 0 0

#Transform 66
Transform: AffineTransform_float_3_3
Parameters: 1 -0.000127118 -0.00013759 0.000127127 1 3.09825e-05 0.000137582 -3.10175e-05 1 0.0257692 -0.121173 0.0732392
FixedParameters: 0 0 0

#Transform 67
Transform: AffineTransform_float_3_3
Parameters: 1 -0.000415258 -4.30189e-05 0.000415277 1 0.000220982 4.28354e-05 -0.000221018 1 0.0315262 -0.0966731 0.0314634
FixedParameters: 0 0 0

#Transform 68
Transform: AffineTransform_float_3_3
Parameters: 1 -1.39164e-05 -0.000109487 1.36628e-05 1 -0.001158 0.000109519 0.001158 1 0.00539093 -0.0887906 0.142119
FixedParameters: 0 0 0

#Transform 69
Transform: AffineTransform_float_3_3
Parameters: 1 1.45835e-06 -0.000505522 -1.44125e-06 0.999999 0.00100504 0.000505568 -0.00100496 1 0.0121554 -0.0455134 0.0425811
FixedParameters: 0 0 0

#Transform 70
Transform: AffineTransform_float_3_3
Parameters: 1 0.000420948 -0.000523523 -0.000421196 0.999999 0.00075922 0.000523207 -0.000758779 0.999999 0.00729224 -0.0859649 0.0962295
FixedParameters: 0 0 0

#Transform 71
Transform: AffineTransform_float_3_3
Parameters: 1 4.15478e-06 -0.000505652 -3.74014e-06 1 0.000410002 0.000505655 -0.000409998 1 0.0123379 -0.0290866 0.0999667
FixedParameters: 0 0 0

#Transform 72
Transform: AffineTransform_float_3_3
Parameters: 1 7.02004e-05 -0.000508489 -6.95688e-05 1 0.000621035 0.000508575 -0.000620964 0.999999 0.0138434 -0.0748687 0.127383
FixedParameters: 0 0 0

#Transform 73
Transform: AffineTransform_float_3_3
Parameters: 1 0.000421166 -0.000523348 -0.000420978 0.999999 0.00117622 0.000523383 -0.00117578 0.999999 0.00733039 -0.0231348 0.0662081
FixedParameters: 0 0 0

#Transform 74
Transform: AffineTransform_float_3_3
Parameters: 1 0.000127398 -0.000435873 -0.00012781 1 0.000673055 0.000436089 -0.000672944 0.999999 0.015703 -0.0603207 0.0829753
FixedParameters: 0 0 0

#Transform 75
Transform: AffineTransform_float_3_3
Parameters: 1 0.000210203 -0.000386617 -0.000210476 1 -0.000353919 0.000386468 0.000354081 1 -0.00250545 0.000105396 0.0780677
FixedParameters: 0 0 0

#Transform 76
Transform: AffineTransform_float_3_3
Parameters: 1 0.000117178 -0.000510505 -0.000117501 1 0.00066206 0.000510704 -0.00066194 0.999999 -0.00201518 -0.062711 0.0438761
FixedParameters: 0 0 0

#Transform 77
Transform: AffineTransform_float_3_3
Parameters: 1 0.000258955 -0.000516651 -0.000258454 1 0.000484133 0.000516901 -0.000483866 0.999999 0.0164671 -0.0574213 0.0753922
FixedParameters: 0 0 0

#Transform 78
Transform: AffineTransform_float_3_3
Parameters: 1 0.000170724 -0.000458644 -0.000169569 0.999999 0.00125908 0.000459072 -0.00125892 0.999999 0.00512133 -0.0466225 0.0384586
FixedParameters: 0 0 0

#Transform 79
Transform: AffineTransform_float_3_3
Parameters: 0.999999 0.000379548 -0.000876191 -0.000378719 1 0.000473332 0.00087655 -0.000472667 0.999999 0.0257385 -0.0575237 0.0816411
FixedParameters: 0 0 0

#Transform 80
Transform: AffineTransform_float_3_3
Parameters: 1 1.30139e-05 -0.000591079 -1.24418e-05 0.999999 0.00132901 0.000591157 -0.00132899 0.999999 0.00587633 -0.0478637 0.0265527
FixedParameters: 0 0 0

#Transform 81
Transform: AffineTransform_float_3_3
Parameters: 0.999999 0.000143737 -0.000865806 -0.000142026 0.999998 0.00159117 0.000865306 -0.00159083 0.999999 0.0207699 -0.0570786 0.0418936
FixedParameters: 0 0 0

#Transform 82
Transform: AffineTransform_float_3_3
Parameters: 1 0.000332928 -0.000223167 -0.000333186 0.999998 0.00165707 0.000224315 -0.00165692 0.999998 0.0310299 -0.0435471 0.0603142
FixedParameters: 0 0 0

#Transform 83
Transform: AffineTransform_float_3_3
Parameters: 1 1.70367e-05 -0.000494169 -1.68812e-05 1 0.00116801 0.000494252 -0.00116799 0.999999 0.0237662 -0.0519451 0.0198906
FixedParameters: 0 0 0

#Transform 84
Transform: AffineTransform_float_3_3
Parameters: 1 0.00017505 -0.000667956 -0.000174029 0.999999 0.00154512 0.00066754 -0.00154488 0.999998 0.0319818 -0.0551895 0.0602054
FixedParameters: 0 0 0

#Transform 85
Transform: AffineTransform_float_3_3
Parameters: 1 1.43928e-05 -0.000557111 -1.40291e-05 1 0.00122301 0.00055719 -0.00122299 0.999999 0.00549041 -0.0467979 0.0494605
FixedParameters: 0 0 0

#Transform 86
Transform: AffineTransform_float_3_3
Parameters: 0.999999 0.000120064 -0.000706743 -0.000119495 1 0.00110909 0.000707052 -0.00110892 0.999999 0.030997 -0.0769574 0.0748926
FixedParameters: 0 0 0

#Transform 87
Transform: AffineTransform_float_3_3
Parameters: 1 9.14837e-05 -0.000556381 -9.11404e-05 1 0.00120605 0.000556645 -0.00120595 0.999999 0.0289575 -0.0334988 0.0493598
FixedParameters: 0 0 0

#Transform 88
Transform: AffineTransform_float_3_3
Parameters: 1 1.34182e-05 -0.00058009 -1.29971e-05 1 0.00122401 0.000580166 -0.00122399 0.999999 0.0309578 -0.0801702 0.0860653
FixedParameters: 0 0 0

#Transform 89
Transform: AffineTransform_float_3_3
Parameters: 1 1.12541e-05 -0.000632043 -1.06249e-05 0.999999 0.00128801 0.000632115 -0.00128799 0.999999 0.0307803 -0.0330819 0.0678158
FixedParameters: 0 0 0

#Transform 90
Transform: AffineTransform_float_3_3
Parameters: 1 1.1359e-05 -0.000632041 -1.052e-05 0.999999 0.00145401 0.000632116 -0.00145399 0.999998 0.037596 -0.0822399 0.0420392
FixedParameters: 0 0 0

#Transform 91
Transform: AffineTransform_float_3_3
Parameters: 1 1.42741e-05 -0.000562104 -1.37115e-05 0.999999 0.00138901 0.000562187 -0.00138899 0.999999 0.0253647 -0.0328811 0.063692
FixedParameters: 0 0 0

#Transform 92
Transform: AffineTransform_float_3_3
Parameters: 1 1.64967e-05 -0.00051015 -1.60254e-05 0.999999 0.00144101 0.00051024 -0.00144099 0.999999 0.0243602 -0.0633218 0.0409834
FixedParameters: 0 0 0

#Transform 93
Transform: AffineTransform_float_3_3
Parameters: 1 1.12459e-05 -0.000632043 -1.06331e-05 0.999999 0.00127501 0.000632115 -0.00127499 0.999999 0.0305586 -0.0572082 0.0843084
FixedParameters: 0 0 0

#Transform 94
Transform: AffineTransform_float_3_3
Parameters: 1 1.72333e-05 -0.000489174 -1.71208e-05 1 0.00113601 0.000489257 -0.00113599 0.999999 0.0188192 -0.0335234 0.0528294
FixedParameters: 0 0 0

#Transform 95
Transform: AffineTransform_float_3_3
Parameters: 0.999999 0.000323963 -0.000645298 -0.000323364 0.999999 0.00127221 0.000645166 -0.00127179 0.999999 0.0474924 -0.0775079 0.0792034
FixedParameters: 0 0 0

#Transform 96
Transform: AffineTransform_float_3_3
Parameters: 1 0.000369665 -0.000467945 -0.000368207 0.999998 0.00160417 0.00046813 -0.00160383 0.999998 0.0447226 -0.0385256 0.0761743
FixedParameters: 0 0 0

#Transform 97
Transform: AffineTransform_float_3_3
Parameters: 0.999999 0.000533923 -0.00065407 -0.000533004 0.999998 0.00149835 0.000654714 -0.00149865 0.999998 0.0330528 -0.0632036 0.0274979
FixedParameters: 0 0 0

#Transform 98
Transform: AffineTransform_float_3_3
Parameters: 0.999999 0.00038399 -0.000647791 -0.000383223 0.999999 0.00139725 0.000647907 -0.00139675 0.999999 0.0338243 -0.0615577 0.094565
FixedParameters: 0 0 0

#Transform 99
Transform: AffineTransform_float_3_3
Parameters: 1 0.000254402 -0.000642185 -0.000253059 0.999998 0.00185716 0.000642172 -0.00185684 0.999998 0.0103952 -0.0410925 0.0601652
FixedParameters: 0 0 0

#Transform 100
Transform: AffineTransform_float_3_3
Parameters: 0.999999 0.000316117 -0.000644888 -0.000315226 0.999999 0.0014982 0.000644878 -0.00149879 0.999998 0.0235067 -0.0664754 0.0681118
FixedParameters: 0 0 0

#Transform 101
Transform: AffineTransform_float_3_3
Parameters: 1 0.0003498 -0.000296998 -0.000348954 0.999999 0.0014981 0.000297046 -0.0014979 0.999999 -0.00173198 -0.0247102 0.0171962
FixedParameters: 0 0 0

#Transform 102
Transform: AffineTransform_float_3_3
Parameters: 1 0.000263353 -0.000423498 -0.000262214 0.999999 0.00139611 0.000423232 -0.00139589 0.999999 0.0049316 -0.066301 0.125633
FixedParameters: 0 0 0

#Transform 103
Transform: AffineTransform_float_3_3
Parameters: 1 0.00026363 -0.000423325 -0.000261937 0.999998 0.00205111 0.000423404 -0.00205089 0.999998 0.00496282 -0.00359246 0.102653
FixedParameters: 0 0 0

#Transform 104
Transform: AffineTransform_float_3_3
Parameters: 1 0.000657094 -0.000899169 -0.000655641 0.999998 0.00194159 0.000900806 -0.00194141 0.999997 0.0293137 -0.0455511 0.11021
FixedParameters: 0 0 0

#Transform 105
Transform: AffineTransform_float_3_3
Parameters: 1 0.000263981 -0.000423106 -0.000262584 0.999996 0.00288111 0.000423668 -0.00288089 0.999996 -0.00513977 0.011679 0.0639725
FixedParameters: 0 0 0

#Transform 106
Transform: AffineTransform_float_3_3
Parameters: 1 0.000474266 -0.000432296 -0.000473898 0.999998 0.00163021 0.000432886 -0.00163079 0.999998 0.00285085 -0.0167435 0.0907407
FixedParameters: 0 0 0

#Transform 107
Transform: AffineTransform_float_3_3
Parameters: 1 0.000260914 -0.000482416 -0.000259506 0.999999 0.00150512 0.000482201 -0.00150487 0.999999 0.00645464 0.00990798 0.0804517
FixedParameters: 0 0 0

#Transform 108
Transform: AffineTransform_float_3_3
Parameters: 1 0.000102632 -0.000416666 -0.000102241 0.999998 0.00172109 0.000416063 -0.00172091 0.999999 0.00593131 -0.035641 0.0799456
FixedParameters: 0 0 0

#Transform 109
Transform: AffineTransform_float_3_3
Parameters: 1 0.000263399 -0.000423469 -0.000262168 0.999999 0.00150511 0.000423261 -0.00150489 0.999999 0.00496217 -0.0109783 0.0854498
FixedParameters: 0 0 0

#Transform 110
Transform: AffineTransform_float_3_3
Parameters: 1 0.000263227 -0.000423576 -0.00026234 1 0.00109911 0.000423154 -0.00109889 1 0.00494889 -0.0523379 0.0911456
FixedParameters: 0 0 0

#Transform 111
Transform: AffineTransform_float_3_3
Parameters: 1 0.000263786 -0.000396992 -0.000263093 1 -0.000384895 0.000396746 0.000385105 1 0.0199992 -0.0358974 0.134574
FixedParameters: 0 0 0

#Transform 112
Transform: AffineTransform_float_3_3
Parameters: 1 0.000261725 -0.00046733 -0.000260004 0.999998 0.00188812 0.000467316 -0.00188788 0.999998 0.00602412 -0.0414971 0.0726438
FixedParameters: 0 0 0

#Transform 113
Transform: AffineTransform_float_3_3
Parameters: 1 0.000264539 -0.000392608 -0.000263732 1 0.0010841 0.000392182 -0.0010839 1 0.0132908 -0.0676297 0.102784
FixedParameters: 0 0 0

#Transform 114
Transform: AffineTransform_float_3_3
Parameters: 1 0.000254303 -0.00061866 -0.000254208 1 7.61592e-05 0.000618699 -7.68408e-05 1 0.00984182 0.00958276 0.115667
FixedParameters: 0 0 0

#Transform 115
Transform: AffineTransform_float_3_3
Parameters: 1 0.000387558 -0.000548564 -0.000386293 0.999997 0.00210221 0.000549235 -0.00210179 0.999997 0.0119795 -0.0577544 0.100545
FixedParameters: 0 0 0

#Transform 116
Transform: AffineTransform_float_3_3
Parameters: 1 0.000259424 -0.000542848 -0.000256673 0.999994 0.00349214 0.000543695 -0.00349186 0.999994 0.00797025 -0.0231744 0.0916896
FixedParameters: 0 0 0

#Transform 117
Transform: AffineTransform_float_3_3
Parameters: 1 0.000258683 -0.000543201 -0.000257414 0.999997 0.00212714 0.000543344 -0.00212686 0.999997 0.00795479 -0.042653 0.103541
FixedParameters: 0 0 0

#Transform 118
Transform: AffineTransform_float_3_3
Parameters: 1 0.000258986 -0.000543058 -0.000257112 0.999997 0.00268414 0.000543487 -0.00268386 0.999997 0.00796709 -0.0224397 0.0996742
FixedParameters: 0 0 0

#Transform 119
Transform: AffineTransform_float_3_3
Parameters: 0.999999 0.000374307 -0.000741745 -0.00037163 0.999995 0.00317728 0.000743204 -0.00317772 0.999994 0.00805026 -0.0853453 0.028533
FixedParameters: 0 0 0

#Transform 120
Transform: AffineTransform_float_3_3
Parameters: 1 -5.1025e-05 -0.000530396 5.33303e-05 0.999992 0.00405797 0.00053006 -0.00405803 0.999991 0.0090165 -0.15142 0.130597
FixedParameters: 0 0 0

#Transform 121
Transform: AffineTransform_float_3_3
Parameters: 1 0.000191081 -0.00054026 -0.000189146 0.999996 0.0027561 0.000540352 -0.0027559 0.999996 0.0437052 -0.172475 0.273007
FixedParameters: 0 0 0

#Transform 122
Transform: AffineTransform_float_3_3
Parameters: 1 -0.000229683 -0.000523004 0.000231331 0.999997 0.00253288 0.00052188 -0.00253312 0.999996 -0.00744696 -0.0439695 0.193152
FixedParameters: 0 0 0

#Transform 123
Transform: AffineTransform_float_3_3
Parameters: 1 -0.000453655 -0.000513658 0.000453979 0.999998 0.00221977 0.00051273 -0.00222023 0.999998 -0.00726173 -0.0809567 0.218782
FixedParameters: 0 0 0

#Transform 124
Transform: AffineTransform_float_3_3
Parameters: 1 -7.77256e-05 -0.000529262 7.95793e-05 0.999997 0.00269596 0.000528882 -0.00269604 0.999996 0.00555956 -0.0587266 0.221171
FixedParameters: 0 0 0

#Transform 125
Transform: AffineTransform_float_3_3
Parameters: 1 0.000109121 -0.000536915 -0.000108262 0.999997 0.00270306 0.000536591 -0.00270294 0.999996 0.00530612 -0.0770792 0.194118
FixedParameters: 0 0 0

#Transform 126
Transform: AffineTransform_float_3_3
Parameters: 1 0.000324753 -0.000545865 -0.000324217 0.999997 0.00236018 0.000546484 -0.00235982 0.999997 0.0295175 -0.0574579 0.237378
FixedParameters: 0 0 0

#Transform 127
Transform: AffineTransform_float_3_3
Parameters: 1 -0.000198284 -0.000604281 0.000199777 0.999998 0.00206288 0.000603504 -0.00206312 0.999997 0.0174479 -0.0530071 0.195979
FixedParameters: 0 0 0

#Transform 128
Transform: AffineTransform_float_3_3
Parameters: 1 -8.78563e-05 -0.00052883 8.94296e-05 0.999997 0.00243295 0.000528442 -0.00243305 0.999997 0.0288735 -0.0678613 0.179171
FixedParameters: 0 0 0

#Transform 129
Transform: AffineTransform_float_3_3
Parameters: 1 -0.000303394 -0.000520096 0.000304526 0.999995 0.00296889 0.000519378 -0.00296911 0.999996 0.0181529 -0.0538698 0.168599
FixedParameters: 0 0 0

#Transform 130
Transform: AffineTransform_float_3_3
Parameters: 1 8.51223e-05 -0.000535936 -8.33076e-05 0.999997 0.00266705 0.00053543 -0.00266696 0.999997 0.0300048 -0.0945737 0.220031
FixedParameters: 0 0 0

#Transform 131
Transform: AffineTransform_float_3_3
Parameters: 1 9.05317e-05 -0.000403056 -8.95007e-05 0.999996 0.00257403 0.000402564 -0.00257396 0.999996 0.0170234 -0.0728955 0.204592
FixedParameters: 0 0 0

#Transform 132
Transform: AffineTransform_float_3_3
Parameters: 1 9.40619e-05 -0.000317128 -9.3427e-05 0.999996 0.00257403 0.000317654 -0.00257397 0.999996 0.0206581 -0.0934052 0.194777
FixedParameters: 0 0 0

#Transform 133
Transform: AffineTransform_float_3_3
Parameters: 1 -5.83759e-05 -0.000423968 5.97104e-05 0.999996 0.00275298 0.000423687 -0.00275303 0.999996 0.0211791 -0.0727426 0.200959
FixedParameters: 0 0 0

#Transform 134
Transform: AffineTransform_float_3_3
Parameters: 1 1.88058e-05 -0.000427105 -1.79595e-05 0.999995 0.00332901 0.000427314 -0.003329 0.999995 0.0178109 -0.0755202 0.129274
FixedParameters: 0 0 0

#Transform 135
Transform: AffineTransform_float_3_3
Parameters: 1 0.000233594 -0.000360747 -0.000232356 0.999995 0.00315908 0.000361264 -0.00315892 0.999995 0.0345876 -0.08283 0.172464
FixedParameters: 0 0 0

#Transform 136
Transform: AffineTransform_float_3_3
Parameters: 1 -0.000233012 -0.000416938 0.000233787 0.999994 0.00327495 0.000416496 -0.00327505 0.999995 0.0216854 -0.0621068 0.182272
FixedParameters: 0 0 0

#Transform 137
Transform: AffineTransform_float_3_3
Parameters: 1 8.96187e-05 -0.000429993 -8.8012e-05 0.999996 0.00302804 0.000430574 -0.00302796 0.999996 0.0426055 -0.104603 0.199592
FixedParameters: 0 0 0

#Transform 138
Transform: AffineTransform_float_3_3
Parameters: 1 8.95967e-05 -0.000429997 -8.80339e-05 0.999995 0.00297708 0.00043057 -0.00297692 0.999996 0.0314533 -0.0411816 0.217618
FixedParameters: 0 0 0

#Transform 139
Transform: AffineTransform_float_3_3
Parameters: 1 -5.82138e-05 -0.000567095 6.03591e-05 0.999996 0.00277297 0.00056681 -0.00277303 0.999996 0.0198938 -0.0816647 0.201385
FixedParameters: 0 0 0

#Transform 140
Transform: AffineTransform_float_3_3
Parameters: 1 8.96931e-05 -0.000429977 -8.79375e-05 0.999995 0.00320104 0.000430589 -0.00320096 0.999995 0.0206469 -0.0196182 0.206721
FixedParameters: 0 0 0

#Transform 141
Transform: AffineTransform_float_3_3
Parameters: 1 8.95336e-05 -0.00043001 -8.80972e-05 0.999996 0.00283004 0.000430556 -0.00282996 0.999996 0.0206449 -0.063814 0.197608
FixedParameters: 0 0 0

#Transform 142
Transform: AffineTransform_float_3_3
Parameters: 1 8.9783e-05 -0.000429958 -8.78475e-05 0.999994 0.00341004 0.000430607 -0.00340996 0.999994 0.00446337 -0.0781328 0.202957
FixedParameters: 0 0 0

#Transform 143
Transform: AffineTransform_float_3_3
Parameters: 1 -0.00023431 -0.000616973 0.000236949 0.999995 0.00291385 0.000616642 -0.00291414 0.999995 0.0135472 -0.0642181 0.200784
FixedParameters: 0 0 0

#Transform 144
Transform: AffineTransform_float_3_3
Parameters: 0.999999 -8.91395e-05 -0.000716975 9.15594e-05 0.999995 0.00308194 0.000716506 -0.00308207 0.999995 0.0229741 -0.0751008 0.198161
FixedParameters: 0 0 0

#Transform 145
Transform: AffineTransform_float_3_3
Parameters: 1 8.95662e-05 -0.000430003 -8.80649e-05 0.999996 0.00290504 0.000430563 -0.00290596 0.999995 0.0206427 -0.0460952 0.222735
FixedParameters: 0 0 0

#Transform 146
Transform: AffineTransform_float_3_3
Parameters: 0.999999 7.50971e-05 -0.000800636 -7.22128e-05 0.999993 0.00370106 0.000800313 -0.00370094 0.999993 0.0329791 -0.110467 0.197107
FixedParameters: 0 0 0

#Transform 147
Transform: AffineTransform_float_3_3
Parameters: 1 -5.09791e-05 -0.000658466 5.25546e-05 0.999997 0.00271397 0.000658272 -0.00271404 0.999996 0.0225849 -0.00474659 0.235832
FixedParameters: 0 0 0

#Transform 148
Transform: AffineTransform_float_3_3
Parameters: 1 8.95022e-05 -0.000430017 -8.81287e-05 0.999996 0.00275704 0.00043055 -0.00275696 0.999996 0.0206468 -0.0875219 0.202342
FixedParameters: 0 0 0

#Transform 149
Transform: AffineTransform_float_3_3
Parameters: 1 -0.000222256 -0.000417257 0.000222518 0.999997 0.00271191 0.000416138 -0.00271209 0.999996 0.0039887 -0.0254835 0.192798
FixedParameters: 0 0 0

#Transform 150
Transform: AffineTransform_float_3_3
Parameters: 1 8.94528e-05 -0.000430027 -8.81782e-05 0.999997 0.00264204 0.00043054 -0.00264196 0.999997 0.0125694 -0.0590578 0.190432
FixedParameters: 0 0 0

#Transform 151
Transform: AffineTransform_float_3_3
Parameters: 1 8.79083e-05 -0.000430345 -8.7725e-05 0.999999 -0.000947919 0.000430135 0.000948081 1 0.0206366 -0.0180334 0.230982
FixedParameters: 0 0 0

#Transform 152
Transform: AffineTransform_float_3_3
Parameters: 1 8.95628e-05 -0.000430004 -8.80679e-05 0.999996 0.00289804 0.000430562 -0.00289796 0.999995 0.0147409 -0.0676484 0.171399
FixedParameters: 0 0 0

#Transform 153
Transform: AffineTransform_float_3_3
Parameters: 1 -0.000122851 -0.000362002 0.000122962 1 0.000153955 0.000361964 -0.000154044 1 0.0126031 -0.0159211 0.219311
FixedParameters: 0 0 0

#Transform 154
Transform: AffineTransform_float_3_3
Parameters: 1 5.91577e-05 -0.000532194 -5.95357e-05 0.999999 -0.00129397 0.000531997 0.00129403 0.999999 0.0149349 -0.0416034 0.228209
FixedParameters: 0 0 0

#Transform 155
Transform: AffineTransform_float_3_3
Parameters: 1 7.34973e-05 -0.000279589 -7.42609e-05 0.999999 -0.00136598 0.000279387 0.00136602 0.999999 0.0126121 -0.0533018 0.241073
FixedParameters: 0 0 0

#Transform 156
Transform: AffineTransform_float_3_3
Parameters: 1 -0.000274457 -0.000265604 0.000275212 0.999988 0.00502493 0.000264928 -0.00502508 0.999988 0.00558145 -0.0789722 0.178794
FixedParameters: 0 0 0

#Transform 157
Transform: AffineTransform_float_3_3
Parameters: 0.999999 -0.000175671 -0.000741593 0.000178354 0.999993 0.00380091 0.000741377 -0.00380009 0.999993 -0.0056221 -0.0979569 0.263063
FixedParameters: 0 0 0

#Transform 158
Transform: AffineTransform_float_3_3
Parameters: 0.999999 0.000148751 -0.001223 -0.000144832 0.999994 0.00325322 0.00122313 -0.00325377 0.999994 0.0338856 -0.024948 0.252231
FixedParameters: 0 0 0

#Transform 159
Transform: AffineTransform_float_3_3
Parameters: 1 8.12367e-05 -0.00122034 -7.84729e-05 0.999996 0.00278814 0.00121996 -0.00278786 0.999996 0.03095 -0.0705248 0.218412
FixedParameters: 0 0 0

#Transform 160
Transform: AffineTransform_float_3_3
Parameters: 1 0.000285615 -0.00114726 -0.000281823 0.999992 0.00386737 0.00114768 -0.00386663 0.999992 0.0345356 -0.0887848 0.256222
FixedParameters: 0 0 0

#Transform 161
Transform: AffineTransform_float_3_3
Parameters: 0.999999 0.000164947 -0.00122345 -0.000159604 0.999991 0.00424224 0.00122404 -0.00424176 0.999991 0.00521797 -0.0195162 0.186079
FixedParameters: 0 0 0

#Transform 162
Transform: AffineTransform_float_3_3
Parameters: 0.999999 0.00033641 -0.00132844 -0.000331253 0.999992 0.00383548 0.00133022 -0.00383451 0.999992 0.0332897 -0.0887472 0.208234
FixedParameters: 0 0 0

#Transform 163
Transform: AffineTransform_float_3_3
Parameters: 1 4.18729e-05 -0.00116358 -3.77167e-05 0.999992 0.00395205 0.00116311 -0.00395195 0.999991 0.0202898 -0.0583014 0.177786
FixedParameters: 0 0 0

#Transform 164
Transform: AffineTransform_float_3_3
Parameters: 0.999999 -0.000202435 -0.000974634 0.000204924 0.999994 0.00332884 0.000973453 -0.00332915 0.999994 0.0217132 -0.104819 0.175362
FixedParameters: 0 0 0

#Transform 165
Transform: AffineTransform_float_3_3
Parameters: 0.999999 0.000589459 -0.00128933 -0.000584046 0.999991 0.0040658 0.00129232 -0.00406519 0.999991 0.0305763 -0.0954263 0.229765
FixedParameters: 0 0 0

#Transform 166
Transform: AffineTransform_float_3_3
Parameters: 0.999999 0.000590489 -0.00128886 -0.00058406 0.999988 0.0048648 0.00129183 -0.0048642 0.999988 0.0153805 -0.10572 0.201742
FixedParameters: 0 0 0

#Transform 167
Transform: AffineTransform_float_3_3
Parameters: 0.999999 0.000592457 -0.00128795 -0.000584135 0.99998 0.00639176 0.00129182 -0.00639124 0.999979 0.0274461 -0.184105 0.213023
FixedParameters: 0 0 0

#Transform 168
Transform: AffineTransform_float_3_3
Parameters: 0.999998 0.000233189 -0.00162688 -0.000223264 0.999981 0.00614541 0.00162812 -0.00614458 0.99998 0.027364 -0.103363 0.210671
FixedParameters: 0 0 0

#Transform 169
Transform: AffineTransform_float_3_3
Parameters: 0.999999 4.96073e-05 -0.00154085 -3.90015e-05 0.999976 0.00700512 0.00154195 -0.00700489 0.999975 0.0201233 -0.167637 0.162631
FixedParameters: 0 0 0

#Transform 170
Transform: AffineTransform_float_3_3
Parameters: 0.999999 0.000377537 -0.00143781 -0.000367675 0.999975 0.00696058 0.00143944 -0.00696041 0.999975 0.0266291 -0.130583 0.19208
FixedParameters: 0 0 0

#Transform 171
Transform: AffineTransform_float_3_3
Parameters: 0.999999 0.000563986 -0.00146495 -0.000555116 0.999979 0.00648886 0.00146866 -0.00648813 0.999978 0.0436358 -0.122014 0.173854
FixedParameters: 0 0 0

#Transform 172
Transform: AffineTransform_float_3_3
Parameters: 0.999999 0.000346112 -0.00181603 -0.000334019 0.999977 0.00666271 0.00181809 -0.00666229 0.999976 0.0513896 -0.143211 0.180967
FixedParameters: 0 0 0

#Transform 173
Transform: AffineTransform_float_3_3
Parameters: 0.999999 6.05223e-05 -0.00125303 -5.1213e-05 0.999974 0.00729907 0.00125423 -0.00729893 0.999972 0.0232204 -0.118425 0.12738
FixedParameters: 0 0 0

#Transform 174
Transform: AffineTransform_float_3_3
Parameters: 0.999998 0.000446348 -0.00181881 -0.000430687 0.999964 0.00847784 0.00182191 -0.00847715 0.999962 0.0493738 -0.186246 0.17688
FixedParameters: 0 0 0

#Transform 175
Transform: AffineTransform_float_3_3
Parameters: 0.999999 4.27315e-05 -0.00180461 -2.68938e-05 0.999964 0.00855111 0.00180486 -0.00855189 0.999962 0.0370679 -0.16328 0.160244
FixedParameters: 0 0 0

#Transform 176
Transform: AffineTransform_float_3_3
Parameters: 0.999999 0.000310465 -0.00149365 -0.000297673 0.99996 0.00899851 0.00149673 -0.00899851 0.999959 0.0368771 -0.173851 0.133078
FixedParameters: 0 0 0

#Transform 177
Transform: AffineTransform_float_3_3
Parameters: 0.999998 4.71145e-05 -0.0016677 -3.34614e-05 0.999965 0.00829915 0.00166799 -0.00829884 0.999964 0.0334964 -0.143032 0.174456
FixedParameters: 0 0 0

#Transform 178
Transform: AffineTransform_float_3_3
Parameters: 0.999999 5.57407e-05 -0.00142585 -4.39492e-05 0.999965 0.00835312 0.00142621 -0.00835289 0.999964 0.0182102 -0.151421 0.126361
FixedParameters: 0 0 0

#Transform 179
Transform: AffineTransform_float_3_3
Parameters: 0.999999 5.56908e-05 -0.00142586 -4.40005e-05 0.999966 0.00831712 0.00142621 -0.00831789 0.999965 0.0298502 -0.137864 0.158335
FixedParameters: 0 0 0

#Transform 180
Transform: AffineTransform_float_3_3
Parameters: 0.999999 5.57008e-05 -0.00142586 -4.39891e-05 0.999966 0.00832512 0.00142621 -0.00832489 0.999965 0.0275508 -0.146617 0.0931327
FixedParameters: 0 0 0

#Transform 181
Transform: AffineTransform_float_3_3
Parameters: 0.999999 0.000380509 -0.00138128 -0.000368585 0.999965 0.00834956 0.00138402 -0.00834844 0.999964 0.0359584 -0.153951 0.150903
FixedParameters: 0 0 0

#Transform 182
Transform: AffineTransform_float_3_3
Parameters: 0.999999 0.000236626 -0.00136031 -0.000226047 0.999969 0.00795337 0.00136247 -0.00795365 0.999968 0.0312163 -0.133194 0.13097
FixedParameters: 0 0 0

#Transform 183
Transform: AffineTransform_float_3_3
Parameters: 0.999999 5.71146e-05 -0.00135395 -4.68081e-05 0.999972 0.00749211 0.00135516 -0.00749189 0.999971 0.0256816 -0.159583 0.168958
FixedParameters: 0 0 0

#Transform 184
Transform: AffineTransform_float_3_3
Parameters: 0.999998 4.59932e-05 -0.00168571 -3.30144e-05 0.999968 0.00801011 0.00168595 -0.00801088 0.999966 0.0340059 -0.142323 0.143192
FixedParameters: 0 0 0

#Transform 185
Transform: AffineTransform_float_3_3
Parameters: 0.999999 0.000444509 -0.0016677 -0.000430661 0.999964 0.00838777 0.00167165 -0.00838722 0.999963 0.0410071 -0.194122 0.145164
FixedParameters: 0 0 0

#Transform 186
Transform: AffineTransform_float_3_3
Parameters: 0.999999 0.000404146 -0.00177747 -0.000389414 0.999967 0.00812075 0.00178053 -0.00812024 0.999965 0.0381927 -0.14604 0.109819
FixedParameters: 0 0 0

#Transform 187
Transform: AffineTransform_float_3_3
Parameters: 0.999998 0.000772844 -0.00194 -0.000758133 0.99997 0.00772258 0.00194548 -0.00772043 0.999969 0.0521817 -0.190178 0.169237
FixedParameters: 0 0 0

#Transform 188
Transform: AffineTransform_float_3_3
Parameters: 0.999999 0.000608213 -0.000784855 -0.000605351 0.999992 0.00378148 0.000787576 -0.00378152 0.999992 0.0410383 -0.188912 0.224064
FixedParameters: 0 0 0

#Transform 189
Transform: AffineTransform_float_3_3
Parameters: 0.999999 0.000776755 -0.00127208 -0.000768537 0.999982 0.00605399 0.00127675 -0.00605301 0.999981 0.00139934 -0.163229 0.204431
FixedParameters: 0 0 0

#Transform 190
Transform: AffineTransform_float_3_3
Parameters: 0.999998 0.000847447 -0.00138392 -0.000839189 0.999982 0.00593922 0.00138929 -0.00593779 0.999982 0.0176504 -0.21927 0.217459
FixedParameters: 0 0 0

#Transform 191
