# transform file /out/sourcedata/freesurfer/sub-v1s22x0050450_ses-1/mri/transforms/cc_up.lta
# created by oesteban on Mon Mar  9 13:36:38 2026

type      = 0 # LINEAR_VOX_TO_VOX
nxforms   = 1
mean      = 126.0000 99.0000 114.0000
sigma     = 10000.0000
1 4 4
9.983077645301819e-01 -5.635735020041466e-02 -1.433973293751478e-02 1.009704494476318e+01 
5.635153874754906e-02 9.984107017517090e-01 -8.094357908703387e-04 4.322056198120117e+01 
1.436255965381861e-02 0.000000000000000e+00 9.998968839645386e-01 2.222976493835449e+01 
0.000000000000000e+00 0.000000000000000e+00 0.000000000000000e+00 1.000000000000000e+00 
src volume info
valid = 1  # volume info valid
filename = /out/sourcedata/freesurfer/sub-v1s22x0050450_ses-1/mri/norm.mgz
volume = 256 256 256
voxelsize = 1.000000000000000e+00 1.000000000000000e+00 1.000000000000000e+00
xras   = -9.999999403953552e-01 -1.458829501643777e-09 1.862645149230957e-09
yras   = 0.000000000000000e+00 -2.910383045673370e-11 -1.000000000000000e+00
zras   = -4.038156475871801e-10 1.000000000000000e+00 -2.910383045673370e-11
cras   = 2.920799255371094e+00 4.762003326416016e+01 -1.231140136718750e+00
dst volume info
valid = 1  # volume info valid
filename = /out/sourcedata/freesurfer/sub-v1s22x0050450_ses-1/mri/norm.mgz
volume = 256 256 256
voxelsize = 1.000000000000000e+00 1.000000000000000e+00 1.000000000000000e+00
xras   = -9.999999403953552e-01 -1.458829501643777e-09 1.862645149230957e-09
yras   = 0.000000000000000e+00 -2.910383045673370e-11 -1.000000000000000e+00
zras   = -4.038156475871801e-10 1.000000000000000e+00 -2.910383045673370e-11
cras   = 2.920799255371094e+00 4.762003326416016e+01 -1.231140136718750e+00
