type      = 1 # LINEAR_RAS_TO_RAS
nxforms   = 1
mean      = 0.0000 0.0000 0.0000
sigma     = 1.0000
1 4 4
1.021926999092102e+00 1.714099943637848e-02 -6.245600059628487e-02 -4.231049060821533e+00 
-1.256099995225668e-02 9.520699977874756e-01 1.238920018076897e-01 -5.156095886230469e+01 
4.275399819016457e-02 -1.438879966735840e-01 1.093263983726501e+00 -2.226325988769531e+01 
0.000000000000000e+00 0.000000000000000e+00 0.000000000000000e+00 1.000000000000000e+00 
src volume info
valid = 1  # volume info valid
filename = /out/sourcedata/freesurfer/sub-v1s22x0050450_ses-1/mri/orig_nu.mgz
volume = 256 256 256
voxelsize = 1.000000000000000e+00 1.000000000000000e+00 1.000000000000000e+00
xras   = -9.999999403953552e-01 -1.458829501643777e-09 1.862645149230957e-09
yras   = 0.000000000000000e+00 -2.910383045673370e-11 -1.000000000000000e+00
zras   = -4.038156475871801e-10 1.000000000000000e+00 -2.910383045673370e-11
cras   = 2.920799255371094e+00 4.762003326416016e+01 -1.231140136718750e+00
dst volume info
valid = 1  # volume info valid
filename = /opt/freesurfer/average/mni305.cor.mgz
volume = 256 256 256
voxelsize = 1.000000000000000e+00 1.000000000000000e+00 1.000000000000000e+00
xras   = -1.000000000000000e+00 0.000000000000000e+00 0.000000000000000e+00
yras   = 0.000000000000000e+00 0.000000000000000e+00 -1.000000000000000e+00
zras   = 0.000000000000000e+00 1.000000000000000e+00 0.000000000000000e+00
cras   = 0.000000000000000e+00 0.000000000000000e+00 0.000000000000000e+00
subject fsaverage
fscale 0.100000
