# transform file transforms/talairach.lta
# created by oesteban on Mon Mar  9 12:30:33 2026

type      = 0 # LINEAR_VOX_TO_VOX
nxforms   = 1
mean      = 126.0000 100.0000 114.0000
sigma     = 10000.0000
1 4 4
1.011990427970886e+00 -5.795996636152267e-02 -9.721529786475003e-04 4.769623279571533e+00 
4.783635213971138e-02 1.118577122688293e+00 1.585493832826614e-01 -1.134420680999756e+01 
-7.631077431142330e-03 -9.723330289125443e-02 9.543340206146240e-01 1.372202205657959e+01 
0.000000000000000e+00 0.000000000000000e+00 0.000000000000000e+00 1.000000000000000e+00 
src volume info
valid = 1  # volume info valid
filename = nu.mgz
volume = 256 256 256
voxelsize = 1.000000000000000e+00 1.000000000000000e+00 1.000000000000000e+00
xras   = -9.999999403953552e-01 -1.458829501643777e-09 1.862645149230957e-09
yras   = 0.000000000000000e+00 -2.910383045673370e-11 -1.000000000000000e+00
zras   = -4.038156475871801e-10 1.000000000000000e+00 -2.910383045673370e-11
cras   = 2.920799255371094e+00 4.762003326416016e+01 -1.231140136718750e+00
dst volume info
valid = 1  # volume info valid
filename = /opt/freesurfer/average/RB_all_2020-01-02.gca
volume = 256 256 256
voxelsize = 1.000000000000000e+00 1.000000000000000e+00 1.000000000000000e+00
xras   = -1.000000000000000e+00 0.000000000000000e+00 0.000000000000000e+00
yras   = 0.000000000000000e+00 0.000000000000000e+00 -1.000000000000000e+00
zras   = 0.000000000000000e+00 1.000000000000000e+00 0.000000000000000e+00
cras   = 0.000000000000000e+00 0.000000000000000e+00 0.000000000000000e+00
