# transform file /out/sourcedata/freesurfer/sub-v1s22x0050477_ses-1/mri/transforms/cc_up.lta
# created by oesteban on Mon Mar  9 15:46:29 2026

type      = 0 # LINEAR_VOX_TO_VOX
nxforms   = 1
mean      = 127.0000 109.0000 114.0000
sigma     = 10000.0000
1 4 4
9.997073411941528e-01 -1.212500315159559e-02 -2.093916758894920e-02 5.257298469543457e+00 
1.212234422564507e-02 9.999265670776367e-01 -2.539060951676220e-04 4.050531387329102e+01 
2.094070799648762e-02 0.000000000000000e+00 9.997808337211609e-01 2.138427543640137e+01 
0.000000000000000e+00 0.000000000000000e+00 0.000000000000000e+00 1.000000000000000e+00 
src volume info
valid = 1  # volume info valid
filename = /out/sourcedata/freesurfer/sub-v1s22x0050477_ses-1/mri/norm.mgz
volume = 256 256 256
voxelsize = 1.000000000000000e+00 1.000000000000000e+00 1.000000000000000e+00
xras   = -1.000000000000000e+00 2.537944965297356e-09 0.000000000000000e+00
yras   = -1.862645149230957e-09 0.000000000000000e+00 -1.000000119209290e+00
zras   = -6.743903213646263e-10 1.000000000000000e+00 -2.910383045673370e-11
cras   = 3.702041625976562e+00 4.760221099853516e+01 -5.150947570800781e+00
dst volume info
valid = 1  # volume info valid
filename = /out/sourcedata/freesurfer/sub-v1s22x0050477_ses-1/mri/norm.mgz
volume = 256 256 256
voxelsize = 1.000000000000000e+00 1.000000000000000e+00 1.000000000000000e+00
xras   = -1.000000000000000e+00 2.537944965297356e-09 0.000000000000000e+00
yras   = -1.862645149230957e-09 0.000000000000000e+00 -1.000000119209290e+00
zras   = -6.743903213646263e-10 1.000000000000000e+00 -2.910383045673370e-11
cras   = 3.702041625976562e+00 4.760221099853516e+01 -5.150947570800781e+00
