# transform file transforms/talairach.lta
# created by oesteban on Mon Mar  9 14:25:55 2026

type      = 0 # LINEAR_VOX_TO_VOX
nxforms   = 1
mean      = 127.0000 110.0000 114.0000
sigma     = 10000.0000
1 4 4
1.099693059921265e+00 -2.567488513886929e-02 -1.468955352902412e-02 -9.139782905578613e+00 
2.645497024059296e-02 1.104078888893127e+00 2.215779125690460e-01 -2.379509162902832e+01 
1.021197438240051e-02 -1.813899725675583e-01 1.005743861198425e+00 1.724726676940918e+01 
0.000000000000000e+00 0.000000000000000e+00 0.000000000000000e+00 1.000000000000000e+00 
src volume info
valid = 1  # volume info valid
filename = nu.mgz
volume = 256 256 256
voxelsize = 1.000000000000000e+00 1.000000000000000e+00 1.000000000000000e+00
xras   = -1.000000000000000e+00 2.537944965297356e-09 0.000000000000000e+00
yras   = -1.862645149230957e-09 0.000000000000000e+00 -1.000000119209290e+00
zras   = -6.743903213646263e-10 1.000000000000000e+00 -2.910383045673370e-11
cras   = 3.702041625976562e+00 4.760221099853516e+01 -5.150947570800781e+00
dst volume info
valid = 1  # volume info valid
filename = /opt/freesurfer/average/RB_all_2020-01-02.gca
volume = 256 256 256
voxelsize = 1.000000000000000e+00 1.000000000000000e+00 1.000000000000000e+00
xras   = -1.000000000000000e+00 0.000000000000000e+00 0.000000000000000e+00
yras   = 0.000000000000000e+00 0.000000000000000e+00 -1.000000000000000e+00
zras   = 0.000000000000000e+00 1.000000000000000e+00 0.000000000000000e+00
cras   = 0.000000000000000e+00 0.000000000000000e+00 0.000000000000000e+00
