#Insight Transform File V1.0
#Transform 0
Transform: AffineTransform_float_3_3
Parameters: 1 0 0 0 0.999996 -0.003036 0 0.003036 0.999996 0.055697 0.0308174 0.151335
FixedParameters: 0 0 0

#Transform 1
Transform: AffineTransform_float_3_3
Parameters: 1 0 0 0 0.999995 -0.002935 0 0.002935 0.999995 0.055697 0.0300506 0.131497
FixedParameters: 0 0 0

#Transform 2
Transform: AffineTransform_float_3_3
Parameters: 1 0.000204799 0.000217065 -0.000204176 0.999992 -0.00383804 -0.000217683 0.00383795 0.999992 0.0473708 0.0840777 0.31448
FixedParameters: 0 0 0

#Transform 3
Transform: AffineTransform_float_3_3
Parameters: 1 0.000339085 0.000214769 -0.000338345 0.999992 -0.00414008 -0.000216622 0.00413993 0.999992 0.0362382 0.0714354 0.392161
FixedParameters: 0 0 0

#Transform 4
Transform: AffineTransform_float_3_3
Parameters: 1 0.000433467 0.000293425 -0.000431824 0.999995 -0.00295712 -0.000293986 0.00295687 0.999995 0.0340021 0.0222559 0.243392
FixedParameters: 0 0 0

#Transform 5
Transform: AffineTransform_float_3_3
Parameters: 1 0.000247559 0.000285291 -0.000247097 0.999997 -0.00264107 -0.000285645 0.00264093 0.999997 0.0232947 0.0242541 0.131187
FixedParameters: 0 0 0

#Transform 6
Transform: AffineTransform_float_3_3
Parameters: 1 0.000456626 0.000294158 -0.000455612 0.999993 -0.00357413 -0.000295468 0.00357386 0.999993 0.0309814 0.0929472 0.284235
FixedParameters: 0 0 0

#Transform 7
Transform: AffineTransform_float_3_3
Parameters: 1 0.000315651 0.00028814 -0.000314852 0.999995 -0.00319509 -0.000289203 0.00319591 0.999995 0.0324218 0.0575618 0.286411
FixedParameters: 0 0 0

#Transform 8
Transform: AffineTransform_float_3_3
Parameters: 1 0.000205713 0.000283341 -0.000204037 0.999996 -0.00304006 -0.000283588 0.00303994 0.999996 0.0281694 0.0557705 0.17077
FixedParameters: 0 0 0

#Transform 9
Transform: AffineTransform_float_3_3
Parameters: 1 -1.20814e-05 0.000273734 1.27341e-05 0.999996 -0.003017 -0.000273706 0.00301701 0.999996 0.0133533 0.0703385 0.20023
FixedParameters: 0 0 0

#Transform 10
Transform: AffineTransform_float_3_3
Parameters: 1 0.000162154 0.000114211 -0.000161393 0.999994 -0.00331802 -0.000115284 0.00331798 0.999994 0.0176648 0.0868989 0.33365
FixedParameters: 0 0 0

#Transform 11
Transform: AffineTransform_float_3_3
Parameters: 1 -1.22193e-05 0.000273727 1.25962e-05 0.999997 -0.002513 -0.000273712 0.002513 0.999997 0.0134477 0.0353882 0.225513
FixedParameters: 0 0 0

#Transform 12
Transform: AffineTransform_float_3_3
Parameters: 1 -7.63194e-06 0.000169829 8.38421e-06 0.999998 -0.00221495 -0.000169793 0.00221505 0.999997 0.0376957 0.0125416 0.0990644
FixedParameters: 0 0 0

#Transform 13
Transform: AffineTransform_float_3_3
Parameters: 1 -8.0963e-06 0.000180819 8.95619e-06 0.999997 -0.002378 -0.000180778 0.002378 0.999997 0.0330794 0.0452366 0.145298
FixedParameters: 0 0 0

#Transform 14
Transform: AffineTransform_float_3_3
Parameters: 1 -1.21139e-05 0.000273732 1.27015e-05 0.999996 -0.002898 -0.000273707 0.002898 0.999996 0.020989 0.0566849 0.315636
FixedParameters: 0 0 0

#Transform 15
Transform: AffineTransform_float_3_3
Parameters: 0.999999 3.67082e-05 -0.000798156 -3.7569e-05 1 -0.00116497 0.000798117 0.00116503 0.999999 0.0534423 -0.0371487 0.157527
FixedParameters: 0 0 0

#Transform 16
Transform: AffineTransform_float_3_3
Parameters: 1 -0.000113398 -0.000244718 0.000113807 0.999999 0.000834972 0.000244528 -0.000835027 0.999999 0.0190693 -0.102356 -0.0108597
FixedParameters: 0 0 0

#Transform 17
Transform: AffineTransform_float_3_3
Parameters: 1 7.12695e-06 -0.000149831 -7.00498e-06 1 0.000407001 0.000149836 -0.000406999 1 0.0200774 -0.0870647 -0.0231678
FixedParameters: 0 0 0

#Transform 18
Transform: AffineTransform_float_3_3
Parameters: 1 -9.92368e-06 0.000206762 9.57838e-06 0.999999 0.000835001 -0.000206778 -0.000834997 0.999999 0.0112418 -0.097725 -0.0831102
FixedParameters: 0 0 0

#Transform 19
Transform: AffineTransform_float_3_3
Parameters: 1 -0.000162388 0.000254508 0.000161916 0.999999 0.000835041 -0.000253779 -0.000834958 0.999999 -0.00208741 -0.078923 -0.106566
FixedParameters: 0 0 0

#Transform 20
Transform: AffineTransform_float_3_3
Parameters: 1 1.17841e-06 -2.49722e-05 -1.17691e-06 1 3e-05 2.49723e-05 -3e-05 1 0.00342422 -0.0132391 -0.00591226
FixedParameters: 0 0 0

#Transform 21
Transform: AffineTransform_float_3_3
Parameters: 1 9.47514e-05 -0.00013965 -9.46198e-05 1 0.000471013 0.000139739 -0.000470987 1 -0.00597869 -0.0163539 0.0706316
FixedParameters: 0 0 0

#Transform 22
Transform: AffineTransform_float_3_3
Parameters: 1 -4.4162e-06 9.28951e-05 4.3456e-06 1 0.00038 -9.28984e-05 -0.00038 1 -0.00918371 -0.0312235 -0.0190151
FixedParameters: 0 0 0

#Transform 23
Transform: AffineTransform_float_3_3
Parameters: 1 -1.52272e-05 0.000319637 1.4921e-05 1 0.000479005 -0.000319652 -0.000478995 1 -0.0182133 -0.0351978 -0.0699445
FixedParameters: 0 0 0

#Transform 24
Transform: AffineTransform_float_3_3
Parameters: 1 -1.24044e-05 0.000261706 1.22793e-05 1 0.000239003 -0.000261712 -0.000238997 1 -0.010875 -0.00329972 0.00262013
FixedParameters: 0 0 0

#Transform 25
Transform: AffineTransform_float_3_3
Parameters: 1 -3.51397e-06 7.39165e-05 3.45779e-06 1 0.00038 -7.39192e-05 -0.00038 1 0.00704814 -0.047768 0.0122176
FixedParameters: 0 0 0

#Transform 26
Transform: AffineTransform_float_3_3
Parameters: 0.999999 0.000804145 -0.000168002 -0.000803544 0.999999 0.00164018 0.00016964 -0.00163982 0.999998 0.0417172 -0.108693 0.050471
FixedParameters: 0 0 0

#Transform 27
Transform: AffineTransform_float_3_3
Parameters: 1 0.000504853 0.000165624 -0.000504631 0.999999 -0.000668083 -0.000166298 0.000667916 1 0.0569677 -0.0277768 0.0568126
FixedParameters: 0 0 0

#Transform 28
Transform: AffineTransform_float_3_3
Parameters: 1 0.000360271 0.000130983 -0.000360176 1 -0.000365047 -0.000131246 0.000364953 1 0.040389 0.0261148 0.159637
FixedParameters: 0 0 0

#Transform 29
Transform: AffineTransform_float_3_3
Parameters: 1 0.000466776 -0.000217203 -0.000466728 1 0.000109101 0.000217305 -0.000108899 1 0.0428122 0.000984282 0.202874
FixedParameters: 0 0 0

#Transform 30
Transform: AffineTransform_float_3_3
Parameters: 1 0.000619565 -0.000210098 -0.000619599 1 -8.18698e-05 0.000209996 8.21301e-05 1 0.0426571 -0.0275795 0.0848086
FixedParameters: 0 0 0

#Transform 31
Transform: AffineTransform_float_3_3
Parameters: 1 0.000502421 0.000214939 -0.000502448 1 6.38898e-05 -0.000214875 -6.31102e-05 1 0.0361833 -0.0387459 -0.0126066
FixedParameters: 0 0 0

#Transform 32
Transform: AffineTransform_float_3_3
Parameters: 1 -6.02216e-06 0.000298047 6.07104e-06 1 -8.19982e-05 -0.000298046 8.20018e-05 1 0.0134606 -0.0278035 -0.00194074
FixedParameters: 0 0 0

#Transform 33
Transform: AffineTransform_float_3_3
Parameters: 1 0.000154666 3.22418e-05 -0.000154633 1 -0.000511005 -3.23999e-05 0.000510995 1 0.00362588 0.0335424 0.151594
FixedParameters: 0 0 0

#Transform 34
Transform: AffineTransform_float_3_3
Parameters: 1 1.30228e-05 -0.000106505 -1.30402e-05 1 -8.19986e-05 0.000106503 8.20014e-05 1 0.00112153 -0.0372548 0.0747493
FixedParameters: 0 0 0

#Transform 35
Transform: AffineTransform_float_3_3
Parameters: 1 -4.60097e-06 0.00026808 4.66585e-06 1 -0.000120999 -0.000268079 0.000121001 1 0.00513219 -0.0428595 -0.036245
FixedParameters: 0 0 0

#Transform 36
Transform: AffineTransform_float_3_3
Parameters: 1 7.75652e-06 5.36996e-06 -7.75466e-06 1 -0.000173 -5.37264e-06 0.000173 1 0.0194319 0.0093888 0.00827018
FixedParameters: 0 0 0

#Transform 37
Transform: AffineTransform_float_3_3
Parameters: 1 1.44129e-05 -0.000136474 -1.44765e-05 1 -0.000232998 0.000136468 0.000233002 1 0.015167 0.00684363 0.0936178
FixedParameters: 0 0 0

#Transform 38
Transform: AffineTransform_float_3_3
Parameters: 1 -0.000130982 -0.00021639 0.000131919 1 -0.000143029 0.000216475 0.000142972 1 0.0130712 -0.0465172 -0.00586994
FixedParameters: 0 0 0

#Transform 39
Transform: AffineTransform_float_3_3
Parameters: 1 1.7815e-05 -0.000209396 -1.79519e-05 1 -0.000326996 0.000209384 0.000327004 1 0.016931 -0.0315223 -0.0537817
FixedParameters: 0 0 0

#Transform 40
Transform: AffineTransform_float_3_3
Parameters: 1 1.78366e-05 -0.000209394 -1.79304e-05 1 -0.000223996 0.000209386 0.000224004 1 0.0169247 -0.016984 -0.022506
FixedParameters: 0 0 0

#Transform 41
Transform: AffineTransform_float_3_3
Parameters: 1 1.78441e-05 -0.000209393 -1.79228e-05 1 -0.000187996 0.000209387 0.000188004 1 0.0169016 0.001109 0.0891741
FixedParameters: 0 0 0

#Transform 42
Transform: AffineTransform_float_3_3
Parameters: 1 -0.000404616 -0.00022937 0.000404678 1 0.000133907 0.000229262 -0.000134093 1 0.00612902 -0.0602019 -0.0457918
FixedParameters: 0 0 0

#Transform 43
Transform: AffineTransform_float_3_3
Parameters: 1 -0.000404598 -0.000229401 0.000404695 1 0.000210907 0.000229231 -0.000211093 1 0.00614475 -0.0603921 -0.0835184
FixedParameters: 0 0 0

#Transform 44
Transform: AffineTransform_float_3_3
Parameters: 1 -0.000219366 -0.000167502 0.000219339 1 -7.90367e-05 0.000167536 7.89632e-05 1 0.00754248 -0.000705215 0.0602354
FixedParameters: 0 0 0

#Transform 45
Transform: AffineTransform_float_3_3
Parameters: 1 -0.000191761 -7.31341e-05 0.000191776 1 0.000100986 7.30953e-05 -0.000101014 1 -0.000728603 -0.0411233 0.031989
FixedParameters: 0 0 0

#Transform 46
Transform: AffineTransform_float_3_3
Parameters: 1 -0.000424781 0.000197167 0.000424741 1 0.000101084 -0.000197253 -0.000100916 1 -0.0179007 -0.0478142 -0.0461735
FixedParameters: 0 0 0

#Transform 47
Transform: AffineTransform_float_3_3
Parameters: 1 -0.000416237 1.63688e-05 0.000416233 1 0.000101007 -1.64529e-05 -0.000100993 1 -0.00814374 -0.0287773 -0.0808025
FixedParameters: 0 0 0

#Transform 48
Transform: AffineTransform_float_3_3
Parameters: 1 -0.000199894 -7.05151e-05 0.000199908 1 0.000100986 7.04747e-05 -0.000101014 1 0.00113304 0.00998686 0.0208452
FixedParameters: 0 0 0

#Transform 49
Transform: AffineTransform_float_3_3
Parameters: 1 -0.000111849 -0.000195527 0.000111982 1 0.000339978 0.000195451 -0.000340022 1 -0.00285978 -0.0225819 0.0519548
FixedParameters: 0 0 0

#Transform 50
Transform: AffineTransform_float_3_3
Parameters: 1 -0.000416495 2.09351e-05 0.0004164 1 0.00112901 -2.08766e-05 -0.00112899 1 -8.84915e-05 -0.0880313 -0.10015
FixedParameters: 0 0 0

#Transform 51
Transform: AffineTransform_float_3_3
Parameters: 1 -0.000408591 -0.000144579 0.000408664 1 0.000412941 0.00014524 -0.000413059 1 0.000691553 -0.0189676 -0.0632201
FixedParameters: 0 0 0

#Transform 52
Transform: AffineTransform_float_3_3
Parameters: 1 -0.000410615 -0.000100902 0.000410786 1 0.00107896 0.000101015 -0.00107904 1 -0.00401072 -0.0715591 -0.0641364
FixedParameters: 0 0 0

#Transform 53
Transform: AffineTransform_float_3_3
Parameters: 1 -0.000424886 0.000196941 0.000424636 0.999999 0.000633083 -0.000197479 -0.000632916 1 -0.0214425 -0.045556 -0.121474
FixedParameters: 0 0 0

#Transform 54
Transform: AffineTransform_float_3_3
Parameters: 1 -0.000303989 0.00020277 0.000304801 1 0.000461062 -0.000203003 -0.000460938 1 -0.0265555 -0.0258254 -0.069126
FixedParameters: 0 0 0

#Transform 55
Transform: AffineTransform_float_3_3
Parameters: 1 -0.000170211 -0.00014818 0.000170206 1 -1.60252e-05 0.000148185 1.59748e-05 1 -0.0267588 0.0122115 0.0790652
FixedParameters: 0 0 0

#Transform 56
Transform: AffineTransform_float_3_3
Parameters: 1 -0.000258386 -0.000166459 0.000258514 1 0.000385957 0.00016626 -0.000386043 1 -0.0179704 -0.0189488 0.0228124
FixedParameters: 0 0 0

#Transform 57
Transform: AffineTransform_float_3_3
Parameters: 1 -0.000414034 -3.00134e-05 0.000414102 1 0.00114799 2.90627e-05 -0.00114801 1 -0.0239948 -0.0697484 -0.0967434
FixedParameters: 0 0 0

#Transform 58
Transform: AffineTransform_float_3_3
Parameters: 1 -0.000424852 0.000197014 0.00042467 1 0.000461084 -0.000197406 -0.000460916 1 -0.0255508 -0.00724863 -0.055623
FixedParameters: 0 0 0

#Transform 59
Transform: AffineTransform_float_3_3
Parameters: 1 -0.000200455 -0.000162759 0.000200668 1 0.000653967 0.000162497 -0.000654032 1 -0.020889 -0.00586701 0.0356995
FixedParameters: 0 0 0

#Transform 60
Transform: AffineTransform_float_3_3
Parameters: 1 -0.00040951 -0.000123865 0.00040977 1 0.00105195 0.000123003 -0.00105205 1 -0.0173597 -0.08347 -0.0827202
FixedParameters: 0 0 0

#Transform 61
Transform: AffineTransform_float_3_3
Parameters: 1 -0.000424941 0.000196821 0.000424581 0.999999 0.000915083 -0.000197598 -0.000914915 0.999999 -0.0284484 -0.0420542 -0.0980686
FixedParameters: 0 0 0

#Transform 62
Transform: AffineTransform_float_3_3
Parameters: 1 -0.000143476 -5.59606e-05 0.000143537 0.999999 0.000957991 5.66845e-05 -0.000958007 0.999999 -0.0236585 -0.0326153 0.0244704
FixedParameters: 0 0 0

#Transform 63
Transform: AffineTransform_float_3_3
Parameters: 1 -0.000102449 0.000174302 0.000103206 1 0.000694018 -0.000174398 -0.000693982 0.999999 -0.0368038 -0.0931304 -0.0446597
FixedParameters: 0 0 0

#Transform 64
Transform: AffineTransform_float_3_3
Parameters: 1 -0.000266191 -4.39003e-05 0.000266293 1 0.00116499 4.32799e-05 -0.00116501 1 -0.0359512 -0.0317542 -0.103198
FixedParameters: 0 0 0

#Transform 65
Transform: AffineTransform_float_3_3
Parameters: 1 -6.16208e-06 0.000107829 7.00961e-06 1 0.000702 -0.000107791 -0.000701999 0.999999 -0.0444385 0.00607154 -0.0338053
FixedParameters: 0 0 0

#Transform 66
Transform: AffineTransform_float_3_3
Parameters: 1 -0.000277479 6.57435e-05 0.000278354 0.999999 0.000943017 -6.62205e-05 -0.000942981 0.999999 -0.043214 -0.0560336 -0.0805701
FixedParameters: 0 0 0

#Transform 67
Transform: AffineTransform_float_3_3
Parameters: 1 -0.000418423 0.000166187 0.00041819 0.999999 0.000699069 -0.000166772 -0.00069893 0.999999 -0.0448592 -0.0350628 -0.111478
FixedParameters: 0 0 0

#Transform 68
Transform: AffineTransform_float_3_3
Parameters: 1 -0.000408484 -4.15286e-05 0.000408532 0.999999 0.000585983 4.10498e-05 -0.000586017 1 -0.0396797 -0.00681294 -0.0119361
FixedParameters: 0 0 0

#Transform 69
Transform: AffineTransform_float_3_3
Parameters: 1 -7.60519e-06 -5.04198e-05 7.66196e-06 1 0.000562999 5.04112e-05 -0.000563 1 -0.0288104 -0.0506227 -0.0644485
FixedParameters: 0 0 0

#Transform 70
Transform: AffineTransform_float_3_3
Parameters: 1 -7.70615e-05 -4.27027e-05 7.70888e-05 1 0.000318997 4.26535e-05 -0.000319003 1 -0.0308562 -0.00291376 -0.0434066
FixedParameters: 0 0 0

#Transform 71
Transform: AffineTransform_float_3_3
Parameters: 1 -0.000240454 -8.049e-05 0.000240503 1 0.000301981 8.03447e-05 -0.000302019 1 -0.0306968 -0.0226411 -0.0553928
FixedParameters: 0 0 0

#Transform 72
Transform: AffineTransform_float_3_3
Parameters: 1 -0.000258408 -0.000187455 0.000258512 1 0.000277952 0.000187311 -0.000278048 1 -0.0184619 -0.0319986 -0.141353
FixedParameters: 0 0 0

#Transform 73
Transform: AffineTransform_float_3_3
Parameters: 1 -0.000285871 5.46851e-05 0.000285907 1 -0.000320984 -5.45016e-05 0.000321016 1 -0.0387256 -0.0146727 -0.124908
FixedParameters: 0 0 0

#Transform 74
Transform: AffineTransform_float_3_3
Parameters: 1 -0.000325419 -8.42893e-05 0.00032535 1 -0.000406027 8.45535e-05 0.000405972 1 -0.0204276 -0.0249126 -0.123474
FixedParameters: 0 0 0

#Transform 75
Transform: AffineTransform_float_3_3
Parameters: 1 -0.00035535 -8.58385e-05 0.000355352 1 1.09695e-05 8.58307e-05 -1.10305e-05 1 -0.0309053 -0.0307169 -0.134256
FixedParameters: 0 0 0

#Transform 76
Transform: AffineTransform_float_3_3
Parameters: 1 -0.000296442 -8.29628e-05 0.000296391 1 -0.000312025 8.31478e-05 0.000311975 1 -0.0314985 0.00742815 -0.0967517
FixedParameters: 0 0 0

#Transform 77
Transform: AffineTransform_float_3_3
Parameters: 1 -0.000425697 0.000323312 0.000425707 1 -1.58624e-05 -0.000323299 1.61376e-05 1 -0.0487344 -0.0124859 -0.122592
FixedParameters: 0 0 0

#Transform 78
Transform: AffineTransform_float_3_3
Parameters: 1 -0.000115725 9.76611e-05 0.000115732 1 -3.69887e-05 -9.76526e-05 3.70113e-05 1 -0.0351511 0.00820611 -0.107669
FixedParameters: 0 0 0

#Transform 79
Transform: AffineTransform_float_3_3
Parameters: 1 -0.000410487 7.26546e-07 0.000410487 1 -0.000152 -6.01757e-07 0.000152 1 -0.0407443 -0.013087 -0.0613277
FixedParameters: 0 0 0

#Transform 80
Transform: AffineTransform_float_3_3
Parameters: 1 -0.00029322 0.000125349 0.000293239 1 -7.69632e-05 -0.000125304 7.70367e-05 1 -0.0405763 -0.0273144 -0.148614
FixedParameters: 0 0 0

#Transform 81
Transform: AffineTransform_float_3_3
Parameters: 1 -0.000248161 0.00029567 0.000248242 1 -0.000136927 -0.000295602 0.000137073 1 -0.049223 -0.00227389 -0.0692907
FixedParameters: 0 0 0

#Transform 82
Transform: AffineTransform_float_3_3
Parameters: 1 -0.000291302 0.000234621 0.000291441 1 -0.000296932 -0.000234448 0.000297068 1 -0.0551326 -0.035096 -0.129697
FixedParameters: 0 0 0

#Transform 83
Transform: AffineTransform_float_3_3
Parameters: 1 -0.000300904 0.000584456 0.000300828 1 6.51758e-05 -0.000584495 -6.48241e-05 1 -0.0515377 -0.00363011 -0.0865605
FixedParameters: 0 0 0

#Transform 84
Transform: AffineTransform_float_3_3
Parameters: 1 -0.000412191 3.65302e-05 0.000412174 1 0.000228015 -3.67182e-05 -0.000227985 1 -0.0246145 -0.0534821 -0.171797
FixedParameters: 0 0 0

#Transform 85
Transform: AffineTransform_float_3_3
Parameters: 1 -0.000416268 0.000125881 0.000416482 0.999999 -0.000853947 -0.00012517 0.000854051 0.999999 -0.0308302 -0.0400654 -0.214144
FixedParameters: 0 0 0

#Transform 86
Transform: AffineTransform_float_3_3
Parameters: 0.999999 -0.000437091 0.000578494 0.000437387 1 -0.00107875 -0.000578597 0.00107925 1 -0.0550851 -0.0167739 -0.212684
FixedParameters: 0 0 0

#Transform 87
Transform: AffineTransform_float_3_3
Parameters: 0.999999 -0.000437378 0.000578277 0.000438098 1 -0.000581744 -0.000578767 0.000581255 0.999999 -0.0486968 -0.029149 -0.183506
FixedParameters: 0 0 0

#Transform 88
Transform: AffineTransform_float_3_3
Parameters: 1 -0.00101632 0.000101155 0.00101728 0.999992 -0.0038769 -9.72677e-05 0.0038761 0.999993 -0.0408805 0.00550995 -0.310702
FixedParameters: 0 0 0

#Transform 89
Transform: AffineTransform_float_3_3
Parameters: 1 -0.000614056 0.000130136 0.000615433 0.999989 -0.00480092 -0.00012723 0.00480108 0.999989 -0.0347567 0.0389253 -0.287634
FixedParameters: 0 0 0

#Transform 90
Transform: AffineTransform_float_3_3
Parameters: 1 -0.000651731 -6.63858e-05 0.000652379 0.999993 -0.00365205 6.81988e-05 0.00365196 0.999994 -0.0273372 -0.0230944 -0.285651
FixedParameters: 0 0 0

#Transform 91
Transform: AffineTransform_float_3_3
Parameters: 1 -0.000211904 0.000288967 0.000212729 0.999995 -0.00316294 -0.000287671 0.00316306 0.999995 -0.0110035 0.0438308 -0.212579
FixedParameters: 0 0 0

#Transform 92
Transform: AffineTransform_float_3_3
Parameters: 0.999999 -0.000208326 0.000692337 0.000209326 0.999997 -0.0021659 -0.000691526 0.0021661 0.999998 -0.0849056 0.0196482 -0.179928
FixedParameters: 0 0 0

#Transform 93
Transform: AffineTransform_float_3_3
Parameters: 0.999999 -0.000238892 0.00136057 0.000241788 0.999999 -0.00179872 -0.0013598 0.00179928 0.999998 -0.109782 -0.0167704 -0.319883
FixedParameters: 0 0 0

#Transform 94
Transform: AffineTransform_float_3_3
Parameters: 0.999999 -0.000432248 0.00115546 0.000433519 0.999999 -0.00141555 -0.00115433 0.00141546 0.999999 -0.113447 -0.0105542 -0.35032
FixedParameters: 0 0 0

#Transform 95
Transform: AffineTransform_float_3_3
Parameters: 0.999999 -0.000340298 0.001369 0.000342385 0.999998 -0.00185758 -0.00136788 0.00185742 0.999998 -0.134309 0.0318056 -0.186659
FixedParameters: 0 0 0

#Transform 96
Transform: AffineTransform_float_3_3
Parameters: 0.999999 -0.000505946 0.00118909 0.000508193 0.999999 -0.00134444 -0.00118877 0.00134556 0.999999 -0.134496 -0.025997 -0.187552
FixedParameters: 0 0 0

#Transform 97
Transform: AffineTransform_float_3_3
Parameters: 0.999999 -0.000593156 0.00110966 0.000593668 0.999999 -0.000680389 -0.0011089 0.000681611 0.999999 -0.103548 -0.0692184 -0.392209
FixedParameters: 0 0 0

#Transform 98
Transform: AffineTransform_float_3_3
Parameters: 1 -0.00013651 0.001206 0.000138403 1 -0.00119883 -0.00120572 0.00119917 0.999998 -0.103716 -0.0269971 -0.408004
FixedParameters: 0 0 0

#Transform 99
Transform: AffineTransform_float_3_3
Parameters: 1 1.74148e-05 0.00121307 -1.633e-05 0.999999 -0.00127007 -0.00121321 0.00127093 0.999999 -0.114589 -0.0220999 -0.304272
FixedParameters: 0 0 0

#Transform 100
Transform: AffineTransform_float_3_3
Parameters: 1 -0.000136133 0.00109987 0.000136784 0.999999 -0.000749897 -0.00109971 0.000750103 0.999999 -0.118494 -0.0674925 -0.330883
FixedParameters: 0 0 0

#Transform 101
Transform: AffineTransform_float_3_3
Parameters: 1 -0.000146411 0.00103832 0.000146731 1 -0.000634895 -0.00103818 0.000635105 1 -0.0886606 -0.0872883 -0.478689
FixedParameters: 0 0 0

#Transform 102
Transform: AffineTransform_float_3_3
Parameters: 0.999999 -0.000291861 0.000667336 0.000292674 0.999999 -0.00132181 -0.00066761 0.0013222 0.999999 -0.0716636 -0.0741919 -0.512343
FixedParameters: 0 0 0

#Transform 103
Transform: AffineTransform_float_3_3
Parameters: 1 -0.000384435 0.000592064 0.000385197 0.999999 -0.00144677 -0.000591996 0.00144723 0.999999 -0.0631818 -0.0696755 -0.543509
FixedParameters: 0 0 0

#Transform 104
Transform: AffineTransform_float_3_3
Parameters: 1 -0.000329687 0.000379324 0.00033074 0.999999 -0.00138987 -0.000378406 0.00139012 0.999999 -0.0546573 -0.0752144 -0.482937
FixedParameters: 0 0 0

#Transform 105
Transform: AffineTransform_float_3_3
Parameters: 1 -0.000376077 0.000408216 0.000377219 0.999999 -0.00134085 -0.000408205 0.00134115 0.999999 -0.0563578 -0.111347 -0.559212
FixedParameters: 0 0 0

#Transform 106
Transform: AffineTransform_float_3_3
Parameters: 0.999999 -0.000296491 0.000731299 0.00029807 0.999999 -0.00173078 -0.000731316 0.00173022 0.999998 -0.0634562 -0.0414947 -0.448062
FixedParameters: 0 0 0

#Transform 107
Transform: AffineTransform_float_3_3
Parameters: 1 0.000134387 0.000673835 -0.000133454 0.999999 -0.00146909 -0.000673277 0.00146891 0.999998 -0.0643823 0.0107162 -0.240698
FixedParameters: 0 0 0

#Transform 108
Transform: AffineTransform_float_3_3
Parameters: 0.999999 -8.34289e-05 0.000743942 8.38404e-05 0.999999 -0.000947985 -0.00074383 0.000948015 1 -0.0654404 -0.0608822 -0.378823
FixedParameters: 0 0 0

#Transform 109
Transform: AffineTransform_float_3_3
Parameters: 0.999999 -0.000276638 0.00071386 0.000277268 1 -0.000407802 -0.000714633 0.000408198 0.999999 -0.0668227 -0.0766155 -0.519823
FixedParameters: 0 0 0

#Transform 110
Transform: AffineTransform_float_3_3
Parameters: 1 -0.000207267 0.000607073 0.000207371 0.999999 -0.000908921 -0.000606743 0.000909079 1 -0.0682727 -0.0244352 -0.391325
FixedParameters: 0 0 0

#Transform 111
Transform: AffineTransform_float_3_3
Parameters: 0.999999 -0.000384942 0.000707036 0.000385487 1 -0.00109273 -0.000706241 0.00109227 0.999999 -0.0704073 -0.0907766 -0.491777
FixedParameters: 0 0 0

#Transform 112
Transform: AffineTransform_float_3_3
Parameters: 0.999999 -0.00065895 0.000461123 0.000658894 1 -0.0010237 -0.000459821 0.0010243 1 -0.0623893 -0.0661646 -0.537822
FixedParameters: 0 0 0

#Transform 113
Transform: AffineTransform_float_3_3
Parameters: 1 -0.000276063 0.000575789 0.000276781 1 -0.00062284 -0.000575445 0.000623159 0.999999 -0.047719 -0.0825197 -0.484762
FixedParameters: 0 0 0

#Transform 114
Transform: AffineTransform_float_3_3
Parameters: 0.999999 -0.000272303 0.000732142 0.000273263 0.999999 -0.000655847 -0.000731784 0.000656153 1 -0.0431796 -0.0805663 -0.508894
FixedParameters: 0 0 0

#Transform 115
Transform: AffineTransform_float_3_3
Parameters: 0.999999 -0.000722742 0.000572787 0.000723808 0.999999 -0.00172059 -0.000572342 0.00172142 0.999999 -0.0554176 -0.0703016 -0.498494
FixedParameters: 0 0 0

#Transform 116
Transform: AffineTransform_float_3_3
Parameters: 0.999999 -0.000643419 0.000414291 0.00064398 0.999998 -0.00182773 -0.000412983 0.00182827 0.999998 -0.0328371 -0.0494425 -0.562088
FixedParameters: 0 0 0

#Transform 117
Transform: AffineTransform_float_3_3
Parameters: 0.999999 -0.000778418 0.000593884 0.000781128 0.999993 -0.00385354 -0.000590965 0.00385347 0.999993 -0.0455742 -0.00126472 -0.527741
FixedParameters: 0 0 0

#Transform 118
Transform: AffineTransform_float_3_3
Parameters: 1 -9.4221e-05 0.00117498 9.76715e-05 0.999996 -0.00274389 -0.00117459 0.00274411 0.999995 -0.0752046 0.00370222 -0.424071
FixedParameters: 0 0 0

#Transform 119
Transform: AffineTransform_float_3_3
Parameters: 0.999999 0.00049522 0.00120206 -0.000493623 0.999999 -0.0010996 -0.00120219 0.0010994 0.999998 -0.0901537 0.00340399 -0.268018
FixedParameters: 0 0 0

#Transform 120
Transform: AffineTransform_float_3_3
Parameters: 0.999998 4.42903e-05 0.00160488 -4.46081e-05 1 9.88815e-05 -0.00160487 -9.91182e-05 0.999998 -0.111793 -0.0957796 -0.486221
FixedParameters: 0 0 0

#Transform 121
Transform: AffineTransform_float_3_3
Parameters: 0.999998 3.283e-05 0.00190563 -3.27046e-05 1 -0.000295157 -0.00190569 0.000294844 0.999998 -0.124863 -0.0555264 -0.520633
FixedParameters: 0 0 0

#Transform 122
Transform: AffineTransform_float_3_3
Parameters: 0.999998 0.00036324 0.00192093 -0.000361562 0.999999 -0.000696792 -0.00192148 0.000696207 0.999998 -0.128823 -0.0143396 -0.284587
FixedParameters: 0 0 0

#Transform 123
Transform: AffineTransform_float_3_3
Parameters: 0.999998 0.000104944 0.00190899 -0.000104433 1 -0.000395296 -0.00190912 0.000395704 0.999998 -0.127857 -0.0864369 -0.351942
FixedParameters: 0 0 0

#Transform 124
Transform: AffineTransform_float_3_3
Parameters: 0.999997 -0.000187237 0.00245083 0.000184088 1 0.00105031 -0.00245112 -0.00104969 0.999997 -0.117586 -0.113629 -0.54195
FixedParameters: 0 0 0

#Transform 125
Transform: AffineTransform_float_3_3
Parameters: 0.999998 0.00143171 0.00130906 -0.00144166 0.999971 0.00745913 -0.00129819 -0.00746188 0.999972 -0.0672307 -0.181538 -0.318268
FixedParameters: 0 0 0

#Transform 126
Transform: AffineTransform_float_3_3
Parameters: 0.999995 0.00291206 0.000257374 -0.00291451 0.999947 0.00989548 -0.000228633 -0.00989652 0.999951 0.0267381 -0.229746 -0.0947269
FixedParameters: 0 0 0

#Transform 127
Transform: AffineTransform_float_3_3
Parameters: 0.999996 0.00221381 0.00143503 -0.00222147 0.999984 0.00532192 -0.00142307 -0.00532508 0.999985 0.00305257 -0.0872495 -0.111108
FixedParameters: 0 0 0

#Transform 128
Transform: AffineTransform_float_3_3
Parameters: 0.999995 0.00261273 0.00176927 -0.00262091 0.999988 0.00416147 -0.00175818 -0.00416553 0.99999 -0.0300912 -0.0393529 -0.130485
FixedParameters: 0 0 0

#Transform 129
Transform: AffineTransform_float_3_3
Parameters: 0.999996 0.00229387 0.00174785 -0.00229677 0.999995 0.00204108 -0.00174328 -0.00204492 0.999996 -0.0417796 0.0248495 -0.120714
FixedParameters: 0 0 0

#Transform 130
Transform: AffineTransform_float_3_3
Parameters: 0.999995 0.00242528 0.00175351 -0.00242812 0.999996 0.00171884 -0.00174901 -0.00172317 0.999997 -0.0642 0.00243505 -0.0608513
FixedParameters: 0 0 0

#Transform 131
Transform: AffineTransform_float_3_3
Parameters: 0.999993 0.0026293 0.00263084 -0.00263283 0.999996 0.00147212 -0.00262788 -0.00147989 0.999995 -0.142103 -0.0261603 -0.196044
FixedParameters: 0 0 0

#Transform 132
Transform: AffineTransform_float_3_3
Parameters: 0.999994 0.0022854 0.00232213 -0.00228698 0.999997 0.000789682 -0.00232041 -0.000795318 0.999997 -0.115614 0.0300705 -0.0973815
FixedParameters: 0 0 0

#Transform 133
Transform: AffineTransform_float_3_3
Parameters: 0.999996 0.0020132 0.00193337 -0.00201625 0.999997 0.00161015 -0.00193073 -0.00161386 0.999997 -0.0971841 -0.0411853 -0.205734
FixedParameters: 0 0 0

#Transform 134
Transform: AffineTransform_float_3_3
Parameters: 0.999996 0.00152034 0.00235663 -0.00151592 0.999998 -0.00160464 -0.00235864 0.00160137 0.999996 -0.110679 0.0753957 -0.160669
FixedParameters: 0 0 0

#Transform 135
Transform: AffineTransform_float_3_3
Parameters: 0.999997 0.00128293 0.00207453 -0.00127936 0.999998 -0.00160371 -0.00207678 0.00160129 0.999996 -0.0906959 0.010073 -0.25201
FixedParameters: 0 0 0

#Transform 136
Transform: AffineTransform_float_3_3
Parameters: 0.999999 0.000485973 0.00147602 -0.000482003 0.999996 -0.00272976 -0.00147685 0.00272924 0.999995 -0.083287 0.0374336 -0.301168
FixedParameters: 0 0 0

#Transform 137
Transform: AffineTransform_float_3_3
Parameters: 0.999999 0.000268598 0.00140316 -0.000264754 0.999995 -0.00316542 -0.00140408 0.00316458 0.999994 -0.0869507 0.0561517 -0.356134
FixedParameters: 0 0 0

#Transform 138
Transform: AffineTransform_float_3_3
Parameters: 0.999998 0.000484301 0.00155177 -0.000479511 0.999995 -0.0031818 -0.00155308 0.0031812 0.999994 -0.074231 -0.00140902 -0.361564
FixedParameters: 0 0 0

#Transform 139
Transform: AffineTransform_float_3_3
Parameters: 0.999999 0.000502112 0.00142592 -0.000495546 0.999992 -0.00408371 -0.00142824 0.00408329 0.99999 -0.0579263 -0.028178 -0.379207
FixedParameters: 0 0 0

#Transform 140
Transform: AffineTransform_float_3_3
Parameters: 1 0.000384653 0.000922412 -0.000380234 0.999991 -0.0040684 -0.000923667 0.0040676 0.999992 -0.0545581 0.0293438 -0.316336
FixedParameters: 0 0 0

#Transform 141
Transform: AffineTransform_float_3_3
Parameters: 0.999998 0.000548533 0.00196094 -0.000541845 0.999994 -0.00325617 -0.00196278 0.00325583 0.999993 -0.082061 0.010553 -0.336719
FixedParameters: 0 0 0

#Transform 142
Transform: AffineTransform_float_3_3
Parameters: 0.999998 0.000614069 0.00148848 -0.000608962 0.999995 -0.00308796 -0.00149044 0.00308704 0.999994 -0.0692229 0.0387863 -0.279941
FixedParameters: 0 0 0

#Transform 143
Transform: AffineTransform_float_3_3
Parameters: 0.999999 6.75781e-06 0.00142166 -1.30142e-06 0.999995 -0.00332406 -0.00142188 0.00332395 0.999994 -0.0457737 -0.00886647 -0.375438
FixedParameters: 0 0 0

#Transform 144
Transform: AffineTransform_float_3_3
Parameters: 0.999999 -2.22364e-05 0.000945858 2.99311e-05 0.99997 -0.00776402 -0.000945782 0.00776398 0.99997 -0.0331491 0.137514 -0.38489
FixedParameters: 0 0 0

#Transform 145
Transform: AffineTransform_float_3_3
Parameters: 0.999998 0.000267917 0.00166778 -0.000260443 0.999987 -0.00494754 -0.00166982 0.00494647 0.999987 -0.0576117 0.0428466 -0.323541
FixedParameters: 0 0 0

#Transform 146
Transform: AffineTransform_float_3_3
Parameters: 1 0.000100676 0.00115 -9.21642e-05 0.999977 -0.00675911 -0.00115063 0.00675988 0.999976 -0.0234699 0.0803003 -0.380948
FixedParameters: 0 0 0

#Transform 147
Transform: AffineTransform_float_3_3
Parameters: 0.999999 0.000154808 0.00154052 -0.000144314 0.999978 -0.00666027 -0.00154199 0.00665972 0.999976 -0.055361 0.0747245 -0.326804
FixedParameters: 0 0 0

#Transform 148
Transform: AffineTransform_float_3_3
Parameters: 1 0.000219587 0.00115976 -0.000211563 0.999976 -0.0069413 -0.00116113 0.0069407 0.999975 -0.0233584 0.0434245 -0.417417
FixedParameters: 0 0 0

#Transform 149
Transform: AffineTransform_float_3_3
Parameters: 1 4.00531e-05 0.00107538 -3.16587e-05 0.999968 -0.00807904 -0.00107639 0.00807896 0.999967 -0.0234912 0.116651 -0.3934
FixedParameters: 0 0 0

#Transform 150
Transform: AffineTransform_float_3_3
Parameters: 1 0.000345345 0.00112534 -0.000336252 0.999967 -0.00808639 -0.00112827 0.00808661 0.999966 -0.0406317 0.0895998 -0.405085
FixedParameters: 0 0 0

#Transform 151
Transform: AffineTransform_float_3_3
Parameters: 1 0.000648383 0.000943247 -0.000640929 0.999969 -0.00776066 -0.000948589 0.00776034 0.99997 -0.0474227 0.0900921 -0.392655
FixedParameters: 0 0 0

#Transform 152
Transform: AffineTransform_float_3_3
Parameters: 0.999999 0.000657692 0.000706445 -0.000651949 0.99997 -0.00773746 -0.000711819 0.00773653 0.99997 -0.070104 0.0899555 -0.399898
FixedParameters: 0 0 0

#Transform 153
Transform: AffineTransform_float_3_3
Parameters: 0.999998 0.00103535 0.00125661 -0.00102723 0.999976 -0.00694131 -0.00126336 0.0069397 0.999975 -0.0727695 0.162847 -0.235297
FixedParameters: 0 0 0

#Transform 154
Transform: AffineTransform_float_3_3
Parameters: 0.999998 0.000525647 0.00163681 -0.000516154 0.99998 -0.0063089 -0.0016399 0.0063071 0.999979 -0.0529019 0.0775609 -0.385666
FixedParameters: 0 0 0

#Transform 155
Transform: AffineTransform_float_3_3
Parameters: 0.999998 0.000620564 0.0015435 -0.000612219 0.999987 -0.005009 -0.001547 0.005008 0.999987 -0.0734068 0.1006 -0.287444
FixedParameters: 0 0 0

#Transform 156
Transform: AffineTransform_float_3_3
Parameters: 0.999999 0.000833133 0.00155806 -0.000825757 0.99999 -0.00434635 -0.00156155 0.00434566 0.99999 -0.0866688 0.0302667 -0.362611
FixedParameters: 0 0 0

#Transform 157
Transform: AffineTransform_float_3_3
Parameters: 0.999998 0.00117885 0.00152869 -0.00117252 0.99999 -0.0044438 -0.00153347 0.0044412 0.999989 -0.0977853 0.0975834 -0.293778
FixedParameters: 0 0 0

#Transform 158
Transform: AffineTransform_float_3_3
Parameters: 0.999998 0.00101644 0.00184003 -0.00100825 0.999989 -0.00445691 -0.00184443 0.00445508 0.999988 -0.109577 0.02709 -0.354865
FixedParameters: 0 0 0

#Transform 159
Transform: AffineTransform_float_3_3
Parameters: 0.999998 0.000875564 0.00182469 -0.000866286 0.999988 -0.00479264 -0.00182842 0.00479036 0.999987 -0.112952 0.0866262 -0.377718
FixedParameters: 0 0 0

#Transform 160
Transform: AffineTransform_float_3_3
Parameters: 0.999998 0.000928165 0.00167915 -0.000920474 0.99999 -0.0044236 -0.00168366 0.00442139 0.999989 -0.0999517 0.0705747 -0.363865
FixedParameters: 0 0 0

#Transform 161
Transform: AffineTransform_float_3_3
Parameters: 0.999998 0.0010248 0.00176007 -0.00101537 0.999984 -0.00558885 -0.00176595 0.00558715 0.999983 -0.0922012 0.0939938 -0.405838
FixedParameters: 0 0 0

#Transform 162
Transform: AffineTransform_float_3_3
Parameters: 0.999998 0.000918835 0.00181364 -0.000911143 0.999988 -0.00465976 -0.0018176 0.00465824 0.999988 -0.0924005 0.0456652 -0.448651
FixedParameters: 0 0 0

#Transform 163
Transform: AffineTransform_float_3_3
Parameters: 1 -0.000416999 0.0011358 0.000426763 0.999962 -0.00864756 -0.00113197 0.00864743 0.999962 -0.0822375 0.149686 -0.43455
FixedParameters: 0 0 0

#Transform 164
Transform: AffineTransform_float_3_3
Parameters: 0.999999 -0.000272051 0.00137975 0.000285431 0.999954 -0.00952965 -0.00137705 0.00952933 0.999953 -0.0739179 0.156426 -0.480552
FixedParameters: 0 0 0

#Transform 165
Transform: AffineTransform_float_3_3
Parameters: 0.999999 -0.000423173 0.00135534 0.000437276 0.999947 -0.0103075 -0.00135113 0.0103085 0.999946 -0.0544975 0.160296 -0.493718
FixedParameters: 0 0 0

#Transform 166
Transform: AffineTransform_float_3_3
Parameters: 0.999997 0.000350966 0.00217901 -0.000331305 0.999961 -0.00889084 -0.00218297 0.00889016 0.999958 -0.077946 0.150885 -0.414609
FixedParameters: 0 0 0

#Transform 167
Transform: AffineTransform_float_3_3
Parameters: 0.999997 0.000900823 0.00220172 -0.000884419 0.999973 -0.00719306 -0.00220827 0.00719093 0.999972 -0.120125 0.161737 -0.250487
FixedParameters: 0 0 0

#Transform 168
Transform: AffineTransform_float_3_3
Parameters: 0.999997 0.00125013 0.00221834 -0.00123833 0.999985 -0.00520586 -0.00222482 0.00520313 0.999984 -0.140649 0.0692132 -0.321829
FixedParameters: 0 0 0

#Transform 169
Transform: AffineTransform_float_3_3
Parameters: 0.999996 0.00116123 0.00253613 -0.00114606 0.999983 -0.00580503 -0.00254319 0.00580297 0.99998 -0.156338 0.105905 -0.3868
FixedParameters: 0 0 0

#Transform 170
Transform: AffineTransform_float_3_3
Parameters: 0.999995 0.00127489 0.00267087 -0.00125894 0.999982 -0.00585554 -0.00267842 0.00585246 0.99998 -0.161295 0.115648 -0.274826
FixedParameters: 0 0 0

#Transform 171
Transform: AffineTransform_float_3_3
Parameters: 0.999995 0.00152246 0.00256174 -0.00150917 0.999984 -0.0054 -0.00256977 0.00539601 0.999982 -0.149448 0.0317378 -0.406299
FixedParameters: 0 0 0

#Transform 172
Transform: AffineTransform_float_3_3
Parameters: 0.999996 0.00139389 0.0024562 -0.00138042 0.999984 -0.00545652 -0.00246395 0.00545349 0.999982 -0.159061 0.109855 -0.289989
FixedParameters: 0 0 0

#Transform 173
Transform: AffineTransform_float_3_3
Parameters: 0.999996 0.00147684 0.00262254 -0.00146396 0.999987 -0.00498897 -0.00263083 0.00498504 0.999984 -0.152569 0.0421809 -0.397429
FixedParameters: 0 0 0

#Transform 174
Transform: AffineTransform_float_3_3
Parameters: 0.999995 0.0013371 0.00266069 -0.0013239 0.999987 -0.00498865 -0.00266658 0.00498436 0.999984 -0.153955 0.0650523 -0.360564
FixedParameters: 0 0 0

#Transform 175
Transform: AffineTransform_float_3_3
Parameters: 0.999997 0.00110925 0.00221243 -0.00109847 0.999986 -0.00520255 -0.00221849 0.00520045 0.999984 -0.124625 0.0460836 -0.435831
FixedParameters: 0 0 0

#Transform 176
Transform: AffineTransform_float_3_3
Parameters: 0.999998 0.000181733 0.00165234 -0.000167914 0.999967 -0.00813633 -0.0016538 0.00813566 0.999965 -0.0669421 0.131171 -0.449263
FixedParameters: 0 0 0

#Transform 177
Transform: AffineTransform_float_3_3
Parameters: 1 -6.94102e-06 0.00118453 1.96486e-05 0.999941 -0.010868 -0.00118385 0.010868 0.99994 -0.0348249 0.163937 -0.458948
FixedParameters: 0 0 0

#Transform 178
Transform: AffineTransform_float_3_3
Parameters: 0.999998 0.000214546 0.00193242 -0.000196709 0.999955 -0.00954345 -0.00193525 0.00954256 0.999952 -0.056916 0.168178 -0.384641
FixedParameters: 0 0 0

#Transform 179
Transform: AffineTransform_float_3_3
Parameters: 0.999996 0.00101358 0.00237947 -0.000997139 0.999975 -0.0070935 -0.00238654 0.00709051 0.999972 -0.0909582 0.136246 -0.310037
FixedParameters: 0 0 0

#Transform 180
Transform: AffineTransform_float_3_3
Parameters: 0.999994 0.0011901 0.00302615 -0.00117311 0.999984 -0.00549778 -0.0030329 0.00549423 0.999981 -0.133438 0.0265935 -0.428962
FixedParameters: 0 0 0

#Transform 181
Transform: AffineTransform_float_3_3
Parameters: 0.999996 0.00119726 0.00263271 -0.00118099 0.999983 -0.00580224 -0.00264017 0.00579976 0.99998 -0.123871 0.0924927 -0.39785
FixedParameters: 0 0 0

#Transform 182
Transform: AffineTransform_float_3_3
Parameters: 0.999996 0.00116347 0.00261357 -0.00114855 0.999983 -0.00558817 -0.00262015 0.00558482 0.999981 -0.136076 0.0911089 -0.331996
FixedParameters: 0 0 0

#Transform 183
Transform: AffineTransform_float_3_3
Parameters: 0.999996 0.00127102 0.00255008 -0.00125722 0.999984 -0.00551633 -0.00255669 0.00551267 0.999981 -0.123379 0.0587182 -0.399395
FixedParameters: 0 0 0

#Transform 184
Transform: AffineTransform_float_3_3
Parameters: 0.999996 0.00113023 0.00265054 -0.00111628 0.999985 -0.00532813 -0.00265618 0.00532487 0.999983 -0.125836 0.0656021 -0.34536
FixedParameters: 0 0 0

#Transform 185
Transform: AffineTransform_float_3_3
Parameters: 0.999995 0.0012721 0.00266725 -0.00125805 0.999984 -0.00549753 -0.00267487 0.00549447 0.999982 -0.14973 0.0467152 -0.378393
FixedParameters: 0 0 0

#Transform 186
Transform: AffineTransform_float_3_3
Parameters: 0.999996 0.000940266 0.00273085 -0.000925327 0.999986 -0.0051617 -0.0027351 0.0051593 0.999983 -0.122479 0.0280115 -0.401314
FixedParameters: 0 0 0

#Transform 187
Transform: AffineTransform_float_3_3
Parameters: 0.999995 0.00101713 0.00301406 -0.00100094 0.999985 -0.00538924 -0.0030187 0.00538576 0.999981 -0.127079 0.0424441 -0.411736
FixedParameters: 0 0 0

#Transform 188
Transform: AffineTransform_float_3_3
Parameters: 0.999996 0.000573159 0.00256345 -0.000556448 0.999979 -0.0064196 -0.00256646 0.00641841 0.999976 -0.0963795 0.060846 -0.420636
FixedParameters: 0 0 0

#Transform 189
Transform: AffineTransform_float_3_3
Parameters: 0.999997 0.000761215 0.00257137 -0.000746018 0.999981 -0.00611409 -0.00257535 0.00611192 0.999978 -0.0840751 0.0690969 -0.397102
FixedParameters: 0 0 0

#Transform 190
Transform: AffineTransform_float_3_3
Parameters: 0.999996 0.00100642 0.00258083 -0.00098937 0.999978 -0.00665868 -0.00258692 0.00665632 0.999974 -0.166998 0.0816851 -0.416364
FixedParameters: 0 0 0

#Transform 191
Transform: AffineTransform_float_3_3
Parameters: 0.999993 0.00168417 0.00335514 -0.00166193 0.999977 -0.00651683 -0.00336594 0.00651118 0.999974 -0.188959 0.134652 -0.291713
FixedParameters: 0 0 0

#Transform 192
Transform: AffineTransform_float_3_3
