#Insight Transform File V1.0
#Transform 0
Transform: AffineTransform_float_3_3
Parameters: 0.999989 0.00362526 -0.00296552 -0.00358474 0.999901 0.0135737 0.00301453 -0.0135633 0.999903 -0.0411391 -0.097324 0.154175
FixedParameters: 0 0 0

#Transform 1
Transform: AffineTransform_float_3_3
Parameters: 0.999991 0.00298501 -0.00293333 -0.00294551 0.999907 0.0133752 0.00297279 -0.0133658 0.999906 -0.0191989 -0.10372 0.128645
FixedParameters: 0 0 0

#Transform 2
Transform: AffineTransform_float_3_3
Parameters: 0.999993 0.00226879 -0.00271775 -0.00223486 0.999921 0.0123463 0.00274543 -0.0123397 0.999921 -0.035191 -0.0717013 0.129545
FixedParameters: 0 0 0

#Transform 3
Transform: AffineTransform_float_3_3
Parameters: 0.999994 0.00217457 -0.00294226 -0.0021387 0.999925 0.0120295 0.00296767 -0.0120225 0.999923 -0.0263835 -0.123375 0.144646
FixedParameters: 0 0 0

#Transform 4
Transform: AffineTransform_float_3_3
Parameters: 0.999994 0.0024568 -0.00240122 -0.00243106 0.999942 0.0104675 0.00242648 -0.0104615 0.999942 -0.0427661 -0.122215 0.0935497
FixedParameters: 0 0 0

#Transform 5
Transform: AffineTransform_float_3_3
Parameters: 0.999995 0.00207121 -0.00235596 -0.00204875 0.999954 0.00943269 0.00237548 -0.00942831 0.999953 -0.0452053 -0.107684 0.0973046
FixedParameters: 0 0 0

#Transform 6
Transform: AffineTransform_float_3_3
Parameters: 0.999995 0.00208885 -0.00226923 -0.00207051 0.999966 0.00804751 0.00228655 -0.0080425 0.999965 -0.0398385 -0.0744346 0.0749761
FixedParameters: 0 0 0

#Transform 7
Transform: AffineTransform_float_3_3
Parameters: 0.999995 0.00213955 -0.00204544 -0.00212553 0.999973 0.00705014 0.00206059 -0.00704586 0.999973 -0.0388636 -0.109228 0.0593411
FixedParameters: 0 0 0

#Transform 8
Transform: AffineTransform_float_3_3
Parameters: 0.999998 0.00160029 -0.00165938 -0.00158903 0.999975 0.0069276 0.00167095 -0.00692541 0.999975 -0.0471131 -0.0147131 0.0217099
FixedParameters: 0 0 0

#Transform 9
Transform: AffineTransform_float_3_3
Parameters: 0.999998 0.00166173 -0.00149123 -0.00165093 0.999972 0.00730214 0.00150369 -0.00729987 0.999972 -0.0273452 0.0305825 -0.0489945
FixedParameters: 0 0 0

#Transform 10
Transform: AffineTransform_float_3_3
Parameters: 0.999998 0.00137297 -0.00133343 -0.00136316 0.999973 0.00717471 0.00134402 -0.00717328 0.999973 -0.0260094 0.0237498 -0.0785568
FixedParameters: 0 0 0

#Transform 11
Transform: AffineTransform_float_3_3
Parameters: 0.999999 0.00120442 -0.00129407 -0.00119518 0.999974 0.00708467 0.001303 -0.00708333 0.999975 -0.0312633 0.0657175 -0.0620533
FixedParameters: 0 0 0

#Transform 12
Transform: AffineTransform_float_3_3
Parameters: 0.999998 0.000783022 -0.00171533 -0.000770436 0.99997 0.00767268 0.00172132 -0.00767133 0.99997 -0.0189 0.0122263 -0.0887673
FixedParameters: 0 0 0

#Transform 13
Transform: AffineTransform_float_3_3
Parameters: 0.999999 0.000327554 -0.000773568 -0.000322371 0.99998 0.00631025 0.000775694 -0.00630975 0.99998 -0.0445965 0.0556846 -0.0873816
FixedParameters: 0 0 0

#Transform 14
Transform: AffineTransform_float_3_3
Parameters: 0.999999 -0.000407301 -0.000700304 0.000411548 0.999981 0.00617471 0.000698367 -0.00617528 0.99998 -0.06957 0.0335736 -0.0771449
FixedParameters: 0 0 0

#Transform 15
Transform: AffineTransform_float_3_3
Parameters: 0.999999 -0.000406528 -0.000639837 0.000410576 0.999981 0.00603173 0.000636821 -0.00603226 0.999981 -0.0533634 0.0163451 -0.104887
FixedParameters: 0 0 0

#Transform 16
Transform: AffineTransform_float_3_3
Parameters: 1 -0.000388358 -0.00056185 0.000391365 0.999983 0.00572601 0.00056027 -0.00572599 0.999984 -0.0544281 0.066919 -0.104805
FixedParameters: 0 0 0

#Transform 17
Transform: AffineTransform_float_3_3
Parameters: 1 -0.000308642 -0.000221608 0.00030963 0.999993 0.00390193 0.000220403 -0.00390207 0.999993 -0.0509334 0.0406945 -0.130376
FixedParameters: 0 0 0

#Transform 18
Transform: AffineTransform_float_3_3
Parameters: 1 -0.000328432 -0.000304166 0.000329813 0.999994 0.00348784 0.000303078 -0.00348715 0.999994 -0.0445973 0.0567215 -0.0890976
FixedParameters: 0 0 0

#Transform 19
Transform: AffineTransform_float_3_3
Parameters: 1 -0.000164855 -9.53564e-06 0.000164859 1 0.000205998 9.46772e-06 -0.000206002 1 -0.03134 0.0561238 -0.015827
FixedParameters: 0 0 0

#Transform 20
Transform: AffineTransform_float_3_3
Parameters: 1 -4.06498e-05 0.000172371 4.05591e-05 1 0.000263007 -0.000172392 -0.000262993 1 -0.00926449 -0.00489046 -0.0023596
FixedParameters: 0 0 0

#Transform 21
Transform: AffineTransform_float_3_3
Parameters: 1 0.00015081 4.46468e-05 -0.000150482 1 -0.00105301 -4.39921e-05 0.00105299 1 -0.0174313 0.12183 0.0357845
FixedParameters: 0 0 0

#Transform 22
Transform: AffineTransform_float_3_3
Parameters: 1 8.00005e-05 -6.88472e-05 -7.91823e-05 1 -0.00112 6.84337e-05 0.00112001 1 -0.0131348 0.0556095 0.0521545
FixedParameters: 0 0 0

#Transform 23
Transform: AffineTransform_float_3_3
Parameters: 1 -0.000105974 -0.00057937 0.000104459 0.999999 -0.00130706 0.000579645 0.00130694 0.999999 -0.025061 0.0490718 0.0539878
FixedParameters: 0 0 0

#Transform 24
Transform: AffineTransform_float_3_3
Parameters: 0.999999 -0.000137261 -0.00102783 0.000134743 0.999996 -0.00264385 0.00102785 0.00264314 0.999996 -0.0178706 0.0867428 0.0929381
FixedParameters: 0 0 0

#Transform 25
Transform: AffineTransform_float_3_3
Parameters: 1 -0.000208584 0.000198065 0.00020773 0.999997 0.00215004 -0.00019896 -0.00214996 0.999997 -0.0277411 0.147424 0.0140117
FixedParameters: 0 0 0

#Transform 26
Transform: AffineTransform_float_3_3
Parameters: 1 -3.22266e-05 -0.000295686 3.26382e-05 1 0.00069599 0.000295641 -0.000696009 0.999999 -0.00908341 0.179258 0.0244853
FixedParameters: 0 0 0

#Transform 27
Transform: AffineTransform_float_3_3
Parameters: 0.999999 -0.000600773 -0.000755832 0.000601399 1 -0.000229455 0.000755872 0.000228546 0.999999 -0.0336177 0.203941 -0.0372768
FixedParameters: 0 0 0

#Transform 28
Transform: AffineTransform_float_3_3
Parameters: 1 -0.000323569 -0.000280015 0.000324127 1 0.00099791 0.000279369 -0.000998091 1 -0.0212833 0.148101 -0.0579925
FixedParameters: 0 0 0

#Transform 29
Transform: AffineTransform_float_3_3
Parameters: 0.999999 -0.000827264 -0.000308197 0.000827535 0.999995 0.00284074 0.00030591 -0.00284125 0.999996 -0.040313 0.188553 -0.0742821
FixedParameters: 0 0 0

#Transform 30
Transform: AffineTransform_float_3_3
Parameters: 1 -0.000376627 0.000114587 0.000376518 1 0.000475043 -0.000114945 -0.000474957 1 -0.0459013 0.164249 -0.0525098
FixedParameters: 0 0 0

#Transform 31
Transform: AffineTransform_float_3_3
Parameters: 1 -0.00102134 -0.000295504 0.00102148 0.999999 0.00149142 0.000293664 -0.00149158 0.999999 -0.0438336 0.159267 -0.0905676
FixedParameters: 0 0 0

#Transform 32
Transform: AffineTransform_float_3_3
Parameters: 0.999999 -0.00132161 0.000630069 0.00132056 0.999997 0.00234961 -0.000632622 -0.0023484 0.999997 -0.0517304 0.201284 -0.0895286
FixedParameters: 0 0 0

#Transform 33
Transform: AffineTransform_float_3_3
Parameters: 0.999999 -0.000252088 0.000690528 0.00026482 0.999817 -0.0190928 -0.000685612 0.0190922 0.999817 0.0140407 0.178445 1.0153
FixedParameters: 0 0 0

#Transform 34
Transform: AffineTransform_float_3_3
Parameters: 0.999999 0.000841607 0.00130443 -0.000819723 0.999864 -0.0165191 -0.00131846 0.0165179 0.999862 0.0208712 0.419553 0.675249
FixedParameters: 0 0 0

#Transform 35
Transform: AffineTransform_float_3_3
Parameters: 0.999996 0.000127792 0.00306997 -0.000143436 0.999987 0.00519561 -0.0030694 -0.00519639 0.999982 -0.0125192 0.463579 -0.0234038
FixedParameters: 0 0 0

#Transform 36
Transform: AffineTransform_float_3_3
Parameters: 0.999997 -0.000288113 0.00247468 0.000272266 0.99998 0.00638226 -0.00247692 -0.00638174 0.999976 0.00960591 0.429658 0.041499
FixedParameters: 0 0 0

#Transform 37
Transform: AffineTransform_float_3_3
Parameters: 0.999995 0.000265307 0.0030965 -0.000335182 0.99974 0.022827 -0.00308977 -0.022828 0.999734 -0.0448927 0.35267 -0.679421
FixedParameters: 0 0 0

#Transform 38
Transform: AffineTransform_float_3_3
Parameters: 0.999999 -0.000587254 0.00169789 0.000461709 0.997329 0.0730352 -0.00173605 -0.0730338 0.997328 -0.0911741 0.14941 -2.88746
FixedParameters: 0 0 0

#Transform 39
Transform: AffineTransform_float_3_3
Parameters: 0.999993 -0.00365743 0.000890957 0.00364538 0.999912 0.0127636 -0.000937509 -0.0127614 0.999918 -0.131645 0.12507 -0.272286
FixedParameters: 0 0 0

#Transform 40
Transform: AffineTransform_float_3_3
Parameters: 0.999986 -0.00332904 0.00424014 0.0037616 0.994314 -0.106421 -0.00386233 0.106436 0.994312 0.0941659 0.445195 3.5808
FixedParameters: 0 0 0

#Transform 41
Transform: AffineTransform_float_3_3
Parameters: 0.999986 -0.00287195 0.00441941 0.00341539 0.991707 -0.128478 -0.00401353 0.128491 0.991702 0.201847 0.666026 3.7964
FixedParameters: 0 0 0

#Transform 42
Transform: AffineTransform_float_3_3
Parameters: 0.999993 -0.00172333 0.00310318 0.00210525 0.991835 -0.12751 -0.00285819 0.127516 0.991832 0.197493 0.673989 3.69917
FixedParameters: 0 0 0

#Transform 43
Transform: AffineTransform_float_3_3
Parameters: 0.999991 -0.00165022 0.00385519 0.00213693 0.991548 -0.129721 -0.00360854 0.129728 0.991543 0.162318 0.507524 3.65405
FixedParameters: 0 0 0

#Transform 44
Transform: AffineTransform_float_3_3
Parameters: 0.999992 -0.00147547 0.00352503 0.00192115 0.991516 -0.129969 -0.00330312 0.129975 0.991512 0.163541 0.440315 3.65104
FixedParameters: 0 0 0

#Transform 45
Transform: AffineTransform_float_3_3
Parameters: 0.999991 -0.00193217 0.0037439 0.00241194 0.991179 -0.132503 -0.00345434 0.132512 0.991176 0.157575 0.391715 3.66462
FixedParameters: 0 0 0

#Transform 46
Transform: AffineTransform_float_3_3
Parameters: 0.999989 -0.000832941 0.00477254 0.00145762 0.991197 -0.132388 -0.00462042 0.132393 0.991187 0.204411 0.196853 3.79716
FixedParameters: 0 0 0

#Transform 47
Transform: AffineTransform_float_3_3
Parameters: 0.999946 -0.00649397 0.00802933 0.00718418 0.995993 -0.0891414 -0.0074181 0.0891945 0.995987 0.112681 0.157721 3.0924
FixedParameters: 0 0 0

#Transform 48
Transform: AffineTransform_float_3_3
Parameters: 0.999981 -0.0038941 0.00475781 0.00411195 0.998895 -0.0468267 -0.00457033 0.0468453 0.998892 0.064216 -0.0939991 1.84189
FixedParameters: 0 0 0

#Transform 49
Transform: AffineTransform_float_3_3
Parameters: 0.999982 -0.00397187 0.00436662 0.0042004 0.998548 -0.0536933 -0.00414674 0.0537107 0.998548 0.10037 0.07188 2.20793
FixedParameters: 0 0 0

#Transform 50
Transform: AffineTransform_float_3_3
Parameters: 0.999993 -0.00250994 0.00254548 0.00260402 0.999285 -0.037709 -0.00244907 0.037715 0.999286 0.074781 0.171623 1.66127
FixedParameters: 0 0 0

#Transform 51
Transform: AffineTransform_float_3_3
Parameters: 0.999996 -0.00132059 0.002752 0.00141051 0.99945 -0.0331538 -0.00270626 0.0331582 0.999447 0.107683 0.12088 1.55038
FixedParameters: 0 0 0

#Transform 52
Transform: AffineTransform_float_3_3
Parameters: 0.999996 -0.000560081 0.00279698 0.000670985 0.999209 -0.0397715 -0.00277164 0.0397736 0.999205 0.088433 0.154221 1.78722
FixedParameters: 0 0 0

#Transform 53
Transform: AffineTransform_float_3_3
Parameters: 1 5.41532e-05 0.000609878 -2.23732e-05 0.998659 -0.051772 -0.000612386 0.051772 0.998658 0.0929094 0.000263114 2.19923
FixedParameters: 0 0 0

#Transform 54
Transform: AffineTransform_float_3_3
Parameters: 0.999998 0.00114206 0.00114607 -0.00107067 0.998152 -0.0607603 -0.00121279 0.0607586 0.998151 0.125179 0.160373 2.45385
FixedParameters: 0 0 0

#Transform 55
Transform: AffineTransform_float_3_3
Parameters: 0.999997 0.00174912 0.00130911 -0.00166745 0.998206 -0.0598452 -0.00141178 0.0598428 0.998207 0.13181 0.26785 2.46768
FixedParameters: 0 0 0

#Transform 56
Transform: AffineTransform_float_3_3
Parameters: 0.999999 0.00103032 0.0010402 -0.000981164 0.998927 -0.0462939 -0.00108645 0.0462931 0.998927 0.100271 0.124402 2.02066
FixedParameters: 0 0 0

#Transform 57
Transform: AffineTransform_float_3_3
Parameters: 0.999998 0.00158653 0.000446735 -0.00155701 0.998199 -0.0599749 -0.000541802 0.0599742 0.9982 0.116367 0.204136 2.46402
FixedParameters: 0 0 0

#Transform 58
Transform: AffineTransform_float_3_3
Parameters: 0.999998 0.0017483 0.00115657 -0.00166789 0.997823 -0.0659303 -0.00126914 0.0659288 0.997823 0.137231 0.212109 2.6379
FixedParameters: 0 0 0

#Transform 59
Transform: AffineTransform_float_3_3
Parameters: 1 0.000780123 -0.000736825 -0.000805476 0.999357 -0.0358376 0.000708562 0.0358374 0.999357 0.105881 0.145846 1.40631
FixedParameters: 0 0 0

#Transform 60
Transform: AffineTransform_float_3_3
Parameters: 0.999998 -0.000722893 -0.00183771 0.000814303 0.998723 0.0505298 0.00179882 -0.0505312 0.99872 -0.0224232 -0.0252451 -1.98139
FixedParameters: 0 0 0

#Transform 61
Transform: AffineTransform_float_3_3
Parameters: 0.999999 -0.000817876 -0.00123256 0.000874784 0.998891 0.0470692 0.00119242 -0.0470708 0.998891 -0.0156126 -0.0933961 -1.80726
FixedParameters: 0 0 0

#Transform 62
Transform: AffineTransform_float_3_3
Parameters: 0.999998 -0.000955437 -0.00164125 0.00102767 0.999013 0.0444056 0.00159723 -0.0444074 0.999012 -0.0302393 -0.0177218 -1.75027
FixedParameters: 0 0 0

#Transform 63
Transform: AffineTransform_float_3_3
Parameters: 1 0.000783976 -0.000750337 -0.000750389 0.999065 0.0432187 0.000783446 -0.0432184 0.999066 -0.0180686 -0.0825065 -2.0688
FixedParameters: 0 0 0

#Transform 64
Transform: AffineTransform_float_3_3
Parameters: 0.999999 0.000324122 0.000764115 -0.000357794 0.998991 0.0449107 -0.000748978 -0.0449112 0.99899 0.00782559 -0.02617 -2.16164
FixedParameters: 0 0 0

#Transform 65
Transform: AffineTransform_float_3_3
Parameters: 1 -0.000324438 0.00055296 0.00029991 0.999064 0.0432572 -0.000566215 -0.0432568 0.999064 0.00066042 0.0593704 -2.04079
FixedParameters: 0 0 0

#Transform 66
Transform: AffineTransform_float_3_3
Parameters: 0.999999 -0.000673068 -0.000489233 0.000695174 0.998997 0.0447847 0.000458573 -0.0447854 0.998997 -0.0479862 0.0788748 -2.05873
FixedParameters: 0 0 0

#Transform 67
Transform: AffineTransform_float_3_3
Parameters: 0.999999 -0.00109135 -0.000704829 0.00112095 0.99906 0.0433542 0.000657155 -0.0433548 0.99906 -0.105604 0.0705247 -2.01608
FixedParameters: 0 0 0

#Transform 68
Transform: AffineTransform_float_3_3
Parameters: 0.999999 -0.000771162 0.000106053 0.000765737 0.999189 0.0402719 -0.000137136 -0.0402721 0.999189 -0.0597914 0.0723626 -1.88508
FixedParameters: 0 0 0

#Transform 69
Transform: AffineTransform_float_3_3
Parameters: 1 -0.000456246 -0.000108021 0.000459517 0.999426 0.0338559 9.22618e-05 -0.033856 0.999426 -0.0371857 0.120644 -1.66541
FixedParameters: 0 0 0

#Transform 70
Transform: AffineTransform_float_3_3
Parameters: 1 0.000465613 0.000483982 -0.000472742 0.999898 0.0142808 -0.000477321 -0.0142812 0.999898 -0.0413557 0.380163 -0.733664
FixedParameters: 0 0 0

#Transform 71
Transform: AffineTransform_float_3_3
Parameters: 0.999999 0.000279261 0.000979807 -0.000298393 0.999807 0.0196179 -0.000974149 -0.019618 0.999807 -0.0123634 0.352454 -0.938741
FixedParameters: 0 0 0

#Transform 72
Transform: AffineTransform_float_3_3
Parameters: 1 0.000862985 0.000537199 -0.000881941 0.999305 0.0372735 -0.000504729 -0.0372735 0.999305 -0.0098762 0.316357 -1.71986
FixedParameters: 0 0 0

#Transform 73
Transform: AffineTransform_float_3_3
Parameters: 0.999999 0.00125551 0.000614627 -0.00127805 0.999274 0.0380832 -0.000565714 -0.0380838 0.999275 -0.0278647 0.249859 -1.72044
FixedParameters: 0 0 0

#Transform 74
Transform: AffineTransform_float_3_3
Parameters: 0.999991 0.0041598 0.000757995 -0.00418366 0.999392 0.0346322 -0.000613558 -0.0346358 0.9994 -0.187449 0.141924 -1.7021
FixedParameters: 0 0 0

#Transform 75
Transform: AffineTransform_float_3_3
Parameters: 0.999999 0.00174788 -0.000386052 -0.00173878 0.999776 0.0211015 0.000422463 -0.0211005 0.999778 -0.157019 0.191643 -1.26325
FixedParameters: 0 0 0

#Transform 76
Transform: AffineTransform_float_3_3
Parameters: 0.999994 0.0031975 0.00136874 -0.00324138 0.999437 0.033403 -0.00126094 -0.033407 0.999441 -0.0945247 0.194274 -1.7473
FixedParameters: 0 0 0

#Transform 77
Transform: AffineTransform_float_3_3
Parameters: 0.999993 0.00338999 0.00153099 -0.00344013 0.999415 0.0340244 -0.00141455 -0.0340286 0.99942 -0.0956345 0.132954 -1.75477
FixedParameters: 0 0 0

#Transform 78
Transform: AffineTransform_float_3_3
Parameters: 0.999994 0.00341114 0.00129154 -0.00345125 0.99945 0.0329699 -0.00117913 -0.0329731 0.999456 -0.0952382 0.169277 -1.68374
FixedParameters: 0 0 0

#Transform 79
Transform: AffineTransform_float_3_3
Parameters: 0.999994 0.00333509 0.00141787 -0.00337953 0.99948 0.0320526 -0.00130969 -0.0320574 0.999485 -0.0820501 0.182275 -1.61911
FixedParameters: 0 0 0

#Transform 80
Transform: AffineTransform_float_3_3
Parameters: 0.999993 0.00336777 0.00127048 -0.00340563 0.999497 0.0315171 -0.00116409 -0.0315209 0.999503 -0.0783902 0.145008 -1.5958
FixedParameters: 0 0 0

#Transform 81
Transform: AffineTransform_float_3_3
Parameters: 0.999993 0.00336859 0.00155236 -0.00341629 0.999486 0.0318841 -0.00144425 -0.0318889 0.99949 -0.0885556 0.183207 -1.58349
FixedParameters: 0 0 0

#Transform 82
Transform: AffineTransform_float_3_3
Parameters: 0.999993 0.00340041 0.00158153 -0.00344755 0.999516 0.0309029 -0.00147596 -0.0309081 0.999521 -0.0838166 0.211651 -1.57552
FixedParameters: 0 0 0

#Transform 83
Transform: AffineTransform_float_3_3
Parameters: 0.999993 0.00341864 0.00155765 -0.00346487 0.999513 0.031023 -0.00145112 -0.031028 0.999517 -0.0934817 0.20739 -1.51707
FixedParameters: 0 0 0

#Transform 84
Transform: AffineTransform_float_3_3
Parameters: 0.999994 0.00317023 0.000995405 -0.00319805 0.999587 0.0285352 -0.000904392 -0.0285378 0.999593 -0.0921594 0.218704 -1.45254
FixedParameters: 0 0 0

#Transform 85
Transform: AffineTransform_float_3_3
Parameters: 0.999993 0.00351822 0.00110751 -0.00354293 0.999718 0.0234882 -0.00102389 -0.0234918 0.999724 -0.0755039 0.286934 -1.23599
FixedParameters: 0 0 0

#Transform 86
Transform: AffineTransform_float_3_3
Parameters: 0.999992 0.00382237 0.00123105 -0.00384985 0.999728 0.0229944 -0.00114243 -0.0229986 0.999735 -0.0652153 0.259736 -1.14338
FixedParameters: 0 0 0

#Transform 87
Transform: AffineTransform_float_3_3
Parameters: 0.999994 0.00329236 0.000874953 -0.00331194 0.999743 0.0224353 -0.00080108 -0.0224377 0.999748 -0.0721946 0.268961 -1.10835
FixedParameters: 0 0 0

#Transform 88
Transform: AffineTransform_float_3_3
Parameters: 0.999993 0.00352207 0.000624975 -0.00353425 0.99977 0.0211558 -0.000550759 -0.0211582 0.999776 -0.0385095 0.299126 -1.00493
FixedParameters: 0 0 0

#Transform 89
Transform: AffineTransform_float_3_3
Parameters: 0.999994 0.00346683 0.00121628 -0.00349098 0.999773 0.0210559 -0.0011428 -0.0210601 0.999778 -0.0473889 0.279701 -0.96664
FixedParameters: 0 0 0

#Transform 90
Transform: AffineTransform_float_3_3
Parameters: 0.999992 0.00367796 0.00108504 -0.00370051 0.999764 0.0213921 -0.00100559 -0.0213949 0.999771 -0.044615 0.264556 -0.924103
FixedParameters: 0 0 0

#Transform 91
Transform: AffineTransform_float_3_3
Parameters: 0.999992 0.00379414 0.0011785 -0.00381547 0.99981 0.0191274 -0.00110624 -0.0191317 0.999816 -0.0294793 0.285607 -0.844549
FixedParameters: 0 0 0

#Transform 92
Transform: AffineTransform_float_3_3
Parameters: 0.999991 0.00387353 0.00141903 -0.00390223 0.999787 0.0202813 -0.0013399 -0.0202877 0.999793 -0.0141186 0.326915 -0.833125
FixedParameters: 0 0 0

#Transform 93
Transform: AffineTransform_float_3_3
Parameters: 0.999991 0.00361722 0.00190998 -0.00365625 0.99978 0.0206733 -0.00183471 -0.0206807 0.999784 -0.00876576 0.313571 -0.859528
FixedParameters: 0 0 0

#Transform 94
Transform: AffineTransform_float_3_3
Parameters: 0.999991 0.00378548 0.00187244 -0.00382306 0.999782 0.0205251 -0.00179428 -0.0205319 0.999787 -0.000251579 0.326704 -0.872178
FixedParameters: 0 0 0

#Transform 95
Transform: AffineTransform_float_3_3
Parameters: 0.99999 0.00384339 0.00197888 -0.00388311 0.999779 0.0206486 -0.00189903 -0.0206564 0.999785 -0.0441281 0.295588 -0.931649
FixedParameters: 0 0 0

#Transform 96
Transform: AffineTransform_float_3_3
Parameters: 0.999987 0.00456971 0.00229314 -0.00461538 0.999781 0.0204135 -0.00220005 -0.0204235 0.999789 -0.0436306 0.299063 -0.985931
FixedParameters: 0 0 0

#Transform 97
Transform: AffineTransform_float_3_3
Parameters: 0.999985 0.00496334 0.00252966 -0.00501745 0.999746 0.0219701 -0.00242023 -0.0219829 0.999756 -0.0185874 0.405762 -1.02236
FixedParameters: 0 0 0

#Transform 98
Transform: AffineTransform_float_3_3
Parameters: 0.999983 0.00479005 0.0031741 -0.00487303 0.999628 0.0268313 -0.00304407 -0.0268457 0.999635 0.0035584 0.37314 -1.11219
FixedParameters: 0 0 0

#Transform 99
Transform: AffineTransform_float_3_3
Parameters: 0.999989 0.00419909 0.00235064 -0.00426697 0.999543 0.0299354 -0.00222392 -0.0299446 0.999549 -0.0206502 0.470829 -1.27631
FixedParameters: 0 0 0

#Transform 100
Transform: AffineTransform_float_3_3
Parameters: 0.999991 0.00368233 0.00218794 -0.00374704 0.999522 0.0306853 -0.00207361 -0.0306936 0.999526 -0.012159 0.549827 -1.26915
FixedParameters: 0 0 0

#Transform 101
Transform: AffineTransform_float_3_3
Parameters: 0.999993 0.00322193 0.0021816 -0.00328721 0.999531 0.0304357 -0.00208237 -0.0304433 0.999534 -0.0184414 0.490341 -1.26709
FixedParameters: 0 0 0

#Transform 102
Transform: AffineTransform_float_3_3
Parameters: 0.999992 0.00346598 0.00210414 -0.00352926 0.999517 0.0308852 -0.00199595 -0.0308929 0.999521 -0.0138355 0.533277 -1.25487
FixedParameters: 0 0 0

#Transform 103
Transform: AffineTransform_float_3_3
Parameters: 0.999989 0.00380774 0.00278715 -0.00389098 0.99952 0.0307471 -0.00266854 -0.0307579 0.999523 -0.0116119 0.538182 -1.22622
FixedParameters: 0 0 0

#Transform 104
Transform: AffineTransform_float_3_3
Parameters: 0.999988 0.00386685 0.00300192 -0.00394614 0.999626 0.0270553 -0.00289631 -0.0270667 0.999629 -0.0234998 0.455432 -1.14788
FixedParameters: 0 0 0

#Transform 105
Transform: AffineTransform_float_3_3
Parameters: 0.999989 0.00349193 0.00312744 -0.00358278 0.999561 0.0293985 -0.00302346 -0.0294095 0.999563 -0.0264859 0.565813 -1.16365
FixedParameters: 0 0 0

#Transform 106
Transform: AffineTransform_float_3_3
Parameters: 0.999988 0.00349927 0.00322428 -0.00359973 0.999491 0.0316691 -0.00311211 -0.0316809 0.999493 -0.0141391 0.552828 -1.30075
FixedParameters: 0 0 0

#Transform 107
Transform: AffineTransform_float_3_3
Parameters: 0.999986 0.0039613 0.00349731 -0.00406324 0.999552 0.0296564 -0.00337754 -0.0296706 0.999554 0.0149225 0.523994 -1.35649
FixedParameters: 0 0 0

#Transform 108
Transform: AffineTransform_float_3_3
Parameters: 0.999988 0.00354577 0.00339876 -0.00364683 0.999544 0.0299744 -0.00329049 -0.0299855 0.999545 -0.0280581 0.538057 -1.30207
FixedParameters: 0 0 0

#Transform 109
Transform: AffineTransform_float_3_3
Parameters: 0.999986 0.00365507 0.00379413 -0.0037646 0.999561 0.029401 -0.00368492 -0.029414 0.999561 -0.0223871 0.562509 -1.26725
FixedParameters: 0 0 0

#Transform 110
Transform: AffineTransform_float_3_3
Parameters: 0.999983 0.00404832 0.00421082 -0.004175 0.999521 0.0306609 -0.00408516 -0.0306781 0.999521 -0.0131773 0.502733 -1.30913
FixedParameters: 0 0 0

#Transform 111
Transform: AffineTransform_float_3_3
Parameters: 0.999983 0.00417555 0.00405221 -0.00428733 0.999594 0.0281618 -0.00393272 -0.0281782 0.999595 -0.00833086 0.472844 -1.24395
FixedParameters: 0 0 0

#Transform 112
Transform: AffineTransform_float_3_3
Parameters: 0.999983 0.00379267 0.00447017 -0.00392038 0.999571 0.0289995 -0.0043577 -0.0290165 0.999569 -0.0333115 0.53144 -1.26028
FixedParameters: 0 0 0

#Transform 113
Transform: AffineTransform_float_3_3
Parameters: 0.999984 0.00388118 0.00424227 -0.00400468 0.999558 0.0294558 -0.00412608 -0.0294722 0.999557 -0.0197149 0.579932 -1.25364
FixedParameters: 0 0 0

#Transform 114
Transform: AffineTransform_float_3_3
Parameters: 0.999985 0.00397708 0.00379478 -0.00407389 0.999656 0.0258905 -0.003691 -0.0259055 0.999658 0.00485039 0.514549 -0.984255
FixedParameters: 0 0 0

#Transform 115
Transform: AffineTransform_float_3_3
Parameters: 0.999984 0.00467995 0.00295225 -0.00469784 0.999971 0.00592162 -0.00292441 -0.00593538 0.999979 0.0311024 0.535894 -0.211248
FixedParameters: 0 0 0

#Transform 116
Transform: AffineTransform_float_3_3
Parameters: 0.999999 -0.00124311 0.000293133 0.00123576 0.999716 0.0237961 -0.000321998 -0.0237958 0.999717 -0.161272 0.542691 -1.23029
FixedParameters: 0 0 0

#Transform 117
Transform: AffineTransform_float_3_3
Parameters: 0.999988 0.00194364 -0.00459995 -0.00164247 0.997921 0.064432 0.00471545 -0.0644241 0.997911 -0.113342 0.28843 -2.79896
FixedParameters: 0 0 0

#Transform 118
Transform: AffineTransform_float_3_3
Parameters: 0.999994 0.00234478 -0.00279417 -0.00217061 0.998147 0.0608124 0.00293112 -0.0608066 0.998145 -0.0999649 0.23607 -2.62318
FixedParameters: 0 0 0

#Transform 119
Transform: AffineTransform_float_3_3
Parameters: 0.999995 0.00191157 -0.00272562 -0.00175261 0.998362 0.0571874 0.00283079 -0.0571816 0.99836 -0.102813 0.347926 -2.51021
FixedParameters: 0 0 0

#Transform 120
Transform: AffineTransform_float_3_3
Parameters: 0.999996 0.00240539 -0.00179417 -0.00230063 0.998406 0.0563889 0.00192676 -0.0563851 0.998408 -0.0944147 0.430726 -2.45282
FixedParameters: 0 0 0

#Transform 121
Transform: AffineTransform_float_3_3
Parameters: 0.999994 0.00240397 -0.00254006 -0.00225975 0.998465 0.0553417 0.00266966 -0.0553363 0.998464 -0.0789575 0.397546 -2.4357
FixedParameters: 0 0 0

#Transform 122
Transform: AffineTransform_float_3_3
Parameters: 0.999997 0.00222668 -0.00114973 -0.00215826 0.998389 0.0567051 0.00127435 -0.0567029 0.99839 -0.0976578 0.454409 -2.4507
FixedParameters: 0 0 0

#Transform 123
Transform: AffineTransform_float_3_3
Parameters: 0.999996 0.00294792 -0.000613288 -0.00290751 0.998286 0.0584569 0.000784802 -0.0584551 0.99829 -0.061102 0.370609 -2.50297
FixedParameters: 0 0 0

#Transform 124
Transform: AffineTransform_float_3_3
Parameters: 0.999997 0.00217331 -0.000540734 -0.00213836 0.998351 0.0573736 0.000663868 -0.0573724 0.998352 -0.0800391 0.429818 -2.43067
FixedParameters: 0 0 0

#Transform 125
Transform: AffineTransform_float_3_3
Parameters: 0.999998 0.00217616 -0.000529546 -0.00214353 0.998439 0.0558186 0.000650296 -0.0558174 0.998441 -0.0688424 0.472464 -2.37488
FixedParameters: 0 0 0

#Transform 126
Transform: AffineTransform_float_3_3
Parameters: 0.999997 0.0021071 -0.00060154 -0.00206961 0.99842 0.0561487 0.000718568 -0.0561473 0.998422 -0.0735326 0.431435 -2.44171
FixedParameters: 0 0 0

#Transform 127
Transform: AffineTransform_float_3_3
Parameters: 0.999999 0.00169502 0.00028389 -0.00170864 0.998432 0.0559503 -0.000189011 -0.0559507 0.998434 -0.0583393 0.571101 -2.40029
FixedParameters: 0 0 0

#Transform 128
Transform: AffineTransform_float_3_3
Parameters: 0.999998 0.00220703 -0.000125458 -0.00219875 0.99903 0.0439799 0.000222245 -0.0439791 0.999033 -0.0535487 0.558445 -1.8987
FixedParameters: 0 0 0

#Transform 129
Transform: AffineTransform_float_3_3
Parameters: 0.999991 0.0034072 0.00244393 -0.0032492 0.998074 -0.0619385 -0.00264969 0.0619305 0.998077 0.152163 0.599928 2.12397
FixedParameters: 0 0 0

#Transform 130
Transform: AffineTransform_float_3_3
Parameters: 0.999992 0.00372544 0.000789476 -0.0035121 0.982401 -0.186755 -0.001471 0.186752 0.982406 0.205313 0.394341 5.72829
FixedParameters: 0 0 0

#Transform 131
Transform: AffineTransform_float_3_3
Parameters: 0.999994 0.00329495 0.00157554 -0.00292925 0.981142 -0.193264 -0.00218244 0.193259 0.981145 0.196164 0.3553 5.73745
FixedParameters: 0 0 0

#Transform 132
Transform: AffineTransform_float_3_3
Parameters: 0.999988 0.00396909 0.0028638 -0.00333613 0.980911 -0.194428 -0.00358005 0.194415 0.980913 0.308224 0.35025 5.80197
FixedParameters: 0 0 0

#Transform 133
Transform: AffineTransform_float_3_3
Parameters: 0.999989 0.0038073 0.00279728 -0.00316803 0.97967 -0.200593 -0.00350405 0.200582 0.979671 0.425043 0.219008 5.913
FixedParameters: 0 0 0

#Transform 134
Transform: AffineTransform_float_3_3
Parameters: 0.999989 0.00362267 0.00317166 -0.00292597 0.980317 -0.197407 -0.00382378 0.197395 0.980316 0.416723 0.16262 5.85881
FixedParameters: 0 0 0

#Transform 135
Transform: AffineTransform_float_3_3
Parameters: 0.999989 0.00403072 0.00260777 -0.00343872 0.980411 -0.196934 -0.00335001 0.196923 0.980414 0.398377 0.309853 5.6028
FixedParameters: 0 0 0

#Transform 136
Transform: AffineTransform_float_3_3
Parameters: 0.999986 0.00469687 0.00210772 -0.00418646 0.980157 -0.198178 -0.00299664 0.198167 0.980164 0.403587 0.427112 5.49951
FixedParameters: 0 0 0

#Transform 137
Transform: AffineTransform_float_3_3
Parameters: 0.999985 0.00471745 0.00254854 -0.0041212 0.980289 -0.197526 -0.00342977 0.197513 0.980294 0.398108 0.370951 5.582
FixedParameters: 0 0 0

#Transform 138
Transform: AffineTransform_float_3_3
Parameters: 0.999993 0.002345 0.00289999 -0.00173003 0.980557 -0.196224 -0.00330368 0.196218 0.980555 0.361195 0.338599 5.67654
FixedParameters: 0 0 0

#Transform 139
Transform: AffineTransform_float_3_3
Parameters: 0.999993 -0.00248638 0.00255854 0.00281694 0.990326 -0.138735 -0.00218966 0.138742 0.990326 0.172365 0.325165 4.31172
FixedParameters: 0 0 0

#Transform 140
Transform: AffineTransform_float_3_3
Parameters: 0.999992 0.00316738 0.0026612 -0.00287271 0.994543 -0.104294 -0.00297663 0.104286 0.994543 0.252948 0.429932 3.34633
FixedParameters: 0 0 0

#Transform 141
Transform: AffineTransform_float_3_3
Parameters: 0.999993 0.00373655 0.000511628 -0.00354494 0.977469 -0.211049 -0.00128878 0.211046 0.977476 0.478746 0.157096 5.89968
FixedParameters: 0 0 0

#Transform 142
Transform: AffineTransform_float_3_3
Parameters: 0.999988 0.00482712 -0.000983602 -0.0049226 0.971433 -0.237264 -0.000189762 0.237266 0.971444 0.430944 -0.163845 6.11064
FixedParameters: 0 0 0

#Transform 143
Transform: AffineTransform_float_3_3
Parameters: 0.999988 0.00475878 -0.00162722 -0.00501758 0.966812 -0.25544 0.000357006 0.255445 0.966824 0.357377 0.0358081 5.92285
FixedParameters: 0 0 0

#Transform 144
Transform: AffineTransform_float_3_3
Parameters: 0.999992 0.0039987 -0.00103273 -0.00412942 0.966907 -0.255096 -2.20006e-05 0.255098 0.966915 0.309079 0.174132 5.69197
FixedParameters: 0 0 0

#Transform 145
Transform: AffineTransform_float_3_3
Parameters: 0.999988 0.00494697 -0.000848813 -0.00500397 0.969297 -0.245843 -0.0003932 0.245844 0.969309 0.278714 0.671402 5.37042
FixedParameters: 0 0 0

#Transform 146
Transform: AffineTransform_float_3_3
Parameters: 0.999989 0.00479437 0.000648517 -0.00451386 0.972732 -0.231889 -0.0017429 0.231883 0.972742 0.314702 0.288092 5.52515
FixedParameters: 0 0 0

#Transform 147
Transform: AffineTransform_float_3_3
Parameters: 0.999986 0.00519925 0.0011877 -0.00479579 0.974083 -0.226139 -0.00233271 0.22613 0.974094 0.350154 0.231586 5.52361
FixedParameters: 0 0 0

#Transform 148
Transform: AffineTransform_float_3_3
Parameters: 0.999973 0.0036795 0.006398 -0.00231491 0.979484 -0.201508 -0.00700737 0.201488 0.979466 0.28237 0.267072 5.38015
FixedParameters: 0 0 0

#Transform 149
Transform: AffineTransform_float_3_3
Parameters: 0.999974 0.00253765 0.0067864 -0.00118524 0.981327 -0.192345 -0.00714794 0.192332 0.981304 0.277671 0.245288 5.13393
FixedParameters: 0 0 0

#Transform 150
Transform: AffineTransform_float_3_3
Parameters: 0.999976 0.0024896 0.00656575 -0.00117392 0.981148 -0.193255 -0.00692303 0.193243 0.981126 0.310518 0.118845 5.52442
FixedParameters: 0 0 0

#Transform 151
Transform: AffineTransform_float_3_3
Parameters: 0.999965 -0.00178214 0.00824297 0.003314 0.981815 -0.18981 -0.00775499 0.189831 0.981786 0.199084 -0.0220152 5.44605
FixedParameters: 0 0 0

#Transform 152
Transform: AffineTransform_float_3_3
Parameters: 0.999832 -0.0132637 0.0126529 0.0154724 0.980779 -0.194506 -0.00982956 0.194669 0.98082 -0.0622796 -0.141206 5.41209
FixedParameters: 0 0 0

#Transform 153
Transform: AffineTransform_float_3_3
Parameters: 0.999897 -0.00976028 0.0105008 0.0116337 0.980421 -0.196571 -0.00837727 0.196672 0.980434 0.0611694 -0.133336 5.54337
FixedParameters: 0 0 0

#Transform 154
Transform: AffineTransform_float_3_3
Parameters: 0.999946 -0.00608927 0.0084833 0.00773226 0.97775 -0.209632 -0.00701844 0.209687 0.977744 0.122847 -0.158381 4.82635
FixedParameters: 0 0 0

#Transform 155
Transform: AffineTransform_float_3_3
Parameters: 0.999989 -0.00306785 -0.00335032 0.00197342 0.957662 -0.28789 0.00409191 0.287881 0.957657 0.045977 -0.913212 3.58892
FixedParameters: 0 0 0

#Transform 156
Transform: AffineTransform_float_3_3
Parameters: 0.999885 -0.00383625 -0.0146354 -0.00106426 0.947097 -0.320945 0.0150922 0.320925 0.946984 -0.400919 -2.29284 2.69176
FixedParameters: 0 0 0

#Transform 157
Transform: AffineTransform_float_3_3
Parameters: 0.999903 -0.00181455 -0.0138126 -0.0027126 0.947163 -0.320741 0.0136647 0.320747 0.947066 -0.341363 -2.48851 2.82741
FixedParameters: 0 0 0

#Transform 158
Transform: AffineTransform_float_3_3
Parameters: 0.999938 -0.000470758 -0.0110756 -0.00314804 0.945912 -0.324406 0.0106285 0.324421 0.945852 -0.217384 -2.55151 2.64341
FixedParameters: 0 0 0

#Transform 159
Transform: AffineTransform_float_3_3
Parameters: 0.999939 -0.00214403 -0.0108965 -0.00142393 0.948328 -0.317288 0.0110146 0.317283 0.948267 -0.271032 -2.58683 2.5808
FixedParameters: 0 0 0

#Transform 160
Transform: AffineTransform_float_3_3
Parameters: 0.999922 -0.000384382 -0.0125431 -0.00346751 0.952157 -0.305588 0.0120607 0.305607 0.952081 -0.286407 -2.30733 2.59743
FixedParameters: 0 0 0

#Transform 161
Transform: AffineTransform_float_3_3
Parameters: 0.99993 -0.00199722 -0.0116137 -0.00159878 0.953436 -0.301591 0.0116745 0.301589 0.953366 -0.262562 -2.59335 2.93782
FixedParameters: 0 0 0

#Transform 162
Transform: AffineTransform_float_3_3
Parameters: 0.999953 -0.00240154 -0.0094593 -0.000519935 0.954763 -0.297366 0.00974577 0.297357 0.954717 -0.250561 -2.62007 3.05387
FixedParameters: 0 0 0

#Transform 163
Transform: AffineTransform_float_3_3
Parameters: 0.99999 -0.00206201 -0.00379962 0.00114655 0.973928 -0.226856 0.00416838 0.226849 0.973921 -0.272588 -2.03591 3.20559
FixedParameters: 0 0 0

#Transform 164
Transform: AffineTransform_float_3_3
Parameters: 0.99997 0.00354109 -0.00679127 -0.00498851 0.973965 -0.226642 0.00581171 0.226669 0.973955 -0.0434232 -1.48083 4.41926
FixedParameters: 0 0 0

#Transform 165
Transform: AffineTransform_float_3_3
Parameters: 0.999989 -0.000794383 -0.00460506 -0.000307418 0.972142 -0.234395 0.00466324 0.234393 0.972131 -0.0601966 -1.21262 4.47533
FixedParameters: 0 0 0

#Transform 166
Transform: AffineTransform_float_3_3
Parameters: 0.999996 -0.00200354 -0.00165318 0.00169475 0.985538 -0.169444 0.00196779 0.169441 0.985538 -0.106906 -0.769731 3.13105
FixedParameters: 0 0 0

#Transform 167
Transform: AffineTransform_float_3_3
Parameters: 0.999998 -0.00192099 -0.00027211 0.00185062 0.986577 -0.163285 0.000581951 0.163284 0.986579 -0.107474 -0.830813 3.21656
FixedParameters: 0 0 0

#Transform 168
Transform: AffineTransform_float_3_3
Parameters: 1 -0.000125371 0.000556313 0.000233505 0.980154 -0.198238 -0.000520197 0.198238 0.980154 0.00541868 -0.775328 4.76312
FixedParameters: 0 0 0

#Transform 169
Transform: AffineTransform_float_3_3
Parameters: 0.999999 0.00076436 -0.000341208 -0.000815719 0.981157 -0.193213 0.00018718 0.193213 0.981157 0.00958489 -0.502744 4.40953
FixedParameters: 0 0 0

#Transform 170
Transform: AffineTransform_float_3_3
Parameters: 0.999986 -0.00536509 -0.000690424 0.00529915 0.997262 -0.0737586 0.00108369 0.0737544 0.997276 -0.264456 -0.540745 0.930696
FixedParameters: 0 0 0

#Transform 171
Transform: AffineTransform_float_3_3
Parameters: 0.999997 0.000930156 -0.00216244 -0.00127721 0.986078 -0.166272 0.00197762 0.166275 0.986078 0.0345271 -0.448778 3.8462
FixedParameters: 0 0 0

#Transform 172
Transform: AffineTransform_float_3_3
Parameters: 0.999997 0.000889159 -0.00197246 -0.00120519 0.986029 -0.166571 0.00179771 0.166572 0.986028 0.0277925 -0.212667 3.58926
FixedParameters: 0 0 0

#Transform 173
Transform: AffineTransform_float_3_3
Parameters: 0.999994 0.00248303 -0.00250159 -0.00287088 0.985575 -0.169218 0.00204577 0.169224 0.985575 0.0660521 -0.0512575 3.41416
FixedParameters: 0 0 0

#Transform 174
Transform: AffineTransform_float_3_3
Parameters: 0.999994 0.00224579 -0.0023541 -0.00260723 0.985936 -0.167103 0.00194567 0.167109 0.985936 0.0699083 -0.068928 3.44242
FixedParameters: 0 0 0

#Transform 175
Transform: AffineTransform_float_3_3
Parameters: 0.999987 -0.00503715 -0.000420912 0.00490013 0.986473 -0.163852 0.00124001 0.163848 0.986485 -0.0956839 -0.107435 3.57536
FixedParameters: 0 0 0

#Transform 176
Transform: AffineTransform_float_3_3
Parameters: 0.999981 -0.00614639 0.000830253 0.00619914 0.986535 -0.163434 0.000185173 0.163436 0.986554 -0.168294 -0.235166 3.69739
FixedParameters: 0 0 0

#Transform 177
Transform: AffineTransform_float_3_3
Parameters: 0.999996 -0.00303087 0.000226158 0.00302725 0.986685 -0.162614 0.000269852 0.162614 0.98669 -0.0799811 -0.18432 3.5528
FixedParameters: 0 0 0

#Transform 178
Transform: AffineTransform_float_3_3
Parameters: 0.999994 -0.00278179 0.00197233 0.00306637 0.986636 -0.162911 -0.00149291 0.162915 0.986639 -0.0261361 -0.168731 3.40152
FixedParameters: 0 0 0

#Transform 179
Transform: AffineTransform_float_3_3
Parameters: 0.999997 -0.002301 0.0009877 0.00243123 0.986692 -0.16258 -0.000600537 0.162581 0.986695 -0.0184215 -0.166702 3.39191
FixedParameters: 0 0 0

#Transform 180
Transform: AffineTransform_float_3_3
Parameters: 0.999998 -0.00132889 0.00101437 0.00148109 0.985597 -0.1691 -0.000775584 0.169101 0.985598 -0.0100385 -0.308113 3.51242
FixedParameters: 0 0 0

#Transform 181
Transform: AffineTransform_float_3_3
Parameters: 1 0.000302529 -0.000222257 -0.000342117 0.97774 -0.20982 0.000153937 0.20982 0.97774 0.0811233 -0.214236 4.53359
FixedParameters: 0 0 0

#Transform 182
Transform: AffineTransform_float_3_3
Parameters: 0.999996 0.0017614 -0.00221322 -0.00219169 0.977082 -0.212851 0.00178759 0.212856 0.977082 0.0878916 -0.16547 4.55898
FixedParameters: 0 0 0

#Transform 183
Transform: AffineTransform_float_3_3
Parameters: 0.999996 0.0018556 -0.00185399 -0.00220343 0.977791 -0.209571 0.00142327 0.209574 0.977792 0.0962884 -0.203515 4.4746
FixedParameters: 0 0 0

#Transform 184
Transform: AffineTransform_float_3_3
Parameters: 0.999996 0.00178494 -0.00182483 -0.00212502 0.978194 -0.207683 0.00141439 0.207687 0.978194 0.104678 -0.197787 4.46753
FixedParameters: 0 0 0

#Transform 185
Transform: AffineTransform_float_3_3
Parameters: 0.999998 0.00124619 -0.000989496 -0.00142196 0.978957 -0.20406 0.00071466 0.204061 0.978958 0.0984675 -0.23765 4.48996
FixedParameters: 0 0 0

#Transform 186
Transform: AffineTransform_float_3_3
Parameters: 0.999999 0.000835173 -0.000907125 -0.00100059 0.979541 -0.201241 0.000720187 0.201243 0.979541 0.0964808 -0.298347 4.49103
FixedParameters: 0 0 0

#Transform 187
Transform: AffineTransform_float_3_3
Parameters: 1 0.000958507 -0.000610024 -0.00106148 0.979601 -0.20095 0.000404432 0.200951 0.979602 0.0910527 -0.266476 4.46131
FixedParameters: 0 0 0

#Transform 188
Transform: AffineTransform_float_3_3
Parameters: 1 0.000945665 -0.000636198 -0.00105468 0.979035 -0.203689 0.000430222 0.203688 0.979035 0.110763 -0.253836 4.47238
FixedParameters: 0 0 0

#Transform 189
Transform: AffineTransform_float_3_3
Parameters: 0.999999 -0.00112375 -0.000777518 0.000942583 0.979276 -0.202526 0.00098905 0.202525 0.979277 0.0398906 -0.26475 4.42082
FixedParameters: 0 0 0

#Transform 190
Transform: AffineTransform_float_3_3
Parameters: 0.999998 -0.00163516 -0.000105627 0.00158028 0.979685 -0.200538 0.000431249 0.200537 0.979686 0.0510444 -0.202309 4.38969
FixedParameters: 0 0 0

#Transform 191
Transform: AffineTransform_float_3_3
