# transform file /out/sourcedata/freesurfer/sub-v1s22x0050439_ses-1/mri/transforms/cc_up.lta
# created by oesteban on Mon Mar  9 13:09:36 2026

type      = 0 # LINEAR_VOX_TO_VOX
nxforms   = 1
mean      = 129.0000 110.0000 111.0000
sigma     = 10000.0000
1 4 4
9.992720484733582e-01 3.718871250748634e-02 -8.508052676916122e-03 -2.853259801864624e+00 
-3.718736395239830e-02 9.993082284927368e-01 3.166225214954466e-04 4.080595397949219e+01 
8.513942360877991e-03 0.000000000000000e+00 9.999637603759766e-01 3.291085815429688e+01 
0.000000000000000e+00 0.000000000000000e+00 0.000000000000000e+00 1.000000000000000e+00 
src volume info
valid = 1  # volume info valid
filename = /out/sourcedata/freesurfer/sub-v1s22x0050439_ses-1/mri/norm.mgz
volume = 256 256 256
voxelsize = 1.000000000000000e+00 1.000000000000000e+00 1.000000000000000e+00
xras   = -1.000000000000000e+00 0.000000000000000e+00 0.000000000000000e+00
yras   = 0.000000000000000e+00 0.000000000000000e+00 -1.000000000000000e+00
zras   = 0.000000000000000e+00 1.000000000000000e+00 0.000000000000000e+00
cras   = -3.274909973144531e+00 3.753378295898438e+01 -9.617675781250000e+00
dst volume info
valid = 1  # volume info valid
filename = /out/sourcedata/freesurfer/sub-v1s22x0050439_ses-1/mri/norm.mgz
volume = 256 256 256
voxelsize = 1.000000000000000e+00 1.000000000000000e+00 1.000000000000000e+00
xras   = -1.000000000000000e+00 0.000000000000000e+00 0.000000000000000e+00
yras   = 0.000000000000000e+00 0.000000000000000e+00 -1.000000000000000e+00
zras   = 0.000000000000000e+00 1.000000000000000e+00 0.000000000000000e+00
cras   = -3.274909973144531e+00 3.753378295898438e+01 -9.617675781250000e+00
