# transform file /out/sourcedata/freesurfer/sub-v1s22x0050517_ses-1/mri/transforms/cc_up.lta
# created by oesteban on Mon Mar  9 17:37:20 2026

type      = 0 # LINEAR_VOX_TO_VOX
nxforms   = 1
mean      = 130.0000 109.0000 112.0000
sigma     = 10000.0000
1 4 4
9.977976083755493e-01 4.304367676377296e-02 -5.046981200575829e-02 -2.432034611701965e-01 
-4.298872128129005e-02 9.990732073783875e-01 2.174421679228544e-03 4.239767837524414e+01 
5.051663145422935e-02 -2.328306436538696e-10 9.987232089042664e-01 2.162838172912598e+01 
0.000000000000000e+00 0.000000000000000e+00 0.000000000000000e+00 1.000000000000000e+00 
src volume info
valid = 1  # volume info valid
filename = /out/sourcedata/freesurfer/sub-v1s22x0050517_ses-1/mri/norm.mgz
volume = 256 256 256
voxelsize = 1.000000000000000e+00 1.000000000000000e+00 1.000000000000000e+00
xras   = -1.000000000000000e+00 0.000000000000000e+00 0.000000000000000e+00
yras   = 0.000000000000000e+00 0.000000000000000e+00 -1.000000000000000e+00
zras   = 0.000000000000000e+00 1.000000000000000e+00 0.000000000000000e+00
cras   = 2.897583007812500e+00 4.965068817138672e+01 -1.912994384765625e+01
dst volume info
valid = 1  # volume info valid
filename = /out/sourcedata/freesurfer/sub-v1s22x0050517_ses-1/mri/norm.mgz
volume = 256 256 256
voxelsize = 1.000000000000000e+00 1.000000000000000e+00 1.000000000000000e+00
xras   = -1.000000000000000e+00 0.000000000000000e+00 0.000000000000000e+00
yras   = 0.000000000000000e+00 0.000000000000000e+00 -1.000000000000000e+00
zras   = 0.000000000000000e+00 1.000000000000000e+00 0.000000000000000e+00
cras   = 2.897583007812500e+00 4.965068817138672e+01 -1.912994384765625e+01
