#Insight Transform File V1.0
#Transform 0
Transform: AffineTransform_float_3_3
Parameters: 1 -0.000528908 -0.000271966 0.000528782 1 -0.000232652 0.000272212 0.000232365 1 0.0386262 0.0113653 0.105724
FixedParameters: 0 0 0

#Transform 1
Transform: AffineTransform_float_3_3
Parameters: 1 -0.000529122 -0.00027191 0.000529011 1 -0.000204654 0.000272127 0.000204366 1 0.0384284 0.0296004 0.0750979
FixedParameters: 0 0 0

#Transform 2
Transform: AffineTransform_float_3_3
Parameters: 1 -0.000532197 -0.000271108 0.000532312 1 0.00019824 0.000270895 -0.000197713 1 0.0215028 0.00529539 0.0932003
FixedParameters: 0 0 0

#Transform 3
Transform: AffineTransform_float_3_3
Parameters: 1 -0.000529749 -0.000271746 0.000529683 1 -0.000122656 0.000271876 0.000122368 1 0.0231315 0.00380396 0.0564103
FixedParameters: 0 0 0

#Transform 4
Transform: AffineTransform_float_3_3
Parameters: 1 -0.000531677 -0.000271243 0.000531747 1 0.000129335 0.000271105 -0.000129623 1 0.0250134 0.00183603 0.0804334
FixedParameters: 0 0 0

#Transform 5
Transform: AffineTransform_float_3_3
Parameters: 1 -0.000567539 -0.000383661 0.000567639 1 0.000129261 0.000383514 -0.000129696 1 0.0219895 0.00674566 0.0660015
FixedParameters: 0 0 0

#Transform 6
Transform: AffineTransform_float_3_3
Parameters: 1 -0.000533084 -0.000270876 0.000533254 1 0.000313328 0.000270542 -0.000313617 1 0.0197127 -0.00534502 0.0656359
FixedParameters: 0 0 0

#Transform 7
Transform: AffineTransform_float_3_3
Parameters: 1 -8.26712e-05 -0.00041447 8.29592e-05 1 0.000347369 0.000414412 -0.000347438 1 -0.00287214 -0.0108286 0.0670094
FixedParameters: 0 0 0

#Transform 8
Transform: AffineTransform_float_3_3
Parameters: 0.999999 0.00142794 -0.000501104 -0.00142845 0.999998 -0.000803936 0.000499747 0.000803966 0.999999 -0.0491027 -0.00558624 0.0907238
FixedParameters: 0 0 0

#Transform 9
Transform: AffineTransform_float_3_3
Parameters: 1 0.000896323 -0.000727823 -0.000897164 0.999999 -0.000778633 0.000727366 0.000778538 0.999999 -0.0149865 0.00369271 0.144025
FixedParameters: 0 0 0

#Transform 10
Transform: AffineTransform_float_3_3
Parameters: 1 0.000396827 -0.000567862 -0.000397196 0.999999 -0.000592217 0.000568344 0.000592663 0.999999 -0.00982071 0.00478383 0.0848373
FixedParameters: 0 0 0

#Transform 11
Transform: AffineTransform_float_3_3
Parameters: 1 5.53275e-05 -0.000331608 -5.47492e-05 1 -0.000564731 0.000331241 0.000564761 1 -0.004926 0.0136967 0.0771185
FixedParameters: 0 0 0

#Transform 12
Transform: AffineTransform_float_3_3
Parameters: 1 0.000249157 -0.000143695 -0.000249297 1 -0.000489644 0.000143451 0.000489716 1 -0.00816994 0.0273808 0.0520876
FixedParameters: 0 0 0

#Transform 13
Transform: AffineTransform_float_3_3
Parameters: 1 0.000201772 -8.12714e-05 -0.000201829 1 -0.000352192 8.11293e-05 0.000352225 1 -0.0107409 -0.00610537 0.052229
FixedParameters: 0 0 0

#Transform 14
Transform: AffineTransform_float_3_3
Parameters: 1 4.32984e-05 -0.000300465 -4.3642e-05 1 -0.000571903 0.000300415 0.000571929 1 -0.0063728 0.0111674 0.0204246
FixedParameters: 0 0 0

#Transform 15
Transform: AffineTransform_float_3_3
Parameters: 1 -5.11611e-05 -0.00042459 5.16457e-05 1 -0.000551378 0.000424343 0.000551328 1 0.0129338 0.00682085 0.0320286
FixedParameters: 0 0 0

#Transform 16
Transform: AffineTransform_float_3_3
Parameters: 1 -5.11911e-05 -0.00042458 5.1679e-05 1 -0.000547379 0.000424332 0.000547328 1 0.0129911 0.0421281 0.0296392
FixedParameters: 0 0 0

#Transform 17
Transform: AffineTransform_float_3_3
Parameters: 1 0.000135774 -0.000244921 -0.000135882 1 -0.00022228 0.000244861 0.000222346 1 0.00400039 0.0363721 0.019865
FixedParameters: 0 0 0

#Transform 18
Transform: AffineTransform_float_3_3
Parameters: 1 9.36167e-06 -0.000226591 -9.4629e-06 1 -0.000223358 0.000226587 0.000223363 1 0.00769631 0.0256425 0.0091515
FixedParameters: 0 0 0

#Transform 19
Transform: AffineTransform_float_3_3
Parameters: 1 2.77408e-05 -0.000165265 -2.7768e-05 1 -8.23607e-05 0.00016526 8.23699e-05 1 0.0060559 0.0181794 -0.000284062
FixedParameters: 0 0 0

#Transform 20
Transform: AffineTransform_float_3_3
Parameters: 1 -0.000142514 -0.000122449 0.00014247 1 -0.000179843 0.0001225 0.000179808 1 0.0029416 0.0257805 0.022101
FixedParameters: 0 0 0

#Transform 21
Transform: AffineTransform_float_3_3
Parameters: 1 3.8916e-05 -0.000126833 -3.89046e-05 1 4.46352e-05 0.000126837 -4.46254e-05 1 0.00490873 -0.00782806 -0.00982522
FixedParameters: 0 0 0

#Transform 22
Transform: AffineTransform_float_3_3
Parameters: 1 6.89758e-05 -4.72478e-05 -6.90222e-05 1 -0.000491348 4.718e-05 0.000491354 1 0.00288478 0.019439 -0.00877297
FixedParameters: 0 0 0

#Transform 23
Transform: AffineTransform_float_3_3
Parameters: 1 1.02744e-05 -0.000223733 -1.03744e-05 1 -0.000223358 0.000223729 0.000223363 1 0.00744554 0.0120006 -0.0103333
FixedParameters: 0 0 0

#Transform 24
Transform: AffineTransform_float_3_3
Parameters: 1 4.984e-05 -9.56889e-05 -4.98532e-05 1 -6.9361e-05 9.5682e-05 6.93705e-05 1 0.00414062 0.0148058 -0.0167726
FixedParameters: 0 0 0

#Transform 25
Transform: AffineTransform_float_3_3
Parameters: 1 8.6029e-05 1.76749e-05 -8.60266e-05 1 -6.93673e-05 -1.76868e-05 6.93642e-05 1 0.001283 0.0102261 -0.00160091
FixedParameters: 0 0 0

#Transform 26
Transform: AffineTransform_float_3_3
Parameters: 1 0.00025406 0.000540319 -0.00025384 1 -0.000195591 -0.000540421 0.000196132 0.999999 -0.0225254 0.0160094 0.00631081
FixedParameters: 0 0 0

#Transform 27
Transform: AffineTransform_float_3_3
Parameters: 1 0.000204328 0.000388251 -0.000204274 1 -6.9445e-05 -0.000388279 6.92864e-05 1 -0.00823933 0.0078006 0.00303277
FixedParameters: 0 0 0

#Transform 28
Transform: AffineTransform_float_3_3
Parameters: 1 0.000269758 0.000184682 -0.000269679 1 -0.000213388 -0.000184797 0.000213288 1 -0.00136177 0.0157993 0.00456561
FixedParameters: 0 0 0

#Transform 29
Transform: AffineTransform_float_3_3
Parameters: 1 0.000184154 7.23927e-05 -0.000184104 1 -0.00028584 -7.25006e-05 0.000286629 1 0.00071288 0.012074 -0.0221552
FixedParameters: 0 0 0

#Transform 30
Transform: AffineTransform_float_3_3
Parameters: 1 0.000151413 0.000222492 -0.000151382 1 -6.93994e-05 -0.000222513 6.9332e-05 1 -0.00414191 0.0205061 -0.0310996
FixedParameters: 0 0 0

#Transform 31
Transform: AffineTransform_float_3_3
Parameters: 1 0.000190643 0.000345382 -0.000190595 1 -6.94316e-05 -0.000345408 6.92999e-05 1 0.00224244 0.0181502 -0.0384846
FixedParameters: 0 0 0

#Transform 32
Transform: AffineTransform_float_3_3
Parameters: 1 7.05572e-05 0.000288197 -7.03836e-05 1 -0.000301201 -0.00028824 0.00030116 1 -0.00690722 0.0317821 -0.0148865
FixedParameters: 0 0 0

#Transform 33
Transform: AffineTransform_float_3_3
Parameters: 1 0.000199462 0.000373008 -0.00019941 1 -6.94401e-05 -0.000373036 6.92913e-05 1 -0.00834627 0.0109927 -0.0595309
FixedParameters: 0 0 0

#Transform 34
Transform: AffineTransform_float_3_3
Parameters: 1 0.000184256 0.000325377 -0.000184211 1 -6.94257e-05 -0.000325402 6.93058e-05 1 -0.00716518 0.0257134 -0.069304
FixedParameters: 0 0 0

#Transform 35
Transform: AffineTransform_float_3_3
Parameters: 1 0.000247815 0.000524478 -0.000247742 1 -6.94957e-05 -0.000524512 6.92357e-05 1 -0.0122999 0.0246364 -0.0726676
FixedParameters: 0 0 0

#Transform 36
Transform: AffineTransform_float_3_3
Parameters: 1 0.000300665 0.000115982 -0.000300579 1 -0.00037096 -0.000116205 0.00037089 1 -0.0100115 0.0319537 -0.0736856
FixedParameters: 0 0 0

#Transform 37
Transform: AffineTransform_float_3_3
Parameters: 1 0.000301317 0.00028169 -0.000301219 1 -0.000160509 -0.000281789 0.000161154 1 -0.0291422 0.0190578 -0.0973309
FixedParameters: 0 0 0

#Transform 38
Transform: AffineTransform_float_3_3
Parameters: 0.999998 0.00181456 0.000621079 -0.0018147 0.999998 -0.000397524 -0.000621285 0.000396902 1 -0.0945113 -0.02202 0.00903148
FixedParameters: 0 0 0

#Transform 39
Transform: AffineTransform_float_3_3
Parameters: 0.999999 0.00134083 0.000809288 -0.00134027 0.999999 -0.000343619 -0.00081021 0.000342263 1 -0.0751122 -0.0308826 0.3317
FixedParameters: 0 0 0

#Transform 40
Transform: AffineTransform_float_3_3
Parameters: 0.999998 0.00138922 0.00105412 -0.00138836 0.999999 -0.000403237 -0.00105524 0.000401123 0.999999 -0.0790505 -0.0127835 0.263484
FixedParameters: 0 0 0

#Transform 41
Transform: AffineTransform_float_3_3
Parameters: 0.999999 0.000768376 0.00103011 -0.000768199 1 -8.21162e-05 -0.00103024 8.19276e-05 1 -0.0470926 0.00224446 0.130133
FixedParameters: 0 0 0

#Transform 42
Transform: AffineTransform_float_3_3
Parameters: 0.999999 0.000943294 0.00152745 -0.000942924 0.999999 -0.000120639 -0.00152769 0.000119152 0.999998 -0.0565903 0.0181907 0.118586
FixedParameters: 0 0 0

#Transform 43
Transform: AffineTransform_float_3_3
Parameters: 0.999999 0.000724847 0.00111973 -0.00072553 0.999999 0.000304402 -0.00111929 -0.000305446 1 -0.0629585 -0.0129244 0.0553071
FixedParameters: 0 0 0

#Transform 44
Transform: AffineTransform_float_3_3
Parameters: 0.999999 0.000855869 0.00119654 -0.000856469 1 0.000253938 -0.00119611 -0.000254592 0.999999 -0.0634986 -0.00533551 0.0752862
FixedParameters: 0 0 0

#Transform 45
Transform: AffineTransform_float_3_3
Parameters: 0.999999 0.000955518 0.00116485 -0.000955799 0.999999 0.000401721 -0.00116534 -0.000402555 0.999999 -0.0613664 0.0128475 0.0656463
FixedParameters: 0 0 0

#Transform 46
Transform: AffineTransform_float_3_3
Parameters: 0.999999 0.000870875 0.00119177 -0.000870589 0.999999 0.000279143 -0.00119158 -0.000280645 0.999999 -0.0697416 0.0165743 0.0673101
FixedParameters: 0 0 0

#Transform 47
Transform: AffineTransform_float_3_3
Parameters: 0.999998 0.000649295 0.00147027 -0.00064967 0.999999 0.000450775 -0.00146999 -0.000452112 0.999999 -0.0715872 8.00041e-05 0.0288362
FixedParameters: 0 0 0

#Transform 48
Transform: AffineTransform_float_3_3
Parameters: 0.999998 0.000745189 0.00153733 -0.000745611 1 0.000451372 -0.00153695 -0.000451697 0.999999 -0.07532 0.000421474 0.0300921
FixedParameters: 0 0 0

#Transform 49
Transform: AffineTransform_float_3_3
Parameters: 0.999999 0.000659167 0.00125925 -0.000659656 1 0.000197413 -0.00125899 -0.00019768 0.999999 -0.0682786 0.0127844 0.0134604
FixedParameters: 0 0 0

#Transform 50
Transform: AffineTransform_float_3_3
Parameters: 0.999998 0.000718275 0.00143979 -0.000718419 1 4.93072e-05 -0.00143971 -5.07964e-05 0.999999 -0.0727332 0.0358235 0.0262998
FixedParameters: 0 0 0

#Transform 51
Transform: AffineTransform_float_3_3
Parameters: 0.999999 0.000945838 0.00148056 -0.000946165 0.999999 0.000110551 -0.00148037 -0.000111957 0.999998 -0.076044 0.0077983 0.00113725
FixedParameters: 0 0 0

#Transform 52
Transform: AffineTransform_float_3_3
Parameters: 0.999998 0.00093887 0.00138728 -0.000938299 0.999999 0.000139824 -0.00138733 -0.000141041 0.999999 -0.0789714 0.00419677 0.0173602
FixedParameters: 0 0 0

#Transform 53
Transform: AffineTransform_float_3_3
Parameters: 0.999998 0.000820613 0.00155732 -0.000820504 0.999999 0.000271871 -0.00155716 -0.000273275 0.999999 -0.0752079 0.000336376 0.0156011
FixedParameters: 0 0 0

#Transform 54
Transform: AffineTransform_float_3_3
Parameters: 0.999999 0.00124764 0.00120395 -0.00124716 0.999999 -0.000863496 -0.00120455 0.000861895 0.999999 -0.0980089 0.0241508 0.0332952
FixedParameters: 0 0 0

#Transform 55
Transform: AffineTransform_float_3_3
Parameters: 0.999998 0.00151217 0.00144916 -0.00151113 0.999999 -0.0006838 -0.00145092 0.000681632 0.999999 -0.102279 0.0269147 0.0233668
FixedParameters: 0 0 0

#Transform 56
Transform: AffineTransform_float_3_3
Parameters: 0.999998 0.001156 0.00150437 -0.0011549 0.999999 -0.000579922 -0.00150446 0.000578421 0.999999 -0.0778042 0.0254472 0.026168
FixedParameters: 0 0 0

#Transform 57
Transform: AffineTransform_float_3_3
Parameters: 0.999999 0.001157 0.00144841 -0.00115596 0.999999 -0.000579709 -0.0014485 0.000578335 0.999999 -0.0742004 0.036184 0.00218994
FixedParameters: 0 0 0

#Transform 58
Transform: AffineTransform_float_3_3
Parameters: 0.999999 0.00114315 0.00147404 -0.00114326 0.999999 -0.000281877 -0.00147438 0.000280487 0.999999 -0.0944299 0.0382614 0.00131256
FixedParameters: 0 0 0

#Transform 59
Transform: AffineTransform_float_3_3
Parameters: 0.999998 0.00113639 0.00169547 -0.00113536 0.999999 -0.000494744 -0.00169534 0.000492868 0.999998 -0.101554 0.0231526 -0.029803
FixedParameters: 0 0 0

#Transform 60
Transform: AffineTransform_float_3_3
Parameters: 0.999997 0.00116812 0.00178917 -0.00116641 0.999999 -0.000657901 -0.00178945 0.000655699 0.999998 -0.103895 0.027557 -0.0211134
FixedParameters: 0 0 0

#Transform 61
Transform: AffineTransform_float_3_3
Parameters: 0.999998 0.00112394 0.00165748 -0.00112334 0.999999 -0.00046568 -0.00165822 0.000463935 0.999999 -0.0917585 0.0355248 -0.022383
FixedParameters: 0 0 0

#Transform 62
Transform: AffineTransform_float_3_3
Parameters: 0.999998 0.00118977 0.00155576 -0.00118903 0.999999 -0.000236885 -0.00155632 0.000235157 0.999999 -0.0879863 0.038109 -0.0108663
FixedParameters: 0 0 0

#Transform 63
Transform: AffineTransform_float_3_3
Parameters: 0.999998 0.00110867 0.00161735 -0.00110885 0.999999 -0.000237619 -0.00161758 0.000236013 0.999999 -0.0880978 0.0298042 -0.00462931
FixedParameters: 0 0 0

#Transform 64
Transform: AffineTransform_float_3_3
Parameters: 0.999998 0.001011 0.00131157 -0.00101037 0.999999 -0.000237448 -0.00131205 0.00023619 0.999999 -0.0915686 0.0359125 -0.0179571
FixedParameters: 0 0 0

#Transform 65
Transform: AffineTransform_float_3_3
Parameters: 0.999997 0.00115963 0.00178706 -0.00115984 0.999999 6.00846e-05 -0.00178692 -6.22558e-05 0.999998 -0.0887319 0.0394506 -0.0338917
FixedParameters: 0 0 0

#Transform 66
Transform: AffineTransform_float_3_3
Parameters: 0.999998 0.00120596 0.00193501 -0.0012065 0.999999 0.00013982 -0.00193469 -0.000142514 0.999998 -0.101216 0.0244325 -0.0508464
FixedParameters: 0 0 0

#Transform 67
Transform: AffineTransform_float_3_3
Parameters: 0.999997 0.00118309 0.00185612 -0.00118283 0.999999 -7.00339e-05 -0.00185629 6.7616e-05 0.999998 -0.101922 0.0376428 -0.0503662
FixedParameters: 0 0 0

#Transform 68
Transform: AffineTransform_float_3_3
Parameters: 0.999998 0.0012279 0.00199719 -0.0012277 0.999999 -5.00014e-05 -0.00199731 4.765e-05 0.999998 -0.0988983 0.0224994 -0.0462433
FixedParameters: 0 0 0

#Transform 69
Transform: AffineTransform_float_3_3
Parameters: 0.999997 0.00151841 0.00183454 -0.00151636 0.999999 -0.000734035 -0.00183551 0.000731257 0.999998 -0.134089 -0.0285016 -0.0145342
FixedParameters: 0 0 0

#Transform 70
Transform: AffineTransform_float_3_3
Parameters: 0.999997 0.00171871 0.00129219 -0.00171877 0.999999 -0.000339781 -0.00129306 0.000337553 1 -0.102464 0.0539962 0.0647186
FixedParameters: 0 0 0

#Transform 71
Transform: AffineTransform_float_3_3
Parameters: 0.999998 0.00159126 0.00133312 -0.00159083 0.999999 -0.000155081 -0.00133363 0.000152468 0.999999 -0.101787 0.0321426 0.0104972
FixedParameters: 0 0 0

#Transform 72
Transform: AffineTransform_float_3_3
Parameters: 0.999997 0.00168477 0.00130417 -0.00168554 0.999999 0.000551977 -0.00130357 -0.000554164 0.999999 -0.0835705 0.0251615 0.0824214
FixedParameters: 0 0 0

#Transform 73
Transform: AffineTransform_float_3_3
Parameters: 0.999997 0.00168393 0.00130442 -0.00168467 0.999999 0.000539877 -0.00130386 -0.000541248 0.999999 -0.0907379 0.0228801 0.0198609
FixedParameters: 0 0 0

#Transform 74
Transform: AffineTransform_float_3_3
Parameters: 0.999997 0.00158648 0.00173518 -0.00158787 0.999998 0.000405748 -0.00173391 -0.00040765 0.999998 -0.0995071 0.0291325 -0.0351201
FixedParameters: 0 0 0

#Transform 75
Transform: AffineTransform_float_3_3
Parameters: 0.999997 0.00185629 0.0015706 -0.00185689 0.999998 0.000497847 -0.00156907 -0.000500658 0.999998 -0.105811 0.0265796 -0.0331123
FixedParameters: 0 0 0

#Transform 76
Transform: AffineTransform_float_3_3
Parameters: 0.999997 0.00169137 0.00166693 -0.00169218 0.999999 0.00024448 -0.00166612 -0.000247909 0.999998 -0.0923908 0.0380346 -0.0484058
FixedParameters: 0 0 0

#Transform 77
Transform: AffineTransform_float_3_3
Parameters: 0.999998 0.00168206 0.00153434 -0.00168238 0.999999 0.000107973 -0.00153399 -0.000110925 0.999999 -0.0945258 0.0349207 -0.0579307
FixedParameters: 0 0 0

#Transform 78
Transform: AffineTransform_float_3_3
Parameters: 0.999997 0.00167779 0.0017256 -0.00167789 0.999999 3.11374e-05 -0.00172551 -3.47183e-05 0.999998 -0.10851 0.0340798 -0.0732411
FixedParameters: 0 0 0

#Transform 79
Transform: AffineTransform_float_3_3
Parameters: 0.999996 0.00166854 0.00199309 -0.0016687 0.999998 4.35376e-05 -0.00199295 -4.68207e-05 0.999998 -0.115403 0.0222247 -0.0757171
FixedParameters: 0 0 0

#Transform 80
Transform: AffineTransform_float_3_3
Parameters: 0.999997 0.00185866 0.00193247 -0.00185899 0.999998 8.46429e-05 -0.00193216 -8.90378e-05 0.999998 -0.116971 0.0417123 -0.0827389
FixedParameters: 0 0 0

#Transform 81
Transform: AffineTransform_float_3_3
Parameters: 0.999996 0.00184199 0.00179613 -0.00184244 0.999999 0.000127759 -0.00179568 -0.000131351 0.999998 -0.125824 0.0169814 -0.0756526
FixedParameters: 0 0 0

#Transform 82
Transform: AffineTransform_float_3_3
Parameters: 0.999997 0.00188185 0.00192478 -0.0018813 0.999998 -0.000140288 -0.00192533 0.000136648 0.999998 -0.117854 0.0321762 -0.0748543
FixedParameters: 0 0 0

#Transform 83
Transform: AffineTransform_float_3_3
Parameters: 0.999997 0.00194644 0.0019047 -0.0019468 0.999998 0.000266206 -0.00190494 -0.00027002 0.999998 -0.11421 0.0404991 -0.0476286
FixedParameters: 0 0 0

#Transform 84
Transform: AffineTransform_float_3_3
Parameters: 0.999996 0.00234171 0.00169092 -0.00234273 0.999998 0.000500255 -0.00168985 -0.000504336 0.999999 -0.134612 0.0469514 -0.0399659
FixedParameters: 0 0 0

#Transform 85
Transform: AffineTransform_float_3_3
Parameters: 0.999996 0.00210044 0.00185595 -0.00210162 0.999998 0.000498277 -0.00185513 -0.000501657 0.999998 -0.130518 0.0367189 -0.0731926
FixedParameters: 0 0 0

#Transform 86
Transform: AffineTransform_float_3_3
Parameters: 0.999996 0.00212711 0.00184745 -0.00212829 0.999998 0.000498478 -0.00184661 -0.000501921 0.999998 -0.118099 0.0437273 -0.0907946
FixedParameters: 0 0 0

#Transform 87
Transform: AffineTransform_float_3_3
Parameters: 0.999996 0.0022866 0.00158839 -0.00228739 0.999997 0.000250778 -0.00158726 -0.000254437 0.999999 -0.108907 0.0456754 -0.0992514
FixedParameters: 0 0 0

#Transform 88
Transform: AffineTransform_float_3_3
Parameters: 0.999996 0.00229682 0.00156023 -0.00229745 0.999998 0.000414311 -0.00155961 -0.000418219 0.999998 -0.119547 0.031907 -0.0941853
FixedParameters: 0 0 0

#Transform 89
Transform: AffineTransform_float_3_3
Parameters: 0.999994 0.00280835 0.00163041 -0.00280932 0.999997 0.000503011 -0.00162887 -0.000507277 0.999998 -0.147014 -0.0045469 -0.0705354
FixedParameters: 0 0 0

#Transform 90
Transform: AffineTransform_float_3_3
Parameters: 0.999996 0.00284731 0.0011426 -0.00284655 0.999995 -0.0011711 -0.00114554 0.00116867 0.999999 -0.142168 -0.0203294 -0.0422138
FixedParameters: 0 0 0

#Transform 91
Transform: AffineTransform_float_3_3
Parameters: 0.999997 0.00242831 0.000179557 -0.00242793 0.999996 -0.00115747 -0.000182052 0.00115706 0.999999 -0.117355 0.0447477 0.0870111
FixedParameters: 0 0 0

#Transform 92
Transform: AffineTransform_float_3_3
Parameters: 0.999996 0.00242735 0.000823121 -0.00242749 0.999997 9.15833e-05 -0.000822711 -9.37124e-05 1 -0.105622 0.0311115 0.050828
FixedParameters: 0 0 0

#Transform 93
Transform: AffineTransform_float_3_3
Parameters: 0.999997 0.00217443 0.00104399 -0.0021746 0.999998 0.00040076 -0.00104354 -0.000403436 0.999999 -0.0921941 0.0454533 -0.0217186
FixedParameters: 0 0 0

#Transform 94
Transform: AffineTransform_float_3_3
Parameters: 0.999998 0.00206745 0.000964362 -0.0020686 0.999998 0.000779794 -0.000963362 -0.000782147 1 -0.0878523 0.0487814 -0.0544021
FixedParameters: 0 0 0

#Transform 95
Transform: AffineTransform_float_3_3
Parameters: 0.999998 0.00193416 0.00105125 -0.00193498 0.999998 0.00101939 -0.00104984 -0.00102101 0.999999 -0.091709 0.0195284 -0.0582949
FixedParameters: 0 0 0

#Transform 96
Transform: AffineTransform_float_3_3
Parameters: 0.999998 0.00162227 0.000969745 -0.00162329 0.999998 0.000865674 -0.000968211 -0.000867191 0.999999 -0.0890697 0.0364657 -0.0871225
FixedParameters: 0 0 0

#Transform 97
Transform: AffineTransform_float_3_3
Parameters: 0.999997 0.0019506 0.000994285 -0.00195062 0.999998 0.000822748 -0.000992641 -0.000824187 0.999999 -0.0984142 0.0427155 -0.0705087
FixedParameters: 0 0 0

#Transform 98
Transform: AffineTransform_float_3_3
Parameters: 0.999997 0.00182764 0.00112687 -0.00182891 0.999998 0.000859708 -0.00112498 -0.000861618 0.999999 -0.0933667 0.0379364 -0.106868
FixedParameters: 0 0 0

#Transform 99
Transform: AffineTransform_float_3_3
Parameters: 0.999997 0.002308 0.00129081 -0.00231046 0.999997 0.00134582 -0.00128807 -0.00134933 0.999999 -0.121429 0.0194334 -0.129422
FixedParameters: 0 0 0

#Transform 100
Transform: AffineTransform_float_3_3
Parameters: 0.999996 0.00256278 0.0012098 -0.00256399 0.999996 0.00131282 -0.00120685 -0.00131576 0.999999 -0.128962 0.0310494 -0.137464
FixedParameters: 0 0 0

#Transform 101
Transform: AffineTransform_float_3_3
Parameters: 0.999996 0.00250749 0.00122781 -0.00250926 0.999996 0.00152237 -0.00122396 -0.00152527 0.999998 -0.1201 0.0339327 -0.15845
FixedParameters: 0 0 0

#Transform 102
Transform: AffineTransform_float_3_3
Parameters: 0.999996 0.00230599 0.00120491 -0.00230795 0.999996 0.00163223 -0.00120115 -0.00163534 0.999998 -0.121787 0.0328288 -0.151125
FixedParameters: 0 0 0

#Transform 103
Transform: AffineTransform_float_3_3
Parameters: 0.999997 0.00240456 0.00126048 -0.00240642 0.999996 0.00152152 -0.00125695 -0.00152432 0.999998 -0.128427 0.0103851 -0.17553
FixedParameters: 0 0 0

#Transform 104
Transform: AffineTransform_float_3_3
Parameters: 0.999997 0.00231047 0.00128971 -0.00231155 0.999996 0.00118112 -0.00128803 -0.00118406 0.999999 -0.124708 0.0285128 -0.188382
FixedParameters: 0 0 0

#Transform 105
Transform: AffineTransform_float_3_3
Parameters: 0.999997 0.00237474 0.0012694 -0.00237687 0.999997 0.00124027 -0.00126699 -0.00124304 0.999999 -0.123148 0.0343515 -0.177482
FixedParameters: 0 0 0

#Transform 106
Transform: AffineTransform_float_3_3
Parameters: 0.999996 0.002621 0.00119128 -0.00262308 0.999996 0.00130432 -0.00118792 -0.00130729 0.999999 -0.126171 0.0302232 -0.184598
FixedParameters: 0 0 0

#Transform 107
Transform: AffineTransform_float_3_3
Parameters: 0.999996 0.00268621 0.00142391 -0.00268857 0.999995 0.00152246 -0.00141953 -0.00152603 0.999997 -0.137482 0.031895 -0.190066
FixedParameters: 0 0 0

#Transform 108
Transform: AffineTransform_float_3_3
Parameters: 0.999995 0.00287059 0.00175828 -0.00287314 0.999995 0.00128704 -0.00175469 -0.00129166 0.999997 -0.131941 0.0289637 -0.215595
FixedParameters: 0 0 0

#Transform 109
Transform: AffineTransform_float_3_3
Parameters: 0.999995 0.00254852 0.00156521 -0.0025513 0.999996 0.00152113 -0.00156123 -0.00152446 0.999998 -0.130093 0.0434693 -0.217289
FixedParameters: 0 0 0

#Transform 110
Transform: AffineTransform_float_3_3
Parameters: 0.999995 0.00268224 0.00161298 -0.00268422 0.999995 0.00152173 -0.00160891 -0.00152573 0.999998 -0.141416 0.0437708 -0.193266
FixedParameters: 0 0 0

#Transform 111
Transform: AffineTransform_float_3_3
Parameters: 0.999995 0.00259397 0.00174802 -0.00259731 0.999995 0.00152049 -0.00174392 -0.0015249 0.999997 -0.139486 0.050979 -0.21379
FixedParameters: 0 0 0

#Transform 112
Transform: AffineTransform_float_3_3
Parameters: 0.999997 0.00179728 0.00150973 -0.00179834 0.999998 0.000570741 -0.00150896 -0.000573145 0.999998 -0.111859 0.0108149 -0.136227
FixedParameters: 0 0 0

#Transform 113
Transform: AffineTransform_float_3_3
Parameters: 0.999994 0.00312959 0.00185949 -0.00312957 0.999995 1.90911e-06 -0.00185952 -7.26306e-06 0.999998 -0.176617 0.0179796 -0.171556
FixedParameters: 0 0 0

#Transform 114
Transform: AffineTransform_float_3_3
Parameters: 0.999994 0.00312672 0.00143611 -0.0031298 0.999993 0.00188489 -0.00143033 -0.00188955 0.999997 -0.20451 0.00702184 -0.0447404
FixedParameters: 0 0 0

#Transform 115
Transform: AffineTransform_float_3_3
Parameters: 0.999995 0.0032357 0.000853668 -0.0032374 0.999993 0.00179446 -0.000847777 -0.00179763 0.999998 -0.159 0.0364665 -0.0405786
FixedParameters: 0 0 0

#Transform 116
Transform: AffineTransform_float_3_3
Parameters: 0.99999 0.00392585 0.00189118 -0.00392523 0.999992 9.86738e-05 -0.00189079 -0.000105955 0.999998 -0.186684 0.115161 0.141238
FixedParameters: 0 0 0

#Transform 117
Transform: AffineTransform_float_3_3
Parameters: 0.999993 0.00345337 0.00182916 -0.00345509 0.999994 0.000571795 -0.00182748 -0.000578717 0.999998 -0.185682 0.0748097 0.0792146
FixedParameters: 0 0 0

#Transform 118
Transform: AffineTransform_float_3_3
Parameters: 0.999992 0.00348548 0.00163185 -0.00348785 0.999993 0.00153613 -0.0016262 -0.00154097 0.999998 -0.16814 0.0514348 0.0317115
FixedParameters: 0 0 0

#Transform 119
Transform: AffineTransform_float_3_3
Parameters: 0.999992 0.00348345 0.00163312 -0.00348587 0.999993 0.00174792 -0.00162725 -0.00175416 0.999997 -0.168268 0.0493713 0.019636
FixedParameters: 0 0 0

#Transform 120
Transform: AffineTransform_float_3_3
Parameters: 0.999994 0.00305494 0.00176895 -0.00305833 0.999994 0.00170213 -0.00176358 -0.00170747 0.999997 -0.145471 0.0434785 0.0159725
FixedParameters: 0 0 0

#Transform 121
Transform: AffineTransform_float_3_3
Parameters: 0.999994 0.0029446 0.00212157 -0.00294902 0.999994 0.00204145 -0.00211614 -0.00204766 0.999995 -0.157005 0.0462582 0.0252709
FixedParameters: 0 0 0

#Transform 122
Transform: AffineTransform_float_3_3
Parameters: 0.999992 0.00309011 0.00223146 -0.00309568 0.999992 0.00234827 -0.00222476 -0.00235462 0.999995 -0.170734 0.0415864 0.00426815
FixedParameters: 0 0 0

#Transform 123
Transform: AffineTransform_float_3_3
Parameters: 0.999994 0.00294193 0.00212302 -0.00294653 0.999993 0.00230681 -0.00211633 -0.00231327 0.999995 -0.157451 0.0523204 -0.0188902
FixedParameters: 0 0 0

#Transform 124
Transform: AffineTransform_float_3_3
Parameters: 0.999994 0.00266678 0.00189337 -0.00267127 0.999994 0.00230621 -0.00188763 -0.00231167 0.999996 -0.154414 0.0524742 -0.0491751
FixedParameters: 0 0 0

#Transform 125
Transform: AffineTransform_float_3_3
Parameters: 0.999994 0.00266678 0.00189337 -0.00267127 0.999994 0.00230621 -0.00188763 -0.00231167 0.999996 -0.154555 0.0581361 -0.0665678
FixedParameters: 0 0 0

#Transform 126
Transform: AffineTransform_float_3_3
Parameters: 0.999992 0.00360593 0.001601 -0.00361148 0.999986 0.0039029 -0.00158755 -0.00390848 0.999991 -0.176254 -0.0348127 0.12474
FixedParameters: 0 0 0

#Transform 127
Transform: AffineTransform_float_3_3
Parameters: 0.999994 0.00322445 0.0014096 -0.00323138 0.999984 0.00459771 -0.00139428 -0.00460165 0.999988 -0.143011 0.016641 0.140253
FixedParameters: 0 0 0

#Transform 128
Transform: AffineTransform_float_3_3
Parameters: 0.999994 0.00311169 0.00164467 -0.00311949 0.999984 0.00478304 -0.0016298 -0.00478837 0.999988 -0.137822 0.00383918 0.0873821
FixedParameters: 0 0 0

#Transform 129
Transform: AffineTransform_float_3_3
Parameters: 0.999993 0.00323585 0.00182486 -0.00324489 0.999983 0.00482869 -0.00180978 -0.00483479 0.999986 -0.142875 -0.00108373 0.0466571
FixedParameters: 0 0 0

#Transform 130
Transform: AffineTransform_float_3_3
Parameters: 0.999994 0.00320768 0.00167435 -0.00321585 0.999983 0.00481147 -0.00165839 -0.00481731 0.999987 -0.140813 -0.00945824 0.0178056
FixedParameters: 0 0 0

#Transform 131
Transform: AffineTransform_float_3_3
Parameters: 0.999993 0.00326134 0.00192168 -0.00326953 0.999985 0.00443955 -0.00190795 -0.0044458 0.999989 -0.143783 0.000557147 -0.015875
FixedParameters: 0 0 0

#Transform 132
Transform: AffineTransform_float_3_3
Parameters: 0.999993 0.00332595 0.00168959 -0.00333334 0.999986 0.004054 -0.00167603 -0.00405952 0.999991 -0.144781 0.00631643 -0.0210866
FixedParameters: 0 0 0

#Transform 133
Transform: AffineTransform_float_3_3
Parameters: 0.999992 0.00345621 0.00230158 -0.00346517 0.999986 0.00400653 -0.00228726 -0.00401396 0.999989 -0.161069 0.00975977 0.00460709
FixedParameters: 0 0 0

#Transform 134
Transform: AffineTransform_float_3_3
Parameters: 0.999992 0.00325049 0.00236743 -0.00326042 0.999985 0.0044372 -0.00235346 -0.00444575 0.999988 -0.14394 -0.0246477 -0.0202494
FixedParameters: 0 0 0

#Transform 135
Transform: AffineTransform_float_3_3
Parameters: 0.999992 0.00316683 0.00239298 -0.00317713 0.999986 0.00413277 -0.00238015 -0.00413969 0.999989 -0.136785 0.00247755 -0.0059662
FixedParameters: 0 0 0

#Transform 136
Transform: AffineTransform_float_3_3
Parameters: 0.999992 0.00330004 0.00218221 -0.00330879 0.999986 0.00410444 -0.00216943 -0.00411118 0.999989 -0.134758 0.0102254 -0.00279688
FixedParameters: 0 0 0

#Transform 137
Transform: AffineTransform_float_3_3
Parameters: 0.999992 0.00350462 0.00199254 -0.00351374 0.999985 0.0042762 -0.00197752 -0.00428364 0.999989 -0.154324 0.00635669 -0.0263057
FixedParameters: 0 0 0

#Transform 138
Transform: AffineTransform_float_3_3
Parameters: 0.999991 0.00384066 0.00179137 -0.00384777 0.999985 0.00392809 -0.00177589 -0.00393506 0.999991 -0.160229 -0.00537839 -0.0516289
FixedParameters: 0 0 0

#Transform 139
Transform: AffineTransform_float_3_3
Parameters: 0.999991 0.00361603 0.00192588 -0.00362267 0.999988 0.00318422 -0.00191507 -0.00319162 0.999993 -0.160233 -0.0292863 -0.0278536
FixedParameters: 0 0 0

#Transform 140
Transform: AffineTransform_float_3_3
Parameters: 0.99999 0.00408559 0.00177857 -0.00409185 0.999986 0.00344227 -0.00176489 -0.00344978 0.999992 -0.189729 -0.0253394 -0.0920824
FixedParameters: 0 0 0

#Transform 141
Transform: AffineTransform_float_3_3
Parameters: 0.999982 0.00574841 0.00161124 -0.00575561 0.999976 0.00395385 -0.00158852 -0.00396244 0.999991 -0.223295 -0.00544476 -0.114899
FixedParameters: 0 0 0

#Transform 142
Transform: AffineTransform_float_3_3
Parameters: 0.999983 0.00574436 0.00116332 -0.00574609 0.999982 0.001925 -0.00115273 -0.00193129 0.999998 -0.216921 0.0548658 -0.0590256
FixedParameters: 0 0 0

#Transform 143
Transform: AffineTransform_float_3_3
Parameters: 0.999983 0.00576215 0.00124479 -0.00576561 0.99998 0.00251749 -0.00123045 -0.00252473 0.999996 -0.213326 0.0283149 -0.0920926
FixedParameters: 0 0 0

#Transform 144
Transform: AffineTransform_float_3_3
Parameters: 0.999982 0.00578527 0.00166882 -0.00578975 0.999979 0.00276252 -0.00165209 -0.00277194 0.999994 -0.207284 0.0347607 -0.142012
FixedParameters: 0 0 0

#Transform 145
Transform: AffineTransform_float_3_3
Parameters: 0.999982 0.0059407 0.00141904 -0.00594479 0.999978 0.00289514 -0.0014018 -0.00290406 0.999995 -0.197733 0.0631073 -0.141703
FixedParameters: 0 0 0

#Transform 146
Transform: AffineTransform_float_3_3
Parameters: 0.999982 0.00593857 0.00137763 -0.00594218 0.999978 0.00268146 -0.00136075 -0.00268989 0.999995 -0.196477 0.0467998 -0.124615
FixedParameters: 0 0 0

#Transform 147
Transform: AffineTransform_float_3_3
Parameters: 0.99998 0.00614209 0.001313 -0.00614554 0.999977 0.00263597 -0.00129656 -0.00264393 0.999995 -0.215234 0.0534401 -0.126192
FixedParameters: 0 0 0

#Transform 148
Transform: AffineTransform_float_3_3
Parameters: 0.99998 0.00610323 0.00164131 -0.00610849 0.999977 0.00306602 -0.0016223 -0.00307566 0.999993 -0.220217 0.0336376 -0.153676
FixedParameters: 0 0 0

#Transform 149
Transform: AffineTransform_float_3_3
Parameters: 0.999979 0.00646095 0.0012138 -0.00646417 0.999975 0.00290632 -0.00119441 -0.00291415 0.999995 -0.218329 0.0484856 -0.157018
FixedParameters: 0 0 0

#Transform 150
Transform: AffineTransform_float_3_3
Parameters: 0.999977 0.00666009 0.00114898 -0.00666291 0.999974 0.00260786 -0.00113119 -0.00261507 0.999996 -0.226403 0.053954 -0.161577
FixedParameters: 0 0 0

#Transform 151
Transform: AffineTransform_float_3_3
Parameters: 0.999974 0.00697121 0.00137142 -0.00697574 0.999971 0.00307233 -0.00134993 -0.00308146 0.999994 -0.241369 0.0530561 -0.171278
FixedParameters: 0 0 0

#Transform 152
Transform: AffineTransform_float_3_3
Parameters: 0.999976 0.00681113 0.00127678 -0.00681555 0.999972 0.00299863 -0.00125602 -0.00300709 0.999995 -0.233078 0.0371452 -0.176346
FixedParameters: 0 0 0

#Transform 153
Transform: AffineTransform_float_3_3
Parameters: 0.999977 0.00672757 0.0010364 -0.00673043 0.999973 0.00293519 -0.00101699 -0.00294242 0.999996 -0.219652 0.0513613 -0.179345
FixedParameters: 0 0 0

#Transform 154
Transform: AffineTransform_float_3_3
Parameters: 0.999978 0.00647432 0.00120956 -0.00647751 0.999975 0.00290345 -0.00119013 -0.00291126 0.999995 -0.211461 0.0484133 -0.188929
FixedParameters: 0 0 0

#Transform 155
Transform: AffineTransform_float_3_3
Parameters: 0.999978 0.00645437 0.00130424 -0.00645854 0.999975 0.00295047 -0.00128526 -0.00295945 0.999995 -0.214643 0.0552515 -0.20558
FixedParameters: 0 0 0

#Transform 156
Transform: AffineTransform_float_3_3
Parameters: 0.999979 0.00634187 0.00125197 -0.00634554 0.999976 0.00299719 -0.0012321 -0.00300521 0.999994 -0.207855 0.0479159 -0.204194
FixedParameters: 0 0 0

#Transform 157
Transform: AffineTransform_float_3_3
Parameters: 0.99998 0.00620968 0.00149025 -0.00621432 0.999977 0.00306772 -0.00147154 -0.00307641 0.999994 -0.22321 0.0432977 -0.204406
FixedParameters: 0 0 0

#Transform 158
Transform: AffineTransform_float_3_3
Parameters: 0.99998 0.00619586 0.00129817 -0.00619983 0.999977 0.0030101 -0.00127901 -0.00301776 0.999994 -0.205222 0.0635182 -0.173687
FixedParameters: 0 0 0

#Transform 159
Transform: AffineTransform_float_3_3
Parameters: 0.999977 0.00675618 0.00111806 -0.00675867 0.999974 0.0025255 -0.00110089 -0.0025331 0.999996 -0.204757 0.061288 -0.131836
FixedParameters: 0 0 0

#Transform 160
Transform: AffineTransform_float_3_3
Parameters: 0.999982 0.00577582 0.00113659 -0.00577995 0.999979 0.00308652 -0.00111872 -0.00309251 0.999995 -0.19964 0.0568446 -0.134902
FixedParameters: 0 0 0

#Transform 161
Transform: AffineTransform_float_3_3
Parameters: 0.99998 0.00614588 0.0013148 -0.00615063 0.999976 0.00315502 -0.00129508 -0.00316299 0.999994 -0.209094 0.042896 -0.11731
FixedParameters: 0 0 0

#Transform 162
Transform: AffineTransform_float_3_3
Parameters: 0.999982 0.00573835 0.00135583 -0.00574264 0.999978 0.00323875 -0.00133798 -0.0032466 0.999994 -0.213116 0.056931 -0.138331
FixedParameters: 0 0 0

#Transform 163
Transform: AffineTransform_float_3_3
Parameters: 0.999978 0.00639518 0.00123771 -0.00639879 0.999974 0.00342399 -0.0012155 -0.00343137 0.999994 -0.212931 0.0600323 -0.172303
FixedParameters: 0 0 0

#Transform 164
Transform: AffineTransform_float_3_3
Parameters: 0.999979 0.00638169 0.00103912 -0.00638475 0.999974 0.00334747 -0.0010177 -0.00335367 0.999994 -0.207661 0.0374654 -0.191573
FixedParameters: 0 0 0

#Transform 165
Transform: AffineTransform_float_3_3
Parameters: 0.99998 0.00627897 0.00032866 -0.00628012 0.999975 0.00327452 -0.000307971 -0.00327657 0.999995 -0.188003 0.0466513 -0.210264
FixedParameters: 0 0 0

#Transform 166
Transform: AffineTransform_float_3_3
Parameters: 0.99998 0.00628136 0.000611504 -0.00628349 0.999974 0.00335054 -0.000590121 -0.00335417 0.999995 -0.196468 0.032943 -0.2196
FixedParameters: 0 0 0

#Transform 167
Transform: AffineTransform_float_3_3
Parameters: 0.999979 0.00634581 0.000559554 -0.00634803 0.999975 0.00315617 -0.000538966 -0.0031598 0.999995 -0.194239 0.0324659 -0.221909
FixedParameters: 0 0 0

#Transform 168
Transform: AffineTransform_float_3_3
Parameters: 0.999979 0.00642318 0.000375465 -0.00642475 0.999975 0.00295008 -0.000355824 -0.00295202 0.999996 -0.187775 0.0472772 -0.226865
FixedParameters: 0 0 0

#Transform 169
Transform: AffineTransform_float_3_3
Parameters: 0.999984 0.00572973 0.000518641 -0.00573042 0.999982 0.00174862 -0.000508609 -0.00175166 0.999998 -0.188155 0.06224 -0.089271
FixedParameters: 0 0 0

#Transform 170
Transform: AffineTransform_float_3_3
Parameters: 0.99998 0.00631564 0.000456373 -0.00631609 0.999979 0.00172146 -0.000444687 -0.00172442 0.999998 -0.190745 0.0558629 -0.109747
FixedParameters: 0 0 0

#Transform 171
Transform: AffineTransform_float_3_3
Parameters: 0.999979 0.00645951 0.000288135 -0.0064604 0.999977 0.00191178 -0.000276376 -0.00191325 0.999998 -0.184051 0.0591137 -0.1275
FixedParameters: 0 0 0

#Transform 172
Transform: AffineTransform_float_3_3
Parameters: 0.999979 0.00644131 0.000293238 -0.00644281 0.999978 0.00180659 -0.000281646 -0.00180812 0.999998 -0.193673 0.0742959 -0.121819
FixedParameters: 0 0 0

#Transform 173
Transform: AffineTransform_float_3_3
Parameters: 0.999979 0.00647847 0.000286664 -0.00648001 0.999975 0.00262009 -0.000269728 -0.00262232 0.999997 -0.183292 0.0664385 -0.109511
FixedParameters: 0 0 0

#Transform 174
Transform: AffineTransform_float_3_3
Parameters: 0.999976 0.00681153 0.000182664 -0.00681223 0.999973 0.00282056 -0.000163506 -0.00282166 0.999996 -0.207173 0.0654245 -0.126833
FixedParameters: 0 0 0

#Transform 175
Transform: AffineTransform_float_3_3
Parameters: 0.999978 0.00669044 0.000413056 -0.00669129 0.999975 0.00253006 -0.000395599 -0.00253306 0.999997 -0.217003 0.054046 -0.0788735
FixedParameters: 0 0 0

#Transform 176
Transform: AffineTransform_float_3_3
Parameters: 0.999977 0.00675233 0.000201432 -0.00675315 0.999973 0.00282931 -0.000182484 -0.00283087 0.999996 -0.206897 0.0536299 -0.0852109
FixedParameters: 0 0 0

#Transform 177
Transform: AffineTransform_float_3_3
Parameters: 0.999976 0.00681978 0.000179539 -0.00682044 0.999973 0.00274374 -0.000161375 -0.00274562 0.999996 -0.205904 0.0649449 -0.141572
FixedParameters: 0 0 0

#Transform 178
Transform: AffineTransform_float_3_3
Parameters: 0.999977 0.00665794 0.000231266 -0.00665893 0.999974 0.00282831 -0.000212847 -0.00283024 0.999996 -0.199722 0.0721433 -0.140238
FixedParameters: 0 0 0

#Transform 179
Transform: AffineTransform_float_3_3
Parameters: 0.999981 0.006221 0.00037308 -0.00622285 0.999975 0.00343161 -0.00035177 -0.00343335 0.999994 -0.188755 0.0629575 -0.10803
FixedParameters: 0 0 0

#Transform 180
Transform: AffineTransform_float_3_3
Parameters: 0.999978 0.00656629 0.000545322 -0.00656914 0.999971 0.00394151 -0.000519342 -0.0039441 0.999992 -0.209786 0.0388941 -0.0886992
FixedParameters: 0 0 0

#Transform 181
Transform: AffineTransform_float_3_3
Parameters: 0.99998 0.00624954 0.000630539 -0.00625191 0.999975 0.00345076 -0.000608119 -0.00345435 0.999994 -0.212159 0.0634244 -0.141818
FixedParameters: 0 0 0

#Transform 182
Transform: AffineTransform_float_3_3
Parameters: 0.999979 0.00639386 0.000720425 -0.00639664 0.999975 0.00330392 -0.0006989 -0.00330802 0.999994 -0.197164 0.0750239 -0.144903
FixedParameters: 0 0 0

#Transform 183
Transform: AffineTransform_float_3_3
Parameters: 0.999982 0.00604245 0.000428185 -0.00604391 0.999977 0.00322644 -0.000408658 -0.00322839 0.999995 -0.192824 0.0642964 -0.132761
FixedParameters: 0 0 0

#Transform 184
Transform: AffineTransform_float_3_3
Parameters: 0.99998 0.00629463 0.000798629 -0.00629735 0.999973 0.00377353 -0.000774323 -0.00377847 0.999992 -0.206718 0.0440029 -0.126165
FixedParameters: 0 0 0

#Transform 185
Transform: AffineTransform_float_3_3
Parameters: 0.999979 0.00640556 0.00114298 -0.00640901 0.999975 0.00321361 -0.00112312 -0.00322038 0.999994 -0.210045 0.0412675 -0.157619
FixedParameters: 0 0 0

#Transform 186
Transform: AffineTransform_float_3_3
Parameters: 0.99998 0.00630373 0.00065457 -0.00630514 0.999974 0.00331622 -0.000633781 -0.00331962 0.999995 -0.206261 0.033498 -0.155835
FixedParameters: 0 0 0

#Transform 187
Transform: AffineTransform_float_3_3
Parameters: 0.999979 0.00650307 0.000924062 -0.00650626 0.999973 0.00331477 -0.000901982 -0.00332087 0.999994 -0.202341 0.0307419 -0.163672
FixedParameters: 0 0 0

#Transform 188
Transform: AffineTransform_float_3_3
Parameters: 0.999978 0.00657077 0.000902704 -0.00657382 0.999972 0.00331544 -0.000880167 -0.00332138 0.999994 -0.221246 0.0399966 -0.182595
FixedParameters: 0 0 0

#Transform 189
