#Insight Transform File V1.0
#Transform 0
Transform: AffineTransform_float_3_3
Parameters: 1 2.68918e-05 0.000373189 -2.68448e-05 1 -6.301e-05 -0.000373192 6.299e-05 1 -0.013965 0.0134717 0.13338
FixedParameters: 0 0 0

#Transform 1
Transform: AffineTransform_float_3_3
Parameters: 1 0.000163483 3.86971e-05 -0.000163506 1 0.000297994 -3.85996e-05 -0.000298006 1 0.00145479 -0.0396946 0.0884165
FixedParameters: 0 0 0

#Transform 2
Transform: AffineTransform_float_3_3
Parameters: 1 -3.44515e-05 0.00014599 3.45634e-05 1 -0.000382995 -0.000145964 0.000383005 1 -0.00625913 0.00959927 0.149036
FixedParameters: 0 0 0

#Transform 3
Transform: AffineTransform_float_3_3
Parameters: 1 0.000256888 6.08665e-05 -0.000256951 1 0.000518984 -6.05998e-05 -0.000519015 1 0.00813447 -0.0322619 0.0960556
FixedParameters: 0 0 0

#Transform 4
Transform: AffineTransform_float_3_3
Parameters: 1 0.000180033 4.2581e-05 -0.000180043 1 0.000120992 -4.25374e-05 -0.000121008 1 0.00154905 0.0142204 0.112145
FixedParameters: 0 0 0

#Transform 5
Transform: AffineTransform_float_3_3
Parameters: 1 0.000244292 5.76413e-05 -0.000244244 1 -0.000414014 -5.78436e-05 0.000413986 1 0.0192284 0.0624633 0.150011
FixedParameters: 0 0 0

#Transform 6
Transform: AffineTransform_float_3_3
Parameters: 1 0 0 0 1 0.000428 0 -0.000428 1 0.018772 -0.0205534 0.00716533
FixedParameters: 0 0 0

#Transform 7
Transform: AffineTransform_float_3_3
Parameters: 1 0.000542216 0.000127478 -0.000542136 0.999999 -0.00121607 -0.000127824 0.00121593 1 0.00476578 0.0817938 0.0905894
FixedParameters: 0 0 0

#Transform 8
Transform: AffineTransform_float_3_3
Parameters: 1 0 0 0 1 -0.001007 0 0.001007 1 0 0.0669602 0.107815
FixedParameters: 0 0 0

#Transform 9
Transform: AffineTransform_float_3_3
Parameters: 1 0.000394231 9.27732e-05 -0.000394044 1 -0.00100704 -9.3567e-05 0.00100696 1 0.00978527 0.067782 0.0651144
FixedParameters: 0 0 0

#Transform 10
Transform: AffineTransform_float_3_3
Parameters: 1 0.000528471 0.000124768 -0.000528401 1 -0.000282066 -0.000125066 0.000281934 1 0.0109979 0.0426608 0.0510587
FixedParameters: 0 0 0

#Transform 11
Transform: AffineTransform_float_3_3
Parameters: 0.999999 0.000751778 -0.000130516 -0.000751391 0.999999 -0.0013709 0.000129659 0.0013711 0.999999 0.0274387 0.0762702 0.091314
FixedParameters: 0 0 0

#Transform 12
Transform: AffineTransform_float_3_3
Parameters: 0.999999 0.000957199 -0.000198325 -0.000957293 0.999999 -0.00023581 0.000197873 0.000236189 1 0.0308094 0.0156264 -0.0135055
FixedParameters: 0 0 0

#Transform 13
Transform: AffineTransform_float_3_3
Parameters: 1 0.00111158 0.000261821 -0.00111139 0.999999 -0.000806067 -0.00026264 0.000805932 0.999999 0.00981515 0.0754131 0.0202912
FixedParameters: 0 0 0

#Transform 14
Transform: AffineTransform_float_3_3
Parameters: 0.999999 0.000703724 0.000165833 -0.000703722 0.999999 -0.000700116 -0.000165845 0.000699883 0.999999 0.00614729 0.0334894 -0.00168464
FixedParameters: 0 0 0

#Transform 15
Transform: AffineTransform_float_3_3
Parameters: 0.999999 0.000806556 -0.000221412 -0.000806569 0.999999 -2.98214e-05 0.000221364 3.01785e-05 1 0.0229551 0.0206199 0.00352405
FixedParameters: 0 0 0

#Transform 16
Transform: AffineTransform_float_3_3
Parameters: 1 0.000547429 -0.000283102 -0.000547966 1 -0.000950846 0.000282061 0.000951155 1 0.0207926 0.083636 0.03488
FixedParameters: 0 0 0

#Transform 17
Transform: AffineTransform_float_3_3
Parameters: 1 0.000314103 -2.01128e-05 -0.00031408 1 0.000556006 2.04621e-05 -0.000555993 1 0.00633739 -0.023772 0.00486616
FixedParameters: 0 0 0

#Transform 18
Transform: AffineTransform_float_3_3
Parameters: 1 0.000167961 -0.000150516 -0.000168468 0.999999 -0.000917974 0.00015118 0.000918025 0.999999 0.00876588 0.0311325 0.000216934
FixedParameters: 0 0 0

#Transform 19
Transform: AffineTransform_float_3_3
Parameters: 1 8.73891e-07 4.43761e-05 -7.51765e-07 0.999999 -0.001376 -4.43783e-05 0.001376 0.999999 -0.00636448 0.0798373 0.0400144
FixedParameters: 0 0 0

#Transform 20
Transform: AffineTransform_float_3_3
Parameters: 1 -8.60026e-05 -0.000118914 8.58735e-05 1 -0.00054301 0.000119007 0.00054299 1 -0.00676381 0.0221984 0.0224465
FixedParameters: 0 0 0

#Transform 21
Transform: AffineTransform_float_3_3
Parameters: 1 -0.000108629 2.06343e-05 0.000108658 0.999999 -0.000701997 -2.04817e-05 0.000702002 1 -0.0052236 0.0565724 0.0387591
FixedParameters: 0 0 0

#Transform 22
Transform: AffineTransform_float_3_3
Parameters: 1 -0.000159108 0.000151462 0.000159114 1 -1.99759e-05 -0.000151456 2.00241e-05 1 -0.0165269 0.0317113 0.0468432
FixedParameters: 0 0 0

#Transform 23
Transform: AffineTransform_float_3_3
Parameters: 1 -3.19946e-05 -0.000419716 3.26392e-05 0.999999 0.000767986 0.000419666 -0.000768013 0.999999 0.0176636 -0.0242904 0.0157008
FixedParameters: 0 0 0

#Transform 24
Transform: AffineTransform_float_3_3
Parameters: 1 -0.000140256 3.65535e-05 0.000140164 0.999999 0.00125701 -3.6906e-05 -0.001257 0.999999 -0.00817254 -0.0105417 0.0299395
FixedParameters: 0 0 0

#Transform 25
Transform: AffineTransform_float_3_3
Parameters: 1 -0.000151405 8.31649e-05 0.000152073 0.999999 0.00183401 -8.34914e-05 -0.00183399 0.999999 -0.00624501 -0.0461303 0.0315031
FixedParameters: 0 0 0

#Transform 26
Transform: AffineTransform_float_3_3
Parameters: 1 -0.000575196 9.74796e-05 0.00057467 0.999998 0.00151006 -9.82427e-05 -0.00150994 0.999999 0.00742746 -0.0669707 0.0533935
FixedParameters: 0 0 0

#Transform 27
Transform: AffineTransform_float_3_3
Parameters: 1 -0.000266358 -0.000159703 0.000266514 1 0.000486957 0.000159444 -0.000487042 1 4.9249e-05 0.0153218 0.0586846
FixedParameters: 0 0 0

#Transform 28
Transform: AffineTransform_float_3_3
Parameters: 1 -0.000545594 -0.000384364 0.00054607 0.999997 0.00248679 0.000383365 -0.00248721 0.999997 0.0037298 -0.0419639 0.0543691
FixedParameters: 0 0 0

#Transform 29
Transform: AffineTransform_float_3_3
Parameters: 1 -0.000494299 -0.000389108 0.000494402 0.999999 0.00168003 0.000388191 -0.00167997 0.999998 0.0120565 -0.0219727 0.0449252
FixedParameters: 0 0 0

#Transform 30
Transform: AffineTransform_float_3_3
Parameters: 1 -0.000447164 -0.000518527 0.000447362 0.999999 0.00135172 0.000518061 -0.00135128 0.999999 0.0138058 -0.0118523 0.0364062
FixedParameters: 0 0 0

#Transform 31
Transform: AffineTransform_float_3_3
Parameters: 1 -0.000442734 -0.000518063 0.000444005 0.999997 0.00239172 0.000516685 -0.00239128 0.999997 0.0106838 -0.0658598 0.0622768
FixedParameters: 0 0 0

#Transform 32
Transform: AffineTransform_float_3_3
Parameters: 1 -0.000566898 -0.000386061 0.000567248 0.999998 0.00201578 0.000384518 -0.00201622 0.999998 0.00334482 -0.037979 0.0290256
FixedParameters: 0 0 0

#Transform 33
Transform: AffineTransform_float_3_3
Parameters: 0.999999 -0.000862628 -0.00020218 0.000862993 0.999998 0.00147783 0.000200602 -0.00147817 0.999999 -0.00461327 0.0158509 0.0717795
FixedParameters: 0 0 0

#Transform 34
Transform: AffineTransform_float_3_3
Parameters: 1 -0.00101668 -0.000267485 0.00101744 0.999997 0.00230673 0.000264738 -0.00230727 0.999998 0.00865225 -0.0785407 0.0438228
FixedParameters: 0 0 0

#Transform 35
Transform: AffineTransform_float_3_3
Parameters: 1 -0.0011069 -0.000160539 0.0011069 0.999999 0.00142805 0.000159324 -0.00142795 0.999999 0.00287101 0.0180469 0.0775811
FixedParameters: 0 0 0

#Transform 36
Transform: AffineTransform_float_3_3
Parameters: 1 -0.000979178 -0.000295384 0.00097976 0.999997 0.00215694 0.000294079 -0.00215706 0.999997 0.0103909 0.00451005 0.0525142
FixedParameters: 0 0 0

#Transform 37
Transform: AffineTransform_float_3_3
Parameters: 1 -0.000934811 -0.000524906 0.00093541 0.999998 0.00172046 0.000522431 -0.00172054 0.999999 0.0279563 -0.00292022 0.0538026
FixedParameters: 0 0 0

#Transform 38
Transform: AffineTransform_float_3_3
Parameters: 1 -0.00096106 -0.000640356 0.000962116 0.999999 0.00100533 0.000639395 -0.00100567 1 0.00784571 -0.00815542 -0.0245235
FixedParameters: 0 0 0

#Transform 39
Transform: AffineTransform_float_3_3
Parameters: 0.999999 -0.000764296 -0.000588032 0.000761258 0.999986 -0.00520045 0.000591559 0.00519955 0.999987 0.0275535 0.192938 -0.0623737
FixedParameters: 0 0 0

#Transform 40
Transform: AffineTransform_float_3_3
Parameters: 0.999999 -0.00137673 -0.000348773 0.00137606 0.999997 -0.00161826 0.000351281 0.00161774 0.999998 0.0246744 0.108391 -0.0199866
FixedParameters: 0 0 0

#Transform 41
Transform: AffineTransform_float_3_3
Parameters: 0.999999 -0.00119108 -0.000438577 0.00119094 1 -0.000153299 0.000438941 0.000152701 1 0.0415283 0.0439786 -0.0189831
FixedParameters: 0 0 0

#Transform 42
Transform: AffineTransform_float_3_3
Parameters: 0.999999 -0.00179972 -9.4091e-05 0.00179978 0.999999 0.000305279 9.29932e-05 -0.00030472 1 0.0369992 0.0448444 -0.0297757
FixedParameters: 0 0 0

#Transform 43
Transform: AffineTransform_float_3_3
Parameters: 0.999998 -0.00160215 -4.84022e-05 0.00160299 0.999999 0.000974201 4.6482e-05 -0.0009748 1 0.0555906 -0.0127872 -0.0383927
FixedParameters: 0 0 0

#Transform 44
Transform: AffineTransform_float_3_3
Parameters: 0.999997 -0.00166223 0.00145108 0.00165837 0.999995 0.00268835 -0.00145496 -0.00268665 0.999995 0.0408789 -0.120846 -0.0867097
FixedParameters: 0 0 0

#Transform 45
Transform: AffineTransform_float_3_3
Parameters: 0.999997 -0.00207831 0.00131944 0.00207297 0.999989 0.0039859 -0.00132756 -0.00398309 0.999991 0.0589272 -0.221077 -0.0347123
FixedParameters: 0 0 0

#Transform 46
Transform: AffineTransform_float_3_3
Parameters: 0.999997 -0.00203613 0.000768808 0.00203424 0.999993 0.0029969 -0.000775216 -0.0029951 0.999995 0.0593262 -0.112795 0.0282679
FixedParameters: 0 0 0

#Transform 47
Transform: AffineTransform_float_3_3
Parameters: 0.999997 -0.00237092 4.49282e-05 0.00237081 0.999996 0.00167567 -4.87526e-05 -0.00167634 0.999999 0.0744859 -0.0802349 -0.00873021
FixedParameters: 0 0 0

#Transform 48
Transform: AffineTransform_float_3_3
Parameters: 0.999994 -0.00135026 0.00315932 0.00137213 0.999975 -0.00702072 -0.00314961 0.00702528 0.99997 0.0227628 -0.0204136 -0.0463729
FixedParameters: 0 0 0

#Transform 49
Transform: AffineTransform_float_3_3
Parameters: 0.99999 -0.000850376 0.00441745 0.000859409 0.999997 -0.00214852 -0.00441511 0.00215248 0.999988 0.0167032 -0.113559 0.214933
FixedParameters: 0 0 0

#Transform 50
Transform: AffineTransform_float_3_3
Parameters: 0.999996 -0.00163118 0.0020788 0.00163356 0.999998 -0.00116317 -0.00207763 0.00116683 0.999998 -0.00773985 -0.0202987 0.14866
FixedParameters: 0 0 0

#Transform 51
Transform: AffineTransform_float_3_3
Parameters: 0.999998 -0.00182719 0.000518916 0.00182741 0.999998 -0.000206722 -0.00051816 0.000207277 0.999999 0.010123 -0.0464068 0.168566
FixedParameters: 0 0 0

#Transform 52
Transform: AffineTransform_float_3_3
Parameters: 0.999997 -0.00252767 0.000193785 0.00252729 0.999997 0.000382268 -0.000194743 -0.000381731 1 0.0313973 -0.0673085 0.168216
FixedParameters: 0 0 0

#Transform 53
Transform: AffineTransform_float_3_3
Parameters: 0.999997 -0.00233273 0.000528269 0.00233333 0.999997 -0.000345439 -0.000527627 0.000346562 1 -0.0119794 -0.0441591 0.148947
FixedParameters: 0 0 0

#Transform 54
Transform: AffineTransform_float_3_3
Parameters: 0.999997 -0.0021964 -0.000198161 0.00219627 0.999997 0.000258013 0.000198001 -0.000257988 1 0.0267193 -0.0215236 0.145087
FixedParameters: 0 0 0

#Transform 55
Transform: AffineTransform_float_3_3
Parameters: 0.999997 -0.0024754 0.000421222 0.00247473 0.999996 0.0011296 -0.000423661 -0.0011284 0.999999 0.0145803 -0.0590905 0.126564
FixedParameters: 0 0 0

#Transform 56
Transform: AffineTransform_float_3_3
Parameters: 0.999997 -0.00236433 0.000534443 0.00236387 0.999997 0.000908873 -0.000536562 -0.000908128 0.999999 0.0224349 -0.0590369 0.131829
FixedParameters: 0 0 0

#Transform 57
Transform: AffineTransform_float_3_3
Parameters: 0.999997 -0.00236657 0.000560123 0.00236632 0.999997 0.000217709 -0.000561153 -0.00021729 1 0.02782 -0.029203 0.089992
FixedParameters: 0 0 0

#Transform 58
Transform: AffineTransform_float_3_3
Parameters: 0.999997 -0.00246925 0.000482783 0.00246887 0.999996 0.000923748 -0.000485164 -0.000922251 1 0.0330612 -0.0706632 0.106575
FixedParameters: 0 0 0

#Transform 59
Transform: AffineTransform_float_3_3
Parameters: 0.999997 -0.002131 0.00042851 0.00213008 0.999997 0.00139147 -0.000431288 -0.00139053 0.999999 0.0392289 -0.0947732 0.105441
FixedParameters: 0 0 0

#Transform 60
Transform: AffineTransform_float_3_3
Parameters: 0.999997 -0.00234289 0.0005964 0.0023425 0.999997 0.000754953 -0.000597757 -0.000753049 1 0.0184436 -0.0484103 0.0898203
FixedParameters: 0 0 0

#Transform 61
Transform: AffineTransform_float_3_3
Parameters: 0.999996 -0.00267594 0.000674636 0.00267542 0.999996 0.000760414 -0.000676524 -0.000758586 0.999999 0.0350775 -0.135636 0.0434524
FixedParameters: 0 0 0

#Transform 62
Transform: AffineTransform_float_3_3
Parameters: 0.999994 -0.00312719 0.000966997 0.0031252 0.999993 0.00231797 -0.000974722 -0.00231503 0.999997 -0.00325421 -0.245307 -0.107172
FixedParameters: 0 0 0

#Transform 63
Transform: AffineTransform_float_3_3
Parameters: 0.999996 -0.00288687 0.00102207 0.00288333 0.99999 0.00319667 -0.00103158 -0.00319432 0.999994 -0.0238695 -0.281579 -0.0924688
FixedParameters: 0 0 0

#Transform 64
Transform: AffineTransform_float_3_3
Parameters: 0.999996 -0.00262575 0.000877533 0.00262383 0.999995 0.00167997 -0.000881995 -0.00167803 0.999998 0.00963054 -0.272156 -0.0294264
FixedParameters: 0 0 0

#Transform 65
Transform: AffineTransform_float_3_3
Parameters: 0.999996 -0.00278812 0.000629417 0.00278784 0.999996 -0.000365587 -0.000628579 0.000366413 1 -0.00317881 -0.133032 0.0025406
FixedParameters: 0 0 0

#Transform 66
Transform: AffineTransform_float_3_3
Parameters: 0.999995 -0.00291588 0.000363364 0.00291519 0.999994 0.0020289 -0.000369866 -0.0020281 0.999998 0.0380132 -0.153323 0.209832
FixedParameters: 0 0 0

#Transform 67
Transform: AffineTransform_float_3_3
Parameters: 0.999996 -0.00280676 0.000753059 0.0028065 0.999996 0.000174774 -0.000754035 -0.000173225 1 0.01083 -0.0572972 0.163234
FixedParameters: 0 0 0

#Transform 68
Transform: AffineTransform_float_3_3
Parameters: 0.999992 -0.00373255 0.00144765 0.0037317 0.999992 0.00106545 -0.00145197 -0.00105955 0.999998 0.00796963 -0.0305997 0.203171
FixedParameters: 0 0 0

#Transform 69
Transform: AffineTransform_float_3_3
Parameters: 0.999996 -0.00289385 4.62136e-05 0.00289299 0.999993 0.00224492 -5.21628e-05 -0.00224508 0.999998 -0.00279975 -0.0691318 0.125315
FixedParameters: 0 0 0

#Transform 70
Transform: AffineTransform_float_3_3
Parameters: 0.999996 -0.0025979 -9.18218e-05 0.0025987 0.999993 0.0026335 8.54089e-05 -0.00263351 0.999997 0.0350684 -0.12402 0.127053
FixedParameters: 0 0 0

#Transform 71
Transform: AffineTransform_float_3_3
Parameters: 0.999994 -0.00346972 0.000355154 0.00346824 0.999985 0.00430259 -0.000370227 -0.00430141 0.999991 0.0453494 -0.166324 0.157413
FixedParameters: 0 0 0

#Transform 72
Transform: AffineTransform_float_3_3
Parameters: 0.999997 -0.00247661 0.000586514 0.00247479 0.999993 0.00284802 -0.000594081 -0.00284599 0.999996 0.0145374 -0.147349 0.130903
FixedParameters: 0 0 0

#Transform 73
Transform: AffineTransform_float_3_3
Parameters: 0.999995 -0.00309286 0.000878039 0.00309074 0.999992 0.00249561 -0.000885728 -0.00249239 0.999996 -0.0251804 -0.13222 0.197974
FixedParameters: 0 0 0

#Transform 74
Transform: AffineTransform_float_3_3
Parameters: 0.999995 -0.00289182 0.000473451 0.00289007 0.999991 0.00295421 -0.000482053 -0.00295279 0.999996 0.0115718 -0.116333 0.153687
FixedParameters: 0 0 0

#Transform 75
Transform: AffineTransform_float_3_3
Parameters: 0.999996 -0.00299304 0.000453903 0.00299111 0.999988 0.0038222 -0.00046612 -0.00382079 0.999993 0.0282321 -0.144959 0.154951
FixedParameters: 0 0 0

#Transform 76
Transform: AffineTransform_float_3_3
Parameters: 0.999996 -0.00256093 0.00063658 0.00255897 0.999992 0.00313725 -0.000643933 -0.00313576 0.999995 0.0291353 -0.185787 0.0815527
FixedParameters: 0 0 0

#Transform 77
Transform: AffineTransform_float_3_3
Parameters: 0.999997 -0.00230548 0.000987358 0.0023016 0.999988 0.00434689 -0.000997009 -0.00434411 0.99999 0.0201288 -0.179789 0.0839228
FixedParameters: 0 0 0

#Transform 78
Transform: AffineTransform_float_3_3
Parameters: 0.999998 -0.00228845 -0.00037666 0.00229037 0.999988 0.00436565 0.000366628 -0.00436735 0.999991 0.010684 -0.201728 0.112854
FixedParameters: 0 0 0

#Transform 79
Transform: AffineTransform_float_3_3
Parameters: 0.999997 -0.00250179 -0.000140568 0.00250244 0.999986 0.00456616 0.000128881 -0.00456684 0.99999 0.0151316 -0.187848 0.138769
FixedParameters: 0 0 0

#Transform 80
Transform: AffineTransform_float_3_3
Parameters: 0.999996 -0.00259427 0.00153971 0.00258775 0.999987 0.00451444 -0.00155106 -0.00450956 0.999988 -0.00355973 -0.223391 0.0949236
FixedParameters: 0 0 0

#Transform 81
Transform: AffineTransform_float_3_3
Parameters: 0.999998 -0.00188433 -0.000217767 0.00188516 0.999991 0.00394805 0.000210901 -0.00394796 0.999992 0.0220733 -0.28941 0.138529
FixedParameters: 0 0 0

#Transform 82
Transform: AffineTransform_float_3_3
Parameters: 0.999997 -0.00181918 -0.00167922 0.00182537 0.999992 0.00355729 0.00167312 -0.00356071 0.999992 -0.0184237 -0.25518 0.11479
FixedParameters: 0 0 0

#Transform 83
Transform: AffineTransform_float_3_3
Parameters: 0.999986 -0.0014776 -0.00505913 0.00150018 0.999989 0.00440432 0.0050521 -0.00441267 0.999977 -0.0622965 -0.327647 0.150404
FixedParameters: 0 0 0

#Transform 84
Transform: AffineTransform_float_3_3
Parameters: 0.999978 0.000671889 -0.00667809 -0.000638686 0.999987 0.00505014 0.00668175 -0.00504587 0.999965 -0.0873686 -0.363447 0.171142
FixedParameters: 0 0 0

#Transform 85
Transform: AffineTransform_float_3_3
Parameters: 0.999997 -0.00205508 -0.00174337 0.0020607 0.999993 0.00326076 0.0017368 -0.00326524 0.999993 -0.0451919 -0.162643 0.19729
FixedParameters: 0 0 0

#Transform 86
Transform: AffineTransform_float_3_3
Parameters: 0.999997 -0.00174353 -0.00166913 0.00174942 0.999992 0.00348516 0.00166382 -0.00348785 0.999993 -0.0179656 -0.181734 0.195837
FixedParameters: 0 0 0

#Transform 87
Transform: AffineTransform_float_3_3
Parameters: 0.999995 -0.00265948 -0.00205031 0.00266648 0.99999 0.00375524 0.00203962 -0.00376076 0.999991 0.0385788 -0.180672 0.218935
FixedParameters: 0 0 0

#Transform 88
Transform: AffineTransform_float_3_3
Parameters: 0.999998 -0.00200832 -0.00110672 0.00201178 0.999993 0.0031784 0.00110029 -0.0031806 0.999994 -0.00263706 -0.115763 0.210985
FixedParameters: 0 0 0

#Transform 89
Transform: AffineTransform_float_3_3
Parameters: 0.999996 -0.00234086 -0.00119176 0.00234408 0.999993 0.00284983 0.00118475 -0.00285316 0.999995 0.00663988 -0.118389 0.227669
FixedParameters: 0 0 0

#Transform 90
Transform: AffineTransform_float_3_3
Parameters: 0.999997 -0.00195442 -0.00133205 0.00195796 0.999993 0.00303374 0.0013263 -0.00303626 0.999995 0.0235832 -0.151166 0.192468
FixedParameters: 0 0 0

#Transform 91
Transform: AffineTransform_float_3_3
Parameters: 0.999998 -0.00197396 -0.00124921 0.00197777 0.999992 0.00343793 0.00124272 -0.00344107 0.999993 0.0199447 -0.141261 0.190622
FixedParameters: 0 0 0

#Transform 92
Transform: AffineTransform_float_3_3
Parameters: 0.999997 -0.00195128 -0.00134423 0.00195559 0.999993 0.00329478 0.00133747 -0.00329823 0.999994 0.00600514 -0.171851 0.123608
FixedParameters: 0 0 0

#Transform 93
Transform: AffineTransform_float_3_3
Parameters: 0.999998 -0.00205054 -0.000928847 0.00205422 0.999989 0.0041655 0.000920043 -0.0041675 0.999991 0.0244827 -0.253162 0.0949595
FixedParameters: 0 0 0

#Transform 94
Transform: AffineTransform_float_3_3
Parameters: 0.999997 -0.00184091 0.00162326 0.00182362 0.999943 0.0104969 -0.0016423 -0.0104941 0.999943 0.0403692 -0.553198 0.0404445
FixedParameters: 0 0 0

#Transform 95
Transform: AffineTransform_float_3_3
Parameters: 0.999996 -0.0025513 0.00122242 0.00254001 0.999953 0.00932158 -0.00124552 -0.00931843 0.999956 0.0380792 -0.383412 0.17786
FixedParameters: 0 0 0

#Transform 96
Transform: AffineTransform_float_3_3
Parameters: 0.999994 -0.00360172 0.000609636 0.00359662 0.999969 0.00688835 -0.000634758 -0.00688565 0.999976 0.0645831 -0.266812 0.184144
FixedParameters: 0 0 0

#Transform 97
Transform: AffineTransform_float_3_3
Parameters: 0.99999 -0.0044216 0.000714461 0.00441757 0.999972 0.00617416 -0.000742161 -0.00617085 0.999981 0.0805528 -0.27185 0.19373
FixedParameters: 0 0 0

#Transform 98
Transform: AffineTransform_float_3_3
Parameters: 0.99999 -0.00438619 0.00146225 0.00437627 0.999969 0.00661007 -0.00149116 -0.00660294 0.999977 0.0746107 -0.239316 0.173555
FixedParameters: 0 0 0

#Transform 99
Transform: AffineTransform_float_3_3
Parameters: 0.999989 -0.00451529 0.0013249 0.00450837 0.999978 0.00487462 -0.00134687 -0.00486838 0.999988 0.050653 -0.238219 0.177441
FixedParameters: 0 0 0

#Transform 100
Transform: AffineTransform_float_3_3
Parameters: 0.999989 -0.00449662 0.00124126 0.00448914 0.999975 0.00553245 -0.00126581 -0.00552655 0.999984 0.0630099 -0.220378 0.175496
FixedParameters: 0 0 0

#Transform 101
Transform: AffineTransform_float_3_3
Parameters: 0.999989 -0.00449792 0.00123654 0.00448984 0.999968 0.00658244 -0.00126595 -0.00657656 0.999977 0.082781 -0.280383 0.161657
FixedParameters: 0 0 0

#Transform 102
Transform: AffineTransform_float_3_3
Parameters: 0.999989 -0.00445608 0.00106254 0.0044488 0.999967 0.00681684 -0.00109373 -0.00681215 0.999976 0.07468 -0.269941 0.151848
FixedParameters: 0 0 0

#Transform 103
Transform: AffineTransform_float_3_3
Parameters: 0.999991 -0.00419241 -2.20873e-05 0.00419242 0.999964 0.00735775 -8.80367e-06 -0.00735825 0.999973 0.0942075 -0.334692 0.169763
FixedParameters: 0 0 0

#Transform 104
Transform: AffineTransform_float_3_3
Parameters: 0.999989 -0.00451691 0.00070163 0.00451148 0.999964 0.00711418 -0.00073389 -0.00711082 0.999975 0.0575226 -0.27959 0.110325
FixedParameters: 0 0 0

#Transform 105
Transform: AffineTransform_float_3_3
Parameters: 0.999986 -0.00521714 0.00065576 0.00521112 0.999952 0.00826125 -0.000698543 -0.00825775 0.999966 0.0376815 -0.361286 0.112989
FixedParameters: 0 0 0

#Transform 106
Transform: AffineTransform_float_3_3
Parameters: 0.999985 -0.005358 0.00112804 0.00534844 0.99995 0.00841698 -0.00117265 -0.00841002 0.999964 0.0457158 -0.336095 0.137961
FixedParameters: 0 0 0

#Transform 107
Transform: AffineTransform_float_3_3
Parameters: 0.999983 -0.00563281 0.00155778 0.00561536 0.99992 0.0113948 -0.00162187 -0.0113863 0.999934 0.0246488 -0.511321 0.283748
FixedParameters: 0 0 0

#Transform 108
Transform: AffineTransform_float_3_3
Parameters: 0.999986 -0.00532655 0.000330699 0.0053231 0.99993 0.010551 -0.000386594 -0.010549 0.999944 0.0153828 -0.486713 0.210903
FixedParameters: 0 0 0

#Transform 109
Transform: AffineTransform_float_3_3
Parameters: 0.99999 -0.00425372 -0.000749336 0.00426188 0.999929 0.011057 0.000701592 -0.01106 0.999938 0.0136271 -0.469383 0.150152
FixedParameters: 0 0 0

#Transform 110
Transform: AffineTransform_float_3_3
Parameters: 0.99999 -0.00429463 -0.000581368 0.00429971 0.999946 0.00946171 0.000540858 -0.00946429 0.999955 0.0542642 -0.448875 0.172086
FixedParameters: 0 0 0

#Transform 111
Transform: AffineTransform_float_3_3
Parameters: 0.999985 -0.00533648 0.000198401 0.00533487 0.999947 0.0088043 -0.000245571 -0.00880371 0.999961 0.0441344 -0.32786 0.147841
FixedParameters: 0 0 0

#Transform 112
Transform: AffineTransform_float_3_3
Parameters: 0.999987 -0.00508591 0.000776168 0.00507999 0.999958 0.00769276 -0.000815866 -0.00768823 0.99997 0.0200455 -0.423214 0.103948
FixedParameters: 0 0 0

#Transform 113
Transform: AffineTransform_float_3_3
Parameters: 0.999981 -0.00570375 0.00233165 0.00568937 0.999966 0.00595067 -0.00236534 -0.00593732 0.999979 -0.0302366 -0.200046 0.136551
FixedParameters: 0 0 0

#Transform 114
Transform: AffineTransform_float_3_3
Parameters: 0.999984 -0.00538933 0.00135667 0.00538072 0.999964 0.0064811 -0.00139139 -0.0064739 0.999978 0.0467279 -0.300024 0.191576
FixedParameters: 0 0 0

#Transform 115
Transform: AffineTransform_float_3_3
Parameters: 0.999977 -0.00668636 0.00104709 0.00667991 0.99996 0.00588356 -0.00108622 -0.00587645 0.999983 0.0482891 -0.291552 0.147925
FixedParameters: 0 0 0

#Transform 116
Transform: AffineTransform_float_3_3
Parameters: 0.999974 -0.0070652 0.00176 0.00705324 0.999952 0.00679607 -0.00180775 -0.00678294 0.999976 0.0679326 -0.330414 0.203133
FixedParameters: 0 0 0

#Transform 117
Transform: AffineTransform_float_3_3
Parameters: 0.999978 -0.00655604 0.0015649 0.00654734 0.999961 0.00597025 -0.00160366 -0.00595976 0.999982 0.0510572 -0.224693 0.128324
FixedParameters: 0 0 0

#Transform 118
Transform: AffineTransform_float_3_3
Parameters: 0.999975 -0.00680885 0.00150449 0.00679653 0.999946 0.00789978 -0.00155772 -0.00788922 0.999968 0.0457144 -0.310872 0.195576
FixedParameters: 0 0 0

#Transform 119
Transform: AffineTransform_float_3_3
Parameters: 0.999971 -0.00715736 0.00262843 0.00713404 0.999935 0.00892091 -0.00269255 -0.0089021 0.999957 0.0626592 -0.159959 0.158928
FixedParameters: 0 0 0

#Transform 120
Transform: AffineTransform_float_3_3
Parameters: 0.999971 -0.00734821 0.00193299 0.0073305 0.999935 0.00873628 -0.00199657 -0.00872174 0.99996 0.029106 -0.236716 0.110851
FixedParameters: 0 0 0

#Transform 121
Transform: AffineTransform_float_3_3
Parameters: 0.999982 -0.00589741 0.00035075 0.00589347 0.999942 0.00901906 -0.000403995 -0.00901594 0.999959 0.0211088 -0.295127 0.140757
FixedParameters: 0 0 0

#Transform 122
Transform: AffineTransform_float_3_3
Parameters: 0.999981 -0.006051 0.000401973 0.00604734 0.999946 0.00842747 -0.000453753 -0.00842452 0.999964 0.0357452 -0.237436 0.129413
FixedParameters: 0 0 0

#Transform 123
Transform: AffineTransform_float_3_3
Parameters: 0.99998 -0.00623103 0.000575858 0.00622543 0.999943 0.00863597 -0.000629867 -0.00863203 0.999962 -0.0266993 -0.251646 0.0600884
FixedParameters: 0 0 0

#Transform 124
Transform: AffineTransform_float_3_3
Parameters: 0.999983 -0.00580444 -0.000835468 0.00581174 0.999942 0.00903227 0.000783247 -0.00903674 0.999959 -0.0645196 -0.340926 0.157487
FixedParameters: 0 0 0

#Transform 125
Transform: AffineTransform_float_3_3
Parameters: 0.99998 -0.00618005 -0.00059151 0.00618542 0.999946 0.00844603 0.000539496 -0.00844898 0.999964 -0.0599699 -0.296048 0.157958
FixedParameters: 0 0 0

#Transform 126
Transform: AffineTransform_float_3_3
Parameters: 0.999981 -0.00613732 -0.00051959 0.00614138 0.999943 0.00882955 0.000465546 -0.00883245 0.99996 -0.0580633 -0.302252 0.202534
FixedParameters: 0 0 0

#Transform 127
Transform: AffineTransform_float_3_3
Parameters: 0.99998 -0.00640091 0.000546788 0.0063966 0.999942 0.00859089 -0.000601963 -0.0085871 0.999963 0.00929591 -0.243283 0.23095
FixedParameters: 0 0 0

#Transform 128
Transform: AffineTransform_float_3_3
Parameters: 0.999974 -0.00702254 0.00199115 0.00700819 0.999951 0.00703444 -0.0020402 -0.00701956 0.999973 -0.0229822 -0.207248 0.254199
FixedParameters: 0 0 0

#Transform 129
Transform: AffineTransform_float_3_3
Parameters: 0.99998 -0.00623053 0.00110562 0.00622188 0.999952 0.00753874 -0.00115227 -0.00753227 0.999971 -0.00139405 -0.198185 0.244412
FixedParameters: 0 0 0

#Transform 130
Transform: AffineTransform_float_3_3
Parameters: 0.999977 -0.00680166 0.00106954 0.00679359 0.99995 0.00730009 -0.00111959 -0.00729191 0.999973 0.0169166 -0.20519 0.196193
FixedParameters: 0 0 0

#Transform 131
Transform: AffineTransform_float_3_3
Parameters: 0.999982 -0.00600882 0.000460686 0.00600445 0.999955 0.00738484 -0.00050455 -0.00738216 0.999973 -0.00332971 -0.199249 0.154996
FixedParameters: 0 0 0

#Transform 132
Transform: AffineTransform_float_3_3
Parameters: 0.999984 -0.00569479 0.000206857 0.00569358 0.999951 0.00812792 -0.000253608 -0.00812707 0.999967 -0.018483 -0.252159 0.147219
FixedParameters: 0 0 0

#Transform 133
Transform: AffineTransform_float_3_3
Parameters: 0.999985 -0.00543341 0.000150401 0.00543178 0.999949 0.00851527 -0.000196367 -0.00851472 0.999963 0.0179432 -0.253007 0.218466
FixedParameters: 0 0 0

#Transform 134
Transform: AffineTransform_float_3_3
Parameters: 0.999985 -0.00537302 -0.000191873 0.00537441 0.999957 0.0075273 0.000150759 -0.00752869 0.999972 0.0113909 -0.231647 0.166844
FixedParameters: 0 0 0

#Transform 135
Transform: AffineTransform_float_3_3
Parameters: 0.999985 -0.00549647 -1.41341e-05 0.00549618 0.999952 0.00809633 -3.07228e-05 -0.00809668 0.999968 -0.0129994 -0.248567 0.170021
FixedParameters: 0 0 0

#Transform 136
Transform: AffineTransform_float_3_3
Parameters: 0.999984 -0.0056366 4.91946e-05 0.00563601 0.999951 0.00812396 -9.54251e-05 -0.00812403 0.999967 -0.0180627 -0.23553 0.126675
FixedParameters: 0 0 0

#Transform 137
Transform: AffineTransform_float_3_3
Parameters: 0.999987 -0.0050574 -0.000119804 0.00505775 0.999949 0.00872323 7.64523e-05 -0.00872377 0.999962 0.0322569 -0.279134 0.159125
FixedParameters: 0 0 0

#Transform 138
Transform: AffineTransform_float_3_3
Parameters: 0.999985 -0.00558654 -4.0194e-05 0.00558672 0.999947 0.00862641 -7.92467e-06 -0.00862659 0.999963 0.0309377 -0.225923 0.162937
FixedParameters: 0 0 0

#Transform 139
Transform: AffineTransform_float_3_3
Parameters: 0.999984 -0.00556222 0.00014281 0.00556073 0.999948 0.00845421 -0.000190287 -0.00845279 0.999965 0.00662103 -0.226048 0.155717
FixedParameters: 0 0 0

#Transform 140
Transform: AffineTransform_float_3_3
Parameters: 0.999986 -0.00527015 0.000105074 0.00526948 0.999949 0.00869774 -0.000151164 -0.00869727 0.999962 0.0202806 -0.255883 0.156325
FixedParameters: 0 0 0

#Transform 141
Transform: AffineTransform_float_3_3
Parameters: 0.999985 -0.00548516 0.000603931 0.00548015 0.999943 0.00913466 -0.000653227 -0.00913133 0.999958 -0.00136789 -0.266349 0.156605
FixedParameters: 0 0 0

#Transform 142
Transform: AffineTransform_float_3_3
Parameters: 0.99998 -0.00640885 0.000551003 0.00640328 0.999935 0.00941416 -0.000611752 -0.00940983 0.999955 -0.023753 -0.28748 0.0804135
FixedParameters: 0 0 0

#Transform 143
Transform: AffineTransform_float_3_3
Parameters: 0.999956 -0.0091216 0.00211046 0.00910056 0.999912 0.00965253 -0.00219912 -0.00963247 0.999951 -0.0543749 -0.26218 -0.0326565
FixedParameters: 0 0 0

#Transform 144
Transform: AffineTransform_float_3_3
Parameters: 0.999972 -0.00717288 0.00234355 0.00715052 0.999927 0.00969104 -0.00241294 -0.00967396 0.999951 -0.0245726 -0.330596 0.191086
FixedParameters: 0 0 0

#Transform 145
Transform: AffineTransform_float_3_3
Parameters: 0.999971 -0.00729942 0.00218273 0.00728067 0.999935 0.00875182 -0.00224693 -0.00873517 0.999959 -0.0565601 -0.17687 0.149169
FixedParameters: 0 0 0

#Transform 146
Transform: AffineTransform_float_3_3
Parameters: 0.999968 -0.00764752 0.00213701 0.0076299 0.999937 0.0082268 -0.00219974 -0.0082102 0.999964 -0.00887744 -0.253681 0.203058
FixedParameters: 0 0 0

#Transform 147
Transform: AffineTransform_float_3_3
Parameters: 0.999965 -0.00804656 0.0019524 0.00801968 0.999875 0.0135821 -0.00206122 -0.0135659 0.999905 0.0186584 -0.405247 0.27763
FixedParameters: 0 0 0

#Transform 148
Transform: AffineTransform_float_3_3
Parameters: 0.999985 -0.00540416 0.0010233 0.00539516 0.999947 0.00876153 -0.00107048 -0.00875647 0.999961 0.0162099 -0.265258 0.231979
FixedParameters: 0 0 0

#Transform 149
Transform: AffineTransform_float_3_3
Parameters: 0.999976 -0.00681765 0.00134333 0.00680481 0.999932 0.00955791 -0.00140864 -0.0095481 0.999954 0.0283855 -0.212163 0.1686
FixedParameters: 0 0 0

#Transform 150
Transform: AffineTransform_float_3_3
Parameters: 0.999977 -0.00665161 0.00133052 0.00663661 0.999919 0.0108894 -0.00140284 -0.0108806 0.999939 0.0321096 -0.306947 0.112052
FixedParameters: 0 0 0

#Transform 151
Transform: AffineTransform_float_3_3
Parameters: 0.999977 -0.00666469 0.00141418 0.00665191 0.999943 0.00838691 -0.00146968 -0.00837708 0.999963 0.00330832 -0.247571 0.158102
FixedParameters: 0 0 0

#Transform 152
Transform: AffineTransform_float_3_3
Parameters: 0.99998 -0.00622731 0.00113794 0.00621711 0.999939 0.00916119 -0.0011948 -0.00915382 0.999957 0.0193832 -0.294316 0.16977
FixedParameters: 0 0 0

#Transform 153
Transform: AffineTransform_float_3_3
Parameters: 0.999979 -0.006512 0.000791745 0.00650505 0.999944 0.00836766 -0.000846632 -0.00836235 0.999965 0.0153686 -0.231241 0.141699
FixedParameters: 0 0 0

#Transform 154
Transform: AffineTransform_float_3_3
Parameters: 0.999979 -0.00648398 0.000676261 0.00647734 0.999943 0.00850289 -0.000730729 -0.00849912 0.999964 0.0216576 -0.217395 0.1785
FixedParameters: 0 0 0

#Transform 155
Transform: AffineTransform_float_3_3
Parameters: 0.999979 -0.00652945 0.000864892 0.00652187 0.999945 0.00817219 -0.000918488 -0.0081668 0.999966 0.00968929 -0.213492 0.1575
FixedParameters: 0 0 0

#Transform 156
Transform: AffineTransform_float_3_3
Parameters: 0.999978 -0.00661072 0.00117473 0.00659838 0.999928 0.0100835 -0.00124132 -0.0100755 0.999948 0.0378706 -0.288397 0.168983
FixedParameters: 0 0 0

#Transform 157
Transform: AffineTransform_float_3_3
Parameters: 0.999985 -0.00545388 -0.000274511 0.00545521 0.999948 0.00866108 0.000227593 -0.00866292 0.999962 0.00248589 -0.270632 0.111229
FixedParameters: 0 0 0

#Transform 158
Transform: AffineTransform_float_3_3
Parameters: 0.999982 -0.00610974 -0.000172694 0.00611019 0.999952 0.00761027 0.000126529 -0.00761074 0.999971 0.00478773 -0.221692 0.113647
FixedParameters: 0 0 0

#Transform 159
Transform: AffineTransform_float_3_3
Parameters: 0.999982 -0.00586957 0.000612462 0.00586465 0.999945 0.00875146 -0.000663307 -0.00874754 0.999961 0.0232775 -0.283469 0.10349
FixedParameters: 0 0 0

#Transform 160
Transform: AffineTransform_float_3_3
Parameters: 0.999974 -0.00725366 0.000792507 0.00724592 0.999928 0.0096236 -0.000862254 -0.0096174 0.999953 -0.0270776 -0.250321 0.0309182
FixedParameters: 0 0 0

#Transform 161
Transform: AffineTransform_float_3_3
Parameters: 0.999977 -0.00660376 0.00115089 0.00659371 0.999942 0.00858521 -0.00120728 -0.00857679 0.999962 0.0103496 -0.230765 0.118885
FixedParameters: 0 0 0

#Transform 162
Transform: AffineTransform_float_3_3
Parameters: 0.999979 -0.00644709 0.000856113 0.00644033 0.999953 0.007368 -0.000903327 -0.00736201 0.999973 0.0129818 -0.15385 0.111556
FixedParameters: 0 0 0

#Transform 163
Transform: AffineTransform_float_3_3
Parameters: 0.999983 -0.00572673 0.000399321 0.00572444 0.999958 0.00711579 -0.000439848 -0.00711321 0.999975 0.0363058 -0.183781 0.118736
FixedParameters: 0 0 0

#Transform 164
Transform: AffineTransform_float_3_3
Parameters: 0.999979 -0.00637781 0.000236327 0.00637655 0.999949 0.007778 -0.00028656 -0.007776 0.99997 0.0527323 -0.162172 0.144221
FixedParameters: 0 0 0

#Transform 165
Transform: AffineTransform_float_3_3
Parameters: 0.999981 -0.0061189 0.000382856 0.00611603 0.999948 0.00815243 -0.000433401 -0.00815056 0.999967 0.0515117 -0.209095 0.0832158
FixedParameters: 0 0 0

#Transform 166
Transform: AffineTransform_float_3_3
Parameters: 0.99998 -0.00628546 -0.000156416 0.00628672 0.999925 0.0104537 9.14531e-05 -0.0104553 0.999945 0.113947 -0.291074 0.119879
FixedParameters: 0 0 0

#Transform 167
Transform: AffineTransform_float_3_3
Parameters: 0.999978 -0.00649848 0.000717725 0.00649276 0.999938 0.0090364 -0.000776736 -0.0090316 0.999959 0.0532094 -0.240917 0.0629156
FixedParameters: 0 0 0

#Transform 168
Transform: AffineTransform_float_3_3
Parameters: 0.999976 -0.00689616 0.00118696 0.00688426 0.999922 0.0104992 -0.00125949 -0.0104908 0.999944 0.0503848 -0.311678 0.0865955
FixedParameters: 0 0 0

#Transform 169
Transform: AffineTransform_float_3_3
Parameters: 0.999976 -0.00667731 0.00141179 0.00666089 0.999909 0.0116938 -0.00148959 -0.0116852 0.999931 0.0453946 -0.32838 0.0334585
FixedParameters: 0 0 0

#Transform 170
Transform: AffineTransform_float_3_3
Parameters: 0.999978 -0.00650431 0.000730833 0.00649692 0.999928 0.0101565 -0.000797217 -0.0101505 0.999948 -0.00499205 -0.322631 0.0261141
FixedParameters: 0 0 0

#Transform 171
Transform: AffineTransform_float_3_3
Parameters: 0.99998 -0.00636107 0.000151841 0.00635965 0.99993 0.0100647 -0.000215619 -0.0100633 0.999949 0.0199515 -0.312381 0.0409574
FixedParameters: 0 0 0

#Transform 172
Transform: AffineTransform_float_3_3
Parameters: 0.999976 -0.00699241 0.00059209 0.00698694 0.999948 0.0075376 -0.000644121 -0.00753341 0.999972 0.0359338 -0.183776 0.0244244
FixedParameters: 0 0 0

#Transform 173
Transform: AffineTransform_float_3_3
Parameters: 0.999986 -0.00526571 0.000333823 0.00526211 0.99993 0.010668 -0.000389665 -0.010666 0.999943 0.0102936 -0.320597 0.0900867
FixedParameters: 0 0 0

#Transform 174
Transform: AffineTransform_float_3_3
Parameters: 0.999983 -0.00593218 0.00029258 0.00592931 0.999939 0.00940274 -0.000347867 -0.00940028 0.999956 -0.0258562 -0.239937 0.0830419
FixedParameters: 0 0 0

#Transform 175
Transform: AffineTransform_float_3_3
Parameters: 0.999986 -0.00525701 -0.00033881 0.00526023 0.999937 0.00989352 0.000286446 -0.00989546 0.999951 0.0248069 -0.267049 0.127855
FixedParameters: 0 0 0

#Transform 176
Transform: AffineTransform_float_3_3
Parameters: 0.99998 -0.00632395 0.000199755 0.00632173 0.999949 0.00799504 -0.000250177 -0.00799397 0.999968 0.00685013 -0.18389 0.0975996
FixedParameters: 0 0 0

#Transform 177
Transform: AffineTransform_float_3_3
Parameters: 0.999975 -0.00698336 0.0010836 0.0069717 0.999927 0.00994379 -0.00115405 -0.00993621 0.99995 0.00608338 -0.258389 0.131504
FixedParameters: 0 0 0

#Transform 178
Transform: AffineTransform_float_3_3
Parameters: 0.999976 -0.00692623 0.00109684 0.00691475 0.999926 0.0100738 -0.00116676 -0.0100662 0.999948 -0.0205475 -0.24662 0.0774002
FixedParameters: 0 0 0

#Transform 179
Transform: AffineTransform_float_3_3
Parameters: 0.999979 -0.00641827 0.000654547 0.00641093 0.999914 0.0114247 -0.000728195 -0.0114203 0.999935 -0.010876 -0.314758 0.0108462
FixedParameters: 0 0 0

#Transform 180
Transform: AffineTransform_float_3_3
Parameters: 0.99998 -0.00630333 0.000458141 0.00629841 0.999927 0.0103133 -0.00052315 -0.0103097 0.999947 -0.00961955 -0.261803 0.0117795
FixedParameters: 0 0 0

#Transform 181
Transform: AffineTransform_float_3_3
Parameters: 0.999971 -0.00759281 -0.000591897 0.00760055 0.99986 0.0149377 0.000478037 -0.0149413 0.999888 0.021931 -0.438636 0.0197948
FixedParameters: 0 0 0

#Transform 182
Transform: AffineTransform_float_3_3
Parameters: 0.999978 -0.00668729 0.000564359 0.00668111 0.999928 0.00995377 -0.000630291 -0.00995024 0.99995 -0.0108982 -0.239722 -0.0249545
FixedParameters: 0 0 0

#Transform 183
Transform: AffineTransform_float_3_3
Parameters: 0.999975 -0.00706217 -0.00052075 0.00706712 0.999933 0.00917635 0.000455881 -0.00917966 0.999958 0.015617 -0.273176 0.00667295
FixedParameters: 0 0 0

#Transform 184
Transform: AffineTransform_float_3_3
Parameters: 0.999977 -0.00688735 -0.00025603 0.0068892 0.999928 0.00987788 0.000187154 -0.00987913 0.999952 0.00860076 -0.197799 -0.0510019
FixedParameters: 0 0 0

#Transform 185
Transform: AffineTransform_float_3_3
Parameters: 0.999973 -0.0073828 0.000688999 0.00737681 0.99993 0.00927817 -0.000757359 -0.00927284 0.999957 -0.0392908 -0.238644 -0.112335
FixedParameters: 0 0 0

#Transform 186
Transform: AffineTransform_float_3_3
Parameters: 0.999973 -0.00730686 0.00137718 0.00729025 0.999904 0.0117845 -0.00146397 -0.0117745 0.999929 -0.0455324 -0.313275 -0.0780357
FixedParameters: 0 0 0

#Transform 187
Transform: AffineTransform_float_3_3
Parameters: 0.999979 -0.00647536 5.43153e-05 0.00647431 0.999919 0.0109041 -0.000125437 -0.0109039 0.999941 -0.0410757 -0.293517 -0.0783551
FixedParameters: 0 0 0

#Transform 188
Transform: AffineTransform_float_3_3
Parameters: 0.999974 -0.00718337 7.49951e-05 0.00718138 0.999901 0.0121336 -0.00016174 -0.0121324 0.999926 -0.101355 -0.362611 -0.197709
FixedParameters: 0 0 0

#Transform 189
Transform: AffineTransform_float_3_3
