#Insight Transform File V1.0
#Transform 0
Transform: AffineTransform_float_3_3
Parameters: 0.999996 0.000690706 -0.00271694 -0.000723521 0.999927 -0.0120918 0.00270818 0.0120942 0.999924 -0.048069 -0.0744161 -0.342091
FixedParameters: 0 0 0

#Transform 1
Transform: AffineTransform_float_3_3
Parameters: 0.999996 0.000610031 -0.00270997 -0.000644737 0.999918 -0.012839 0.00270204 0.012841 0.999914 -0.0604193 -0.0670658 -0.385694
FixedParameters: 0 0 0

#Transform 2
Transform: AffineTransform_float_3_3
Parameters: 0.999997 0.000816781 -0.0022584 -0.000849716 0.999892 -0.0146619 0.0022463 0.0146641 0.99989 -0.0485718 -0.0763116 -0.346661
FixedParameters: 0 0 0

#Transform 3
Transform: AffineTransform_float_3_3
Parameters: 0.999996 0.000617592 -0.00253375 -0.000658363 0.999869 -0.0161561 0.00252281 0.0161569 0.999867 -0.0486643 -0.12775 -0.332339
FixedParameters: 0 0 0

#Transform 4
Transform: AffineTransform_float_3_3
Parameters: 0.999995 0.000512127 -0.00311245 -0.000559087 0.999883 -0.0152449 0.00310423 0.0152471 0.999879 -0.0521916 -0.125232 -0.458402
FixedParameters: 0 0 0

#Transform 5
Transform: AffineTransform_float_3_3
Parameters: 0.999996 0.000574083 -0.0029922 -0.000620285 0.999878 -0.0155929 0.00298376 0.0155951 0.999874 -0.0557564 -0.1006 -0.450933
FixedParameters: 0 0 0

#Transform 6
Transform: AffineTransform_float_3_3
Parameters: 0.999999 0.00064595 -0.00167679 -0.000669465 0.999899 -0.0141547 0.00166724 0.0141563 0.999899 -0.0303435 -0.0914192 -0.227315
FixedParameters: 0 0 0

#Transform 7
Transform: AffineTransform_float_3_3
Parameters: 0.999997 0.000384679 -0.00233883 -0.000414173 0.99992 -0.0126209 0.00233334 0.0126211 0.999917 -0.026602 -0.124076 -0.297161
FixedParameters: 0 0 0

#Transform 8
Transform: AffineTransform_float_3_3
Parameters: 0.999996 0.000423805 -0.00301235 -0.000465066 0.999905 -0.0137673 0.00300572 0.0137687 0.999901 -0.0452938 -0.0931931 -0.361214
FixedParameters: 0 0 0

#Transform 9
Transform: AffineTransform_float_3_3
Parameters: 0.999998 0.00073981 -0.00220453 -0.000774004 0.999879 -0.0155162 0.00219229 0.0155178 0.999878 -0.0405714 -0.0982598 -0.245076
FixedParameters: 0 0 0

#Transform 10
Transform: AffineTransform_float_3_3
Parameters: 0.999995 0.00061057 -0.00313576 -0.000656597 0.99989 -0.0148397 0.00312614 0.0148423 0.999885 -0.0459815 -0.122207 -0.386235
FixedParameters: 0 0 0

#Transform 11
Transform: AffineTransform_float_3_3
Parameters: 0.999996 0.000674427 -0.00253022 -0.000714478 0.99987 -0.016067 0.00251957 0.016069 0.999868 -0.0458766 -0.078451 -0.334997
FixedParameters: 0 0 0

#Transform 12
Transform: AffineTransform_float_3_3
Parameters: 0.999995 0.000546847 -0.00313039 -0.000596742 0.999875 -0.0158018 0.00312134 0.0158032 0.999871 -0.0656103 -0.125964 -0.415946
FixedParameters: 0 0 0

#Transform 13
Transform: AffineTransform_float_3_3
Parameters: 0.999999 0.000806678 -0.00121105 -0.000822199 0.999914 -0.0130419 0.00120053 0.0130431 0.999915 -0.0416706 -0.074781 -0.190282
FixedParameters: 0 0 0

#Transform 14
Transform: AffineTransform_float_3_3
Parameters: 0.999999 8.98892e-05 0.0012438 -0.000112472 0.999839 0.0179039 -0.00124198 -0.017904 0.999839 0.0169308 0.0978122 0.169068
FixedParameters: 0 0 0

#Transform 15
Transform: AffineTransform_float_3_3
Parameters: 0.999999 0.000290944 0.000780343 -0.000292793 0.999997 0.00246377 -0.000779069 -0.00246423 0.999996 0.00343259 0.0103579 0.182528
FixedParameters: 0 0 0

#Transform 16
Transform: AffineTransform_float_3_3
Parameters: 1 0.00034337 -8.38692e-05 -0.000343105 0.999998 0.00157003 8.4947e-05 -0.00156997 0.999999 -0.008515 -0.00226502 0.0221903
FixedParameters: 0 0 0

#Transform 17
Transform: AffineTransform_float_3_3
Parameters: 1 0.000277214 -0.000144847 -0.000276856 0.999999 0.00123204 0.000145529 -0.00123196 0.999999 -0.0184688 0.014708 -0.00202172
FixedParameters: 0 0 0

#Transform 18
Transform: AffineTransform_float_3_3
Parameters: 1 0.000350448 3.37716e-06 -0.000350449 1 0.000231999 -3.21455e-06 -0.000232001 1 0.00287132 0.0227906 0.0449092
FixedParameters: 0 0 0

#Transform 19
Transform: AffineTransform_float_3_3
Parameters: 1 9.25856e-05 -0.000156067 -9.24544e-05 1 0.000420014 0.000156145 -0.000419985 1 -0.000100321 -0.0129727 -0.00471858
FixedParameters: 0 0 0

#Transform 20
Transform: AffineTransform_float_3_3
Parameters: 1 -1.23278e-05 3.31214e-05 1.23273e-05 1 8.00041e-06 -3.31216e-05 -7.99959e-06 1 -0.0057384 -0.00179494 -0.00374083
FixedParameters: 0 0 0

#Transform 21
Transform: AffineTransform_float_3_3
Parameters: 1 1.63112e-06 3.1974e-05 -1.61967e-06 1 -0.000179 -3.19746e-05 0.000179 1 -0.00544208 0.0110792 -0.000406948
FixedParameters: 0 0 0

#Transform 22
Transform: AffineTransform_float_3_3
Parameters: 1 -5.22694e-05 -0.000222486 5.15415e-05 1 0.000603988 0.000222505 -0.000604011 1 -0.00513477 -0.00269653 -0.019388
FixedParameters: 0 0 0

#Transform 23
Transform: AffineTransform_float_3_3
Parameters: 1 -0.000196719 4.82254e-05 0.000196692 1 0.000278009 -4.83348e-05 -0.00027799 1 -0.010097 -0.0128788 0.0129169
FixedParameters: 0 0 0

#Transform 24
Transform: AffineTransform_float_3_3
Parameters: 1 0.000143365 -0.000279806 -0.000143763 0.999999 -0.000710959 0.000279602 0.00071104 0.999999 -0.000272532 -0.0097952 -0.0234239
FixedParameters: 0 0 0

#Transform 25
Transform: AffineTransform_float_3_3
Parameters: 1 0.000254804 1.03854e-05 -0.000254657 0.999996 -0.003048 -1.09416e-05 0.003048 0.999996 0.000555866 -0.0053765 -0.108896
FixedParameters: 0 0 0

#Transform 26
Transform: AffineTransform_float_3_3
Parameters: 1 -4.07653e-05 0.000286509 4.25838e-05 0.999995 -0.00317499 -0.000286244 0.00317501 0.999995 0.0016409 -0.003047 -0.0623407
FixedParameters: 0 0 0

#Transform 27
Transform: AffineTransform_float_3_3
Parameters: 1 -6.20571e-05 3.73888e-05 6.22613e-05 0.999996 -0.002743 -3.70478e-05 0.002743 0.999996 -0.00697969 0.0195255 -0.0690557
FixedParameters: 0 0 0

#Transform 28
Transform: AffineTransform_float_3_3
Parameters: 1 -6.20795e-05 3.73514e-05 6.2239e-05 0.999997 -0.002142 -3.70852e-05 0.002142 0.999997 -0.00696801 0.0145674 -0.058949
FixedParameters: 0 0 0

#Transform 29
Transform: AffineTransform_float_3_3
Parameters: 1 -4.73294e-05 0.000210763 4.84744e-05 0.999997 -0.00271799 -0.000210502 0.00271801 0.999997 -0.00767839 0.00214856 -0.0610391
FixedParameters: 0 0 0

#Transform 30
Transform: AffineTransform_float_3_3
Parameters: 1 -6.20648e-05 3.73759e-05 6.22536e-05 0.999997 -0.002536 -3.70606e-05 0.002536 0.999997 -0.00697344 0.0128837 -0.0733954
FixedParameters: 0 0 0

#Transform 31
Transform: AffineTransform_float_3_3
Parameters: 1 -2.08732e-05 0.000519659 2.3132e-05 0.999995 -0.00313299 -0.000519439 0.00313301 0.999995 -0.00237005 -0.000676108 -0.0203494
FixedParameters: 0 0 0

#Transform 32
Transform: AffineTransform_float_3_3
Parameters: 1 -6.20578e-05 3.73876e-05 6.22606e-05 0.999997 -0.002724 -3.70489e-05 0.002724 0.999997 -0.00697062 -0.0221516 -0.0828939
FixedParameters: 0 0 0

#Transform 33
Transform: AffineTransform_float_3_3
Parameters: 1 2.83283e-05 0.000317741 -2.69383e-05 0.999993 -0.00375501 -0.000317867 0.00375499 0.999993 0.00976104 0.00256173 0.0158888
FixedParameters: 0 0 0

#Transform 34
Transform: AffineTransform_float_3_3
Parameters: 1 0.000488234 0.00015798 -0.000488031 0.999995 -0.00326716 -0.000159094 0.00326684 0.999994 0.0051858 -0.0370058 -0.01839
FixedParameters: 0 0 0

#Transform 35
Transform: AffineTransform_float_3_3
Parameters: 1 -0.000259963 0.000654694 0.000254211 0.999959 0.00906317 -0.000657852 -0.00906283 0.999958 -0.00155204 0.0229925 0.144789
FixedParameters: 0 0 0

#Transform 36
Transform: AffineTransform_float_3_3
Parameters: 1 -1.94222e-05 0.000572371 1.88873e-05 0.999997 0.00220809 -0.00057262 -0.00220791 0.999998 0.0141838 0.025459 0.173693
FixedParameters: 0 0 0

#Transform 37
Transform: AffineTransform_float_3_3
Parameters: 1 -0.000290419 0.000610021 0.000289515 0.999997 0.00244118 -0.000610604 -0.00244082 0.999997 0.00769139 -0.0273305 0.0582477
FixedParameters: 0 0 0

#Transform 38
Transform: AffineTransform_float_3_3
Parameters: 1 -6.69641e-05 -2.16752e-05 6.70234e-05 0.999999 0.001374 2.14911e-05 -0.001374 0.999999 0.00774378 0.0176474 0.00062584
FixedParameters: 0 0 0

#Transform 39
Transform: AffineTransform_float_3_3
Parameters: 1 -6.22017e-05 3.71477e-05 6.31966e-05 1 0.001138 -3.63757e-05 -0.001138 1 3.80374e-05 0.0162335 -0.028059
FixedParameters: 0 0 0

#Transform 40
Transform: AffineTransform_float_3_3
Parameters: 1 -4.55062e-05 0.00023954 4.55455e-05 1 -8.19891e-05 -0.000239532 8.20109e-05 1 0.0240314 0.0301035 0.0826714
FixedParameters: 0 0 0

#Transform 41
Transform: AffineTransform_float_3_3
Parameters: 1 -3.61566e-05 0.000352167 3.6377e-05 1 -0.000312987 -0.000352144 0.000313013 1 0.0235796 -0.0128007 0.120412
FixedParameters: 0 0 0

#Transform 42
Transform: AffineTransform_float_3_3
Parameters: 1 -6.21853e-05 3.71751e-05 6.313e-05 1 0.000697002 -3.73443e-05 -0.000696997 1 0.00248886 -0.00807098 0.0071694
FixedParameters: 0 0 0

#Transform 43
Transform: AffineTransform_float_3_3
Parameters: 1 -7.3325e-05 -9.93652e-05 7.34449e-05 1 0.000603992 9.92766e-05 -0.000604007 1 0.00296931 0.00808054 -0.0156881
FixedParameters: 0 0 0

#Transform 44
Transform: AffineTransform_float_3_3
Parameters: 1 -6.21583e-05 3.72202e-05 6.21605e-05 1 -2.89977e-05 -3.72166e-05 2.90023e-05 1 0.0163119 0.0215117 0.085782
FixedParameters: 0 0 0

#Transform 45
Transform: AffineTransform_float_3_3
Parameters: 1 -5.15228e-05 0.000165805 5.16558e-05 1 -0.000400991 -0.000165764 0.000401008 1 0.0212867 -0.00833154 0.1194
FixedParameters: 0 0 0

#Transform 46
Transform: AffineTransform_float_3_3
Parameters: 1 -6.21712e-05 3.71987e-05 6.21476e-05 1 0.000317002 -3.72381e-05 -0.000316998 1 0.00184906 -0.00840283 -0.014928
FixedParameters: 0 0 0

#Transform 47
Transform: AffineTransform_float_3_3
Parameters: 1 -7.82412e-05 -0.000158112 7.91942e-05 1 -0.000138013 0.000158052 0.000137988 1 -0.00442126 0.0169514 -0.0116489
FixedParameters: 0 0 0

#Transform 48
Transform: AffineTransform_float_3_3
Parameters: 1 0.000304614 6.56059e-06 -0.000304511 0.999998 -0.001656 -6.57267e-06 0.001656 0.999998 0.0248311 0.0142993 0.0910235
FixedParameters: 0 0 0

#Transform 49
Transform: AffineTransform_float_3_3
Parameters: 1 0.000251999 -0.000226763 -0.000252509 0.999999 -0.00130394 0.000227102 0.00130406 0.999999 0.0132707 -0.0210286 0.0090258
FixedParameters: 0 0 0

#Transform 50
Transform: AffineTransform_float_3_3
Parameters: 1 0.000344475 3.13782e-06 -0.000344381 0.999998 -0.001886 -3.44036e-06 0.001886 0.999998 0.0013404 -0.00134141 -0.0236512
FixedParameters: 0 0 0

#Transform 51
Transform: AffineTransform_float_3_3
Parameters: 1 0.000386327 -4.5942e-07 -0.000386246 0.999998 -0.002085 -1.54756e-07 0.002085 0.999998 0.0226459 0.0187729 0.125241
FixedParameters: 0 0 0

#Transform 52
Transform: AffineTransform_float_3_3
Parameters: 1 0.000422201 -3.31006e-06 -0.00042213 0.999998 -0.001673 2.89371e-06 0.00167399 0.999998 0.0234812 -0.0253992 0.0355239
FixedParameters: 0 0 0

#Transform 53
Transform: AffineTransform_float_3_3
Parameters: 1 0.000449104 -5.82386e-06 -0.000449046 0.999998 -0.002244 4.80505e-06 0.002244 0.999998 0.00430952 -0.0145099 -0.000366929
FixedParameters: 0 0 0

#Transform 54
Transform: AffineTransform_float_3_3
Parameters: 1 0.000512824 0.000222037 -0.000512128 0.999994 -0.00343012 -0.000223478 0.00343088 0.999994 0.0288797 -0.0109623 0.126433
FixedParameters: 0 0 0

#Transform 55
Transform: AffineTransform_float_3_3
Parameters: 1 0.000412233 -2.98023e-06 -0.000412085 0.999995 -0.002901 2.58216e-06 0.002901 0.999996 0.011439 -0.0444147 -0.00971079
FixedParameters: 0 0 0

#Transform 56
Transform: AffineTransform_float_3_3
Parameters: 1 0.000542139 -0.000162658 -0.000542045 0.999995 -0.00304891 0.000160267 0.00304909 0.999996 0.00483141 -0.00463485 -0.027193
FixedParameters: 0 0 0

#Transform 57
Transform: AffineTransform_float_3_3
Parameters: 0.999999 0.00081835 2.60932e-05 -0.00081775 0.999988 -0.00484502 -3.00336e-05 0.00484498 0.999989 0.0159117 -0.0103991 0.0826136
FixedParameters: 0 0 0

#Transform 58
Transform: AffineTransform_float_3_3
Parameters: 0.999999 0.000783184 -0.000378248 -0.000784389 0.999988 -0.0046827 0.00037473 0.00468329 0.999989 0.00602819 -0.044053 -0.0475772
FixedParameters: 0 0 0

#Transform 59
Transform: AffineTransform_float_3_3
Parameters: 0.999999 0.000650356 -0.000369839 -0.00065262 0.999988 -0.00486776 0.000367401 0.00486824 0.999988 0.0117073 -0.0138089 -0.0810657
FixedParameters: 0 0 0

#Transform 60
Transform: AffineTransform_float_3_3
Parameters: 0.999999 0.00086024 -0.000182621 -0.000861107 0.999979 -0.00632584 0.000176633 0.00632615 0.99998 0.0183555 -0.0368083 0.0560679
FixedParameters: 0 0 0

#Transform 61
Transform: AffineTransform_float_3_3
Parameters: 0.999999 0.000812692 -3.90322e-05 -0.000812677 0.999985 -0.00530097 3.53993e-05 0.00530103 0.999986 -0.00221798 -0.039495 -0.122193
FixedParameters: 0 0 0

#Transform 62
Transform: AffineTransform_float_3_3
Parameters: 0.999999 0.000780103 -0.000407401 -0.000782722 0.99998 -0.00629468 0.000403379 0.00629532 0.99998 0.00740631 -0.0180638 -0.0388114
FixedParameters: 0 0 0

#Transform 63
Transform: AffineTransform_float_3_3
Parameters: 1 0.00100376 -0.000137171 -0.00100508 0.999973 -0.00737595 0.000130327 0.00737605 0.999973 0.0115881 -0.0349445 0.00147713
FixedParameters: 0 0 0

#Transform 64
Transform: AffineTransform_float_3_3
Parameters: 0.999999 0.000773558 -0.000478583 -0.000776634 0.999976 -0.00688663 0.000473641 0.00688638 0.999976 -0.00905838 -0.0544718 -0.143062
FixedParameters: 0 0 0

#Transform 65
Transform: AffineTransform_float_3_3
Parameters: 0.999999 0.000772839 -0.000479742 -0.000776273 0.999965 -0.00838671 0.000473399 0.0083863 0.999965 -0.00803804 -0.0262315 -0.0424893
FixedParameters: 0 0 0

#Transform 66
Transform: AffineTransform_float_3_3
Parameters: 1 0.000735938 -0.000887969 -0.000742996 0.999965 -0.00825233 0.000882167 0.00825266 0.999965 -0.00682002 -0.067129 -0.183969
FixedParameters: 0 0 0

#Transform 67
Transform: AffineTransform_float_3_3
Parameters: 1 0.000747006 -0.000758236 -0.000753389 0.999957 -0.00923243 0.000750786 0.00923257 0.999957 -0.00646332 -0.0598073 -0.17055
FixedParameters: 0 0 0

#Transform 68
Transform: AffineTransform_float_3_3
Parameters: 0.999999 0.000772031 -0.00048104 -0.000775997 0.999949 -0.0100666 0.000473019 0.0100674 0.999949 -0.00184551 -0.0549573 -0.116123
FixedParameters: 0 0 0

#Transform 69
Transform: AffineTransform_float_3_3
Parameters: 1 0.0007329 -0.000899673 -0.000742311 0.999943 -0.0106283 0.000891228 0.0106297 0.999943 -0.0147488 -0.0941688 -0.234819
FixedParameters: 0 0 0

#Transform 70
Transform: AffineTransform_float_3_3
Parameters: 0.999999 0.00070926 -0.00114891 -0.000721917 0.999939 -0.0110712 0.00114106 0.0110718 0.999938 -0.0197523 -0.068152 -0.252193
FixedParameters: 0 0 0

#Transform 71
Transform: AffineTransform_float_3_3
Parameters: 0.999999 0.00070013 -0.00122294 -0.000715937 0.999916 -0.0129881 0.00121428 0.0129889 0.999915 -0.00460159 -0.0767588 -0.118921
FixedParameters: 0 0 0

#Transform 72
Transform: AffineTransform_float_3_3
Parameters: 1 0.00064879 -0.00102976 -0.000661536 0.999923 -0.0124023 0.0010215 0.0124037 0.999922 -0.0145572 -0.089074 -0.257943
FixedParameters: 0 0 0

#Transform 73
Transform: AffineTransform_float_3_3
Parameters: 0.999998 0.000575794 -0.00159742 -0.000597095 0.999904 -0.0137989 0.0015884 0.0138001 0.999904 -0.0267263 -0.0865293 -0.301545
FixedParameters: 0 0 0

#Transform 74
Transform: AffineTransform_float_3_3
Parameters: 0.999999 0.000682176 -0.0013817 -0.000702923 0.999885 -0.015134 0.00137105 0.015135 0.999884 -0.00877295 -0.0897805 -0.242836
FixedParameters: 0 0 0

#Transform 75
Transform: AffineTransform_float_3_3
Parameters: 0.999998 0.000694241 -0.0017737 -0.000720718 0.999886 -0.0151127 0.00176314 0.0151134 0.999885 -0.0185653 -0.110454 -0.305759
FixedParameters: 0 0 0

#Transform 76
Transform: AffineTransform_float_3_3
Parameters: 0.999999 0.000573924 -0.00174609 -0.000600634 0.999881 -0.0153659 0.00173687 0.0153671 0.99988 -0.0220851 -0.11296 -0.299507
FixedParameters: 0 0 0

#Transform 77
Transform: AffineTransform_float_3_3
Parameters: 0.999999 0.000646678 -0.00172871 -0.000674338 0.99987 -0.0161388 0.00171813 0.0161402 0.999869 -0.0201403 -0.113731 -0.281029
FixedParameters: 0 0 0

#Transform 78
Transform: AffineTransform_float_3_3
Parameters: 0.999999 0.00068647 -0.00131051 -0.000708439 0.99985 -0.017262 0.00129857 0.017263 0.99985 0.000263428 -0.128935 -0.150541
FixedParameters: 0 0 0

#Transform 79
Transform: AffineTransform_float_3_3
Parameters: 0.999998 0.00063557 -0.00183348 -0.000665241 0.999862 -0.0165837 0.00182241 0.0165853 0.999861 -0.0237707 -0.157421 -0.300117
FixedParameters: 0 0 0

#Transform 80
Transform: AffineTransform_float_3_3
Parameters: 0.999998 0.000670845 -0.00145157 -0.000696893 0.999831 -0.018398 0.00143923 0.018398 0.99983 -0.010633 -0.116535 -0.145834
FixedParameters: 0 0 0

#Transform 81
Transform: AffineTransform_float_3_3
Parameters: 0.999999 0.000642833 -0.00174355 -0.000672814 0.999845 -0.0175577 0.00173195 0.0175583 0.999845 -0.0204849 -0.16256 -0.261574
FixedParameters: 0 0 0

#Transform 82
Transform: AffineTransform_float_3_3
Parameters: 0.999999 0.000516867 -0.00171014 -0.000548245 0.999839 -0.01796 0.00170059 0.017961 0.999838 -0.0217877 -0.137581 -0.277973
FixedParameters: 0 0 0

#Transform 83
Transform: AffineTransform_float_3_3
Parameters: 0.999998 0.000636624 -0.00178224 -0.000669658 0.99982 -0.0189207 0.00177076 0.0189223 0.99982 -0.00301615 -0.129037 -0.218569
FixedParameters: 0 0 0

#Transform 84
Transform: AffineTransform_float_3_3
Parameters: 0.999998 0.000444331 -0.00188599 -0.00047941 0.999833 -0.018298 0.00187734 0.018299 0.999831 -0.0156036 -0.13802 -0.301153
FixedParameters: 0 0 0

#Transform 85
Transform: AffineTransform_float_3_3
Parameters: 0.999999 0.000206567 -0.00183703 -0.000241222 0.999827 -0.0185584 0.00183299 0.0185596 0.999826 -0.0336061 -0.133768 -0.230501
FixedParameters: 0 0 0

#Transform 86
Transform: AffineTransform_float_3_3
Parameters: 0.999998 0.000549659 -0.00181876 -0.000581887 0.999844 -0.0176909 0.00180915 0.0176921 0.999842 -0.0256301 -0.141113 -0.322065
FixedParameters: 0 0 0

#Transform 87
Transform: AffineTransform_float_3_3
Parameters: 0.999998 0.000560556 -0.00201871 -0.000598414 0.999822 -0.0188427 0.00200779 0.0188444 0.999821 -0.0171563 -0.132713 -0.22837
FixedParameters: 0 0 0

#Transform 88
Transform: AffineTransform_float_3_3
Parameters: 0.999997 0.000431484 -0.00216085 -0.000470112 0.999839 -0.0179428 0.00215252 0.0179431 0.999837 -0.0235065 -0.139188 -0.352319
FixedParameters: 0 0 0

#Transform 89
Transform: AffineTransform_float_3_3
Parameters: 0.999996 0.000547486 -0.00272023 -0.000592297 0.99986 -0.0167162 0.00271144 0.0167178 0.999856 -0.05165 0.0215787 -0.543808
FixedParameters: 0 0 0

#Transform 90
Transform: AffineTransform_float_3_3
Parameters: 0.999994 0.00046676 -0.00357748 -0.000521944 0.999879 -0.0155267 0.00356958 0.0155283 0.999873 -0.103953 0.177136 -0.733661
FixedParameters: 0 0 0

#Transform 91
Transform: AffineTransform_float_3_3
Parameters: 0.999987 -9.7403e-05 0.00509626 -0.000307564 0.996837 0.0794735 -0.0050878 -0.0794744 0.996824 -0.211033 0.782163 -2.23356
FixedParameters: 0 0 0

#Transform 92
Transform: AffineTransform_float_3_3
Parameters: 0.999999 -0.000181015 0.00138583 1.06295e-05 0.992524 0.12205 -0.00139724 -0.12205 0.992523 -0.25087 1.10176 -3.86692
FixedParameters: 0 0 0

#Transform 93
Transform: AffineTransform_float_3_3
Parameters: 0.999998 -7.66351e-05 0.00194051 -3.35038e-05 0.99837 0.0570602 -0.00194111 -0.0570608 0.998369 -0.135449 0.641271 -2.32829
FixedParameters: 0 0 0

#Transform 94
Transform: AffineTransform_float_3_3
Parameters: 0.999996 -0.00150536 0.00249621 0.00145092 0.999762 0.0217538 -0.00252791 -0.0217502 0.99976 -0.0183582 0.211214 -0.392929
FixedParameters: 0 0 0

#Transform 95
Transform: AffineTransform_float_3_3
Parameters: 0.999993 -4.52231e-05 0.00353692 -0.000164909 0.998232 0.0594343 -0.00353305 -0.0594347 0.998226 0.0318984 0.653819 -0.972701
FixedParameters: 0 0 0

#Transform 96
Transform: AffineTransform_float_3_3
Parameters: 0.999999 -0.000217317 -0.0015589 0.000253343 0.999735 0.0230167 0.001554 -0.0230173 0.999734 -0.00501357 0.363354 -1.04461
FixedParameters: 0 0 0

#Transform 97
Transform: AffineTransform_float_3_3
Parameters: 0.999999 -0.000263717 -0.00173049 0.000267585 0.999998 0.00226962 0.00172961 -0.00227038 0.999996 -0.0219167 0.148992 -0.719483
FixedParameters: 0 0 0

#Transform 98
Transform: AffineTransform_float_3_3
Parameters: 1 -0.000119975 -0.000573274 0.000121743 0.999997 0.00241193 0.000572773 -0.00241207 0.999997 -0.00329774 0.117222 -0.641542
FixedParameters: 0 0 0

#Transform 99
Transform: AffineTransform_float_3_3
Parameters: 0.999999 -0.0001802 -0.000692948 0.000182498 0.999995 0.00309787 0.000691989 -0.00309813 0.999995 -0.0268593 0.107968 -0.695384
FixedParameters: 0 0 0

#Transform 100
Transform: AffineTransform_float_3_3
Parameters: 1 -0.000210639 -0.00108584 0.000214633 0.999993 0.00367677 0.00108461 -0.00367723 0.999992 -0.0356123 0.13633 -0.819327
FixedParameters: 0 0 0

#Transform 101
Transform: AffineTransform_float_3_3
Parameters: 0.999999 -0.00022086 -0.00120735 0.000224491 0.999995 0.00312081 0.00120728 -0.00312119 0.999995 -0.0351105 0.140649 -0.80594
FixedParameters: 0 0 0

#Transform 102
Transform: AffineTransform_float_3_3
Parameters: 1 -0.000373859 -0.00094819 0.000376013 0.999997 0.00214373 0.000947743 -0.00214427 0.999997 -0.02504 0.140167 -0.754431
FixedParameters: 0 0 0

#Transform 103
Transform: AffineTransform_float_3_3
Parameters: 0.999999 -0.000195262 -0.0008458 0.000194669 1 -0.000350171 0.000845937 0.000350828 0.999999 -0.0131481 0.116108 -0.628086
FixedParameters: 0 0 0

#Transform 104
Transform: AffineTransform_float_3_3
Parameters: 1 -9.85385e-05 -0.00113475 9.90805e-05 1 0.00067797 0.00113469 -0.000678031 0.999999 -0.0390784 0.0954539 -0.794472
FixedParameters: 0 0 0

#Transform 105
Transform: AffineTransform_float_3_3
Parameters: 0.999999 5.18435e-05 -0.000842127 -5.15087e-05 1 -0.000392957 0.000842004 0.000393044 0.999999 -0.0280946 0.141895 -0.725814
FixedParameters: 0 0 0

#Transform 106
Transform: AffineTransform_float_3_3
Parameters: 0.999999 0.000114948 -0.00101015 -0.000116255 0.999998 -0.00167379 0.00101059 0.0016732 0.999998 -0.0184129 0.103831 -0.668569
FixedParameters: 0 0 0

#Transform 107
Transform: AffineTransform_float_3_3
Parameters: 0.999999 6.04032e-05 -0.0013165 -6.12759e-05 0.999999 -0.000709838 0.00131633 0.000710162 0.999999 -0.0378975 0.0970454 -0.81698
FixedParameters: 0 0 0

#Transform 108
Transform: AffineTransform_float_3_3
Parameters: 1 0.000136576 -0.00109807 -0.000137422 0.999999 -0.000838768 0.00109776 0.000839232 0.999999 -0.0455906 0.128668 -0.81529
FixedParameters: 0 0 0

#Transform 109
Transform: AffineTransform_float_3_3
Parameters: 0.999999 0.000208157 -0.00127265 -0.000209731 1 -0.00100973 0.00127215 0.00101027 0.999998 -0.0400637 0.129001 -0.80112
FixedParameters: 0 0 0

#Transform 110
Transform: AffineTransform_float_3_3
Parameters: 0.999999 0.000264609 -0.00130378 -0.00026654 0.999998 -0.00191857 0.00130351 0.00191943 0.999998 -0.0318379 0.122916 -0.695667
FixedParameters: 0 0 0

#Transform 111
Transform: AffineTransform_float_3_3
Parameters: 0.999999 0.000187753 -0.00151682 -0.000188908 1 -0.00106463 0.00151725 0.00106438 0.999999 -0.0419357 0.104605 -0.82403
FixedParameters: 0 0 0

#Transform 112
Transform: AffineTransform_float_3_3
Parameters: 0.999999 0.000119541 -0.00079366 -0.00012023 1 -0.00106191 0.000793323 0.0010621 0.999999 -0.0299817 0.136259 -0.777084
FixedParameters: 0 0 0

#Transform 113
Transform: AffineTransform_float_3_3
Parameters: 0.999999 -0.000229296 -0.00124222 0.00022785 0.999999 -0.0013842 0.00124268 0.0013838 0.999999 -0.0244967 0.117337 -0.726631
FixedParameters: 0 0 0

#Transform 114
Transform: AffineTransform_float_3_3
Parameters: 0.999998 -0.00025653 -0.00156303 0.000254301 0.999998 -0.00164324 0.00156263 0.00164376 0.999998 -0.023237 0.12861 -0.780908
FixedParameters: 0 0 0

#Transform 115
Transform: AffineTransform_float_3_3
Parameters: 0.999998 -0.000257365 -0.00156794 0.000254364 0.999998 -0.00191032 0.00156867 0.00190968 0.999997 -0.0204552 0.125444 -0.745633
FixedParameters: 0 0 0

#Transform 116
Transform: AffineTransform_float_3_3
Parameters: 0.999999 -0.000204105 -0.000939242 0.000203222 0.999999 -0.00153111 0.000939701 0.00153089 0.999999 -0.0257084 0.140566 -0.785582
FixedParameters: 0 0 0

#Transform 117
Transform: AffineTransform_float_3_3
Parameters: 1 -0.000216622 -0.00108365 0.000214469 0.999998 -0.00191224 0.00108431 0.00191276 0.999997 -0.0289251 0.117841 -0.775723
FixedParameters: 0 0 0

#Transform 118
Transform: AffineTransform_float_3_3
Parameters: 1 -0.00015673 -0.00112483 0.000154682 0.999999 -0.00179618 0.00112522 0.00179583 0.999998 -0.032027 0.137481 -0.815025
FixedParameters: 0 0 0

#Transform 119
Transform: AffineTransform_float_3_3
Parameters: 1 -0.000223319 -0.00116742 0.000221536 0.999998 -0.00161718 0.00116798 0.00161682 0.999998 -0.0375487 0.143069 -0.817867
FixedParameters: 0 0 0

#Transform 120
Transform: AffineTransform_float_3_3
Parameters: 0.999999 -0.000183561 -0.00142767 0.000181657 0.999999 -0.00136518 0.00142801 0.00136482 0.999998 -0.0397955 0.138867 -0.80776
FixedParameters: 0 0 0

#Transform 121
Transform: AffineTransform_float_3_3
Parameters: 0.999999 -0.000114092 -0.00130402 0.000111386 0.999997 -0.00218406 0.00130427 0.00218393 0.999997 -0.0198639 0.162661 -0.703899
FixedParameters: 0 0 0

#Transform 122
Transform: AffineTransform_float_3_3
Parameters: 0.999999 -0.000248951 -0.00147942 0.000247198 0.999999 -0.00126629 0.00147988 0.00126572 0.999998 -0.040996 0.128911 -0.796617
FixedParameters: 0 0 0

#Transform 123
Transform: AffineTransform_float_3_3
Parameters: 0.999999 -0.000228087 -0.0012222 0.000225783 0.999999 -0.00175728 0.00122283 0.00175772 0.999997 -0.042051 0.154041 -0.778589
FixedParameters: 0 0 0

#Transform 124
Transform: AffineTransform_float_3_3
Parameters: 1 0.00011409 -0.00120783 -0.000116801 0.999998 -0.00194778 0.00120721 0.00194822 0.999998 -0.0340901 0.148168 -0.805508
FixedParameters: 0 0 0

#Transform 125
Transform: AffineTransform_float_3_3
Parameters: 0.999998 5.64686e-05 -0.00159845 -5.99441e-05 0.999997 -0.00235982 0.00159884 0.00235918 0.999996 -0.0332288 0.144084 -0.781956
FixedParameters: 0 0 0

#Transform 126
Transform: AffineTransform_float_3_3
Parameters: 1 2.25894e-05 -0.00105273 -2.60873e-05 0.999996 -0.00308197 0.00105234 0.00308203 0.999994 -0.0238232 0.153766 -0.717798
FixedParameters: 0 0 0

#Transform 127
Transform: AffineTransform_float_3_3
Parameters: 0.999999 -2.28414e-05 -0.00128568 1.99784e-05 0.999997 -0.00266403 0.00128546 0.00266397 0.999995 -0.0369723 0.145242 -0.739186
FixedParameters: 0 0 0

#Transform 128
Transform: AffineTransform_float_3_3
Parameters: 1 -1.96817e-05 -0.000971845 1.66932e-05 0.999996 -0.00307602 0.000971711 0.00307598 0.999995 -0.0386387 0.153713 -0.763985
FixedParameters: 0 0 0

#Transform 129
Transform: AffineTransform_float_3_3
Parameters: 0.999999 -2.59195e-05 -0.00128542 2.18835e-05 0.999997 -0.00273295 0.00128531 0.00273305 0.999996 -0.0369176 0.118759 -0.763996
FixedParameters: 0 0 0

#Transform 130
Transform: AffineTransform_float_3_3
Parameters: 0.999999 0.000131335 -0.00124158 -0.000135173 0.999996 -0.00275075 0.0012406 0.00275125 0.999996 -0.0334144 0.132992 -0.828401
FixedParameters: 0 0 0

#Transform 131
Transform: AffineTransform_float_3_3
Parameters: 0.999999 -6.73188e-06 -0.00143061 2.71338e-06 0.999995 -0.00314692 0.00143023 0.00314608 0.999994 -0.0334315 0.133805 -0.752371
FixedParameters: 0 0 0

#Transform 132
Transform: AffineTransform_float_3_3
Parameters: 0.999999 -5.84699e-05 -0.00134385 5.5141e-05 0.999997 -0.002351 0.00134388 0.00235101 0.999997 -0.0430213 0.131186 -0.850516
FixedParameters: 0 0 0

#Transform 133
Transform: AffineTransform_float_3_3
Parameters: 0.999999 1.61437e-05 -0.00143456 -1.9927e-05 0.999996 -0.00305589 0.00143404 0.00305611 0.999995 -0.0395891 0.136064 -0.75963
FixedParameters: 0 0 0

#Transform 134
Transform: AffineTransform_float_3_3
Parameters: 0.999999 1.05242e-05 -0.0017531 -1.52131e-05 0.999997 -0.00221281 0.0017538 0.00221318 0.999996 -0.0389447 0.13711 -0.83764
FixedParameters: 0 0 0

#Transform 135
Transform: AffineTransform_float_3_3
Parameters: 0.999999 3.30604e-05 -0.00142695 -3.72953e-05 0.999996 -0.00290887 0.00142741 0.00290913 0.999994 -0.0376451 0.144275 -0.765708
FixedParameters: 0 0 0

#Transform 136
Transform: AffineTransform_float_3_3
Parameters: 0.999999 5.35648e-05 -0.00143769 -5.72538e-05 0.999997 -0.00266984 0.00143706 0.00267016 0.999996 -0.0347775 0.139378 -0.788414
FixedParameters: 0 0 0

#Transform 137
Transform: AffineTransform_float_3_3
Parameters: 0.999999 5.12716e-05 -0.00138527 -5.40363e-05 0.999997 -0.00246585 0.00138568 0.00246615 0.999996 -0.035689 0.147218 -0.774893
FixedParameters: 0 0 0

#Transform 138
Transform: AffineTransform_float_3_3
Parameters: 0.999999 0.000104454 -0.00130263 -0.000108875 0.999994 -0.00322877 0.00130161 0.00322823 0.999994 -0.0363374 0.148652 -0.761
FixedParameters: 0 0 0

#Transform 139
Transform: AffineTransform_float_3_3
Parameters: 0.999999 -1.54731e-05 -0.00146091 1.10921e-05 0.999997 -0.00254994 0.00146173 0.00255006 0.999995 -0.0357177 0.129448 -0.794011
FixedParameters: 0 0 0

#Transform 140
Transform: AffineTransform_float_3_3
Parameters: 0.999999 -3.6993e-05 -0.00174913 3.28673e-05 0.999996 -0.0026039 0.00174891 0.0026041 0.999995 -0.0372415 0.130166 -0.761073
FixedParameters: 0 0 0

#Transform 141
Transform: AffineTransform_float_3_3
Parameters: 1 5.13184e-05 -0.0010953 -5.45876e-05 0.999996 -0.00285786 0.00109475 0.00285814 0.999996 -0.0328833 0.142554 -0.740851
FixedParameters: 0 0 0

#Transform 142
Transform: AffineTransform_float_3_3
Parameters: 0.999999 -4.4097e-06 -0.00157221 2.37119e-07 0.999998 -0.00227792 0.00157198 0.00227808 0.999996 -0.0348206 0.129571 -0.802775
FixedParameters: 0 0 0

#Transform 143
Transform: AffineTransform_float_3_3
Parameters: 0.999999 3.69653e-05 -0.00126468 -4.00848e-05 0.999996 -0.00280987 0.00126414 0.00281013 0.999995 -0.0331609 0.148696 -0.751895
FixedParameters: 0 0 0

#Transform 144
Transform: AffineTransform_float_3_3
Parameters: 0.999999 -1.79312e-05 -0.00106229 1.52532e-05 0.999996 -0.00266793 0.00106213 0.00266806 0.999996 -0.0383134 0.145771 -0.751715
FixedParameters: 0 0 0

#Transform 145
Transform: AffineTransform_float_3_3
Parameters: 0.999999 5.07113e-07 -0.00156259 -4.45766e-06 0.999997 -0.00222083 0.00156233 0.00222117 0.999997 -0.0348478 0.131157 -0.764063
FixedParameters: 0 0 0

#Transform 146
Transform: AffineTransform_float_3_3
Parameters: 0.999998 -8.11125e-05 -0.00158785 7.56382e-05 0.999995 -0.00297896 0.00158799 0.00297904 0.999995 -0.0366131 0.140165 -0.728036
FixedParameters: 0 0 0

#Transform 147
Transform: AffineTransform_float_3_3
Parameters: 0.999998 -0.000272768 -0.00172909 0.000267503 0.999995 -0.00296231 0.00173028 0.00296269 0.999994 -0.0305242 0.133208 -0.720973
FixedParameters: 0 0 0

#Transform 148
Transform: AffineTransform_float_3_3
Parameters: 0.999998 -0.00028507 -0.00188366 0.000280602 0.999997 -0.00250837 0.00188467 0.00250763 0.999995 -0.0319285 0.138077 -0.76556
FixedParameters: 0 0 0

#Transform 149
Transform: AffineTransform_float_3_3
Parameters: 0.999999 -0.000441258 -0.00171489 0.000437789 0.999997 -0.00244067 0.00171562 0.00243933 0.999995 -0.0319086 0.147217 -0.739229
FixedParameters: 0 0 0

#Transform 150
Transform: AffineTransform_float_3_3
Parameters: 0.999998 -0.000268107 -0.00167933 0.000263969 0.999997 -0.00271537 0.00168037 0.00271464 0.999995 -0.0216019 0.142435 -0.741557
FixedParameters: 0 0 0

#Transform 151
Transform: AffineTransform_float_3_3
Parameters: 0.999998 -0.000282518 -0.00186184 0.000278552 0.999997 -0.00213536 0.00186271 0.00213464 0.999996 -0.0280159 0.130934 -0.77348
FixedParameters: 0 0 0

#Transform 152
Transform: AffineTransform_float_3_3
Parameters: 0.999998 -0.000290326 -0.00193837 0.000285355 0.999996 -0.0028244 0.0019395 0.00282361 0.999994 -0.0317243 0.168841 -0.742636
FixedParameters: 0 0 0

#Transform 153
Transform: AffineTransform_float_3_3
Parameters: 0.999998 -0.000315377 -0.00224944 0.000310438 0.999997 -0.00220546 0.00225041 0.00220454 0.999995 -0.0380402 0.142648 -0.789147
FixedParameters: 0 0 0

#Transform 154
Transform: AffineTransform_float_3_3
Parameters: 0.999998 -0.000268288 -0.0016894 0.000264431 0.999998 -0.00232137 0.00169031 0.00232063 0.999996 -0.0403762 0.160102 -0.781789
FixedParameters: 0 0 0

#Transform 155
Transform: AffineTransform_float_3_3
Parameters: 0.999998 -0.000289999 -0.00193842 0.000284686 0.999997 -0.00265548 0.00193953 0.00265452 0.999994 -0.0393478 0.162846 -0.775535
FixedParameters: 0 0 0

#Transform 156
Transform: AffineTransform_float_3_3
Parameters: 0.999998 -0.000290282 -0.00193838 0.0002854 0.999996 -0.0028014 0.0019395 0.00280061 0.999994 -0.0393535 0.161542 -0.771927
FixedParameters: 0 0 0

#Transform 157
Transform: AffineTransform_float_3_3
Parameters: 0.999998 -0.000292288 -0.00193807 0.000285386 0.999992 -0.00383639 0.00193963 0.0038356 0.999991 -0.0331634 0.134694 -0.781924
FixedParameters: 0 0 0

#Transform 158
Transform: AffineTransform_float_3_3
Parameters: 0.999999 2.59526e-06 -0.00176094 -2.29124e-05 0.999934 -0.0114749 0.001761 0.0114741 0.999932 -0.055842 0.0481639 -0.8063
FixedParameters: 0 0 0

#Transform 159
Transform: AffineTransform_float_3_3
Parameters: 1 0.000349455 -0.00102504 -0.000356132 0.999977 -0.00678756 0.00102267 0.00678845 0.999977 -0.0573946 0.213268 -0.888799
FixedParameters: 0 0 0

#Transform 160
Transform: AffineTransform_float_3_3
Parameters: 1 -0.000780235 -0.000435662 0.000780386 0.999999 0.00017266 0.000435392 -0.00017334 1 0.00958759 0.13567 -0.385147
FixedParameters: 0 0 0

#Transform 161
Transform: AffineTransform_float_3_3
Parameters: 0.999999 -0.000654274 -0.000696527 0.000655136 0.999999 0.00133554 0.00069486 -0.00133546 0.999999 -0.00982942 0.173095 -0.51829
FixedParameters: 0 0 0

#Transform 162
Transform: AffineTransform_float_3_3
Parameters: 0.999988 0.0010098 0.00476419 -0.00110236 0.99981 0.0194719 -0.00474371 -0.0194771 0.999799 0.0875575 0.356 -0.359524
FixedParameters: 0 0 0

#Transform 163
Transform: AffineTransform_float_3_3
Parameters: 0.999951 0.00127104 -0.00983628 -0.000847435 0.99908 0.0428773 0.00988158 -0.0428667 0.999032 -0.606744 0.537998 -4.86978
FixedParameters: 0 0 0

#Transform 164
Transform: AffineTransform_float_3_3
Parameters: 0.999625 0.00200457 -0.0273356 -0.00119467 0.999561 0.029626 0.0273826 -0.0295821 0.999187 -1.00114 0.685396 -6.2653
FixedParameters: 0 0 0

#Transform 165
Transform: AffineTransform_float_3_3
Parameters: 0.999847 -0.000470497 -0.017476 0.000805725 0.999815 0.0191764 0.017464 -0.0191876 0.999664 -0.59549 0.557082 -5.35275
FixedParameters: 0 0 0

#Transform 166
Transform: AffineTransform_float_3_3
Parameters: 0.999951 -0.00200992 -0.00971105 0.00231655 0.999498 0.0316008 0.0096435 -0.0316212 0.999453 -0.425272 0.651655 -4.80451
FixedParameters: 0 0 0

#Transform 167
Transform: AffineTransform_float_3_3
Parameters: 0.999947 -0.00194139 -0.0100445 0.00222684 0.999592 0.0284672 0.00998532 -0.0284878 0.999544 -0.390037 0.695438 -4.67774
FixedParameters: 0 0 0

#Transform 168
Transform: AffineTransform_float_3_3
Parameters: 0.999955 -0.00178967 -0.00929494 0.00204213 0.999627 0.0272307 0.00924242 -0.0272483 0.999586 -0.370481 0.697528 -4.54106
FixedParameters: 0 0 0

#Transform 169
Transform: AffineTransform_float_3_3
Parameters: 0.999968 -0.00150162 -0.00793415 0.00174931 0.999507 0.0313686 0.00788267 -0.0313814 0.999476 -0.338499 0.722672 -4.27155
FixedParameters: 0 0 0

#Transform 170
Transform: AffineTransform_float_3_3
Parameters: 0.999979 -0.00160066 -0.00625062 0.00181339 0.999414 0.0341909 0.00619248 -0.0342021 0.999396 -0.293211 0.757828 -4.0944
FixedParameters: 0 0 0

#Transform 171
Transform: AffineTransform_float_3_3
Parameters: 0.999987 -0.00151791 -0.00473459 0.00168898 0.999339 0.0363123 0.00467628 -0.0363197 0.999329 -0.245165 0.77344 -3.85782
FixedParameters: 0 0 0

#Transform 172
Transform: AffineTransform_float_3_3
Parameters: 0.999989 -0.00113123 -0.00450718 0.00127535 0.999483 0.0321204 0.00446881 -0.0321266 0.999473 -0.22918 0.756508 -3.72596
FixedParameters: 0 0 0

#Transform 173
Transform: AffineTransform_float_3_3
Parameters: 0.999988 -0.00120127 -0.00476743 0.0013454 0.999535 0.0304668 0.00472885 -0.0304732 0.999524 -0.22281 0.716023 -3.67018
FixedParameters: 0 0 0

#Transform 174
Transform: AffineTransform_float_3_3
Parameters: 0.999989 -0.00115609 -0.00470393 0.00129016 0.999592 0.0285461 0.00466914 -0.0285519 0.999581 -0.233875 0.701157 -3.5657
FixedParameters: 0 0 0

#Transform 175
Transform: AffineTransform_float_3_3
Parameters: 0.999986 -0.00112048 -0.00512696 0.00126994 0.999573 0.029157 0.00509253 -0.029163 0.999562 -0.252622 0.684585 -3.63722
FixedParameters: 0 0 0

#Transform 176
Transform: AffineTransform_float_3_3
Parameters: 0.99998 -0.00123603 -0.00608361 0.00140869 0.999592 0.0285314 0.00604547 -0.0285396 0.999574 -0.275583 0.696934 -3.65027
FixedParameters: 0 0 0

#Transform 177
Transform: AffineTransform_float_3_3
Parameters: 0.999978 -0.00134166 -0.00652654 0.00151444 0.999649 0.0264374 0.00648918 -0.0264466 0.999629 -0.292154 0.673313 -3.62831
FixedParameters: 0 0 0

#Transform 178
Transform: AffineTransform_float_3_3
Parameters: 0.99997 -0.00172005 -0.00745439 0.00191287 0.99966 0.0260037 0.00740692 -0.0260173 0.999634 -0.332901 0.663249 -3.71549
FixedParameters: 0 0 0

#Transform 179
Transform: AffineTransform_float_3_3
Parameters: 0.99996 -0.00140962 -0.00881562 0.00163504 0.999668 0.0256828 0.00877608 -0.0256962 0.999632 -0.362707 0.671455 -3.71624
FixedParameters: 0 0 0

#Transform 180
Transform: AffineTransform_float_3_3
Parameters: 0.999948 -0.00153637 -0.0101061 0.00179054 0.999681 0.0252014 0.0100642 -0.0252186 0.999632 -0.3488 0.660272 -3.59231
FixedParameters: 0 0 0

#Transform 181
Transform: AffineTransform_float_3_3
Parameters: 0.999955 -0.00126706 -0.00938984 0.00148534 0.999727 0.0233207 0.00935769 -0.0233333 0.999684 -0.347916 0.656515 -3.35825
FixedParameters: 0 0 0

#Transform 182
Transform: AffineTransform_float_3_3
Parameters: 0.999964 -0.00171062 -0.00823629 0.00197664 0.999473 0.0323966 0.00817677 -0.0324124 0.999441 -0.331779 0.706444 -3.06684
FixedParameters: 0 0 0

#Transform 183
Transform: AffineTransform_float_3_3
Parameters: 0.999979 -0.00190962 -0.00630069 0.00227788 0.998258 0.0589564 0.00617714 -0.0589696 0.99824 -0.357524 0.956571 -3.4152
FixedParameters: 0 0 0

#Transform 184
Transform: AffineTransform_float_3_3
Parameters: 0.999978 -0.00111578 -0.00655313 0.0014089 0.99899 0.0449184 0.00649588 -0.0449266 0.998969 -0.336077 0.856991 -3.1494
FixedParameters: 0 0 0

#Transform 185
Transform: AffineTransform_float_3_3
Parameters: 0.999972 -0.000279741 -0.00741874 0.000593355 0.999104 0.042306 0.00739954 -0.0423089 0.999077 -0.335059 0.846185 -3.21396
FixedParameters: 0 0 0

#Transform 186
Transform: AffineTransform_float_3_3
Parameters: 0.999975 -0.0005073 -0.00703738 0.000833012 0.998925 0.0463393 0.00700701 -0.0463446 0.998901 -0.344051 0.881344 -3.16588
FixedParameters: 0 0 0

#Transform 187
Transform: AffineTransform_float_3_3
Parameters: 0.999976 -0.000627213 -0.00691715 0.000983322 0.998665 0.0516514 0.00687528 -0.0516566 0.998641 -0.357719 0.906858 -3.37968
FixedParameters: 0 0 0

#Transform 188
Transform: AffineTransform_float_3_3
Parameters: 0.999975 -0.000442399 -0.00697851 0.00079391 0.998727 0.0504497 0.00694801 -0.0504544 0.998702 -0.350006 0.913093 -3.33765
FixedParameters: 0 0 0

#Transform 189
Transform: AffineTransform_float_3_3
