# transform file /out/sourcedata/freesurfer/sub-v1s22x0050497_ses-1/mri/transforms/cc_up.lta
# created by oesteban on Mon Mar  9 17:12:42 2026

type      = 0 # LINEAR_VOX_TO_VOX
nxforms   = 1
mean      = 125.0000 99.0000 114.0000
sigma     = 10000.0000
1 4 4
9.979341626167297e-01 -4.783661663532257e-02 -4.288420826196671e-02 1.245232486724854e+01 
4.779250919818878e-02 9.988551735877991e-01 -2.053786767646670e-03 4.337571334838867e+01 
4.293335974216461e-02 0.000000000000000e+00 9.990779757499695e-01 1.977123641967773e+01 
0.000000000000000e+00 0.000000000000000e+00 0.000000000000000e+00 1.000000000000000e+00 
src volume info
valid = 1  # volume info valid
filename = /out/sourcedata/freesurfer/sub-v1s22x0050497_ses-1/mri/norm.mgz
volume = 256 256 256
voxelsize = 1.000000000000000e+00 1.000000000000000e+00 1.000000000000000e+00
xras   = -1.000000000000000e+00 0.000000000000000e+00 1.862645149230957e-09
yras   = 0.000000000000000e+00 0.000000000000000e+00 -1.000000000000000e+00
zras   = 0.000000000000000e+00 1.000000000000000e+00 0.000000000000000e+00
cras   = 9.133399963378906e+00 4.993088531494141e+01 -6.658042907714844e+00
dst volume info
valid = 1  # volume info valid
filename = /out/sourcedata/freesurfer/sub-v1s22x0050497_ses-1/mri/norm.mgz
volume = 256 256 256
voxelsize = 1.000000000000000e+00 1.000000000000000e+00 1.000000000000000e+00
xras   = -1.000000000000000e+00 0.000000000000000e+00 1.862645149230957e-09
yras   = 0.000000000000000e+00 0.000000000000000e+00 -1.000000000000000e+00
zras   = 0.000000000000000e+00 1.000000000000000e+00 0.000000000000000e+00
cras   = 9.133399963378906e+00 4.993088531494141e+01 -6.658042907714844e+00
