#Insight Transform File V1.0
#Transform 0
Transform: AffineTransform_float_3_3
Parameters: 1 -0.000286356 0.000370056 0.000286117 1 0.000322106 -0.00037024 -0.000321894 1 0.00759544 -0.0265837 0.0111357
FixedParameters: 0 0 0

#Transform 1
Transform: AffineTransform_float_3_3
Parameters: 1 -0.000428627 3.43317e-05 0.000428602 1 0.000359015 -3.46394e-05 -0.000358985 1 0.00559624 -0.00660262 0.0343641
FixedParameters: 0 0 0

#Transform 2
Transform: AffineTransform_float_3_3
Parameters: 1 -0.000423346 0.00010017 0.000423297 1 0.000243042 -0.000100376 -0.000242957 1 -0.00392402 -0.027255 0.0395951
FixedParameters: 0 0 0

#Transform 3
Transform: AffineTransform_float_3_3
Parameters: 1 -0.000434373 -3.74702e-05 0.000434405 1 0.000431984 3.70949e-05 -0.000432016 1 0.0148675 -0.037761 -0.0151671
FixedParameters: 0 0 0

#Transform 4
Transform: AffineTransform_float_3_3
Parameters: 1 -0.000428615 3.44855e-05 0.000428615 1 1.4781e-08 -3.44855e-05 1.4781e-08 1 -0.00177409 -0.0195244 0.038231
FixedParameters: 0 0 0

#Transform 5
Transform: AffineTransform_float_3_3
Parameters: 1 -0.00042862 3.44238e-05 0.00042861 1 0.000144015 -3.45472e-05 -0.000143985 1 -0.00177657 -0.014147 0.0330444
FixedParameters: 0 0 0

#Transform 6
Transform: AffineTransform_float_3_3
Parameters: 1 -0.000328937 2.64656e-05 0.000328937 1 8.70553e-09 -2.64656e-05 8.70553e-09 1 0.00144424 -0.020099 0.0382802
FixedParameters: 0 0 0

#Transform 7
Transform: AffineTransform_float_3_3
Parameters: 1 -0.000356852 2.86502e-05 0.000356842 1 0.00017101 -2.87722e-05 -0.00017099 1 0.000554931 -0.0276574 0.0109284
FixedParameters: 0 0 0

#Transform 8
Transform: AffineTransform_float_3_3
Parameters: 1 -0.00042862 3.44191e-05 0.000428609 1 0.000155015 -3.4552e-05 -0.000154985 1 -0.00177736 -0.0141291 0.0103468
FixedParameters: 0 0 0

#Transform 9
Transform: AffineTransform_float_3_3
Parameters: 1 -0.000268133 2.15735e-05 0.000268133 1 5.78458e-09 -2.15735e-05 5.78458e-09 1 0.00551439 -0.0143078 0.0154512
FixedParameters: 0 0 0

#Transform 10
Transform: AffineTransform_float_3_3
Parameters: 1 -0.000156492 1.26178e-05 0.000156496 1 -0.000169998 -1.25646e-05 0.000170002 1 0.00708215 -0.0139893 0.0210225
FixedParameters: 0 0 0

#Transform 11
Transform: AffineTransform_float_3_3
Parameters: 1 -0.000428617 3.4453e-05 0.000428612 1 7.60148e-05 -3.45181e-05 -7.59852e-05 1 -0.00382902 -0.0232638 0.022544
FixedParameters: 0 0 0

#Transform 12
Transform: AffineTransform_float_3_3
Parameters: 1 -9.56976e-05 -0.000129753 9.57293e-05 1 0.000121988 0.00012973 -0.000122012 1 0.0138787 -0.0273556 0.0131858
FixedParameters: 0 0 0

#Transform 13
Transform: AffineTransform_float_3_3
Parameters: 1 -0.000254179 2.04507e-05 0.000254179 1 5.19814e-09 -2.04507e-05 5.19814e-09 1 -0.000191754 -0.00390907 0.0290541
FixedParameters: 0 0 0

#Transform 14
Transform: AffineTransform_float_3_3
Parameters: 1 -3.46238e-05 5.5957e-05 3.46238e-05 1 1.93745e-09 -5.5957e-05 1.93745e-09 1 0.00220763 -0.0041061 0.0277892
FixedParameters: 0 0 0

#Transform 15
Transform: AffineTransform_float_3_3
Parameters: 1 -0.000209319 1.68949e-05 0.000209328 1 -0.000253996 -1.67886e-05 0.000254003 1 -0.0076779 0.0151698 0.0472195
FixedParameters: 0 0 0

#Transform 16
Transform: AffineTransform_float_3_3
Parameters: 1 -0.000196359 1.58766e-05 0.000196372 1 -0.000393997 -1.57218e-05 0.000394003 1 -0.00636427 -0.00330872 0.021458
FixedParameters: 0 0 0

#Transform 17
Transform: AffineTransform_float_3_3
Parameters: 1 -0.000238227 1.92007e-05 0.000238233 1 -0.000138995 -1.91344e-05 0.000139005 1 -0.00660535 -0.00427464 0.0100286
FixedParameters: 0 0 0

#Transform 18
Transform: AffineTransform_float_3_3
Parameters: 1 1.03117e-05 -0.000121217 -1.03117e-05 1 1.24996e-09 0.000121217 1.24996e-09 1 0.00507759 0.0086615 -0.00455254
FixedParameters: 0 0 0

#Transform 19
Transform: AffineTransform_float_3_3
Parameters: 1 -0.000296045 2.37978e-05 0.000296042 1 7.2007e-05 -2.38404e-05 -7.19929e-05 1 -0.0123945 -0.000525396 -0.000717662
FixedParameters: 0 0 0

#Transform 20
Transform: AffineTransform_float_3_3
Parameters: 1 -4.68486e-05 3.76935e-06 4.68486e-05 1 1.76589e-10 -3.76935e-06 1.76589e-10 1 -0.00124998 -0.00319934 0.0115658
FixedParameters: 0 0 0

#Transform 21
Transform: AffineTransform_float_3_3
Parameters: 1 -0.00025318 2.0389e-05 0.000253183 1 -7.29948e-05 -2.0352e-05 7.30052e-05 1 -0.00769936 -0.00333198 -0.00177804
FixedParameters: 0 0 0

#Transform 22
Transform: AffineTransform_float_3_3
Parameters: 1 -0.000162476 1.30572e-05 0.000162474 1 9.40021e-05 -1.30877e-05 -9.39979e-05 1 0.0016511 -0.0166163 -0.0196276
FixedParameters: 0 0 0

#Transform 23
Transform: AffineTransform_float_3_3
Parameters: 1 -0.000201349 1.62002e-05 0.000201349 1 3.2619e-09 -1.62002e-05 3.2619e-09 1 -0.00347597 0.00875197 -0.00515551
FixedParameters: 0 0 0

#Transform 24
Transform: AffineTransform_float_3_3
Parameters: 1 -0.000200351 1.61394e-05 0.000200354 1 -9.69968e-05 -1.61005e-05 9.70032e-05 1 -0.00693336 0.00324426 0.0150744
FixedParameters: 0 0 0

#Transform 25
Transform: AffineTransform_float_3_3
Parameters: 1 -0.000248198 1.99695e-05 0.000248198 1 4.9564e-09 -1.99695e-05 4.9564e-09 1 -0.000559445 -0.0242835 -0.00871054
FixedParameters: 0 0 0

#Transform 26
Transform: AffineTransform_float_3_3
Parameters: 1 -0.00016945 1.3663e-05 0.000169455 1 -0.000171998 -1.36047e-05 0.000172002 1 0.00843625 -0.0079228 -0.0388717
FixedParameters: 0 0 0

#Transform 27
Transform: AffineTransform_float_3_3
Parameters: 1 -0.000255818 -4.95806e-05 0.000255793 1 -0.000250013 4.97085e-05 0.000249987 1 0.00322792 0.010288 0.0049487
FixedParameters: 0 0 0

#Transform 28
Transform: AffineTransform_float_3_3
Parameters: 1 -0.000193373 1.55847e-05 0.000193377 1 -0.000134997 -1.55325e-05 0.000135003 1 0.0043889 -0.0161061 -0.0308862
FixedParameters: 0 0 0

#Transform 29
Transform: AffineTransform_float_3_3
Parameters: 1 -0.000107652 8.66784e-06 0.000107653 1 -5.89991e-05 -8.65513e-06 5.90009e-05 1 0.0054933 -0.0131024 -0.0375936
FixedParameters: 0 0 0

#Transform 30
Transform: AffineTransform_float_3_3
Parameters: 1 -0.000200346 1.61979e-05 0.000200359 1 -0.000388997 -1.6042e-05 0.000389003 1 0.00152842 0.022387 -0.00879916
FixedParameters: 0 0 0

#Transform 31
Transform: AffineTransform_float_3_3
Parameters: 1 -0.000127585 1.02993e-05 0.00012759 1 -0.000264999 -1.02317e-05 0.000265001 1 0.0039707 -0.000525541 -0.0110222
FixedParameters: 0 0 0

#Transform 32
Transform: AffineTransform_float_3_3
Parameters: 1 -9.66833e-05 7.83141e-06 9.66917e-05 1 -0.000538999 -7.72718e-06 0.000539001 1 0.00686881 0.00202304 -0.0161518
FixedParameters: 0 0 0

#Transform 33
Transform: AffineTransform_float_3_3
Parameters: 1 -7.77461e-05 6.28871e-06 7.77514e-05 1 -0.000426999 -6.22232e-06 0.000427 1 -0.00476673 0.0139901 -0.011989
FixedParameters: 0 0 0

#Transform 34
Transform: AffineTransform_float_3_3
Parameters: 1 -2.29252e-05 1.85301e-06 2.29266e-05 1 -0.000368 -1.83614e-06 0.000368 1 -0.0110162 0.00668283 -0.0242539
FixedParameters: 0 0 0

#Transform 35
Transform: AffineTransform_float_3_3
Parameters: 1 -9.96746e-06 8.06056e-07 9.96811e-06 1 -0.000408 -7.97922e-07 0.000408 1 -0.0079907 -0.00752042 -0.0434134
FixedParameters: 0 0 0

#Transform 36
Transform: AffineTransform_float_3_3
Parameters: 1 0.000190378 -1.53957e-05 -0.000190391 1 -0.000407997 1.52403e-05 0.000408003 1 0.0022898 -0.0172773 -0.0571176
FixedParameters: 0 0 0

#Transform 37
Transform: AffineTransform_float_3_3
Parameters: 1 9.47447e-05 -6.88799e-05 -9.48267e-05 1 -0.000595993 6.87669e-05 0.000596006 1 -0.00244527 0.0186555 -0.0279336
FixedParameters: 0 0 0

#Transform 38
Transform: AffineTransform_float_3_3
Parameters: 1 1.0964e-05 -8.88909e-07 -1.09651e-05 1 -0.000613 8.75467e-07 0.000613 1 -0.00737797 0.00880753 -0.027004
FixedParameters: 0 0 0

#Transform 39
Transform: AffineTransform_float_3_3
Parameters: 1 0.000114933 6.89602e-05 -0.000114876 1 -0.000408008 -6.90539e-05 0.000407992 1 -0.00664543 0.00248829 -0.0415192
FixedParameters: 0 0 0

#Transform 40
Transform: AffineTransform_float_3_3
Parameters: 1 2.49183e-05 -2.01888e-06 -2.49206e-05 1 -0.000558 1.99107e-06 0.000558 1 -0.00689952 0.0015131 -0.049274
FixedParameters: 0 0 0

#Transform 41
Transform: AffineTransform_float_3_3
Parameters: 1 5.18298e-05 -4.20305e-06 -5.18351e-05 1 -0.000631 4.13764e-06 0.000631 1 -0.00824386 0.0382527 -0.0287662
FixedParameters: 0 0 0

#Transform 42
Transform: AffineTransform_float_3_3
Parameters: 1 2.38086e-06 7.90654e-05 -2.31634e-06 1 -0.000408 -7.90673e-05 0.000408 1 -0.00626163 0.0171603 -0.0347905
FixedParameters: 0 0 0

#Transform 43
Transform: AffineTransform_float_3_3
Parameters: 0.999999 0.000735606 -5.93913e-05 -0.000735639 0.999999 -0.000277956 5.89823e-05 0.000278043 1 0.00524021 -0.0300919 -0.0171485
FixedParameters: 0 0 0

#Transform 44
Transform: AffineTransform_float_3_3
Parameters: 1 0.000481444 -3.87433e-05 -0.000481445 1 -1.49813e-05 3.87288e-05 1.50186e-05 1 0.0079793 -0.0098618 -0.0273226
FixedParameters: 0 0 0

#Transform 45
Transform: AffineTransform_float_3_3
Parameters: 1 0.000538278 -4.3091e-05 -0.000538243 1 0.000402023 4.35238e-05 -0.000401977 1 -0.000270634 -0.0220389 0.0155209
FixedParameters: 0 0 0

#Transform 46
Transform: AffineTransform_float_3_3
Parameters: 0.999999 0.000435721 -0.000808244 -0.000430171 0.999977 0.00665235 0.000811415 -0.00665264 0.999977 0.00350355 -0.257101 -0.0601153
FixedParameters: 0 0 0

#Transform 47
Transform: AffineTransform_float_3_3
Parameters: 1 0.000192747 -0.000439151 -0.000192023 0.999995 0.00318408 0.00043954 -0.00318391 0.999995 -0.00331935 -0.0969548 -0.0181901
FixedParameters: 0 0 0

#Transform 48
Transform: AffineTransform_float_3_3
Parameters: 1 0.000417134 -2.73472e-05 -0.000417137 0.999996 0.00285801 2.7738e-05 -0.00285799 0.999996 0.0233528 -0.10788 -0.0440017
FixedParameters: 0 0 0

#Transform 49
Transform: AffineTransform_float_3_3
Parameters: 1 0.000477958 -3.19719e-05 -0.00047792 0.999995 0.00305402 3.28976e-05 -0.00305399 0.999996 0.0045767 -0.1174 -0.0781026
FixedParameters: 0 0 0

#Transform 50
Transform: AffineTransform_float_3_3
Parameters: 1 0.000490092 -9.52629e-05 -0.000490646 0.999996 0.00271905 9.70129e-05 -0.00271895 0.999997 -0.000585966 -0.0905724 -0.0639519
FixedParameters: 0 0 0

#Transform 51
Transform: AffineTransform_float_3_3
Parameters: 1 0.000492894 -3.34146e-05 -0.000492888 0.999997 0.00247502 3.38608e-05 -0.00247498 0.999997 0.00635687 -0.0986357 -0.0773938
FixedParameters: 0 0 0

#Transform 52
Transform: AffineTransform_float_3_3
Parameters: 1 0.000494884 -3.36269e-05 -0.000494885 0.999997 0.00236002 3.39692e-05 -0.00235998 0.999997 -0.00969884 -0.0623273 -0.0245733
FixedParameters: 0 0 0

#Transform 53
Transform: AffineTransform_float_3_3
Parameters: 1 0.000617765 -0.00031251 -0.000616924 0.999994 0.00318719 0.000314531 -0.00318681 0.999995 -0.00486996 -0.0861372 -0.0376584
FixedParameters: 0 0 0

#Transform 54
Transform: AffineTransform_float_3_3
Parameters: 1 -0.000460425 -0.000367855 0.000460447 0.999999 0.00138683 0.000366658 -0.00138717 0.999999 0.0154353 -0.000739525 -0.0824289
FixedParameters: 0 0 0

#Transform 55
Transform: AffineTransform_float_3_3
Parameters: 1 -0.000460547 -0.000367703 0.000460326 1 0.00105683 0.00036681 -0.00105717 1 -0.013345 0.0144332 -0.0270338
FixedParameters: 0 0 0

#Transform 56
Transform: AffineTransform_float_3_3
Parameters: 1 -0.000460382 -0.000367909 0.000460572 0.999999 0.00150383 0.000367601 -0.00150417 0.999999 -0.0133332 -0.00245097 -0.057074
FixedParameters: 0 0 0

#Transform 57
Transform: AffineTransform_float_3_3
Parameters: 0.999999 -0.000483631 -0.000660915 0.000484398 0.999999 0.00133468 0.000659703 -0.00133532 0.999999 -0.00386973 0.00263696 -0.0623702
FixedParameters: 0 0 0

#Transform 58
Transform: AffineTransform_float_3_3
Parameters: 1 -0.00034889 -0.000376575 0.000349702 1 0.00107887 0.000375822 -0.00107913 1 -0.00972423 0.0118116 -0.0443909
FixedParameters: 0 0 0

#Transform 59
Transform: AffineTransform_float_3_3
Parameters: 1 0.00115708 8.99863e-05 -0.00115732 0.999988 0.0047909 -8.3962e-05 -0.0047911 0.999989 -0.0217215 -0.170061 -0.0548156
FixedParameters: 0 0 0

#Transform 60
Transform: AffineTransform_float_3_3
Parameters: 1 0.000614712 -2.74635e-05 -0.000614694 0.999995 0.00312902 2.93167e-05 -0.00312898 0.999995 -0.00317318 -0.0893982 -0.042023
FixedParameters: 0 0 0

#Transform 61
Transform: AffineTransform_float_3_3
Parameters: 1 0.000619422 3.32002e-05 -0.000618772 0.999995 0.00287898 -3.17092e-05 -0.00287902 0.999996 -0.0306182 -0.0822356 -0.0670551
FixedParameters: 0 0 0

#Transform 62
Transform: AffineTransform_float_3_3
Parameters: 0.999999 0.000938471 0.000162563 -0.00093844 0.999997 0.00249677 -0.00015995 -0.00249723 0.999997 -0.00413055 -0.0492717 -0.0683828
FixedParameters: 0 0 0

#Transform 63
Transform: AffineTransform_float_3_3
Parameters: 0.999999 0.000869831 -0.000100215 -0.000869478 0.999998 0.00213401 0.00010293 -0.00213399 0.999997 -0.00755303 -0.0647879 -0.104853
FixedParameters: 0 0 0

#Transform 64
Transform: AffineTransform_float_3_3
Parameters: 1 0.000941378 -0.000211196 -0.000940658 0.999998 0.00207512 0.000213108 -0.00207488 0.999998 -0.0105057 -0.0619426 -0.088532
FixedParameters: 0 0 0

#Transform 65
Transform: AffineTransform_float_3_3
Parameters: 0.999999 0.000959349 -0.000250001 -0.000958614 0.999998 0.00178625 0.000251433 -0.00178675 0.999999 -0.0137285 -0.0341791 -0.0569931
FixedParameters: 0 0 0

#Transform 66
Transform: AffineTransform_float_3_3
Parameters: 0.999999 0.000910534 -0.000246031 -0.000910741 0.999997 0.00192522 0.000247624 -0.00192478 0.999998 -0.0152733 -0.0575542 -0.0954949
FixedParameters: 0 0 0

#Transform 67
Transform: AffineTransform_float_3_3
Parameters: 0.999999 0.000909243 -0.000350595 -0.00090831 0.999999 0.00155725 0.000351432 -0.00155775 0.999999 -0.0117603 -0.0442491 -0.0784019
FixedParameters: 0 0 0

#Transform 68
Transform: AffineTransform_float_3_3
Parameters: 0.999999 0.000750898 -0.000233916 -0.000750331 0.999998 0.00138018 0.000234992 -0.00138082 0.999999 -0.0204345 -0.0375005 -0.0771143
FixedParameters: 0 0 0

#Transform 69
Transform: AffineTransform_float_3_3
Parameters: 0.999999 0.000824668 -0.000239749 -0.000824084 0.999998 0.0013802 0.000241028 -0.00138079 0.999999 0.00203442 -0.080216 -0.0918259
FixedParameters: 0 0 0

#Transform 70
Transform: AffineTransform_float_3_3
Parameters: 1 0.00108967 -0.000261414 -0.00108937 0.999999 0.000739205 0.000262028 -0.000738795 0.999999 -0.00199243 -0.00152461 -0.0707168
FixedParameters: 0 0 0

#Transform 71
Transform: AffineTransform_float_3_3
Parameters: 1 0.00100865 -0.000662987 -0.00100751 0.999999 0.000984669 0.000662977 -0.000983332 1 -0.00109905 -0.0106077 -0.0878053
FixedParameters: 0 0 0

#Transform 72
Transform: AffineTransform_float_3_3
Parameters: 0.999999 0.00121026 -0.000573899 -0.00120941 0.999999 0.000807621 0.000574856 -0.000807378 0.999999 0.00797371 -0.0301162 -0.130858
FixedParameters: 0 0 0

#Transform 73
Transform: AffineTransform_float_3_3
Parameters: 0.999999 0.001042 -0.00068212 -0.0010412 0.999999 0.000589637 0.000683348 -0.000589362 0.999999 0.00708138 0.00712693 -0.100767
FixedParameters: 0 0 0

#Transform 74
Transform: AffineTransform_float_3_3
Parameters: 1 0.00111138 -0.000490343 -0.00111107 1 0.000321465 0.000491056 -0.000320534 1 0.000442218 0.0113562 -0.0976322
FixedParameters: 0 0 0

#Transform 75
Transform: AffineTransform_float_3_3
Parameters: 0.999999 0.00118805 -0.00054765 -0.0011877 0.999999 0.000321577 0.000548414 -0.000321422 1 -0.00172169 -0.0208369 -0.118304
FixedParameters: 0 0 0

#Transform 76
Transform: AffineTransform_float_3_3
Parameters: 0.999999 0.00121475 -0.000690238 -0.0012143 0.999999 0.000321765 0.000691019 -0.000321234 1 -0.0010218 0.00366082 -0.0811401
FixedParameters: 0 0 0

#Transform 77
Transform: AffineTransform_float_3_3
Parameters: 0.999999 0.00124744 -0.000732985 -0.00124796 0.999999 0.000321842 0.000733868 -0.000321158 0.999999 -0.00497128 -0.0115481 -0.0918123
FixedParameters: 0 0 0

#Transform 78
Transform: AffineTransform_float_3_3
Parameters: 0.999999 0.00134937 -0.000751931 -0.00134968 0.999999 0.000504942 0.000752376 -0.000504059 0.999999 -0.00138755 -0.00787602 -0.0979775
FixedParameters: 0 0 0

#Transform 79
Transform: AffineTransform_float_3_3
Parameters: 0.999999 0.0012201 -0.000623452 -0.00121978 0.999999 0.000321687 0.00062324 -0.000321313 1 -0.00964412 0.0353965 -0.0644022
FixedParameters: 0 0 0

#Transform 80
Transform: AffineTransform_float_3_3
Parameters: 0.999999 0.00123847 -0.00027202 -0.00123868 0.999997 0.00173634 0.000274407 -0.00173566 0.999999 -0.00745405 -0.0813315 -0.0585327
FixedParameters: 0 0 0

#Transform 81
Transform: AffineTransform_float_3_3
Parameters: 0.999999 -0.000508568 -0.00120946 0.000509642 0.999999 0.000855464 0.00120867 -0.000856535 0.999999 0.0594258 0.0435348 0.0782858
FixedParameters: 0 0 0

#Transform 82
Transform: AffineTransform_float_3_3
Parameters: 0.999999 -0.00128639 -0.00118866 0.00128748 0.999999 0.000842464 0.00118757 -0.000844535 0.999999 0.157243 0.0513799 0.0513762
FixedParameters: 0 0 0

#Transform 83
Transform: AffineTransform_float_3_3
Parameters: 0.999998 -0.00153784 -0.00127408 0.00153838 0.999999 0.000213028 0.00127342 -0.000214972 0.999999 0.139796 0.0138471 -0.0905119
FixedParameters: 0 0 0

#Transform 84
Transform: AffineTransform_float_3_3
Parameters: 0.999997 -0.00132941 -0.00171942 0.00132994 0.999999 0.000420782 0.00171938 -0.00042322 0.999999 0.148855 0.00252632 -0.132129
FixedParameters: 0 0 0

#Transform 85
Transform: AffineTransform_float_3_3
Parameters: 1 -0.000301175 -0.00118582 0.00030194 0.999999 0.000742722 0.00118545 -0.000743277 0.999999 0.0995381 0.0466828 -0.0537468
FixedParameters: 0 0 0

#Transform 86
Transform: AffineTransform_float_3_3
Parameters: 0.999998 -0.000895123 -0.00141021 0.000895843 1 0.000579731 0.00141024 -0.00058127 0.999999 0.139252 -0.0192739 -0.192103
FixedParameters: 0 0 0

#Transform 87
Transform: AffineTransform_float_3_3
Parameters: 0.999998 -0.00131473 -0.00153707 0.00131527 0.999999 0.000472966 0.0015369 -0.000475034 0.999998 0.119818 0.00200429 -0.173695
FixedParameters: 0 0 0

#Transform 88
Transform: AffineTransform_float_3_3
Parameters: 0.999999 -0.000954687 -0.0011386 0.000955092 1 0.000579907 0.00113857 -0.000581094 0.999999 0.108645 0.00604312 -0.151727
FixedParameters: 0 0 0

#Transform 89
Transform: AffineTransform_float_3_3
Parameters: 0.999999 6.37239e-05 -0.000841662 -6.26633e-05 1 0.00122205 0.000841896 -0.00122195 0.999999 0.114628 -0.0659803 -0.133463
FixedParameters: 0 0 0

#Transform 90
Transform: AffineTransform_float_3_3
Parameters: 0.999998 0.00151702 -0.0013299 -0.0014844 0.999703 0.024343 0.0013665 -0.0243411 0.999703 0.0947787 -0.789365 -0.0929445
FixedParameters: 0 0 0

#Transform 91
Transform: AffineTransform_float_3_3
Parameters: 1 0.000936415 -0.00057434 -0.000929698 0.99994 0.0108625 0.000584047 -0.0108615 0.999941 0.104738 -0.293442 -0.131417
FixedParameters: 0 0 0

#Transform 92
Transform: AffineTransform_float_3_3
Parameters: 0.999999 0.00131157 -0.000788617 -0.00130435 0.999953 0.00958797 0.000801301 -0.00958703 0.999954 0.108027 -0.297381 -0.186258
FixedParameters: 0 0 0

#Transform 93
Transform: AffineTransform_float_3_3
Parameters: 0.999999 0.00132119 -0.000601767 -0.00131476 0.999946 0.0103697 0.00061455 -0.0103693 0.999946 0.110307 -0.311815 -0.20137
FixedParameters: 0 0 0

#Transform 94
Transform: AffineTransform_float_3_3
Parameters: 0.999999 0.00144811 -0.000515521 -0.00144469 0.999975 0.00692768 0.000525834 -0.00692732 0.999976 0.102662 -0.193641 -0.162371
FixedParameters: 0 0 0

#Transform 95
Transform: AffineTransform_float_3_3
Parameters: 1 0.000941186 -0.000483985 -0.000937687 0.999974 0.00723338 0.000490838 -0.00723262 0.999973 0.134385 -0.240842 -0.15335
FixedParameters: 0 0 0

#Transform 96
Transform: AffineTransform_float_3_3
Parameters: 0.999999 0.00063688 -0.000579428 -0.000631899 0.999967 0.00812137 0.000584072 -0.00812063 0.999967 0.138158 -0.309224 -0.0416612
FixedParameters: 0 0 0

#Transform 97
Transform: AffineTransform_float_3_3
Parameters: 1 0.000942506 -0.000463474 -0.000938741 0.999976 0.00677444 0.000469401 -0.00677356 0.999977 0.11515 -0.193525 -0.0857774
FixedParameters: 0 0 0

#Transform 98
Transform: AffineTransform_float_3_3
Parameters: 0.999999 0.001321 -0.000238911 -0.00131942 0.999978 0.00659025 0.000248418 -0.00658976 0.999979 0.114972 -0.209928 -0.149959
FixedParameters: 0 0 0

#Transform 99
Transform: AffineTransform_float_3_3
Parameters: 0.999999 0.00139747 8.21327e-05 -0.00139775 0.999962 0.00860981 -7.01872e-05 -0.00861019 0.999963 0.168245 -0.217685 -0.0948853
FixedParameters: 0 0 0

#Transform 100
Transform: AffineTransform_float_3_3
Parameters: 1 0.00109343 0.000302879 -0.00109561 0.999981 0.00618159 -0.000295488 -0.00618141 0.999981 0.241813 -0.268341 -0.162076
FixedParameters: 0 0 0

#Transform 101
Transform: AffineTransform_float_3_3
Parameters: 0.999999 0.000887073 0.000149692 -0.000888794 0.999915 0.0129938 -0.000138817 -0.0129942 0.999915 0.186137 -0.493589 0.0065986
FixedParameters: 0 0 0

#Transform 102
Transform: AffineTransform_float_3_3
Parameters: 1 0.00114929 -0.000230877 -0.00114736 0.999969 0.0077682 0.000239828 -0.0077688 0.99997 0.177901 -0.268554 -0.0572236
FixedParameters: 0 0 0

#Transform 103
Transform: AffineTransform_float_3_3
Parameters: 0.999999 0.00132009 -0.000115581 -0.00131913 0.999972 0.00729116 0.000124856 -0.00729084 0.999974 0.169637 -0.208982 -0.133318
FixedParameters: 0 0 0

#Transform 104
Transform: AffineTransform_float_3_3
Parameters: 0.999999 0.00131273 -0.000217394 -0.00131105 0.999967 0.00798622 0.000227465 -0.00798678 0.999968 0.155887 -0.218373 -0.140105
FixedParameters: 0 0 0

#Transform 105
Transform: AffineTransform_float_3_3
Parameters: 0.999999 0.00129144 -0.000510748 -0.00128718 0.999968 0.00789159 0.000520374 -0.00789141 0.999969 0.154553 -0.235809 -0.165578
FixedParameters: 0 0 0

#Transform 106
Transform: AffineTransform_float_3_3
Parameters: 0.999998 0.00181909 0.000491325 -0.00182328 0.999965 0.00823596 -0.000476677 -0.00823705 0.999966 0.0987119 -0.445633 0.0670527
FixedParameters: 0 0 0

#Transform 107
Transform: AffineTransform_float_3_3
Parameters: 0.999997 0.00234228 -0.000222973 -0.00233871 0.999918 0.0125803 0.000251959 -0.0125797 0.999921 0.135196 -0.494794 -0.0406246
FixedParameters: 0 0 0

#Transform 108
Transform: AffineTransform_float_3_3
Parameters: 1 0.000603309 -0.000967133 -0.000597088 0.999979 0.00646058 0.000971382 -0.00645942 0.999978 0.179556 -0.206816 -0.0779973
FixedParameters: 0 0 0

#Transform 109
Transform: AffineTransform_float_3_3
Parameters: 1 0.000660571 -0.000852367 -0.000655601 0.999981 0.00601256 0.000856694 -0.00601143 0.999981 0.17115 -0.213326 -0.0789652
FixedParameters: 0 0 0

#Transform 110
Transform: AffineTransform_float_3_3
Parameters: 0.999998 0.00158485 -0.000183237 -0.00158301 0.999973 0.00718622 0.000195037 -0.00718578 0.999974 0.213621 -0.185683 -0.149704
FixedParameters: 0 0 0

#Transform 111
Transform: AffineTransform_float_3_3
Parameters: 0.999999 0.00156744 0.000996178 -0.00157276 0.999982 0.00583843 -0.000987375 -0.00583957 0.999983 0.222799 -0.252827 -0.179964
FixedParameters: 0 0 0

#Transform 112
Transform: AffineTransform_float_3_3
Parameters: 0.999999 0.00106497 0.000769842 -0.001068 0.999993 0.00376609 -0.000765039 -0.0037669 0.999992 0.192821 -0.209141 -0.14012
FixedParameters: 0 0 0

#Transform 113
Transform: AffineTransform_float_3_3
Parameters: 0.999999 0.0013364 0.000318285 -0.00133687 0.999994 0.00339449 -0.000313359 -0.00339451 0.999994 0.189299 -0.161374 -0.141576
FixedParameters: 0 0 0

#Transform 114
Transform: AffineTransform_float_3_3
Parameters: 0.999999 0.00134933 0.000485711 -0.00135097 0.999993 0.00333634 -0.000481846 -0.00333666 0.999995 0.182122 -0.173388 -0.157493
FixedParameters: 0 0 0

#Transform 115
Transform: AffineTransform_float_3_3
Parameters: 0.999999 0.00136127 0.000654082 -0.00136389 0.999988 0.00470603 -0.000647557 -0.00470697 0.999988 0.161531 -0.175377 -0.176057
FixedParameters: 0 0 0

#Transform 116
Transform: AffineTransform_float_3_3
Parameters: 0.999999 0.000902551 0.00014228 -0.000902809 0.999993 0.00360679 -0.000138838 -0.00360721 0.999993 0.175557 -0.113719 -0.171966
FixedParameters: 0 0 0

#Transform 117
Transform: AffineTransform_float_3_3
Parameters: 1 0.000475888 0.000367227 -0.000476962 0.999996 0.00271483 -0.000365717 -0.00271518 0.999996 0.172948 -0.0507782 -0.19807
FixedParameters: 0 0 0

#Transform 118
Transform: AffineTransform_float_3_3
Parameters: 0.999999 0.000790339 0.000220832 -0.000791012 0.999995 0.00325075 -0.000218761 -0.00325125 0.999994 0.407204 -0.0813829 -0.18629
FixedParameters: 0 0 0

#Transform 119
Transform: AffineTransform_float_3_3
Parameters: 0.999999 0.000668277 0.00057199 -0.00066965 0.999996 0.00280562 -0.000570389 -0.00280638 0.999996 0.397036 -0.172332 -0.276131
FixedParameters: 0 0 0

#Transform 120
Transform: AffineTransform_float_3_3
Parameters: 0.999993 0.00346374 0.0009778 -0.00348843 0.999669 0.0254953 -0.000889636 -0.0254987 0.999675 0.346264 -0.897566 -0.300443
FixedParameters: 0 0 0

#Transform 121
Transform: AffineTransform_float_3_3
Parameters: 0.999999 0.000788452 0.001641 -0.000800409 0.999971 0.00748177 -0.00163513 -0.00748322 0.99997 0.354821 -0.292796 -0.090995
FixedParameters: 0 0 0

#Transform 122
Transform: AffineTransform_float_3_3
Parameters: 0.999999 0.000455278 0.00127433 -0.000461831 0.999988 0.0048915 -0.00127132 -0.0048925 0.999987 0.313972 -0.224184 -0.0422106
FixedParameters: 0 0 0

#Transform 123
Transform: AffineTransform_float_3_3
Parameters: 0.999998 0.000474376 0.00151333 -0.00048123 0.999991 0.00421735 -0.00151077 -0.00421765 0.99999 0.307148 -0.1843 -0.0733559
FixedParameters: 0 0 0

#Transform 124
Transform: AffineTransform_float_3_3
Parameters: 0.999999 0.000967604 -0.000109504 -0.000967425 0.99997 0.00765504 0.000117421 -0.00765596 0.99997 0.285438 -0.366228 -0.0362802
FixedParameters: 0 0 0

#Transform 125
Transform: AffineTransform_float_3_3
Parameters: 0.999998 0.000324584 -0.0019341 -0.000320189 0.999997 0.00244479 0.00193508 -0.00244421 0.999995 0.324348 -0.13578 -0.0475675
FixedParameters: 0 0 0

#Transform 126
Transform: AffineTransform_float_3_3
Parameters: 1 0.000130314 -0.00115153 -0.000126814 0.999996 0.00285323 0.00115151 -0.00285277 0.999996 0.366549 -0.148971 -0.0871105
FixedParameters: 0 0 0

#Transform 127
Transform: AffineTransform_float_3_3
Parameters: 0.999999 -0.00110186 -0.000826535 0.00110369 0.999997 0.00216809 0.000824902 -0.00216991 0.999998 0.37305 -0.156837 -0.0774631
FixedParameters: 0 0 0

#Transform 128
Transform: AffineTransform_float_3_3
Parameters: 0.999998 -0.00174322 -0.000830316 0.00174488 0.999997 0.00205947 0.000826279 -0.00206153 0.999998 0.401915 -0.0528316 -0.00099836
FixedParameters: 0 0 0

#Transform 129
Transform: AffineTransform_float_3_3
Parameters: 0.999998 -0.00209268 0.000342237 0.00209155 0.999996 0.00222248 -0.000346551 -0.00222152 0.999997 0.383833 -0.0981076 -0.00791583
FixedParameters: 0 0 0

#Transform 130
Transform: AffineTransform_float_3_3
Parameters: 0.999997 -0.00185247 0.00110054 0.00185184 0.999998 0.000812973 -0.00110164 -0.000811028 0.999999 0.445222 -0.109007 -0.0697758
FixedParameters: 0 0 0

#Transform 131
Transform: AffineTransform_float_3_3
Parameters: 0.999989 -0.00179829 -0.00417247 0.00184406 0.999938 0.010967 0.00415222 -0.010975 0.999931 0.376093 -0.401777 -0.080124
FixedParameters: 0 0 0

#Transform 132
Transform: AffineTransform_float_3_3
Parameters: 0.999996 -0.00246184 -0.00131131 0.00246402 0.999996 0.00149759 0.00130708 -0.00150041 0.999998 0.38215 -0.0781688 -0.066333
FixedParameters: 0 0 0

#Transform 133
Transform: AffineTransform_float_3_3
Parameters: 0.999997 -0.00239674 -0.000485571 0.00239731 0.999997 0.00137059 0.000482069 -0.00137141 0.999999 0.338512 -0.0919481 -0.0735145
FixedParameters: 0 0 0

#Transform 134
Transform: AffineTransform_float_3_3
Parameters: 0.999997 -0.00213801 -0.000446233 0.00213813 0.999997 0.00107888 0.000443691 -0.00108012 1 0.334718 -0.0679354 -0.101732
FixedParameters: 0 0 0

#Transform 135
Transform: AffineTransform_float_3_3
Parameters: 0.999997 -0.00232352 0.000434159 0.00232396 0.999997 -0.000602226 -0.000432356 0.000602773 1 0.287314 0.00134126 -0.115095
FixedParameters: 0 0 0

#Transform 136
Transform: AffineTransform_float_3_3
Parameters: 0.999998 -0.00181417 0.000502192 0.00181514 0.999997 -0.00112416 -0.000500104 0.00112484 1 0.300277 -0.017386 -0.114421
FixedParameters: 0 0 0

#Transform 137
Transform: AffineTransform_float_3_3
Parameters: 0.999999 -0.00181669 0.000399128 0.0018171 0.999998 -0.000621429 -0.000397866 0.00062157 1 0.303924 -0.0168922 -0.079864
FixedParameters: 0 0 0

#Transform 138
Transform: AffineTransform_float_3_3
Parameters: 0.999999 -0.00108571 0.000789089 0.00108787 0.999997 -0.00215814 -0.000787306 0.00215986 0.999998 0.285788 0.115917 0.021826
FixedParameters: 0 0 0

#Transform 139
Transform: AffineTransform_float_3_3
Parameters: 0.999998 -0.00196383 0.00113693 0.00196566 0.999997 -0.00135192 -0.00113453 0.00135408 0.999998 0.326539 -0.000776516 -0.0719342
FixedParameters: 0 0 0

#Transform 140
Transform: AffineTransform_float_3_3
Parameters: 0.999997 -0.00186483 0.00106479 0.00186668 0.999997 -0.00195416 -0.00106132 0.00195584 0.999997 0.319165 -0.00976771 -0.0739985
FixedParameters: 0 0 0

#Transform 141
Transform: AffineTransform_float_3_3
Parameters: 0.999997 -0.00194675 0.00134002 0.00194911 0.999997 -0.00174653 -0.00133704 0.00174847 0.999997 0.290067 0.00146233 -0.0680043
FixedParameters: 0 0 0

#Transform 142
Transform: AffineTransform_float_3_3
Parameters: 0.999997 -0.0017536 0.00141049 0.00175681 0.999995 -0.00231359 -0.00140611 0.0023164 0.999996 0.287242 0.0363856 -0.0493937
FixedParameters: 0 0 0

#Transform 143
Transform: AffineTransform_float_3_3
Parameters: 0.999999 -0.00121744 0.000683479 0.00121904 0.999995 -0.00286824 -0.000680317 0.00286876 0.999995 0.387958 0.139883 -0.0114751
FixedParameters: 0 0 0

#Transform 144
Transform: AffineTransform_float_3_3
Parameters: 0.999996 -0.00190205 0.00181315 0.0019078 0.999994 -0.00281861 -0.00180806 0.00282239 0.999994 0.362584 -0.05384 -0.0398329
FixedParameters: 0 0 0

#Transform 145
Transform: AffineTransform_float_3_3
Parameters: 0.999995 -0.000335384 0.00321744 0.000320543 0.999989 0.00482147 -0.0032189 -0.00482054 0.999984 0.341303 -0.404891 -0.0589872
FixedParameters: 0 0 0

#Transform 146
Transform: AffineTransform_float_3_3
Parameters: 0.999999 -0.000201702 0.000701932 0.000200015 0.999998 0.00196914 -0.000701806 -0.00196886 0.999998 0.410841 -0.186316 -0.0998561
FixedParameters: 0 0 0

#Transform 147
Transform: AffineTransform_float_3_3
Parameters: 0.999999 -0.000642803 0.00109917 0.000643045 1 -0.000109213 -0.00109903 0.000110787 1 0.41343 -0.091068 -0.176555
FixedParameters: 0 0 0

#Transform 148
Transform: AffineTransform_float_3_3
Parameters: 1 -0.000864774 0.000646674 0.00086511 1 -0.000259521 -0.000646225 0.000260479 1 0.401874 -0.0660493 -0.174601
FixedParameters: 0 0 0

#Transform 149
Transform: AffineTransform_float_3_3
Parameters: 0.999998 -0.00144475 0.000846614 0.00144477 0.999999 -1.28504e-05 -0.000846575 1.41496e-05 0.999999 0.410659 -0.0500592 -0.0739277
FixedParameters: 0 0 0

#Transform 150
Transform: AffineTransform_float_3_3
Parameters: 0.999998 -0.00167407 0.00085906 0.00167401 0.999999 -0.000594716 -0.000857983 0.000596284 0.999999 0.386759 -0.0376403 -0.0633053
FixedParameters: 0 0 0

#Transform 151
Transform: AffineTransform_float_3_3
Parameters: 0.999996 -0.00275523 -0.000651798 0.00275436 0.999995 -0.00123905 0.000655548 0.00123695 0.999999 0.426355 0.026059 -0.0139816
FixedParameters: 0 0 0

#Transform 152
Transform: AffineTransform_float_3_3
Parameters: 0.999998 -0.00211339 0.000999948 0.00211511 0.999996 -0.00147803 -0.000996604 0.00147996 0.999998 0.386514 -0.0278595 -0.0497612
FixedParameters: 0 0 0

#Transform 153
Transform: AffineTransform_float_3_3
Parameters: 0.999997 -0.00229899 0.00134844 0.00230189 0.999996 -0.00196404 -0.00134422 0.00196696 0.999998 0.364043 -0.00154441 -0.0402579
FixedParameters: 0 0 0

#Transform 154
Transform: AffineTransform_float_3_3
Parameters: 0.999995 -0.0031518 0.00113655 0.00315486 0.999991 -0.00250981 -0.00112853 0.00251319 0.999996 0.351332 0.0265752 -0.0384666
FixedParameters: 0 0 0

#Transform 155
Transform: AffineTransform_float_3_3
Parameters: 0.999996 -0.00261405 0.00107319 0.00261599 0.999996 -0.00151951 -0.00106915 0.00152249 0.999998 0.317908 -0.0136716 0.0298555
FixedParameters: 0 0 0

#Transform 156
Transform: AffineTransform_float_3_3
Parameters: 0.999994 -0.00359138 0.000564089 0.00358628 0.999939 0.0104195 -0.000601315 -0.0104175 0.999945 0.255206 -0.382733 0.143701
FixedParameters: 0 0 0

#Transform 157
Transform: AffineTransform_float_3_3
Parameters: 0.999997 -0.00257527 0.000855746 0.00257226 0.999988 0.00400399 -0.000865628 -0.00400201 0.999991 0.312151 -0.156225 -0.00381754
FixedParameters: 0 0 0

#Transform 158
Transform: AffineTransform_float_3_3
Parameters: 0.999996 -0.00299326 0.000711817 0.00299253 0.999995 0.00149175 -0.000715838 -0.00149025 0.999998 0.292664 -0.0899386 0.0406278
FixedParameters: 0 0 0

#Transform 159
Transform: AffineTransform_float_3_3
Parameters: 0.999995 -0.0029237 0.000645907 0.00292342 0.999995 0.000220576 -0.00064719 -0.000218422 1 0.277745 -0.0590971 -0.0180872
FixedParameters: 0 0 0

#Transform 160
Transform: AffineTransform_float_3_3
Parameters: 0.999996 -0.00279832 0.00112862 0.00279869 0.999996 -0.000195149 -0.00112852 0.000198852 0.999999 0.249717 -0.00959757 0.0501399
FixedParameters: 0 0 0

#Transform 161
Transform: AffineTransform_float_3_3
Parameters: 0.999996 -0.00277427 0.000630314 0.00277455 0.999996 -0.000279566 -0.000629754 0.000281435 1 0.284137 -0.0394552 -0.0279919
FixedParameters: 0 0 0

#Transform 162
Transform: AffineTransform_float_3_3
Parameters: 0.999996 -0.00250681 0.00110546 0.002506 0.999996 0.000442625 -0.00110568 -0.000439377 1 0.263947 0.0035523 0.0443645
FixedParameters: 0 0 0

#Transform 163
Transform: AffineTransform_float_3_3
Parameters: 0.999997 -0.00201704 0.00143942 0.00201707 0.999998 -8.15725e-06 -0.00143938 1.08427e-05 0.999999 0.283631 -0.084085 -0.00253872
FixedParameters: 0 0 0

#Transform 164
Transform: AffineTransform_float_3_3
Parameters: 0.999996 -0.00197096 0.00195941 0.00197585 0.999995 -0.00236819 -0.00195472 0.00237181 0.999995 0.217983 -0.0484566 0.0689545
FixedParameters: 0 0 0

#Transform 165
Transform: AffineTransform_float_3_3
Parameters: 0.999996 -0.0024403 0.00135332 0.00244155 0.999997 -0.00088592 -0.00135091 0.00088908 0.999999 0.252755 0.0155716 0.076484
FixedParameters: 0 0 0

#Transform 166
Transform: AffineTransform_float_3_3
Parameters: 0.999996 -0.00284371 0.000978149 0.00284503 0.999995 -0.00134952 -0.000974373 0.00135148 0.999998 0.261036 -0.00713253 0.0045997
FixedParameters: 0 0 0

#Transform 167
Transform: AffineTransform_float_3_3
Parameters: 0.999998 -0.000902584 0.00179558 0.000904284 0.999998 -0.00135029 -0.00179489 0.00135171 0.999997 0.26028 0.0257537 0.0150433
FixedParameters: 0 0 0

#Transform 168
Transform: AffineTransform_float_3_3
Parameters: 0.999996 -0.000408884 0.00278986 0.000414337 0.999999 -0.0017056 -0.00278913 0.00170739 0.999994 0.227231 -0.019565 -0.104138
FixedParameters: 0 0 0

#Transform 169
Transform: AffineTransform_float_3_3
Parameters: 0.999996 -0.000268738 0.00280236 0.000273608 0.999998 -0.00157991 -0.00280118 0.00158108 0.999995 0.226591 -0.0255655 -0.0909147
FixedParameters: 0 0 0

#Transform 170
Transform: AffineTransform_float_3_3
Parameters: 0.999996 -0.000263807 0.00279601 0.000268537 0.999999 -0.00173701 -0.00279469 0.00173799 0.999994 0.22563 -0.0202944 -0.0864791
FixedParameters: 0 0 0

#Transform 171
Transform: AffineTransform_float_3_3
Parameters: 0.999996 -0.000281485 0.00278152 0.00028624 0.999998 -0.00194389 -0.00278093 0.00194512 0.999995 0.226257 -0.00885525 -0.0741389
FixedParameters: 0 0 0

#Transform 172
Transform: AffineTransform_float_3_3
Parameters: 0.999995 -0.00142762 0.00262455 0.00143285 0.999997 -0.00219707 -0.00262176 0.00220094 0.999995 0.240447 0.00419242 -0.0380895
FixedParameters: 0 0 0

#Transform 173
Transform: AffineTransform_float_3_3
Parameters: 0.999994 -0.0013582 0.00314506 0.00134042 0.999983 0.00563152 -0.00315265 -0.00562748 0.999979 0.178363 -0.290699 0.0406486
FixedParameters: 0 0 0

#Transform 174
Transform: AffineTransform_float_3_3
Parameters: 0.999997 0.000148404 0.00217604 -0.000195445 0.999762 0.0218178 -0.00217239 -0.0218182 0.999759 0.246829 -0.661001 -0.111285
FixedParameters: 0 0 0

#Transform 175
Transform: AffineTransform_float_3_3
Parameters: 0.999998 0.000397923 0.00225748 -0.000418489 0.999956 0.00938432 -0.00225358 -0.00938469 0.999954 0.279119 -0.328943 -0.091518
FixedParameters: 0 0 0

#Transform 176
Transform: AffineTransform_float_3_3
Parameters: 0.999997 0.000213634 0.00240289 -0.000235043 0.99996 0.00902171 -0.0024006 -0.00902231 0.999957 0.261145 -0.313886 -0.0821552
FixedParameters: 0 0 0

#Transform 177
Transform: AffineTransform_float_3_3
Parameters: 0.999998 0.000195261 0.00208429 -0.000209315 0.999976 0.00693974 -0.00208369 -0.00694026 0.999973 0.249796 -0.251514 -0.094778
FixedParameters: 0 0 0

#Transform 178
Transform: AffineTransform_float_3_3
Parameters: 0.999997 1.50453e-05 0.00236743 -2.88152e-05 0.999982 0.00587219 -0.0023673 -0.0058728 0.99998 0.234695 -0.211927 -0.0527328
FixedParameters: 0 0 0

#Transform 179
Transform: AffineTransform_float_3_3
Parameters: 0.999997 -0.000238733 0.00218309 0.000227503 0.999987 0.00511867 -0.00218437 -0.00511832 0.999984 0.246843 -0.171139 -0.0120545
FixedParameters: 0 0 0

#Transform 180
Transform: AffineTransform_float_3_3
Parameters: 0.999998 -0.000685127 0.00176748 0.000675469 0.999987 0.00507429 -0.00177103 -0.00507271 0.999985 0.278681 -0.0946209 -0.132517
FixedParameters: 0 0 0

#Transform 181
Transform: AffineTransform_float_3_3
Parameters: 0.999999 -0.000317468 0.0017235 0.000310987 0.999995 0.00334862 -0.00172501 -0.00334738 0.999993 0.327062 -0.16565 -0.211729
FixedParameters: 0 0 0

#Transform 182
Transform: AffineTransform_float_3_3
Parameters: 0.999998 -0.000644528 0.00155604 0.000640944 0.999998 0.00216401 -0.00155707 -0.00216299 0.999996 0.302858 -0.149331 -0.01271
FixedParameters: 0 0 0

#Transform 183
Transform: AffineTransform_float_3_3
Parameters: 0.999999 -0.000675295 0.0016647 0.000670924 0.999997 0.00225921 -0.00166599 -0.00225779 0.999996 0.288655 -0.14182 0.00856901
FixedParameters: 0 0 0

#Transform 184
Transform: AffineTransform_float_3_3
Parameters: 0.999997 -0.00116321 0.00181485 0.00116007 0.999997 0.0017552 -0.00181617 -0.0017528 0.999997 0.278789 -0.0936324 0.0235531
FixedParameters: 0 0 0

#Transform 185
Transform: AffineTransform_float_3_3
Parameters: 0.999998 -0.00110493 0.00151127 0.00110259 0.999997 0.00181576 -0.00151352 -0.00181424 0.999998 0.291099 -0.107459 0.00527585
FixedParameters: 0 0 0

#Transform 186
Transform: AffineTransform_float_3_3
Parameters: 0.999999 -0.000880214 0.00126044 0.000878175 0.999999 0.00123611 -0.0012617 -0.00123488 0.999998 0.279769 -0.0500177 -0.0182663
FixedParameters: 0 0 0

#Transform 187
Transform: AffineTransform_float_3_3
Parameters: 0.999999 -0.00118088 0.00141666 0.00117725 0.999996 0.00279969 -0.0014196 -0.00279832 0.999995 0.246007 -0.142887 0.0822913
FixedParameters: 0 0 0

#Transform 188
Transform: AffineTransform_float_3_3
Parameters: 0.999998 -0.00115919 0.00109264 0.00115573 0.999995 0.00309619 -0.00109606 -0.00309481 0.999994 0.222967 -0.109739 0.131149
FixedParameters: 0 0 0

#Transform 189
Transform: AffineTransform_float_3_3
Parameters: 0.999999 -0.000592195 0.00118683 0.000590185 0.999998 0.00217371 -0.00118765 -0.00217329 0.999997 0.223691 -0.0657993 0.105465
FixedParameters: 0 0 0

#Transform 190
Transform: AffineTransform_float_3_3
