#Insight Transform File V1.0
#Transform 0
Transform: AffineTransform_float_3_3
Parameters: 1 3.28858e-05 0.000308251 -3.2998e-05 1 0.00018199 -0.000308239 -0.00018201 1 -0.0117121 0.00294254 0.0255917
FixedParameters: 0 0 0

#Transform 1
Transform: AffineTransform_float_3_3
Parameters: 1 5.39801e-05 0.000505124 -5.39842e-05 1 3.97273e-06 -0.000505123 -4.02727e-06 1 -0.0327363 0.0457005 0.00347543
FixedParameters: 0 0 0

#Transform 2
Transform: AffineTransform_float_3_3
Parameters: 1 0.000214772 -2.29956e-05 -0.000214782 1 -0.000197995 2.29105e-05 0.000198005 1 -0.0151755 0.0384255 0.0245913
FixedParameters: 0 0 0

#Transform 3
Transform: AffineTransform_float_3_3
Parameters: 1 -0.000292013 0.00034587 0.000291763 1 0.000362101 -0.000346082 -0.000361899 1 -0.0268504 -0.0189225 0.0145367
FixedParameters: 0 0 0

#Transform 4
Transform: AffineTransform_float_3_3
Parameters: 1 -2.72213e-23 -3.02695e-20 -9.05988e-24 1 -0.000301 3.01e-20 0.000301 1 -0.01235 0.0591344 0.0331018
FixedParameters: 0 0 0

#Transform 5
Transform: AffineTransform_float_3_3
Parameters: 1 0.000238713 0.00019962 -0.000238447 1 -0.000666059 -0.000199938 0.000666941 0.999999 -0.0196437 0.0530573 0.0599441
FixedParameters: 0 0 0

#Transform 6
Transform: AffineTransform_float_3_3
Parameters: 1 -0.000297877 0.000281157 0.000297724 1 0.000271095 -0.000281319 -0.000271905 1 -0.0385653 -0.00255134 0.0263619
FixedParameters: 0 0 0

#Transform 7
Transform: AffineTransform_float_3_3
Parameters: 1 -0.000252292 0.000246174 0.00025224 1 0.000106062 -0.000246228 -0.000105938 1 -0.0269535 0.0496978 0.0113531
FixedParameters: 0 0 0

#Transform 8
Transform: AffineTransform_float_3_3
Parameters: 1 -0.000149698 0.000235352 0.00015 1 -0.000641964 -0.000235159 0.000642035 1 -0.0328414 0.0463756 0.0380653
FixedParameters: 0 0 0

#Transform 9
Transform: AffineTransform_float_3_3
Parameters: 1 -0.000414289 0.000263606 0.000414397 1 -0.000203891 -0.000263437 0.000204109 1 -0.0303645 0.0361871 0.0219549
FixedParameters: 0 0 0

#Transform 10
Transform: AffineTransform_float_3_3
Parameters: 1 -0.000394401 0.00026148 0.000394511 1 -0.000210897 -0.000261313 0.000211103 1 -0.030423 0.0704844 0.0254032
FixedParameters: 0 0 0

#Transform 11
Transform: AffineTransform_float_3_3
Parameters: 1 2.34127e-05 0.000216739 -2.29184e-05 1 -0.00114001 -0.000216792 0.00114 1 -0.0268892 0.122749 0.0470539
FixedParameters: 0 0 0

#Transform 12
Transform: AffineTransform_float_3_3
Parameters: 1 -6.32575e-05 0.000226034 6.34261e-05 1 -0.000372986 -0.000225987 0.000373014 1 -0.029883 0.0269811 0.0155836
FixedParameters: 0 0 0

#Transform 13
Transform: AffineTransform_float_3_3
Parameters: 1 1.44569e-05 0.000135229 -1.44469e-05 1 -3.7002e-05 -0.00013523 3.6998e-05 1 -0.0252677 0.0243319 -0.00129863
FixedParameters: 0 0 0

#Transform 14
Transform: AffineTransform_float_3_3
Parameters: 1 0.000174597 -9.72408e-05 -0.000174636 0.999999 -0.000743983 9.79754e-05 0.000744017 0.999999 -0.0147243 0.0544673 0.0311945
FixedParameters: 0 0 0

#Transform 15
Transform: AffineTransform_float_3_3
Parameters: 1 2.31474e-05 0.000216768 -2.31838e-05 1 8.3995e-05 -0.000216764 -8.4005e-05 1 -0.00896851 0.0036791 0.00779429
FixedParameters: 0 0 0

#Transform 16
Transform: AffineTransform_float_3_3
Parameters: 1 -9.4952e-06 -8.8492e-05 9.4198e-06 1 -0.000426001 8.85001e-05 0.000425999 1 -0.0122363 0.0428304 0.0258087
FixedParameters: 0 0 0

#Transform 17
Transform: AffineTransform_float_3_3
Parameters: 1 0.00010682 0.000207773 -0.00010656 1 -0.000627022 -0.000207906 0.000626978 1 -0.0168085 0.0483536 0.0401848
FixedParameters: 0 0 0

#Transform 18
Transform: AffineTransform_float_3_3
Parameters: 1 -0.000249851 -1.3545e-05 0.000249853 1 7.49966e-05 1.35076e-05 -7.50034e-05 1 -0.0174079 -0.00903509 -0.00848013
FixedParameters: 0 0 0

#Transform 19
Transform: AffineTransform_float_3_3
Parameters: 1 8.76895e-05 -6.37381e-05 -8.6775e-05 1 -0.000626994 6.35224e-05 0.000627005 1 -0.00872178 0.0633646 0.0371631
FixedParameters: 0 0 0

#Transform 20
Transform: AffineTransform_float_3_3
Parameters: 1 2.31034e-05 0.000216772 -2.32278e-05 1 0.000286995 -0.000216759 -0.000287005 1 -0.00169197 -0.0109742 -0.0066059
FixedParameters: 0 0 0

#Transform 21
Transform: AffineTransform_float_3_3
Parameters: 1 7.46591e-06 6.96007e-05 -7.41106e-06 1 -0.000394 -6.96066e-05 0.000393999 1 0.00136543 0.0320168 0.0275063
FixedParameters: 0 0 0

#Transform 22
Transform: AffineTransform_float_3_3
Parameters: 1 -1.02367e-05 -9.54527e-05 1.0166e-05 1 -0.000370001 9.54602e-05 0.000369999 1 -0.00284808 0.0342484 0.0530651
FixedParameters: 0 0 0

#Transform 23
Transform: AffineTransform_float_3_3
Parameters: 1 -0.000446432 0.000161209 0.000446438 1 0.000311072 -0.000160492 -0.000310928 1 -0.010682 -0.0150298 0.00532803
FixedParameters: 0 0 0

#Transform 24
Transform: AffineTransform_float_3_3
Parameters: 1 -1.345e-05 -0.00012528 1.33285e-05 1 -0.000485002 0.000125293 0.000484998 1 0.00297663 0.0641066 0.0320146
FixedParameters: 0 0 0

#Transform 25
Transform: AffineTransform_float_3_3
Parameters: 1 -0.000264985 0.000155923 0.000264853 1 0.000422041 -0.000156147 -0.000421959 1 -0.00389689 0.0128787 -0.000692261
FixedParameters: 0 0 0

#Transform 26
Transform: AffineTransform_float_3_3
Parameters: 1 -0.000344369 0.00025003 0.000344396 1 -5.39139e-05 -0.000249992 5.40861e-05 1 -0.00978417 0.025974 0.00149198
FixedParameters: 0 0 0

#Transform 27
Transform: AffineTransform_float_3_3
Parameters: 1 5.64556e-05 -0.000214249 -5.56621e-05 1 -0.000468988 0.00021409 0.000469012 1 0.00392971 0.0529675 0.024521
FixedParameters: 0 0 0

#Transform 28
Transform: AffineTransform_float_3_3
Parameters: 1 -0.000268515 -0.000179591 0.00026867 1 0.000432952 0.000179358 -0.000433048 1 0.00483381 -0.00531826 -0.0272932
FixedParameters: 0 0 0

#Transform 29
Transform: AffineTransform_float_3_3
Parameters: 1 -2.20932e-05 -0.000205818 2.19001e-05 1 -0.000469004 0.000205838 0.000468995 1 0.013259 0.0578419 0.0267035
FixedParameters: 0 0 0

#Transform 30
Transform: AffineTransform_float_3_3
Parameters: 1 -2.94743e-05 -0.000277439 2.9821e-05 1 0.000624991 0.000277402 -0.000625008 1 0.0199362 -0.0202107 -0.0390805
FixedParameters: 0 0 0

#Transform 31
Transform: AffineTransform_float_3_3
Parameters: 1 -2.20166e-05 -0.000205826 2.19767e-05 1 -9.70045e-05 0.00020583 9.69955e-05 1 0.00919662 0.0520786 -0.00978847
FixedParameters: 0 0 0

#Transform 32
Transform: AffineTransform_float_3_3
Parameters: 1 -0.000115353 -0.000195905 0.000114581 1 0.000567977 0.00019588 -0.000568022 1 0.0136704 0.00656362 -0.0403177
FixedParameters: 0 0 0

#Transform 33
Transform: AffineTransform_float_3_3
Parameters: 1 -2.20166e-05 -0.000205826 2.19767e-05 1 -9.70045e-05 0.00020583 9.69955e-05 1 0.0132653 0.0525758 -0.00319113
FixedParameters: 0 0 0

#Transform 34
Transform: AffineTransform_float_3_3
Parameters: 1 0.000112092 -0.000146699 -0.000111991 1 0.000341016 0.000146775 -0.000340984 1 0.0120447 0.00188395 -0.0238217
FixedParameters: 0 0 0

#Transform 35
Transform: AffineTransform_float_3_3
Parameters: 1 -2.19734e-05 -0.00020583 2.20199e-05 1 0.000112995 0.000205825 -0.000113005 1 0.0132684 0.0223308 -0.0154376
FixedParameters: 0 0 0

#Transform 36
Transform: AffineTransform_float_3_3
Parameters: 1 -2.20339e-05 -0.000205824 2.19594e-05 1 -0.000181005 0.000205832 0.000180995 1 0.013258 0.0371404 0.0336781
FixedParameters: 0 0 0

#Transform 37
Transform: AffineTransform_float_3_3
Parameters: 1 -0.000146358 0.000108983 0.000146099 1 0.00118902 -0.000109331 -0.00118898 1 -0.00244282 -0.0154792 -0.0472389
FixedParameters: 0 0 0

#Transform 38
Transform: AffineTransform_float_3_3
Parameters: 1 5.95262e-05 -0.000214545 -5.95519e-05 1 -5.99872e-05 0.000214538 6.00128e-05 1 -0.0044432 0.0635763 0.0243371
FixedParameters: 0 0 0

#Transform 39
Transform: AffineTransform_float_3_3
Parameters: 1 -4.43674e-06 -4.1765e-05 4.48944e-06 1 0.000631 4.17594e-05 -0.000631 1 -0.00013399 -0.00658516 -0.0274463
FixedParameters: 0 0 0

#Transform 40
Transform: AffineTransform_float_3_3
Parameters: 1 -5.20324e-06 -4.8723e-05 5.21064e-06 1 7.59997e-05 4.87222e-05 -7.60003e-05 1 -0.00300573 0.04554 -0.0144502
FixedParameters: 0 0 0

#Transform 41
Transform: AffineTransform_float_3_3
Parameters: 1 -2.64315e-06 -2.48599e-05 2.67005e-06 1 0.000541 2.4857e-05 -0.000541 1 -0.0109087 0.0242808 -0.0346617
FixedParameters: 0 0 0

#Transform 42
Transform: AffineTransform_float_3_3
Parameters: 1 -2.6435e-06 -2.48598e-05 2.6697e-06 1 0.000527 2.4857e-05 -0.000527 1 0.00354621 0.0189359 -0.0317658
FixedParameters: 0 0 0

#Transform 43
Transform: AffineTransform_float_3_3
Parameters: 1 0.000228809 -0.000305102 -0.000228951 1 -0.00023293 0.000304996 0.00023307 1 0.00720477 0.054332 0.0122585
FixedParameters: 0 0 0

#Transform 44
Transform: AffineTransform_float_3_3
Parameters: 1 -0.00035541 0.000232817 0.000355079 0.999999 0.000709082 -0.000233321 -0.000708917 0.999999 -0.0201039 -0.00105358 -0.0145774
FixedParameters: 0 0 0

#Transform 45
Transform: AffineTransform_float_3_3
Parameters: 1 0.000217079 -4.83999e-05 -0.000217105 1 -0.000262989 4.82857e-05 0.00026301 1 -0.00339366 0.0623513 0.0121068
FixedParameters: 0 0 0

#Transform 46
Transform: AffineTransform_float_3_3
Parameters: 1 -2.63087e-06 -2.48612e-05 2.68233e-06 1 0.001035 2.48557e-05 -0.001035 1 -0.010908 -0.00443659 -0.0609137
FixedParameters: 0 0 0

#Transform 47
Transform: AffineTransform_float_3_3
Parameters: 1 6.06506e-05 -0.000513383 -6.09329e-05 1 -0.000274969 0.00051335 0.000275031 1 0.00261416 0.0628573 0.0214755
FixedParameters: 0 0 0

#Transform 48
Transform: AffineTransform_float_3_3
Parameters: 1 -5.39329e-05 3.18786e-05 5.38959e-05 1 0.000579002 -3.1941e-05 -0.000578998 1 -0.00518187 0.00034619 -0.00854818
FixedParameters: 0 0 0

#Transform 49
Transform: AffineTransform_float_3_3
Parameters: 1 -1.69018e-05 -0.000158099 1.68901e-05 1 -3.70027e-05 0.0001581 3.69973e-05 1 -0.00823692 0.0562958 0.00667601
FixedParameters: 0 0 0

#Transform 50
Transform: AffineTransform_float_3_3
Parameters: 1 9.21585e-05 -0.000154618 -9.20144e-05 1 0.000466014 0.000154704 -0.000465986 1 -0.000590029 0.0230741 -0.0157353
FixedParameters: 0 0 0

#Transform 51
Transform: AffineTransform_float_3_3
Parameters: 1 -1.09099e-05 -0.000102421 1.09805e-05 1 0.000344999 0.000102413 -0.000345001 1 0.00193373 0.0273487 -0.0168018
FixedParameters: 0 0 0

#Transform 52
Transform: AffineTransform_float_3_3
Parameters: 1 -2.17248e-05 -0.000203846 2.18434e-05 1 0.000290996 0.000203833 -0.000291004 1 -0.00728984 0.0493618 -0.00373346
FixedParameters: 0 0 0

#Transform 53
Transform: AffineTransform_float_3_3
Parameters: 1 -0.000276233 -0.000176795 0.000276543 1 0.000576951 0.00017747 -0.000577049 1 -0.000708112 0.00113473 -0.0303469
FixedParameters: 0 0 0

#Transform 54
Transform: AffineTransform_float_3_3
Parameters: 1 -0.00016991 -0.000188033 0.000170077 1 0.000159968 0.000188973 -0.000160032 1 -0.00662733 0.0406479 -0.0252602
FixedParameters: 0 0 0

#Transform 55
Transform: AffineTransform_float_3_3
Parameters: 1 -0.000393586 0.000195558 0.000393231 0.999999 0.000905076 -0.00019627 -0.000904922 0.999999 -0.00283177 -0.031146 -0.0385135
FixedParameters: 0 0 0

#Transform 56
Transform: AffineTransform_float_3_3
Parameters: 1 -0.000505305 9.97599e-05 0.000505217 1 0.000975945 -9.97518e-05 -0.000976055 0.999999 -0.0120204 0.00226393 -0.0119904
FixedParameters: 0 0 0

#Transform 57
Transform: AffineTransform_float_3_3
Parameters: 1 -0.000269376 0.000171454 0.000269313 1 0.000494046 -0.000170726 -0.000493954 1 -0.0159137 0.0435249 0.0115482
FixedParameters: 0 0 0

#Transform 58
Transform: AffineTransform_float_3_3
Parameters: 1 -0.00044815 -0.000158833 0.000448667 0.999999 0.00129593 0.000158665 -0.00129607 0.999999 -0.00522757 -0.00490527 -0.045032
FixedParameters: 0 0 0

#Transform 59
Transform: AffineTransform_float_3_3
Parameters: 1 -0.000448236 -0.000158588 0.00044858 0.999999 0.000748928 0.00015891 -0.000749071 0.999999 -0.0119684 0.0616578 -0.000826289
FixedParameters: 0 0 0

#Transform 60
Transform: AffineTransform_float_3_3
Parameters: 1 -0.000659331 0.000212438 0.000658918 0.999999 0.00122114 -0.000213053 -0.00122086 0.999999 -0.0196447 0.00581963 -0.0237114
FixedParameters: 0 0 0

#Transform 61
Transform: AffineTransform_float_3_3
Parameters: 1 -0.000655909 0.000225354 0.000655601 1 0.000919042 -0.000225565 -0.000918958 0.999999 -0.0167943 0.0333165 -0.0164009
FixedParameters: 0 0 0

#Transform 62
Transform: AffineTransform_float_3_3
Parameters: 1 -0.000383643 -0.000165344 0.00038391 1 0.000482936 0.000165968 -0.000483064 1 -0.0196566 0.045298 0.0160762
FixedParameters: 0 0 0

#Transform 63
Transform: AffineTransform_float_3_3
Parameters: 1 -0.000584765 0.00029004 0.000585162 0.999999 0.00121217 -0.00029057 -0.00121183 0.999999 -0.0149321 -0.00561793 -0.0223068
FixedParameters: 0 0 0

#Transform 64
Transform: AffineTransform_float_3_3
Parameters: 0.999999 -0.000771645 0.000233728 0.000771401 1 0.000749075 -0.00023389 -0.000748926 0.999999 -0.0221567 0.0279998 0.0079981
FixedParameters: 0 0 0

#Transform 65
Transform: AffineTransform_float_3_3
Parameters: 1 -0.000370747 -0.000166651 0.000370953 1 0.000296938 0.000167425 -0.000297062 1 -0.0192194 0.0573066 0.0363071
FixedParameters: 0 0 0

#Transform 66
Transform: AffineTransform_float_3_3
Parameters: 1 -0.000395847 0.000335574 0.000396337 0.999999 0.000909144 -0.000335406 -0.000909855 0.999999 -0.00975969 -0.0201939 -0.0081645
FixedParameters: 0 0 0

#Transform 67
Transform: AffineTransform_float_3_3
Parameters: 1 -0.000209412 8.26785e-05 0.000209486 1 0.000196017 -8.17663e-05 -0.000195983 1 -0.0056414 0.0405308 0.0201303
FixedParameters: 0 0 0

#Transform 68
Transform: AffineTransform_float_3_3
Parameters: 1 -0.000108195 6.07525e-05 0.0001081 0.999999 0.000778006 -6.09208e-05 -0.000777993 0.999999 0.000299736 -0.00843695 -0.00720197
FixedParameters: 0 0 0

#Transform 69
Transform: AffineTransform_float_3_3
Parameters: 1 -0.000271265 7.81055e-05 0.000271173 1 0.000584021 -7.84223e-05 -0.000583979 1 0.0041933 0.0124854 -0.00795583
FixedParameters: 0 0 0

#Transform 70
Transform: AffineTransform_float_3_3
Parameters: 1 -0.000127079 6.27777e-05 0.000127001 1 0.000614008 -6.29337e-05 -0.000613992 1 0.000640882 0.0129706 0.00408243
FixedParameters: 0 0 0

#Transform 71
Transform: AffineTransform_float_3_3
Parameters: 1 -0.00042146 9.38826e-05 0.000421268 1 0.00101404 -9.47371e-05 -0.00101396 1 -0.00836399 0.0218628 -0.00632639
FixedParameters: 0 0 0

#Transform 72
Transform: AffineTransform_float_3_3
Parameters: 1 -0.000421421 9.40536e-05 0.000421306 0.999999 0.000608039 -9.4566e-05 -0.00060796 1 -0.00870456 0.0320711 0.0120639
FixedParameters: 0 0 0

#Transform 73
Transform: AffineTransform_float_3_3
Parameters: 1 -0.00042142 9.40595e-05 0.000421308 0.999999 0.000594039 -9.45601e-05 -0.00059396 1 -0.0104613 0.0309171 -0.00130288
FixedParameters: 0 0 0

#Transform 74
Transform: AffineTransform_float_3_3
Parameters: 1 -0.000201664 7.06877e-05 0.000201567 0.999999 0.000683014 -7.09632e-05 -0.000682985 1 -0.000452623 0.03002 0.00975381
FixedParameters: 0 0 0

#Transform 75
Transform: AffineTransform_float_3_3
Parameters: 1 -0.000436316 -4.61898e-05 0.000436485 0.999999 0.00068298 4.6588e-05 -0.00068302 1 -0.00293744 0.0293676 0.000776122
FixedParameters: 0 0 0

#Transform 76
Transform: AffineTransform_float_3_3
Parameters: 1 -0.000105211 6.04379e-05 0.000105119 0.999999 0.000760006 -6.05978e-05 -0.000759993 0.999999 0.00612216 0.0217154 -0.00127568
FixedParameters: 0 0 0

#Transform 77
Transform: AffineTransform_float_3_3
Parameters: 1 -0.000219543 7.26493e-05 0.000219484 1 0.000405016 -7.28271e-05 -0.000404984 1 -0.00181588 0.0336092 -0.00926056
FixedParameters: 0 0 0

#Transform 78
Transform: AffineTransform_float_3_3
Parameters: 1 -0.000238508 7.44303e-05 0.000238303 0.999999 0.00137102 -7.5084e-05 -0.00137098 0.999999 0.00214872 0.00578389 -0.0144285
FixedParameters: 0 0 0

#Transform 79
Transform: AffineTransform_float_3_3
Parameters: 1 -0.000439907 -7.99909e-05 0.00044012 0.999999 0.000662965 8.04018e-05 -0.000663035 1 -0.00186335 0.00271891 -0.0215026
FixedParameters: 0 0 0

#Transform 80
Transform: AffineTransform_float_3_3
Parameters: 1 -0.000223712 -0.000336282 0.000224255 0.999999 0.000806924 0.000335921 -0.000807075 0.999999 0.00593852 -0.000157827 -0.0189877
FixedParameters: 0 0 0

#Transform 81
Transform: AffineTransform_float_3_3
Parameters: 1 -0.000285421 -0.000329696 0.000285844 1 0.000641905 0.00032933 -0.000642094 0.999999 0.00914312 0.00418306 -0.00993005
FixedParameters: 0 0 0

#Transform 82
Transform: AffineTransform_float_3_3
Parameters: 1 -0.000333102 -0.000324678 0.000332625 0.999999 0.000795892 0.000324254 -0.000796108 0.999999 0.00786264 0.00205207 -0.00143511
FixedParameters: 0 0 0

#Transform 83
Transform: AffineTransform_float_3_3
Parameters: 1 -0.000464421 -0.000310673 0.000464805 1 0.000618844 0.000310098 -0.000618155 0.999999 0.00245862 0.0237701 0.002232
FixedParameters: 0 0 0

#Transform 84
Transform: AffineTransform_float_3_3
Parameters: 1 -0.000317161 -0.000326395 0.000316747 0.999999 0.000889896 0.000325937 -0.000890103 0.999999 0.0123128 0.00094351 -0.00455945
FixedParameters: 0 0 0

#Transform 85
Transform: AffineTransform_float_3_3
Parameters: 1 -0.000464474 -0.000310594 0.000464753 1 0.000448856 0.000310177 -0.000449144 1 -0.000924368 0.0341817 -0.0133914
FixedParameters: 0 0 0

#Transform 86
Transform: AffineTransform_float_3_3
Parameters: 1 -0.000464268 -0.000310902 0.000465066 1 0.00111186 0.000310863 -0.00111215 1 0.0053913 -0.019458 -0.0383541
FixedParameters: 0 0 0

#Transform 87
Transform: AffineTransform_float_3_3
Parameters: 1 -0.000464364 -0.000310759 0.000464863 0.999999 0.000803855 0.000310012 -0.000804143 0.999999 -0.00131893 0.0352699 -0.0260869
FixedParameters: 0 0 0

#Transform 88
Transform: AffineTransform_float_3_3
Parameters: 1 -0.000418672 0.000120543 0.000419311 0.999999 0.00146605 -0.000121878 -0.00146595 0.999999 -0.0212886 -0.00904958 -0.0371824
FixedParameters: 0 0 0

#Transform 89
Transform: AffineTransform_float_3_3
Parameters: 1 -0.000423841 7.12464e-05 0.000423775 1 0.00045703 -7.16337e-05 -0.00045697 1 -0.0266091 0.0389651 -0.00775701
FixedParameters: 0 0 0

#Transform 90
Transform: AffineTransform_float_3_3
Parameters: 0.999999 -0.000765157 0.000181478 0.000764863 0.999999 0.00110014 -0.000182167 -0.00109986 1 -0.0326193 -0.0129411 -0.0241371
FixedParameters: 0 0 0

#Transform 91
Transform: AffineTransform_float_3_3
Parameters: 1 -0.000439288 -7.39397e-05 0.000439464 1 0.000469967 7.4521e-05 -0.000470033 1 -0.0236383 0.0389006 -0.00620718
FixedParameters: 0 0 0

#Transform 92
Transform: AffineTransform_float_3_3
Parameters: 1 -0.000380737 0.000477812 0.000380948 0.999999 0.000819181 -0.000478542 -0.000818817 0.999999 -0.023955 0.00519889 0.00166484
FixedParameters: 0 0 0

#Transform 93
Transform: AffineTransform_float_3_3
Parameters: 1 -0.000148173 4.39626e-05 0.000148155 1 0.000209007 -4.40246e-05 -0.000208993 1 -0.0109103 0.044824 0.00287339
FixedParameters: 0 0 0

#Transform 94
Transform: AffineTransform_float_3_3
Parameters: 1 -0.000238062 -2.61476e-05 0.000238127 0.999999 0.00126899 2.55433e-05 -0.00126901 0.999999 -0.00525725 -0.0185572 -0.063112
FixedParameters: 0 0 0

#Transform 95
Transform: AffineTransform_float_3_3
Parameters: 1 3.90989e-05 -1.1304e-06 -3.9097e-05 0.999999 0.00079 1.19217e-06 -0.000789999 0.999999 -0.00498395 0.0265226 -0.0305865
FixedParameters: 0 0 0

#Transform 96
Transform: AffineTransform_float_3_3
Parameters: 1 -0.000251282 2.95842e-05 0.000251322 1 0.00112901 -2.91573e-05 -0.00112899 1 -0.0200956 -0.00106267 -0.0344961
FixedParameters: 0 0 0

#Transform 97
Transform: AffineTransform_float_3_3
Parameters: 1 -1.03913e-05 -0.000203032 1.08765e-05 1 0.001195 0.000203007 -0.001195 1 -0.0069606 0.00414612 0.0265204
FixedParameters: 0 0 0

#Transform 98
Transform: AffineTransform_float_3_3
Parameters: 1 -0.000202546 0.000485719 0.000201405 0.999997 0.0021952 -0.000486712 -0.0021948 0.999998 -0.0294006 -0.0367972 -0.0142015
FixedParameters: 0 0 0

#Transform 99
Transform: AffineTransform_float_3_3
Parameters: 1 0.000137294 -2.35038e-05 -0.000137219 0.999999 0.001573 2.39356e-05 -0.001573 0.999999 -0.0147679 0.0288452 0.0252162
FixedParameters: 0 0 0

#Transform 100
Transform: AffineTransform_float_3_3
Parameters: 1 -1.98324e-05 -6.97695e-06 1.98651e-05 0.999997 0.002365 6.88306e-06 -0.002365 0.999997 -0.0119315 -0.0496398 -0.0367013
FixedParameters: 0 0 0

#Transform 101
Transform: AffineTransform_float_3_3
Parameters: 1 9.65218e-05 -1.9197e-05 -9.64553e-05 0.999998 0.001719 1.95287e-05 -0.001719 0.999998 -0.0110851 0.0252682 -0.00134401
FixedParameters: 0 0 0

#Transform 102
Transform: AffineTransform_float_3_3
Parameters: 1 -3.97239e-05 -4.90057e-06 3.9747e-05 0.999997 0.002412 4.70889e-06 -0.002412 0.999997 -0.0126199 -0.0272138 -0.0376242
FixedParameters: 0 0 0

#Transform 103
Transform: AffineTransform_float_3_3
Parameters: 1 -1.0328e-06 -0.000325675 2.20001e-06 0.999999 0.001792 0.000325669 -0.001792 0.999999 -0.00389188 0.00640248 -0.00690312
FixedParameters: 0 0 0

#Transform 104
Transform: AffineTransform_float_3_3
Parameters: 1 0.000195358 -0.000208471 -0.000194561 0.999997 0.00216804 0.000208322 -0.00216796 0.999997 -0.000490097 -0.0201183 -0.0192878
FixedParameters: 0 0 0

#Transform 105
Transform: AffineTransform_float_3_3
Parameters: 1 0.000150232 -2.48041e-05 -0.000150133 0.999998 0.001978 2.53982e-05 -0.001978 0.999998 -0.00620006 -0.000645019 -0.0348729
FixedParameters: 0 0 0

#Transform 106
Transform: AffineTransform_float_3_3
Parameters: 1 9.61213e-05 -0.000358002 -9.59398e-05 0.999999 0.00179204 0.000357459 -0.00179197 0.999999 -8.42568e-05 0.00564555 -0.01178
FixedParameters: 0 0 0

#Transform 107
Transform: AffineTransform_float_3_3
Parameters: 1 -1.96562e-05 -0.000264391 2.07543e-05 0.999998 0.00207699 0.000264307 -0.002077 0.999998 0.0114546 -0.0193568 -0.0188818
FixedParameters: 0 0 0

#Transform 108
Transform: AffineTransform_float_3_3
Parameters: 1 0.000328886 -0.000467944 -0.00032825 0.999999 0.00173916 0.000469193 -0.00173885 0.999999 0.0162434 0.00843292 0.00716604
FixedParameters: 0 0 0

#Transform 109
Transform: AffineTransform_float_3_3
Parameters: 1 -0.00017935 0.000102193 0.000178869 0.999997 0.00234702 -0.000103034 -0.00234698 0.999997 -0.00686262 -0.0402686 -0.0276091
FixedParameters: 0 0 0

#Transform 110
Transform: AffineTransform_float_3_3
Parameters: 1 0.000184887 -0.000115969 -0.00018449 0.999998 0.00170602 0.000116599 -0.00170598 0.999998 -0.00292139 0.00953007 0.0077207
FixedParameters: 0 0 0

#Transform 111
Transform: AffineTransform_float_3_3
Parameters: 1 0.000264241 5.58088e-05 -0.000264596 0.999998 0.00222699 -5.56254e-05 -0.00222702 0.999998 0.0143471 -0.031565 -0.0371477
FixedParameters: 0 0 0

#Transform 112
Transform: AffineTransform_float_3_3
Parameters: 1 0.000416662 -0.000484212 -0.000414983 0.999999 0.0017312 0.000485652 -0.0017308 0.999999 0.022139 0.00768046 -0.000922666
FixedParameters: 0 0 0

#Transform 113
Transform: AffineTransform_float_3_3
Parameters: 1 9.71208e-05 -0.000379147 -9.64435e-05 0.999997 0.00234604 0.000378713 -0.00234596 0.999997 0.0219975 -0.0398256 -0.0425189
FixedParameters: 0 0 0

#Transform 114
Transform: AffineTransform_float_3_3
Parameters: 1 0.000228627 -0.000581024 -0.000227364 0.999998 0.00194113 0.000582016 -0.00194087 0.999998 0.00934305 0.0232948 -0.00120579
FixedParameters: 0 0 0

#Transform 115
Transform: AffineTransform_float_3_3
Parameters: 1 -0.000241739 -3.30968e-05 0.000242011 0.999997 0.00252199 3.28711e-05 -0.00252201 0.999997 -0.00169352 -0.0482943 -0.0737352
FixedParameters: 0 0 0

#Transform 116
Transform: AffineTransform_float_3_3
Parameters: 1 0.000294883 -0.000188844 -0.000294313 0.999999 0.00179206 0.000188905 -0.00179195 0.999999 0.00221624 -0.0171829 -0.0205615
FixedParameters: 0 0 0

#Transform 117
Transform: AffineTransform_float_3_3
Parameters: 1 1.70397e-05 0.000105805 -1.76328e-05 0.999996 0.002804 -0.000105708 -0.002804 0.999996 -0.0134259 -0.0828124 -0.0483347
FixedParameters: 0 0 0

#Transform 118
Transform: AffineTransform_float_3_3
Parameters: 1 0.000146751 -0.000135 -0.000146254 0.999998 0.00223902 0.000134662 -0.00223898 0.999998 -0.00376094 -0.00900571 -0.0189951
FixedParameters: 0 0 0

#Transform 119
Transform: AffineTransform_float_3_3
Parameters: 1 0.000218383 -0.000142456 -0.0002188 0.999997 0.00239803 0.000142617 -0.00239797 0.999997 -0.0012383 -0.0129014 -0.0240341
FixedParameters: 0 0 0

#Transform 120
Transform: AffineTransform_float_3_3
Parameters: 1 -0.000414384 0.00016275 0.000414566 0.999996 0.00281007 -0.000164191 -0.00280993 0.999996 -0.0147353 -0.044391 -0.0412263
FixedParameters: 0 0 0

#Transform 121
Transform: AffineTransform_float_3_3
Parameters: 1 -0.000126161 0.000227274 0.000125985 0.999996 0.00281003 -0.000227094 -0.00280997 0.999996 -0.0122906 -0.0239469 -0.0541785
FixedParameters: 0 0 0

#Transform 122
Transform: AffineTransform_float_3_3
Parameters: 1 0.000140769 -0.000268165 -0.000139771 0.999998 0.00185805 0.000268686 -0.00185895 0.999999 -0.000734398 0.0228009 0.00834067
FixedParameters: 0 0 0

#Transform 123
Transform: AffineTransform_float_3_3
Parameters: 1 -0.000102826 -3.14946e-05 0.000101985 0.999997 0.002455 3.1098e-05 -0.002455 0.999997 -0.00540014 -0.0596668 -0.0162367
FixedParameters: 0 0 0

#Transform 124
Transform: AffineTransform_float_3_3
Parameters: 1 -0.000278266 0.000243189 0.000277152 0.999997 0.00250707 -0.000243587 -0.00250693 0.999997 -0.00322023 -0.0419272 -0.00534619
FixedParameters: 0 0 0

#Transform 125
Transform: AffineTransform_float_3_3
Parameters: 1 0.00019598 -0.000486289 -0.000195828 1 0.0011781 0.000486857 -0.00117791 0.999999 -0.00204395 0.0507339 0.0485369
FixedParameters: 0 0 0

#Transform 126
Transform: AffineTransform_float_3_3
Parameters: 1 0.000114682 -0.000363939 -0.000113211 0.999998 0.00202004 0.0003644 -0.00201996 0.999998 0.000646461 -0.0333342 0.0117257
FixedParameters: 0 0 0

#Transform 127
Transform: AffineTransform_float_3_3
Parameters: 1 -0.000411755 0.000187709 0.000411883 0.999997 0.00258297 -0.000188948 -0.00258303 0.999996 -0.0290123 -0.0596299 -0.018284
FixedParameters: 0 0 0

#Transform 128
Transform: AffineTransform_float_3_3
Parameters: 1 0.000160652 -0.000155598 -0.000160133 0.999998 0.00201102 0.000155249 -0.00201097 0.999998 -0.00281961 0.0289238 0.0219354
FixedParameters: 0 0 0

#Transform 129
Transform: AffineTransform_float_3_3
Parameters: 1 0.000388466 -0.000235906 -0.000388751 0.999999 0.00172599 0.000236359 -0.00172601 0.999998 0.00632811 -0.00363746 0.0517213
FixedParameters: 0 0 0

#Transform 130
Transform: AffineTransform_float_3_3
Parameters: 1 0.000112785 -0.000219894 -0.000112795 0.999997 0.00248302 0.000219566 -0.00248297 0.999997 -0.0027161 -0.057646 0.0052117
FixedParameters: 0 0 0

#Transform 131
Transform: AffineTransform_float_3_3
Parameters: 1 0.000139162 -0.000205752 -0.000138646 0.999999 0.00125303 0.0002061 -0.00125297 0.999999 -0.0109526 0.0226296 0.0650445
FixedParameters: 0 0 0

#Transform 132
Transform: AffineTransform_float_3_3
Parameters: 1 0.000155269 -5.34853e-05 -0.000155164 0.999998 0.00198101 5.31059e-05 -0.00198099 0.999998 -0.00536645 -0.0242065 0.0204815
FixedParameters: 0 0 0

#Transform 133
Transform: AffineTransform_float_3_3
Parameters: 1 0.000164548 -0.000253474 -0.000163464 0.999997 0.00234904 0.00025325 -0.00234896 0.999997 -0.00476544 -0.0157875 -0.010318
FixedParameters: 0 0 0

#Transform 134
Transform: AffineTransform_float_3_3
Parameters: 1 0.000190205 -0.00021902 -0.000190307 0.999998 0.00203504 0.000219901 -0.00203496 0.999998 -0.00563862 0.00246711 -0.00579718
FixedParameters: 0 0 0

#Transform 135
Transform: AffineTransform_float_3_3
Parameters: 1 0.00030934 -5.13687e-05 -0.000309184 0.999996 0.00253601 5.1943e-05 -0.00253598 0.999997 -0.00585714 -0.0208726 -0.0206052
FixedParameters: 0 0 0

#Transform 136
Transform: AffineTransform_float_3_3
Parameters: 1 0.000131819 -0.000209899 -0.000131005 0.999998 0.00193803 0.000210409 -0.00193797 0.999998 -0.0187332 -0.0025772 0.0346039
FixedParameters: 0 0 0

#Transform 137
Transform: AffineTransform_float_3_3
Parameters: 1 -0.000171396 -0.000178191 0.00017133 0.999996 0.00260897 0.000177404 -0.00260903 0.999996 -0.00909012 -0.0405909 -0.0153561
FixedParameters: 0 0 0

#Transform 138
Transform: AffineTransform_float_3_3
Parameters: 1 0.000223306 -0.00021951 -0.000222476 0.999998 0.00188505 0.00022035 -0.00188495 0.999998 -0.0156661 0.0235118 0.0336406
FixedParameters: 0 0 0

#Transform 139
Transform: AffineTransform_float_3_3
Parameters: 1 -0.000143081 0.000103347 0.000143585 0.999996 0.00288701 -0.000103287 -0.00288698 0.999996 -0.0199174 -0.045019 -0.0219778
FixedParameters: 0 0 0

#Transform 140
Transform: AffineTransform_float_3_3
Parameters: 1 -7.49628e-05 1.38774e-05 7.4901e-05 0.999997 0.002198 -1.42068e-05 -0.002198 0.999997 -0.0235646 0.00118383 0.0198818
FixedParameters: 0 0 0

#Transform 141
Transform: AffineTransform_float_3_3
Parameters: 1 3.75461e-06 6.49608e-05 -3.0996e-06 0.999996 0.00261 -6.50491e-05 -0.00261 0.999996 -0.0225668 -0.0188158 0.00911821
FixedParameters: 0 0 0

#Transform 142
Transform: AffineTransform_float_3_3
Parameters: 1 -7.94642e-05 9.29699e-06 7.94168e-05 0.999997 0.002498 -9.69388e-06 -0.002498 0.999997 -0.0305338 -0.0119913 0.000195042
FixedParameters: 0 0 0

#Transform 143
Transform: AffineTransform_float_3_3
Parameters: 1 0.000100936 -0.000102048 -0.000100466 0.999998 0.00229801 0.000102511 -0.00229799 0.999998 -0.022262 -0.00055059 0.0220382
FixedParameters: 0 0 0

#Transform 144
Transform: AffineTransform_float_3_3
Parameters: 1 -0.000237789 0.000284212 0.000237467 0.999997 0.00250107 -0.000284512 -0.00250093 0.999997 -0.0420484 -0.0107705 0.00943386
FixedParameters: 0 0 0

#Transform 145
Transform: AffineTransform_float_3_3
Parameters: 1 -0.000105471 9.7452e-05 0.000104949 0.999997 0.00267201 -9.80142e-05 -0.00267199 0.999997 -0.033399 0.00776335 -0.00890929
FixedParameters: 0 0 0

#Transform 146
Transform: AffineTransform_float_3_3
Parameters: 1 -0.000204577 0.000188237 0.000203616 0.999996 0.00254504 -0.000189276 -0.00254496 0.999996 -0.0334241 -0.0149275 -0.0228298
FixedParameters: 0 0 0

#Transform 147
Transform: AffineTransform_float_3_3
Parameters: 1 1.33494e-05 -6.47363e-05 -1.30348e-05 0.999997 0.002429 6.48004e-05 -0.002429 0.999997 -0.0234289 0.0121444 -0.0120786
FixedParameters: 0 0 0

#Transform 148
Transform: AffineTransform_float_3_3
Parameters: 1 2.74732e-05 0.000330935 -2.81712e-05 0.999996 0.00255699 -0.000330899 -0.00255701 0.999996 -0.0347484 0.0110964 0.00101194
FixedParameters: 0 0 0

#Transform 149
Transform: AffineTransform_float_3_3
Parameters: 1 6.93072e-05 7.62004e-05 -6.86474e-05 0.999997 0.00219799 -7.60035e-05 -0.002198 0.999997 -0.0274795 -0.00242939 0.0205292
FixedParameters: 0 0 0

#Transform 150
Transform: AffineTransform_float_3_3
Parameters: 1 -0.00015357 0.000349802 0.000152723 0.999996 0.00262916 -0.000350713 -0.00262884 0.999997 -0.0440687 0.0244884 0.00752949
FixedParameters: 0 0 0

#Transform 151
Transform: AffineTransform_float_3_3
Parameters: 1 1.31325e-05 0.000183629 -1.40406e-05 0.999997 0.002473 -0.000183562 -0.002473 0.999997 -0.0317412 0.0107155 0.0095164
FixedParameters: 0 0 0

#Transform 152
Transform: AffineTransform_float_3_3
Parameters: 1 5.27343e-06 2.15683e-05 -5.36819e-06 0.999997 0.002198 -2.15449e-05 -0.002198 0.999997 -0.0281907 0.0183373 0.000912774
FixedParameters: 0 0 0

#Transform 153
Transform: AffineTransform_float_3_3
Parameters: 1 -1.72643e-05 0.000335604 1.55874e-05 0.999997 0.002498 -0.000335686 -0.00249799 0.999997 -0.0362685 -0.00389666 0.0101626
FixedParameters: 0 0 0

#Transform 154
Transform: AffineTransform_float_3_3
Parameters: 1 -0.000408868 0.000215527 0.000408819 0.999997 0.00266009 -0.000216814 -0.00265991 0.999997 -0.0458571 -0.0443344 0.009311
FixedParameters: 0 0 0

#Transform 155
Transform: AffineTransform_float_3_3
Parameters: 1 -0.0003076 5.83312e-05 0.000307449 0.999998 0.00219791 -5.86888e-05 -0.00219809 0.999997 -0.038924 0.0202345 0.0349829
FixedParameters: 0 0 0

#Transform 156
Transform: AffineTransform_float_3_3
Parameters: 1 -0.000287879 -0.000147973 0.000288777 0.999997 0.00268196 0.000147421 -0.00268204 0.999997 -0.0515112 0.00776031 0.0316193
FixedParameters: 0 0 0

#Transform 157
Transform: AffineTransform_float_3_3
Parameters: 1 -0.000320533 4.04507e-05 0.000320428 0.999996 0.00259901 -4.11222e-05 -0.00259898 0.999996 -0.0568828 0.0058515 0.0216843
FixedParameters: 0 0 0

#Transform 158
Transform: AffineTransform_float_3_3
Parameters: 1 7.07378e-06 4.85279e-05 -7.3174e-06 0.999997 0.002511 -4.84918e-05 -0.002511 0.999997 -0.0467528 0.00729457 0.0232592
FixedParameters: 0 0 0

#Transform 159
Transform: AffineTransform_float_3_3
Parameters: 1 -9.84659e-05 -7.61608e-05 9.89003e-05 0.999997 0.00214599 7.67315e-05 -0.00214601 0.999997 -0.0397725 0.0164977 0.038746
FixedParameters: 0 0 0

#Transform 160
Transform: AffineTransform_float_3_3
Parameters: 1 -7.80046e-05 -7.33232e-05 7.74229e-05 0.999996 0.00281999 7.29911e-05 -0.00282001 0.999996 -0.0348275 0.00450714 0.0548005
FixedParameters: 0 0 0

#Transform 161
Transform: AffineTransform_float_3_3
Parameters: 1 -0.000100446 0.000184393 9.94382e-05 0.999997 0.00272902 -0.000184938 -0.00272898 0.999997 -0.036344 -0.00882191 0.0658453
FixedParameters: 0 0 0

#Transform 162
Transform: AffineTransform_float_3_3
Parameters: 1 0.000142718 -0.000116398 -0.00014218 0.999996 0.00277002 0.000116193 -0.00276998 0.999996 -0.03862 0.00442844 0.0466442
FixedParameters: 0 0 0

#Transform 163
Transform: AffineTransform_float_3_3
Parameters: 1 5.39188e-05 0.000102984 -5.45468e-05 0.999996 0.003054 -0.000102653 -0.00305401 0.999996 -0.0348643 -0.0130423 0.00287508
FixedParameters: 0 0 0

#Transform 164
Transform: AffineTransform_float_3_3
Parameters: 1 8.93736e-05 -2.03558e-05 -8.92574e-05 0.999996 0.00282 2.08595e-05 -0.00282 0.999996 -0.0425168 0.00323458 0.0448743
FixedParameters: 0 0 0

#Transform 165
Transform: AffineTransform_float_3_3
Parameters: 1 -1.31595e-05 -0.000184629 1.3232e-05 0.999996 0.002889 0.000184659 -0.002889 0.999996 -0.0297842 0.0143877 0.00663778
FixedParameters: 0 0 0

#Transform 166
Transform: AffineTransform_float_3_3
Parameters: 1 -5.49349e-05 -0.000180286 5.49806e-05 0.999996 0.00288599 0.000180075 -0.00288601 0.999996 -0.0432902 -0.00115829 0.0157355
FixedParameters: 0 0 0

#Transform 167
Transform: AffineTransform_float_3_3
Parameters: 1 -2.61765e-05 -0.000183272 2.60677e-05 0.999997 0.002416 0.000183252 -0.00241601 0.999997 -0.0359649 0.00984302 0.0297015
FixedParameters: 0 0 0

#Transform 168
Transform: AffineTransform_float_3_3
Parameters: 1 8.90304e-05 -0.000159058 -8.91071e-05 0.999996 0.00287901 0.000159678 -0.00287898 0.999996 -0.026386 -0.00873461 0.00687983
FixedParameters: 0 0 0

#Transform 169
Transform: AffineTransform_float_3_3
Parameters: 1 0.000108647 -0.000230529 -0.00010852 0.999997 0.00242903 0.000231163 -0.00242898 0.999997 -0.0223457 0.00425938 0.0432238
FixedParameters: 0 0 0

#Transform 170
Transform: AffineTransform_float_3_3
Parameters: 1 0.000115657 5.83473e-05 -0.000116094 0.999996 0.00281999 -5.86881e-05 -0.00282001 0.999996 -0.0203149 -0.0293712 0.0241682
FixedParameters: 0 0 0

#Transform 171
Transform: AffineTransform_float_3_3
Parameters: 1 0.000257803 -0.000121386 -0.00025728 0.999996 0.00258703 0.000121724 -0.00258697 0.999996 -0.0195634 0.0152585 0.0364718
FixedParameters: 0 0 0

#Transform 172
Transform: AffineTransform_float_3_3
Parameters: 1 0.000253476 0.000243111 -0.000253915 0.999995 0.00295594 -0.000241717 -0.00295606 0.999995 -0.0170006 -0.0331073 0.00230506
FixedParameters: 0 0 0

#Transform 173
Transform: AffineTransform_float_3_3
Parameters: 1 0.000107133 -0.000158011 -0.000107438 0.999997 0.00217802 0.000158584 -0.00217798 0.999997 -0.018696 0.0151331 0.0352423
FixedParameters: 0 0 0

#Transform 174
Transform: AffineTransform_float_3_3
Parameters: 1 8.62122e-05 -7.0267e-05 -8.57696e-05 0.999995 0.00313801 7.08067e-05 -0.00313799 0.999995 -0.0187605 -0.0338752 0.00192781
FixedParameters: 0 0 0

#Transform 175
Transform: AffineTransform_float_3_3
Parameters: 1 2.2498e-05 0.000341507 -2.33396e-05 0.999997 0.00268799 -0.00034149 -0.00268801 0.999997 -0.0376519 0.0119705 0.0492499
FixedParameters: 0 0 0

#Transform 176
Transform: AffineTransform_float_3_3
Parameters: 1 2.13567e-05 0.000431085 -2.33992e-05 0.999994 0.00364999 -0.000430033 -0.00365001 0.999993 -0.0388464 -0.0457201 0.0399103
FixedParameters: 0 0 0

#Transform 177
Transform: AffineTransform_float_3_3
Parameters: 1 -4.30329e-05 0.000528203 4.12388e-05 0.999993 0.00368302 -0.000527731 -0.00368298 0.999993 -0.0374276 -0.041014 0.0036242
FixedParameters: 0 0 0

#Transform 178
Transform: AffineTransform_float_3_3
Parameters: 1 0.000109942 0.000178647 -0.0001102 0.999994 0.00350998 -0.00017798 -0.00351002 0.999994 -0.0316606 -0.0103715 0.0143303
FixedParameters: 0 0 0

#Transform 179
Transform: AffineTransform_float_3_3
Parameters: 1 -0.000106513 0.000451224 0.000104775 0.999991 0.00424706 -0.000451339 -0.00424794 0.999991 -0.0307557 -0.0509757 -0.0184236
FixedParameters: 0 0 0

#Transform 180
Transform: AffineTransform_float_3_3
Parameters: 1 0.000356182 -0.000104156 -0.000355551 0.999994 0.00351404 0.000105663 -0.00351396 0.999994 -0.00480114 0.00561431 0.00862061
FixedParameters: 0 0 0

#Transform 181
Transform: AffineTransform_float_3_3
Parameters: 1 0.00010435 -5.09124e-05 -0.000104023 0.999991 0.004258 5.08053e-05 -0.00425799 0.999991 -0.00891556 -0.0546647 -0.0535586
FixedParameters: 0 0 0

#Transform 182
Transform: AffineTransform_float_3_3
Parameters: 1 0.000299854 -0.000114352 -0.000300095 0.999993 0.00373603 0.000115706 -0.00373597 0.999993 -0.00897554 0.0012179 -0.00198378
FixedParameters: 0 0 0

#Transform 183
Transform: AffineTransform_float_3_3
Parameters: 1 6.34124e-05 -2.86157e-05 -6.31633e-05 0.99999 0.004311 2.91614e-05 -0.004311 0.99999 -0.0109112 -0.0461584 -0.0315948
FixedParameters: 0 0 0

#Transform 184
Transform: AffineTransform_float_3_3
Parameters: 1 0.000407241 0.000146966 -0.000407409 0.999994 0.00361593 -0.000145121 -0.00361507 0.999994 0.00189603 0.00415059 0.00327262
FixedParameters: 0 0 0

#Transform 185
Transform: AffineTransform_float_3_3
Parameters: 1 -5.20032e-05 0.000257644 5.07618e-05 0.99999 0.00433401 -0.000258196 -0.00433398 0.99999 -0.0163221 -0.0536313 -0.0472112
FixedParameters: 0 0 0

#Transform 186
Transform: AffineTransform_float_3_3
Parameters: 1 0.000269167 -6.09424e-05 -0.000268823 0.999993 0.00366902 6.19219e-05 -0.00366899 0.999994 -0.0108615 0.0027427 -0.0151404
FixedParameters: 0 0 0

#Transform 187
Transform: AffineTransform_float_3_3
Parameters: 1 -9.28805e-06 6.62928e-05 8.82681e-06 0.99999 0.00431 -6.53765e-05 -0.00431 0.99999 -0.0112739 -0.0563627 -0.0398697
FixedParameters: 0 0 0

#Transform 188
Transform: AffineTransform_float_3_3
Parameters: 1 0.000203261 0.000168089 -0.000204706 0.999992 0.00398897 -0.000167456 -0.00398903 0.999992 -0.00475933 -0.023541 -0.00718119
FixedParameters: 0 0 0

#Transform 189
Transform: AffineTransform_float_3_3
Parameters: 1 -0.000196738 0.00020911 0.00019595 0.99999 0.00450804 -0.000209992 -0.00450796 0.99999 -0.0167399 -0.0576868 -0.03737
FixedParameters: 0 0 0

#Transform 190
Transform: AffineTransform_float_3_3
Parameters: 1 0.000101838 0.0001785 -0.000102182 0.999993 0.00375798 -0.000177839 -0.00375802 0.999993 -0.00891425 -0.00457015 0.0192789
FixedParameters: 0 0 0

#Transform 191
Transform: AffineTransform_float_3_3
Parameters: 1 -0.000333875 0.000214207 0.000333172 0.999991 0.00419007 -0.000216114 -0.00418993 0.999991 -0.0201225 -0.086911 0.0151107
FixedParameters: 0 0 0

#Transform 192
Transform: AffineTransform_float_3_3
Parameters: 1 0.000203222 0.000196165 -0.00020473 0.999993 0.00357796 -0.0001957 -0.00357804 0.999993 -0.00280927 0.0215356 0.0451466
FixedParameters: 0 0 0

