# transform file /out/sourcedata/freesurfer/sub-v1s22x0050487_ses-1/mri/transforms/cc_up.lta
# created by oesteban on Mon Mar  9 16:02:46 2026

type      = 0 # LINEAR_VOX_TO_VOX
nxforms   = 1
mean      = 124.0000 129.0000 124.0000
sigma     = 10000.0000
1 4 4
9.960940480232239e-01 6.072738394141197e-02 6.410052627325058e-02 -1.107324600219727e+01 
-6.060203164815903e-02 9.981544017791748e-01 -3.899854840710759e-03 2.425407791137695e+01 
-6.421905755996704e-02 0.000000000000000e+00 9.979358911514282e-01 1.828359794616699e+01 
0.000000000000000e+00 0.000000000000000e+00 0.000000000000000e+00 1.000000000000000e+00 
src volume info
valid = 1  # volume info valid
filename = /out/sourcedata/freesurfer/sub-v1s22x0050487_ses-1/mri/norm.mgz
volume = 256 256 256
voxelsize = 1.000000000000000e+00 1.000000000000000e+00 1.000000000000000e+00
xras   = -1.000000000000000e+00 -2.093359541949993e-17 -2.028246861980024e-18
yras   = -4.356925722439307e-20 0.000000000000000e+00 -1.000000000000000e+00
zras   = 6.860334906771842e-18 1.000000000000000e+00 0.000000000000000e+00
cras   = 3.220367431640625e-01 3.482449340820312e+01 2.232116699218750e+01
dst volume info
valid = 1  # volume info valid
filename = /out/sourcedata/freesurfer/sub-v1s22x0050487_ses-1/mri/norm.mgz
volume = 256 256 256
voxelsize = 1.000000000000000e+00 1.000000000000000e+00 1.000000000000000e+00
xras   = -1.000000000000000e+00 -2.093359541949993e-17 -2.028246861980024e-18
yras   = -4.356925722439307e-20 0.000000000000000e+00 -1.000000000000000e+00
zras   = 6.860334906771842e-18 1.000000000000000e+00 0.000000000000000e+00
cras   = 3.220367431640625e-01 3.482449340820312e+01 2.232116699218750e+01
