# transform file transforms/talairach.lta
# created by oesteban on Mon Mar  9 14:52:37 2026

type      = 0 # LINEAR_VOX_TO_VOX
nxforms   = 1
mean      = 123.0000 130.0000 124.0000
sigma     = 10000.0000
1 4 4
1.012956976890564e+00 7.375862449407578e-02 1.000755801796913e-01 -2.213890647888184e+01 
-8.282286673784256e-02 1.187691092491150e+00 2.057663053274155e-01 -4.513106536865234e+01 
-8.570830523967743e-02 -2.121869027614594e-01 9.460762739181519e-01 3.246924209594727e+01 
0.000000000000000e+00 0.000000000000000e+00 0.000000000000000e+00 1.000000000000000e+00 
src volume info
valid = 1  # volume info valid
filename = nu.mgz
volume = 256 256 256
voxelsize = 1.000000000000000e+00 1.000000000000000e+00 1.000000000000000e+00
xras   = -1.000000000000000e+00 -2.093359541949993e-17 -2.028246861980024e-18
yras   = -4.356925722439307e-20 0.000000000000000e+00 -1.000000000000000e+00
zras   = 6.860334906771842e-18 1.000000000000000e+00 0.000000000000000e+00
cras   = 3.220367431640625e-01 3.482449340820312e+01 2.232116699218750e+01
dst volume info
valid = 1  # volume info valid
filename = /opt/freesurfer/average/RB_all_2020-01-02.gca
volume = 256 256 256
voxelsize = 1.000000000000000e+00 1.000000000000000e+00 1.000000000000000e+00
xras   = -1.000000000000000e+00 0.000000000000000e+00 0.000000000000000e+00
yras   = 0.000000000000000e+00 0.000000000000000e+00 -1.000000000000000e+00
zras   = 0.000000000000000e+00 1.000000000000000e+00 0.000000000000000e+00
cras   = 0.000000000000000e+00 0.000000000000000e+00 0.000000000000000e+00
