type      = 0 # LINEAR_VOX_TO_VOX
nxforms   = 1
mean      = 0.0000 0.0000 0.0000
sigma     = 1.0000
1 4 4
1.020586967468262e+00 4.293200001120567e-02 5.893599987030029e-02 -1.178286743164062e+01 
-7.944700121879578e-02 1.296673059463501e+00 3.529689908027649e-01 -7.617309570312500e+01 
-1.010759994387627e-01 -2.223310023546219e-01 1.086068987846375e+00 1.910947418212891e+01 
0.000000000000000e+00 0.000000000000000e+00 0.000000000000000e+00 1.000000000000000e+00 
src volume info
valid = 1  # volume info valid
filename = /out/sourcedata/freesurfer/sub-v1s22x0050487_ses-1/mri/orig.mgz
volume = 256 256 256
voxelsize = 1.000000000000000e+00 1.000000000000000e+00 1.000000000000000e+00
xras   = -1.000000000000000e+00 -2.093359541949993e-17 -2.028246861980024e-18
yras   = -4.356925722439307e-20 0.000000000000000e+00 -1.000000000000000e+00
zras   = 6.860334906771842e-18 1.000000000000000e+00 0.000000000000000e+00
cras   = 3.220367431640625e-01 3.482449340820312e+01 2.232116699218750e+01
dst volume info
valid = 1  # volume info valid
filename = /opt/freesurfer/average/mni305.cor.mgz
volume = 256 256 256
voxelsize = 1.000000000000000e+00 1.000000000000000e+00 1.000000000000000e+00
xras   = -1.000000000000000e+00 0.000000000000000e+00 0.000000000000000e+00
yras   = 0.000000000000000e+00 0.000000000000000e+00 -1.000000000000000e+00
zras   = 0.000000000000000e+00 1.000000000000000e+00 0.000000000000000e+00
cras   = 0.000000000000000e+00 0.000000000000000e+00 0.000000000000000e+00
subject fsaverage
fscale 0.100000
