#Insight Transform File V1.0
#Transform 0
Transform: AffineTransform_float_3_3
Parameters: 1 0.000630575 6.58071e-05 -0.000630458 0.999996 -0.00248104 -6.69471e-05 0.00248096 0.999997 0.0125636 0.102471 -0.0295269
FixedParameters: 0 0 0

#Transform 1
Transform: AffineTransform_float_3_3
Parameters: 0.999999 0.000638207 -0.000354763 -0.000639181 0.999997 -0.00263276 0.000352501 0.00263224 0.999997 0.0342898 0.0873179 -0.0580497
FixedParameters: 0 0 0

#Transform 2
Transform: AffineTransform_float_3_3
Parameters: 1 0.000467796 -0.000417788 -0.00046915 0.999997 -0.00268781 0.00041637 0.0026882 0.999997 0.0486847 0.0941707 -0.0734784
FixedParameters: 0 0 0

#Transform 3
Transform: AffineTransform_float_3_3
Parameters: 1 0.000225995 -0.00037356 -0.000226852 0.999997 -0.00248091 0.000372543 0.00248108 0.999997 0.034041 0.0850864 -0.077013
FixedParameters: 0 0 0

#Transform 4
Transform: AffineTransform_float_3_3
Parameters: 1 0.000563601 -0.000253436 -0.000563559 0.999998 -0.00167086 0.000252653 0.00167114 0.999998 0.0400742 -0.00271995 -0.0566159
FixedParameters: 0 0 0

#Transform 5
Transform: AffineTransform_float_3_3
Parameters: 0.999999 0.000917949 -0.000383658 -0.000917976 0.999999 -3.56365e-05 0.000383593 3.53634e-05 1 0.0137871 -0.128632 -0.114703
FixedParameters: 0 0 0

#Transform 6
Transform: AffineTransform_float_3_3
Parameters: 1 0.00106827 -0.000181896 -0.00106851 1 -0.0003687 0.000182102 0.000369301 1 0.00147328 -0.0823364 -0.0794609
FixedParameters: 0 0 0

#Transform 7
Transform: AffineTransform_float_3_3
Parameters: 1 0.00103293 0.000149991 -0.00103275 1 -0.00059605 -0.000151223 0.00059595 1 0.0258942 -0.0412816 -0.141014
FixedParameters: 0 0 0

#Transform 8
Transform: AffineTransform_float_3_3
Parameters: 1 0.000487311 -0.000139741 -0.000487745 0.999998 -0.00156193 0.000138218 0.00156207 0.999999 0.0711397 -0.00302129 -0.141659
FixedParameters: 0 0 0

#Transform 9
Transform: AffineTransform_float_3_3
Parameters: 1 0.000212101 -0.000603159 -0.000213421 0.999998 -0.00191987 0.000602449 0.00192013 0.999998 0.0941031 0.0496026 -0.147453
FixedParameters: 0 0 0

#Transform 10
Transform: AffineTransform_float_3_3
Parameters: 1 -0.000308841 -0.000222749 0.000308251 0.999992 -0.00402707 0.000223352 0.00402693 0.999992 0.074786 0.0616696 -0.134621
FixedParameters: 0 0 0

#Transform 11
Transform: AffineTransform_float_3_3
Parameters: 1 -0.00028738 -7.78324e-05 0.000287302 1 -0.000498022 7.81186e-05 0.000497977 1 0.0621841 -0.0918326 -0.163499
FixedParameters: 0 0 0

#Transform 12
Transform: AffineTransform_float_3_3
Parameters: 1 -0.000420703 -0.000523699 0.000420765 1 5.87796e-05 0.000523649 -5.92203e-05 1 0.0515955 -0.0962043 -0.121558
FixedParameters: 0 0 0

#Transform 13
Transform: AffineTransform_float_3_3
Parameters: 1 -4.31549e-05 -0.000113255 4.32692e-05 1 0.000504995 0.000113211 -0.000505005 1 -0.000822567 -0.119617 -0.1127
FixedParameters: 0 0 0

#Transform 14
Transform: AffineTransform_float_3_3
Parameters: 1 0.00054677 0.000430468 -0.000547025 0.999998 0.00157575 -0.000429633 -0.00157525 0.999998 -0.0436619 -0.138449 -0.196887
FixedParameters: 0 0 0

#Transform 15
Transform: AffineTransform_float_3_3
Parameters: 0.999999 -0.000205811 0.000694918 0.000205138 1 0.00112414 -0.000694279 -0.00112386 0.999999 -0.00718893 -0.111971 -0.210533
FixedParameters: 0 0 0

#Transform 16
Transform: AffineTransform_float_3_3
Parameters: 1 -0.000160927 7.6522e-05 0.000161117 0.999999 -0.00124699 -7.61205e-05 0.00124701 0.999999 0.0348889 0.0121428 -0.209182
FixedParameters: 0 0 0

#Transform 17
Transform: AffineTransform_float_3_3
Parameters: 1 -0.000149766 -3.82522e-05 0.000149826 0.999999 0.000789994 3.80155e-05 -0.000790005 0.999999 0.0475902 -0.124471 -0.207481
FixedParameters: 0 0 0

#Transform 18
Transform: AffineTransform_float_3_3
Parameters: 1 0.000312624 -0.000424767 -0.000312177 0.999998 0.00157113 0.000424648 -0.00157087 0.999998 0.0584143 -0.151874 -0.109239
FixedParameters: 0 0 0

#Transform 19
Transform: AffineTransform_float_3_3
Parameters: 1 0.000248537 -0.000563708 -0.000247993 1 0.00038814 0.000562907 -0.00038786 1 0.0409997 -0.0878604 -0.0140884
FixedParameters: 0 0 0

#Transform 20
Transform: AffineTransform_float_3_3
Parameters: 1 6.37061e-05 -3.24447e-06 -6.37057e-05 1 6.70002e-05 3.25301e-06 -6.69998e-05 1 0.000599614 -0.0109577 0.00756056
FixedParameters: 0 0 0

#Transform 21
Transform: AffineTransform_float_3_3
Parameters: 1 -0.000246845 0.000249208 0.000246908 1 -0.000125938 -0.000249146 0.000126061 1 -0.0124353 0.0053824 -0.0409189
FixedParameters: 0 0 0

#Transform 22
Transform: AffineTransform_float_3_3
Parameters: 1 -0.0006665 0.000204289 0.000666473 1 6.71362e-05 -0.000204378 -6.68638e-05 1 0.0136615 -0.0150334 -0.113791
FixedParameters: 0 0 0

#Transform 23
Transform: AffineTransform_float_3_3
Parameters: 1 -0.000592649 0.000339671 0.000592312 0.999999 0.000496201 -0.000340259 -0.000495798 1 0.0230747 -0.0617621 -0.10576
FixedParameters: 0 0 0

#Transform 24
Transform: AffineTransform_float_3_3
Parameters: 1 -0.000255 0.000322552 0.000254374 0.999999 0.000807082 -0.000321969 -0.000806917 0.999999 0.00222465 -0.0933715 -0.102522
FixedParameters: 0 0 0

#Transform 25
Transform: AffineTransform_float_3_3
Parameters: 1 -0.000257539 0.000346437 0.000257042 1 0.0007171 -0.000346806 -0.000717899 0.999999 0.0115564 -0.0817336 -0.113609
FixedParameters: 0 0 0

#Transform 26
Transform: AffineTransform_float_3_3
Parameters: 1 1.03355e-05 -4.0127e-05 -1.03102e-05 1 0.000316 4.01335e-05 -0.000316 1 0.0255198 -0.0453086 -0.0832517
FixedParameters: 0 0 0

#Transform 27
Transform: AffineTransform_float_3_3
Parameters: 1 -0.0002549 0.000320473 0.000254154 1 0.00116308 -0.000321065 -0.00116292 1 0.00228299 -0.0962035 -0.147177
FixedParameters: 0 0 0

#Transform 28
Transform: AffineTransform_float_3_3
Parameters: 1 -0.000431476 0.000327793 0.000431017 1 0.000539152 -0.000327264 -0.000539847 0.999999 -0.00337898 -0.0655438 -0.163069
FixedParameters: 0 0 0

#Transform 29
Transform: AffineTransform_float_3_3
Parameters: 0.999999 -0.00046778 0.000538396 0.000467928 1 -0.000136748 -0.000538268 0.000137252 1 0.00456915 -0.0288233 -0.113548
FixedParameters: 0 0 0

#Transform 30
Transform: AffineTransform_float_3_3
Parameters: 1 -0.000215821 -4.13095e-05 0.000215874 1 0.000646991 4.10302e-05 -0.000647009 1 0.0442138 -0.105821 -0.123744
FixedParameters: 0 0 0

#Transform 31
Transform: AffineTransform_float_3_3
Parameters: 1 -0.000199123 -0.000199097 0.000198779 0.999999 -0.000865039 0.000199442 0.00086496 0.999999 0.0520435 -0.00630906 -0.188352
FixedParameters: 0 0 0

#Transform 32
Transform: AffineTransform_float_3_3
Parameters: 1 -0.00011075 3.83469e-05 0.000110676 0.999999 0.000957003 -3.85588e-05 -0.000956995 0.999999 0.0539089 -0.0499097 -0.150927
FixedParameters: 0 0 0

#Transform 33
Transform: AffineTransform_float_3_3
Parameters: 1 -0.000502493 -7.89988e-05 0.000502335 0.999998 -0.00166404 7.96765e-05 0.00166396 0.999998 0.0392553 0.0800342 -0.131268
FixedParameters: 0 0 0

#Transform 34
Transform: AffineTransform_float_3_3
Parameters: 0.999999 -0.000663771 0.000340681 0.000664192 0.999999 -0.000460774 -0.000341063 0.000461226 1 0.01333 0.0554362 -0.0966945
FixedParameters: 0 0 0

#Transform 35
Transform: AffineTransform_float_3_3
Parameters: 0.999999 -0.000663771 0.000340681 0.000664192 0.999999 -0.000460774 -0.000341063 0.000461226 1 0.0166824 0.0522164 -0.066677
FixedParameters: 0 0 0

#Transform 36
Transform: AffineTransform_float_3_3
Parameters: 0.999999 -0.000664073 0.000340094 0.000663784 0.999999 0.000424226 -0.000340657 -0.000423774 1 0.0334246 -0.0574344 -0.080147
FixedParameters: 0 0 0

#Transform 37
Transform: AffineTransform_float_3_3
Parameters: 1 -0.000617419 -9.46188e-05 0.000617562 0.999999 0.000758941 9.36815e-05 -0.000759057 0.999999 0.0752762 -0.0602114 -0.108193
FixedParameters: 0 0 0

#Transform 38
Transform: AffineTransform_float_3_3
Parameters: 1 -0.000954479 0.000681724 0.000953268 1 0.000809662 -0.000682274 -0.000809339 1 0.0325108 -0.0906915 -0.114733
FixedParameters: 0 0 0

#Transform 39
Transform: AffineTransform_float_3_3
Parameters: 1 -0.000647091 0.000182068 0.000646974 0.999999 0.000321118 -0.000182483 -0.000320882 1 0.0548796 -0.0509089 -0.0213184
FixedParameters: 0 0 0

#Transform 40
Transform: AffineTransform_float_3_3
Parameters: 1 -0.000637303 9.2202e-05 0.000637422 0.999999 -0.000644941 -9.13798e-05 0.000645058 1 0.0423573 0.00598313 -0.013135
FixedParameters: 0 0 0

#Transform 41
Transform: AffineTransform_float_3_3
Parameters: 1 -0.00096122 0.000624053 0.000962254 1 -0.000743401 -0.000623616 0.000744601 1 -0.00286464 -0.00260322 0.0355434
FixedParameters: 0 0 0

#Transform 42
Transform: AffineTransform_float_3_3
Parameters: 0.999999 -0.00115816 0.000619819 0.0011586 1 -0.000350177 -0.000619006 0.000351823 1 -0.0015622 -0.0609428 0.0646573
FixedParameters: 0 0 0

#Transform 43
Transform: AffineTransform_float_3_3
Parameters: 0.999999 -0.000836323 6.07342e-05 0.000836108 1 0.000895168 -6.12375e-05 -0.000895832 0.999999 0.0172882 -0.10126 0.0464225
FixedParameters: 0 0 0

#Transform 44
Transform: AffineTransform_float_3_3
Parameters: 1 -0.00059975 -0.000259444 0.000599952 0.999999 0.000389833 0.000258977 -0.000389167 1 0.0379144 -0.0909289 -0.0213846
FixedParameters: 0 0 0

#Transform 45
Transform: AffineTransform_float_3_3
Parameters: 0.999999 -0.000697767 0.000653201 0.000697035 0.999999 0.000560455 -0.000653982 -0.000559543 0.999999 -0.00350679 -0.0487815 -0.0323112
FixedParameters: 0 0 0

#Transform 46
Transform: AffineTransform_float_3_3
Parameters: 0.999999 -0.00100902 0.000739237 0.00100956 0.999999 -0.000296242 -0.000739633 0.000296758 0.999999 -0.0166107 -0.00150742 -0.046764
FixedParameters: 0 0 0

#Transform 47
Transform: AffineTransform_float_3_3
Parameters: 0.999999 -0.000681918 0.00050724 0.000681644 0.999999 0.000270346 -0.000507608 -0.000269654 1 0.003073 -0.0251942 -0.0644315
FixedParameters: 0 0 0

#Transform 48
Transform: AffineTransform_float_3_3
Parameters: 0.999999 -0.000679848 0.000488412 0.000679676 1 0.000175343 -0.000488651 -0.000175656 1 0.00393726 -0.0414836 -0.058784
FixedParameters: 0 0 0

#Transform 49
Transform: AffineTransform_float_3_3
Parameters: 1 -0.000948447 0.000730928 0.00094773 0.999999 0.000490693 -0.000731857 -0.000489306 0.999999 -0.014335 -0.0876279 -0.0718849
FixedParameters: 0 0 0

#Transform 50
Transform: AffineTransform_float_3_3
Parameters: 1 -0.000563156 0.000190727 0.000562867 0.999996 0.00279911 -0.000191784 -0.00279889 0.999996 0.0294366 -0.202528 -0.133823
FixedParameters: 0 0 0

#Transform 51
Transform: AffineTransform_float_3_3
Parameters: 1 -0.000256333 2.67104e-05 0.00025629 0.999999 0.000801006 -2.7121e-05 -0.000800993 0.999999 0.0364796 -0.093906 -0.141523
FixedParameters: 0 0 0

#Transform 52
Transform: AffineTransform_float_3_3
Parameters: 0.999999 -0.000771347 0.000561803 0.000769987 0.999997 0.00199743 -0.00056378 -0.00199657 0.999998 -0.0180346 -0.133831 -0.189569
FixedParameters: 0 0 0

#Transform 53
Transform: AffineTransform_float_3_3
Parameters: 1 -0.000935687 0.000685795 0.00093491 0.999997 0.00193565 -0.000688209 -0.00193535 0.999998 -0.0163705 -0.141734 -0.150678
FixedParameters: 0 0 0

#Transform 54
Transform: AffineTransform_float_3_3
Parameters: 0.999999 -0.00105114 0.00111452 0.00104887 0.999997 0.00226118 -0.00111696 -0.00225982 0.999997 -0.0549502 -0.173687 -0.0944476
FixedParameters: 0 0 0

#Transform 55
Transform: AffineTransform_float_3_3
Parameters: 0.999999 -0.000969725 0.000983577 0.00096662 0.999993 0.00343296 -0.000986816 -0.00343203 0.999993 -0.0327515 -0.2278 -0.0772106
FixedParameters: 0 0 0

#Transform 56
Transform: AffineTransform_float_3_3
Parameters: 1 -0.000741435 0.00071431 0.000738991 0.999996 0.00294954 -0.000716476 -0.00294946 0.999996 -0.0201203 -0.232286 -0.0667911
FixedParameters: 0 0 0

#Transform 57
Transform: AffineTransform_float_3_3
Parameters: 0.999999 -0.000546899 0.000692409 0.000544654 0.999996 0.00297539 -0.00069445 -0.00297561 0.999996 -0.0234416 -0.190281 -0.103599
FixedParameters: 0 0 0

#Transform 58
Transform: AffineTransform_float_3_3
Parameters: 1 -0.000724363 0.000551387 0.000722201 0.999996 0.0026654 -0.000553148 -0.0026646 0.999997 -0.0202825 -0.174669 -0.121294
FixedParameters: 0 0 0

#Transform 59
Transform: AffineTransform_float_3_3
Parameters: 1 2.28188e-05 -6.99164e-05 -2.2313e-05 0.999994 0.003613 7.00795e-05 -0.003613 0.999994 -0.0148979 -0.208491 -0.172237
FixedParameters: 0 0 0

#Transform 60
Transform: AffineTransform_float_3_3
Parameters: 0.999999 0.000533204 -0.00111955 -0.000529924 0.999996 0.00274761 0.00112116 -0.00274739 0.999995 0.0614563 -0.176221 -0.163832
FixedParameters: 0 0 0

#Transform 61
Transform: AffineTransform_float_3_3
Parameters: 1 8.12228e-06 -0.000138939 -7.49837e-06 0.999998 0.002245 0.000138974 -0.002245 0.999998 0.0162856 -0.118457 -0.21498
FixedParameters: 0 0 0

#Transform 62
Transform: AffineTransform_float_3_3
Parameters: 1 -0.000413309 -0.000185089 0.000413168 0.999997 0.00260303 0.000183826 -0.00260297 0.999996 0.00984428 -0.139448 -0.200345
FixedParameters: 0 0 0

#Transform 63
Transform: AffineTransform_float_3_3
Parameters: 1 -0.000420148 -0.00018612 0.000420248 0.999994 0.00324192 0.000184283 -0.00324208 0.999994 0.0247446 -0.21502 -0.178073
FixedParameters: 0 0 0

#Transform 64
Transform: AffineTransform_float_3_3
Parameters: 1 1.37353e-05 -0.00018863 -1.35063e-05 0.999994 0.003243 0.000188612 -0.003243 0.999994 0.0230451 -0.248164 -0.11993
FixedParameters: 0 0 0

#Transform 65
Transform: AffineTransform_float_3_3
Parameters: 0.999999 0.00106308 -0.000820761 -0.0010616 0.999997 0.00198088 0.000822768 -0.00198011 0.999997 0.0383315 -0.183502 -0.036375
FixedParameters: 0 0 0

#Transform 66
Transform: AffineTransform_float_3_3
Parameters: 1 0.000636591 -0.000808645 -0.000634657 0.999997 0.00235751 0.000810435 -0.00235649 0.999997 0.0358088 -0.149006 -0.0641259
FixedParameters: 0 0 0

#Transform 67
Transform: AffineTransform_float_3_3
Parameters: 1 -0.00010208 -0.000243567 0.000102382 0.999997 0.00266498 0.000242916 -0.00266503 0.999997 0.0194936 -0.131161 -0.152958
FixedParameters: 0 0 0

#Transform 68
Transform: AffineTransform_float_3_3
Parameters: 1 -0.000123099 6.8064e-05 0.000122813 0.999998 0.00208901 -6.85777e-05 -0.00208899 0.999998 0.00573271 -0.139091 -0.172029
FixedParameters: 0 0 0

#Transform 69
Transform: AffineTransform_float_3_3
Parameters: 1 -0.000135256 0.000178311 0.000135241 0.999996 0.00282602 -0.000178969 -0.00282598 0.999996 0.00070049 -0.205617 -0.174216
FixedParameters: 0 0 0

#Transform 70
Transform: AffineTransform_float_3_3
Parameters: 1 -9.03459e-05 -0.000227417 9.13473e-05 0.99999 0.00462098 0.000227466 -0.00462102 0.99999 0.0191475 -0.296044 -0.293174
FixedParameters: 0 0 0

#Transform 71
Transform: AffineTransform_float_3_3
Parameters: 1 -0.000137775 0.000196886 0.000136757 0.999987 0.00509403 -0.000198178 -0.00509397 0.999987 -0.000153018 -0.309061 -0.374202
FixedParameters: 0 0 0

#Transform 72
Transform: AffineTransform_float_3_3
Parameters: 1 -0.000137622 0.000196993 0.000136911 0.99999 0.00431502 -0.000198071 -0.00431497 0.99999 -0.000161602 -0.240643 -0.355103
FixedParameters: 0 0 0

#Transform 73
Transform: AffineTransform_float_3_3
Parameters: 1 -0.000121477 5.18981e-05 0.000121033 0.999991 0.00423101 -5.29242e-05 -0.00423099 0.999991 0.00643431 -0.224229 -0.331145
FixedParameters: 0 0 0

#Transform 74
Transform: AffineTransform_float_3_3
Parameters: 1 -0.000137558 0.000197038 0.000136976 0.999992 0.00399103 -0.000198027 -0.00399097 0.999992 -0.000155323 -0.233892 -0.278163
FixedParameters: 0 0 0

#Transform 75
Transform: AffineTransform_float_3_3
Parameters: 1 1.41245e-05 -0.000252993 -1.37931e-05 0.99999 0.00458601 0.000252909 -0.004586 0.99999 0.023497 -0.323883 -0.246961
FixedParameters: 0 0 0

#Transform 76
Transform: AffineTransform_float_3_3
Parameters: 1 -0.00024844 -0.00022686 0.000249297 0.99999 0.00432594 0.000225594 -0.00432605 0.99999 0.0142919 -0.271376 -0.286952
FixedParameters: 0 0 0

#Transform 77
Transform: AffineTransform_float_3_3
Parameters: 0.999999 -0.000455741 -0.000697602 0.000459399 0.999991 0.00420568 0.000695529 -0.00420632 0.999991 0.0432247 -0.262802 -0.224153
FixedParameters: 0 0 0

#Transform 78
Transform: AffineTransform_float_3_3
Parameters: 1 -0.000272861 -0.000299645 0.000273638 0.999995 0.00313792 0.000298818 -0.00313808 0.999995 0.0166107 -0.152622 -0.176143
FixedParameters: 0 0 0

#Transform 79
Transform: AffineTransform_float_3_3
Parameters: 1 -5.78774e-05 -0.000525482 6.01606e-05 0.999995 0.00311997 0.000525007 -0.00312003 0.999995 0.0326384 -0.164494 -0.163643
FixedParameters: 0 0 0

#Transform 80
Transform: AffineTransform_float_3_3
Parameters: 1 -0.000216444 -0.000670911 0.000219533 0.999993 0.00386586 0.000670008 -0.00386615 0.999993 0.0476402 -0.256314 -0.17491
FixedParameters: 0 0 0

#Transform 81
Transform: AffineTransform_float_3_3
Parameters: 1 4.6347e-05 -0.000641814 -4.35751e-05 0.99999 0.00448303 0.000641899 -0.00448297 0.999989 0.0227882 -0.314573 -0.185975
FixedParameters: 0 0 0

#Transform 82
Transform: AffineTransform_float_3_3
Parameters: 1 -7.89717e-05 -0.000329772 8.08313e-05 0.99999 0.00448697 0.000329943 -0.00448703 0.99999 0.0297082 -0.281198 -0.246583
FixedParameters: 0 0 0

#Transform 83
Transform: AffineTransform_float_3_3
Parameters: 0.999999 -0.000464315 -0.000698072 0.000466736 0.999995 0.00331368 0.000696762 -0.00331433 0.999995 0.015854 -0.197313 -0.185866
FixedParameters: 0 0 0

#Transform 84
Transform: AffineTransform_float_3_3
Parameters: 0.999998 -0.000440085 -0.0015541 0.000446896 0.999991 0.00418219 0.00155174 -0.00418281 0.99999 0.0461007 -0.243348 -0.200268
FixedParameters: 0 0 0

#Transform 85
Transform: AffineTransform_float_3_3
Parameters: 0.999998 5.04953e-05 -0.00193314 -4.38439e-05 0.999994 0.00352088 0.00193273 -0.00352112 0.999992 0.103895 -0.206013 -0.0346154
FixedParameters: 0 0 0

#Transform 86
Transform: AffineTransform_float_3_3
Parameters: 0.999999 0.000231997 -0.00148048 -0.000226358 0.999993 0.00358213 0.00148159 -0.00358187 0.999993 0.0971696 -0.199463 -0.124203
FixedParameters: 0 0 0

#Transform 87
Transform: AffineTransform_float_3_3
Parameters: 1 4.12053e-05 -0.00115946 -3.67504e-05 0.999994 0.00325194 0.00116039 -0.00325206 0.999994 0.0868006 -0.218462 -0.138871
FixedParameters: 0 0 0

#Transform 88
Transform: AffineTransform_float_3_3
Parameters: 0.999999 -2.96087e-05 -0.000710631 3.27758e-05 0.99999 0.00432887 0.000710042 -0.00432913 0.999991 0.0383189 -0.247199 -0.157906
FixedParameters: 0 0 0

#Transform 89
Transform: AffineTransform_float_3_3
Parameters: 0.999999 -2.97083e-05 -0.000710627 3.26765e-05 0.999991 0.00418898 0.000710046 -0.00418902 0.999991 0.0371593 -0.236309 -0.202559
FixedParameters: 0 0 0

#Transform 90
Transform: AffineTransform_float_3_3
Parameters: 0.999999 -8.53557e-05 -0.000716812 8.82918e-05 0.999991 0.00420294 0.000716757 -0.00420306 0.999991 0.0236878 -0.241391 -0.158933
FixedParameters: 0 0 0

#Transform 91
Transform: AffineTransform_float_3_3
Parameters: 0.999999 -2.97396e-05 -0.000710625 3.26453e-05 0.999992 0.00414498 0.000710048 -0.00414502 0.999991 0.0301575 -0.257209 -0.15262
FixedParameters: 0 0 0

#Transform 92
Transform: AffineTransform_float_3_3
Parameters: 1 -4.33015e-05 -0.000585421 4.67545e-05 0.999989 0.00473697 0.000585776 -0.00473702 0.999988 0.00698379 -0.283086 -0.248239
FixedParameters: 0 0 0

#Transform 93
Transform: AffineTransform_float_3_3
Parameters: 0.999999 -0.000294796 -0.000676845 0.000297824 0.99999 0.0046008 0.000675788 -0.0046012 0.999989 0.0260553 -0.240373 -0.257357
FixedParameters: 0 0 0

#Transform 94
Transform: AffineTransform_float_3_3
Parameters: 1 -0.000406133 -0.000410397 0.000408429 0.999991 0.00427583 0.000408797 -0.00427616 0.999991 0.0121282 -0.226025 -0.253259
FixedParameters: 0 0 0

#Transform 95
Transform: AffineTransform_float_3_3
Parameters: 1 -3.40523e-05 -0.000670875 3.68335e-05 0.999991 0.00429797 0.000670251 -0.00429802 0.99999 0.0296235 -0.24638 -0.238646
FixedParameters: 0 0 0

#Transform 96
Transform: AffineTransform_float_3_3
Parameters: 0.999999 -0.000154433 -0.000737904 0.000158639 0.999984 0.00562089 0.000736713 -0.00562112 0.999984 0.0288118 -0.354579 -0.308542
FixedParameters: 0 0 0

#Transform 97
Transform: AffineTransform_float_3_3
Parameters: 1 -0.000309491 -0.000395327 0.000311241 0.999981 0.00627288 0.000393103 -0.00627313 0.99998 0.00319299 -0.345488 -0.398618
FixedParameters: 0 0 0

#Transform 98
Transform: AffineTransform_float_3_3
Parameters: 1 -0.000334556 -0.000441358 0.000337691 0.999981 0.00606084 0.00043906 -0.00606015 0.999981 0.00632865 -0.297053 -0.380277
FixedParameters: 0 0 0

#Transform 99
Transform: AffineTransform_float_3_3
Parameters: 1 -0.000166288 -0.000301513 0.000167642 0.999983 0.00572894 0.000300382 -0.00572905 0.999983 0.012043 -0.261003 -0.403992
FixedParameters: 0 0 0

#Transform 100
Transform: AffineTransform_float_3_3
Parameters: 1 -0.000341576 -0.00016619 0.000342172 0.999985 0.00545694 0.000164341 -0.00545706 0.999985 0.00227414 -0.262037 -0.368889
FixedParameters: 0 0 0

#Transform 101
Transform: AffineTransform_float_3_3
Parameters: 1 -9.319e-05 -0.000138234 9.44923e-05 0.999987 0.00509399 0.000138272 -0.00509401 0.999987 0.00807924 -0.264018 -0.319757
FixedParameters: 0 0 0

#Transform 102
Transform: AffineTransform_float_3_3
Parameters: 0.999999 -8.34934e-06 -0.000886563 1.43272e-05 0.99998 0.00623388 0.000886885 -0.00623411 0.99998 0.0432864 -0.353094 -0.361124
FixedParameters: 0 0 0

#Transform 103
Transform: AffineTransform_float_3_3
Parameters: 0.999999 -0.000291214 -0.000729686 0.000296216 0.999975 0.00706078 0.00072799 -0.00706121 0.999975 0.03412 -0.39384 -0.417113
FixedParameters: 0 0 0

#Transform 104
Transform: AffineTransform_float_3_3
Parameters: 1 -0.000169488 -0.000648431 0.000173759 0.999974 0.00729688 0.000647384 -0.00729613 0.999973 0.0343213 -0.354908 -0.428654
FixedParameters: 0 0 0

#Transform 105
Transform: AffineTransform_float_3_3
Parameters: 1 -3.79431e-05 -0.00061931 4.28976e-05 0.999974 0.00729698 0.00061929 -0.00729703 0.999973 0.0371335 -0.327358 -0.457354
FixedParameters: 0 0 0

#Transform 106
Transform: AffineTransform_float_3_3
Parameters: 1 -3.79431e-05 -0.00061931 4.28976e-05 0.999974 0.00729698 0.00061929 -0.00729703 0.999973 0.0451566 -0.334806 -0.490887
FixedParameters: 0 0 0

#Transform 107
Transform: AffineTransform_float_3_3
Parameters: 0.999999 -0.000234512 -0.000866095 0.000241305 0.999976 0.00692179 0.000864258 -0.0069222 0.999975 0.052938 -0.293241 -0.499166
FixedParameters: 0 0 0

#Transform 108
Transform: AffineTransform_float_3_3
Parameters: 1 -3.83729e-05 -0.000619284 4.24678e-05 0.999978 0.00660298 0.000619319 -0.00660303 0.999978 0.0371575 -0.317258 -0.487133
FixedParameters: 0 0 0

#Transform 109
Transform: AffineTransform_float_3_3
Parameters: 1 -0.000235945 -0.000641794 0.000240533 0.999976 0.00684773 0.000640095 -0.00684727 0.999977 0.0271853 -0.346326 -0.486153
FixedParameters: 0 0 0

#Transform 110
Transform: AffineTransform_float_3_3
Parameters: 1 1.53726e-05 -0.00108428 -7.2275e-06 0.999972 0.00747201 0.0010846 -0.00747198 0.999971 0.0417248 -0.385922 -0.546342
FixedParameters: 0 0 0

#Transform 111
Transform: AffineTransform_float_3_3
Parameters: 1 0.000358946 -0.00104501 -0.000351519 0.999974 0.00729737 0.00104835 -0.00729663 0.999973 0.0505754 -0.338641 -0.559312
FixedParameters: 0 0 0

#Transform 112
Transform: AffineTransform_float_3_3
Parameters: 0.999999 0.000150234 -0.000926889 -0.000142582 0.999964 0.00841103 0.000928501 -0.00841097 0.999964 0.0391481 -0.361563 -0.596528
FixedParameters: 0 0 0

#Transform 113
Transform: AffineTransform_float_3_3
Parameters: 0.999999 0.000422173 -0.00136274 -0.000411427 0.999969 0.00783247 0.00136512 -0.00783154 0.999969 0.0657996 -0.342806 -0.551351
FixedParameters: 0 0 0

#Transform 114
Transform: AffineTransform_float_3_3
Parameters: 0.999999 0.000637583 -0.00117963 -0.000627886 0.999964 0.00854576 0.00118529 -0.00854524 0.999962 0.0745137 -0.409487 -0.550212
FixedParameters: 0 0 0

#Transform 115
Transform: AffineTransform_float_3_3
Parameters: 0.999999 0.000944215 -0.00118918 -0.000933067 0.999959 0.00894102 0.00119784 -0.00893997 0.99996 0.0663248 -0.4586 -0.56533
FixedParameters: 0 0 0

#Transform 116
Transform: AffineTransform_float_3_3
Parameters: 0.999999 0.000823686 -0.0012183 -0.000812187 0.999961 0.00888001 0.00122469 -0.00887899 0.99996 0.055857 -0.399876 -0.549038
FixedParameters: 0 0 0

#Transform 117
Transform: AffineTransform_float_3_3
Parameters: 0.999999 0.000934659 -0.00120497 -0.000922841 0.999955 0.00947003 0.00121333 -0.00946897 0.999955 0.048463 -0.393377 -0.562064
FixedParameters: 0 0 0

#Transform 118
Transform: AffineTransform_float_3_3
Parameters: 0.999999 0.00055735 -0.00067213 -0.00055136 0.999957 0.00927937 0.000677697 -0.00927862 0.999956 0.0206931 -0.372166 -0.556916
FixedParameters: 0 0 0

#Transform 119
Transform: AffineTransform_float_3_3
Parameters: 1 0.000569859 -0.000935442 -0.000560942 0.999956 0.00929444 0.000941019 -0.00929456 0.999957 0.0304905 -0.413153 -0.53351
FixedParameters: 0 0 0

#Transform 120
Transform: AffineTransform_float_3_3
Parameters: 0.999999 0.000746854 -0.00129 -0.000734465 0.999951 0.00992297 0.00129724 -0.00992204 0.99995 0.0534024 -0.45704 -0.525694
FixedParameters: 0 0 0

#Transform 121
Transform: AffineTransform_float_3_3
Parameters: 0.999999 0.00069178 -0.00141428 -0.000678283 0.999951 0.00983287 0.00142119 -0.00983211 0.99995 0.0749804 -0.467535 -0.571776
FixedParameters: 0 0 0

#Transform 122
Transform: AffineTransform_float_3_3
Parameters: 0.999999 0.000541008 -0.00137739 -0.000527343 0.999948 0.0102006 0.00138272 -0.0102004 0.999947 0.0757416 -0.440595 -0.611009
FixedParameters: 0 0 0

#Transform 123
Transform: AffineTransform_float_3_3
Parameters: 0.999999 0.00050067 -0.00129956 -0.000487613 0.999948 0.0101975 0.00130417 -0.0101975 0.999947 0.054467 -0.423165 -0.612792
FixedParameters: 0 0 0

#Transform 124
Transform: AffineTransform_float_3_3
Parameters: 1 0.000481484 -0.00103124 -0.000471506 0.999956 0.00943451 0.00103519 -0.0094345 0.999955 0.0426655 -0.368825 -0.602282
FixedParameters: 0 0 0

#Transform 125
Transform: AffineTransform_float_3_3
Parameters: 1 0.000406908 -0.00109231 -0.000396153 0.999956 0.00931433 0.00109574 -0.00931366 0.999956 0.0428769 -0.381627 -0.573057
FixedParameters: 0 0 0

#Transform 126
Transform: AffineTransform_float_3_3
Parameters: 1 0.000482531 -0.00108347 -0.000472562 0.999956 0.00943453 0.00108733 -0.00943447 0.999955 0.0523426 -0.410376 -0.529294
FixedParameters: 0 0 0

#Transform 127
Transform: AffineTransform_float_3_3
Parameters: 1 0.000447044 -0.000964612 -0.000437375 0.99995 0.00992632 0.000968351 -0.00992568 0.999951 0.0413994 -0.463978 -0.521395
FixedParameters: 0 0 0

#Transform 128
Transform: AffineTransform_float_3_3
Parameters: 1 0.000516067 -0.00107929 -0.000505641 0.999948 0.0101365 0.0010844 -0.0101365 0.999948 0.0422088 -0.486778 -0.550564
FixedParameters: 0 0 0

#Transform 129
Transform: AffineTransform_float_3_3
Parameters: 1 0.000602281 -0.000946311 -0.000592259 0.999948 0.0102346 0.000952502 -0.0102344 0.999947 0.0221526 -0.44847 -0.590826
FixedParameters: 0 0 0

#Transform 130
Transform: AffineTransform_float_3_3
Parameters: 1 0.000666099 -0.000986291 -0.00065675 0.99995 0.00997965 0.000993351 -0.00997834 0.999949 0.0482818 -0.401609 -0.600368
FixedParameters: 0 0 0

#Transform 131
Transform: AffineTransform_float_3_3
Parameters: 1 0.000409794 -0.00110289 -0.000398587 0.999951 0.00987746 0.00110672 -0.00987754 0.99995 0.0542112 -0.440444 -0.567573
FixedParameters: 0 0 0

#Transform 132
Transform: AffineTransform_float_3_3
Parameters: 1 0.000450974 -0.000976045 -0.000440065 0.999945 0.0104903 0.000981347 -0.0104897 0.999945 0.0565605 -0.453526 -0.551833
FixedParameters: 0 0 0

#Transform 133
Transform: AffineTransform_float_3_3
Parameters: 0.999999 0.000785055 -0.00127196 -0.000771948 0.999942 0.0106889 0.00128004 -0.0106881 0.999942 0.0812288 -0.484691 -0.554161
FixedParameters: 0 0 0

#Transform 134
Transform: AffineTransform_float_3_3
Parameters: 0.999999 0.000637435 -0.00107572 -0.000626036 0.999939 0.0109776 0.00108224 -0.0109764 0.999939 0.0641955 -0.483536 -0.601656
FixedParameters: 0 0 0

#Transform 135
Transform: AffineTransform_float_3_3
Parameters: 0.999999 0.000928213 -0.00113845 -0.000916247 0.999945 0.0105131 0.0011485 -0.0105119 0.999944 0.0749782 -0.447208 -0.593232
FixedParameters: 0 0 0

#Transform 136
Transform: AffineTransform_float_3_3
Parameters: 0.999999 0.000445847 -0.000796473 -0.000437975 0.999946 0.0103253 0.00080166 -0.0103257 0.999947 0.0482417 -0.387488 -0.575315
FixedParameters: 0 0 0

#Transform 137
Transform: AffineTransform_float_3_3
Parameters: 0.999999 0.000545582 -0.00140703 -0.000531133 0.999947 0.0102637 0.00141251 -0.0102633 0.999947 0.0796998 -0.421225 -0.5465
FixedParameters: 0 0 0

#Transform 138
Transform: AffineTransform_float_3_3
Parameters: 0.999998 0.000953784 -0.00135917 -0.000939847 0.999947 0.0102642 0.00136905 -0.0102628 0.999947 0.0917361 -0.480928 -0.474385
FixedParameters: 0 0 0

#Transform 139
Transform: AffineTransform_float_3_3
Parameters: 0.999998 0.000954817 -0.00135844 -0.000939802 0.999939 0.0110242 0.00136967 -0.0110228 0.999939 0.0932874 -0.531629 -0.560557
FixedParameters: 0 0 0

#Transform 140
Transform: AffineTransform_float_3_3
Parameters: 0.999998 0.000983019 -0.00159355 -0.000964855 0.999936 0.0112885 0.00160457 -0.0112865 0.999935 0.103321 -0.517435 -0.575915
FixedParameters: 0 0 0

#Transform 141
Transform: AffineTransform_float_3_3
Parameters: 0.999999 0.000806527 -0.00124074 -0.000795027 0.99995 0.0099149 0.00124817 -0.00991409 0.99995 0.0677652 -0.438664 -0.513997
FixedParameters: 0 0 0

#Transform 142
Transform: AffineTransform_float_3_3
Parameters: 0.999999 0.000863828 -0.00128499 -0.000849881 0.999945 0.010478 0.0012935 -0.010477 0.999944 0.0713504 -0.459242 -0.536146
FixedParameters: 0 0 0

#Transform 143
Transform: AffineTransform_float_3_3
Parameters: 0.999998 0.000944005 -0.00127574 -0.00093078 0.999947 0.0102671 0.00128554 -0.0102659 0.999947 0.0856251 -0.460888 -0.48977
FixedParameters: 0 0 0

#Transform 144
Transform: AffineTransform_float_3_3
Parameters: 0.999998 0.000564911 -0.00186511 -0.000546386 0.999953 0.00966384 0.00187095 -0.00966317 0.999952 0.118683 -0.428758 -0.327707
FixedParameters: 0 0 0

#Transform 145
Transform: AffineTransform_float_3_3
Parameters: 0.999998 0.000679497 -0.00149228 -0.000667835 0.99997 0.00774991 0.00149747 -0.00774908 0.999969 0.0743991 -0.342126 -0.375936
FixedParameters: 0 0 0

#Transform 146
Transform: AffineTransform_float_3_3
Parameters: 0.999998 0.000538238 -0.00150805 -0.000524718 0.99996 0.00894569 0.00151209 -0.0089443 0.999959 0.07093 -0.341341 -0.480791
FixedParameters: 0 0 0

#Transform 147
Transform: AffineTransform_float_3_3
Parameters: 0.999998 0.000488345 -0.00151368 -0.000474284 0.999955 0.00945263 0.0015182 -0.00945138 0.999954 0.0864808 -0.37314 -0.537391
FixedParameters: 0 0 0

#Transform 148
Transform: AffineTransform_float_3_3
Parameters: 0.999999 0.000413402 -0.00152232 -0.000398093 0.999952 0.00981151 0.0015257 -0.00981048 0.99995 0.0881029 -0.402134 -0.546823
FixedParameters: 0 0 0

#Transform 149
Transform: AffineTransform_float_3_3
Parameters: 0.999998 0.000536777 -0.00150786 -0.000521205 0.999951 0.0099527 0.00151282 -0.00995131 0.99995 0.0873992 -0.440428 -0.504811
FixedParameters: 0 0 0

#Transform 150
Transform: AffineTransform_float_3_3
Parameters: 0.999998 0.00100169 -0.001761 -0.000981897 0.999942 0.0106806 0.00177121 -0.0106794 0.999942 0.117824 -0.5203 -0.541637
FixedParameters: 0 0 0

#Transform 151
Transform: AffineTransform_float_3_3
Parameters: 0.999997 0.00101365 -0.00186439 -0.000993036 0.999943 0.0105757 0.00187454 -0.0105743 0.999942 0.118526 -0.508526 -0.580274
FixedParameters: 0 0 0

#Transform 152
Transform: AffineTransform_float_3_3
Parameters: 0.999997 0.00101264 -0.00186494 -0.000993151 0.99995 0.0100348 0.00187509 -0.0100332 0.999948 0.125038 -0.421699 -0.544389
FixedParameters: 0 0 0

#Transform 153
Transform: AffineTransform_float_3_3
Parameters: 0.999997 0.00101319 -0.00186464 -0.000993593 0.999947 0.0103298 0.00187529 -0.0103282 0.999945 0.146025 -0.407872 -0.584104
FixedParameters: 0 0 0

#Transform 154
Transform: AffineTransform_float_3_3
Parameters: 0.999996 0.00107486 -0.00238166 -0.00104852 0.999942 0.0107322 0.00239273 -0.0107298 0.99994 0.175583 -0.504843 -0.453157
FixedParameters: 0 0 0

#Transform 155
Transform: AffineTransform_float_3_3
Parameters: 0.999998 0.000986921 -0.00165502 -0.00097093 0.999955 0.00938544 0.00166473 -0.00938456 0.999955 0.135694 -0.486631 -0.29909
FixedParameters: 0 0 0

#Transform 156
Transform: AffineTransform_float_3_3
Parameters: 0.999996 0.000849668 -0.00265084 -0.000825975 0.99996 0.00885881 0.00265816 -0.00885618 0.999957 0.180576 -0.374341 -0.306505
FixedParameters: 0 0 0

#Transform 157
Transform: AffineTransform_float_3_3
Parameters: 0.999996 0.000854969 -0.00276645 -0.000827427 0.999951 0.00989893 0.00277515 -0.00989707 0.999947 0.188014 -0.386223 -0.408351
FixedParameters: 0 0 0

#Transform 158
Transform: AffineTransform_float_3_3
Parameters: 0.999999 8.88859e-05 -0.0014192 -7.56904e-05 0.999961 0.00885201 0.00141938 -0.00885199 0.99996 0.112239 -0.408478 -0.449635
FixedParameters: 0 0 0

#Transform 159
Transform: AffineTransform_float_3_3
Parameters: 0.999999 -0.000154609 -0.000856146 0.000161335 0.999971 0.00754076 0.000855114 -0.00754124 0.999971 0.0687466 -0.355384 -0.429991
FixedParameters: 0 0 0

#Transform 160
Transform: AffineTransform_float_3_3
Parameters: 0.999999 -8.56511e-05 -0.00133908 9.99402e-05 0.999948 0.0102459 0.00133779 -0.0102461 0.999946 0.104082 -0.450308 -0.557395
FixedParameters: 0 0 0

#Transform 161
Transform: AffineTransform_float_3_3
Parameters: 0.999999 -9.40149e-05 -0.00171791 0.0001131 0.999938 0.0111777 0.00171755 -0.0111783 0.999936 0.0900406 -0.50587 -0.603981
FixedParameters: 0 0 0

#Transform 162
Transform: AffineTransform_float_3_3
Parameters: 0.999998 0.000427675 -0.00207734 -0.000406987 0.999948 0.0101837 0.00208151 -0.0101823 0.999946 0.135951 -0.448696 -0.650058
FixedParameters: 0 0 0

#Transform 163
Transform: AffineTransform_float_3_3
Parameters: 0.999998 0.000427177 -0.00206727 -0.000405359 0.999944 0.0105056 0.00207169 -0.0105043 0.999942 0.13591 -0.423413 -0.63087
FixedParameters: 0 0 0

#Transform 164
Transform: AffineTransform_float_3_3
Parameters: 0.999998 0.000175211 -0.00158439 -0.000157594 0.999938 0.0112012 0.0015862 -0.0112008 0.999936 0.1064 -0.433372 -0.660457
FixedParameters: 0 0 0

#Transform 165
Transform: AffineTransform_float_3_3
Parameters: 0.999999 8.90163e-05 -0.00133476 -7.37141e-05 0.999939 0.010981 0.00133606 -0.010981 0.999939 0.0927524 -0.448271 -0.643614
FixedParameters: 0 0 0

#Transform 166
Transform: AffineTransform_float_3_3
Parameters: 0.999998 0.000369726 -0.00157354 -0.000353206 0.999941 0.0108555 0.00157749 -0.0108545 0.99994 0.103764 -0.482917 -0.567435
FixedParameters: 0 0 0

#Transform 167
Transform: AffineTransform_float_3_3
Parameters: 0.999997 0.00109342 -0.00188637 -0.00107397 0.999945 0.0104058 0.00189774 -0.0104031 0.999944 0.133303 -0.520674 -0.574119
FixedParameters: 0 0 0

#Transform 168
Transform: AffineTransform_float_3_3
Parameters: 0.999998 0.000901391 -0.00179307 -0.00088281 0.999944 0.0104914 0.0018027 -0.0104906 0.999943 0.123612 -0.484335 -0.584113
FixedParameters: 0 0 0

#Transform 169
Transform: AffineTransform_float_3_3
Parameters: 0.999998 0.00115567 -0.00153158 -0.00113905 0.999944 0.0105227 0.00154298 -0.0105203 0.999944 0.120354 -0.47124 -0.539258
FixedParameters: 0 0 0

#Transform 170
Transform: AffineTransform_float_3_3
Parameters: 1 0.00102372 -0.000665859 -0.00101563 0.99993 0.0118047 0.000678039 -0.0118043 0.99993 0.0855008 -0.51272 -0.596852
FixedParameters: 0 0 0

#Transform 171
Transform: AffineTransform_float_3_3
Parameters: 0.999999 0.000976983 -0.00104926 -0.000966073 0.999945 0.01038 0.0010592 -0.010379 0.999945 0.0784016 -0.510638 -0.521287
FixedParameters: 0 0 0

#Transform 172
Transform: AffineTransform_float_3_3
Parameters: 0.999999 0.0011149 -0.0014584 -0.00109971 0.99995 0.00992363 0.00146884 -0.00992137 0.999949 0.100158 -0.453706 -0.540619
FixedParameters: 0 0 0

#Transform 173
Transform: AffineTransform_float_3_3
Parameters: 0.999996 0.00185945 -0.00219384 -0.0018367 0.999949 0.00997001 0.00221233 -0.00996598 0.999947 0.153579 -0.440518 -0.474541
FixedParameters: 0 0 0

#Transform 174
Transform: AffineTransform_float_3_3
Parameters: 0.999994 0.00214773 -0.00249993 -0.00212485 0.999956 0.00915321 0.00251947 -0.0091478 0.999955 0.176855 -0.406611 -0.412227
FixedParameters: 0 0 0

#Transform 175
Transform: AffineTransform_float_3_3
Parameters: 0.999997 0.00169613 -0.00201598 -0.00167718 0.999951 0.00971824 0.0020325 -0.00971476 0.999951 0.144386 -0.39467 -0.460558
FixedParameters: 0 0 0

#Transform 176
Transform: AffineTransform_float_3_3
Parameters: 0.999995 0.00196131 -0.00240968 -0.00193886 0.999955 0.00924655 0.00242827 -0.00924145 0.999954 0.180307 -0.374489 -0.446553
FixedParameters: 0 0 0

#Transform 177
Transform: AffineTransform_float_3_3
Parameters: 0.999994 0.0017785 -0.00272648 -0.00175649 0.999965 0.00816055 0.00274083 -0.00815543 0.999963 0.193715 -0.323304 -0.468722
FixedParameters: 0 0 0

#Transform 178
Transform: AffineTransform_float_3_3
Parameters: 0.999995 0.00198693 -0.00264704 -0.00196572 0.999964 0.00821198 0.00266301 -0.00820603 0.999963 0.192164 -0.374201 -0.448951
FixedParameters: 0 0 0

#Transform 179
Transform: AffineTransform_float_3_3
Parameters: 0.999992 0.00225521 -0.0032576 -0.00223133 0.999969 0.00754197 0.00327463 -0.00753402 0.999966 0.209479 -0.371051 -0.431417
FixedParameters: 0 0 0

#Transform 180
Transform: AffineTransform_float_3_3
Parameters: 0.999992 0.00245249 -0.00294511 -0.00242913 0.999964 0.00802596 0.00296461 -0.00801803 0.999963 0.199488 -0.383746 -0.468778
FixedParameters: 0 0 0

#Transform 181
Transform: AffineTransform_float_3_3
Parameters: 0.999992 0.00225681 -0.00332963 -0.00222922 0.999963 0.00821404 0.00334847 -0.00820695 0.999961 0.214254 -0.341506 -0.478558
FixedParameters: 0 0 0

#Transform 182
Transform: AffineTransform_float_3_3
Parameters: 0.999994 0.00222325 -0.00285777 -0.00219728 0.999957 0.00907009 0.00287797 -0.00906391 0.999955 0.197514 -0.389978 -0.477964
FixedParameters: 0 0 0

#Transform 183
Transform: AffineTransform_float_3_3
Parameters: 0.999998 0.00178637 0.00111906 -0.00179083 0.999989 0.00416309 -0.0011117 -0.00416491 0.999991 0.027243 -0.294149 -0.0864083
FixedParameters: 0 0 0

#Transform 184
Transform: AffineTransform_float_3_3
Parameters: 0.999993 0.0019664 -0.00321531 -0.00194073 0.999965 0.00808983 0.00323101 -0.00808318 0.999963 0.207989 -0.442101 -0.509338
FixedParameters: 0 0 0

#Transform 185
Transform: AffineTransform_float_3_3
Parameters: 0.999994 0.00194456 -0.00301277 -0.00191933 0.999962 0.00854048 0.00302886 -0.00853454 0.999959 0.190286 -0.3742 -0.511631
FixedParameters: 0 0 0

#Transform 186
Transform: AffineTransform_float_3_3
Parameters: 0.999994 0.00201052 -0.00278534 -0.00198591 0.99996 0.00874933 0.00280262 -0.00874368 0.999958 0.180696 -0.382107 -0.53635
FixedParameters: 0 0 0

#Transform 187
Transform: AffineTransform_float_3_3
Parameters: 0.999993 0.0020326 -0.0029403 -0.00200702 0.999962 0.0084706 0.00295782 -0.0084654 0.99996 0.198639 -0.342122 -0.534416
FixedParameters: 0 0 0

#Transform 188
Transform: AffineTransform_float_3_3
Parameters: 0.999993 0.00224491 -0.00299881 -0.00221962 0.999964 0.00822148 0.00301683 -0.00821553 0.999962 0.209671 -0.352562 -0.495565
FixedParameters: 0 0 0

#Transform 189
Transform: AffineTransform_float_3_3
Parameters: 0.999994 0.00207273 -0.00301769 -0.00204587 0.999959 0.00877488 0.00303593 -0.00876912 0.999957 0.211389 -0.416314 -0.484565
