# transform file /out/sourcedata/freesurfer/sub-v1s22x0050465_ses-1/mri/transforms/cc_up.lta
# created by oesteban on Mon Mar  9 14:33:45 2026

type      = 0 # LINEAR_VOX_TO_VOX
nxforms   = 1
mean      = 131.0000 100.0000 111.0000
sigma     = 10000.0000
1 4 4
9.927694797515869e-01 -6.161502003669739e-02 1.030169650912285e-01 -4.814420223236084e+00 
6.128595024347305e-02 9.981000423431396e-01 6.359474733471870e-03 3.958704376220703e+01 
-1.032130718231201e-01 4.656613428188905e-10 9.946593046188354e-01 4.791971588134766e+01 
0.000000000000000e+00 0.000000000000000e+00 0.000000000000000e+00 1.000000000000000e+00 
src volume info
valid = 1  # volume info valid
filename = /out/sourcedata/freesurfer/sub-v1s22x0050465_ses-1/mri/norm.mgz
volume = 256 256 256
voxelsize = 1.000000000000000e+00 1.000000000000000e+00 1.000000000000000e+00
xras   = -1.000000000000000e+00 3.166860551573336e-09 -9.313225746154785e-10
yras   = 0.000000000000000e+00 0.000000000000000e+00 -1.000000000000000e+00
zras   = 5.579749995376915e-10 1.000000119209290e+00 0.000000000000000e+00
cras   = -3.246948242187500e+00 4.898440551757812e+01 -3.457205200195312e+01
dst volume info
valid = 1  # volume info valid
filename = /out/sourcedata/freesurfer/sub-v1s22x0050465_ses-1/mri/norm.mgz
volume = 256 256 256
voxelsize = 1.000000000000000e+00 1.000000000000000e+00 1.000000000000000e+00
xras   = -1.000000000000000e+00 3.166860551573336e-09 -9.313225746154785e-10
yras   = 0.000000000000000e+00 0.000000000000000e+00 -1.000000000000000e+00
zras   = 5.579749995376915e-10 1.000000119209290e+00 0.000000000000000e+00
cras   = -3.246948242187500e+00 4.898440551757812e+01 -3.457205200195312e+01
