# transform file transforms/talairach.lta
# created by oesteban on Mon Mar  9 13:10:33 2026

type      = 0 # LINEAR_VOX_TO_VOX
nxforms   = 1
mean      = 131.0000 102.0000 111.0000
sigma     = 10000.0000
1 4 4
1.099065065383911e+00 -3.732826188206673e-02 1.029556989669800e-01 -2.287080001831055e+01 
6.767871789634228e-03 1.104806303977966e+00 3.141144514083862e-01 -2.012372970581055e+01 
-1.360649913549423e-01 -2.816426157951355e-01 9.781593680381775e-01 4.967566299438477e+01 
0.000000000000000e+00 0.000000000000000e+00 0.000000000000000e+00 1.000000000000000e+00 
src volume info
valid = 1  # volume info valid
filename = nu.mgz
volume = 256 256 256
voxelsize = 1.000000000000000e+00 1.000000000000000e+00 1.000000000000000e+00
xras   = -1.000000000000000e+00 3.166860551573336e-09 -9.313225746154785e-10
yras   = 0.000000000000000e+00 0.000000000000000e+00 -1.000000000000000e+00
zras   = 5.579749995376915e-10 1.000000119209290e+00 0.000000000000000e+00
cras   = -3.246948242187500e+00 4.898440551757812e+01 -3.457205200195312e+01
dst volume info
valid = 1  # volume info valid
filename = /opt/freesurfer/average/RB_all_2020-01-02.gca
volume = 256 256 256
voxelsize = 1.000000000000000e+00 1.000000000000000e+00 1.000000000000000e+00
xras   = -1.000000000000000e+00 0.000000000000000e+00 0.000000000000000e+00
yras   = 0.000000000000000e+00 0.000000000000000e+00 -1.000000000000000e+00
zras   = 0.000000000000000e+00 1.000000000000000e+00 0.000000000000000e+00
cras   = 0.000000000000000e+00 0.000000000000000e+00 0.000000000000000e+00
