#Insight Transform File V1.0
#Transform 0
Transform: AffineTransform_float_3_3
Parameters: 1 0.000547884 0.000191331 -0.000548116 0.999999 0.000603895 -0.000191669 -0.000604105 1 -0.011891 -0.0281951 0.0873869
FixedParameters: 0 0 0

#Transform 1
Transform: AffineTransform_float_3_3
Parameters: 1 0.000302901 0.000179167 -0.000303099 1 0.000549946 -0.000179833 -0.000550054 1 -0.00653614 -0.0199501 0.0414827
FixedParameters: 0 0 0

#Transform 2
Transform: AffineTransform_float_3_3
Parameters: 1 0.00031 4.681e-08 -0.00031 1 0.000151 4.681e-08 -0.000151 1 -0.000656975 0.00625828 0.0398623
FixedParameters: 0 0 0

#Transform 3
Transform: AffineTransform_float_3_3
Parameters: 1 0.000532 -4.7348e-08 -0.000532 1 -8.9e-05 -4.7348e-08 8.9e-05 1 0.00775891 0.0252583 0.024983
FixedParameters: 0 0 0

#Transform 4
Transform: AffineTransform_float_3_3
Parameters: 1 0.000228 -7.752e-08 -0.000228 1 -0.00034 -7.752e-08 0.00034 1 -0.0105352 0.0262289 0.0117289
FixedParameters: 0 0 0

#Transform 5
Transform: AffineTransform_float_3_3
Parameters: 1 0.000426 -1.491e-07 -0.000426 1 -0.00035 -1.491e-07 0.00035 1 0.00160535 0.0299384 0.0119342
FixedParameters: 0 0 0

#Transform 6
Transform: AffineTransform_float_3_3
Parameters: 1 0.000336 -8.1984e-08 -0.000336 1 -0.000244 -8.1984e-08 0.000244 1 0.00253338 0.0196756 0.0213376
FixedParameters: 0 0 0

#Transform 7
Transform: AffineTransform_float_3_3
Parameters: 1 0.000202943 -0.000353032 -0.000203056 1 -0.000159928 0.000352967 0.000160072 1 0.0246508 -0.00349596 0.0086699
FixedParameters: 0 0 0

#Transform 8
Transform: AffineTransform_float_3_3
Parameters: 1 0.000469942 -0.000163167 -0.000470058 1 -0.000354923 0.000162833 0.000355076 1 0.00691259 0.022551 0.0271911
FixedParameters: 0 0 0

#Transform 9
Transform: AffineTransform_float_3_3
Parameters: 1 0.000333022 6.48848e-05 -0.000332977 1 -0.000346022 -6.51152e-05 0.000345978 1 -0.00701804 0.0131866 0.0323745
FixedParameters: 0 0 0

#Transform 10
Transform: AffineTransform_float_3_3
Parameters: 1 0.000226 -3.616e-08 -0.000226 1 -0.00016 -3.616e-08 0.00016 1 0.00329963 0.0176529 0.0261022
FixedParameters: 0 0 0

#Transform 11
Transform: AffineTransform_float_3_3
Parameters: 1 0.000584951 -0.000304093 -0.000585048 1 -0.000159822 0.000303906 0.000160178 1 0.0272348 0.0123807 0.0256185
FixedParameters: 0 0 0

#Transform 12
Transform: AffineTransform_float_3_3
Parameters: 1 0 0 0 1 -0.00016 0 0.00016 1 0 0.0317941 0.0232335
FixedParameters: 0 0 0

#Transform 13
Transform: AffineTransform_float_3_3
Parameters: 1 0.000205 -5.535e-08 -0.000205 1 -0.00027 -5.535e-08 0.00027 1 0.00298963 0.0211967 0.0249232
FixedParameters: 0 0 0

#Transform 14
Transform: AffineTransform_float_3_3
Parameters: 1 0.000153954 -0.000287025 -0.000154046 1 -0.000159956 0.000286975 0.000160044 1 0.0198234 0.011243 0.0182139
FixedParameters: 0 0 0

#Transform 15
Transform: AffineTransform_float_3_3
Parameters: 1 0.000294 -6.4974e-08 -0.000294 1 -0.000221 -6.4974e-08 0.000221 1 -0.000994378 0.0359677 0.00795027
FixedParameters: 0 0 0

#Transform 16
Transform: AffineTransform_float_3_3
Parameters: 1 0.000222 -5.8608e-08 -0.000222 1 -0.000264 -5.8608e-08 0.000264 1 -5.88005e-07 0.0226526 0.00856808
FixedParameters: 0 0 0

#Transform 17
Transform: AffineTransform_float_3_3
Parameters: 1 0.000492 -7.872e-08 -0.000492 1 -0.00016 -7.872e-08 0.00016 1 0.00718183 0.0324325 0.0216216
FixedParameters: 0 0 0

#Transform 18
Transform: AffineTransform_float_3_3
Parameters: 1 -1.0122e-07 -0.000241 -1.0122e-07 1 -0.00042 0.000241 0.00042 1 0.01849 0.0311394 0.00445861
FixedParameters: 0 0 0

#Transform 19
Transform: AffineTransform_float_3_3
Parameters: 1 0 0 0 1 -0.000412 0 0.000412 1 0 0.0229274 0.00181714
FixedParameters: 0 0 0

#Transform 20
Transform: AffineTransform_float_3_3
Parameters: 1 0.000107 -1.712e-08 -0.000107 1 -0.00016 -1.712e-08 0.00016 1 0.00162173 0.00743828 0.00709256
FixedParameters: 0 0 0

#Transform 21
Transform: AffineTransform_float_3_3
Parameters: 1 0 0 0 1 -0.00016 0 0.00016 1 0.010197 0.00056296 0.0178165
FixedParameters: 0 0 0

#Transform 22
Transform: AffineTransform_float_3_3
Parameters: 1 0 0 0 1 0.000296 0 -0.000296 1 0.01029 -0.0292064 0.0165755
FixedParameters: 0 0 0

#Transform 23
Transform: AffineTransform_float_3_3
Parameters: 1 -0.000359946 -0.000211092 0.000360054 1 0.000256924 0.000210907 -0.000257076 1 0.0236765 -0.0110571 0.00796125
FixedParameters: 0 0 0

#Transform 24
Transform: AffineTransform_float_3_3
Parameters: 1 -0.000409022 -0.000365975 0.000408978 1 -6.01497e-05 0.000366024 5.98503e-05 1 0.0239742 -0.000460173 0.005116
FixedParameters: 0 0 0

#Transform 25
Transform: AffineTransform_float_3_3
Parameters: 1 -0.000456009 -0.000243983 0.000455991 1 -3.71113e-05 0.000244017 3.68887e-05 1 0.0295573 0.00931936 0.0049162
FixedParameters: 0 0 0

#Transform 26
Transform: AffineTransform_float_3_3
Parameters: 1 -0.000456026 -0.000164927 0.000455973 1 -0.000160075 0.000165073 0.000159925 1 0.0217524 -0.003697 -0.00938273
FixedParameters: 0 0 0

#Transform 27
Transform: AffineTransform_float_3_3
Parameters: 1 -0.00059702 -0.000196939 0.00059698 1 -0.000102118 0.000197061 0.000101882 1 0.0216314 0.00477035 0.00592598
FixedParameters: 0 0 0

#Transform 28
Transform: AffineTransform_float_3_3
Parameters: 1 -0.000456013 -8.4927e-05 0.000455986 1 -0.000160039 8.50729e-05 0.000159961 1 0.0168664 -0.00370084 0.00694131
FixedParameters: 0 0 0

#Transform 29
Transform: AffineTransform_float_3_3
Parameters: 0.999999 -0.000799019 -0.000124872 0.000798979 0.999999 -0.0001601 0.000125128 0.0001599 1 0.0237129 -0.00412809 0.0150492
FixedParameters: 0 0 0

#Transform 30
Transform: AffineTransform_float_3_3
Parameters: 1 -0.00045596 0.000250073 0.00045604 1 -0.000159886 -0.000249927 0.000160114 1 -0.0036962 -0.0037071 0.0249427
FixedParameters: 0 0 0

#Transform 31
Transform: AffineTransform_float_3_3
Parameters: 0.999999 -0.000668039 -0.000243893 0.000667961 1 -0.000160163 0.000244107 0.000159837 1 0.0338011 0.0136887 0.068588
FixedParameters: 0 0 0

#Transform 32
Transform: AffineTransform_float_3_3
Parameters: 0.999999 -0.000212115 -0.000789604 0.00021788 0.999972 0.00745983 0.000787396 -0.00746017 0.999972 0.0809703 -0.508977 0.238487
FixedParameters: 0 0 0

#Transform 33
Transform: AffineTransform_float_3_3
Parameters: 1 -0.000611511 -0.000821362 0.000616488 0.999985 0.00547749 0.000817636 -0.0054775 0.999984 0.0753181 -0.302824 0.189619
FixedParameters: 0 0 0

#Transform 34
Transform: AffineTransform_float_3_3
Parameters: 0.999999 -0.000157658 -0.000819851 0.000167332 0.999935 0.0114069 0.000817144 -0.0114071 0.999934 0.0661604 -0.683748 0.326336
FixedParameters: 0 0 0

#Transform 35
Transform: AffineTransform_float_3_3
Parameters: 1 0.000206801 -0.000503053 -0.000202199 0.999954 0.00952509 0.000504949 -0.00952489 0.999954 0.0522605 -0.51674 0.240226
FixedParameters: 0 0 0

#Transform 36
Transform: AffineTransform_float_3_3
Parameters: 0.999999 0.000510374 -0.000567094 -0.000506627 0.999971 0.00768629 0.000570911 -0.00768572 0.999971 0.0474488 -0.409361 0.202119
FixedParameters: 0 0 0

#Transform 37
Transform: AffineTransform_float_3_3
Parameters: 0.999999 0.000681123 -0.000352932 -0.000678876 0.999982 0.00598224 0.000357067 -0.00598176 0.999982 0.0355846 -0.317863 0.180623
FixedParameters: 0 0 0

#Transform 38
Transform: AffineTransform_float_3_3
Parameters: 1 0.000771324 -0.000813924 -0.000767676 0.999985 0.00529962 0.00081808 -0.00529937 0.999985 0.0619151 -0.260759 0.181123
FixedParameters: 0 0 0

#Transform 39
Transform: AffineTransform_float_3_3
Parameters: 1 0.000517101 -0.000815414 -0.000512902 0.999988 0.00502142 0.000817586 -0.00502058 0.999987 0.0552062 -0.255413 0.171845
FixedParameters: 0 0 0

#Transform 40
Transform: AffineTransform_float_3_3
Parameters: 0.999999 0.000435164 -0.000606743 -0.000431835 0.999987 0.00520527 0.000609256 -0.00520474 0.999987 0.0619548 -0.289503 0.182941
FixedParameters: 0 0 0

#Transform 41
Transform: AffineTransform_float_3_3
Parameters: 1 0.000586535 -0.000359507 -0.000584463 0.999991 0.00425521 0.00036249 -0.00425479 0.999991 0.0403388 -0.222044 0.163016
FixedParameters: 0 0 0

#Transform 42
Transform: AffineTransform_float_3_3
Parameters: 0.999999 0.000430856 -0.000634068 -0.000428144 0.99999 0.00449827 0.000635932 -0.00449772 0.999989 0.0564698 -0.230294 0.163579
FixedParameters: 0 0 0

#Transform 43
Transform: AffineTransform_float_3_3
Parameters: 0.999999 0.000259855 -0.000817097 -0.000257145 0.999994 0.00349221 0.000817902 -0.00349179 0.999993 0.0722691 -0.188894 0.147917
FixedParameters: 0 0 0

#Transform 44
Transform: AffineTransform_float_3_3
Parameters: 0.999999 6.8856e-05 -0.000817764 -6.61466e-05 0.999994 0.00349205 0.000817235 -0.00349194 0.999993 0.0739353 -0.197863 0.134359
FixedParameters: 0 0 0

#Transform 45
Transform: AffineTransform_float_3_3
Parameters: 1 1.58739e-05 -0.000613954 -1.4126e-05 0.999996 0.00305201 0.000614046 -0.00305199 0.999995 0.0563555 -0.162358 0.116144
FixedParameters: 0 0 0

#Transform 46
Transform: AffineTransform_float_3_3
Parameters: 0.999999 -5.07413e-05 -0.000818143 5.32583e-05 0.999996 0.00276096 0.000817856 -0.00276104 0.999996 0.0677741 -0.174505 0.102362
FixedParameters: 0 0 0

#Transform 47
Transform: AffineTransform_float_3_3
Parameters: 1 0.000258389 -0.000632434 -0.00025661 0.999997 0.00219516 0.000633565 -0.00219584 0.999998 0.0610498 -0.113358 0.103125
FixedParameters: 0 0 0

#Transform 48
Transform: AffineTransform_float_3_3
Parameters: 1 5.62406e-05 -0.000564878 -5.47596e-05 0.999997 0.00219503 0.000565122 -0.00219597 0.999998 0.0539647 -0.124064 0.103205
FixedParameters: 0 0 0

#Transform 49
Transform: AffineTransform_float_3_3
Parameters: 1 -4.19675e-05 -0.00054808 4.30324e-05 0.999998 0.00188398 0.00054792 -0.00188402 0.999998 0.0514687 -0.107635 0.0837344
FixedParameters: 0 0 0

#Transform 50
Transform: AffineTransform_float_3_3
Parameters: 1 0.00011687 -0.000438769 -0.000115129 0.999998 0.00198305 0.000439229 -0.00198295 0.999998 0.0470645 -0.113356 0.108032
FixedParameters: 0 0 0

#Transform 51
Transform: AffineTransform_float_3_3
Parameters: 1 -6.32653e-05 -0.000449104 6.47344e-05 0.999998 0.00163597 0.000448894 -0.00163603 0.999998 0.0450395 -0.0922908 0.11304
FixedParameters: 0 0 0

#Transform 52
Transform: AffineTransform_float_3_3
Parameters: 1 -6.41467e-05 -0.000541102 6.5853e-05 0.999999 0.00157696 0.000540897 -0.00157703 0.999998 0.0555248 -0.088678 0.119684
FixedParameters: 0 0 0

#Transform 53
Transform: AffineTransform_float_3_3
Parameters: 1 -0.00020339 -0.000559222 0.00020461 0.999999 0.00109089 0.000558777 -0.00109111 0.999999 0.049716 -0.0864756 0.104378
FixedParameters: 0 0 0

#Transform 54
Transform: AffineTransform_float_3_3
Parameters: 1 -0.000203613 -0.000331238 0.000204388 1 0.00116793 0.000331762 -0.00116807 1 0.0446757 -0.07734 0.120078
FixedParameters: 0 0 0

#Transform 55
Transform: AffineTransform_float_3_3
Parameters: 1 -0.000632492 -0.000818394 0.000632509 0.999999 0.000621483 0.000817608 -0.000621518 1 0.075775 -0.0759502 0.0972789
FixedParameters: 0 0 0

#Transform 56
Transform: AffineTransform_float_3_3
Parameters: 0.999999 -0.000974754 -0.000818294 0.000975247 1 0.000301202 0.000817706 -0.000301797 0.999999 0.071473 -0.0567932 0.0902034
FixedParameters: 0 0 0

#Transform 57
Transform: AffineTransform_float_3_3
Parameters: 0.999999 -0.00103847 -0.000737744 0.00103953 0.999999 0.000715234 0.000737257 -0.000715767 1 0.0688376 -0.0690218 0.084231
FixedParameters: 0 0 0

#Transform 58
Transform: AffineTransform_float_3_3
Parameters: 1 -0.000926561 -0.000495822 0.00092744 0.999999 0.000886541 0.000495178 -0.00088746 1 0.0573167 -0.0661923 0.105749
FixedParameters: 0 0 0

#Transform 59
Transform: AffineTransform_float_3_3
Parameters: 0.999999 -0.000944444 -0.000879598 0.000945557 1 0.000632169 0.000879403 -0.000632832 1 0.0978137 -0.0785165 0.119956
FixedParameters: 0 0 0

#Transform 60
Transform: AffineTransform_float_3_3
Parameters: 0.999999 -0.000944458 -0.000818627 0.000945542 1 0.000662227 0.000817374 -0.000662773 1 0.0793732 -0.0728848 0.118574
FixedParameters: 0 0 0

#Transform 61
Transform: AffineTransform_float_3_3
Parameters: 0.999999 -0.000944517 -0.000818559 0.000945484 1 0.000590227 0.000817443 -0.000590773 1 0.0793637 -0.0730589 0.136473
FixedParameters: 0 0 0

#Transform 62
Transform: AffineTransform_float_3_3
Parameters: 1 -0.000944569 -0.000523779 0.000945432 0.999999 0.000824505 0.00052322 -0.000825494 0.999999 0.0614087 -0.0830413 0.111107
FixedParameters: 0 0 0

#Transform 63
Transform: AffineTransform_float_3_3
Parameters: 1 -0.000944609 -0.000532694 0.000945391 1 0.000734497 0.000531305 -0.000735502 0.999999 0.0619057 -0.0691785 0.111846
FixedParameters: 0 0 0

#Transform 64
Transform: AffineTransform_float_3_3
Parameters: 0.999999 -0.000944919 -0.000956079 0.00094508 0.999999 8.30964e-05 0.00095592 -8.49033e-05 0.999999 0.0878331 -0.0455172 0.102041
FixedParameters: 0 0 0

#Transform 65
Transform: AffineTransform_float_3_3
Parameters: 0.999999 -0.000945034 -0.000957966 0.000944966 0.999999 -3.59052e-05 0.000958033 3.50946e-05 0.999999 0.0919196 -0.0281932 0.0955041
FixedParameters: 0 0 0

#Transform 66
Transform: AffineTransform_float_3_3
Parameters: 0.999999 -0.00110201 -0.000675989 0.00110199 1 -1.07449e-05 0.000676012 1.0255e-05 1 0.0799509 -0.0406221 0.103809
FixedParameters: 0 0 0

#Transform 67
Transform: AffineTransform_float_3_3
Parameters: 0.999999 -0.00117707 -0.000772894 0.00117693 1 -8.99097e-05 0.000773105 8.90901e-05 0.999999 0.085289 -0.0281901 0.104889
FixedParameters: 0 0 0

#Transform 68
Transform: AffineTransform_float_3_3
Parameters: 0.999999 -0.0013804 -0.00120955 0.0013796 0.999999 -0.000330669 0.00121046 0.00032933 0.999999 0.119569 -0.0203455 0.107858
FixedParameters: 0 0 0

#Transform 69
Transform: AffineTransform_float_3_3
Parameters: 0.999998 -0.00137979 -0.00093031 0.00137921 0.999999 0.000224717 0.000929688 -0.000226283 0.999999 0.10135 -0.0471225 0.109235
FixedParameters: 0 0 0

#Transform 70
Transform: AffineTransform_float_3_3
Parameters: 0.999999 -0.00123573 -0.00059257 0.00123627 0.999999 0.000461268 0.000592428 -0.000462732 0.999999 0.061253 -0.0520425 0.129241
FixedParameters: 0 0 0

#Transform 71
Transform: AffineTransform_float_3_3
Parameters: 0.999997 -0.00183168 -0.00114692 0.00183132 0.999998 -0.000592102 0.00114708 0.0005899 0.999999 0.086375 0.00119096 0.10865
FixedParameters: 0 0 0

#Transform 72
Transform: AffineTransform_float_3_3
Parameters: 0.999999 -4.23914e-06 -0.00134206 1.27605e-05 0.999978 0.00652799 0.00134195 -0.00652801 0.999978 0.0998337 -0.406612 0.244966
FixedParameters: 0 0 0

#Transform 73
Transform: AffineTransform_float_3_3
Parameters: 0.999999 -0.000626206 -0.000571077 0.000628792 0.999988 0.00490364 0.000567923 -0.00490436 0.999988 0.0531952 -0.285984 0.208446
FixedParameters: 0 0 0

#Transform 74
Transform: AffineTransform_float_3_3
Parameters: 1 -0.000624635 -0.000809388 0.000628363 0.999985 0.0054035 0.000805616 -0.00540451 0.999985 0.0678318 -0.31253 0.200861
FixedParameters: 0 0 0

#Transform 75
Transform: AffineTransform_float_3_3
Parameters: 1 -0.00064021 -0.000819188 0.000643789 0.999994 0.00340947 0.00081681 -0.00341052 0.999994 0.0682322 -0.236113 0.16042
FixedParameters: 0 0 0

#Transform 76
Transform: AffineTransform_float_3_3
Parameters: 0.999999 -0.000383319 -0.000809798 0.000385681 0.999998 0.00207669 0.000809201 -0.00207731 0.999998 0.0637962 -0.161017 0.145124
FixedParameters: 0 0 0

#Transform 77
Transform: AffineTransform_float_3_3
Parameters: 0.999999 -0.00069294 -0.00101073 0.00069406 0.999999 0.0010483 0.00101027 -0.0010497 0.999999 0.0792861 -0.0896395 0.132575
FixedParameters: 0 0 0

#Transform 78
Transform: AffineTransform_float_3_3
Parameters: 0.999999 -0.000692702 -0.00102688 0.000694298 0.999999 0.00126429 0.00102612 -0.00126471 0.999998 0.0802762 -0.106886 0.119843
FixedParameters: 0 0 0

#Transform 79
Transform: AffineTransform_float_3_3
Parameters: 1 -0.000693355 -0.000809555 0.000693647 1 0.00079844 0.000809447 -0.000798562 1 0.066964 -0.0796744 0.130261
FixedParameters: 0 0 0

#Transform 80
Transform: AffineTransform_float_3_3
Parameters: 1 -0.000692694 -0.00081012 0.000694308 0.999999 0.00161444 0.000808881 -0.00161456 0.999999 0.0669815 -0.12073 0.14385
FixedParameters: 0 0 0

#Transform 81
Transform: AffineTransform_float_3_3
Parameters: 0.999999 -0.000693264 -0.000567899 0.000693734 0.999999 0.00129561 0.000566101 -0.00129639 0.999999 0.051994 -0.0806029 0.141208
FixedParameters: 0 0 0

#Transform 82
Transform: AffineTransform_float_3_3
Parameters: 0.999999 -0.00078244 -0.000440994 0.000782559 0.999999 0.00126966 0.000440006 -0.00127034 0.999999 0.0429665 -0.0891512 0.153611
FixedParameters: 0 0 0

#Transform 83
Transform: AffineTransform_float_3_3
Parameters: 0.999999 -0.000693409 -0.000447917 0.000693591 0.999999 0.00132169 0.000447084 -0.00132131 0.999999 0.0446914 -0.119051 0.129677
FixedParameters: 0 0 0

#Transform 84
Transform: AffineTransform_float_3_3
Parameters: 0.999999 -0.000693488 -0.000663535 0.000694511 1 0.00077054 0.000662465 -0.00077146 1 0.0605208 -0.063489 0.159051
FixedParameters: 0 0 0

#Transform 85
Transform: AffineTransform_float_3_3
Parameters: 0.999999 -0.000836835 -0.000173797 0.000837165 0.999999 0.000951855 0.000173203 -0.000952145 0.999999 0.0257568 -0.0967023 0.1312
FixedParameters: 0 0 0

#Transform 86
Transform: AffineTransform_float_3_3
Parameters: 0.999999 -0.000693764 -0.000231709 0.000694236 0.999999 0.00102184 0.000230291 -0.00102216 1 0.0314652 -0.100737 0.130027
FixedParameters: 0 0 0

#Transform 87
Transform: AffineTransform_float_3_3
Parameters: 0.999999 -0.000693758 -0.000344487 0.000694241 0.999999 0.00070176 0.000344512 -0.000702239 0.999999 0.0384137 -0.0726594 0.118115
FixedParameters: 0 0 0

#Transform 88
Transform: AffineTransform_float_3_3
Parameters: 0.999999 -0.000693758 -0.000426393 0.000694241 0.999999 0.000566704 0.000425607 -0.000566295 0.999999 0.0433788 -0.0580696 0.12713
FixedParameters: 0 0 0

#Transform 89
Transform: AffineTransform_float_3_3
Parameters: 0.999999 -0.000693809 -0.000534248 0.000694191 0.999999 0.000357629 0.000533752 -0.00035737 1 0.0539942 -0.0588363 0.123614
FixedParameters: 0 0 0

#Transform 90
Transform: AffineTransform_float_3_3
Parameters: 1 -0.00102788 -0.00050025 0.00102712 0.999999 0.000242486 0.000499751 -0.000242514 1 0.043113 -0.043751 0.128086
FixedParameters: 0 0 0

#Transform 91
Transform: AffineTransform_float_3_3
Parameters: 0.999999 -0.000693825 -0.000373325 0.000694174 0.999999 0.000468741 0.000372675 -0.000468258 1 0.0401245 -0.0720721 0.138566
FixedParameters: 0 0 0

#Transform 92
Transform: AffineTransform_float_3_3
Parameters: 1 -0.000693966 -0.00080903 0.000694035 1 4.24385e-05 0.000808971 -4.25614e-05 0.999999 0.0669374 -0.0386244 0.127982
FixedParameters: 0 0 0

#Transform 93
Transform: AffineTransform_float_3_3
Parameters: 0.999999 -0.00121046 -0.000808308 0.00121054 0.999999 -0.000571979 0.000808692 0.000571021 0.999999 0.0700754 -0.00457545 0.120925
FixedParameters: 0 0 0

#Transform 94
Transform: AffineTransform_float_3_3
Parameters: 0.999999 -0.00121041 -0.000808379 0.00121059 0.999999 -0.000512979 0.00080862 0.000512022 0.999999 0.0696092 -0.0142033 0.118292
FixedParameters: 0 0 0

#Transform 95
Transform: AffineTransform_float_3_3
Parameters: 0.999999 -0.00121059 -0.00080811 0.00121041 0.999999 -0.000735979 0.000808891 0.000735022 1 0.07303 0.00874312 0.117581
FixedParameters: 0 0 0

#Transform 96
Transform: AffineTransform_float_3_3
Parameters: 0.999999 -0.00121034 -0.00080849 0.00121066 0.999999 -0.000421979 0.00080851 0.000421022 0.999999 0.0758503 -0.00825028 0.106703
FixedParameters: 0 0 0

#Transform 97
Transform: AffineTransform_float_3_3
Parameters: 0.999998 -0.00127396 -0.000954057 0.00127404 0.999999 4.47845e-05 0.000953941 -4.62153e-05 0.999999 0.0819706 -0.0479134 0.105834
FixedParameters: 0 0 0

#Transform 98
Transform: AffineTransform_float_3_3
Parameters: 0.999999 -0.00148743 -0.00106339 0.00148757 0.999999 -0.000408583 0.00106361 0.000406419 1 0.085515 -0.00315067 0.112336
FixedParameters: 0 0 0

#Transform 99
Transform: AffineTransform_float_3_3
Parameters: 0.999999 -0.00126152 -0.000943311 0.00126048 0.999999 -0.00054719 0.000943689 0.00054581 1 0.0816138 -0.0177696 0.114565
FixedParameters: 0 0 0

#Transform 100
Transform: AffineTransform_float_3_3
Parameters: 0.999999 -0.00125825 -0.000557443 0.00125775 0.999999 -0.000442701 0.000558555 0.000441298 0.999999 0.0602602 -0.00477589 0.113618
FixedParameters: 0 0 0

#Transform 101
Transform: AffineTransform_float_3_3
Parameters: 1 -0.00103001 -0.000557986 0.00102999 1 -1.35747e-05 0.000558014 1.34253e-05 1 0.0636181 -0.0182744 0.139905
FixedParameters: 0 0 0

#Transform 102
Transform: AffineTransform_float_3_3
Parameters: 0.999999 -0.00104246 -0.00080641 0.00104154 1 -0.00056584 0.000807589 0.000565159 0.999999 0.0759855 0.00520018 0.116253
FixedParameters: 0 0 0

#Transform 103
Transform: AffineTransform_float_3_3
Parameters: 1 -0.00104216 -0.000557703 0.00104184 1 -0.000285581 0.000558298 0.000285418 1 0.0634855 -0.0166973 0.119079
FixedParameters: 0 0 0

#Transform 104
Transform: AffineTransform_float_3_3
Parameters: 0.999998 -0.00144728 -0.000919564 0.00144672 0.999999 -0.000301331 0.000919434 0.00029967 0.999999 0.0795179 -0.00413458 0.12418
FixedParameters: 0 0 0

#Transform 105
Transform: AffineTransform_float_3_3
Parameters: 0.999999 -0.00104242 -0.000991561 0.00104158 1 -0.000422034 0.000991439 0.000420967 1 0.0899712 -0.0169324 0.109631
FixedParameters: 0 0 0

#Transform 106
Transform: AffineTransform_float_3_3
Parameters: 1 -0.00104197 -0.00016017 0.00104203 1 0.000162833 0.00016083 -0.000163168 1 0.0391628 -0.0134345 0.099864
FixedParameters: 0 0 0

#Transform 107
Transform: AffineTransform_float_3_3
Parameters: 1 -0.00104195 -0.00030917 0.00104205 1 0.000162678 0.00030883 -0.000163322 1 0.0454366 -0.0134234 0.109249
FixedParameters: 0 0 0

#Transform 108
Transform: AffineTransform_float_3_3
Parameters: 0.999999 -0.00093495 -0.000304152 0.000935049 0.999999 0.000162716 0.000303847 -0.000163284 1 0.0462013 -0.0132187 0.0919255
FixedParameters: 0 0 0

#Transform 109
Transform: AffineTransform_float_3_3
Parameters: 1 -0.00104206 0.000232722 0.00104194 1 0.000267243 -0.000233278 -0.000266757 1 0.0150632 -0.0338375 0.107156
FixedParameters: 0 0 0

#Transform 110
Transform: AffineTransform_float_3_3
Parameters: 1 -0.00104208 0.000195602 0.00104193 1 0.000382204 -0.000196398 -0.000381796 1 0.0173645 -0.0531496 0.116605
FixedParameters: 0 0 0

#Transform 111
Transform: AffineTransform_float_3_3
Parameters: 0.999999 -0.00147295 -0.000130549 0.00147305 0.999999 0.000372808 0.000129452 -0.000372191 1 0.030958 -0.0440265 0.116206
FixedParameters: 0 0 0

#Transform 112
Transform: AffineTransform_float_3_3
Parameters: 0.999999 -0.00147333 -0.000557118 0.00147267 0.999998 -0.000598821 0.00055788 0.000597178 0.999999 0.0571289 -0.00929707 0.0868012
FixedParameters: 0 0 0

#Transform 113
Transform: AffineTransform_float_3_3
Parameters: 0.999999 -0.0013439 -0.000415314 0.0013441 0.999999 0.000233442 0.000414686 -0.000233558 1 0.0503015 -0.049333 0.0832572
FixedParameters: 0 0 0

#Transform 114
Transform: AffineTransform_float_3_3
Parameters: 0.999999 -0.00147307 -0.000317653 0.00147292 0.999999 -0.000235468 0.000318346 0.000234531 1 0.0424422 -0.00724314 0.111126
FixedParameters: 0 0 0

#Transform 115
Transform: AffineTransform_float_3_3
Parameters: 0.999999 -0.00142002 -0.000318907 0.00141998 0.999999 -6.54529e-05 0.000319092 6.45469e-05 1 0.0433026 -0.0233979 0.0889143
FixedParameters: 0 0 0

#Transform 116
Transform: AffineTransform_float_3_3
Parameters: 1 -0.00106799 -0.000232041 0.00106801 1 3.77522e-05 0.00023196 -3.72478e-05 1 0.0431048 -0.0296004 0.128192
FixedParameters: 0 0 0

#Transform 117
Transform: AffineTransform_float_3_3
Parameters: 0.999999 -0.00115425 -0.000557484 0.00115375 0.999999 -0.000447644 0.000558517 0.000447356 0.999999 0.0543315 -0.00354886 0.114469
FixedParameters: 0 0 0

#Transform 118
Transform: AffineTransform_float_3_3
Parameters: 0.999999 -0.000769361 -0.000560257 0.000771638 0.999996 0.00293057 0.00055774 -0.00293143 0.999995 0.0452231 -0.216846 0.225359
FixedParameters: 0 0 0

#Transform 119
Transform: AffineTransform_float_3_3
Parameters: 1 -0.000912189 -0.000562585 0.000915814 0.999987 0.00501749 0.000558413 -0.00501751 0.999988 0.040864 -0.303589 0.196447
FixedParameters: 0 0 0

#Transform 120
Transform: AffineTransform_float_3_3
Parameters: 0.999999 -0.00077006 -0.000274647 0.00077094 0.999994 0.00343579 0.000272353 -0.00343621 0.999994 0.0382374 -0.203068 0.18507
FixedParameters: 0 0 0

#Transform 121
Transform: AffineTransform_float_3_3
Parameters: 0.999999 -0.000771102 3.26838e-05 0.000770897 0.999995 0.00300403 -3.53159e-05 -0.00300398 0.999996 0.00903274 -0.197222 0.175828
FixedParameters: 0 0 0

#Transform 122
Transform: AffineTransform_float_3_3
Parameters: 0.999999 -0.000769815 -0.000559633 0.000771186 0.999998 0.00212057 0.000558365 -0.00212143 0.999997 0.0523603 -0.13333 0.134549
FixedParameters: 0 0 0

#Transform 123
Transform: AffineTransform_float_3_3
Parameters: 0.999999 -0.000770777 -0.000177967 0.000771222 0.999999 0.00125386 0.000177033 -0.00125414 0.999999 0.0209058 -0.090157 0.119375
FixedParameters: 0 0 0

#Transform 124
Transform: AffineTransform_float_3_3
Parameters: 1 -0.000947612 -0.000343074 0.000947389 0.999999 0.00113268 0.000342927 -0.00113333 1 0.0379901 -0.0929907 0.12654
FixedParameters: 0 0 0

#Transform 125
Transform: AffineTransform_float_3_3
Parameters: 0.999999 -0.000770757 -0.000292641 0.000771243 1 0.000831775 0.000292358 -0.000832226 0.999999 0.045189 -0.0643476 0.11452
FixedParameters: 0 0 0

#Transform 126
Transform: AffineTransform_float_3_3
Parameters: 0.999999 -0.00117973 -0.000331979 0.00118028 0.999999 0.000829608 0.00033102 -0.000830391 0.999999 0.0447423 -0.0647845 0.109099
FixedParameters: 0 0 0

#Transform 127
Transform: AffineTransform_float_3_3
Parameters: 0.999999 -0.00130885 -0.000215903 0.00130915 0.999999 0.000689718 0.000215097 -0.000690282 0.999999 0.0386712 -0.0514629 0.134534
FixedParameters: 0 0 0

#Transform 128
Transform: AffineTransform_float_3_3
Parameters: 0.999999 -0.00130912 -0.000557718 0.00130888 0.999999 -0.00021573 0.000558282 0.000215269 1 0.0596374 -0.0232826 0.0974179
FixedParameters: 0 0 0

#Transform 129
Transform: AffineTransform_float_3_3
Parameters: 0.999999 -0.00130878 -0.000370782 0.00130822 0.999999 0.000597515 0.000370219 -0.000597485 1 0.0504183 -0.050734 0.107547
FixedParameters: 0 0 0

#Transform 130
Transform: AffineTransform_float_3_3
Parameters: 0.999999 -0.00130893 -0.000558158 0.00130907 0.999999 0.000120269 0.000557842 -0.00012073 1 0.0596198 -0.00698649 0.090793
FixedParameters: 0 0 0

#Transform 131
Transform: AffineTransform_float_3_3
Parameters: 0.999999 -0.00145504 -0.00029281 0.00145496 0.999999 -0.000130426 0.000292189 0.000129575 1 0.0411096 0.0351298 0.0741833
FixedParameters: 0 0 0

#Transform 132
Transform: AffineTransform_float_3_3
Parameters: 0.999998 -0.00173497 8.95203e-05 0.00173503 0.999999 -0.000299845 -8.84793e-05 0.000300154 1 0.0136187 0.00966411 0.0756782
FixedParameters: 0 0 0

#Transform 133
Transform: AffineTransform_float_3_3
Parameters: 0.999999 -0.00139103 -0.000207819 0.00139097 0.999999 -0.000130289 0.000207181 0.000129712 1 0.0460433 0.0284605 0.0906489
FixedParameters: 0 0 0

#Transform 134
Transform: AffineTransform_float_3_3
Parameters: 0.999999 -0.00137204 -0.000290821 0.00137196 0.999999 -0.000130399 0.000291178 0.000129601 1 0.0467606 0.00799211 0.0806549
FixedParameters: 0 0 0

#Transform 135
Transform: AffineTransform_float_3_3
Parameters: 0.999999 -0.001735 -0.000267026 0.001735 0.999998 1.45367e-05 0.000266974 -1.54632e-05 1 0.0452811 0.0065304 0.0947568
FixedParameters: 0 0 0

#Transform 136
Transform: AffineTransform_float_3_3
Parameters: 0.999999 -0.00122404 -0.000557918 0.00122396 0.999999 -6.76829e-05 0.000558083 6.7317e-05 1 0.0607985 0.012273 0.0955109
FixedParameters: 0 0 0

#Transform 137
Transform: AffineTransform_float_3_3
Parameters: 0.999999 -0.00138205 -0.000179605 0.00138295 0.999999 -0.000286249 0.000179397 0.000286752 1 0.0352666 0.025528 0.0755126
FixedParameters: 0 0 0

#Transform 138
Transform: AffineTransform_float_3_3
Parameters: 0.999999 -0.00138205 -0.00035982 0.00138295 0.999999 -0.000130498 0.000360179 0.000129502 1 0.0463443 -0.00345169 0.0790803
FixedParameters: 0 0 0

#Transform 139
Transform: AffineTransform_float_3_3
Parameters: 0.999999 -0.00121494 -0.000259305 0.00121507 0.999999 0.000250685 0.000258695 -0.000251315 1 0.0426871 -0.00718355 0.109831
FixedParameters: 0 0 0

#Transform 140
Transform: AffineTransform_float_3_3
Parameters: 0.999999 -0.000961035 -0.000161786 0.000961963 0.999999 -0.000223156 0.000162214 0.000222844 1 0.0402889 0.0222885 0.0803235
FixedParameters: 0 0 0

#Transform 141
Transform: AffineTransform_float_3_3
Parameters: 1 -0.001133 1.9051e-05 0.001133 1 -4.49785e-05 -1.8949e-05 4.50215e-05 1 0.0268945 0.011072 0.0693402
FixedParameters: 0 0 0

#Transform 142
Transform: AffineTransform_float_3_3
Parameters: 0.999999 -0.00114407 -0.000557851 0.00114393 1 -0.000130638 0.00055815 0.000130362 1 0.0620004 0.0338696 0.0839402
FixedParameters: 0 0 0

#Transform 143
Transform: AffineTransform_float_3_3
Parameters: 1 -0.00107081 -0.000380539 0.00107119 1 0.000502593 0.000380462 -0.000502408 1 0.045809 -0.0112315 0.0735748
FixedParameters: 0 0 0

#Transform 144
Transform: AffineTransform_float_3_3
Parameters: 1 -0.00106699 -0.000279043 0.00106701 1 3.97023e-05 0.000278957 -4.02977e-05 1 0.0460767 0.0107276 0.0751492
FixedParameters: 0 0 0

#Transform 145
Transform: AffineTransform_float_3_3
Parameters: 0.999999 -0.00138201 -9.88327e-05 0.00138199 0.999999 -0.000121137 9.91671e-05 0.000120863 1 0.0303167 0.0279875 0.0987518
FixedParameters: 0 0 0

#Transform 146
Transform: AffineTransform_float_3_3
Parameters: 0.999999 -0.00138202 -0.000557959 0.00138198 0.999999 -2.97711e-05 0.000558041 2.92288e-05 1 0.0584277 0.0225549 0.0657129
FixedParameters: 0 0 0

#Transform 147
Transform: AffineTransform_float_3_3
Parameters: 0.999998 -0.00154009 -0.000495727 0.00153991 0.999999 -0.000177764 0.000496273 0.000177236 1 0.0523271 0.0124042 0.0808839
FixedParameters: 0 0 0

#Transform 148
Transform: AffineTransform_float_3_3
Parameters: 0.999999 -0.00176798 -0.000108276 0.00176802 0.999999 0.000155809 0.000107724 -0.000156191 1 0.0323857 -0.0015698 0.0946383
FixedParameters: 0 0 0

#Transform 149
Transform: AffineTransform_float_3_3
Parameters: 0.999999 -0.00185499 -0.000180098 0.00185501 0.999999 5.2666e-05 0.000179901 -5.33338e-05 1 0.0439095 0.00462355 0.096067
FixedParameters: 0 0 0

#Transform 150
Transform: AffineTransform_float_3_3
Parameters: 0.999999 -0.00185505 -0.000217551 0.00185495 0.999999 -0.000242404 0.000218449 0.000241595 1 0.0463751 0.0226627 0.100399
FixedParameters: 0 0 0

#Transform 151
Transform: AffineTransform_float_3_3
Parameters: 0.999999 -0.00185501 -0.000202907 0.00185499 0.999999 -5.03765e-05 0.000203092 4.96234e-05 1 0.0470704 0.0129662 0.0975808
FixedParameters: 0 0 0

#Transform 152
Transform: AffineTransform_float_3_3
Parameters: 0.999998 -0.00185521 -0.000557314 0.00185579 0.999998 -0.000370035 0.000557686 0.000368966 1 0.071428 0.0305939 0.0765873
FixedParameters: 0 0 0

#Transform 153
Transform: AffineTransform_float_3_3
Parameters: 0.999999 -0.00185502 -7.85769e-05 0.00185498 0.999999 -0.000228146 7.94228e-05 0.000227853 1 0.0395272 0.0100771 0.0694825
FixedParameters: 0 0 0

#Transform 154
Transform: AffineTransform_float_3_3
Parameters: 0.999999 -0.00185501 -0.000123833 0.00185499 0.999999 -9.02299e-05 0.000124169 9.07698e-05 1 0.0450033 0.00154307 0.0850027
FixedParameters: 0 0 0

#Transform 155
Transform: AffineTransform_float_3_3
Parameters: 0.999998 -0.00177103 -0.000147589 0.00177097 0.999999 -0.000232262 0.000148412 0.000232738 1 0.0500814 0.018157 0.104212
FixedParameters: 0 0 0

#Transform 156
Transform: AffineTransform_float_3_3
Parameters: 0.999999 -0.00185499 -0.000133098 0.00185501 0.999999 5.27532e-05 0.000132901 -5.32466e-05 1 0.0510791 0.00463414 0.0637833
FixedParameters: 0 0 0

#Transform 157
Transform: AffineTransform_float_3_3
Parameters: 0.999999 -0.001855 8.1521e-06 0.001855 0.999999 -8.1985e-05 -7.84788e-06 8.20147e-05 1 0.0342157 -0.00670737 0.0729038
FixedParameters: 0 0 0

#Transform 158
Transform: AffineTransform_float_3_3
Parameters: 0.999998 -0.00185508 -0.000254408 0.00185492 0.999998 -0.000319473 0.000254593 0.000319528 1 0.0502247 0.023219 0.0844368
FixedParameters: 0 0 0

#Transform 159
Transform: AffineTransform_float_3_3
Parameters: 0.999998 -0.00185506 -0.000387699 0.00185494 0.999999 -0.000162719 0.000387302 0.000162282 1 0.0583712 0.0178035 0.0734591
FixedParameters: 0 0 0

#Transform 160
Transform: AffineTransform_float_3_3
Parameters: 0.999998 -0.00197503 -0.000112555 0.00197497 0.999998 -0.000225223 0.000112444 0.000224778 1 0.0397959 0.00877738 0.0748175
FixedParameters: 0 0 0

#Transform 161
Transform: AffineTransform_float_3_3
Parameters: 0.999999 -0.00185502 -9.27086e-05 0.00185499 0.999999 -0.000157172 9.3293e-05 0.000157827 1 0.0436316 0.0175025 0.0932678
FixedParameters: 0 0 0

#Transform 162
Transform: AffineTransform_float_3_3
Parameters: 0.999998 -0.00160506 -0.000180441 0.00160494 0.999998 -0.00034829 0.00018056 0.00034871 1 0.0493061 0.0229781 0.0686283
FixedParameters: 0 0 0

#Transform 163
Transform: AffineTransform_float_3_3
Parameters: 0.999999 -0.00185505 -0.000154469 0.00185496 0.999998 -0.000286287 0.000154532 0.000286714 1 0.0441518 -0.00639679 0.0756554
FixedParameters: 0 0 0

#Transform 164
Transform: AffineTransform_float_3_3
Parameters: 0.999998 -0.0018552 -0.000427151 0.0018558 0.999998 -0.000457794 0.000428849 0.000457205 1 0.0608852 0.0116849 0.07788
FixedParameters: 0 0 0

#Transform 165
Transform: AffineTransform_float_3_3
Parameters: 0.999999 -0.00185507 -0.000160211 0.00185493 0.999998 -0.000425298 0.000160788 0.000424702 1 0.044518 0.00120387 0.104391
FixedParameters: 0 0 0

#Transform 166
Transform: AffineTransform_float_3_3
Parameters: 0.999999 -0.00185503 -0.000146592 0.00185497 0.999999 -0.000220272 0.000146408 0.000219729 1 0.0436455 -0.000982937 0.115265
FixedParameters: 0 0 0

#Transform 167
Transform: AffineTransform_float_3_3
Parameters: 0.999999 -0.001855 -4.87771e-06 0.001855 0.999998 -0.00060501 6.12227e-06 0.00060499 1 0.049379 0.0406685 0.119634
FixedParameters: 0 0 0

#Transform 168
Transform: AffineTransform_float_3_3
Parameters: 0.999999 -0.00185495 0.000150647 0.00185505 0.999998 -0.000348721 -0.000150352 0.00034928 1 0.0347799 0.0292311 0.108203
FixedParameters: 0 0 0

#Transform 169
Transform: AffineTransform_float_3_3
Parameters: 0.999998 -0.00187896 0.00020034 0.00187904 0.999998 -0.000180624 -0.00019966 0.000181376 1 0.0221082 -0.00105463 0.0862071
FixedParameters: 0 0 0

#Transform 170
Transform: AffineTransform_float_3_3
Parameters: 0.999998 -0.00167499 -7.90886e-05 0.001675 0.999998 5.28676e-05 7.89111e-05 -5.31322e-05 1 0.0420473 0.00494357 0.113319
FixedParameters: 0 0 0

#Transform 171
Transform: AffineTransform_float_3_3
Parameters: 0.999998 -0.001618 5.40743e-05 0.001618 0.999998 -4.59126e-05 -5.39255e-05 4.60873e-05 1 0.0348154 -0.0195817 0.0905454
FixedParameters: 0 0 0

#Transform 172
Transform: AffineTransform_float_3_3
Parameters: 0.999998 -0.00168699 0.000101076 0.001687 0.999998 -4.48295e-05 -0.000100924 4.51703e-05 1 0.030849 -0.0158949 0.0987716
FixedParameters: 0 0 0

#Transform 173
Transform: AffineTransform_float_3_3
Parameters: 0.999998 -0.00164101 -2.44847e-05 0.00164099 0.999998 -0.00031404 2.55152e-05 0.000313958 1 0.0393307 0.0149996 0.102579
FixedParameters: 0 0 0

#Transform 174
Transform: AffineTransform_float_3_3
Parameters: 0.999996 -0.00275 -5.17954e-06 0.00275 0.99999 0.003338 -4.17955e-06 -0.003338 0.999995 0.0443055 -0.126463 0.102541
FixedParameters: 0 0 0

#Transform 175
Transform: AffineTransform_float_3_3
Parameters: 0.999994 -0.00330793 0.000805658 0.00329507 0.999873 0.0155517 -0.000857344 -0.0155492 0.999878 0.0181147 -0.748538 0.138781
FixedParameters: 0 0 0

#Transform 176
Transform: AffineTransform_float_3_3
Parameters: 0.999997 -0.00273494 -1.94911e-05 0.00273507 0.99996 0.00858898 -3.49174e-06 -0.00858903 0.999963 0.0514418 -0.366149 0.0246312
FixedParameters: 0 0 0

#Transform 177
Transform: AffineTransform_float_3_3
Parameters: 0.999998 -0.00231792 0.00035231 0.00231508 0.999965 0.00806884 -0.000371692 -0.00806816 0.999968 0.0285739 -0.4044 0.166044
FixedParameters: 0 0 0

#Transform 178
Transform: AffineTransform_float_3_3
Parameters: 0.999998 -0.00221992 0.000409492 0.00221708 0.999973 0.00699092 -0.000425509 -0.00699007 0.999975 0.0204461 -0.354344 0.159778
FixedParameters: 0 0 0

#Transform 179
Transform: AffineTransform_float_3_3
Parameters: 0.999998 -0.00231498 -1.09342e-05 0.00231502 0.999976 0.00645099 -3.93432e-06 -0.00645101 0.999979 0.0510961 -0.324231 0.125325
FixedParameters: 0 0 0

#Transform 180
Transform: AffineTransform_float_3_3
Parameters: 0.999997 -0.00219919 0.000350538 0.00219681 0.999979 0.00612479 -0.000364461 -0.00612421 0.999981 0.0242524 -0.324929 0.130637
FixedParameters: 0 0 0

#Transform 181
Transform: AffineTransform_float_3_3
Parameters: 0.999996 -0.00257832 -0.000542902 0.00258068 0.999984 0.00500062 0.000530099 -0.00500239 0.999988 0.0746432 -0.277581 0.164782
FixedParameters: 0 0 0

#Transform 182
Transform: AffineTransform_float_3_3
Parameters: 0.999997 -0.00257788 -0.00066032 0.00258112 0.999986 0.00477532 0.000647678 -0.00477769 0.999989 0.0863926 -0.255387 0.134074
FixedParameters: 0 0 0

#Transform 183
Transform: AffineTransform_float_3_3
Parameters: 0.999997 -0.00249803 -0.000416029 0.00249997 0.999986 0.00481298 0.000403971 -0.00481403 0.999989 0.0571119 -0.257728 0.128794
FixedParameters: 0 0 0

#Transform 184
Transform: AffineTransform_float_3_3
Parameters: 0.999996 -0.00257938 -0.000471951 0.00258162 0.99999 0.00346879 0.000463048 -0.0034692 0.999994 0.0693525 -0.175382 0.141347
FixedParameters: 0 0 0

#Transform 185
Transform: AffineTransform_float_3_3
Parameters: 0.999997 -0.00231835 -0.000785848 0.00232064 0.999991 0.00338218 0.000778154 -0.00338381 0.999994 0.0959628 -0.187979 0.125151
FixedParameters: 0 0 0

#Transform 186
Transform: AffineTransform_float_3_3
Parameters: 0.999997 -0.00210413 -0.000605543 0.00210587 0.999993 0.00310773 0.000599456 -0.00310927 0.999995 0.0818775 -0.185881 0.145234
FixedParameters: 0 0 0

#Transform 187
Transform: AffineTransform_float_3_3
Parameters: 0.999999 -0.00169106 -0.000413216 0.00169394 0.999972 0.00721731 0.000400785 -0.00721768 0.999974 0.074455 -0.359441 0.189903
FixedParameters: 0 0 0

#Transform 188
Transform: AffineTransform_float_3_3
Parameters: 0.999997 -0.00252866 -0.000788797 0.00253234 0.999987 0.00426601 0.000778202 -0.00426798 0.99999 0.101681 -0.227805 0.16758
FixedParameters: 0 0 0

#Transform 189
Transform: AffineTransform_float_3_3
Parameters: 0.999996 -0.00263266 -0.000789243 0.00263635 0.999988 0.00426694 0.000777755 -0.00426906 0.99999 0.0845282 -0.228458 0.0950684
FixedParameters: 0 0 0

#Transform 190
Transform: AffineTransform_float_3_3
Parameters: 0.999955 -0.00909676 0.00265455 0.00896222 0.998855 0.0469939 -0.00307946 -0.0469681 0.998891 -0.258857 -1.26059 -2.03216
FixedParameters: 0 0 0

#Transform 191
Transform: AffineTransform_float_3_3
Parameters: 0.999987 -0.00502566 -0.000824317 0.00507231 0.997387 0.0720627 0.000459658 -0.0720662 0.9974 -0.0208186 -3.20864 -0.524712
FixedParameters: 0 0 0

#Transform 192
Transform: AffineTransform_float_3_3
Parameters: 0.999988 -0.0047763 -7.78857e-05 0.0047727 0.998368 0.0568973 -0.000193872 -0.0568977 0.99838 -0.0636441 -2.36834 -0.259452
FixedParameters: 0 0 0

#Transform 193
Transform: AffineTransform_float_3_3
