# transform file /out/sourcedata/freesurfer/sub-v1s22x0050507_ses-1/mri/transforms/cc_up.lta
# created by oesteban on Mon Mar  9 17:35:39 2026

type      = 0 # LINEAR_VOX_TO_VOX
nxforms   = 1
mean      = 133.0000 99.0000 116.0000
sigma     = 10000.0000
1 4 4
9.980156421661377e-01 6.029660627245903e-02 -1.814070343971252e-02 -7.241677761077881e+00 
-6.028664857149124e-02 9.981804490089417e-01 1.095816725865006e-03 4.901090240478516e+01 
1.817377097904682e-02 0.000000000000000e+00 9.998348951339722e-01 7.613293170928955e+00 
0.000000000000000e+00 0.000000000000000e+00 0.000000000000000e+00 1.000000000000000e+00 
src volume info
valid = 1  # volume info valid
filename = /out/sourcedata/freesurfer/sub-v1s22x0050507_ses-1/mri/norm.mgz
volume = 256 256 256
voxelsize = 1.000000000000000e+00 1.000000000000000e+00 1.000000000000000e+00
xras   = -1.000000000000000e+00 0.000000000000000e+00 1.862645149230957e-09
yras   = 1.862645149230957e-09 0.000000000000000e+00 -1.000000000000000e+00
zras   = 0.000000000000000e+00 1.000000000000000e+00 0.000000000000000e+00
cras   = -1.880111694335938e-01 3.211006927490234e+01 8.217658996582031e+00
dst volume info
valid = 1  # volume info valid
filename = /out/sourcedata/freesurfer/sub-v1s22x0050507_ses-1/mri/norm.mgz
volume = 256 256 256
voxelsize = 1.000000000000000e+00 1.000000000000000e+00 1.000000000000000e+00
xras   = -1.000000000000000e+00 0.000000000000000e+00 1.862645149230957e-09
yras   = 1.862645149230957e-09 0.000000000000000e+00 -1.000000000000000e+00
zras   = 0.000000000000000e+00 1.000000000000000e+00 0.000000000000000e+00
cras   = -1.880111694335938e-01 3.211006927490234e+01 8.217658996582031e+00
