#Insight Transform File V1.0
#Transform 0
Transform: AffineTransform_float_3_3
Parameters: 1 -0.000405168 0.000122779 0.000405833 0.999977 -0.00685195 -0.000120222 0.00685205 0.999976 0.0922635 0.193345 0.0105105
FixedParameters: 0 0 0

#Transform 1
Transform: AffineTransform_float_3_3
Parameters: 1 -0.000403494 0.000550845 0.000406506 0.999989 -0.00455678 -0.000549153 0.00455722 0.99999 0.0586741 0.0682246 0.0672895
FixedParameters: 0 0 0

#Transform 2
Transform: AffineTransform_float_3_3
Parameters: 1 -0.000108274 0.000316595 0.000109728 0.999985 -0.00545597 -0.000316406 0.00545604 0.999985 0.0730264 0.128542 -0.0196149
FixedParameters: 0 0 0

#Transform 3
Transform: AffineTransform_float_3_3
Parameters: 1 -0.000279376 0.000144215 0.000280627 0.99999 -0.00434296 -0.000143783 0.00434304 0.99999 0.0528354 0.132981 0.0567872
FixedParameters: 0 0 0

#Transform 4
Transform: AffineTransform_float_3_3
Parameters: 1 1.40546e-05 1.1936e-05 -1.39451e-05 0.999989 -0.004563 -1.20638e-05 0.004563 0.999989 0.0553628 0.131032 -0.00687269
FixedParameters: 0 0 0

#Transform 5
Transform: AffineTransform_float_3_3
Parameters: 1 -0.00023425 0.000187939 0.00023475 0.999992 -0.00400096 -0.000187062 0.00400104 0.999992 0.044045 0.104224 0.0943103
FixedParameters: 0 0 0

#Transform 6
Transform: AffineTransform_float_3_3
Parameters: 1 -0.000195801 0.000253929 0.000197199 0.999989 -0.00473095 -0.00025307 0.00473105 0.999989 0.0426645 0.143686 0.0158167
FixedParameters: 0 0 0

#Transform 7
Transform: AffineTransform_float_3_3
Parameters: 1 -0.000274162 0.000253908 0.000275839 0.999995 -0.00330793 -0.000253089 0.00330807 0.999995 0.0327579 0.108004 0.0393891
FixedParameters: 0 0 0

#Transform 8
Transform: AffineTransform_float_3_3
Parameters: 1 1.51004e-05 0.000252937 -1.38993e-05 0.99999 -0.00435 -0.000253063 0.00435 0.999991 0.0323013 0.170985 0.00148745
FixedParameters: 0 0 0

#Transform 9
Transform: AffineTransform_float_3_3
Parameters: 1 1.48739e-05 0.000390968 -1.41261e-05 0.999998 -0.00223501 -0.000391033 0.002235 0.999998 0.019326 0.0435155 0.0557416
FixedParameters: 0 0 0

#Transform 10
Transform: AffineTransform_float_3_3
Parameters: 1 1.4688e-05 0.000167941 -1.33117e-05 0.999991 -0.004096 -0.000168056 0.00409599 0.999991 0.0286732 0.126271 0.00137387
FixedParameters: 0 0 0

#Transform 11
Transform: AffineTransform_float_3_3
Parameters: 1 1.49974e-05 0.000298952 -1.40058e-05 0.999995 -0.00333601 -0.000298048 0.003336 0.999995 0.0196618 0.0813023 0.0516956
FixedParameters: 0 0 0

#Transform 12
Transform: AffineTransform_float_3_3
Parameters: 1 1.48329e-05 0.000197939 -1.41669e-05 0.999991 -0.004207 -0.000198061 0.004207 0.999991 0.00617788 0.161359 0.0172401
FixedParameters: 0 0 0

#Transform 13
Transform: AffineTransform_float_3_3
Parameters: 1 1.53071e-05 0.000429956 -1.36927e-05 0.999996 -0.00304001 -0.000430044 0.00304 0.999996 -0.00397542 0.073295 0.0382325
FixedParameters: 0 0 0

#Transform 14
Transform: AffineTransform_float_3_3
Parameters: 1 1.51655e-05 0.000410959 -1.38343e-05 0.999996 -0.00283601 -0.000411041 0.00283599 0.999996 -0.00309438 0.139278 0.0108717
FixedParameters: 0 0 0

#Transform 15
Transform: AffineTransform_float_3_3
Parameters: 1 1.44016e-05 0.000261978 -1.35983e-05 0.999999 -0.001533 -0.000262021 0.001533 0.999999 -0.0144089 0.0434939 0.00905139
FixedParameters: 0 0 0

#Transform 16
Transform: AffineTransform_float_3_3
Parameters: 1 1.42821e-05 0.000163976 -1.37179e-05 0.999998 -0.00172 -0.000164024 0.00172 0.999998 -0.00346522 0.126698 0.0286118
FixedParameters: 0 0 0

#Transform 17
Transform: AffineTransform_float_3_3
Parameters: 1 1.3978e-05 -7.6004e-05 -1.4022e-05 1 -0.000288999 7.59959e-05 0.000289001 1 -0.0108633 0.0506211 -0.0446505
FixedParameters: 0 0 0

#Transform 18
Transform: AffineTransform_float_3_3
Parameters: 1 1.39982e-05 -0.00015 -1.40018e-05 1 -1.19979e-05 0.00015 1.20021e-05 1 -0.00774714 0.0544153 -0.0248771
FixedParameters: 0 0 0

#Transform 19
Transform: AffineTransform_float_3_3
Parameters: 1 1.39722e-05 -6.40061e-05 -1.40278e-05 1 -0.000434999 6.39939e-05 0.000435001 1 0.00599096 0.106151 -0.0176083
FixedParameters: 0 0 0

#Transform 20
Transform: AffineTransform_float_3_3
Parameters: 1 1.39454e-05 0.000182004 -1.40546e-05 1 0.000299997 -0.000181996 -0.000300003 1 -0.018971 0.0045157 0.0134308
FixedParameters: 0 0 0

#Transform 21
Transform: AffineTransform_float_3_3
Parameters: 1 1.40842e-05 9.69878e-05 -1.39158e-05 0.999999 -0.000868001 -9.70121e-05 0.000867998 0.999999 0.00271922 0.0984697 0.00612958
FixedParameters: 0 0 0

#Transform 22
Transform: AffineTransform_float_3_3
Parameters: 1 0.000182272 0.000295832 -0.000181728 0.999999 -0.000919053 -0.000296167 0.000918945 0.999999 -0.0105676 0.0537619 -0.0302116
FixedParameters: 0 0 0

#Transform 23
Transform: AffineTransform_float_3_3
Parameters: 1 1.39464e-05 -0.000150005 -1.40535e-05 1 -0.000356998 0.000149995 0.000357002 1 -0.00775157 0.0441781 0.00369174
FixedParameters: 0 0 0

#Transform 24
Transform: AffineTransform_float_3_3
Parameters: 1 1.38681e-05 -0.000150012 -1.41318e-05 0.999999 -0.000878997 0.000149988 0.000879001 0.999999 0.0102785 0.109681 -0.003999
FixedParameters: 0 0 0

#Transform 25
Transform: AffineTransform_float_3_3
Parameters: 1 1.4037e-05 -0.000149997 -1.39629e-05 1 0.000247002 0.000150003 -0.000246998 1 0.000255263 -0.017794 0.00567842
FixedParameters: 0 0 0

#Transform 26
Transform: AffineTransform_float_3_3
Parameters: 1 0.000120881 -0.000150096 -0.000121119 0.999999 -0.000790981 0.000149904 0.000791018 0.999999 0.0114193 0.135633 -0.0357403
FixedParameters: 0 0 0

#Transform 27
Transform: AffineTransform_float_3_3
Parameters: 1 1.40229e-05 -0.000368999 -1.39771e-05 1 6.20052e-05 0.000369001 -6.19948e-05 1 0.015923 0.00430355 -0.0540037
FixedParameters: 0 0 0

#Transform 28
Transform: AffineTransform_float_3_3
Parameters: 1 1.38459e-05 -0.000150014 -1.4154e-05 1 -0.001027 0.000149986 0.001027 1 0.00577814 0.0870747 -0.103714
FixedParameters: 0 0 0

#Transform 29
Transform: AffineTransform_float_3_3
Parameters: 1 1.40586e-05 -0.000149994 -1.39413e-05 1 0.000391002 0.000150005 -0.000390998 1 0.00979748 0.0144837 -0.0594274
FixedParameters: 0 0 0

#Transform 30
Transform: AffineTransform_float_3_3
Parameters: 1 1.42806e-05 -0.000345988 -1.37194e-05 0.999999 0.000811004 0.000346011 -0.000810995 0.999999 0.00841384 -0.0105008 -0.0842741
FixedParameters: 0 0 0

#Transform 31
Transform: AffineTransform_float_3_3
Parameters: 1 0.000320729 -0.0004675 -0.000320271 0.999998 0.00155915 0.0004675 -0.00155885 0.999998 0.00961545 0.0697135 -0.085525
FixedParameters: 0 0 0

#Transform 32
Transform: AffineTransform_float_3_3
Parameters: 0.999999 0.00047662 -0.000573657 -0.000475379 0.999996 0.00282127 0.000575343 -0.00282073 0.999996 0.0164854 -0.0525985 -0.086633
FixedParameters: 0 0 0

#Transform 33
Transform: AffineTransform_float_3_3
Parameters: 1 0.000403267 -0.000574113 -0.000401734 0.999998 0.00220423 0.000574887 -0.00220477 0.999998 0.0263811 0.0545242 -0.0994703
FixedParameters: 0 0 0

#Transform 34
Transform: AffineTransform_float_3_3
Parameters: 0.999999 0.000431764 -0.000573676 -0.000430235 0.999995 0.00307225 0.000575324 -0.00307175 0.999995 0.0207274 -0.0370057 -0.0815179
FixedParameters: 0 0 0

#Transform 35
Transform: AffineTransform_float_3_3
Parameters: 0.999999 0.000583127 -0.000573857 -0.000581872 0.999998 0.00196233 0.000575142 -0.00196166 0.999998 0.018847 0.0312915 -0.140936
FixedParameters: 0 0 0

#Transform 36
Transform: AffineTransform_float_3_3
Parameters: 0.999999 0.000465467 -0.000573812 -0.000463532 0.999996 0.00255526 0.000575186 -0.00255473 0.999996 0.0162438 0.00781055 -0.123817
FixedParameters: 0 0 0

#Transform 37
Transform: AffineTransform_float_3_3
Parameters: 0.999999 0.000684648 -0.000234112 -0.000684352 0.999996 0.00275916 0.000235889 -0.00275884 0.999996 0.00958008 -0.0273924 -0.149478
FixedParameters: 0 0 0

#Transform 38
Transform: AffineTransform_float_3_3
Parameters: 1 0.000511466 -0.000483454 -0.000509533 0.999996 0.00302725 0.000485545 -0.00302675 0.999996 0.0142247 -0.0114406 -0.092685
FixedParameters: 0 0 0

#Transform 39
Transform: AffineTransform_float_3_3
Parameters: 0.999999 0.000753559 -0.000494632 -0.000752442 0.999995 0.00314537 0.000496369 -0.00314463 0.999995 0.0198734 0.00116423 -0.177252
FixedParameters: 0 0 0

#Transform 40
Transform: AffineTransform_float_3_3
Parameters: 1 0.000951472 -0.000290221 -0.000949531 0.999987 0.00502728 0.000294778 -0.00502772 0.999988 0.0172893 -0.0810965 -0.165252
FixedParameters: 0 0 0

#Transform 41
Transform: AffineTransform_float_3_3
Parameters: 0.999999 0.00095008 -1.81989e-05 -0.00094992 0.999991 0.00400102 2.18008e-05 -0.00400098 0.999992 0.0132699 0.00825553 -0.173701
FixedParameters: 0 0 0

#Transform 42
Transform: AffineTransform_float_3_3
Parameters: 1 0.0011625 -0.000181827 -0.0011625 0.999995 0.00273021 0.000184174 -0.00272979 0.999997 0.0176938 -0.0690285 -0.106171
FixedParameters: 0 0 0

#Transform 43
Transform: AffineTransform_float_3_3
Parameters: 0.999999 0.00133093 -0.00049651 -0.00133007 0.999998 0.00187166 0.000498489 -0.00187034 0.999998 0.0158341 0.00647503 -0.119222
FixedParameters: 0 0 0

#Transform 44
Transform: AffineTransform_float_3_3
Parameters: 0.999999 0.00144061 -0.000570962 -0.00143839 0.999995 0.00280482 0.000575036 -0.00280417 0.999996 0.0231617 0.00636387 -0.0679939
FixedParameters: 0 0 0

#Transform 45
Transform: AffineTransform_float_3_3
Parameters: 0.999999 0.00169553 -0.000570473 -0.00169347 0.999995 0.00267197 0.000574527 -0.00267103 0.999997 0.0262469 -0.0178327 -0.158254
FixedParameters: 0 0 0

#Transform 46
Transform: AffineTransform_float_3_3
Parameters: 0.999998 0.00127074 -0.000997247 -0.00126725 0.999992 0.00374627 0.00100275 -0.00374473 0.999993 0.0313362 -0.0650466 -0.10826
FixedParameters: 0 0 0

#Transform 47
Transform: AffineTransform_float_3_3
Parameters: 0.999999 0.00126981 -0.000861876 -0.00126719 0.999994 0.0032521 0.000866126 -0.0032519 0.999995 0.0381414 0.009891 -0.165257
FixedParameters: 0 0 0

#Transform 48
Transform: AffineTransform_float_3_3
Parameters: 0.999998 0.00142067 -0.000996793 -0.00141733 0.999993 0.00367042 0.00100221 -0.00366858 0.999993 0.0346256 -0.0734874 -0.194862
FixedParameters: 0 0 0

#Transform 49
Transform: AffineTransform_float_3_3
Parameters: 0.999998 0.0012704 -0.00099768 -0.00126659 0.999994 0.00340527 0.00100232 -0.00340373 0.999993 0.0415156 0.00850831 -0.214224
FixedParameters: 0 0 0

#Transform 50
Transform: AffineTransform_float_3_3
Parameters: 0.999998 0.00175165 -0.000995597 -0.00174834 0.999992 0.00365975 0.0010024 -0.00365825 0.999993 0.0419046 -0.0598266 -0.287366
FixedParameters: 0 0 0

#Transform 51
Transform: AffineTransform_float_3_3
Parameters: 0.999998 0.00160349 -0.000996412 -0.00159951 0.999992 0.0034896 0.00100259 -0.0034884 0.999994 0.0244325 -0.0222149 -0.167756
FixedParameters: 0 0 0

#Transform 52
Transform: AffineTransform_float_3_3
Parameters: 0.999999 0.00173162 -0.000246687 -0.00173038 0.999996 0.00249143 0.000251311 -0.00249057 0.999997 -0.0164104 -0.0513178 -0.219265
FixedParameters: 0 0 0

#Transform 53
Transform: AffineTransform_float_3_3
Parameters: 0.999998 0.00161028 -0.000167312 -0.00161072 0.999998 0.00166927 0.000169688 -0.00166873 0.999998 -0.0144876 0.0456641 -0.15147
FixedParameters: 0 0 0

#Transform 54
Transform: AffineTransform_float_3_3
Parameters: 0.999999 0.00166358 -0.000704627 -0.00166342 0.999999 0.000826174 0.000706374 -0.000824827 1 -0.000182828 0.0630282 -0.214179
FixedParameters: 0 0 0

#Transform 55
Transform: AffineTransform_float_3_3
Parameters: 0.999997 0.00184915 -0.0012133 -0.00184985 0.999998 -0.000701757 0.0012117 0.000704242 0.999999 0.00412658 0.11721 -0.0823536
FixedParameters: 0 0 0

#Transform 56
Transform: AffineTransform_float_3_3
Parameters: 0.999997 0.00176792 -0.00155909 -0.00176808 0.999999 -5.12435e-05 0.00155891 5.37562e-05 0.999999 0.0247843 0.121364 -0.0794641
FixedParameters: 0 0 0

#Transform 57
Transform: AffineTransform_float_3_3
Parameters: 0.999998 0.00163836 -0.00155368 -0.00163864 0.999998 -0.000411455 0.00155332 0.000414546 0.999998 0.0281273 0.0875686 -0.115858
FixedParameters: 0 0 0

#Transform 58
Transform: AffineTransform_float_3_3
Parameters: 0.999998 0.0014546 -0.0014594 -0.0014544 0.999999 0.000414123 0.0014606 -0.000411876 0.999999 0.0185974 0.0579979 -0.0258736
FixedParameters: 0 0 0

#Transform 59
Transform: AffineTransform_float_3_3
Parameters: 0.999998 0.00148841 -0.00143658 -0.00148859 0.999999 0.000286139 0.00143742 -0.000283861 0.999999 0.0294318 0.102544 0.0636689
FixedParameters: 0 0 0

#Transform 60
Transform: AffineTransform_float_3_3
Parameters: 0.999998 0.00136701 -0.00103967 -0.00136599 0.999998 0.000973421 0.00104133 -0.000971578 0.999999 0.0133122 0.0298006 0.0817887
FixedParameters: 0 0 0

#Transform 61
Transform: AffineTransform_float_3_3
Parameters: 0.999998 0.0012669 -0.00115211 -0.0012671 0.999999 -8.65403e-05 0.00115189 8.84595e-05 1 0.0401541 0.147042 0.0230402
FixedParameters: 0 0 0

#Transform 62
Transform: AffineTransform_float_3_3
Parameters: 0.999998 0.00126791 -0.001151 -0.00126709 0.999999 0.00079246 0.001152 -0.00079154 0.999999 0.0222807 0.037832 0.0647312
FixedParameters: 0 0 0

#Transform 63
Transform: AffineTransform_float_3_3
Parameters: 0.999998 0.00126679 -0.00101626 -0.00126721 0.999999 -0.000201713 0.00101574 0.000203287 1 0.0275668 0.155917 0.0381039
FixedParameters: 0 0 0

#Transform 64
Transform: AffineTransform_float_3_3
Parameters: 0.999999 0.00126787 -0.000862717 -0.00126713 0.999998 0.00101309 0.000863283 -0.00101191 0.999999 0.00415072 0.038485 0.075516
FixedParameters: 0 0 0

#Transform 65
Transform: AffineTransform_float_3_3
Parameters: 0.999999 0.00126692 -0.000872113 -0.00126708 0.999999 -8.88951e-05 0.000872887 8.9106e-05 0.999999 0.0199433 0.143561 0.0997774
FixedParameters: 0 0 0

#Transform 66
Transform: AffineTransform_float_3_3
Parameters: 0.999999 0.00126734 -0.000762443 -0.00126666 0.999999 0.000439966 0.000763556 -0.000439033 0.999999 0.000770746 0.0402024 0.0817294
FixedParameters: 0 0 0

#Transform 67
Transform: AffineTransform_float_3_3
Parameters: 0.999999 0.00132324 -0.000431255 -0.00132376 0.999999 0.000563571 0.000432745 -0.000562428 0.999999 0.00692023 0.108299 0.121468
FixedParameters: 0 0 0

#Transform 68
Transform: AffineTransform_float_3_3
Parameters: 0.999999 0.0012673 -0.000609367 -0.0012667 0.999999 0.000499772 0.000609633 -0.000499228 0.999999 0.0123907 0.0556273 0.0491872
FixedParameters: 0 0 0

#Transform 69
Transform: AffineTransform_float_3_3
Parameters: 0.999999 0.00126706 -0.000738897 -0.00126694 0.999999 8.19362e-05 0.000738103 -8.10649e-05 0.999999 0.0173239 0.1197 0.11711
FixedParameters: 0 0 0

#Transform 70
Transform: AffineTransform_float_3_3
Parameters: 0.999999 0.00139317 -0.000738681 -0.00139283 0.999999 0.000229029 0.000738318 -0.000227972 0.999999 0.0196895 0.0906787 0.0643261
FixedParameters: 0 0 0

#Transform 71
Transform: AffineTransform_float_3_3
Parameters: 0.999999 0.00138439 -0.000738269 -0.00138361 0.999999 0.000528022 0.000738729 -0.000526978 0.999999 0.0293976 0.0959938 0.100543
FixedParameters: 0 0 0

#Transform 72
Transform: AffineTransform_float_3_3
Parameters: 0.999999 0.0012673 -0.000738491 -0.0012667 0.999999 0.000401936 0.000738508 -0.000401064 0.999999 0.017072 0.122929 0.0467594
FixedParameters: 0 0 0

#Transform 73
Transform: AffineTransform_float_3_3
Parameters: 0.999999 0.00126715 -0.000738746 -0.00126685 0.999999 0.000200936 0.000738254 -0.000200065 0.999999 0.0248326 0.0692871 0.100062
FixedParameters: 0 0 0

#Transform 74
Transform: AffineTransform_float_3_3
Parameters: 0.999999 0.00126735 -0.000738401 -0.00126665 0.999999 0.000472936 0.000738598 -0.000472064 0.999999 0.0145582 0.100099 0.064108
FixedParameters: 0 0 0

#Transform 75
Transform: AffineTransform_float_3_3
Parameters: 0.999999 0.00126763 -0.000737911 -0.00126737 0.999999 0.000859936 0.00073809 -0.000859065 1 0.0176114 0.0669593 0.0800843
FixedParameters: 0 0 0

#Transform 76
Transform: AffineTransform_float_3_3
Parameters: 0.999999 0.00120133 -0.000738463 -0.00120067 0.999999 0.000446887 0.000738536 -0.000446113 0.999999 0.0315426 0.145523 0.0811883
FixedParameters: 0 0 0

#Transform 77
Transform: AffineTransform_float_3_3
Parameters: 0.999999 0.00126755 -0.000686994 -0.00126745 0.999999 0.000794872 0.000688008 -0.000794129 1 0.0305593 0.0586818 0.0380909
FixedParameters: 0 0 0

#Transform 78
Transform: AffineTransform_float_3_3
Parameters: 0.999999 0.00134544 -0.000738204 -0.00134556 0.999999 0.000591994 0.000738796 -0.000591006 0.999999 0.0241153 0.0836548 0.0692326
FixedParameters: 0 0 0

#Transform 79
Transform: AffineTransform_float_3_3
Parameters: 0.999999 0.00126729 -0.000788538 -0.00126671 0.999999 0.000364999 0.000788461 -0.000364001 0.999999 0.0371693 0.113347 0.0322469
FixedParameters: 0 0 0

#Transform 80
Transform: AffineTransform_float_3_3
Parameters: 0.999999 0.00126744 -0.000633111 -0.00126655 0.999999 0.000701802 0.000634888 -0.000701196 0.999999 0.0318646 0.044843 0.04708
FixedParameters: 0 0 0

#Transform 81
Transform: AffineTransform_float_3_3
Parameters: 0.999999 0.00119323 -0.000738623 -0.00119277 0.999999 0.000315881 0.000738376 -0.000315119 0.999999 0.0208922 0.118979 0.0546313
FixedParameters: 0 0 0

#Transform 82
Transform: AffineTransform_float_3_3
Parameters: 0.999999 0.00126756 -0.000738045 -0.00126744 0.999999 0.000753937 0.000738956 -0.000753064 1 0.039149 0.0441456 0.0239763
FixedParameters: 0 0 0

#Transform 83
Transform: AffineTransform_float_3_3
Parameters: 0.999999 0.00140246 -0.000677038 -0.00140153 0.999999 0.00068695 0.000677963 -0.00068605 1 0.0404032 0.0888459 0.0566102
FixedParameters: 0 0 0

#Transform 84
Transform: AffineTransform_float_3_3
Parameters: 0.999999 0.0012674 -0.000799365 -0.0012666 0.999999 0.000501013 0.000799634 -0.000499987 0.999999 0.0416397 0.0878499 0.0608898
FixedParameters: 0 0 0

#Transform 85
Transform: AffineTransform_float_3_3
Parameters: 0.999999 0.00126725 -0.000285882 -0.00126675 0.999999 0.000882362 0.000287118 -0.000882636 0.999999 0.0243595 0.0396646 0.00171723
FixedParameters: 0 0 0

#Transform 86
Transform: AffineTransform_float_3_3
Parameters: 0.999999 0.00126726 -0.000503339 -0.00126674 0.999999 0.000521638 0.00050366 -0.000520362 0.999999 0.0316999 0.0649915 0.0442368
FixedParameters: 0 0 0

#Transform 87
Transform: AffineTransform_float_3_3
Parameters: 0.999999 0.00126718 -0.000721689 -0.00126682 0.999999 0.000245914 0.000722311 -0.000245085 0.999999 0.0330668 0.11161 0.0911712
FixedParameters: 0 0 0

#Transform 88
Transform: AffineTransform_float_3_3
Parameters: 0.999998 0.0015123 -0.000646302 -0.0015117 0.999999 0.000461977 0.000647697 -0.000461021 0.999999 0.0347437 0.0753675 0.0410936
FixedParameters: 0 0 0

#Transform 89
Transform: AffineTransform_float_3_3
Parameters: 0.999998 0.00149459 -0.000858968 -0.00149341 0.999998 0.000691284 0.000860031 -0.000689716 1 0.0362847 0.0825412 0.0903387
FixedParameters: 0 0 0

#Transform 90
Transform: AffineTransform_float_3_3
Parameters: 0.999998 0.00148616 -0.000691648 -0.00148584 0.999999 0.000237028 0.000692351 -0.000235971 0.999999 0.045535 0.130419 0.092179
FixedParameters: 0 0 0

#Transform 91
Transform: AffineTransform_float_3_3
Parameters: 0.999999 0.00126748 -0.000464697 -0.00126752 0.999998 0.00102859 0.000466304 -0.00102841 1 0.0332119 0.0427497 0.0751274
FixedParameters: 0 0 0

#Transform 92
Transform: AffineTransform_float_3_3
Parameters: 0.999998 0.0015875 -0.000464306 -0.0015865 0.999998 0.00106774 0.000466692 -0.00106626 1 0.0318274 0.0906082 0.13286
FixedParameters: 0 0 0

#Transform 93
Transform: AffineTransform_float_3_3
Parameters: 0.999999 0.00126723 -0.000520452 -0.00126678 0.999999 0.00043266 0.000520548 -0.000432341 1 0.0324491 0.0935144 0.0533414
FixedParameters: 0 0 0

#Transform 94
Transform: AffineTransform_float_3_3
Parameters: 0.999999 0.00139844 -0.000464666 -0.00139755 0.999998 0.00095465 0.000466335 -0.000954349 1 0.0253789 0.0527584 0.0901355
FixedParameters: 0 0 0

#Transform 95
Transform: AffineTransform_float_3_3
Parameters: 0.999999 0.00119612 -0.000556739 -0.00119588 1 0.000218666 0.000557261 -0.000218334 1 0.0337363 0.142831 0.113072
FixedParameters: 0 0 0

#Transform 96
Transform: AffineTransform_float_3_3
Parameters: 0.999998 0.00153836 -0.000565027 -0.00153864 0.999998 0.00063287 0.000565973 -0.00063213 0.999999 0.0352076 0.0579447 0.0646468
FixedParameters: 0 0 0

#Transform 97
Transform: AffineTransform_float_3_3
Parameters: 0.999999 0.00143942 -0.000464685 -0.00143957 0.999998 0.000913669 0.000466314 -0.000912329 0.999999 0.0115563 0.080307 0.136426
FixedParameters: 0 0 0

#Transform 98
Transform: AffineTransform_float_3_3
Parameters: 0.999999 0.00126708 -0.000465775 -0.00126692 0.999999 0.00017759 0.000466225 -0.000177409 1 0.0217958 0.157305 0.0819949
FixedParameters: 0 0 0

#Transform 99
Transform: AffineTransform_float_3_3
Parameters: 0.999999 0.00126747 -0.000464712 -0.00126753 0.999998 0.00101659 0.000466288 -0.00101541 1 0.0176131 0.0591271 0.0911757
FixedParameters: 0 0 0

#Transform 100
Transform: AffineTransform_float_3_3
Parameters: 0.999999 0.00136004 -0.000622909 -0.00135996 0.999999 6.68472e-05 0.00062309 -6.61526e-05 1 0.0108496 0.133521 0.156622
FixedParameters: 0 0 0

#Transform 101
Transform: AffineTransform_float_3_3
Parameters: 0.999998 0.00149581 -0.000573496 -0.00149619 0.999999 -0.000331142 0.000572504 0.000331857 1 0.00622272 0.0954028 0.0633322
FixedParameters: 0 0 0

#Transform 102
Transform: AffineTransform_float_3_3
Parameters: 0.999999 0.00126496 -0.000759414 -0.00126704 0.999995 -0.00269604 0.000756586 0.00269696 0.999996 0.0225165 0.119781 0.0973217
FixedParameters: 0 0 0

#Transform 103
Transform: AffineTransform_float_3_3
Parameters: 0.999999 0.00133272 -0.000469646 -0.00133428 0.999996 -0.00273438 0.000466352 0.00273563 0.999996 0.023328 0.146392 0.206981
FixedParameters: 0 0 0

#Transform 104
Transform: AffineTransform_float_3_3
Parameters: 0.999999 0.00126552 -0.000469992 -0.00126748 0.999994 -0.00315241 0.000466006 0.00315359 0.999995 0.022726 0.151528 0.0937902
FixedParameters: 0 0 0

#Transform 105
Transform: AffineTransform_float_3_3
Parameters: 0.999999 0.00126571 -0.000546008 -0.00126729 0.999997 -0.00237531 0.00054299 0.00237669 0.999997 0.0249052 0.0741281 0.0994864
FixedParameters: 0 0 0

#Transform 106
Transform: AffineTransform_float_3_3
Parameters: 0.999998 0.00160744 -0.000471356 -0.00160956 0.999993 -0.00333025 0.000466642 0.00333076 0.999995 0.026005 0.128883 0.133496
FixedParameters: 0 0 0

#Transform 107
Transform: AffineTransform_float_3_3
Parameters: 0.999999 0.00126389 -0.000770134 -0.00126711 0.999991 -0.00405603 0.000764867 0.00405697 0.999992 0.026313 0.200086 0.125865
FixedParameters: 0 0 0

#Transform 108
Transform: AffineTransform_float_3_3
Parameters: 0.999999 0.001265 -0.000471412 -0.00126701 0.99999 -0.00427441 0.000466589 0.00427459 0.999991 0.0224587 0.190013 0.136882
FixedParameters: 0 0 0

#Transform 109
Transform: AffineTransform_float_3_3
Parameters: 1 0.00111888 -0.000471063 -0.00112112 0.999989 -0.00452047 0.000465937 0.00452052 0.999989 0.0228779 0.157352 0.128611
FixedParameters: 0 0 0

#Transform 110
Transform: AffineTransform_float_3_3
Parameters: 0.999999 0.0012648 -0.000471951 -0.00126721 0.999988 -0.00470041 0.000466048 0.00470159 0.999989 0.0429124 0.191786 0.0972195
FixedParameters: 0 0 0

#Transform 111
Transform: AffineTransform_float_3_3
Parameters: 0.999999 0.00132371 -0.00047247 -0.00132629 0.999987 -0.00488338 0.000466529 0.00488362 0.999988 0.0416626 0.145905 0.0900146
FixedParameters: 0 0 0

#Transform 112
Transform: AffineTransform_float_3_3
Parameters: 0.999999 0.00121167 -0.000472021 -0.00121433 0.999987 -0.00496343 0.000465978 0.00496457 0.999988 0.0424412 0.211255 0.147448
FixedParameters: 0 0 0

#Transform 113
Transform: AffineTransform_float_3_3
Parameters: 0.999999 0.00126483 -0.00047186 -0.00126717 0.999989 -0.00462841 0.00046614 0.0046286 0.999989 0.042735 0.166192 0.056371
FixedParameters: 0 0 0

#Transform 114
Transform: AffineTransform_float_3_3
Parameters: 0.999999 0.00126477 -0.000472024 -0.00126723 0.999988 -0.0047584 0.000465975 0.00475859 0.999988 0.0398075 0.162916 0.093712
FixedParameters: 0 0 0

#Transform 115
Transform: AffineTransform_float_3_3
Parameters: 0.999999 0.0012652 -0.000275387 -0.00126679 0.999978 -0.00662366 0.000266614 0.00662434 0.999978 0.0366651 0.251844 0.0391422
FixedParameters: 0 0 0

#Transform 116
Transform: AffineTransform_float_3_3
Parameters: 0.999999 0.00147447 -0.00024444 -0.00147653 0.999979 -0.00639865 0.000234556 0.00639936 0.99998 0.0409681 0.178309 0.0112814
FixedParameters: 0 0 0

#Transform 117
Transform: AffineTransform_float_3_3
Parameters: 0.999999 0.0013674 -0.000400017 -0.00136961 0.999978 -0.00658746 0.000390987 0.00658755 0.999978 0.048816 0.216037 0.0632283
FixedParameters: 0 0 0

#Transform 118
Transform: AffineTransform_float_3_3
Parameters: 0.999999 0.00126462 -0.000332191 -0.00126738 0.999973 -0.00726058 0.000322807 0.00726041 0.999973 0.0466919 0.247352 0.0151987
FixedParameters: 0 0 0

#Transform 119
Transform: AffineTransform_float_3_3
Parameters: 0.999999 0.00126638 -0.000106642 -0.00126662 0.999981 -0.00603287 9.93602e-05 0.00603313 0.999982 0.0334265 0.160129 0.160176
FixedParameters: 0 0 0

#Transform 120
Transform: AffineTransform_float_3_3
Parameters: 0.999999 0.00126507 -0.000382435 -0.00126693 0.999987 -0.00508252 0.000375565 0.00508348 0.999987 0.0505716 0.187883 0.239544
FixedParameters: 0 0 0

#Transform 121
Transform: AffineTransform_float_3_3
Parameters: 0.999999 0.00126497 -0.000389656 -0.00126703 0.999986 -0.00525751 0.000382343 0.00525849 0.999986 0.0399756 0.157025 0.187454
FixedParameters: 0 0 0

#Transform 122
Transform: AffineTransform_float_3_3
Parameters: 0.999999 0.00126397 -0.000687598 -0.00126703 0.99999 -0.00442314 0.000682402 0.00442387 0.99999 0.0687436 0.145617 0.164894
FixedParameters: 0 0 0

#Transform 123
Transform: AffineTransform_float_3_3
Parameters: 0.999999 0.00116017 -0.000780718 -0.00116382 0.999987 -0.0049201 0.000774283 0.0049209 0.999987 0.0697563 0.204769 0.129607
FixedParameters: 0 0 0

#Transform 124
Transform: AffineTransform_float_3_3
Parameters: 0.999998 0.00132383 -0.000909633 -0.00132717 0.999993 -0.0034948 0.000905366 0.0034962 0.999994 0.0918886 0.0945882 0.0830181
FixedParameters: 0 0 0

#Transform 125
Transform: AffineTransform_float_3_3
Parameters: 0.999998 0.00148308 -0.00143515 -0.00148893 0.999991 -0.00413588 0.00142985 0.00413813 0.999991 0.109999 0.13723 0.103405
FixedParameters: 0 0 0

#Transform 126
Transform: AffineTransform_float_3_3
Parameters: 0.999999 0.00148203 -0.00110072 -0.00148696 0.999988 -0.00452537 0.00109328 0.00452763 0.999989 0.0994394 0.165667 0.0507127
FixedParameters: 0 0 0

#Transform 127
Transform: AffineTransform_float_3_3
Parameters: 0.999998 0.00180489 -0.00145686 -0.00181211 0.999987 -0.00489537 0.00144815 0.00489763 0.999987 0.121802 0.114075 0.131396
FixedParameters: 0 0 0

#Transform 128
Transform: AffineTransform_float_3_3
Parameters: 0.999997 0.0017565 -0.00166986 -0.0017625 0.999991 -0.00389707 0.00166314 0.00389993 0.999991 0.124962 0.178762 0.155745
FixedParameters: 0 0 0

#Transform 129
Transform: AffineTransform_float_3_3
Parameters: 0.999998 0.00174449 -0.00148596 -0.00174752 0.999997 -0.00169341 0.00148304 0.00169559 0.999998 0.105948 0.0223404 0.136497
FixedParameters: 0 0 0

#Transform 130
Transform: AffineTransform_float_3_3
Parameters: 0.999998 0.00126413 -0.00148545 -0.00126687 0.999998 -0.00193112 0.00148256 0.00193288 0.999997 0.114251 0.128967 -0.0214057
FixedParameters: 0 0 0

#Transform 131
Transform: AffineTransform_float_3_3
Parameters: 0.999998 0.0012649 -0.00113534 -0.0012671 0.999998 -0.00184956 0.00113266 0.00185044 0.999997 0.0841068 0.027226 -0.0618008
FixedParameters: 0 0 0

#Transform 132
Transform: AffineTransform_float_3_3
Parameters: 0.999998 0.00144237 -0.00140775 -0.00144762 0.999993 -0.00328997 0.00140224 0.00329203 0.999993 0.097333 0.164298 -0.100969
FixedParameters: 0 0 0

#Transform 133
Transform: AffineTransform_float_3_3
Parameters: 0.999999 0.00143189 -0.00103233 -0.00143512 0.999995 -0.00302152 0.00102867 0.00302348 0.999995 0.086857 0.072238 -0.148176
FixedParameters: 0 0 0

#Transform 134
Transform: AffineTransform_float_3_3
Parameters: 0.999999 0.00159613 -0.000743206 -0.00159988 0.999991 -0.00388382 0.000737793 0.00388419 0.999992 0.0655667 0.183642 -0.149805
FixedParameters: 0 0 0

#Transform 135
Transform: AffineTransform_float_3_3
Parameters: 0.999998 0.00149348 -0.00114225 -0.00149952 0.999987 -0.00484729 0.00113574 0.0048487 0.999987 0.0727178 0.159811 -0.190863
FixedParameters: 0 0 0

#Transform 136
Transform: AffineTransform_float_3_3
Parameters: 0.999998 0.00156828 -0.00116574 -0.00157472 0.999986 -0.00492417 0.00115726 0.00492582 0.999987 0.0808797 0.162403 -0.172416
FixedParameters: 0 0 0

#Transform 137
Transform: AffineTransform_float_3_3
Parameters: 0.999997 0.00160473 -0.00146799 -0.00161127 0.999987 -0.00496665 0.00146001 0.00496935 0.999986 0.109398 0.228496 -0.0674403
FixedParameters: 0 0 0

#Transform 138
Transform: AffineTransform_float_3_3
Parameters: 0.999999 0.00126101 -0.00132274 -0.00126699 0.999989 -0.00454133 0.00131626 0.00454267 0.999989 0.103558 0.0901451 -0.106124
FixedParameters: 0 0 0

#Transform 139
Transform: AffineTransform_float_3_3
Parameters: 0.999997 0.00156362 -0.00149078 -0.00157038 0.999987 -0.00496167 0.00148322 0.00496333 0.999986 0.102427 0.151794 -0.0785629
FixedParameters: 0 0 0

#Transform 140
Transform: AffineTransform_float_3_3
Parameters: 0.999997 0.00153399 -0.00153603 -0.00154101 0.999989 -0.00457265 0.00152897 0.00457536 0.999989 0.110138 0.123709 -0.120751
FixedParameters: 0 0 0

#Transform 141
Transform: AffineTransform_float_3_3
Parameters: 0.999997 0.00166143 -0.00168848 -0.00166957 0.999989 -0.0044922 0.00168052 0.00449481 0.999989 0.126215 0.121643 -0.125662
FixedParameters: 0 0 0

#Transform 142
Transform: AffineTransform_float_3_3
Parameters: 0.999997 0.00204891 -0.00168666 -0.00205609 0.999989 -0.00421655 0.00167734 0.00421945 0.999989 0.129262 0.126038 -0.0512661
FixedParameters: 0 0 0

#Transform 143
Transform: AffineTransform_float_3_3
Parameters: 0.999995 0.00228189 -0.00185132 -0.00228611 0.999993 -0.00276378 0.00184468 0.00276822 0.999994 0.148873 0.109039 0.0519784
FixedParameters: 0 0 0

#Transform 144
Transform: AffineTransform_float_3_3
Parameters: 0.999995 0.002314 -0.00186298 -0.00231799 0.999995 -0.00214669 0.00185702 0.00215131 0.999996 0.133241 0.0585647 -0.019452
FixedParameters: 0 0 0

#Transform 145
Transform: AffineTransform_float_3_3
Parameters: 0.999997 0.00214484 -0.00129723 -0.00214815 0.999994 -0.00243622 0.00129177 0.00243878 0.999996 0.127564 0.122723 -0.0593664
FixedParameters: 0 0 0

#Transform 146
Transform: AffineTransform_float_3_3
Parameters: 0.999997 0.00230158 -0.00131675 -0.00230642 0.999991 -0.00336297 0.00130925 0.00336602 0.999993 0.131625 0.116768 -0.11892
FixedParameters: 0 0 0

#Transform 147
Transform: AffineTransform_float_3_3
Parameters: 0.999997 0.00220217 -0.00109073 -0.00220483 0.999994 -0.0026006 0.00108527 0.0026034 0.999996 0.107469 0.0756713 -0.027961
FixedParameters: 0 0 0

#Transform 148
Transform: AffineTransform_float_3_3
Parameters: 0.999997 0.0021503 -0.00109231 -0.0021537 0.999992 -0.00339566 0.00108569 0.00339834 0.999993 0.105274 0.149805 -0.105447
FixedParameters: 0 0 0

#Transform 149
Transform: AffineTransform_float_3_3
Parameters: 0.999998 0.00220326 -0.000699524 -0.00220475 0.999995 -0.00250546 0.000693475 0.00250753 0.999996 0.086537 0.0498732 0.0152648
FixedParameters: 0 0 0

#Transform 150
Transform: AffineTransform_float_3_3
Parameters: 0.999997 0.00220115 -0.00090541 -0.00220485 0.999989 -0.00427002 0.00089659 0.00427299 0.999991 0.11111 0.207239 -0.0313522
FixedParameters: 0 0 0

#Transform 151
Transform: AffineTransform_float_3_3
Parameters: 0.999998 0.00220231 -0.000778638 -0.00220469 0.999991 -0.00346529 0.000771361 0.00346771 0.999993 0.106992 0.0709597 -0.00451888
FixedParameters: 0 0 0

#Transform 152
Transform: AffineTransform_float_3_3
Parameters: 0.999994 0.0030167 -0.00119743 -0.0030223 0.999985 -0.0044454 0.00118457 0.0044486 0.99999 0.131473 0.178656 0.0572275
FixedParameters: 0 0 0

#Transform 153
Transform: AffineTransform_float_3_3
Parameters: 0.999993 0.00335035 -0.00170913 -0.00335565 0.999989 -0.00331529 0.00169788 0.00332071 0.999993 0.157925 0.0630827 0.000857217
FixedParameters: 0 0 0

#Transform 154
Transform: AffineTransform_float_3_3
Parameters: 0.999994 0.00323113 -0.00119553 -0.00323488 0.99999 -0.00325515 0.00118447 0.00325885 0.999994 0.139889 0.0494578 -0.00461403
FixedParameters: 0 0 0

#Transform 155
Transform: AffineTransform_float_3_3
Parameters: 0.999994 0.00322875 -0.00174263 -0.00323425 0.999989 -0.00359639 0.00173137 0.00360262 0.999992 0.143881 0.121544 -0.0319661
FixedParameters: 0 0 0

#Transform 156
Transform: AffineTransform_float_3_3
Parameters: 0.999994 0.0032301 -0.00136664 -0.0032349 0.999989 -0.0035976 0.00135536 0.0036024 0.999992 0.125007 0.0973836 -0.0473144
FixedParameters: 0 0 0

#Transform 157
Transform: AffineTransform_float_3_3
Parameters: 0.999995 0.00297269 -0.00162178 -0.00297831 0.99999 -0.00328319 0.00161222 0.00328781 0.999994 0.122718 0.085151 0.0730244
FixedParameters: 0 0 0

#Transform 158
Transform: AffineTransform_float_3_3
Parameters: 0.999996 0.00250005 -0.00176703 -0.00250496 0.999993 -0.00280759 0.00175997 0.00281141 0.999994 0.14564 0.14042 0.0316473
FixedParameters: 0 0 0

#Transform 159
Transform: AffineTransform_float_3_3
Parameters: 0.999996 0.00227866 -0.0016207 -0.00228234 0.999996 -0.00206131 0.00161629 0.00206469 0.999996 0.128133 0.0689076 0.0381944
FixedParameters: 0 0 0

#Transform 160
Transform: AffineTransform_float_3_3
Parameters: 0.999996 0.00235907 -0.00187023 -0.00236393 0.999993 -0.00263559 0.00186477 0.00264041 0.999995 0.138289 0.108839 0.077534
FixedParameters: 0 0 0

#Transform 161
Transform: AffineTransform_float_3_3
Parameters: 0.999996 0.00236031 -0.00104438 -0.00236369 0.999991 -0.00354654 0.00103562 0.00354846 0.999993 0.129792 0.149121 0.0821169
FixedParameters: 0 0 0

#Transform 162
Transform: AffineTransform_float_3_3
Parameters: 0.999997 0.00225336 -0.00103957 -0.00225565 0.999996 -0.00158366 0.00103643 0.00158634 0.999998 0.127441 0.0120608 0.191855
FixedParameters: 0 0 0

#Transform 163
Transform: AffineTransform_float_3_3
Parameters: 0.999997 0.00236131 -0.00125706 -0.00236369 0.999995 -0.00214004 0.00125194 0.00214296 0.999997 0.15138 0.150205 0.0769388
FixedParameters: 0 0 0

#Transform 164
Transform: AffineTransform_float_3_3
Parameters: 0.999997 0.00195057 -0.00154507 -0.00195343 0.999997 -0.00157199 0.00154193 0.00157501 0.999997 0.138202 0.0566824 0.141619
FixedParameters: 0 0 0

#Transform 165
Transform: AffineTransform_float_3_3
Parameters: 0.999996 0.00189721 -0.00172638 -0.00190279 0.999992 -0.00335872 0.00171962 0.00336127 0.999993 0.159838 0.201293 0.0794367
FixedParameters: 0 0 0

#Transform 166
Transform: AffineTransform_float_3_3
Parameters: 0.999997 0.00212755 -0.00133452 -0.00213145 0.999995 -0.00259016 0.00132848 0.00259283 0.999996 0.144204 0.0609909 0.120741
FixedParameters: 0 0 0

#Transform 167
Transform: AffineTransform_float_3_3
Parameters: 0.999997 0.0019477 -0.00151882 -0.0019533 0.999992 -0.00349704 0.00151218 0.00349995 0.999992 0.153874 0.166037 0.144692
FixedParameters: 0 0 0

#Transform 168
Transform: AffineTransform_float_3_3
Parameters: 0.999997 0.00206061 -0.00131732 -0.00206339 0.999994 -0.00258029 0.00131168 0.00258271 0.999996 0.135155 0.0485748 0.147223
FixedParameters: 0 0 0

#Transform 169
Transform: AffineTransform_float_3_3
Parameters: 0.999997 0.00194978 -0.000927788 -0.00195322 0.999992 -0.00347819 0.00092121 0.0034798 0.999993 0.134784 0.136518 0.205346
FixedParameters: 0 0 0

#Transform 170
Transform: AffineTransform_float_3_3
Parameters: 0.999997 0.0021529 -0.00133228 -0.0021581 0.999991 -0.00383914 0.00132372 0.00384286 0.999991 0.152753 0.138087 0.150219
FixedParameters: 0 0 0

#Transform 171
Transform: AffineTransform_float_3_3
Parameters: 0.999997 0.00251641 -0.000928044 -0.00251859 0.999993 -0.00279667 0.000920959 0.00279833 0.999995 0.14685 0.0557823 0.155625
FixedParameters: 0 0 0

#Transform 172
Transform: AffineTransform_float_3_3
Parameters: 0.999996 0.00248603 -0.00116948 -0.00249097 0.999991 -0.0034051 0.00116052 0.0034079 0.999993 0.148167 0.177662 0.134043
FixedParameters: 0 0 0

#Transform 173
Transform: AffineTransform_float_3_3
Parameters: 0.999997 0.00234339 -0.00118617 -0.00234561 0.999995 -0.00220422 0.00118083 0.00220677 0.999997 0.137869 0.0631797 0.0664841
FixedParameters: 0 0 0

#Transform 174
Transform: AffineTransform_float_3_3
Parameters: 0.999996 0.00252199 -0.00126701 -0.00252501 0.999994 -0.00237881 0.00126099 0.00238219 0.999997 0.140183 0.0914081 0.117253
FixedParameters: 0 0 0

#Transform 175
Transform: AffineTransform_float_3_3
Parameters: 0.999996 0.0022951 -0.00123328 -0.0022999 0.999993 -0.00316718 0.00122572 0.00316983 0.999994 0.144138 0.0855558 0.0682565
FixedParameters: 0 0 0

#Transform 176
Transform: AffineTransform_float_3_3
Parameters: 0.999997 0.00252142 -0.000994134 -0.00252458 0.999991 -0.0036185 0.00098487 0.0036205 0.999993 0.13097 0.118768 0.160478
FixedParameters: 0 0 0

#Transform 177
Transform: AffineTransform_float_3_3
Parameters: 0.999997 0.00252139 -0.00103484 -0.00252461 0.99999 -0.0035024 0.00102616 0.0035056 0.999994 0.138675 0.126405 0.0575175
FixedParameters: 0 0 0

#Transform 178
Transform: AffineTransform_float_3_3
Parameters: 0.999997 0.00228837 -0.00105472 -0.00229163 0.999995 -0.00249659 0.00104928 0.00249841 0.999997 0.127999 0.0642045 0.168621
FixedParameters: 0 0 0

#Transform 179
Transform: AffineTransform_float_3_3
Parameters: 0.999997 0.00225956 -0.000928946 -0.00226244 0.999994 -0.00262891 0.000923053 0.00263109 0.999996 0.144795 0.0907172 0.0679307
FixedParameters: 0 0 0

#Transform 180
Transform: AffineTransform_float_3_3
Parameters: 0.999998 0.00211712 -0.000951187 -0.00211888 0.999996 -0.00197599 0.000946813 0.00197801 0.999997 0.120826 0.0490045 0.131589
FixedParameters: 0 0 0

#Transform 181
Transform: AffineTransform_float_3_3
Parameters: 0.999997 0.00200922 -0.000952889 -0.00201278 0.999993 -0.00292809 0.000947109 0.00292991 0.999996 0.135066 0.148492 0.0936858
FixedParameters: 0 0 0

#Transform 182
Transform: AffineTransform_float_3_3
Parameters: 0.999999 0.00177016 -0.000545742 -0.00177084 0.999997 -0.00154804 0.000543258 0.00154896 0.999998 0.122891 0.0323331 0.107189
FixedParameters: 0 0 0

#Transform 183
Transform: AffineTransform_float_3_3
Parameters: 0.999997 0.00193751 -0.000954121 -0.00194149 0.999992 -0.00367116 0.000946877 0.00367284 0.999993 0.152487 0.194817 0.122485
FixedParameters: 0 0 0

#Transform 184
Transform: AffineTransform_float_3_3
Parameters: 0.999997 0.00232059 -0.00101055 -0.00232241 0.999994 -0.00239066 0.00100445 0.00239334 0.999996 0.142351 0.0440802 0.150066
FixedParameters: 0 0 0

#Transform 185
Transform: AffineTransform_float_3_3
Parameters: 0.999998 0.0021159 -0.000953903 -0.0021191 0.999993 -0.00325899 0.000947097 0.00326101 0.999994 0.141025 0.175334 0.131055
FixedParameters: 0 0 0

#Transform 186
Transform: AffineTransform_float_3_3
Parameters: 0.999997 0.00228404 -0.00143034 -0.00228796 0.999994 -0.00277274 0.00142466 0.00277627 0.999995 0.165432 0.103584 0.116544
FixedParameters: 0 0 0

#Transform 187
Transform: AffineTransform_float_3_3
Parameters: 0.999997 0.00211533 -0.0013677 -0.00211867 0.999994 -0.00269011 0.0013623 0.00269289 0.999996 0.154819 0.108208 0.143182
FixedParameters: 0 0 0

#Transform 188
Transform: AffineTransform_float_3_3
Parameters: 0.999996 0.00249829 -0.00136283 -0.00250171 0.999993 -0.0027296 0.00135617 0.0027334 0.999996 0.160769 0.0864132 0.0700065
FixedParameters: 0 0 0

#Transform 189
