#Insight Transform File V1.0
#Transform 0
Transform: AffineTransform_float_3_3
Parameters: 0.999999 -0.00031876 0.00127509 0.000311242 0.999982 0.0060804 -0.00127692 -0.0060806 0.99998 -0.0216538 0.180231 0.0932836
FixedParameters: 0 0 0

#Transform 1
Transform: AffineTransform_float_3_3
Parameters: 1 -0.000420072 0.000397824 0.000417928 0.999987 0.00519217 -0.000400176 -0.00519284 0.999987 -0.0142095 0.121821 0.149903
FixedParameters: 0 0 0

#Transform 2
Transform: AffineTransform_float_3_3
Parameters: 0.999999 -0.000421924 0.000770864 0.000418074 0.999987 0.00508432 -0.000773135 -0.00508367 0.999987 -0.0232155 0.207374 0.0650026
FixedParameters: 0 0 0

#Transform 3
Transform: AffineTransform_float_3_3
Parameters: 1 -0.000243628 0.000401015 0.000241372 0.999991 0.00405509 -0.000401982 -0.0040549 0.999991 -0.0153453 0.109454 0.0939547
FixedParameters: 0 0 0

#Transform 4
Transform: AffineTransform_float_3_3
Parameters: 1 -0.000221597 0.000401122 0.000219403 0.999992 0.00397709 -0.000401876 -0.00397691 0.999992 -0.0213707 0.140336 0.0363203
FixedParameters: 0 0 0

#Transform 5
Transform: AffineTransform_float_3_3
Parameters: 1 -0.000135565 0.000401475 0.000133433 0.999993 0.00389506 -0.000402523 -0.00389495 0.999993 -0.0444984 0.167146 0.0647831
FixedParameters: 0 0 0

#Transform 6
Transform: AffineTransform_float_3_3
Parameters: 1 0.00027928 -7.90154e-05 -0.00027972 0.999993 0.00352702 7.9987e-05 -0.00352698 0.999994 -0.0272639 0.113242 0.0958108
FixedParameters: 0 0 0

#Transform 7
Transform: AffineTransform_float_3_3
Parameters: 1 0.000131177 0.000304356 -0.000131822 0.999997 0.00270496 -0.000303645 -0.00270504 0.999997 -0.0379841 0.169156 0.0234131
FixedParameters: 0 0 0

#Transform 8
Transform: AffineTransform_float_3_3
Parameters: 1 0.000308244 -7.90553e-05 -0.000307756 0.999996 0.00306603 7.9944e-05 -0.00306598 0.999996 -0.0374799 0.150724 0.0755458
FixedParameters: 0 0 0

#Transform 9
Transform: AffineTransform_float_3_3
Parameters: 1 0.000331216 0.000579024 -0.000332783 0.999995 0.00308281 -0.000577977 -0.00308319 0.999995 -0.0293653 0.127775 0.0402209
FixedParameters: 0 0 0

#Transform 10
Transform: AffineTransform_float_3_3
Parameters: 1 -3.00137e-05 0.00065291 2.7986e-05 0.999995 0.00308402 -0.000653089 -0.00308398 0.999995 -0.0368628 0.210423 -0.0124366
FixedParameters: 0 0 0

#Transform 11
Transform: AffineTransform_float_3_3
Parameters: 1 0.000116567 0.000512328 -0.000118435 0.999996 0.00279794 -0.000512671 -0.00279806 0.999996 -0.0352272 0.136508 0.0652635
FixedParameters: 0 0 0

#Transform 12
Transform: AffineTransform_float_3_3
Parameters: 0.999999 0.000178727 0.000696328 -0.000179273 0.999999 0.00182888 -0.000695673 -0.00182913 0.999998 -0.0192407 0.119864 -0.0110605
FixedParameters: 0 0 0

#Transform 13
Transform: AffineTransform_float_3_3
Parameters: 0.999999 -1.66161e-05 0.000728965 1.53837e-05 0.999997 0.00221701 -0.000729036 -0.00221699 0.999998 -0.0270379 0.16256 -0.0363264
FixedParameters: 0 0 0

#Transform 14
Transform: AffineTransform_float_3_3
Parameters: 1 0.000288613 0.00017464 -0.000289387 0.999997 0.00221795 -0.000174358 -0.00221805 0.999997 -0.0247883 0.0986139 0.0608666
FixedParameters: 0 0 0

#Transform 15
Transform: AffineTransform_float_3_3
Parameters: 1 1.08907e-05 0.00063902 -1.21093e-05 0.999998 0.00173599 -0.00063898 -0.00173601 0.999999 -0.0131352 0.109836 -0.0890831
FixedParameters: 0 0 0

#Transform 16
Transform: AffineTransform_float_3_3
Parameters: 1 0.000198176 0.000429381 -0.000198823 0.999998 0.00191892 -0.000428619 -0.00191909 0.999998 -0.0169139 0.098371 -0.0481686
FixedParameters: 0 0 0

#Transform 17
Transform: AffineTransform_float_3_3
Parameters: 1 6.80513e-05 -7.99564e-05 -6.79487e-05 1 0.000641005 8.00436e-05 -0.000640994 1 0.000776042 0.0242334 -0.0432599
FixedParameters: 0 0 0

#Transform 18
Transform: AffineTransform_float_3_3
Parameters: 1 -0.000291278 0.000339761 0.000291721 0.999999 0.000819099 -0.000340239 -0.0008189 0.999999 0.00268369 0.0839259 -0.120699
FixedParameters: 0 0 0

#Transform 19
Transform: AffineTransform_float_3_3
Parameters: 1 -0.000162117 0.000203907 0.000161883 1 0.000572033 -0.000204093 -0.000571967 1 0.00690306 0.0610289 -0.0683832
FixedParameters: 0 0 0

#Transform 20
Transform: AffineTransform_float_3_3
Parameters: 1 1.7013e-05 -7.99972e-05 -1.6987e-05 1 0.000163001 8.00028e-05 -0.000162999 1 -0.000554989 0.00737644 0.00402747
FixedParameters: 0 0 0

#Transform 21
Transform: AffineTransform_float_3_3
Parameters: 1 -6.09985e-05 6.20015e-05 6.10015e-05 1 -2.39962e-05 -6.19985e-05 2.40038e-05 1 0.00721567 0.0643735 -0.0910828
FixedParameters: 0 0 0

#Transform 22
Transform: AffineTransform_float_3_3
Parameters: 1 7.20131e-05 -7.99882e-05 -7.19869e-05 1 0.000164006 8.00118e-05 -0.000163994 1 0.00591283 0.0547617 -0.039842
FixedParameters: 0 0 0

#Transform 23
Transform: AffineTransform_float_3_3
Parameters: 1 9.60156e-05 -7.99813e-05 -9.59844e-05 1 0.000195008 8.00187e-05 -0.000194992 1 0.00205797 0.008773 -0.0607399
FixedParameters: 0 0 0

#Transform 24
Transform: AffineTransform_float_3_3
Parameters: 1 1.90615e-05 -0.000196994 -1.89385e-05 1 0.000312004 0.000197006 -0.000311996 1 0.00123248 0.0913538 -0.0998711
FixedParameters: 0 0 0

#Transform 25
Transform: AffineTransform_float_3_3
Parameters: 1 4.002e-05 -7.999e-05 -3.998e-05 1 0.000250003 8.001e-05 -0.000249997 1 0.00452954 0.0342474 -0.0196521
FixedParameters: 0 0 0

#Transform 26
Transform: AffineTransform_float_3_3
Parameters: 1 9.38697e-05 -0.000457027 -9.41302e-05 1 -0.000284957 0.000456973 0.000285043 1 0.00149642 0.0166039 -0.057115
FixedParameters: 0 0 0

#Transform 27
Transform: AffineTransform_float_3_3
Parameters: 1 -6.2017e-05 -7.99869e-05 6.1983e-05 1 -0.000212005 8.00131e-05 0.000211995 1 0.00139437 0.0885512 -0.0839739
FixedParameters: 0 0 0

#Transform 28
Transform: AffineTransform_float_3_3
Parameters: 1 1.49204e-05 -0.000392003 -1.50796e-05 1 -0.000202994 0.000391997 0.000203006 1 0.00418264 -0.00090393 -0.0524335
FixedParameters: 0 0 0

#Transform 29
Transform: AffineTransform_float_3_3
Parameters: 1 8.55697e-05 -0.000558066 -8.64301e-05 0.999999 -0.000770951 0.000557933 0.000771047 0.999999 0.00246695 0.0263213 -0.0755846
FixedParameters: 0 0 0

#Transform 30
Transform: AffineTransform_float_3_3
Parameters: 1 1.45351e-05 -0.000423016 -1.54649e-05 1 -0.00109899 0.000422983 0.00109901 1 0.000174569 0.0972133 -0.0861808
FixedParameters: 0 0 0

#Transform 31
Transform: AffineTransform_float_3_3
Parameters: 1 6.43822e-05 -0.000660061 -6.56177e-05 0.999999 -0.000935957 0.000659939 0.000936043 1 -0.00669392 0.0126317 -0.0388504
FixedParameters: 0 0 0

#Transform 32
Transform: AffineTransform_float_3_3
Parameters: 1 -0.000362375 -0.000262483 0.000361624 0.999999 -0.00142709 0.000263516 0.0014269 0.999999 -0.00672115 0.0513142 -0.0821093
FixedParameters: 0 0 0

#Transform 33
Transform: AffineTransform_float_3_3
Parameters: 1 -0.000563214 -0.000280572 0.000562786 1 -0.000760158 0.000281428 0.000759842 0.999999 -0.0161833 0.0970625 -0.0995766
FixedParameters: 0 0 0

#Transform 34
Transform: AffineTransform_float_3_3
Parameters: 1 -0.000167477 -0.000583864 0.000167523 0.999999 -0.000817098 0.000584137 0.000816902 1 -0.0133235 0.0260959 0.0168692
FixedParameters: 0 0 0

#Transform 35
Transform: AffineTransform_float_3_3
Parameters: 1 -0.000462361 -0.000265372 0.000461638 0.999999 -0.00135912 0.000266628 0.00135888 0.999999 -0.00211413 0.018616 -0.121175
FixedParameters: 0 0 0

#Transform 36
Transform: AffineTransform_float_3_3
Parameters: 1 -0.000524804 0.000134765 0.000525196 0.999999 -0.00145693 -0.000134235 0.00145707 0.999999 -0.00877241 0.0527987 -0.105081
FixedParameters: 0 0 0

#Transform 37
Transform: AffineTransform_float_3_3
Parameters: 1 -0.000405268 -0.000329671 0.000404732 0.999999 -0.000812133 0.000329329 0.000811866 0.999999 -0.00838055 0.0170895 -0.0136237
FixedParameters: 0 0 0

#Transform 38
Transform: AffineTransform_float_3_3
Parameters: 1 -0.000360247 -0.000210579 0.000359753 1 -0.00117008 0.000211421 0.00116992 1 0.00777556 -0.00682711 -0.13636
FixedParameters: 0 0 0

#Transform 39
Transform: AffineTransform_float_3_3
Parameters: 1 -0.000284053 -9.48418e-05 0.000283947 1 -0.000557027 9.51581e-05 0.000556973 1 0.000736652 0.0295261 -0.0932676
FixedParameters: 0 0 0

#Transform 40
Transform: AffineTransform_float_3_3
Parameters: 1 -0.00049799 1.92609e-05 0.00049801 0.999999 -0.00052399 -1.8739e-05 0.000524009 1 0.0101773 -0.0270681 -0.188219
FixedParameters: 0 0 0

#Transform 41
Transform: AffineTransform_float_3_3
Parameters: 1 -0.000588323 -0.000351461 0.000587678 1 -0.000917208 0.00035154 0.000917794 1 0.0088048 -0.0402861 -0.122124
FixedParameters: 0 0 0

#Transform 42
Transform: AffineTransform_float_3_3
Parameters: 0.999999 -0.000885709 0.000356722 0.000886291 1 -0.000815684 -0.000356276 0.000816316 0.999999 0.00512901 -0.0309297 -0.311493
FixedParameters: 0 0 0

#Transform 43
Transform: AffineTransform_float_3_3
Parameters: 0.999999 -0.00120007 0.000791412 0.00120093 0.999998 -0.00117605 -0.000789588 0.00117695 0.999999 0.0250723 -0.0360365 -0.226583
FixedParameters: 0 0 0

#Transform 44
Transform: AffineTransform_float_3_3
Parameters: 0.999999 -0.00107596 3.52255e-05 0.00107604 0.999999 -0.00113896 -3.37744e-05 0.00113904 1 0.0161499 -0.036627 -0.037974
FixedParameters: 0 0 0

#Transform 45
Transform: AffineTransform_float_3_3
Parameters: 0.999999 -0.000994935 7.09133e-05 0.000994064 0.999999 -0.00091793 -7.00874e-05 0.00091807 0.999999 0.0309467 -0.0192578 -0.199425
FixedParameters: 0 0 0

#Transform 46
Transform: AffineTransform_float_3_3
Parameters: 0.999999 -0.000720069 -0.000242794 0.00071993 0.999999 -0.000286175 0.000243206 0.000285825 1 0.0317158 -0.0452595 -0.173438
FixedParameters: 0 0 0

#Transform 47
Transform: AffineTransform_float_3_3
Parameters: 1 -0.00065902 -1.61881e-05 0.00065898 0.999999 -0.00123201 1.68119e-05 0.00123199 0.999999 0.0257892 -0.0247993 -0.209001
FixedParameters: 0 0 0

#Transform 48
Transform: AffineTransform_float_3_3
Parameters: 0.999999 -0.000702179 -0.000242483 0.000701822 1 -0.000736171 0.000242516 0.00073583 0.999999 0.0249501 -0.0505604 -0.255608
FixedParameters: 0 0 0

#Transform 49
Transform: AffineTransform_float_3_3
Parameters: 1 -0.000748998 -0.000657002 0.000748002 0.999999 2.50856e-06 0.000656998 -3.49209e-06 1 0.0166863 -0.0179156 -0.227549
FixedParameters: 0 0 0

#Transform 50
Transform: AffineTransform_float_3_3
Parameters: 1 -0.000960475 -0.000499089 0.000959525 0.999999 -0.00094948 0.000500912 0.00094952 1 0.0318961 -0.0549531 -0.319268
FixedParameters: 0 0 0

#Transform 51
Transform: AffineTransform_float_3_3
Parameters: 1 -0.00105461 -0.000540814 0.00105439 0.999999 -0.00112557 0.000541187 0.00112443 0.999999 0.0420359 -0.092933 -0.233448
FixedParameters: 0 0 0

#Transform 52
Transform: AffineTransform_float_3_3
Parameters: 0.999999 -0.00130106 -5.8764e-05 0.00130094 0.999998 -0.000950077 6.02359e-05 0.000949922 0.999999 0.0470146 -0.0430654 -0.112092
FixedParameters: 0 0 0

#Transform 53
Transform: AffineTransform_float_3_3
Parameters: 0.999999 -0.00149151 -0.000418174 0.00149049 0.999998 -0.00122463 0.000420824 0.00122337 0.999999 0.043811 -0.0407765 -0.0397683
FixedParameters: 0 0 0

#Transform 54
Transform: AffineTransform_float_3_3
Parameters: 0.999999 -0.00122576 -0.000834427 0.00122424 0.999997 -0.00210102 0.000837574 0.00209998 0.999998 0.0326138 -0.104568 -0.0436703
FixedParameters: 0 0 0

#Transform 55
Transform: AffineTransform_float_3_3
Parameters: 0.999999 -0.000756473 -0.000607168 0.000754526 0.999997 -0.00242446 0.00060883 0.00242354 0.999997 0.0345342 -0.0597114 -0.091804
FixedParameters: 0 0 0

#Transform 56
Transform: AffineTransform_float_3_3
Parameters: 0.999999 -0.000855543 -0.000392819 0.000854456 0.999998 -0.00138134 0.00039418 0.00138066 0.999999 0.0355197 0.011856 -0.111787
FixedParameters: 0 0 0

#Transform 57
Transform: AffineTransform_float_3_3
Parameters: 0.999998 -0.00145863 -0.000764897 0.00145737 0.999996 -0.00212912 0.000768104 0.00212788 0.999998 0.0225754 -0.0363489 0.000564321
FixedParameters: 0 0 0

#Transform 58
Transform: AffineTransform_float_3_3
Parameters: 0.999999 -0.00085371 -0.000412534 0.000853289 0.999998 -0.00171835 0.000414467 0.00171865 0.999999 0.0244882 -0.0463657 -0.0940486
FixedParameters: 0 0 0

#Transform 59
Transform: AffineTransform_float_3_3
Parameters: 0.999999 -0.000670243 -0.000530433 0.000668758 0.999997 -0.00234036 0.000531567 0.00234064 0.999997 0.0357782 -0.0229558 -0.112376
FixedParameters: 0 0 0

#Transform 60
Transform: AffineTransform_float_3_3
Parameters: 0.999999 -0.000550432 -0.000737191 0.000547566 0.999995 -0.00329441 0.000739808 0.0032946 0.999995 0.0345987 -0.102477 -0.0117883
FixedParameters: 0 0 0

#Transform 61
Transform: AffineTransform_float_3_3
Parameters: 0.999999 -0.000550323 -0.000683134 0.000547676 0.999994 -0.00339738 0.000684864 0.00339662 0.999994 0.0343827 -0.0880913 -0.0848082
FixedParameters: 0 0 0

#Transform 62
Transform: AffineTransform_float_3_3
Parameters: 0.999999 -0.000550067 -0.000644241 0.000547931 0.999994 -0.00320335 0.000646758 0.00320364 0.999994 0.0342569 -0.0434121 -0.174896
FixedParameters: 0 0 0

#Transform 63
Transform: AffineTransform_float_3_3
Parameters: 1 -0.000551014 -0.000922206 0.000547983 0.999994 -0.00326551 0.000924795 0.00326449 0.999994 0.0356426 -0.0910151 -0.0171651
FixedParameters: 0 0 0

#Transform 64
Transform: AffineTransform_float_3_3
Parameters: 0.999999 -0.000773368 -0.000634121 0.000770631 0.999993 -0.00372749 0.000636876 0.00372651 0.999993 0.0557596 -0.0743024 -0.0817945
FixedParameters: 0 0 0

#Transform 65
Transform: AffineTransform_float_3_3
Parameters: 0.999999 -0.000550525 -0.000689993 0.000547475 0.999993 -0.00365438 0.000692005 0.00365462 0.999993 0.0389448 -0.0545418 0.0060682
FixedParameters: 0 0 0

#Transform 66
Transform: AffineTransform_float_3_3
Parameters: 0.999999 -0.000551256 -0.000643223 0.000547744 0.999987 -0.00505235 0.000645775 0.00505165 0.999987 0.0580397 -0.112847 -0.132707
FixedParameters: 0 0 0

#Transform 67
Transform: AffineTransform_float_3_3
Parameters: 1 -0.000975384 -0.00071074 0.000973615 0.999994 -0.00334669 0.000714263 0.00334631 0.999994 0.0507808 -0.0297937 -0.172368
FixedParameters: 0 0 0

#Transform 68
Transform: AffineTransform_float_3_3
Parameters: 0.999998 -0.00138675 -0.00154375 0.00138126 0.999995 -0.00307114 0.00154725 0.00306886 0.999994 0.0336511 -0.0483239 -0.0164301
FixedParameters: 0 0 0

#Transform 69
Transform: AffineTransform_float_3_3
Parameters: 0.999999 -0.000892116 -0.00161965 0.000885883 0.999992 -0.00377244 0.00162335 0.00377155 0.999991 0.0212317 -0.0723296 0.0589311
FixedParameters: 0 0 0

#Transform 70
Transform: AffineTransform_float_3_3
Parameters: 0.999998 -0.00115322 -0.00129337 0.00114879 0.999991 -0.00402649 0.00129763 0.00402451 0.999991 0.0322437 -0.0425679 -0.107034
FixedParameters: 0 0 0

#Transform 71
Transform: AffineTransform_float_3_3
Parameters: 0.999999 -0.000735221 -0.00119141 0.000730776 0.999993 -0.00353987 0.00119459 0.00353912 0.999993 0.0350841 -0.0259195 -0.165412
FixedParameters: 0 0 0

#Transform 72
Transform: AffineTransform_float_3_3
Parameters: 0.999998 -0.000830248 -0.00149109 0.000824752 0.999994 -0.00351724 0.00149391 0.00351577 0.999992 0.0156562 -0.0799977 -0.0723897
FixedParameters: 0 0 0

#Transform 73
Transform: AffineTransform_float_3_3
Parameters: 0.999998 -0.00169761 -0.00123706 0.00169439 0.999995 -0.0029161 0.00124195 0.0029149 0.999995 0.0201214 -0.0512643 -0.0922169
FixedParameters: 0 0 0

#Transform 74
Transform: AffineTransform_float_3_3
Parameters: 0.999997 -0.0020497 -0.00173682 0.0020473 0.999996 -0.00155256 0.00174018 0.00154844 0.999998 0.0238824 -0.0580895 0.034985
FixedParameters: 0 0 0

#Transform 75
Transform: AffineTransform_float_3_3
Parameters: 0.999996 -0.00170112 -0.00232499 0.00169688 0.999997 -0.00177095 0.002328 0.00176705 0.999995 0.0289966 0.0320863 0.154617
FixedParameters: 0 0 0

#Transform 76
Transform: AffineTransform_float_3_3
Parameters: 0.999997 -0.00214646 -0.00134968 0.00214454 0.999997 -0.0010819 0.00135232 0.0010781 0.999999 0.0333953 0.0666244 -0.109434
FixedParameters: 0 0 0

#Transform 77
Transform: AffineTransform_float_3_3
Parameters: 0.999997 -0.00211337 -0.00173712 0.00211063 0.999997 -0.00136467 0.00173988 0.00136133 0.999998 0.0221179 -0.0230831 0.0511199
FixedParameters: 0 0 0

#Transform 78
Transform: AffineTransform_float_3_3
Parameters: 0.999996 -0.00189286 -0.00173797 0.00189114 0.999997 -0.00107329 0.00174003 0.00107071 0.999998 0.0281617 -0.0321028 -0.061161
FixedParameters: 0 0 0

#Transform 79
Transform: AffineTransform_float_3_3
Parameters: 0.999997 -0.00183193 -0.00124616 0.00183007 0.999997 -0.00155128 0.00124884 0.00154972 0.999998 0.0523088 0.0292366 -0.0891571
FixedParameters: 0 0 0

#Transform 80
Transform: AffineTransform_float_3_3
Parameters: 0.999997 -0.00181481 -0.00173811 0.00181319 0.999998 -0.00104215 0.00173989 0.00103885 0.999998 0.0527779 -0.0649982 0.0451297
FixedParameters: 0 0 0

#Transform 81
Transform: AffineTransform_float_3_3
Parameters: 0.999997 -0.00196891 -0.00143275 0.00196809 0.999998 -0.000637821 0.00143425 0.000635178 0.999999 0.065735 0.0144563 -0.0283916
FixedParameters: 0 0 0

#Transform 82
Transform: AffineTransform_float_3_3
Parameters: 0.999994 -0.00324904 -0.00131889 0.00324895 0.999994 -3.62852e-05 0.00131911 3.17143e-05 0.999999 0.0604491 0.131253 -0.128419
FixedParameters: 0 0 0

#Transform 83
Transform: AffineTransform_float_3_3
Parameters: 0.999994 -0.00309959 -0.00150379 0.00309841 0.999995 -0.000392662 0.00150521 0.000387337 0.999999 0.056262 -0.00558629 0.0209143
FixedParameters: 0 0 0

#Transform 84
Transform: AffineTransform_float_3_3
Parameters: 0.999997 -0.00218593 -0.00129743 0.00218507 0.999998 -0.000718837 0.00129957 0.000716162 0.999999 0.0585477 0.0228279 0.0233978
FixedParameters: 0 0 0

#Transform 85
Transform: AffineTransform_float_3_3
Parameters: 0.999996 -0.00259745 -0.000982808 0.00259755 0.999996 -0.000460555 0.000984192 0.000457445 1 0.0411941 0.123689 0.00492849
FixedParameters: 0 0 0

#Transform 86
Transform: AffineTransform_float_3_3
Parameters: 0.999997 -0.0021579 -0.00120038 0.0021561 0.999998 -0.000752591 0.00120162 0.00074941 0.999999 0.0545124 0.0335883 0.0594843
FixedParameters: 0 0 0

#Transform 87
Transform: AffineTransform_float_3_3
Parameters: 0.999997 -0.00187568 -0.00114388 0.00187531 0.999998 -0.000599147 0.00114512 0.000597854 0.999999 0.0528362 0.0532954 0.0292373
FixedParameters: 0 0 0

#Transform 88
Transform: AffineTransform_float_3_3
Parameters: 0.999997 -0.00214779 -0.00131771 0.00214621 0.999998 -0.00059983 0.00131928 0.000597169 0.999999 0.0165008 0.0856502 -0.072047
FixedParameters: 0 0 0

#Transform 89
Transform: AffineTransform_float_3_3
Parameters: 0.999997 -0.00206879 -0.00076989 0.00206821 0.999998 -0.0010206 0.00077211 0.00101941 0.999999 0.0225029 0.0479543 -0.117777
FixedParameters: 0 0 0

#Transform 90
Transform: AffineTransform_float_3_3
Parameters: 0.999996 -0.00228792 -0.00114316 0.00228708 0.999997 -0.000803617 0.00114584 0.000801381 0.999999 0.0359128 -0.0298988 -0.0593273
FixedParameters: 0 0 0

#Transform 91
Transform: AffineTransform_float_3_3
Parameters: 0.999996 -0.00223644 -0.00141572 0.00223456 0.999997 -0.00102017 0.00141728 0.00101683 0.999999 0.0348782 -0.0047608 -0.0289538
FixedParameters: 0 0 0

#Transform 92
Transform: AffineTransform_float_3_3
Parameters: 0.999997 -0.00212678 -0.000484584 0.00212622 0.999997 -0.00160703 0.000488416 0.00160597 0.999998 0.0301884 0.0482732 -0.112876
FixedParameters: 0 0 0

#Transform 93
Transform: AffineTransform_float_3_3
Parameters: 0.999997 -0.00228792 -0.000728125 0.00228708 0.999996 -0.00125767 0.000730876 0.00125633 0.999999 0.0295307 0.0356072 -0.0547548
FixedParameters: 0 0 0

#Transform 94
Transform: AffineTransform_float_3_3
Parameters: 0.999997 -0.00182775 -0.0011438 0.00182725 0.999998 -0.000655092 0.00114519 0.000652909 0.999999 0.0527778 -0.0229061 0.00509173
FixedParameters: 0 0 0

#Transform 95
Transform: AffineTransform_float_3_3
Parameters: 0.999997 -0.00200316 -0.00136329 0.00200184 0.999997 -0.000852731 0.00136471 0.000850268 0.999998 0.0371911 0.057445 0.0132876
FixedParameters: 0 0 0

#Transform 96
Transform: AffineTransform_float_3_3
Parameters: 0.999997 -0.00235971 -0.00087008 0.00235829 0.999997 -0.000815055 0.00087192 0.000812945 1 0.0472226 0.0978217 -0.0317604
FixedParameters: 0 0 0

#Transform 97
Transform: AffineTransform_float_3_3
Parameters: 0.999996 -0.00236012 -0.00114268 0.00235888 0.999996 -0.000982698 0.00114532 0.0009803 0.999999 0.0487565 0.0116158 0.0200406
FixedParameters: 0 0 0

#Transform 98
Transform: AffineTransform_float_3_3
Parameters: 0.999997 -0.00201084 -0.00125466 0.00201016 0.999998 -0.000669524 0.00125634 0.000667475 0.999999 0.0564873 0.0149269 0.0228182
FixedParameters: 0 0 0

#Transform 99
Transform: AffineTransform_float_3_3
Parameters: 0.999998 -0.00195249 -0.00114246 0.00195151 0.999998 -0.00130023 0.00114554 0.00129777 0.999998 0.0402528 0.0671721 -0.0377558
FixedParameters: 0 0 0

#Transform 100
Transform: AffineTransform_float_3_3
Parameters: 0.999997 -0.00231179 -0.000971118 0.00231021 0.999997 -0.000815246 0.000972881 0.000812754 0.999999 0.0354697 0.0654191 -0.024441
FixedParameters: 0 0 0

#Transform 101
Transform: AffineTransform_float_3_3
Parameters: 0.999997 -0.00211406 -0.00139639 0.00211294 0.999998 -0.000760953 0.0013976 0.000758048 0.999998 0.0369147 -0.0103487 0.00891415
FixedParameters: 0 0 0

#Transform 102
Transform: AffineTransform_float_3_3
Parameters: 0.999998 -0.00184832 -0.00139626 0.00184668 0.999998 -0.00094358 0.00139774 0.000940419 0.999998 0.0428984 0.04902 0.00939431
FixedParameters: 0 0 0

#Transform 103
Transform: AffineTransform_float_3_3
Parameters: 0.999997 -0.00209691 -0.00109727 0.0020961 0.999998 -0.000826303 0.00109873 0.000823699 0.999999 0.0270916 0.0713704 -0.0821381
FixedParameters: 0 0 0

#Transform 104
Transform: AffineTransform_float_3_3
Parameters: 0.999997 -0.00229898 -0.000997749 0.00229802 0.999997 -0.000980296 0.00099925 0.000977706 0.999999 0.0315297 0.019247 -0.0550931
FixedParameters: 0 0 0

#Transform 105
Transform: AffineTransform_float_3_3
Parameters: 0.999998 -0.00223711 -0.000660266 0.0022359 0.999996 -0.00167048 0.000663736 0.00166952 0.999999 0.0870158 -0.0212489 -0.0188895
FixedParameters: 0 0 0

#Transform 106
Transform: AffineTransform_float_3_3
Parameters: 0.999994 -0.00329868 -0.000845605 0.00329532 0.999989 -0.0031538 0.000856393 0.00315119 0.999994 0.128645 0.132324 0.146376
FixedParameters: 0 0 0

#Transform 107
Transform: AffineTransform_float_3_3
Parameters: 0.999995 -0.00285941 -0.000909462 0.00285759 0.999992 -0.00263861 0.00091754 0.00263639 0.999996 0.114751 -0.00720524 0.132003
FixedParameters: 0 0 0

#Transform 108
Transform: AffineTransform_float_3_3
Parameters: 0.999997 -0.002533 -0.000954721 0.002531 0.999994 -0.00208642 0.000960279 0.00208358 0.999998 0.1317 0.0237079 0.0827521
FixedParameters: 0 0 0

#Transform 109
Transform: AffineTransform_float_3_3
Parameters: 0.999994 -0.00324827 -0.000193422 0.00324872 0.999993 -0.00140964 0.00019858 0.00140936 0.999999 0.161707 0.0439363 -0.112875
FixedParameters: 0 0 0

#Transform 110
Transform: AffineTransform_float_3_3
Parameters: 0.999994 -0.00362094 -0.00051253 0.00361907 0.999987 -0.00372188 0.000525471 0.00372012 0.999993 0.231197 -0.0437709 0.427492
FixedParameters: 0 0 0

#Transform 111
Transform: AffineTransform_float_3_3
Parameters: 0.999994 -0.00323145 -0.000393286 0.00322955 0.999988 -0.00362629 0.000404711 0.00362471 0.999994 0.213613 -0.0600916 0.580906
FixedParameters: 0 0 0

#Transform 112
Transform: AffineTransform_float_3_3
Parameters: 0.999994 -0.00329889 0.000340877 0.0033001 0.999989 -0.0032959 -0.000330123 0.00329711 0.999995 0.202523 0.0783064 0.403388
FixedParameters: 0 0 0

#Transform 113
Transform: AffineTransform_float_3_3
Parameters: 0.999995 -0.00326515 0.000548148 0.00326685 0.999989 -0.00341223 -0.000536851 0.00341477 0.999994 0.192607 -0.020822 0.362288
FixedParameters: 0 0 0

#Transform 114
Transform: AffineTransform_float_3_3
Parameters: 0.999995 -0.00321389 3.75673e-05 0.00321411 0.99999 -0.0032879 -2.74319e-05 0.00328811 0.999994 0.161004 -0.00445286 -0.00605238
FixedParameters: 0 0 0

#Transform 115
Transform: AffineTransform_float_3_3
Parameters: 0.999994 -0.00327311 0.000301849 0.00327489 0.99999 -0.00300803 -0.000292149 0.00300897 0.999996 0.153682 0.0149169 -0.0782344
FixedParameters: 0 0 0

#Transform 116
Transform: AffineTransform_float_3_3
Parameters: 0.999995 -0.00298998 -0.000224281 0.00298902 0.999987 -0.00425469 0.000236716 0.00425331 0.999991 0.162349 -0.100256 -0.0509657
FixedParameters: 0 0 0

#Transform 117
Transform: AffineTransform_float_3_3
Parameters: 0.999994 -0.00327477 0.00037002 0.00327522 0.999989 -0.00336381 -0.000358982 0.00336519 0.999995 0.162323 -0.040696 -0.141779
FixedParameters: 0 0 0

#Transform 118
Transform: AffineTransform_float_3_3
Parameters: 0.999995 -0.00305764 -0.000392471 0.00305637 0.999987 -0.00409922 0.000404533 0.00409878 0.999991 0.205872 -0.129348 -0.0179022
FixedParameters: 0 0 0

#Transform 119
Transform: AffineTransform_float_3_3
Parameters: 0.999994 -0.00325265 0.000369074 0.00325435 0.999988 -0.00371082 -0.000356924 0.00371218 0.999993 0.199692 -0.029387 -0.0876162
FixedParameters: 0 0 0

#Transform 120
Transform: AffineTransform_float_3_3
Parameters: 0.999992 -0.00382832 0.000147047 0.00382868 0.999981 -0.00497447 -0.000127957 0.00497453 0.999987 0.195729 -0.00446745 0.107872
FixedParameters: 0 0 0

#Transform 121
Transform: AffineTransform_float_3_3
Parameters: 0.999995 -0.00313886 -0.000155438 0.00313814 0.999981 -0.00527751 0.000171565 0.00527749 0.999986 0.191233 -0.0721449 0.256915
FixedParameters: 0 0 0

#Transform 122
Transform: AffineTransform_float_3_3
Parameters: 0.999994 -0.00330068 0.000337164 0.00330131 0.999986 -0.00398691 -0.000323838 0.00398809 0.999992 0.146201 0.0120472 -0.0242297
FixedParameters: 0 0 0

#Transform 123
Transform: AffineTransform_float_3_3
Parameters: 0.999996 -0.00270869 0.000957406 0.00271231 0.999991 -0.00346942 -0.000947593 0.00347158 0.999993 0.1465 0.0151019 -0.0581468
FixedParameters: 0 0 0

#Transform 124
Transform: AffineTransform_float_3_3
Parameters: 0.999996 -0.00301082 0.000473572 0.00301218 0.999993 -0.00251359 -0.00046543 0.00251441 0.999996 0.148844 -0.072301 0.285916
FixedParameters: 0 0 0

#Transform 125
Transform: AffineTransform_float_3_3
Parameters: 0.999995 -0.00319806 -2.07243e-05 0.00319894 0.999993 -0.00227508 2.82776e-05 0.00227492 0.999998 0.20009 0.0519484 0.414575
FixedParameters: 0 0 0

#Transform 126
Transform: AffineTransform_float_3_3
Parameters: 0.999994 -0.00341346 0.000399613 0.00341454 0.999994 -0.00135064 -0.000395385 0.00135236 0.999999 0.178684 0.122345 0.115609
FixedParameters: 0 0 0

#Transform 127
Transform: AffineTransform_float_3_3
Parameters: 0.999996 -0.00303885 0.000247834 0.00303915 0.999995 -0.00060325 -0.000246166 0.000603751 1 0.180242 0.0400436 0.0651124
FixedParameters: 0 0 0

#Transform 128
Transform: AffineTransform_float_3_3
Parameters: 0.999996 -0.00288068 0.000173372 0.00288132 0.999994 -0.00186451 -0.000167626 0.00186549 0.999998 0.175786 -0.00170564 0.178217
FixedParameters: 0 0 0

#Transform 129
Transform: AffineTransform_float_3_3
Parameters: 0.999995 -0.00313455 0.000247742 0.00313545 0.999994 -0.00183123 -0.000241255 0.00183277 0.999999 0.155825 0.0388292 -0.0127183
FixedParameters: 0 0 0

#Transform 130
Transform: AffineTransform_float_3_3
Parameters: 0.999995 -0.00314493 0.000584769 0.00314607 0.999994 -0.00183317 -0.000579231 0.00183483 0.999998 0.145854 0.0376147 0.0280575
FixedParameters: 0 0 0

#Transform 131
Transform: AffineTransform_float_3_3
Parameters: 0.999996 -0.00274289 -0.00072691 0.00274111 0.999993 -0.002587 0.000734091 0.002585 0.999997 0.16968 -0.0134854 0.0744572
FixedParameters: 0 0 0

#Transform 132
Transform: AffineTransform_float_3_3
Parameters: 0.999996 -0.00300973 0.000419225 0.00301027 0.999991 -0.00306375 -0.000409777 0.00306525 0.999995 0.153741 0.0439131 0.0170276
FixedParameters: 0 0 0

#Transform 133
Transform: AffineTransform_float_3_3
Parameters: 0.999994 -0.00364728 -0.000332911 0.00364472 0.999971 -0.00660726 0.000357086 0.00660574 0.999978 0.155677 0.0979898 0.278519
FixedParameters: 0 0 0

#Transform 134
Transform: AffineTransform_float_3_3
Parameters: 0.999993 -0.00352804 0.000326584 0.00352896 0.99999 -0.00299887 -0.000315416 0.00300013 0.999996 0.224309 -0.162267 0.295961
FixedParameters: 0 0 0

#Transform 135
Transform: AffineTransform_float_3_3
Parameters: 0.999993 -0.0036619 0.000512744 0.00366211 0.999994 -0.000202124 -0.000512257 0.000203877 1 0.236003 0.0344958 0.425813
FixedParameters: 0 0 0

#Transform 136
Transform: AffineTransform_float_3_3
Parameters: 0.999994 -0.00330992 0.00115499 0.00331108 0.999993 -0.00180619 -0.00114902 0.00180981 0.999997 0.214919 0.0709382 0.264905
FixedParameters: 0 0 0

#Transform 137
Transform: AffineTransform_float_3_3
Parameters: 0.999995 -0.00324144 0.000891683 0.00324356 0.999993 -0.00175112 -0.000886318 0.00175388 0.999998 0.201947 0.112274 0.216314
FixedParameters: 0 0 0

#Transform 138
Transform: AffineTransform_float_3_3
Parameters: 0.999995 -0.00288457 0.00123868 0.00288643 0.999994 -0.00196543 -0.00123333 0.00196857 0.999998 0.205955 -0.0139989 0.238808
FixedParameters: 0 0 0

#Transform 139
Transform: AffineTransform_float_3_3
Parameters: 0.999996 -0.00260476 0.00099524 0.00260524 0.999996 -0.00124241 -0.000992762 0.00124459 0.999998 0.178729 0.0575438 0.123743
FixedParameters: 0 0 0

#Transform 140
Transform: AffineTransform_float_3_3
Parameters: 0.999996 -0.00261891 0.000991538 0.00262109 0.999995 -0.00211241 -0.000986463 0.00211459 0.999998 0.188448 0.0615559 0.240643
FixedParameters: 0 0 0

#Transform 141
Transform: AffineTransform_float_3_3
Parameters: 0.999997 -0.0020311 0.00126567 0.00203391 0.999996 -0.00229743 -0.00126133 0.00230057 0.999996 0.176509 0.0377555 0.246057
FixedParameters: 0 0 0

#Transform 142
Transform: AffineTransform_float_3_3
Parameters: 0.999996 -0.00268733 0.00132037 0.00268767 0.999997 -0.000506454 -0.00131963 0.000510549 0.999999 0.125048 0.211111 0.0689851
FixedParameters: 0 0 0

#Transform 143
Transform: AffineTransform_float_3_3
Parameters: 0.999993 -0.00328479 0.00133745 0.00328721 0.999993 -0.00165661 -0.00133155 0.00166038 0.999997 0.146468 0.0398512 0.12064
FixedParameters: 0 0 0

#Transform 144
Transform: AffineTransform_float_3_3
Parameters: 0.999995 -0.00241921 0.00174826 0.00242379 0.999994 -0.00216977 -0.00174274 0.00217423 0.999996 0.138391 -0.0423049 0.16259
FixedParameters: 0 0 0

#Transform 145
Transform: AffineTransform_float_3_3
Parameters: 0.999996 -0.00217354 0.00213059 0.00217846 0.999995 -0.00256537 -0.00212442 0.00256963 0.999995 0.132026 0.0236539 0.0805653
FixedParameters: 0 0 0

#Transform 146
Transform: AffineTransform_float_3_3
Parameters: 0.999995 -0.00287572 0.00175007 0.00288029 0.999993 -0.00245197 -0.00174294 0.00245603 0.999996 0.14585 0.0308444 0.0568419
FixedParameters: 0 0 0

#Transform 147
Transform: AffineTransform_float_3_3
Parameters: 0.999995 -0.00268889 0.00172187 0.00269211 0.999994 -0.00180737 -0.00171613 0.00181162 0.999997 0.148024 -0.0108144 0.20719
FixedParameters: 0 0 0

#Transform 148
Transform: AffineTransform_float_3_3
Parameters: 0.999995 -0.00321224 0.000975134 0.00321476 0.999991 -0.00284088 -0.000965866 0.00284412 0.999995 0.144751 0.0176306 0.158885
FixedParameters: 0 0 0

#Transform 149
Transform: AffineTransform_float_3_3
Parameters: 0.999993 -0.00337553 0.00197041 0.00338048 0.999991 -0.00278136 -0.0019606 0.00278764 0.999994 0.140653 0.0359847 -0.00583591
FixedParameters: 0 0 0

#Transform 150
Transform: AffineTransform_float_3_3
Parameters: 0.999992 -0.00381627 0.000972807 0.00381873 0.999991 -0.0017813 -0.00096619 0.0017857 0.999998 0.143227 -0.0359429 0.111371
FixedParameters: 0 0 0

#Transform 151
Transform: AffineTransform_float_3_3
Parameters: 0.999992 -0.00369733 0.000976153 0.00369967 0.99999 -0.00274341 -0.000965848 0.00274659 0.999996 0.159385 -0.000139448 0.137097
FixedParameters: 0 0 0

#Transform 152
Transform: AffineTransform_float_3_3
Parameters: 0.999993 -0.00342894 0.00190693 0.00343506 0.999989 -0.00318247 -0.00189607 0.00318953 0.999993 0.134389 0.0111171 -0.0175961
FixedParameters: 0 0 0

#Transform 153
Transform: AffineTransform_float_3_3
Parameters: 0.999993 -0.00338017 0.00155835 0.00338384 0.999991 -0.00246574 -0.00155065 0.00247026 0.999995 0.151421 -0.0136969 0.0136338
FixedParameters: 0 0 0

#Transform 154
Transform: AffineTransform_float_3_3
Parameters: 0.999993 -0.00338587 0.00142745 0.00338913 0.999992 -0.00219618 -0.00142055 0.00220082 0.999996 0.158831 -0.0576427 0.0509431
FixedParameters: 0 0 0

#Transform 155
Transform: AffineTransform_float_3_3
Parameters: 0.999991 -0.00358743 0.00201296 0.00359357 0.999989 -0.00277079 -0.00200304 0.00277821 0.999994 0.141106 -0.00320264 -0.0194266
FixedParameters: 0 0 0

#Transform 156
Transform: AffineTransform_float_3_3
Parameters: 0.99999 -0.00397449 0.0016489 0.00397951 0.999989 -0.00273846 -0.00163809 0.00274554 0.999995 0.127179 -0.0525378 0.0269731
FixedParameters: 0 0 0

#Transform 157
Transform: AffineTransform_float_3_3
Parameters: 0.999992 -0.00357847 0.00172343 0.00358253 0.99999 -0.00263085 -0.00171457 0.00263716 0.999995 0.149397 -0.070583 -0.0731531
FixedParameters: 0 0 0

#Transform 158
Transform: AffineTransform_float_3_3
Parameters: 0.99999 -0.00404288 0.00186116 0.00404812 0.999988 -0.00275549 -0.00184984 0.00276351 0.999995 0.132354 -0.0701085 -0.109926
FixedParameters: 0 0 0

#Transform 159
Transform: AffineTransform_float_3_3
Parameters: 0.999992 -0.00381434 0.00169253 0.00381866 0.999989 -0.00275656 -0.00168247 0.00276344 0.999995 0.146875 -0.050796 -0.0909993
FixedParameters: 0 0 0

#Transform 160
Transform: AffineTransform_float_3_3
Parameters: 0.999992 -0.00353801 0.00151897 0.00354098 0.999992 -0.00196764 -0.00151202 0.00197336 0.999997 0.156483 -0.119655 0.186367
FixedParameters: 0 0 0

#Transform 161
Transform: AffineTransform_float_3_3
Parameters: 0.99999 -0.00394105 0.00240755 0.00394195 0.999992 -0.000389514 -0.00240545 0.000398484 0.999997 0.148785 -0.0415767 0.313728
FixedParameters: 0 0 0

#Transform 162
Transform: AffineTransform_float_3_3
Parameters: 0.999992 -0.0036781 0.00168833 0.0036809 0.999991 -0.0017178 -0.00168267 0.0017242 0.999997 0.150303 -0.0267589 0.0745456
FixedParameters: 0 0 0

#Transform 163
Transform: AffineTransform_float_3_3
Parameters: 0.999992 -0.00357762 0.00178878 0.00358138 0.99999 -0.00245061 -0.00178022 0.00245639 0.999996 0.125823 -0.0214448 -0.0826689
FixedParameters: 0 0 0

#Transform 164
Transform: AffineTransform_float_3_3
Parameters: 0.999991 -0.00364538 0.00222822 0.00365062 0.99999 -0.00252289 -0.00221978 0.00253112 0.999995 0.128147 0.00967896 -0.0545548
FixedParameters: 0 0 0

#Transform 165
Transform: AffineTransform_float_3_3
Parameters: 0.999992 -0.00343178 0.001996 0.00343722 0.99999 -0.00261816 -0.00198699 0.00262584 0.999994 0.132206 -0.0841598 -0.0183723
FixedParameters: 0 0 0

#Transform 166
Transform: AffineTransform_float_3_3
Parameters: 0.999993 -0.00332538 0.00203422 0.00333062 0.99999 -0.00276525 -0.00202479 0.00277175 0.999994 0.140339 -0.0397327 -0.0270778
FixedParameters: 0 0 0

#Transform 167
Transform: AffineTransform_float_3_3
Parameters: 0.999991 -0.00374438 0.00208831 0.00374863 0.999991 -0.00221519 -0.00207969 0.00222281 0.999996 0.115703 -0.0273874 -0.0843019
FixedParameters: 0 0 0

#Transform 168
Transform: AffineTransform_float_3_3
Parameters: 0.999992 -0.00380335 0.00163553 0.00380666 0.99999 -0.00223779 -0.00162647 0.00224421 0.999996 0.124757 -0.0702047 -0.0895061
FixedParameters: 0 0 0

#Transform 169
Transform: AffineTransform_float_3_3
Parameters: 0.999992 -0.00363829 0.00176283 0.00364371 0.999988 -0.0032466 -0.00175117 0.0032524 0.999993 0.12797 -0.0513466 -0.133801
FixedParameters: 0 0 0

#Transform 170
Transform: AffineTransform_float_3_3
Parameters: 0.999992 -0.00354449 0.00179988 0.00355051 0.999987 -0.00362864 -0.00178712 0.00363536 0.999992 0.128671 -0.070538 -0.0321224
FixedParameters: 0 0 0

#Transform 171
Transform: AffineTransform_float_3_3
Parameters: 0.999993 -0.00342639 0.001625 0.0034326 0.999986 -0.00407845 -0.001611 0.00408455 0.999991 0.138431 -0.122249 0.0163546
FixedParameters: 0 0 0

#Transform 172
Transform: AffineTransform_float_3_3
Parameters: 0.999993 -0.0033668 0.00158325 0.00337219 0.999986 -0.00392769 -0.00156976 0.00393331 0.999991 0.140896 -0.0634524 -0.0414892
FixedParameters: 0 0 0

#Transform 173
Transform: AffineTransform_float_3_3
Parameters: 0.999993 -0.0037584 0.00106085 0.00376161 0.999987 -0.00341503 -0.00104815 0.00341896 0.999993 0.143176 -0.0469744 -0.0753696
FixedParameters: 0 0 0

#Transform 174
Transform: AffineTransform_float_3_3
Parameters: 0.999992 -0.00371509 0.00181437 0.00372391 0.999981 -0.00493429 -0.00179563 0.00494171 0.999986 0.131815 -0.0760989 -0.116179
FixedParameters: 0 0 0

#Transform 175
Transform: AffineTransform_float_3_3
Parameters: 0.999989 -0.00419094 0.00219935 0.00420006 0.999982 -0.00413181 -0.00218164 0.00414119 0.999989 0.0877833 -0.0522051 -0.110393
FixedParameters: 0 0 0

#Transform 176
Transform: AffineTransform_float_3_3
Parameters: 0.999984 -0.00396882 0.00386973 0.00398717 0.999981 -0.00469965 -0.00385127 0.00471536 0.999982 0.0523752 -0.0795412 -0.117085
FixedParameters: 0 0 0

#Transform 177
Transform: AffineTransform_float_3_3
Parameters: 0.999982 -0.00395185 0.00437974 0.00397815 0.999974 -0.00597868 -0.00435625 0.00599632 0.999972 0.0761038 -0.0807508 -0.210543
FixedParameters: 0 0 0

#Transform 178
Transform: AffineTransform_float_3_3
Parameters: 0.999984 -0.00406475 0.00397407 0.00409225 0.999968 -0.00687385 -0.00394593 0.00689015 0.999969 0.122331 -0.128942 -0.179564
FixedParameters: 0 0 0

#Transform 179
Transform: AffineTransform_float_3_3
Parameters: 0.999985 -0.00378488 0.00397106 0.00381112 0.999971 -0.00659097 -0.00394594 0.00660604 0.999971 0.131092 -0.164525 -0.244739
FixedParameters: 0 0 0

#Transform 180
Transform: AffineTransform_float_3_3
Parameters: 0.999987 -0.00448171 0.00241657 0.00449629 0.999969 -0.00635921 -0.00238843 0.00636978 0.999977 0.149476 -0.0550461 -0.267832
FixedParameters: 0 0 0

#Transform 181
Transform: AffineTransform_float_3_3
Parameters: 0.999987 -0.00415751 0.00273226 0.00417349 0.999973 -0.00605867 -0.00270674 0.00606933 0.999978 0.147928 -0.166229 -0.120607
FixedParameters: 0 0 0

#Transform 182
Transform: AffineTransform_float_3_3
Parameters: 0.999987 -0.00432899 0.0024169 0.00434501 0.999969 -0.00665758 -0.0023881 0.00666842 0.999975 0.153627 -0.0753025 -0.283006
FixedParameters: 0 0 0

#Transform 183
Transform: AffineTransform_float_3_3
Parameters: 0.999988 -0.00420179 0.0027332 0.00422021 0.999968 -0.00669155 -0.0027048 0.00670345 0.999974 0.129092 -0.128756 -0.144355
FixedParameters: 0 0 0

#Transform 184
Transform: AffineTransform_float_3_3
Parameters: 0.999988 -0.00387563 0.00275559 0.00389336 0.999973 -0.00632535 -0.00273041 0.00633566 0.999976 0.141106 -0.119849 -0.143306
FixedParameters: 0 0 0

#Transform 185
Transform: AffineTransform_float_3_3
Parameters: 0.999987 -0.00402697 0.00308274 0.00404203 0.99998 -0.0048856 -0.00306327 0.0048974 0.999984 0.13434 -0.0370296 -0.220917
FixedParameters: 0 0 0

#Transform 186
Transform: AffineTransform_float_3_3
Parameters: 0.999987 -0.00415322 0.00298687 0.00417077 0.999973 -0.00596862 -0.00296213 0.00598138 0.999977 0.133632 -0.130653 -0.142131
FixedParameters: 0 0 0

#Transform 187
Transform: AffineTransform_float_3_3
Parameters: 0.999988 -0.00412732 0.0027143 0.00413767 0.999983 -0.00393881 -0.0026977 0.00395018 0.999988 0.134095 -0.0734768 -0.201609
FixedParameters: 0 0 0

#Transform 188
Transform: AffineTransform_float_3_3
