# transform file /out/sourcedata/freesurfer/sub-v1s22x0050457_ses-1/mri/transforms/cc_up.lta
# created by oesteban on Mon Mar  9 14:01:09 2026

type      = 0 # LINEAR_VOX_TO_VOX
nxforms   = 1
mean      = 128.0000 102.0000 108.0000
sigma     = 10000.0000
1 4 4
9.990853071212769e-01 3.678072243928909e-02 2.181305736303329e-02 -5.118289470672607e+00 
-3.677196055650711e-02 9.993234276771545e-01 -8.028431911952794e-04 4.684127426147461e+01 
-2.182782627642155e-02 -5.820766091346741e-11 9.997617602348328e-01 3.581660079956055e+01 
0.000000000000000e+00 0.000000000000000e+00 0.000000000000000e+00 1.000000000000000e+00 
src volume info
valid = 1  # volume info valid
filename = /out/sourcedata/freesurfer/sub-v1s22x0050457_ses-1/mri/norm.mgz
volume = 256 256 256
voxelsize = 1.000000000000000e+00 1.000000000000000e+00 1.000000000000000e+00
xras   = -1.000000000000000e+00 0.000000000000000e+00 0.000000000000000e+00
yras   = 0.000000000000000e+00 0.000000000000000e+00 -1.000000000000000e+00
zras   = 0.000000000000000e+00 1.000000000000000e+00 0.000000000000000e+00
cras   = 5.991821289062500e-01 4.140788269042969e+01 -8.193939208984375e+00
dst volume info
valid = 1  # volume info valid
filename = /out/sourcedata/freesurfer/sub-v1s22x0050457_ses-1/mri/norm.mgz
volume = 256 256 256
voxelsize = 1.000000000000000e+00 1.000000000000000e+00 1.000000000000000e+00
xras   = -1.000000000000000e+00 0.000000000000000e+00 0.000000000000000e+00
yras   = 0.000000000000000e+00 0.000000000000000e+00 -1.000000000000000e+00
zras   = 0.000000000000000e+00 1.000000000000000e+00 0.000000000000000e+00
cras   = 5.991821289062500e-01 4.140788269042969e+01 -8.193939208984375e+00
