#Insight Transform File V1.0
#Transform 0
Transform: AffineTransform_float_3_3
Parameters: 0.999999 0.00131688 0.000352221 -0.00131812 0.999994 0.00320354 -0.000348778 -0.00320446 0.999995 -0.116672 0.0129796 -0.0199093
FixedParameters: 0 0 0

#Transform 1
Transform: AffineTransform_float_3_3
Parameters: 0.999999 0.00122332 -0.000131058 -0.00122268 0.999997 0.00240516 0.000133941 -0.00240484 0.999997 -0.0797083 0.0266796 -0.0798658
FixedParameters: 0 0 0

#Transform 2
Transform: AffineTransform_float_3_3
Parameters: 0.999999 0.00122201 0.000375253 -0.00122299 0.999995 0.00266054 -0.000371747 -0.00266146 0.999997 -0.0961191 0.000377745 -0.039583
FixedParameters: 0 0 0

#Transform 3
Transform: AffineTransform_float_3_3
Parameters: 0.999999 0.000776967 1.66231e-05 -0.000777032 0.999998 0.00208899 -1.43768e-05 -0.00208901 0.999998 -0.0805025 0.0354651 -0.0326236
FixedParameters: 0 0 0

#Transform 4
Transform: AffineTransform_float_3_3
Parameters: 0.999999 0.000776839 8.84256e-05 -0.00077716 0.999998 0.00183493 -8.6574e-05 -0.00183507 0.999999 -0.0597823 0.0246162 -0.0559965
FixedParameters: 0 0 0

#Transform 5
Transform: AffineTransform_float_3_3
Parameters: 1 0.00049097 1.59555e-05 -0.00049103 0.999998 0.00194599 -1.50445e-05 -0.00194601 0.999998 -0.061889 0.0099038 -0.0383642
FixedParameters: 0 0 0

#Transform 6
Transform: AffineTransform_float_3_3
Parameters: 1 0.000358192 -0.000121435 -0.000357809 0.999998 0.00157704 0.000121564 -0.00157696 0.999998 -0.0478403 0.0208278 -0.0279683
FixedParameters: 0 0 0

#Transform 7
Transform: AffineTransform_float_3_3
Parameters: 1 0.000357978 1.55091e-05 -0.000358021 0.999999 0.00142199 -1.44909e-05 -0.00142201 0.999999 -0.0597012 0.0110465 -0.0414392
FixedParameters: 0 0 0

#Transform 8
Transform: AffineTransform_float_3_3
Parameters: 1 0.000357794 0.000111662 -0.000357205 0.999998 0.00184996 -0.000110339 -0.00185004 0.999999 -0.0399715 -0.0105748 -0.0534354
FixedParameters: 0 0 0

#Transform 9
Transform: AffineTransform_float_3_3
Parameters: 1 -5.60245e-05 1.49083e-05 5.59754e-05 0.999998 0.001637 -1.50916e-05 -0.001637 0.999998 -0.0384888 -0.00597256 -0.036065
FixedParameters: 0 0 0

#Transform 10
Transform: AffineTransform_float_3_3
Parameters: 1 -5.60156e-05 1.49419e-05 5.59844e-05 1 0.001038 -1.50581e-05 -0.001038 1 -0.0182886 0.0029249 -0.0525019
FixedParameters: 0 0 0

#Transform 11
Transform: AffineTransform_float_3_3
Parameters: 1 3.29783e-05 1.50477e-05 -3.30217e-05 0.999999 0.001446 -1.49523e-05 -0.001446 0.999999 -0.00823189 -0.0272434 -0.0420246
FixedParameters: 0 0 0

#Transform 12
Transform: AffineTransform_float_3_3
Parameters: 1 -5.61172e-05 6.59005e-05 5.58845e-05 0.999999 0.00177601 -6.50994e-05 -0.001776 0.999999 -0.0193036 -0.0199977 -0.041564
FixedParameters: 0 0 0

#Transform 13
Transform: AffineTransform_float_3_3
Parameters: 1 -5.61002e-05 8.89369e-05 5.58998e-05 1 0.00112601 -8.9063e-05 -0.001126 1 0.011469 -0.0128366 -0.030281
FixedParameters: 0 0 0

#Transform 14
Transform: AffineTransform_float_3_3
Parameters: 1 -0.000138022 1.47933e-05 0.000137977 0.999999 0.001498 -1.52067e-05 -0.001498 0.999999 0.0124611 -0.0187526 -0.00868404
FixedParameters: 0 0 0

#Transform 15
Transform: AffineTransform_float_3_3
Parameters: 1 -5.60247e-05 1.49074e-05 5.59751e-05 0.999998 0.001653 -1.50925e-05 -0.001653 0.999998 0.0145446 -0.00876659 -0.0184459
FixedParameters: 0 0 0

#Transform 16
Transform: AffineTransform_float_3_3
Parameters: 1 -5.58821e-05 -9.30709e-05 5.61178e-05 0.999999 0.001267 9.2929e-05 -0.00126701 0.999999 0.00719821 -0.006704 -0.0379307
FixedParameters: 0 0 0

#Transform 17
Transform: AffineTransform_float_3_3
Parameters: 1 -5.60183e-05 1.49314e-05 5.59816e-05 0.999999 0.001224 -1.50685e-05 -0.001224 1 0.0144933 -0.00397295 -0.022014
FixedParameters: 0 0 0

#Transform 18
Transform: AffineTransform_float_3_3
Parameters: 1 -5.60136e-05 1.49489e-05 5.59863e-05 0.999999 0.000912 -1.50511e-05 -0.000911998 0.999999 0.00505544 -0.00401998 -0.0101496
FixedParameters: 0 0 0

#Transform 19
Transform: AffineTransform_float_3_3
Parameters: 1 3.09906e-06 -0.000157998 -2.90093e-06 1 0.000627 0.000158002 -0.000626999 1 0.0148021 -0.00647443 -0.0377889
FixedParameters: 0 0 0

#Transform 20
Transform: AffineTransform_float_3_3
Parameters: 1 -5.60789e-05 7.29395e-05 5.59211e-05 1 0.001081 -7.30605e-05 -0.001081 1 0.00390927 -0.0268029 -0.0101647
FixedParameters: 0 0 0

#Transform 21
Transform: AffineTransform_float_3_3
Parameters: 1 -5.60144e-05 1.49459e-05 5.59855e-05 0.999999 0.000966 -1.50541e-05 -0.000965998 0.999999 0.00506209 -0.00367917 -0.0325793
FixedParameters: 0 0 0

#Transform 22
Transform: AffineTransform_float_3_3
Parameters: 1 -5.57852e-05 -0.00040303 5.62148e-05 1 0.000532977 0.00040297 -0.000533022 1 0.0331778 0.00490943 -0.0646039
FixedParameters: 0 0 0

#Transform 23
Transform: AffineTransform_float_3_3
Parameters: 1 4.19852e-05 1.50412e-05 -4.20147e-05 0.999999 0.000980998 -1.49588e-05 -0.000981 0.999999 0.0276084 -0.00404417 -0.0221157
FixedParameters: 0 0 0

#Transform 24
Transform: AffineTransform_float_3_3
Parameters: 1 0.000186162 -0.000286895 -0.000186838 1 0.000564053 0.000287105 -0.000563946 1 0.037715 0.00412095 -0.0284836
FixedParameters: 0 0 0

#Transform 25
Transform: AffineTransform_float_3_3
Parameters: 1 0.000437014 -0.000414985 -0.000436985 1 3.51813e-05 0.000415015 -3.48186e-05 1 0.0341027 0.0145184 -0.0383416
FixedParameters: 0 0 0

#Transform 26
Transform: AffineTransform_float_3_3
Parameters: 1 0.00029001 -0.00014198 -0.00028999 1 6.80412e-05 0.00014202 -6.79588e-05 1 0.00267996 -6.91216e-05 -0.00245892
FixedParameters: 0 0 0

#Transform 27
Transform: AffineTransform_float_3_3
Parameters: 1 0.000314833 -0.000593088 -0.000315166 1 -0.000280813 0.000592911 0.000281187 1 0.02202 0.0208599 -0.0266389
FixedParameters: 0 0 0

#Transform 28
Transform: AffineTransform_float_3_3
Parameters: 1 0.000482924 -0.000482076 -0.000483076 1 -0.000157767 0.000481923 0.000158233 1 0.0237338 -0.0221761 -0.0301486
FixedParameters: 0 0 0

#Transform 29
Transform: AffineTransform_float_3_3
Parameters: 0.999999 0.000843973 -0.000121181 -0.000844026 0.999999 -0.000214898 0.000121818 0.000215103 1 0.00818866 0.0127087 -0.000592657
FixedParameters: 0 0 0

#Transform 30
Transform: AffineTransform_float_3_3
Parameters: 1 0.0010546 -0.000595706 -0.0010554 0.999999 -0.000669372 0.000595293 0.000670628 0.999999 0.0330614 -0.00858312 -0.0114061
FixedParameters: 0 0 0

#Transform 31
Transform: AffineTransform_float_3_3
Parameters: 0.999999 0.00118485 -0.00031258 -0.00118415 0.999999 -0.00048963 0.00031242 0.000490371 1 0.0216283 0.0191389 -0.0337097
FixedParameters: 0 0 0

#Transform 32
Transform: AffineTransform_float_3_3
Parameters: 0.999999 0.00118459 -0.000676723 -0.00118441 0.999999 -0.000610199 0.000676277 0.000610801 0.999999 0.0462394 0.0192761 -0.0410158
FixedParameters: 0 0 0

#Transform 33
Transform: AffineTransform_float_3_3
Parameters: 0.999999 0.00140167 -0.00067669 -0.00140233 0.999999 -0.000492051 0.000676309 0.000492948 0.999999 0.062581 0.0188174 -0.078601
FixedParameters: 0 0 0

#Transform 34
Transform: AffineTransform_float_3_3
Parameters: 0.999999 0.0011848 -0.000676349 -0.0011842 1 -0.000294199 0.000675651 0.000294801 0.999999 0.071688 0.00635556 -0.00246531
FixedParameters: 0 0 0

#Transform 35
Transform: AffineTransform_float_3_3
Parameters: 0.999998 0.00129446 -0.00093674 -0.00129553 0.999999 -0.000570787 0.00093526 0.000572212 1 0.091133 0.0203919 -0.0696275
FixedParameters: 0 0 0

#Transform 36
Transform: AffineTransform_float_3_3
Parameters: 0.999999 0.00126476 -0.000676444 -0.00126524 0.999999 -0.000351144 0.000675555 0.000351855 0.999999 0.0712754 -0.0109563 -0.0243176
FixedParameters: 0 0 0

#Transform 37
Transform: AffineTransform_float_3_3
Parameters: 0.999999 0.00134319 -0.00124688 -0.00134382 0.999999 -0.000653325 0.00124612 0.000654675 0.999999 0.102008 0.00293037 -0.0857956
FixedParameters: 0 0 0

#Transform 38
Transform: AffineTransform_float_3_3
Parameters: 0.999998 0.00145666 -0.000811602 -0.00145733 0.999999 -0.000412818 0.000811397 0.000414182 0.999999 0.0815168 -0.0104347 -0.0316147
FixedParameters: 0 0 0

#Transform 39
Transform: AffineTransform_float_3_3
Parameters: 0.999999 0.00140956 -0.00100762 -0.00141044 0.999999 -0.00043858 0.00100738 0.000439421 1 0.0822998 0.00227758 -0.0451208
FixedParameters: 0 0 0

#Transform 40
Transform: AffineTransform_float_3_3
Parameters: 0.999999 0.00118462 -0.000874518 -0.00118438 0.999999 -0.000436965 0.000873481 0.000438035 0.999999 0.0899976 -0.00919821 -0.0820887
FixedParameters: 0 0 0

#Transform 41
Transform: AffineTransform_float_3_3
Parameters: 0.999999 0.00118503 -0.000668952 -0.00118497 1 4.07927e-05 0.000669048 -4.02072e-05 1 0.0704577 -0.0272901 -0.0459685
FixedParameters: 0 0 0

#Transform 42
Transform: AffineTransform_float_3_3
Parameters: 0.999998 0.00118451 -0.0011655 -0.00118449 0.999999 -0.00041862 0.0011655 0.000419381 0.999999 0.106602 -0.018683 -0.0756624
FixedParameters: 0 0 0

#Transform 43
Transform: AffineTransform_float_3_3
Parameters: 0.999999 0.00118475 -0.00087134 -0.00118425 1 -0.000286968 0.000870659 0.000288032 0.999999 0.124986 -0.0232596 -0.0737922
FixedParameters: 0 0 0

#Transform 44
Transform: AffineTransform_float_3_3
Parameters: 0.999998 0.00118528 -0.00106569 -0.00118472 1 0.000262263 0.00106631 -0.000261737 1 0.12384 -0.0322323 -0.0524948
FixedParameters: 0 0 0

#Transform 45
Transform: AffineTransform_float_3_3
Parameters: 0.999998 0.00118573 -0.00118427 -0.00118427 0.999999 0.000616403 0.00118473 -0.000614596 0.999999 0.132259 0.0141586 -0.0933478
FixedParameters: 0 0 0

#Transform 46
Transform: AffineTransform_float_3_3
Parameters: 0.999999 0.0011849 -0.000763154 -0.0011851 1 -0.000130096 0.000762845 0.000130904 0.999999 0.13288 -0.0221229 -0.00370717
FixedParameters: 0 0 0

#Transform 47
Transform: AffineTransform_float_3_3
Parameters: 0.999998 0.00156106 -0.00116825 -0.00156194 0.999998 -0.000801176 0.00116675 0.000802822 0.999999 0.157516 -0.0157378 -0.0477112
FixedParameters: 0 0 0

#Transform 48
Transform: AffineTransform_float_3_3
Parameters: 0.999999 0.0013017 -0.000763505 -0.0013023 0.999999 -0.000388006 0.000762494 0.000388993 0.999999 0.144578 -0.00611132 0.0177568
FixedParameters: 0 0 0

#Transform 49
Transform: AffineTransform_float_3_3
Parameters: 0.999998 0.00157578 -0.00136441 -0.00157722 0.999999 -0.00089085 0.00136259 0.000893149 0.999998 0.182897 0.0117849 -0.0330689
FixedParameters: 0 0 0

#Transform 50
Transform: AffineTransform_float_3_3
Parameters: 0.999998 0.00157627 -0.00112403 -0.00157674 0.999999 -0.000653229 0.00112297 0.000655772 0.999999 0.178015 -0.0238981 -0.00413266
FixedParameters: 0 0 0

#Transform 51
Transform: AffineTransform_float_3_3
Parameters: 0.999998 0.001576 -0.00140012 -0.001577 0.999998 -0.000710793 0.00139888 0.000713206 0.999999 0.192392 -0.0204053 -0.0261648
FixedParameters: 0 0 0

#Transform 52
Transform: AffineTransform_float_3_3
Parameters: 0.999999 0.00128758 -0.000909596 -0.00128742 0.999999 -0.000462829 0.000909404 0.000463171 0.999999 0.180919 -0.0160152 0.00275347
FixedParameters: 0 0 0

#Transform 53
Transform: AffineTransform_float_3_3
Parameters: 0.999998 0.00157599 -0.00117436 -0.00157701 0.999999 -0.00086015 0.00117264 0.00086185 0.999999 0.196851 -0.0150393 -0.00607551
FixedParameters: 0 0 0

#Transform 54
Transform: AffineTransform_float_3_3
Parameters: 0.999999 0.00139983 -0.00117439 -0.00140117 0.999998 -0.000992355 0.00117261 0.000993642 0.999999 0.209396 -0.0213907 -0.0216752
FixedParameters: 0 0 0

#Transform 55
Transform: AffineTransform_float_3_3
Parameters: 0.999998 0.0015761 -0.00126312 -0.0015769 0.999998 -0.000710009 0.00126188 0.00071199 0.999999 0.208227 -0.00559059 0.00490986
FixedParameters: 0 0 0

#Transform 56
Transform: AffineTransform_float_3_3
Parameters: 0.999997 0.00157516 -0.00155686 -0.00157684 0.999998 -0.00118055 0.00155514 0.00118245 0.999998 0.221866 0.00996989 -0.00779472
FixedParameters: 0 0 0

#Transform 57
Transform: AffineTransform_float_3_3
Parameters: 0.999998 0.00157635 -0.00122783 -0.00157664 0.999998 -0.000525065 0.00122617 0.000526934 0.999999 0.196743 -0.0135122 0.0364866
FixedParameters: 0 0 0

#Transform 58
Transform: AffineTransform_float_3_3
Parameters: 0.999998 0.00195625 -0.0012226 -0.00195575 0.999998 0.000207392 0.0012234 -0.000204607 0.999999 0.200822 0.0374396 -0.00308822
FixedParameters: 0 0 0

#Transform 59
Transform: AffineTransform_float_3_3
Parameters: 0.999997 0.00175615 -0.00128779 -0.00175685 0.999999 0.000119263 0.00128821 -0.000116738 0.999999 0.209827 0.0604183 0.0141472
FixedParameters: 0 0 0

#Transform 60
Transform: AffineTransform_float_3_3
Parameters: 0.999997 0.00182645 -0.00161949 -0.00182555 0.999999 0.000278957 0.00162051 -0.000276041 0.999998 0.230517 0.0521285 -0.0377971
FixedParameters: 0 0 0

#Transform 61
Transform: AffineTransform_float_3_3
Parameters: 0.999998 0.00171896 -0.00122866 -0.00171804 0.999998 0.000779113 0.00122934 -0.000776889 0.999999 0.193275 0.0574261 0.0082783
FixedParameters: 0 0 0

#Transform 62
Transform: AffineTransform_float_3_3
Parameters: 0.999996 0.00187641 -0.00179257 -0.00187659 0.999998 0.000232365 0.00179343 -0.000228636 0.999999 0.214526 0.0603793 -0.04513
FixedParameters: 0 0 0

#Transform 63
Transform: AffineTransform_float_3_3
Parameters: 0.999998 0.00187053 -0.00128723 -0.00186947 0.999998 0.000413408 0.00128777 -0.000410592 0.999999 0.210166 0.0787774 -0.0101698
FixedParameters: 0 0 0

#Transform 64
Transform: AffineTransform_float_3_3
Parameters: 0.999997 0.00187807 -0.00156292 -0.00187794 0.999998 4.29352e-05 0.00156308 -4.00646e-05 0.999999 0.225725 0.0532878 -0.0315423
FixedParameters: 0 0 0

#Transform 65
Transform: AffineTransform_float_3_3
Parameters: 0.999997 0.00185602 -0.00146998 -0.00185598 0.999999 1.27283e-05 0.00147002 -1.02716e-05 0.999999 0.245016 0.0548975 -0.0508963
FixedParameters: 0 0 0

#Transform 66
Transform: AffineTransform_float_3_3
Parameters: 0.999997 0.00173043 -0.00172757 -0.00173057 0.999999 0.000249991 0.00172743 -0.000247012 0.999999 0.246544 0.0529894 0.00651102
FixedParameters: 0 0 0

#Transform 67
Transform: AffineTransform_float_3_3
Parameters: 0.999995 0.00223044 -0.00188967 -0.00223057 0.999998 -0.000296786 0.00188933 0.000301216 0.999998 0.259948 0.0921985 -0.0191473
FixedParameters: 0 0 0

#Transform 68
Transform: AffineTransform_float_3_3
Parameters: 0.999997 0.00187805 -0.00146694 -0.00187796 0.999998 3.17549e-05 0.00146706 -2.92449e-05 0.999999 0.207862 0.0609726 0.0186167
FixedParameters: 0 0 0

#Transform 69
Transform: AffineTransform_float_3_3
Parameters: 0.999996 0.00223002 -0.00184418 -0.00223098 0.999998 -0.000527888 0.00184282 0.000532112 0.999998 0.243024 0.0864393 -0.0388042
FixedParameters: 0 0 0

#Transform 70
Transform: AffineTransform_float_3_3
Parameters: 0.999997 0.00180672 -0.00128839 -0.00180728 0.999999 -0.000213672 0.00128761 0.000216327 0.999999 0.201099 0.0804044 0.0261891
FixedParameters: 0 0 0

#Transform 71
Transform: AffineTransform_float_3_3
Parameters: 0.999996 0.00195984 -0.00205111 -0.00196116 0.999998 -0.00056498 0.00205089 0.000569022 0.999997 0.242038 0.079602 -0.0415781
FixedParameters: 0 0 0

#Transform 72
Transform: AffineTransform_float_3_3
Parameters: 0.999998 0.00155356 -0.00125954 -0.00155444 0.999998 -0.000347043 0.00125946 0.000348957 0.999999 0.196917 0.0692353 0.0159047
FixedParameters: 0 0 0

#Transform 73
Transform: AffineTransform_float_3_3
Parameters: 0.999997 0.00197489 -0.00178823 -0.00197611 0.999998 -0.000620468 0.00178677 0.000623531 0.999998 0.22436 0.0841034 -0.0322355
FixedParameters: 0 0 0

#Transform 74
Transform: AffineTransform_float_3_3
Parameters: 0.999996 0.0020269 -0.00168732 -0.0020281 0.999997 -0.00065158 0.00168567 0.000655419 0.999999 0.229982 0.0699454 -0.0283603
FixedParameters: 0 0 0

#Transform 75
Transform: AffineTransform_float_3_3
Parameters: 0.999996 0.00223018 -0.00184399 -0.00223082 0.999998 -0.000441889 0.00184301 0.000445112 0.999998 0.231375 0.0817255 -0.0111368
FixedParameters: 0 0 0

#Transform 76
Transform: AffineTransform_float_3_3
Parameters: 0.999995 0.00230351 -0.00190559 -0.00230449 0.999998 -0.00025361 0.00190441 0.000257388 0.999998 0.239651 0.0640716 -0.0478247
FixedParameters: 0 0 0

#Transform 77
Transform: AffineTransform_float_3_3
Parameters: 0.999996 0.00230179 -0.00167929 -0.00230221 0.999998 -0.000123134 0.00167871 0.000127865 0.999998 0.201466 0.0447281 -0.0240452
FixedParameters: 0 0 0

#Transform 78
Transform: AffineTransform_float_3_3
Parameters: 0.999996 0.00218363 -0.00190842 -0.00218337 0.999997 -0.000189834 0.00190858 0.000194168 0.999998 0.20008 0.0566179 -0.0181696
FixedParameters: 0 0 0

#Transform 79
Transform: AffineTransform_float_3_3
Parameters: 0.999996 0.00223875 -0.00182953 -0.00224025 0.999998 -0.000679904 0.00182747 0.000684094 0.999998 0.202827 0.0735551 -0.0250704
FixedParameters: 0 0 0

#Transform 80
Transform: AffineTransform_float_3_3
Parameters: 0.999995 0.00250276 -0.00153676 -0.00250223 0.999996 0.000498847 0.00153724 -0.000495155 0.999998 0.182231 0.071778 0.0331007
FixedParameters: 0 0 0

#Transform 81
Transform: AffineTransform_float_3_3
Parameters: 0.999996 0.00227499 -0.00158644 -0.00227601 0.999997 -0.000632392 0.00158456 0.000636607 0.999998 0.177399 0.0617362 0.00812621
FixedParameters: 0 0 0

#Transform 82
Transform: AffineTransform_float_3_3
Parameters: 0.999997 0.00226821 -0.00137831 -0.0022688 0.999998 -0.000574875 0.00137669 0.000578125 0.999999 0.170658 0.0961164 0.0249193
FixedParameters: 0 0 0

#Transform 83
Transform: AffineTransform_float_3_3
Parameters: 0.999996 0.00226989 -0.00171447 -0.00227111 0.999997 -0.000644109 0.00171253 0.00064789 0.999999 0.189303 0.0950143 0.0168673
FixedParameters: 0 0 0

#Transform 84
Transform: AffineTransform_float_3_3
Parameters: 0.999996 0.00233876 -0.00167673 -0.00233924 0.999997 -0.000738081 0.00167527 0.000741921 0.999999 0.202467 0.0707998 0.0249708
FixedParameters: 0 0 0

#Transform 85
Transform: AffineTransform_float_3_3
Parameters: 0.999996 0.00245508 -0.00140485 -0.00245492 0.999997 6.1449e-05 0.00140515 -5.75505e-05 0.999999 0.191007 0.0806623 -0.013154
FixedParameters: 0 0 0

#Transform 86
Transform: AffineTransform_float_3_3
Parameters: 0.999997 0.00215834 -0.00164287 -0.00215866 0.999997 -0.000400455 0.00164213 0.000404545 0.999998 0.196839 0.0701423 0.0162816
FixedParameters: 0 0 0

#Transform 87
Transform: AffineTransform_float_3_3
Parameters: 0.999997 0.00186273 -0.0016833 -0.00186327 0.999999 -0.000158864 0.0016827 0.000162135 0.999998 0.217022 0.0750649 -0.0735732
FixedParameters: 0 0 0

#Transform 88
Transform: AffineTransform_float_3_3
Parameters: 0.999997 0.00202781 -0.00153125 -0.00202819 0.999998 -0.000120895 0.00153075 0.000124104 0.999999 0.185768 0.0648852 -0.0391036
FixedParameters: 0 0 0

#Transform 89
Transform: AffineTransform_float_3_3
Parameters: 0.999996 0.00191286 -0.00172215 -0.00191314 0.999998 -7.77055e-05 0.00172285 8.12958e-05 0.999998 0.192587 0.0850712 -0.0253589
FixedParameters: 0 0 0

#Transform 90
Transform: AffineTransform_float_3_3
Parameters: 0.999996 0.00196461 -0.00175844 -0.00196539 0.999998 -0.000220545 0.00175756 0.000224454 0.999999 0.19566 0.0659322 -0.047277
FixedParameters: 0 0 0

#Transform 91
Transform: AffineTransform_float_3_3
Parameters: 0.999997 0.00195759 -0.00143819 -0.00195741 0.999998 0.000412816 0.00143981 -0.000410183 0.999999 0.189972 0.0283208 -0.0155064
FixedParameters: 0 0 0

#Transform 92
Transform: AffineTransform_float_3_3
Parameters: 0.999996 0.00201725 -0.00165969 -0.00201674 0.999998 0.000155348 0.00166031 -0.000151651 0.999998 0.189897 0.0522086 -0.0123415
FixedParameters: 0 0 0

#Transform 93
Transform: AffineTransform_float_3_3
Parameters: 0.999996 0.002218 -0.00187999 -0.00221899 0.999997 5.17171e-06 0.00188001 -8.3014e-07 0.999998 0.201486 0.0630194 -0.0676484
FixedParameters: 0 0 0

#Transform 94
Transform: AffineTransform_float_3_3
Parameters: 0.999997 0.00221834 -0.00156952 -0.00221866 0.999998 0.000219483 0.00156948 -0.000215519 0.999998 0.177584 0.0656164 -0.00404791
FixedParameters: 0 0 0

#Transform 95
Transform: AffineTransform_float_3_3
Parameters: 0.999996 0.00221786 -0.00188016 -0.00221814 0.999997 -7.08298e-05 0.00187984 7.51695e-05 0.999998 0.193337 0.0737626 -0.0639996
FixedParameters: 0 0 0

#Transform 96
Transform: AffineTransform_float_3_3
Parameters: 0.999996 0.00221796 -0.00161405 -0.00221804 0.999997 -2.242e-05 0.00161394 2.65797e-05 0.999998 0.182241 0.062216 -0.0571203
FixedParameters: 0 0 0

#Transform 97
Transform: AffineTransform_float_3_3
Parameters: 0.999996 0.00221856 -0.00187534 -0.00221844 0.999998 0.000299162 0.00187566 -0.00029484 0.999998 0.192737 0.0614896 -0.0525576
FixedParameters: 0 0 0

#Transform 98
Transform: AffineTransform_float_3_3
Parameters: 0.999996 0.00221787 -0.00187615 -0.00221813 0.999997 -6.68387e-05 0.00187585 7.11607e-05 0.999998 0.209152 0.0610198 -0.0556072
FixedParameters: 0 0 0

#Transform 99
Transform: AffineTransform_float_3_3
Parameters: 0.999996 0.00221726 -0.00170997 -0.00221875 0.999998 -0.000434208 0.00170903 0.000437791 0.999999 0.198974 0.0692355 -0.0121412
FixedParameters: 0 0 0

#Transform 100
Transform: AffineTransform_float_3_3
Parameters: 0.999996 0.00221812 -0.00169884 -0.00221887 0.999997 7.57697e-05 0.00169916 -7.12313e-05 0.999998 0.194707 0.0719885 -0.0445451
FixedParameters: 0 0 0

#Transform 101
Transform: AffineTransform_float_3_3
Parameters: 0.999996 0.00221764 -0.00169947 -0.00221836 0.999997 -0.000209231 0.00169953 0.00021277 0.999998 0.198855 0.0716212 -0.0517872
FixedParameters: 0 0 0

#Transform 102
Transform: AffineTransform_float_3_3
Parameters: 0.999997 0.00227013 -0.0013858 -0.00226988 0.999998 9.1146e-05 0.00138521 -8.88558e-05 0.999999 0.179999 0.0529014 -0.0305609
FixedParameters: 0 0 0

#Transform 103
Transform: AffineTransform_float_3_3
Parameters: 0.999996 0.00221738 -0.00186474 -0.00221862 0.999998 -0.000329864 0.00186426 0.000334135 0.999998 0.195136 0.0687132 -0.0584173
FixedParameters: 0 0 0

#Transform 104
Transform: AffineTransform_float_3_3
Parameters: 0.999996 0.00230152 -0.00163168 -0.00230248 0.999998 -0.000293244 0.00163132 0.000296756 0.999998 0.175459 0.0597666 -0.0538199
FixedParameters: 0 0 0

#Transform 105
Transform: AffineTransform_float_3_3
Parameters: 0.999996 0.00224224 -0.00173498 -0.00224276 0.999998 -0.000435111 0.00173402 0.00043889 0.999999 0.200123 0.0583617 -0.0461818
FixedParameters: 0 0 0

#Transform 106
Transform: AffineTransform_float_3_3
Parameters: 0.999997 0.00217611 -0.0016475 -0.00217789 0.999997 -0.00114742 0.0016445 0.00115158 0.999998 0.196476 0.0693655 -0.0431272
FixedParameters: 0 0 0

#Transform 107
Transform: AffineTransform_float_3_3
Parameters: 0.999997 0.00220205 -0.00152681 -0.00220395 0.999997 -0.00127564 0.00152319 0.00127936 0.999998 0.194841 0.0741969 -0.0267894
FixedParameters: 0 0 0

#Transform 108
Transform: AffineTransform_float_3_3
Parameters: 0.999996 0.00219899 -0.00166266 -0.00220101 0.999997 -0.00120734 0.00166034 0.00121066 0.999998 0.184352 0.0661253 -0.0259289
FixedParameters: 0 0 0

#Transform 109
Transform: AffineTransform_float_3_3
Parameters: 0.999995 0.0024083 -0.00166391 -0.00241169 0.999996 -0.00161899 0.00166009 0.00162301 0.999998 0.188279 0.0766706 -0.0544636
FixedParameters: 0 0 0

#Transform 110
Transform: AffineTransform_float_3_3
Parameters: 0.999996 0.00225572 -0.00160022 -0.00225828 0.999997 -0.00142539 0.00159778 0.00142961 0.999997 0.191707 0.0521563 -0.0225141
FixedParameters: 0 0 0

#Transform 111
Transform: AffineTransform_float_3_3
Parameters: 0.999997 0.00218946 -0.00156157 -0.00219154 0.999997 -0.00162858 0.00155743 0.00163142 0.999998 0.190371 0.049837 -0.0168005
FixedParameters: 0 0 0

#Transform 112
Transform: AffineTransform_float_3_3
Parameters: 0.999996 0.0021909 -0.00176062 -0.0021931 0.999997 -0.00119214 0.00175738 0.00119585 0.999997 0.208008 0.0365766 -0.0689983
FixedParameters: 0 0 0

#Transform 113
Transform: AffineTransform_float_3_3
Parameters: 0.999996 0.0021823 -0.00140864 -0.0021837 0.999997 -0.00120693 0.00140536 0.00120907 0.999999 0.19166 0.0492887 -0.0263102
FixedParameters: 0 0 0

#Transform 114
Transform: AffineTransform_float_3_3
Parameters: 0.999997 0.00220169 -0.00148543 -0.00220431 0.999997 -0.00155373 0.00148257 0.00155727 0.999997 0.208456 0.0629122 -0.0144455
FixedParameters: 0 0 0

#Transform 115
Transform: AffineTransform_float_3_3
Parameters: 0.999997 0.00214694 -0.00149496 -0.00214906 0.999996 -0.00137679 0.00149204 0.00138021 0.999998 0.19262 0.0695683 0.00156972
FixedParameters: 0 0 0

#Transform 116
Transform: AffineTransform_float_3_3
Parameters: 0.999997 0.00207433 -0.0016823 -0.00207667 0.999996 -0.00158751 0.0016787 0.00159149 0.999998 0.206109 0.0758462 -0.00675874
FixedParameters: 0 0 0

#Transform 117
Transform: AffineTransform_float_3_3
Parameters: 0.999996 0.00209218 -0.00148058 -0.00209382 0.999997 -0.0012299 0.00147742 0.0012331 0.999998 0.194257 0.0713676 -0.0143076
FixedParameters: 0 0 0

#Transform 118
Transform: AffineTransform_float_3_3
Parameters: 0.999997 0.00204318 -0.00145157 -0.00204482 0.999997 -0.00125504 0.00144843 0.00125796 0.999998 0.192975 0.0734096 0.0131515
FixedParameters: 0 0 0

#Transform 119
Transform: AffineTransform_float_3_3
Parameters: 0.999996 0.00205067 -0.00153412 -0.00205333 0.999996 -0.00152185 0.00153087 0.00152414 0.999997 0.222438 0.0740797 -0.0231018
FixedParameters: 0 0 0

#Transform 120
Transform: AffineTransform_float_3_3
Parameters: 0.999996 0.00216695 -0.00146603 -0.00216805 0.999996 -0.00139683 0.00146297 0.00140017 0.999998 0.224228 0.0660477 -0.0296157
FixedParameters: 0 0 0

#Transform 121
Transform: AffineTransform_float_3_3
Parameters: 0.999996 0.0022036 -0.00175502 -0.0022054 0.999996 -0.00136813 0.00175198 0.00137186 0.999997 0.223036 0.0626185 -0.0224252
FixedParameters: 0 0 0

#Transform 122
Transform: AffineTransform_float_3_3
Parameters: 0.999996 0.00217133 -0.00173236 -0.00217467 0.999997 -0.00154224 0.00172964 0.00154676 0.999998 0.229835 0.0538846 -0.0339868
FixedParameters: 0 0 0

#Transform 123
Transform: AffineTransform_float_3_3
Parameters: 0.999997 0.00219663 -0.00150646 -0.00219937 0.999997 -0.00157169 0.00150354 0.00157531 0.999997 0.226004 0.0544745 -0.0185213
FixedParameters: 0 0 0

#Transform 124
Transform: AffineTransform_float_3_3
Parameters: 0.999996 0.00228816 -0.0015058 -0.00228984 0.999996 -0.00122256 0.0015032 0.00122544 0.999998 0.245328 0.0371342 -0.0153549
FixedParameters: 0 0 0

#Transform 125
Transform: AffineTransform_float_3_3
Parameters: 0.999996 0.00234077 -0.00150647 -0.00234323 0.999996 -0.00148148 0.00150353 0.00148453 0.999998 0.22349 0.0991525 -0.042064
FixedParameters: 0 0 0

#Transform 126
Transform: AffineTransform_float_3_3
Parameters: 0.999996 0.0021894 -0.00139908 -0.0021916 0.999996 -0.00186094 0.00139492 0.00186306 0.999998 0.223609 0.0795847 -0.0189369
FixedParameters: 0 0 0

#Transform 127
Transform: AffineTransform_float_3_3
Parameters: 0.999996 0.00231472 -0.00152346 -0.00231628 0.999996 -0.00149448 0.00151954 0.00149752 0.999997 0.229549 0.0650071 -0.0547054
FixedParameters: 0 0 0

#Transform 128
Transform: AffineTransform_float_3_3
Parameters: 0.999996 0.0023557 -0.00169061 -0.0023593 0.999996 -0.00195202 0.00168539 0.00195598 0.999996 0.234151 0.0839541 -0.0660806
FixedParameters: 0 0 0

#Transform 129
Transform: AffineTransform_float_3_3
Parameters: 0.999996 0.0023922 -0.00145661 -0.0023948 0.999996 -0.00192552 0.00145139 0.00192948 0.999997 0.214182 0.0702457 -0.0507994
FixedParameters: 0 0 0

#Transform 130
Transform: AffineTransform_float_3_3
Parameters: 0.999996 0.0021965 -0.00129625 -0.0021985 0.999995 -0.00193116 0.00129175 0.00193384 0.999998 0.194396 0.0700755 -0.0236029
FixedParameters: 0 0 0

#Transform 131
Transform: AffineTransform_float_3_3
Parameters: 0.999996 0.00236661 -0.00154221 -0.00237038 0.999995 -0.00219735 0.00153679 0.00220065 0.999997 0.207848 0.0886835 -0.0446019
FixedParameters: 0 0 0

#Transform 132
Transform: AffineTransform_float_3_3
Parameters: 0.999997 0.00219554 -0.00151602 -0.00219846 0.999995 -0.00228368 0.00151098 0.00228733 0.999996 0.185349 0.0825807 -0.0134881
FixedParameters: 0 0 0

#Transform 133
Transform: AffineTransform_float_3_3
Parameters: 0.999996 0.00220168 -0.00135739 -0.00220531 0.999994 -0.00244601 0.00135161 0.00244898 0.999996 0.176144 0.0941826 -0.0124189
FixedParameters: 0 0 0

#Transform 134
Transform: AffineTransform_float_3_3
Parameters: 0.999996 0.00235813 -0.00162409 -0.00236387 0.999992 -0.00300117 0.00161691 0.00300582 0.999994 0.186012 0.114333 -0.0511624
FixedParameters: 0 0 0

#Transform 135
Transform: AffineTransform_float_3_3
Parameters: 0.999996 0.00232196 -0.001566 -0.00232604 0.999994 -0.00258037 0.00156 0.00258463 0.999996 0.168925 0.0962656 -0.0462867
FixedParameters: 0 0 0

#Transform 136
Transform: AffineTransform_float_3_3
Parameters: 0.999996 0.00230811 -0.00165484 -0.00231289 0.999993 -0.00295819 0.00164716 0.00296181 0.999995 0.164831 0.11038 -0.0355664
FixedParameters: 0 0 0

#Transform 137
Transform: AffineTransform_float_3_3
Parameters: 0.999995 0.0024159 -0.00165693 -0.0024221 0.999991 -0.00369 0.00164707 0.003694 0.999992 0.163861 0.109533 -0.00577336
FixedParameters: 0 0 0

#Transform 138
Transform: AffineTransform_float_3_3
Parameters: 0.999996 0.002366 -0.00165803 -0.002373 0.999988 -0.00423108 0.00164797 0.00423592 0.999989 0.152388 0.109511 -0.0178514
FixedParameters: 0 0 0

#Transform 139
Transform: AffineTransform_float_3_3
Parameters: 0.999995 0.00219771 -0.00191854 -0.00220529 0.999988 -0.00432879 0.00190947 0.00433321 0.999989 0.150665 0.105165 -0.00912576
FixedParameters: 0 0 0

#Transform 140
Transform: AffineTransform_float_3_3
Parameters: 0.999995 0.00219204 -0.00195197 -0.00219996 0.999989 -0.00408272 0.00194303 0.00408728 0.99999 0.150414 0.118182 0.0020269
FixedParameters: 0 0 0

#Transform 141
Transform: AffineTransform_float_3_3
Parameters: 0.999996 0.00219578 -0.00188562 -0.00220422 0.999988 -0.00436986 0.00187638 0.00437414 0.999988 0.163076 0.123893 -0.00193497
FixedParameters: 0 0 0

#Transform 142
Transform: AffineTransform_float_3_3
Parameters: 0.999995 0.00219681 -0.00201586 -0.00220419 0.999991 -0.00357057 0.00200814 0.00357443 0.999991 0.148215 0.0939768 -0.0181197
FixedParameters: 0 0 0

#Transform 143
Transform: AffineTransform_float_3_3
Parameters: 0.999996 0.00219788 -0.0016462 -0.00220411 0.99999 -0.00372238 0.0016378 0.00372661 0.999991 0.14344 0.104375 -0.00243056
FixedParameters: 0 0 0

#Transform 144
Transform: AffineTransform_float_3_3
Parameters: 0.999996 0.00219681 -0.00173415 -0.00220419 0.999989 -0.00415519 0.00172585 0.00415981 0.99999 0.152087 0.133289 -0.00181696
FixedParameters: 0 0 0

#Transform 145
Transform: AffineTransform_float_3_3
Parameters: 0.999996 0.00219637 -0.0017715 -0.00220363 0.999989 -0.00431512 0.0017615 0.00431889 0.999989 0.170523 0.126861 -0.0027425
FixedParameters: 0 0 0

#Transform 146
Transform: AffineTransform_float_3_3
Parameters: 0.999996 0.00219697 -0.00177075 -0.00220402 0.999989 -0.00397611 0.00176125 0.00397988 0.99999 0.171893 0.106313 0.00869344
FixedParameters: 0 0 0

#Transform 147
Transform: AffineTransform_float_3_3
Parameters: 0.999996 0.00219633 -0.00177156 -0.00220367 0.999988 -0.00434211 0.00176144 0.00434589 0.999989 0.169431 0.134262 0.0137701
FixedParameters: 0 0 0

#Transform 148
Transform: AffineTransform_float_3_3
Parameters: 0.999996 0.0023091 -0.00177234 -0.0023169 0.999988 -0.00446992 0.00176166 0.00447409 0.999989 0.175114 0.108416 0.00127228
FixedParameters: 0 0 0

#Transform 149
Transform: AffineTransform_float_3_3
Parameters: 0.999995 0.00219553 -0.00193266 -0.00220447 0.999988 -0.00438876 0.00192334 0.00439324 0.999989 0.172982 0.10819 0.00731009
FixedParameters: 0 0 0

#Transform 150
Transform: AffineTransform_float_3_3
Parameters: 0.999996 0.00219548 -0.00187104 -0.00220452 0.999987 -0.00456389 0.00186095 0.0045681 0.999988 0.183481 0.11055 0.0306799
FixedParameters: 0 0 0

#Transform 151
Transform: AffineTransform_float_3_3
Parameters: 0.999996 0.00219595 -0.0017094 -0.00220406 0.999987 -0.00472325 0.00169961 0.00472675 0.999988 0.173047 0.122888 0.00601769
FixedParameters: 0 0 0

#Transform 152
Transform: AffineTransform_float_3_3
Parameters: 0.999995 0.00219493 -0.00193036 -0.00220407 0.999986 -0.00470876 0.00192064 0.00471323 0.999987 0.193845 0.109813 0.034176
FixedParameters: 0 0 0

#Transform 153
Transform: AffineTransform_float_3_3
Parameters: 0.999996 0.00184782 -0.00220541 -0.00185918 0.999986 -0.00507792 0.00219558 0.00508208 0.999984 0.248236 0.106328 0.0764653
FixedParameters: 0 0 0

#Transform 154
Transform: AffineTransform_float_3_3
Parameters: 0.999995 0.00211475 -0.00241047 -0.00213025 0.999977 -0.0063419 0.00239653 0.0063471 0.999977 0.264171 0.110496 0.0785878
FixedParameters: 0 0 0

#Transform 155
Transform: AffineTransform_float_3_3
Parameters: 0.999993 0.00212434 -0.00286568 -0.00214365 0.999974 -0.0068749 0.00285032 0.0068811 0.999973 0.233723 0.0986543 0.103584
FixedParameters: 0 0 0

#Transform 156
Transform: AffineTransform_float_3_3
Parameters: 0.999992 0.00282049 -0.00303017 -0.00284251 0.99997 -0.00711745 0.00300984 0.00712555 0.99997 0.23075 0.079636 0.126017
FixedParameters: 0 0 0

#Transform 157
Transform: AffineTransform_float_3_3
Parameters: 0.999992 0.00269787 -0.00302966 -0.00272214 0.999965 -0.00798983 0.00300834 0.00799819 0.999964 0.253815 0.0809505 0.095777
FixedParameters: 0 0 0

#Transform 158
Transform: AffineTransform_float_3_3
Parameters: 0.999991 0.0027543 -0.00341021 -0.0027837 0.999958 -0.00873559 0.0033858 0.00874441 0.999956 0.280809 0.0107709 0.0855569
FixedParameters: 0 0 0

#Transform 159
Transform: AffineTransform_float_3_3
Parameters: 0.999991 0.00282681 -0.00297217 -0.00285219 0.99996 -0.0085066 0.00294783 0.00851441 0.99996 0.245261 0.0107452 0.12249
FixedParameters: 0 0 0

#Transform 160
Transform: AffineTransform_float_3_3
Parameters: 0.999992 0.00288457 -0.00284393 -0.00290743 0.999965 -0.0079158 0.00282106 0.0079232 0.999964 0.233699 0.0146679 0.12146
FixedParameters: 0 0 0

#Transform 161
Transform: AffineTransform_float_3_3
Parameters: 0.999992 0.00290487 -0.0029956 -0.00292813 0.999965 -0.00774529 0.0029734 0.0077537 0.999965 0.245352 0.0197011 0.101207
FixedParameters: 0 0 0

#Transform 162
Transform: AffineTransform_float_3_3
Parameters: 0.999993 0.00268162 -0.00281453 -0.00270339 0.999968 -0.00762045 0.00279447 0.00762755 0.999967 0.258758 0.0393188 0.0977351
FixedParameters: 0 0 0

#Transform 163
Transform: AffineTransform_float_3_3
Parameters: 0.999992 0.00277266 -0.00269409 -0.00279234 0.999968 -0.00757653 0.00267291 0.00758347 0.999967 0.270189 0.0330873 0.0814829
FixedParameters: 0 0 0

#Transform 164
Transform: AffineTransform_float_3_3
Parameters: 0.999991 0.00289166 -0.00293815 -0.00291534 0.999964 -0.0079705 0.00291484 0.0079795 0.999964 0.281428 0.0464846 0.062256
FixedParameters: 0 0 0

#Transform 165
Transform: AffineTransform_float_3_3
Parameters: 0.999991 0.00301994 -0.00294682 -0.00304306 0.999965 -0.00785311 0.00292318 0.0078629 0.999965 0.269798 0.0292489 0.0488338
FixedParameters: 0 0 0

#Transform 166
Transform: AffineTransform_float_3_3
Parameters: 0.999991 0.0030097 -0.00291123 -0.0030323 0.999966 -0.00768524 0.00288777 0.00769476 0.999966 0.268059 0.00820916 0.0535783
FixedParameters: 0 0 0

#Transform 167
Transform: AffineTransform_float_3_3
Parameters: 0.999992 0.00279791 -0.00300556 -0.0028231 0.999961 -0.00837859 0.00298244 0.00838642 0.999961 0.280134 0.0226711 0.0529611
FixedParameters: 0 0 0

#Transform 168
Transform: AffineTransform_float_3_3
Parameters: 0.999991 0.00298133 -0.00277853 -0.00300368 0.999962 -0.00819172 0.00275447 0.00820028 0.999962 0.280506 0.00464271 0.0581316
FixedParameters: 0 0 0

#Transform 169
Transform: AffineTransform_float_3_3
Parameters: 0.999992 0.00291732 -0.00289605 -0.00294068 0.999962 -0.00820555 0.00287196 0.00821445 0.999962 0.262795 0.0141663 0.0881659
FixedParameters: 0 0 0

#Transform 170
Transform: AffineTransform_float_3_3
Parameters: 0.999991 0.00295126 -0.00301145 -0.00297574 0.999961 -0.00824511 0.00298656 0.00825389 0.999962 0.240123 0.0153552 0.0498127
FixedParameters: 0 0 0

#Transform 171
Transform: AffineTransform_float_3_3
Parameters: 0.999991 0.00296855 -0.00300832 -0.00299345 0.999963 -0.00815507 0.00298468 0.00816394 0.999962 0.241262 0.0133029 0.0625291
FixedParameters: 0 0 0

#Transform 172
Transform: AffineTransform_float_3_3
Parameters: 0.999992 0.0029394 -0.00293382 -0.00296161 0.999965 -0.00773037 0.00291118 0.00773862 0.999966 0.233918 0.00493791 0.0620751
FixedParameters: 0 0 0

#Transform 173
Transform: AffineTransform_float_3_3
Parameters: 0.999991 0.00316999 -0.0030522 -0.00319502 0.999961 -0.00822633 0.00302581 0.00823568 0.999962 0.225552 0.026462 0.0535951
FixedParameters: 0 0 0

#Transform 174
Transform: AffineTransform_float_3_3
Parameters: 0.999991 0.00324817 -0.00294054 -0.00327183 0.999961 -0.00813545 0.00291446 0.00814454 0.999962 0.216929 0.0131044 0.0267679
FixedParameters: 0 0 0

#Transform 175
Transform: AffineTransform_float_3_3
Parameters: 0.999992 0.00316981 -0.00269928 -0.00319219 0.999961 -0.00825546 0.00267273 0.00826354 0.999963 0.210977 0.0208967 0.0568648
FixedParameters: 0 0 0

#Transform 176
Transform: AffineTransform_float_3_3
Parameters: 0.999991 0.00349292 -0.00270179 -0.00351508 0.99996 -0.00821258 0.00267221 0.00822141 0.999962 0.207926 0.0223083 0.064471
FixedParameters: 0 0 0

#Transform 177
Transform: AffineTransform_float_3_3
Parameters: 0.999989 0.00348784 -0.00310379 -0.00351516 0.999955 -0.00878918 0.0030732 0.00879981 0.999956 0.204641 0.0190367 0.0594635
FixedParameters: 0 0 0

#Transform 178
Transform: AffineTransform_float_3_3
Parameters: 0.999989 0.00338424 -0.00317782 -0.00341176 0.999955 -0.00877025 0.00314818 0.00878074 0.999956 0.190091 0.0255807 0.0717274
FixedParameters: 0 0 0

#Transform 179
Transform: AffineTransform_float_3_3
Parameters: 0.99999 0.00349237 -0.0027025 -0.00351563 0.999959 -0.00841458 0.00267249 0.00842442 0.999961 0.173952 0.0181502 0.0860914
FixedParameters: 0 0 0

#Transform 180
Transform: AffineTransform_float_3_3
Parameters: 0.999989 0.00348726 -0.0031292 -0.00351574 0.999954 -0.0089051 0.0030978 0.00891591 0.999956 0.199151 0.0281504 0.0541941
FixedParameters: 0 0 0

#Transform 181
Transform: AffineTransform_float_3_3
Parameters: 0.999989 0.00348687 -0.00319399 -0.00351513 0.999954 -0.00884587 0.00316301 0.00885612 0.999956 0.205959 -0.00202088 0.0533309
FixedParameters: 0 0 0

#Transform 182
Transform: AffineTransform_float_3_3
Parameters: 0.999989 0.00348826 -0.00317761 -0.00351574 0.999958 -0.00844893 0.00314739 0.00846008 0.99996 0.192862 -0.00802761 0.0662603
FixedParameters: 0 0 0

#Transform 183
Transform: AffineTransform_float_3_3
Parameters: 0.999988 0.00348778 -0.00327423 -0.00351522 0.999959 -0.00834258 0.00324576 0.00835441 0.99996 0.177995 0.00557296 0.0847473
FixedParameters: 0 0 0

#Transform 184
Transform: AffineTransform_float_3_3
Parameters: 0.999989 0.00348629 -0.00321047 -0.00351571 0.999954 -0.00898282 0.00317853 0.00899319 0.999955 0.193539 0.0111819 0.0532097
FixedParameters: 0 0 0

#Transform 185
Transform: AffineTransform_float_3_3
Parameters: 0.999989 0.00348887 -0.00312047 -0.00351513 0.999959 -0.00840913 0.00309053 0.00842088 0.99996 0.191881 0.00944371 0.0368799
FixedParameters: 0 0 0

#Transform 186
Transform: AffineTransform_float_3_3
Parameters: 0.999988 0.00348344 -0.00349771 -0.00351556 0.999953 -0.00905681 0.00346628 0.00906918 0.999953 0.199135 -0.0101317 0.0555316
FixedParameters: 0 0 0

#Transform 187
Transform: AffineTransform_float_3_3
Parameters: 0.999988 0.00376669 -0.0031438 -0.00379332 0.999958 -0.00840618 0.0031122 0.00841783 0.999959 0.198 -0.00279647 0.0552908
FixedParameters: 0 0 0

#Transform 188
Transform: AffineTransform_float_3_3
