# transform file /out/sourcedata/freesurfer/sub-v1s22x0050526_ses-1/mri/transforms/cc_up.lta
# created by oesteban on Mon Mar  9 18:17:29 2026

type      = 0 # LINEAR_VOX_TO_VOX
nxforms   = 1
mean      = 128.0000 109.0000 103.0000
sigma     = 10000.0000
1 4 4
9.984170198440552e-01 -3.704901039600372e-02 4.231865331530571e-02 1.624390363693237e+00 
3.701577335596085e-02 9.993134737014771e-01 1.568941166624427e-03 3.225218200683594e+01 
-4.234772920608521e-02 1.164153218269348e-10 9.991029500961304e-01 4.942778778076172e+01 
0.000000000000000e+00 0.000000000000000e+00 0.000000000000000e+00 1.000000000000000e+00 
src volume info
valid = 1  # volume info valid
filename = /out/sourcedata/freesurfer/sub-v1s22x0050526_ses-1/mri/norm.mgz
volume = 256 256 256
voxelsize = 1.000000000000000e+00 1.000000000000000e+00 1.000000000000000e+00
xras   = -9.999998807907104e-01 0.000000000000000e+00 0.000000000000000e+00
yras   = -3.725290298461914e-09 0.000000000000000e+00 -9.999999403953552e-01
zras   = 0.000000000000000e+00 1.000000000000000e+00 0.000000000000000e+00
cras   = 2.165901184082031e+00 4.993087768554688e+01 -2.061230468750000e+01
dst volume info
valid = 1  # volume info valid
filename = /out/sourcedata/freesurfer/sub-v1s22x0050526_ses-1/mri/norm.mgz
volume = 256 256 256
voxelsize = 1.000000000000000e+00 1.000000000000000e+00 1.000000000000000e+00
xras   = -9.999998807907104e-01 0.000000000000000e+00 0.000000000000000e+00
yras   = -3.725290298461914e-09 0.000000000000000e+00 -9.999999403953552e-01
zras   = 0.000000000000000e+00 1.000000000000000e+00 0.000000000000000e+00
cras   = 2.165901184082031e+00 4.993087768554688e+01 -2.061230468750000e+01
