#Insight Transform File V1.0
#Transform 0
Transform: AffineTransform_float_3_3
Parameters: 1 0.000574562 0.00030383 -0.000575438 0.999999 0.00144383 -0.000303169 -0.00144417 0.999999 -0.0100884 0.0315925 0.314146
FixedParameters: 0 0 0

#Transform 1
Transform: AffineTransform_float_3_3
Parameters: 0.999999 0.000592183 0.000599807 -0.000592815 0.999999 0.00136164 -0.000598193 -0.00136235 0.999999 -0.0238319 0.00753049 0.246593
FixedParameters: 0 0 0

#Transform 2
Transform: AffineTransform_float_3_3
Parameters: 1 0.00045755 0.000330623 -0.000457449 0.999999 0.00136185 -0.000329377 -0.00136215 0.999999 0.00141558 0.0549322 0.310818
FixedParameters: 0 0 0

#Transform 3
Transform: AffineTransform_float_3_3
Parameters: 1 0.000215764 0.000158322 -0.000216236 0.999999 0.00149397 -0.000157677 -0.00149403 0.999999 0.000640199 -0.0243303 0.277401
FixedParameters: 0 0 0

#Transform 4
Transform: AffineTransform_float_3_3
Parameters: 1 0.000304347 0.000498399 -0.000304653 0.999999 0.00130985 -0.000498601 -0.00131015 0.999999 -0.00823704 -0.00795301 0.211955
FixedParameters: 0 0 0

#Transform 5
Transform: AffineTransform_float_3_3
Parameters: 1 0.000207808 0.000158253 -0.000208192 0.999999 0.00121597 -0.000157747 -0.00121603 0.999999 0.0089831 0.031677 0.25196
FixedParameters: 0 0 0

#Transform 6
Transform: AffineTransform_float_3_3
Parameters: 1 -7.94003e-05 0.000340907 7.85996e-05 1 0.00117403 -0.000341093 -0.00117397 1 0.00253927 -0.0234979 0.185114
FixedParameters: 0 0 0

#Transform 7
Transform: AffineTransform_float_3_3
Parameters: 1 2.98594e-05 0.000158027 -3.01406e-05 0.999999 0.000889995 -0.000157973 -0.000890004 0.999999 0.00836525 0.0396689 0.190721
FixedParameters: 0 0 0

#Transform 8
Transform: AffineTransform_float_3_3
Parameters: 1 -0.000183169 0.000189837 0.000182831 0.999999 0.000890034 -0.000190163 -0.000889964 0.999999 0.0034808 0.00270295 0.181803
FixedParameters: 0 0 0

#Transform 9
Transform: AffineTransform_float_3_3
Parameters: 1 -0.000220732 -0.000262226 0.000221268 1 0.00102294 0.000261774 -0.00102306 1 0.00746842 -0.000150132 0.0613808
FixedParameters: 0 0 0

#Transform 10
Transform: AffineTransform_float_3_3
Parameters: 1 -0.000212014 -3.29126e-05 0.000211986 1 -0.000412007 3.30873e-05 0.000411993 1 0.00780754 0.0300755 0.0351056
FixedParameters: 0 0 0

#Transform 11
Transform: AffineTransform_float_3_3
Parameters: 1 -5.59968e-05 4.40041e-05 5.60032e-05 1 -7.29975e-05 -4.39959e-05 7.30025e-05 1 0.0148135 0.0511053 0.0873476
FixedParameters: 0 0 0

#Transform 12
Transform: AffineTransform_float_3_3
Parameters: 1 -9.2e-05 3.99945e-06 9.2e-05 1 6.00037e-06 -4.00055e-06 -5.99963e-06 1 0.0132372 0.00801845 0.0564933
FixedParameters: 0 0 0

#Transform 13
Transform: AffineTransform_float_3_3
Parameters: 1 0.000208 4.01872e-06 -0.000208 1 8.99992e-05 -3.98128e-06 -9.00008e-05 1 0.0118309 0.0604678 0.117622
FixedParameters: 0 0 0

#Transform 14
Transform: AffineTransform_float_3_3
Parameters: 1 -0.000114029 0.000101968 0.000113971 1 0.000282012 -0.000102032 -0.000281988 1 0.0216834 0.00430874 0.0880858
FixedParameters: 0 0 0

#Transform 15
Transform: AffineTransform_float_3_3
Parameters: 1 -0.000179015 0.000170984 0.000178985 1 9.00306e-05 -0.000171016 -8.99694e-05 1 0.00698777 0.0418425 0.0886953
FixedParameters: 0 0 0

#Transform 16
Transform: AffineTransform_float_3_3
Parameters: 1 -0.000208984 0.00033601 0.000209016 1 -4.69298e-05 -0.00033599 4.70702e-05 1 -0.00157366 0.0271759 0.072164
FixedParameters: 0 0 0

#Transform 17
Transform: AffineTransform_float_3_3
Parameters: 1 -0.00019003 0.000335983 0.00018997 1 9.00638e-05 -0.000336017 -8.99361e-05 1 0.000119995 0.0411007 0.053466
FixedParameters: 0 0 0

#Transform 18
Transform: AffineTransform_float_3_3
Parameters: 1 -0.000179016 0.000178984 0.000178984 1 9.0032e-05 -0.000179016 -8.9968e-05 1 -9.45751e-05 0.0254594 0.0461337
FixedParameters: 0 0 0

#Transform 19
Transform: AffineTransform_float_3_3
Parameters: 1 -8.59923e-05 0.000107006 8.60077e-05 1 -7.19908e-05 -0.000106994 7.20092e-05 1 -0.00145447 0.043426 0.0782376
FixedParameters: 0 0 0

#Transform 20
Transform: AffineTransform_float_3_3
Parameters: 1 -0.000211012 -6.39605e-05 0.000210988 1 -0.000187013 6.40395e-05 0.000186986 1 0.00279224 0.00742749 0.0146762
FixedParameters: 0 0 0

#Transform 21
Transform: AffineTransform_float_3_3
Parameters: 1 0.000208197 0.000234825 -0.000207803 0.999999 -0.000839048 -0.000235174 0.00083895 0.999999 -0.0107332 0.0640561 0.0204911
FixedParameters: 0 0 0

#Transform 22
Transform: AffineTransform_float_3_3
Parameters: 1 3.08754e-05 -9.70397e-05 -3.11245e-05 0.999999 -0.001284 9.69601e-05 0.001284 0.999999 -0.00693787 0.0477762 -0.0384202
FixedParameters: 0 0 0

#Transform 23
Transform: AffineTransform_float_3_3
Parameters: 1 0.000207879 -9.72587e-05 -0.000208121 0.999999 -0.00124398 9.67412e-05 0.00124402 0.999999 -0.00596393 0.0953465 0.0383886
FixedParameters: 0 0 0

#Transform 24
Transform: AffineTransform_float_3_3
Parameters: 1 0.000208033 6.28906e-05 -0.000207967 1 -0.000526013 -6.31094e-05 0.000525987 1 -0.00228704 0.0318302 0.0595979
FixedParameters: 0 0 0

#Transform 25
Transform: AffineTransform_float_3_3
Parameters: 1 0.000208166 0.000249862 -0.000207834 1 -0.000663052 -0.000250138 0.000662948 0.999999 -0.0110828 0.0467415 0.0282675
FixedParameters: 0 0 0

#Transform 26
Transform: AffineTransform_float_3_3
Parameters: 1 0.000208289 0.000289793 -0.000207711 0.999999 -0.00099706 -0.000290207 0.00099694 1 -0.0187121 0.103321 0.0821996
FixedParameters: 0 0 0

#Transform 27
Transform: AffineTransform_float_3_3
Parameters: 1 -0.000134976 0.000291011 0.000135024 1 -8.19607e-05 -0.000290989 8.20393e-05 1 0.00128243 -0.00542719 0.0981586
FixedParameters: 0 0 0

#Transform 28
Transform: AffineTransform_float_3_3
Parameters: 1 -0.000228979 0.000291016 0.000229021 1 -7.19334e-05 -0.000290983 7.20666e-05 1 -0.00308065 0.0109052 0.0422947
FixedParameters: 0 0 0

#Transform 29
Transform: AffineTransform_float_3_3
Parameters: 1 -0.000228971 9.10723e-05 0.000229029 1 -0.000315979 -9.09276e-05 0.000316021 1 0.00280604 0.0715377 0.0731439
FixedParameters: 0 0 0

#Transform 30
Transform: AffineTransform_float_3_3
Parameters: 1 -0.000228993 2.80556e-05 0.000229007 1 -0.000242994 -2.79443e-05 0.000243006 1 0.0155056 0.0157144 0.0719653
FixedParameters: 0 0 0

#Transform 31
Transform: AffineTransform_float_3_3
Parameters: 1 -0.000370996 2.20675e-05 0.000371004 1 -0.000181992 -2.19325e-05 0.000182008 1 0.0130991 -0.00241693 -0.00425625
FixedParameters: 0 0 0

#Transform 32
Transform: AffineTransform_float_3_3
Parameters: 1 -0.000229097 -0.000166867 0.000228903 1 -0.000582038 0.000167133 0.000581962 1 0.0196064 0.0703591 0.0306711
FixedParameters: 0 0 0

#Transform 33
Transform: AffineTransform_float_3_3
Parameters: 1 -0.000229023 -6.0913e-05 0.000228977 1 -0.000380014 6.1087e-05 0.000379986 1 0.0174031 0.0159169 0.00071929
FixedParameters: 0 0 0

#Transform 34
Transform: AffineTransform_float_3_3
Parameters: 1 -0.00022908 -0.00016689 0.00022892 1 -0.000480038 0.00016711 0.000479962 1 0.0196301 0.0159277 -0.0362297
FixedParameters: 0 0 0

#Transform 35
Transform: AffineTransform_float_3_3
Parameters: 1 -0.000229168 -0.000166769 0.000228832 0.999999 -0.00100604 0.00016723 0.00100596 0.999999 0.0196254 0.0450021 -0.0482887
FixedParameters: 0 0 0

#Transform 36
Transform: AffineTransform_float_3_3
Parameters: 1 -0.000295152 -0.000166731 0.000294847 0.999999 -0.000912048 0.000167269 0.00091195 0.999999 0.0108519 0.0432292 -0.0707316
FixedParameters: 0 0 0

#Transform 37
Transform: AffineTransform_float_3_3
Parameters: 1 -0.000229189 -0.000115627 0.000228812 0.999998 -0.00162903 0.000115373 0.00162897 0.999998 0.00832574 0.0581146 -0.0709888
FixedParameters: 0 0 0

#Transform 38
Transform: AffineTransform_float_3_3
Parameters: 1 -3.2074e-05 -8.89733e-05 3.19259e-05 0.999999 -0.000832002 8.90266e-05 0.000831997 0.999999 0.00839135 0.0595 -0.00385397
FixedParameters: 0 0 0

#Transform 39
Transform: AffineTransform_float_3_3
Parameters: 1 -0.000107141 -0.00016691 0.000106859 0.999999 -0.000842017 0.00016709 0.000841982 0.999999 0.0116216 0.0185739 -0.00938305
FixedParameters: 0 0 0

#Transform 40
Transform: AffineTransform_float_3_3
Parameters: 1 -8.81679e-05 -0.000166911 8.78319e-05 0.999999 -0.00100601 0.000167088 0.00100598 0.999999 0.00136992 0.051416 -0.0143223
FixedParameters: 0 0 0

#Transform 41
Transform: AffineTransform_float_3_3
Parameters: 1 -0.000229129 -0.000166823 0.000228871 0.999999 -0.000774038 0.000167177 0.000773961 0.999999 0.0129007 0.0425424 0.0192331
FixedParameters: 0 0 0

#Transform 42
Transform: AffineTransform_float_3_3
Parameters: 1 -0.000229768 0.000469625 0.000229232 0.999998 0.00163411 -0.000470375 -0.00163389 0.999998 0.00612159 -0.0224071 0.288658
FixedParameters: 0 0 0

#Transform 43
Transform: AffineTransform_float_3_3
Parameters: 0.999998 -0.00091573 0.0018193 0.000888258 0.999885 0.0151857 -0.0018337 -0.0151834 0.999883 0.0193448 -0.289101 0.843366
FixedParameters: 0 0 0

#Transform 44
Transform: AffineTransform_float_3_3
Parameters: 0.999999 -0.000383631 0.000856271 0.000381367 0.999998 0.00190433 -0.000857727 -0.00190367 0.999998 0.0206603 -0.0349072 0.275139
FixedParameters: 0 0 0

#Transform 45
Transform: AffineTransform_float_3_3
Parameters: 1 -0.000453621 0.000993262 0.00045238 0.999998 0.00163145 -0.00099374 -0.00163155 0.999998 0.012199 0.00794236 0.276914
FixedParameters: 0 0 0

#Transform 46
Transform: AffineTransform_float_3_3
Parameters: 0.999999 -0.000508054 0.000651179 0.000506946 0.999998 0.00161833 -0.000651821 -0.00161767 0.999999 0.0022462 -0.0228335 0.158051
FixedParameters: 0 0 0

#Transform 47
Transform: AffineTransform_float_3_3
Parameters: 0.999999 -0.000329943 0.000627505 0.000329058 0.999999 0.00150221 -0.000627495 -0.00150179 0.999998 0.0140173 0.0225417 0.102308
FixedParameters: 0 0 0

#Transform 48
Transform: AffineTransform_float_3_3
Parameters: 1 -0.000295726 0.000617653 0.000295275 1 0.00117518 -0.000617347 -0.00117482 0.999999 0.0148984 0.0546811 0.122003
FixedParameters: 0 0 0

#Transform 49
Transform: AffineTransform_float_3_3
Parameters: 1 -0.000229695 0.00059173 0.000229304 1 0.00117514 -0.00059227 -0.00117486 0.999999 0.0126913 -0.0153447 0.0364927
FixedParameters: 0 0 0

#Transform 50
Transform: AffineTransform_float_3_3
Parameters: 1 -0.000229721 0.00061373 0.000229278 1 0.00117514 -0.00061427 -0.00117486 0.999999 0.0160686 0.00897136 0.0546225
FixedParameters: 0 0 0

#Transform 51
Transform: AffineTransform_float_3_3
Parameters: 1 -0.000132367 0.000406881 0.000131633 0.999999 0.000902053 -0.000407119 -0.000901945 0.999999 0.022305 0.0211035 0.0804458
FixedParameters: 0 0 0

#Transform 52
Transform: AffineTransform_float_3_3
Parameters: 1 -0.000229004 0.000613998 0.000228996 1 6.1406e-06 -0.000614001 -5.85939e-06 1 0.00847053 0.0190412 -0.0101914
FixedParameters: 0 0 0

#Transform 53
Transform: AffineTransform_float_3_3
Parameters: 1 -8.41086e-05 0.000613985 8.38913e-05 1 0.000177052 -0.000614015 -0.000176948 1 0.000714163 0.06328 0.0944407
FixedParameters: 0 0 0

#Transform 54
Transform: AffineTransform_float_3_3
Parameters: 1 -0.000229191 0.000613929 0.00022881 1 0.00031014 -0.000614071 -0.000310859 1 -0.00925767 0.0142456 0.0398203
FixedParameters: 0 0 0

#Transform 55
Transform: AffineTransform_float_3_3
Parameters: 1 -0.000228952 0.000476023 0.000229048 1 -0.000100891 -0.000475977 0.000101109 1 -0.00128983 0.0594561 0.034186
FixedParameters: 0 0 0

#Transform 56
Transform: AffineTransform_float_3_3
Parameters: 1 -0.000315735 0.000473176 0.000316265 1 -0.00055885 -0.000473823 0.000559149 0.999999 -0.0123284 0.0489226 -0.0310198
FixedParameters: 0 0 0

#Transform 57
Transform: AffineTransform_float_3_3
Parameters: 1 -0.000228268 0.000334501 0.000228731 0.999997 -0.00219092 -0.000333499 0.00219107 0.999997 -0.0191491 0.102882 -0.121638
FixedParameters: 0 0 0

#Transform 58
Transform: AffineTransform_float_3_3
Parameters: 1 0.000291027 0.000613514 -0.000289972 0.999998 -0.00167318 -0.000614486 0.00167282 0.999999 -0.0280903 0.113135 -0.0106177
FixedParameters: 0 0 0

#Transform 59
Transform: AffineTransform_float_3_3
Parameters: 1 -0.000228855 0.00041508 0.000229145 1 -0.000349905 -0.00041492 0.000350095 1 -0.018283 0.0457153 0.0665911
FixedParameters: 0 0 0

#Transform 60
Transform: AffineTransform_float_3_3
Parameters: 1 0.000312147 0.000613925 -0.000311852 1 -0.000240191 -0.000614075 0.000239808 1 -0.0217536 0.0198844 0.0318891
FixedParameters: 0 0 0

#Transform 61
Transform: AffineTransform_float_3_3
Parameters: 1 -0.000228875 0.000394073 0.000229125 1 -0.00031791 -0.000393927 0.00031709 1 -0.0133175 0.0873809 0.0513215
FixedParameters: 0 0 0

#Transform 62
Transform: AffineTransform_float_3_3
Parameters: 1 -0.000228989 0.000291009 0.000229011 1 -3.89334e-05 -0.000290991 3.90666e-05 1 -0.00580617 0.0346624 -0.0198564
FixedParameters: 0 0 0

#Transform 63
Transform: AffineTransform_float_3_3
Parameters: 1 -0.000114815 0.000327065 0.000115185 1 -0.000564962 -0.000326935 0.000565037 1 -0.00445585 0.0722195 -0.02697
FixedParameters: 0 0 0

#Transform 64
Transform: AffineTransform_float_3_3
Parameters: 1 -0.000228722 0.000380167 0.000229278 0.999999 -0.000730912 -0.000379832 0.000731086 0.999999 -0.00765216 0.081449 -0.0353805
FixedParameters: 0 0 0

#Transform 65
Transform: AffineTransform_float_3_3
Parameters: 1 -0.000228663 0.000363212 0.000229337 0.999999 -0.000926916 -0.000363787 0.000927082 0.999999 -0.0073428 0.0767836 -0.0425234
FixedParameters: 0 0 0

#Transform 66
Transform: AffineTransform_float_3_3
Parameters: 1 -9.5898e-05 0.000178055 9.6102e-05 1 -0.000572983 -0.000177945 0.000573017 1 0.00729928 0.0777443 0.0394638
FixedParameters: 0 0 0

#Transform 67
Transform: AffineTransform_float_3_3
Parameters: 1 -4.65169e-05 0.000488046 4.74831e-05 1 -0.000989978 -0.000487953 0.000990024 1 -0.00663877 0.0428232 -0.0173208
FixedParameters: 0 0 0

#Transform 68
Transform: AffineTransform_float_3_3
Parameters: 1 -0.000228429 0.000477274 0.000229572 1 -0.00119589 -0.000477726 0.00119611 0.999999 -0.00970235 0.0795465 0.0333497
FixedParameters: 0 0 0

#Transform 69
Transform: AffineTransform_float_3_3
Parameters: 1 -0.000228549 0.000464222 0.000229451 1 -0.000971895 -0.000463777 0.000972107 1 -0.00942635 0.0372279 0.00025062
FixedParameters: 0 0 0

#Transform 70
Transform: AffineTransform_float_3_3
Parameters: 1 -0.000140894 0.000316047 0.000141106 1 -0.000333955 -0.000315953 0.000334044 1 -0.00466257 0.0585729 0.0431904
FixedParameters: 0 0 0

#Transform 71
Transform: AffineTransform_float_3_3
Parameters: 1 -0.000228982 0.000389011 0.000229018 1 -4.69109e-05 -0.000388989 4.70891e-05 1 -0.0102975 0.0432534 0.0113677
FixedParameters: 0 0 0

#Transform 72
Transform: AffineTransform_float_3_3
Parameters: 1 -0.000228982 0.00038901 0.000229018 1 -4.59109e-05 -0.000388989 4.60891e-05 1 -0.00782616 0.0555251 0.0193675
FixedParameters: 0 0 0

#Transform 73
Transform: AffineTransform_float_3_3
Parameters: 1 -0.000228951 0.000389029 0.00022905 1 -0.000127911 -0.000388971 0.000127089 1 -0.00783675 0.0762662 0.0043456
FixedParameters: 0 0 0

#Transform 74
Transform: AffineTransform_float_3_3
Parameters: 1 -0.000228891 0.000443056 0.000229109 1 -0.000245898 -0.000442944 0.000246101 1 -0.00896553 0.0400263 0.0228094
FixedParameters: 0 0 0

#Transform 75
Transform: AffineTransform_float_3_3
Parameters: 1 3.63441e-05 0.000481974 -3.56558e-05 0.999999 -0.000714017 -0.000482025 0.000713982 0.999999 -0.00505791 0.0671342 -0.0326621
FixedParameters: 0 0 0

#Transform 76
Transform: AffineTransform_float_3_3
Parameters: 1 -0.000228683 0.000568127 0.000229317 1 -0.00055787 -0.000567872 0.00055813 0.999999 -0.0116644 0.0641673 -0.038655
FixedParameters: 0 0 0

#Transform 77
Transform: AffineTransform_float_3_3
Parameters: 1 -0.000174587 0.000531136 0.000175413 0.999999 -0.000777907 -0.000530864 0.000778093 1 -0.00987326 0.0699635 -0.0592585
FixedParameters: 0 0 0

#Transform 78
Transform: AffineTransform_float_3_3
Parameters: 1 -0.000228515 0.000567196 0.000229485 0.999999 -0.00085487 -0.000566804 0.00085513 1 -0.0116571 0.0529194 -0.0648446
FixedParameters: 0 0 0

#Transform 79
Transform: AffineTransform_float_3_3
Parameters: 1 -0.000166566 0.000573126 0.000167434 0.999999 -0.000756904 -0.000572873 0.000757095 0.999999 -0.00420862 0.0905533 -0.00336711
FixedParameters: 0 0 0

#Transform 80
Transform: AffineTransform_float_3_3
Parameters: 1 -0.000228773 0.000389133 0.000229226 1 -0.000581911 -0.000388867 0.000582089 1 -0.007834 0.0324221 -0.0143944
FixedParameters: 0 0 0

#Transform 81
Transform: AffineTransform_float_3_3
Parameters: 1 -0.000228774 0.000389133 0.000229226 1 -0.000580911 -0.000388867 0.000581089 1 0.00442184 0.0671347 0.00562626
FixedParameters: 0 0 0

#Transform 82
Transform: AffineTransform_float_3_3
Parameters: 1 -0.000228826 0.000389102 0.000229174 1 -0.000446911 -0.000388897 0.000447089 1 0.00949684 0.0111151 -0.042761
FixedParameters: 0 0 0

#Transform 83
Transform: AffineTransform_float_3_3
Parameters: 1 -0.000228552 0.000389263 0.000229448 1 -0.00115091 -0.000388736 0.00115109 1 -0.00174661 0.0650454 -0.0918631
FixedParameters: 0 0 0

#Transform 84
Transform: AffineTransform_float_3_3
Parameters: 1 -0.000228689 0.000389183 0.000229311 0.999999 -0.00079991 -0.000388816 0.000800088 0.999999 -0.00784699 0.0469803 -0.0494893
FixedParameters: 0 0 0

#Transform 85
Transform: AffineTransform_float_3_3
Parameters: 1 -0.000228847 0.00038909 0.000229152 1 -0.000391911 -0.00038891 0.000392089 1 -0.00783897 0.0667037 -0.00698275
FixedParameters: 0 0 0

#Transform 86
Transform: AffineTransform_float_3_3
Parameters: 1 -0.000228843 0.000389092 0.000229157 1 -0.000403911 -0.000388907 0.000404089 1 -0.00785177 0.0420185 -0.054414
FixedParameters: 0 0 0

#Transform 87
Transform: AffineTransform_float_3_3
Parameters: 1 -0.000228744 0.000389151 0.000229256 1 -0.00065891 -0.000388849 0.000659089 0.999999 -0.00785299 0.0871682 -0.0309798
FixedParameters: 0 0 0

#Transform 88
Transform: AffineTransform_float_3_3
Parameters: 0.999999 -0.000229126 0.000712959 0.000228874 1 0.000177163 -0.00071304 -0.000176837 0.999999 -0.00898574 0.0630657 0.117279
FixedParameters: 0 0 0

#Transform 89
Transform: AffineTransform_float_3_3
Parameters: 0.999996 -0.00232726 0.00160865 0.00230075 0.999867 0.0161398 -0.00164534 -0.0161352 0.999868 0.0585788 -0.377509 0.842173
FixedParameters: 0 0 0

#Transform 90
Transform: AffineTransform_float_3_3
Parameters: 1 -0.000436164 0.00032578 0.000435835 1 0.000505142 -0.00032622 -0.000504858 1 0.0398148 0.0644788 0.220112
FixedParameters: 0 0 0

#Transform 91
Transform: AffineTransform_float_3_3
Parameters: 1 -0.000538582 0.000456314 0.000537417 0.999999 0.00127425 -0.000457685 -0.00127375 0.999999 0.0211609 0.0220689 0.178583
FixedParameters: 0 0 0

#Transform 92
Transform: AffineTransform_float_3_3
Parameters: 1 -0.000436365 0.000286444 0.000435635 0.999999 0.00127413 -0.000286555 -0.00127388 0.999999 0.0223496 0.0385737 0.128626
FixedParameters: 0 0 0

#Transform 93
Transform: AffineTransform_float_3_3
Parameters: 1 -0.000436582 0.000456444 0.000435417 0.999999 0.0012742 -0.000457555 -0.0012738 0.999999 0.0318914 0.0195721 0.121002
FixedParameters: 0 0 0

#Transform 94
Transform: AffineTransform_float_3_3
Parameters: 1 -0.000436627 0.000456401 0.000436372 0.999999 0.0013732 -0.000457599 -0.0013728 0.999999 0.0318788 0.0365662 0.109621
FixedParameters: 0 0 0

#Transform 95
Transform: AffineTransform_float_3_3
Parameters: 1 -0.000542227 0.000325621 0.000541772 0.999999 0.000699176 -0.000326379 -0.000698823 0.999999 0.0327378 0.0335056 0.0806327
FixedParameters: 0 0 0

#Transform 96
Transform: AffineTransform_float_3_3
Parameters: 1 -0.000436366 0.00045665 0.000435633 0.999999 0.000802198 -0.000457349 -0.0008018 0.999999 0.02386 0.0484835 0.097386
FixedParameters: 0 0 0

#Transform 97
Transform: AffineTransform_float_3_3
Parameters: 1 -0.000436511 0.000456512 0.000435489 1 0.0011182 -0.000457487 -0.0011178 1 0.0184922 0.0222896 0.072728
FixedParameters: 0 0 0

#Transform 98
Transform: AffineTransform_float_3_3
Parameters: 1 -0.000436318 0.000456696 0.000435682 0.999999 0.000696199 -0.000457303 -0.0006968 0.999999 0.0228368 0.0661953 0.0853459
FixedParameters: 0 0 0

#Transform 99
Transform: AffineTransform_float_3_3
Parameters: 1 -0.000436287 0.000456726 0.000435713 0.999999 0.000628199 -0.000457273 -0.0006278 0.999999 0.0171629 0.0385406 0.0526005
FixedParameters: 0 0 0

#Transform 100
Transform: AffineTransform_float_3_3
Parameters: 1 -0.000310032 0.000456978 0.000309967 1 7.11416e-05 -0.000457022 -7.08583e-05 1 0.0156718 0.0720835 0.0596027
FixedParameters: 0 0 0

#Transform 101
Transform: AffineTransform_float_3_3
Parameters: 1 -0.000231032 0.000456983 0.000230967 1 7.11055e-05 -0.000457016 -7.08944e-05 1 0.0118853 0.0683598 0.0364846
FixedParameters: 0 0 0

#Transform 102
Transform: AffineTransform_float_3_3
Parameters: 1 -0.000271986 0.000244016 0.000272014 1 -5.79336e-05 -0.000243984 5.80664e-05 1 0.0127238 0.0590925 0.0512238
FixedParameters: 0 0 0

#Transform 103
Transform: AffineTransform_float_3_3
Parameters: 1 -5.88091e-05 0.000332034 5.91909e-05 1 -0.00057498 -0.000331966 0.000575019 1 0.00905459 0.0663532 -0.00754561
FixedParameters: 0 0 0

#Transform 104
Transform: AffineTransform_float_3_3
Parameters: 1 -8.86621e-05 0.000356084 8.93378e-05 0.999999 -0.000948968 -0.000355916 0.000949032 1 0.00237676 0.0669466 0.0197475
FixedParameters: 0 0 0

#Transform 105
Transform: AffineTransform_float_3_3
Parameters: 1 0.00012032 0.000367895 -0.00012068 0.999999 -0.000870044 -0.000368105 0.000869955 0.999999 -0.00334156 0.0658694 0.0289849
FixedParameters: 0 0 0

#Transform 106
Transform: AffineTransform_float_3_3
Parameters: 1 0.000106221 0.000284917 -0.000105778 0.999999 -0.00077703 -0.000285082 0.000776969 0.999999 -0.00187677 0.0496748 0.0110068
FixedParameters: 0 0 0

#Transform 107
Transform: AffineTransform_float_3_3
Parameters: 1 0.000465297 0.000385641 -0.000465702 0.999999 -0.000771179 -0.000386359 0.00077082 0.999999 0.00257875 0.0864181 0.0106566
FixedParameters: 0 0 0

#Transform 108
Transform: AffineTransform_float_3_3
Parameters: 1 0.00033533 0.000477769 -0.00033467 0.999999 -0.00068916 -0.000478231 0.000689839 0.999999 -0.00175252 0.0687711 -0.00736486
FixedParameters: 0 0 0

#Transform 109
Transform: AffineTransform_float_3_3
Parameters: 1 4.60453e-05 5.29606e-05 -4.59546e-05 0.999999 -0.000856002 -5.30393e-05 0.000855997 0.999999 0.00189141 0.0785035 -0.0247628
FixedParameters: 0 0 0

#Transform 110
Transform: AffineTransform_float_3_3
Parameters: 1 5.41541e-05 5.28425e-05 -5.48454e-05 0.999996 -0.002912 -5.31599e-05 0.002912 0.999996 -0.00540898 0.139534 -0.161249
FixedParameters: 0 0 0

#Transform 111
Transform: AffineTransform_float_3_3
Parameters: 1 0.000186238 5.21563e-05 -0.000185762 0.999989 -0.00453301 -5.28426e-05 0.00453299 0.999989 -0.0182168 0.225124 -0.215478
FixedParameters: 0 0 0

#Transform 112
Transform: AffineTransform_float_3_3
Parameters: 1 0.000467349 0.000426439 -0.000465647 0.999985 -0.0054932 -0.000429564 0.0054928 0.999985 -0.0467242 0.23879 -0.242835
FixedParameters: 0 0 0

#Transform 113
Transform: AffineTransform_float_3_3
Parameters: 0.999999 0.000468761 0.000636246 -0.000465234 0.999983 -0.0058993 -0.000639756 0.00589871 0.999983 -0.0414233 0.23389 -0.283799
FixedParameters: 0 0 0

#Transform 114
Transform: AffineTransform_float_3_3
Parameters: 0.999999 0.000299833 0.000748475 -0.000296164 0.999987 -0.00511622 -0.000750524 0.00511577 0.999986 -0.0337123 0.175268 -0.275616
FixedParameters: 0 0 0

#Transform 115
Transform: AffineTransform_float_3_3
Parameters: 0.999999 0.000466769 0.00084102 -0.00046523 0.999997 -0.00210339 -0.00084198 0.00210261 0.999998 -0.0311809 0.124834 -0.00760074
FixedParameters: 0 0 0

#Transform 116
Transform: AffineTransform_float_3_3
Parameters: 1 0.000466503 0.000846174 -0.000465499 0.999999 -0.0017744 -0.000846828 0.00177461 0.999998 -0.0416342 0.073145 -0.0138016
FixedParameters: 0 0 0

#Transform 117
Transform: AffineTransform_float_3_3
Parameters: 1 0.000466617 0.000931192 -0.000465382 0.999999 -0.00173644 -0.00093281 0.00173557 0.999998 -0.0354523 0.130796 0.0020061
FixedParameters: 0 0 0

#Transform 118
Transform: AffineTransform_float_3_3
Parameters: 1 0.000465856 0.000888552 -0.000465144 1 -0.000963414 -0.000889449 0.000962587 0.999999 -0.0385216 0.0440858 0.0127817
FixedParameters: 0 0 0

#Transform 119
Transform: AffineTransform_float_3_3
Parameters: 1 0.000465963 0.000929519 -0.000465038 1 -0.00103543 -0.000929483 0.00103557 0.999999 -0.0344573 0.129538 0.0100549
FixedParameters: 0 0 0

#Transform 120
Transform: AffineTransform_float_3_3
Parameters: 0.999999 0.00046576 0.000874595 -0.000465239 0.999999 -0.000870407 -0.000874405 0.000869593 0.999999 -0.0191296 0.0735307 0.0112636
FixedParameters: 0 0 0

#Transform 121
Transform: AffineTransform_float_3_3
Parameters: 1 0.000465879 0.000874533 -0.000465122 1 -0.00100541 -0.000874468 0.00100459 0.999999 -0.0333199 0.101474 -0.0150971
FixedParameters: 0 0 0

#Transform 122
Transform: AffineTransform_float_3_3
Parameters: 1 0.000397416 0.000552701 -0.000396584 0.999999 -0.00075222 -0.000552299 0.000752781 1 -0.00552195 0.107636 0.000751992
FixedParameters: 0 0 0

#Transform 123
Transform: AffineTransform_float_3_3
Parameters: 0.999999 0.000465583 0.000786656 -0.000465418 0.999999 -0.000740366 -0.000786345 0.000740634 1 -0.019373 0.0578209 -0.0436305
FixedParameters: 0 0 0

#Transform 124
Transform: AffineTransform_float_3_3
Parameters: 0.999999 0.000345789 0.000907699 -0.000345209 0.999999 -0.000870314 -0.0009083 0.000869686 0.999999 -0.0145262 0.11903 -0.012947
FixedParameters: 0 0 0

#Transform 125
Transform: AffineTransform_float_3_3
Parameters: 0.999999 0.000229471 0.000755857 -0.000229529 1 -0.000623173 -0.000756143 0.000622826 0.999999 -0.0110857 0.0848379 -0.0619226
FixedParameters: 0 0 0

#Transform 126
Transform: AffineTransform_float_3_3
Parameters: 0.999999 0.000297594 0.000682741 -0.000296405 0.999999 -0.000870203 -0.000683258 0.000869797 1 -0.0122776 0.110168 -0.0442651
FixedParameters: 0 0 0

#Transform 127
Transform: AffineTransform_float_3_3
Parameters: 1 0.000318786 0.000628602 -0.000318214 0.999999 -0.0012492 -0.000629398 0.0012498 0.999999 -0.0102662 0.0622873 -0.0651273
FixedParameters: 0 0 0

#Transform 128
Transform: AffineTransform_float_3_3
Parameters: 0.999999 0.000280716 0.000688709 -0.000279286 1 -0.00103819 -0.00068829 0.00103881 0.999999 -0.0136435 0.0926587 -0.0383354
FixedParameters: 0 0 0

#Transform 129
Transform: AffineTransform_float_3_3
Parameters: 0.999999 0.000465621 0.000714595 -0.000465378 0.999999 -0.000870333 -0.000714405 0.000869668 1 -0.00567261 0.0939335 -0.0336548
FixedParameters: 0 0 0

#Transform 130
Transform: AffineTransform_float_3_3
Parameters: 0.999999 0.000465512 0.000702661 -0.000465488 0.999999 -0.000728327 -0.000703339 0.000728672 0.999999 -0.0091362 0.101905 0.00580493
FixedParameters: 0 0 0

#Transform 131
Transform: AffineTransform_float_3_3
Parameters: 0.999999 0.000465823 0.000789515 -0.000465177 1 -0.00104137 -0.000790485 0.00104163 0.999999 -0.0184194 0.0909178 -0.0157936
FixedParameters: 0 0 0

#Transform 132
Transform: AffineTransform_float_3_3
Parameters: 0.999999 0.000326606 0.000696716 -0.000326393 0.999999 -0.000870228 -0.000697284 0.000869772 1 -0.0115295 0.0874588 -0.00389312
FixedParameters: 0 0 0

#Transform 133
Transform: AffineTransform_float_3_3
Parameters: 0.999999 0.000465618 0.000710595 -0.000465381 1 -0.000870332 -0.000711405 0.00086967 1 -0.00930457 0.108067 -0.00391259
FixedParameters: 0 0 0

#Transform 134
Transform: AffineTransform_float_3_3
Parameters: 1 0.000340449 0.000451662 -0.000340552 1 -0.000993155 -0.000451338 0.000992847 1 -0.00612969 0.0753885 -0.0380326
FixedParameters: 0 0 0

#Transform 135
Transform: AffineTransform_float_3_3
Parameters: 1 0.000247987 0.000624609 -0.000247012 0.999998 -0.00158016 -0.000625391 0.00157985 0.999999 -0.0115607 0.0883707 -0.083327
FixedParameters: 0 0 0

#Transform 136
Transform: AffineTransform_float_3_3
Parameters: 1 0.000240286 0.000451317 -0.000238715 0.999996 -0.00284811 -0.000451682 0.00284789 0.999996 -0.00807119 0.123221 -0.165339
FixedParameters: 0 0 0

#Transform 137
Transform: AffineTransform_float_3_3
Parameters: 1 0.000258146 0.000282959 -0.000256854 0.999992 -0.00404107 -0.00028404 0.00404193 0.999992 -0.0153659 0.185635 -0.242092
FixedParameters: 0 0 0

#Transform 138
Transform: AffineTransform_float_3_3
Parameters: 1 0.000464486 -9.26156e-05 -0.000465516 0.999984 -0.00562796 9.03815e-05 0.00562804 0.999984 -0.00380353 0.222924 -0.304521
FixedParameters: 0 0 0

#Transform 139
Transform: AffineTransform_float_3_3
Parameters: 0.999999 0.000746346 0.000308765 -0.000745652 0.999991 -0.00433824 -0.000312238 0.00433777 0.999991 -0.0120057 0.195531 -0.181319
FixedParameters: 0 0 0

#Transform 140
Transform: AffineTransform_float_3_3
Parameters: 0.999999 0.000328507 0.000808793 -0.000327492 0.999999 -0.000627265 -0.000809205 0.000626734 0.999999 -0.00652271 0.0898933 0.130765
FixedParameters: 0 0 0

#Transform 141
Transform: AffineTransform_float_3_3
Parameters: 0.999997 -0.00176736 0.00197957 0.00173563 0.999866 0.0162335 -0.00200844 -0.0162295 0.999867 0.0501988 -0.371389 0.940852
FixedParameters: 0 0 0

#Transform 142
Transform: AffineTransform_float_3_3
Parameters: 0.999999 -0.000594616 0.00118519 0.000591384 0.999995 0.0030497 -0.00118681 -0.0030483 0.999994 0.0532842 -0.0101695 0.375038
FixedParameters: 0 0 0

#Transform 143
Transform: AffineTransform_float_3_3
Parameters: 0.999999 -0.00104183 0.000955921 0.00103917 0.999995 0.00296 -0.00095908 -0.002959 0.999995 0.0516361 -0.0127349 0.380604
FixedParameters: 0 0 0

#Transform 144
Transform: AffineTransform_float_3_3
Parameters: 0.999998 -0.000727934 0.00156371 0.000723064 0.999995 0.00315413 -0.00156629 -0.00315286 0.999994 0.0196995 -0.0483591 0.264493
FixedParameters: 0 0 0

#Transform 145
Transform: AffineTransform_float_3_3
Parameters: 0.999998 -0.00105686 0.00125876 0.00105313 0.999994 0.00306633 -0.00126223 -0.00306467 0.999994 0.0328733 0.0322166 0.275914
FixedParameters: 0 0 0

#Transform 146
Transform: AffineTransform_float_3_3
Parameters: 0.999998 -0.00105657 0.00125901 0.00105343 0.999996 0.00283333 -0.00126199 -0.00283167 0.999995 0.0373569 -0.007889 0.192189
FixedParameters: 0 0 0

#Transform 147
Transform: AffineTransform_float_3_3
Parameters: 0.999999 -0.00104218 0.000811203 0.00103982 0.999996 0.00268685 -0.000813796 -0.00268515 0.999996 0.0470729 0.0277229 0.197025
FixedParameters: 0 0 0

#Transform 148
Transform: AffineTransform_float_3_3
Parameters: 0.999999 -0.00106103 0.000811349 0.00105897 0.999997 0.00250086 -0.00081365 -0.00250014 0.999996 0.046682 -0.021524 0.153425
FixedParameters: 0 0 0

#Transform 149
Transform: AffineTransform_float_3_3
Parameters: 0.999999 -0.0010601 0.000812564 0.0010589 0.999998 0.00135586 -0.000813435 -0.00135414 0.999999 0.0439285 0.0189371 0.0924371
FixedParameters: 0 0 0

#Transform 150
Transform: AffineTransform_float_3_3
Parameters: 0.999999 -0.000953271 0.000883631 0.00095273 0.999999 0.00143684 -0.000885369 -0.00143616 0.999998 0.046928 0.0169031 0.0784234
FixedParameters: 0 0 0

#Transform 151
Transform: AffineTransform_float_3_3
Parameters: 1 -0.000739168 0.000812939 0.000737833 0.999998 0.0014366 -0.00081306 -0.0014354 0.999998 0.0346477 0.0589791 0.12203
FixedParameters: 0 0 0

#Transform 152
Transform: AffineTransform_float_3_3
Parameters: 1 -0.000740168 0.000812938 0.000738833 0.999998 0.0014366 -0.000813062 -0.0014354 0.999998 0.0375407 0.000989908 0.10105
FixedParameters: 0 0 0

#Transform 153
Transform: AffineTransform_float_3_3
Parameters: 0.999999 -0.000316989 0.000642512 0.00031601 0.999999 0.0015392 -0.000643487 -0.0015388 0.999998 0.0497714 0.0399063 0.112146
FixedParameters: 0 0 0

#Transform 154
Transform: AffineTransform_float_3_3
Parameters: 1 -0.000784168 0.000812875 0.000782833 0.999998 0.00143664 -0.000813125 -0.00143536 0.999998 0.0339781 0.0137503 0.101023
FixedParameters: 0 0 0

#Transform 155
Transform: AffineTransform_float_3_3
Parameters: 1 -0.000782861 0.000813173 0.00078214 0.999999 0.00105764 -0.000813828 -0.00105736 0.999999 0.0299097 0.066586 0.12089
FixedParameters: 0 0 0

#Transform 156
Transform: AffineTransform_float_3_3
Parameters: 1 -0.000782716 0.000714216 0.000781283 0.999999 0.00100256 -0.000715783 -0.00100144 0.999999 0.0308822 0.0262256 0.0982755
FixedParameters: 0 0 0

#Transform 157
Transform: AffineTransform_float_3_3
Parameters: 1 -0.000782737 0.000813292 0.000781264 1 0.000905636 -0.000813708 -0.000905364 1 0.0265805 0.0590059 0.0852009
FixedParameters: 0 0 0

#Transform 158
Transform: AffineTransform_float_3_3
Parameters: 1 -0.0007829 0.000813135 0.0007821 0.999999 0.00110664 -0.000813866 -0.00110536 0.999999 0.0255204 0.0270901 0.0715502
FixedParameters: 0 0 0

#Transform 159
Transform: AffineTransform_float_3_3
Parameters: 1 -0.000782633 0.00072732 0.000781368 1 0.000870569 -0.00072768 -0.000869432 1 0.0176726 0.0598672 0.0853032
FixedParameters: 0 0 0

#Transform 160
Transform: AffineTransform_float_3_3
Parameters: 1 -0.000782542 0.000813479 0.000781459 1 0.000666637 -0.000813521 -0.000665364 1 0.0135623 0.0522629 0.0477438
FixedParameters: 0 0 0

#Transform 161
Transform: AffineTransform_float_3_3
Parameters: 1 -0.000632975 0.00081402 0.000633025 1 -3.04847e-05 -0.00081398 3.15152e-05 0.999999 0.0201325 0.0560184 0.0605477
FixedParameters: 0 0 0

#Transform 162
Transform: AffineTransform_float_3_3
Parameters: 1 -0.000624818 0.00081414 0.000625182 1 -0.000223491 -0.000813861 0.000223509 0.999999 0.0175798 0.0581874 0.0412442
FixedParameters: 0 0 0

#Transform 163
Transform: AffineTransform_float_3_3
Parameters: 1 -0.000616823 0.000813377 0.000616178 1 0.0010115 -0.000813624 -0.0010105 0.999999 0.0314578 0.0445315 0.0983087
FixedParameters: 0 0 0

#Transform 164
Transform: AffineTransform_float_3_3
Parameters: 1 -0.000616192 0.000701832 0.000615808 1 0.000273432 -0.000702168 -0.000272567 0.999999 0.0187667 0.0284534 0.00257724
FixedParameters: 0 0 0

#Transform 165
Transform: AffineTransform_float_3_3
Parameters: 0.999999 -0.000615742 0.000410386 0.000616258 0.999999 -0.000627747 -0.000410613 0.000627253 0.999999 0.0156576 0.0899678 -0.0269513
FixedParameters: 0 0 0

#Transform 166
Transform: AffineTransform_float_3_3
Parameters: 1 -0.000239302 0.000327511 0.000239697 0.999997 -0.00213392 -0.000326489 0.00213408 0.999997 -0.00429764 0.116349 -0.111485
FixedParameters: 0 0 0

#Transform 167
Transform: AffineTransform_float_3_3
Parameters: 1 0.00026471 0.000325617 -0.000263293 0.999986 -0.00524109 -0.000326384 0.00524092 0.999986 -0.0121145 0.2369 -0.29025
FixedParameters: 0 0 0

#Transform 168
Transform: AffineTransform_float_3_3
Parameters: 1 0.000319925 -0.000182893 -0.00032107 0.999983 -0.00590794 0.000180106 0.00590806 0.999982 -0.0100114 0.263045 -0.312866
FixedParameters: 0 0 0

#Transform 169
Transform: AffineTransform_float_3_3
Parameters: 1 0.000587532 -7.76259e-05 -0.00058847 0.999981 -0.00616895 7.43711e-05 0.00616904 0.999981 -0.0227558 0.247817 -0.307509
FixedParameters: 0 0 0

#Transform 170
Transform: AffineTransform_float_3_3
Parameters: 1 0.000597511 0.000273725 -0.000595487 0.999985 -0.00548816 -0.000277272 0.00548783 0.999985 -0.0307002 0.257168 -0.189314
FixedParameters: 0 0 0

#Transform 171
Transform: AffineTransform_float_3_3
Parameters: 0.999999 0.000440726 0.000823078 -0.000438273 0.999997 -0.00209736 -0.000823921 0.00209664 0.999998 -0.0245331 0.114367 -0.0245878
FixedParameters: 0 0 0

#Transform 172
Transform: AffineTransform_float_3_3
Parameters: 0.999999 -0.000106459 0.000774213 0.000107541 0.999998 -0.00199092 -0.000773787 0.00199108 0.999997 -0.0333182 0.16003 -0.164383
FixedParameters: 0 0 0

#Transform 173
Transform: AffineTransform_float_3_3
Parameters: 1 -0.00102009 0.000571849 0.00101992 1 0.000148583 -0.000572152 -0.000148417 1 0.0145926 0.106041 0.0829498
FixedParameters: 0 0 0

#Transform 174
Transform: AffineTransform_float_3_3
Parameters: 1 -0.000492863 0.000884966 0.000491137 0.999997 0.00210444 -0.000886036 -0.00210356 0.999998 0.0091309 -0.0253875 0.294596
FixedParameters: 0 0 0

#Transform 175
Transform: AffineTransform_float_3_3
Parameters: 0.999999 -0.000229607 0.00077382 0.000228393 0.999999 0.000784177 -0.000774179 -0.000783823 1 -0.000434888 0.0411211 0.096595
FixedParameters: 0 0 0

#Transform 176
Transform: AffineTransform_float_3_3
Parameters: 0.999999 -0.000260177 0.000773605 0.000258823 0.999999 0.0015202 -0.000774394 -0.0015208 0.999998 0.0114876 0.0709372 0.153005
FixedParameters: 0 0 0

#Transform 177
Transform: AffineTransform_float_3_3
Parameters: 0.999999 -0.000478713 0.000581413 0.000478287 0.999999 0.00122628 -0.000581587 -0.00122572 0.999999 0.00509228 0.0501599 0.0893127
FixedParameters: 0 0 0

#Transform 178
Transform: AffineTransform_float_3_3
Parameters: 0.999999 -0.000506018 0.000773334 0.000504981 0.999999 0.00131639 -0.000774665 -0.00131561 0.999999 0.0177504 0.0829932 0.114847
FixedParameters: 0 0 0

#Transform 179
Transform: AffineTransform_float_3_3
Parameters: 0.999999 -0.000677846 0.000597041 0.000677154 0.999999 0.0014154 -0.000597959 -0.00141559 0.999999 0.0174256 0.0422729 0.0736536
FixedParameters: 0 0 0

#Transform 180
Transform: AffineTransform_float_3_3
Parameters: 0.999999 -0.00049971 0.000518316 0.000498289 0.999999 0.00136926 -0.000519682 -0.00136874 0.999999 0.0352968 0.0630704 0.0811932
FixedParameters: 0 0 0

#Transform 181
Transform: AffineTransform_float_3_3
Parameters: 0.999999 -0.00049015 0.000515911 0.000489851 0.999998 0.00222526 -0.000517092 -0.00222575 0.999998 0.03547 0.019359 0.146645
FixedParameters: 0 0 0

#Transform 182
Transform: AffineTransform_float_3_3
Parameters: 0.999998 -0.00142462 0.00150194 0.00140138 0.999877 0.0156121 -0.00152406 -0.0156099 0.999877 0.0439664 -0.325198 0.746485
FixedParameters: 0 0 0

#Transform 183
Transform: AffineTransform_float_3_3
Parameters: 0.999999 -0.000813576 0.000155005 0.000813423 0.999993 0.00368213 -0.000157996 -0.00368187 0.999993 0.0558363 0.00129419 0.344871
FixedParameters: 0 0 0

#Transform 184
Transform: AffineTransform_float_3_3
Parameters: 0.999999 -0.000599837 0.000449559 0.000598161 0.999991 0.00407527 -0.000452441 -0.00407573 0.999991 0.025102 -0.0484438 0.227083
FixedParameters: 0 0 0

#Transform 185
Transform: AffineTransform_float_3_3
Parameters: 0.999999 -0.000632701 0.000410389 0.0006313 0.999992 0.00413226 -0.000412613 -0.00413274 0.999992 0.0401209 -0.00456548 0.268032
FixedParameters: 0 0 0

#Transform 186
Transform: AffineTransform_float_3_3
Parameters: 0.999999 -0.000588526 0.000410822 0.000587477 0.999993 0.00370524 -0.00041218 -0.00370576 0.999993 0.0408925 -0.0169334 0.192935
FixedParameters: 0 0 0

#Transform 187
Transform: AffineTransform_float_3_3
Parameters: 0.999999 -0.000588337 0.000411092 0.000587662 0.999994 0.00324724 -0.00041291 -0.00324676 0.999994 0.0296236 0.00115069 0.177621
FixedParameters: 0 0 0

#Transform 188
Transform: AffineTransform_float_3_3
Parameters: 1 -0.000587583 0.000205337 0.000587417 0.999996 0.00283112 -0.000206664 -0.00283088 0.999996 0.0397441 0.0327903 0.236537
FixedParameters: 0 0 0

#Transform 189
Transform: AffineTransform_float_3_3
Parameters: 1 -0.000587702 0.000247339 0.000587299 0.999996 0.00282815 -0.000248662 -0.00282785 0.999996 0.0330244 0.00895733 0.17365
FixedParameters: 0 0 0

#Transform 190
Transform: AffineTransform_float_3_3
Parameters: 1 -0.000587564 0.000204386 0.000587434 0.999996 0.00274812 -0.000206615 -0.00274788 0.999996 0.0295885 0.0320042 0.200582
FixedParameters: 0 0 0

#Transform 191
Transform: AffineTransform_float_3_3
Parameters: 1 -0.000587362 0.000133415 0.000587639 0.999996 0.00269908 -0.000134587 -0.00269892 0.999997 0.0380403 0.0231633 0.216602
FixedParameters: 0 0 0

#Transform 192
Transform: AffineTransform_float_3_3
