# transform file /out/sourcedata/freesurfer/sub-v1s22x0050530_ses-1/mri/transforms/cc_up.lta
# created by oesteban on Mon Mar  9 18:12:57 2026

type      = 0 # LINEAR_VOX_TO_VOX
nxforms   = 1
mean      = 130.0000 95.0000 119.0000
sigma     = 10000.0000
1 4 4
9.991322755813599e-01 1.447850745171309e-02 -3.905366733670235e-02 1.312732219696045e+00 
-1.446746010333300e-02 9.998952150344849e-01 5.654980777762830e-04 5.682678222656250e+01 
3.905776143074036e-02 0.000000000000000e+00 9.992370009422302e-01 1.400566482543945e+01 
0.000000000000000e+00 0.000000000000000e+00 0.000000000000000e+00 1.000000000000000e+00 
src volume info
valid = 1  # volume info valid
filename = /out/sourcedata/freesurfer/sub-v1s22x0050530_ses-1/mri/norm.mgz
volume = 256 256 256
voxelsize = 1.000000000000000e+00 1.000000000000000e+00 1.000000000000000e+00
xras   = -1.000000000000000e+00 0.000000000000000e+00 0.000000000000000e+00
yras   = 0.000000000000000e+00 0.000000000000000e+00 -1.000000000000000e+00
zras   = 0.000000000000000e+00 1.000000000000000e+00 0.000000000000000e+00
cras   = 1.374000549316406e+00 3.056042480468750e+01 1.982542419433594e+01
dst volume info
valid = 1  # volume info valid
filename = /out/sourcedata/freesurfer/sub-v1s22x0050530_ses-1/mri/norm.mgz
volume = 256 256 256
voxelsize = 1.000000000000000e+00 1.000000000000000e+00 1.000000000000000e+00
xras   = -1.000000000000000e+00 0.000000000000000e+00 0.000000000000000e+00
yras   = 0.000000000000000e+00 0.000000000000000e+00 -1.000000000000000e+00
zras   = 0.000000000000000e+00 1.000000000000000e+00 0.000000000000000e+00
cras   = 1.374000549316406e+00 3.056042480468750e+01 1.982542419433594e+01
