# transform file /out/sourcedata/freesurfer/sub-v1s22x0050467_ses-1/mri/transforms/cc_up.lta
# created by oesteban on Mon Mar  9 14:33:56 2026

type      = 0 # LINEAR_VOX_TO_VOX
nxforms   = 1
mean      = 129.0000 110.0000 111.0000
sigma     = 10000.0000
1 4 4
9.992868900299072e-01 -1.187434699386358e-02 3.584555536508560e-02 -1.937103986740112e+00 
1.186671480536461e-02 9.999296069145203e-01 4.256725369486958e-04 3.945084381103516e+01 
-3.584808483719826e-02 0.000000000000000e+00 9.993573427200317e-01 3.063277626037598e+01 
0.000000000000000e+00 0.000000000000000e+00 0.000000000000000e+00 1.000000000000000e+00 
src volume info
valid = 1  # volume info valid
filename = /out/sourcedata/freesurfer/sub-v1s22x0050467_ses-1/mri/norm.mgz
volume = 256 256 256
voxelsize = 1.000000000000000e+00 1.000000000000000e+00 1.000000000000000e+00
xras   = -1.000000000000000e+00 -1.862645149230957e-09 0.000000000000000e+00
yras   = 0.000000000000000e+00 0.000000000000000e+00 -1.000000000000000e+00
zras   = -1.862645149230957e-09 1.000000000000000e+00 0.000000000000000e+00
cras   = 2.159172058105469e+00 4.702733612060547e+01 -2.369032287597656e+01
dst volume info
valid = 1  # volume info valid
filename = /out/sourcedata/freesurfer/sub-v1s22x0050467_ses-1/mri/norm.mgz
volume = 256 256 256
voxelsize = 1.000000000000000e+00 1.000000000000000e+00 1.000000000000000e+00
xras   = -1.000000000000000e+00 -1.862645149230957e-09 0.000000000000000e+00
yras   = 0.000000000000000e+00 0.000000000000000e+00 -1.000000000000000e+00
zras   = -1.862645149230957e-09 1.000000000000000e+00 0.000000000000000e+00
cras   = 2.159172058105469e+00 4.702733612060547e+01 -2.369032287597656e+01
