# transform file /out/sourcedata/freesurfer/sub-v1s22x0050475_ses-1/mri/transforms/cc_up.lta
# created by oesteban on Mon Mar  9 15:40:34 2026

type      = 0 # LINEAR_VOX_TO_VOX
nxforms   = 1
mean      = 128.0000 98.0000 114.0000
sigma     = 10000.0000
1 4 4
9.984774589538574e-01 9.014865383505821e-03 -5.442159995436668e-02 4.496107101440430e+00 
-9.001504629850388e-03 9.999594688415527e-01 4.906232934445143e-04 5.111024856567383e+01 
5.442380905151367e-02 -5.820766785236131e-11 9.985179901123047e-01 1.514918994903564e+01 
0.000000000000000e+00 0.000000000000000e+00 0.000000000000000e+00 1.000000000000000e+00 
src volume info
valid = 1  # volume info valid
filename = /out/sourcedata/freesurfer/sub-v1s22x0050475_ses-1/mri/norm.mgz
volume = 256 256 256
voxelsize = 1.000000000000000e+00 1.000000000000000e+00 1.000000000000000e+00
xras   = -1.000000000000000e+00 -1.862645149230957e-09 0.000000000000000e+00
yras   = 0.000000000000000e+00 0.000000000000000e+00 -1.000000000000000e+00
zras   = 0.000000000000000e+00 1.000000000000000e+00 0.000000000000000e+00
cras   = 2.137336730957031e+00 3.367317962646484e+01 -8.068038940429688e+00
dst volume info
valid = 1  # volume info valid
filename = /out/sourcedata/freesurfer/sub-v1s22x0050475_ses-1/mri/norm.mgz
volume = 256 256 256
voxelsize = 1.000000000000000e+00 1.000000000000000e+00 1.000000000000000e+00
xras   = -1.000000000000000e+00 -1.862645149230957e-09 0.000000000000000e+00
yras   = 0.000000000000000e+00 0.000000000000000e+00 -1.000000000000000e+00
zras   = 0.000000000000000e+00 1.000000000000000e+00 0.000000000000000e+00
cras   = 2.137336730957031e+00 3.367317962646484e+01 -8.068038940429688e+00
