#Insight Transform File V1.0
#Transform 0
Transform: AffineTransform_float_3_3
Parameters: 1 0.00110146 -0.000399123 -0.00110171 1 -0.00031251 0.000398433 0.00031349 1 0.0206554 -0.0713159 -0.112712
FixedParameters: 0 0 0

#Transform 1
Transform: AffineTransform_float_3_3
Parameters: 0.999999 0.00132512 -0.000388064 -0.00132548 0.999999 -0.000466433 0.000386827 0.000466566 1 0.0353018 -0.066418 -0.124641
FixedParameters: 0 0 0

#Transform 2
Transform: AffineTransform_float_3_3
Parameters: 0.999999 0.000895558 -0.000409838 -0.000895143 1 -0.000712583 0.000408612 0.000713417 0.999999 0.0356928 -0.0442088 -0.116418
FixedParameters: 0 0 0

#Transform 3
Transform: AffineTransform_float_3_3
Parameters: 1 0.000464885 -0.000431563 -0.000464919 0.999999 -0.0011978 0.0004305 0.0011982 0.999999 0.0443875 -0.0580506 -0.136878
FixedParameters: 0 0 0

#Transform 4
Transform: AffineTransform_float_3_3
Parameters: 1 0.000493719 -0.00043028 -0.00049401 0.999999 -0.00150079 0.000428848 0.00150121 0.999999 0.0355622 -0.0443435 -0.113445
FixedParameters: 0 0 0

#Transform 5
Transform: AffineTransform_float_3_3
Parameters: 1 0.000519728 -0.000428955 -0.000520933 0.999999 -0.00140678 0.000427491 0.00140722 0.999999 0.0250089 -0.056647 -0.121
FixedParameters: 0 0 0

#Transform 6
Transform: AffineTransform_float_3_3
Parameters: 1 0.00111623 -0.000398958 -0.0011169 0.999999 -0.000840504 0.00039708 0.000841494 0.999999 0.0207717 -0.0772651 -0.105203
FixedParameters: 0 0 0

#Transform 7
Transform: AffineTransform_float_3_3
Parameters: 0.999999 0.00082628 -0.000414007 -0.000826648 0.999999 -0.00159161 0.000412425 0.00159239 0.999998 0.0144921 -0.0166487 -0.0897511
FixedParameters: 0 0 0

#Transform 8
Transform: AffineTransform_float_3_3
Parameters: 0.999999 0.000667537 -0.000421694 -0.000667746 0.999998 -0.00143472 0.000419828 0.00143528 0.999999 0.0130336 -0.0276463 -0.0995196
FixedParameters: 0 0 0

#Transform 9
Transform: AffineTransform_float_3_3
Parameters: 1 0.000153 -0.000323074 -0.000151142 0.999991 0.00441205 0.000324366 -0.00441195 0.99999 0.0130702 -0.162042 -0.0461837
FixedParameters: 0 0 0

#Transform 10
Transform: AffineTransform_float_3_3
Parameters: 1 0.000630455 -0.000221956 -0.000628769 0.999985 0.00555519 0.000224906 -0.00555481 0.999984 0.0208745 -0.179549 -0.0622025
FixedParameters: 0 0 0

#Transform 11
Transform: AffineTransform_float_3_3
Parameters: 0.999999 0.000651088 -0.000418724 -0.000649091 0.99999 0.00457328 0.000421573 -0.00457373 0.99999 0.012405 -0.137769 -0.017697
FixedParameters: 0 0 0

#Transform 12
Transform: AffineTransform_float_3_3
Parameters: 0.999999 0.000691402 -0.000417495 -0.000690673 0.999995 0.00307929 0.000418654 -0.00307871 0.999995 0.0227684 -0.0831716 -0.0108993
FixedParameters: 0 0 0

#Transform 13
Transform: AffineTransform_float_3_3
Parameters: 1 0.00038959 -0.000433926 -0.000388359 0.999997 0.00250817 0.000434827 -0.00250783 0.999997 0.0130553 -0.0388482 0.0137625
FixedParameters: 0 0 0

#Transform 14
Transform: AffineTransform_float_3_3
Parameters: 1 0.000355357 -0.00043596 -0.00035468 0.999998 0.00186416 0.000436234 -0.00186385 0.999998 0.00416414 -0.0304958 0.00471941
FixedParameters: 0 0 0

#Transform 15
Transform: AffineTransform_float_3_3
Parameters: 1 0.000417155 -0.00043282 -0.000416723 0.999998 0.00159418 0.0004331 -0.00159382 0.999998 0.00599445 -0.0307451 0.00869518
FixedParameters: 0 0 0

#Transform 16
Transform: AffineTransform_float_3_3
Parameters: 1 0.000417082 -0.00043289 -0.000416796 0.999999 0.00142618 0.00043303 -0.00142582 0.999999 0.00599207 -0.0278357 0.0170003
FixedParameters: 0 0 0

#Transform 17
Transform: AffineTransform_float_3_3
Parameters: 1 0.000508597 -0.000428534 -0.000508046 0.999999 0.00058322 0.000428128 -0.000583779 0.999999 0.0234609 -0.0268559 0.0109424
FixedParameters: 0 0 0

#Transform 18
Transform: AffineTransform_float_3_3
Parameters: 1 0.000141023 -0.000447384 -0.000140563 1 0.000457063 0.000446514 -0.000456937 1 0.0229363 0.0187442 0.0461833
FixedParameters: 0 0 0

#Transform 19
Transform: AffineTransform_float_3_3
Parameters: 1 -2.10364e-05 -0.000455642 2.09632e-05 1 -0.00013601 0.000454649 0.00013599 1 0.0295244 0.0143095 0.0113226
FixedParameters: 0 0 0

#Transform 20
Transform: AffineTransform_float_3_3
Parameters: 1 5.80531e-05 -0.000451631 -5.77453e-05 1 0.000285026 0.000450665 -0.000284974 1 0.0147354 -0.00711494 -0.000635825
FixedParameters: 0 0 0

#Transform 21
Transform: AffineTransform_float_3_3
Parameters: 1 2.98717e-05 4.25756e-05 -2.98977e-05 1 0.000304999 -4.25573e-05 -0.000305001 1 0.00752467 -0.0141753 -0.015013
FixedParameters: 0 0 0

#Transform 22
Transform: AffineTransform_float_3_3
Parameters: 1 4.94401e-05 0.00024784 -4.96106e-05 1 0.000343988 -0.000247806 -0.000344012 1 -0.00101442 0.00271681 0.021415
FixedParameters: 0 0 0

#Transform 23
Transform: AffineTransform_float_3_3
Parameters: 1 0.000384722 0.000191856 -0.000384814 1 0.000369926 -0.00019257 -0.000370074 1 0.00438639 -0.00113091 0.0491678
FixedParameters: 0 0 0

#Transform 24
Transform: AffineTransform_float_3_3
Parameters: 1 0.000228993 8.4737e-05 -0.000229024 1 0.000184981 -8.46523e-05 -0.000185019 1 0.00307386 0.0124454 0.0260555
FixedParameters: 0 0 0

#Transform 25
Transform: AffineTransform_float_3_3
Parameters: 1 0.000811267 0.000612509 -0.000810801 0.999999 -0.000380497 -0.000613126 0.000379503 0.999999 0.0102153 0.014525 0.0349598
FixedParameters: 0 0 0

#Transform 26
Transform: AffineTransform_float_3_3
Parameters: 1 0.000536615 0.000260259 -0.000536453 1 -0.00040714 -0.000259697 0.000406861 1 0.00611208 -0.00185049 0.0306697
FixedParameters: 0 0 0

#Transform 27
Transform: AffineTransform_float_3_3
Parameters: 1 0.000299081 0.000283449 -0.000298999 1 -0.000144085 -0.000283535 0.000143915 1 -0.00360541 0.0274354 0.047573
FixedParameters: 0 0 0

#Transform 28
Transform: AffineTransform_float_3_3
Parameters: 1 0.000371809 0.000409295 -0.000371724 1 -0.000103152 -0.000409371 0.000102848 1 0.00229021 0.00590152 0.0370145
FixedParameters: 0 0 0

#Transform 29
Transform: AffineTransform_float_3_3
Parameters: 1 0.000428732 -0.000241688 -0.000428814 1 -0.000167896 0.000241544 0.000168104 1 0.013991 -0.0500986 0.00626603
FixedParameters: 0 0 0

#Transform 30
Transform: AffineTransform_float_3_3
Parameters: 1 -0.000176798 3.11067e-05 0.000176802 1 -6.59945e-05 -3.10833e-05 6.60055e-05 1 -0.00233273 -0.0258756 0.0106916
FixedParameters: 0 0 0

#Transform 31
Transform: AffineTransform_float_3_3
Parameters: 1 -4.27706e-05 0.000157088 4.32282e-05 0.999999 -0.00145699 -0.000156963 0.00145701 0.999999 -0.00947902 0.00645486 0.0309957
FixedParameters: 0 0 0

#Transform 32
Transform: AffineTransform_float_3_3
Parameters: 1 5.30155e-06 0.000221515 -5.29397e-06 0.999998 -0.002271 -0.00022159 0.002271 0.999998 -0.00944395 0.0537063 0.043844
FixedParameters: 0 0 0

#Transform 33
Transform: AffineTransform_float_3_3
Parameters: 1 -1.73687e-05 0.000682967 1.87836e-05 0.999999 -0.00176699 -0.000682953 0.00176701 0.999998 -0.0204172 0.0126133 0.0254562
FixedParameters: 0 0 0

#Transform 34
Transform: AffineTransform_float_3_3
Parameters: 0.999999 0.000387891 0.000702932 -0.000386916 0.999999 -0.00140327 -0.000704069 0.00140273 0.999999 -0.00875456 -0.0189919 0.0294227
FixedParameters: 0 0 0

#Transform 35
Transform: AffineTransform_float_3_3
Parameters: 0.999999 0.000210615 0.000694022 -0.000208647 0.999997 -0.0021362 -0.000694968 0.0021358 0.999998 -0.0138726 0.0295847 0.035911
FixedParameters: 0 0 0

#Transform 36
Transform: AffineTransform_float_3_3
Parameters: 0.999999 6.57471e-05 0.000746086 -6.39101e-05 0.999998 -0.00190005 -0.000746383 0.00189995 0.999998 -0.0194184 0.00900588 0.0184289
FixedParameters: 0 0 0

#Transform 37
Transform: AffineTransform_float_3_3
Parameters: 1 -8.12364e-05 0.000165199 8.06782e-05 0.999999 -0.00133399 -0.000165033 0.00133401 0.999999 -0.0107472 -0.0291864 -0.00691165
FixedParameters: 0 0 0

#Transform 38
Transform: AffineTransform_float_3_3
Parameters: 1 -0.000188624 0.000674719 0.000190141 0.999996 -0.00256592 -0.000674847 0.00256608 0.999997 -0.0107617 0.0492033 0.05066
FixedParameters: 0 0 0

#Transform 39
Transform: AffineTransform_float_3_3
Parameters: 1 -5.10413e-05 0.000681328 5.20251e-05 0.999997 -0.00218802 -0.000681204 0.00218798 0.999998 -0.00433588 0.0424077 0.0425875
FixedParameters: 0 0 0

#Transform 40
Transform: AffineTransform_float_3_3
Parameters: 1 -3.659e-05 0.000450734 3.71101e-05 1 -0.000576983 -0.000450691 0.000577016 0.999999 0.0212219 0.00494119 0.0198869
FixedParameters: 0 0 0

#Transform 41
Transform: AffineTransform_float_3_3
Parameters: 1 -8.43785e-05 0.000679684 8.56019e-05 0.999998 -0.00163499 -0.000679457 0.00163501 0.999999 0.0146578 0.0332966 0.0637867
FixedParameters: 0 0 0

#Transform 42
Transform: AffineTransform_float_3_3
Parameters: 1 -0.000138161 0.000677071 0.000139681 0.999999 -0.00186091 -0.000676605 0.00186109 0.999998 0.0131217 0.0331004 0.0603329
FixedParameters: 0 0 0

#Transform 43
Transform: AffineTransform_float_3_3
Parameters: 1 -8.76863e-05 0.000487328 8.78344e-05 0.999997 -0.00220201 -0.000487042 0.00220199 0.999998 0.0138733 0.0471769 0.0558411
FixedParameters: 0 0 0

#Transform 44
Transform: AffineTransform_float_3_3
Parameters: 1 -0.000186104 0.000674732 0.000187668 0.999999 -0.00186087 -0.000675086 0.00186113 0.999998 0.0117533 0.0464701 0.0396329
FixedParameters: 0 0 0

#Transform 45
Transform: AffineTransform_float_3_3
Parameters: 1 -0.000335746 0.000445412 0.000337096 0.999997 -0.00264185 -0.000443685 0.00264215 0.999997 0.012442 0.0799175 0.0632513
FixedParameters: 0 0 0

#Transform 46
Transform: AffineTransform_float_3_3
Parameters: 1 -0.000289982 0.000371644 0.00029133 0.999995 -0.00309189 -0.000370896 0.00309211 0.999995 0.015434 0.0698265 0.0336445
FixedParameters: 0 0 0

#Transform 47
Transform: AffineTransform_float_3_3
Parameters: 1 -4.80835e-05 0.000681493 5.09878e-05 0.999993 -0.00359702 -0.000681238 0.00359698 0.999994 0.00848527 0.0828901 0.0272606
FixedParameters: 0 0 0

#Transform 48
Transform: AffineTransform_float_3_3
Parameters: 1 -4.76316e-05 0.000681525 5.04409e-05 0.999991 -0.00425996 -0.000681259 0.00426003 0.99999 0.0124462 0.118868 0.0591281
FixedParameters: 0 0 0

#Transform 49
Transform: AffineTransform_float_3_3
Parameters: 1 -3.26097e-05 0.00035988 3.48782e-05 0.999989 -0.00454098 -0.000359624 0.00454101 0.999989 0.0190032 0.0293647 -0.00953968
FixedParameters: 0 0 0

#Transform 50
Transform: AffineTransform_float_3_3
Parameters: 1 -0.00015994 0.000608332 0.000163007 0.999988 -0.0049429 -0.000607886 0.0049431 0.999987 0.00425005 0.0418988 0.0343768
FixedParameters: 0 0 0

#Transform 51
Transform: AffineTransform_float_3_3
Parameters: 1 -1.70887e-05 2.32374e-05 1.73536e-05 0.999989 -0.004529 -2.40801e-05 0.004529 0.999989 0.0346282 0.0117972 0.0161577
FixedParameters: 0 0 0

#Transform 52
Transform: AffineTransform_float_3_3
Parameters: 1 8.93975e-05 1.51358e-05 -8.92571e-05 0.99999 -0.004515 -1.59424e-05 0.004515 0.99999 0.037822 0.0113628 0.00874186
FixedParameters: 0 0 0

#Transform 53
Transform: AffineTransform_float_3_3
Parameters: 1 -1.29888e-05 -6.5668e-05 1.23929e-05 0.999989 -0.004533 6.57831e-05 0.004533 0.999989 0.0321116 0.0439898 0.0472716
FixedParameters: 0 0 0

#Transform 54
Transform: AffineTransform_float_3_3
Parameters: 1 -0.000169661 0.000676036 0.00017315 0.999985 -0.00550088 -0.000675351 0.00550111 0.999984 0.0129498 0.080489 0.0498291
FixedParameters: 0 0 0

#Transform 55
Transform: AffineTransform_float_3_3
Parameters: 1 -2.49357e-05 0.000195065 2.58566e-05 0.999988 -0.00492299 -0.000194865 0.004923 0.999988 0.0290369 0.0412855 0.013442
FixedParameters: 0 0 0

#Transform 56
Transform: AffineTransform_float_3_3
Parameters: 1 -4.66535e-05 0.000681592 5.04201e-05 0.999984 -0.00569496 -0.000681242 0.00569503 0.999983 0.0142656 0.100795 0.052541
FixedParameters: 0 0 0

#Transform 57
Transform: AffineTransform_float_3_3
Parameters: 1 -0.000151143 0.000676968 0.000155714 0.99998 -0.0062929 -0.000676238 0.0062931 0.99998 0.00960219 0.0982677 0.0553145
FixedParameters: 0 0 0

#Transform 58
Transform: AffineTransform_float_3_3
Parameters: 0.999999 -0.000232835 0.000673113 0.000235813 0.999986 -0.00514689 -0.000671902 0.00514711 0.999987 0.0147885 0.0607471 0.0565189
FixedParameters: 0 0 0

#Transform 59
Transform: AffineTransform_float_3_3
Parameters: 1 -4.0342e-05 0.000540733 4.34631e-05 0.999984 -0.00565798 -0.000540411 0.00565802 0.999984 0.0225147 0.0937604 0.0495375
FixedParameters: 0 0 0

#Transform 60
Transform: AffineTransform_float_3_3
Parameters: 1 -0.000154021 0.000676862 0.00015783 0.999979 -0.00646889 -0.000676096 0.00646911 0.999979 0.00235925 0.131734 0.0590025
FixedParameters: 0 0 0

#Transform 61
Transform: AffineTransform_float_3_3
Parameters: 1 -4.49624e-05 0.000681706 5.11119e-05 0.999966 -0.00817602 -0.000681174 0.00817598 0.999967 -0.00175427 0.122198 0.0279131
FixedParameters: 0 0 0

#Transform 62
Transform: AffineTransform_float_3_3
Parameters: 1 -5.88364e-05 0.00105448 6.99864e-05 0.999949 -0.010026 -0.0010537 0.010026 0.999949 0.0136345 0.202725 0.0466657
FixedParameters: 0 0 0

#Transform 63
Transform: AffineTransform_float_3_3
Parameters: 1 -4.43604e-05 0.000681745 5.07151e-05 0.999959 -0.00905896 -0.000681188 0.00905903 0.999958 0.0175625 0.186619 0.063159
FixedParameters: 0 0 0

#Transform 64
Transform: AffineTransform_float_3_3
Parameters: 0.999999 -5.4105e-05 0.000917545 6.29126e-05 0.999959 -0.00912395 -0.000917881 0.00912406 0.999958 0.0278192 0.157659 0.0218438
FixedParameters: 0 0 0

#Transform 65
Transform: AffineTransform_float_3_3
Parameters: 1 -6.08615e-05 0.00108842 7.14019e-05 0.999955 -0.00943297 -0.00108768 0.00943302 0.999955 0.0250101 0.163908 0.0315531
FixedParameters: 0 0 0

#Transform 66
Transform: AffineTransform_float_3_3
Parameters: 1 -0.000329225 0.00113536 0.000339386 0.999957 -0.00925662 -0.00113272 0.00925638 0.999956 0.0167848 0.157165 0.0196849
FixedParameters: 0 0 0

#Transform 67
Transform: AffineTransform_float_3_3
Parameters: 1 -0.000279651 0.00110242 0.000290482 0.999955 -0.00940773 -0.00109956 0.00940826 0.999955 0.0182976 0.163372 0.00775217
FixedParameters: 0 0 0

#Transform 68
Transform: AffineTransform_float_3_3
Parameters: 1 -6.12161e-05 0.00110142 7.23626e-05 0.999954 -0.00959698 -0.00110064 0.00959703 0.999954 0.0264338 0.177736 0.0661871
FixedParameters: 0 0 0

#Transform 69
Transform: AffineTransform_float_3_3
Parameters: 1 -6.54391e-05 0.00120934 7.70705e-05 0.999953 -0.00976691 -0.00120855 0.00976708 0.999951 0.0154906 0.166725 0.0367245
FixedParameters: 0 0 0

#Transform 70
Transform: AffineTransform_float_3_3
Parameters: 0.999999 -7.31633e-05 0.00139317 8.69656e-05 0.999954 -0.00961593 -0.00139229 0.00961606 0.999953 0.000881723 0.159387 0.0175371
FixedParameters: 0 0 0

#Transform 71
Transform: AffineTransform_float_3_3
Parameters: 0.999999 0.000125687 0.00156749 -0.000110958 0.999955 -0.00950623 -0.0015685 0.00950576 0.999953 -0.00524397 0.173798 0.0364916
FixedParameters: 0 0 0

#Transform 72
Transform: AffineTransform_float_3_3
Parameters: 1 0.000151084 0.00111899 -0.000138982 0.999947 -0.0103542 -0.00112055 0.0103538 0.999946 0.0137071 0.114367 0.035001
FixedParameters: 0 0 0

#Transform 73
Transform: AffineTransform_float_3_3
Parameters: 1 -6.27109e-05 0.00121949 7.78139e-05 0.999924 -0.012339 -0.00121852 0.012339 0.999923 0.00720723 0.132549 0.0392413
FixedParameters: 0 0 0

#Transform 74
Transform: AffineTransform_float_3_3
Parameters: 1 -6.07024e-05 0.00106039 6.97268e-05 0.999964 -0.00849598 -0.00105973 0.00849602 0.999964 0.0217857 0.139403 0.0138028
FixedParameters: 0 0 0

#Transform 75
Transform: AffineTransform_float_3_3
Parameters: 0.999999 -0.000239853 0.00122327 0.000252439 0.99995 -0.0100107 -0.00122095 0.0100113 0.999949 0.018536 0.116201 0.0426927
FixedParameters: 0 0 0

#Transform 76
Transform: AffineTransform_float_3_3
Parameters: 1 0.000157562 0.00114962 -0.000141405 0.999907 -0.0135972 -0.00115145 0.0135968 0.999907 0.029336 0.190473 0.131663
FixedParameters: 0 0 0

#Transform 77
Transform: AffineTransform_float_3_3
Parameters: 0.999999 -8.21127e-05 0.000815342 9.0598e-05 0.99995 -0.0100739 -0.000815005 0.0100741 0.999949 0.0326284 0.193712 0.0656574
FixedParameters: 0 0 0

#Transform 78
Transform: AffineTransform_float_3_3
Parameters: 1 -7.61884e-05 0.000655409 8.23299e-05 0.999957 -0.009219 -0.000655249 0.009219 0.999958 0.0364022 0.165249 0.0838738
FixedParameters: 0 0 0

#Transform 79
Transform: AffineTransform_float_3_3
Parameters: 1 -7.61749e-05 0.000691545 8.3989e-05 0.999935 -0.0113929 -0.000691123 0.0113931 0.999935 0.035581 0.176912 0.125781
FixedParameters: 0 0 0

#Transform 80
Transform: AffineTransform_float_3_3
Parameters: 0.999999 0.000294773 0.00140399 -0.000275721 0.999912 -0.0132605 -0.00140747 0.0132596 0.999911 0.0146171 0.156563 0.104295
FixedParameters: 0 0 0

#Transform 81
Transform: AffineTransform_float_3_3
Parameters: 1 -9.44329e-05 0.00117323 0.000108511 0.999928 -0.0119399 -0.00117251 0.0119401 0.999928 0.0246101 0.167346 0.121775
FixedParameters: 0 0 0

#Transform 82
Transform: AffineTransform_float_3_3
Parameters: 1 -6.9092e-05 0.000512691 7.49569e-05 0.999933 -0.011518 -0.000512334 0.011518 0.999933 0.0378315 0.235223 0.106161
FixedParameters: 0 0 0

#Transform 83
Transform: AffineTransform_float_3_3
Parameters: 1 -8.64903e-05 0.000962365 9.80366e-05 0.999932 -0.0117159 -0.000960759 0.0117161 0.999931 0.0314899 0.189114 -0.0655777
FixedParameters: 0 0 0

#Transform 84
Transform: AffineTransform_float_3_3
Parameters: 1 0.000287179 0.000597054 -0.000281033 0.999947 -0.0103152 -0.000599224 0.0103148 0.999946 0.048511 0.165122 -0.000326163
FixedParameters: 0 0 0

#Transform 85
Transform: AffineTransform_float_3_3
Parameters: 1 0.00052373 0.0010972 -0.000510288 0.999931 -0.0117176 -0.00110293 0.0117174 0.999931 0.0442643 0.135868 0.00323109
FixedParameters: 0 0 0

#Transform 86
Transform: AffineTransform_float_3_3
Parameters: 1 -8.15655e-06 0.00119358 2.26786e-05 0.999928 -0.011938 -0.00119392 0.011939 0.999928 0.0245759 0.183888 -0.0183161
FixedParameters: 0 0 0

#Transform 87
Transform: AffineTransform_float_3_3
Parameters: 0.999999 -0.000116857 0.000848118 0.000127203 0.999929 -0.0119669 -0.000846702 0.0119671 0.999928 0.0234888 0.240184 0.0195359
FixedParameters: 0 0 0

#Transform 88
Transform: AffineTransform_float_3_3
Parameters: 0.999999 0.000363022 0.000840545 -0.000352628 0.999925 -0.0122423 -0.000844819 0.0122427 0.999924 0.0473937 0.215919 0.00332649
FixedParameters: 0 0 0

#Transform 89
Transform: AffineTransform_float_3_3
Parameters: 1 0.00048521 0.000846291 -0.000476122 0.999948 -0.0102074 -0.000851516 0.0102076 0.999947 0.0422832 0.14865 -0.0201491
FixedParameters: 0 0 0

#Transform 90
Transform: AffineTransform_float_3_3
Parameters: 1 0.000263782 0.00116636 -0.00024664 0.999899 -0.0142593 -0.00117045 0.0142597 0.999897 0.0466373 0.19299 0.000756945
FixedParameters: 0 0 0

#Transform 91
Transform: AffineTransform_float_3_3
Parameters: 0.999999 0.000403579 0.000644942 -0.000394984 0.999925 -0.0122783 -0.000649109 0.0122788 0.999925 0.0624323 0.224302 0.0538766
FixedParameters: 0 0 0

#Transform 92
Transform: AffineTransform_float_3_3
Parameters: 0.999999 0.000403584 0.000638113 -0.000395626 0.99993 -0.0118663 -0.000642958 0.0118668 0.99993 0.0624926 0.194893 0.0262043
FixedParameters: 0 0 0

#Transform 93
Transform: AffineTransform_float_3_3
Parameters: 0.999999 0.000737746 0.00117693 -0.000723577 0.999921 -0.0125499 -0.00118604 0.0125491 0.99992 0.0560679 0.146839 0.0150044
FixedParameters: 0 0 0

#Transform 94
Transform: AffineTransform_float_3_3
Parameters: 0.999999 0.000403973 0.000637866 -0.000395232 0.999922 -0.0124773 -0.000643199 0.0124767 0.999922 0.0554395 0.242009 0.109058
FixedParameters: 0 0 0

#Transform 95
Transform: AffineTransform_float_3_3
Parameters: 0.999999 0.000402998 0.000638482 -0.000395216 0.99994 -0.0109503 -0.000642533 0.0109497 0.99994 0.0463018 0.147582 0.012058
FixedParameters: 0 0 0

#Transform 96
Transform: AffineTransform_float_3_3
Parameters: 0.999999 0.000714769 0.0006497 -0.000705844 0.999922 -0.0125104 -0.000658839 0.0125106 0.999921 0.0528289 0.166712 0.0868513
FixedParameters: 0 0 0

#Transform 97
Transform: AffineTransform_float_3_3
Parameters: 0.999999 0.000377009 0.00138589 -0.00035745 0.999907 -0.0136276 -0.00139082 0.0136264 0.999906 0.031573 0.222505 0.10122
FixedParameters: 0 0 0

#Transform 98
Transform: AffineTransform_float_3_3
Parameters: 1 -1.57444e-05 0.000621852 2.3226e-05 0.999922 -0.01244 -0.000621772 0.01244 0.999923 0.0370298 0.225352 0.0897054
FixedParameters: 0 0 0

#Transform 99
Transform: AffineTransform_float_3_3
Parameters: 0.999999 0.000400925 0.000712918 -0.000391755 0.999926 -0.0122123 -0.000717011 0.0122127 0.999925 0.0474019 0.249146 0.140131
FixedParameters: 0 0 0

#Transform 100
Transform: AffineTransform_float_3_3
Parameters: 0.999999 0.000398959 0.000767801 -0.00038909 0.999923 -0.0124023 -0.000773037 0.0124017 0.999923 0.0317487 0.215155 0.0486432
FixedParameters: 0 0 0

#Transform 101
Transform: AffineTransform_float_3_3
Parameters: 1 0.000165827 0.00120029 -0.000152051 0.999927 -0.0120342 -0.00120188 0.0120338 0.999927 0.029506 0.156895 0.0213351
FixedParameters: 0 0 0

#Transform 102
Transform: AffineTransform_float_3_3
Parameters: 0.999999 0.000493695 0.00163543 -0.000471688 0.999909 -0.0135239 -0.00164261 0.0135232 0.999907 0.0341018 0.18483 0.0844088
FixedParameters: 0 0 0

#Transform 103
Transform: AffineTransform_float_3_3
Parameters: 0.999998 0.000362046 0.00155555 -0.000337188 0.999876 -0.0157806 -0.00156081 0.0157804 0.999875 0.027346 0.232156 0.120857
FixedParameters: 0 0 0

#Transform 104
Transform: AffineTransform_float_3_3
Parameters: 1 0.000455469 0.00113567 -0.000437422 0.999879 -0.0155516 -0.00114242 0.0155514 0.999879 0.0395195 0.266938 0.092562
FixedParameters: 0 0 0

#Transform 105
Transform: AffineTransform_float_3_3
Parameters: 0.999999 0.000452067 0.00128097 -0.000430033 0.999857 -0.0168916 -0.00128894 0.0168904 0.999856 0.0370862 0.289448 0.0590255
FixedParameters: 0 0 0

#Transform 106
Transform: AffineTransform_float_3_3
Parameters: 1 0.00045876 0.00113434 -0.000438168 0.999829 -0.0184506 -0.00114296 0.0184504 0.999829 0.039234 0.318943 0.0984434
FixedParameters: 0 0 0

#Transform 107
Transform: AffineTransform_float_3_3
Parameters: 1 0.000454591 0.00113602 -0.000438239 0.99989 -0.0147796 -0.00114308 0.0147784 0.99989 0.037565 0.278433 0.167389
FixedParameters: 0 0 0

#Transform 108
Transform: AffineTransform_float_3_3
Parameters: 0.999999 0.000638679 0.00114249 -0.000620837 0.999888 -0.0149588 -0.00115216 0.0149582 0.999888 0.0468676 0.262016 0.137461
FixedParameters: 0 0 0

#Transform 109
Transform: AffineTransform_float_3_3
Parameters: 1 0.000453827 0.00113632 -0.000438012 0.999901 -0.0141055 -0.00114272 0.0141055 0.9999 0.0380182 0.24691 0.147216
FixedParameters: 0 0 0

#Transform 110
Transform: AffineTransform_float_3_3
Parameters: 1 0.000455482 0.00113566 -0.000438408 0.999879 -0.0155626 -0.00114249 0.0155624 0.999879 0.0378378 0.306767 0.154558
FixedParameters: 0 0 0

#Transform 111
Transform: AffineTransform_float_3_3
Parameters: 0.999999 0.000715004 0.00114365 -0.000694476 0.999854 -0.0170319 -0.00115559 0.0170311 0.999855 0.0478002 0.302248 0.140394
FixedParameters: 0 0 0

#Transform 112
Transform: AffineTransform_float_3_3
Parameters: 0.999998 0.001151 0.00115907 -0.00113165 0.999865 -0.0163803 -0.0011784 0.0163787 0.999865 0.0607317 0.27155 0.132212
FixedParameters: 0 0 0

#Transform 113
Transform: AffineTransform_float_3_3
Parameters: 0.999999 0.000943741 0.0011523 -0.000925302 0.99987 -0.0160481 -0.00116723 0.0160479 0.99987 0.0547521 0.253448 0.128277
FixedParameters: 0 0 0

#Transform 114
Transform: AffineTransform_float_3_3
Parameters: 0.999999 0.00079856 0.00120383 -0.000778046 0.999862 -0.016632 -0.00121603 0.016631 0.999861 0.0434469 0.314254 0.175909
FixedParameters: 0 0 0

#Transform 115
Transform: AffineTransform_float_3_3
Parameters: 0.999999 0.000727499 0.00138347 -0.000703737 0.999861 -0.016693 -0.00139549 0.016692 0.999859 0.059189 0.315483 0.0598969
FixedParameters: 0 0 0

#Transform 116
Transform: AffineTransform_float_3_3
Parameters: 0.999999 0.000567701 0.00134071 -0.00054248 0.999822 -0.0188447 -0.00135191 0.0188442 0.999821 0.0337343 0.258554 -0.116968
FixedParameters: 0 0 0

#Transform 117
Transform: AffineTransform_float_3_3
Parameters: 0.999998 0.000429921 0.0019495 -0.000396534 0.999853 -0.0171019 -0.00195632 0.0171011 0.999852 0.0127471 0.212887 0.0582503
FixedParameters: 0 0 0

#Transform 118
Transform: AffineTransform_float_3_3
Parameters: 0.999997 0.000418175 0.00214144 -0.000386844 0.999893 -0.014605 -0.00214778 0.014604 0.999891 0.00995242 0.262665 0.00100151
FixedParameters: 0 0 0

#Transform 119
Transform: AffineTransform_float_3_3
Parameters: 0.999998 0.000425831 0.00200991 -0.000393497 0.999871 -0.0160669 -0.0020167 0.0160661 0.999869 0.0121471 0.302643 -0.0105776
FixedParameters: 0 0 0

#Transform 120
Transform: AffineTransform_float_3_3
Parameters: 0.999998 0.000431523 0.00184104 -0.000401911 0.999872 -0.0159878 -0.00184785 0.0159872 0.99987 0.0241315 0.267418 -0.052936
FixedParameters: 0 0 0

#Transform 121
Transform: AffineTransform_float_3_3
Parameters: 0.999999 0.000800004 0.00123839 -0.000775876 0.999807 -0.019617 -0.00125454 0.019616 0.999807 0.0640333 0.30475 -0.00380448
FixedParameters: 0 0 0

#Transform 122
Transform: AffineTransform_float_3_3
Parameters: 0.999999 0.000677256 0.00123505 -0.000653854 0.99982 -0.0189639 -0.00124748 0.0189631 0.99982 0.0537542 0.266647 -0.0627528
FixedParameters: 0 0 0

#Transform 123
Transform: AffineTransform_float_3_3
Parameters: 1 0.000939655 0.000389579 -0.000931396 0.999792 -0.0203844 -0.000408102 0.0203836 0.999792 0.0726426 0.248081 -0.0227983
FixedParameters: 0 0 0

#Transform 124
Transform: AffineTransform_float_3_3
Parameters: 0.999999 0.000954016 0.000792516 -0.000937224 0.999778 -0.0210818 -0.000812227 0.0210813 0.999778 0.0615767 0.216338 -0.0215326
FixedParameters: 0 0 0

#Transform 125
Transform: AffineTransform_float_3_3
Parameters: 1 0.000748089 0.000878829 -0.000729047 0.999759 -0.0219126 -0.000895184 0.0219123 0.999759 0.056708 0.224229 -0.0190013
FixedParameters: 0 0 0

#Transform 126
Transform: AffineTransform_float_3_3
Parameters: 0.999999 0.000957507 0.000995203 -0.000935095 0.999744 -0.022607 -0.00101713 0.022606 0.999744 0.0631494 0.278207 0.00435429
FixedParameters: 0 0 0

#Transform 127
Transform: AffineTransform_float_3_3
Parameters: 0.999999 0.00113743 0.00145042 -0.0011075 0.99978 -0.0209117 -0.00147392 0.0209103 0.999781 0.0823834 0.264675 -0.0763252
FixedParameters: 0 0 0

#Transform 128
Transform: AffineTransform_float_3_3
Parameters: 0.999999 0.000472989 0.000803624 -0.000456381 0.999791 -0.0204634 -0.000813466 0.0204626 0.999791 0.0639553 0.312851 -0.0855004
FixedParameters: 0 0 0

#Transform 129
Transform: AffineTransform_float_3_3
Parameters: 0.999999 0.00107972 0.000959417 -0.00105767 0.99974 -0.022782 -0.000984211 0.022781 0.99974 0.078511 0.290997 -0.160599
FixedParameters: 0 0 0

#Transform 130
Transform: AffineTransform_float_3_3
Parameters: 0.999999 0.000719054 0.000999706 -0.000696804 0.999749 -0.0223688 -0.00101551 0.0223672 0.99975 0.0693906 0.300308 -0.15784
FixedParameters: 0 0 0

#Transform 131
Transform: AffineTransform_float_3_3
Parameters: 1 0.000724372 0.000788406 -0.000707888 0.999768 -0.0215186 -0.000804111 0.0215184 0.999768 0.068427 0.326322 -0.0819235
FixedParameters: 0 0 0

#Transform 132
Transform: AffineTransform_float_3_3
Parameters: 0.999999 0.000909114 0.000896945 -0.000889393 0.999748 -0.0224618 -0.000917386 0.0224612 0.999748 0.0870609 0.315592 -0.132128
FixedParameters: 0 0 0

#Transform 133
Transform: AffineTransform_float_3_3
Parameters: 1 0.000727151 0.000708947 -0.000712165 0.999754 -0.0221965 -0.000724729 0.0221955 0.999754 0.0741929 0.328236 -0.0654606
FixedParameters: 0 0 0

#Transform 134
Transform: AffineTransform_float_3_3
Parameters: 1 0.000724953 0.000750929 -0.000709095 0.999783 -0.0208205 -0.000766568 0.0208205 0.999783 0.0710122 0.28878 -0.0775651
FixedParameters: 0 0 0

#Transform 135
Transform: AffineTransform_float_3_3
Parameters: 0.999999 0.000736305 0.000380454 -0.000728249 0.999765 -0.0216872 -0.000396645 0.0216868 0.999764 0.0785623 0.300967 -0.0849758
FixedParameters: 0 0 0

#Transform 136
Transform: AffineTransform_float_3_3
Parameters: 0.999999 0.000737317 0.000317505 -0.000731718 0.99982 -0.0189453 -0.000331661 0.0189458 0.999821 0.0788262 0.25921 -0.0629447
FixedParameters: 0 0 0

#Transform 137
Transform: AffineTransform_float_3_3
Parameters: 0.999999 0.000735889 0.000381257 -0.00072868 0.999787 -0.0205973 -0.000395851 0.0205967 0.999788 0.0764891 0.304446 -0.102083
FixedParameters: 0 0 0

#Transform 138
Transform: AffineTransform_float_3_3
Parameters: 1 0.00099008 -2.38054e-05 -0.000990766 0.999755 -0.022122 2.00218e-06 0.022122 0.999756 0.0960527 0.278166 -0.058861
FixedParameters: 0 0 0

#Transform 139
Transform: AffineTransform_float_3_3
Parameters: 0.999999 0.00142427 -0.000312395 -0.00143036 0.999741 -0.0227165 0.000279954 0.0227165 0.999742 0.101004 0.226989 -0.0664952
FixedParameters: 0 0 0

#Transform 140
Transform: AffineTransform_float_3_3
Parameters: 0.999999 0.00118477 0.000880569 -0.00116376 0.999744 -0.022568 -0.000907522 0.0225669 0.999745 0.0854991 0.247061 -0.0709094
FixedParameters: 0 0 0

#Transform 141
Transform: AffineTransform_float_3_3
Parameters: 0.999999 0.000666811 0.000477958 -0.000656738 0.999748 -0.0224613 -0.000493267 0.0224617 0.999747 0.0890903 0.330682 -0.0470092
FixedParameters: 0 0 0

#Transform 142
Transform: AffineTransform_float_3_3
Parameters: 0.999999 0.000594922 0.000475827 -0.000583773 0.999743 -0.0226373 -0.000489036 0.0226367 0.999743 0.0738941 0.377321 -0.0614672
FixedParameters: 0 0 0

#Transform 143
Transform: AffineTransform_float_3_3
Parameters: 1 0.00107995 5.29208e-05 -0.00107823 0.999736 -0.0229221 -7.7429e-05 0.0229219 0.999738 0.0965158 0.307507 -0.0662452
FixedParameters: 0 0 0

#Transform 144
Transform: AffineTransform_float_3_3
Parameters: 1 0.000949387 0.000486534 -0.000937753 0.999762 -0.0218194 -0.000507197 0.0218186 0.999762 0.0866778 0.277124 -0.112881
FixedParameters: 0 0 0

#Transform 145
Transform: AffineTransform_float_3_3
Parameters: 1 0.00103115 0.000489328 -0.00102082 0.999771 -0.0213995 -0.000511778 0.0213985 0.999771 0.0947496 0.333074 -0.0992701
FixedParameters: 0 0 0

#Transform 146
Transform: AffineTransform_float_3_3
Parameters: 1 0.000903298 0.000485411 -0.000892911 0.999767 -0.0215964 -0.000504738 0.0215956 0.999766 0.0867187 0.315488 -0.113508
FixedParameters: 0 0 0

#Transform 147
Transform: AffineTransform_float_3_3
Parameters: 1 0.000940327 0.000780862 -0.000923013 0.999749 -0.0223738 -0.000801445 0.0223733 0.99975 0.0704618 0.332629 -0.138331
FixedParameters: 0 0 0

#Transform 148
Transform: AffineTransform_float_3_3
Parameters: 1 0.000941809 0.000731756 -0.000925415 0.999746 -0.0225077 -0.000753624 0.0225073 0.999747 0.0648728 0.346995 -0.0632468
FixedParameters: 0 0 0

#Transform 149
Transform: AffineTransform_float_3_3
Parameters: 1 0.000824688 0.000835757 -0.000808014 0.999803 -0.0198556 -0.000852009 0.0198544 0.999802 0.0631585 0.313222 0.0129286
FixedParameters: 0 0 0

#Transform 150
Transform: AffineTransform_float_3_3
Parameters: 1 0.000488682 0.000474215 -0.000479078 0.999802 -0.0199302 -0.000483973 0.0199298 0.999802 0.0839913 0.287543 -0.0648825
FixedParameters: 0 0 0

#Transform 151
Transform: AffineTransform_float_3_3
Parameters: 0.999999 0.000577029 0.000476444 -0.000567599 0.999784 -0.0207453 -0.000488714 0.0207457 0.999784 0.0736658 0.337315 -0.0154063
FixedParameters: 0 0 0

#Transform 152
Transform: AffineTransform_float_3_3
Parameters: 0.999999 0.000577149 0.000476299 -0.000567476 0.99978 -0.0209973 -0.000488857 0.0209967 0.99978 0.0714991 0.335294 0.00597129
FixedParameters: 0 0 0

#Transform 153
Transform: AffineTransform_float_3_3
Parameters: 1 0.000732015 0.000892101 -0.000711748 0.999751 -0.0222726 -0.000908244 0.0222723 0.999751 0.0632571 0.334417 -2.46356e-05
FixedParameters: 0 0 0

#Transform 154
Transform: AffineTransform_float_3_3
Parameters: 1 0.00112171 0.000490591 -0.00111025 0.999743 -0.0226176 -0.000515617 0.0226164 0.999744 0.0793159 0.373956 0.0417344
FixedParameters: 0 0 0

#Transform 155
Transform: AffineTransform_float_3_3
Parameters: 0.999999 0.00113267 0.000895653 -0.00111128 0.999735 -0.022966 -0.000921189 0.022965 0.999736 0.0735103 0.376063 0.0459393
FixedParameters: 0 0 0

#Transform 156
Transform: AffineTransform_float_3_3
Parameters: 0.999999 0.00112896 0.0010461 -0.00110377 0.999726 -0.0234081 -0.00107157 0.0234069 0.999725 0.0679429 0.353586 0.00848938
FixedParameters: 0 0 0

#Transform 157
Transform: AffineTransform_float_3_3
Parameters: 0.999999 0.00113255 0.000912211 -0.00111067 0.999726 -0.023351 -0.000938645 0.02335 0.999727 0.0759282 0.371985 0.0357742
FixedParameters: 0 0 0

#Transform 158
Transform: AffineTransform_float_3_3
Parameters: 0.999999 0.00122321 0.00071309 -0.00120734 0.999753 -0.0221589 -0.000740747 0.0221581 0.999754 0.0944534 0.371412 0.0576386
FixedParameters: 0 0 0

#Transform 159
Transform: AffineTransform_float_3_3
Parameters: 0.999999 0.00143621 0.00111834 -0.0014096 0.999722 -0.0235036 -0.00115155 0.0235024 0.999723 0.0808506 0.361486 0.0401634
FixedParameters: 0 0 0

#Transform 160
Transform: AffineTransform_float_3_3
Parameters: 0.999999 0.0013014 0.00111862 -0.00127618 0.999739 -0.0228014 -0.0011487 0.0228006 0.999739 0.0642092 0.361967 0.0704029
FixedParameters: 0 0 0

#Transform 161
Transform: AffineTransform_float_3_3
Parameters: 0.999999 0.00114066 0.000592582 -0.00112695 0.999751 -0.0222537 -0.000618689 0.0222523 0.999752 0.0806041 0.351107 0.111052
FixedParameters: 0 0 0

#Transform 162
Transform: AffineTransform_float_3_3
Parameters: 0.999998 0.00129819 0.000939731 -0.00127654 0.999744 -0.0225992 -0.000968974 0.0225978 0.999744 0.0738235 0.315669 0.0442985
FixedParameters: 0 0 0

#Transform 163
Transform: AffineTransform_float_3_3
Parameters: 0.999999 0.00107861 0.000767963 -0.00106118 0.999753 -0.0221909 -0.000792292 0.0221902 0.999754 0.0726563 0.379691 0.115102
FixedParameters: 0 0 0

#Transform 164
Transform: AffineTransform_float_3_3
Parameters: 0.999998 0.00124252 0.00103201 -0.00121773 0.999722 -0.0235413 -0.00106114 0.0235397 0.999723 0.0708351 0.394943 0.0577045
FixedParameters: 0 0 0

#Transform 165
Transform: AffineTransform_float_3_3
Parameters: 0.999999 0.00134971 0.00123926 -0.00132076 0.999726 -0.0233427 -0.00127007 0.0233413 0.999727 0.0668685 0.388178 0.0519783
FixedParameters: 0 0 0

#Transform 166
Transform: AffineTransform_float_3_3
Parameters: 0.999999 0.000959139 0.000955737 -0.000938521 0.999756 -0.0220959 -0.000976763 0.0220951 0.999756 0.0613367 0.368847 0.0399314
FixedParameters: 0 0 0

#Transform 167
Transform: AffineTransform_float_3_3
Parameters: 0.999998 0.00116853 0.00123846 -0.001144 0.999801 -0.0199085 -0.00126075 0.0199066 0.999801 0.0530009 0.347926 0.16447
FixedParameters: 0 0 0

#Transform 168
Transform: AffineTransform_float_3_3
Parameters: 0.999999 0.00132597 0.00124383 -0.00130125 0.999808 -0.0195196 -0.00126931 0.0195183 0.999808 0.0654675 0.314815 0.111208
FixedParameters: 0 0 0

#Transform 169
Transform: AffineTransform_float_3_3
Parameters: 0.999998 0.00116802 0.00123894 -0.00114346 0.999809 -0.0194975 -0.0012612 0.0194956 0.999809 0.0555971 0.345764 0.188764
FixedParameters: 0 0 0

#Transform 170
Transform: AffineTransform_float_3_3
Parameters: 0.999998 0.00180956 0.00106548 -0.00178726 0.999772 -0.0213099 -0.00110429 0.0213081 0.999773 0.0708707 0.29321 0.153935
FixedParameters: 0 0 0

#Transform 171
Transform: AffineTransform_float_3_3
Parameters: 0.999999 0.0011953 0.000398659 -0.00118603 0.999745 -0.0225804 -0.000425876 0.0225796 0.999745 0.0695335 0.29386 0.159612
FixedParameters: 0 0 0

#Transform 172
Transform: AffineTransform_float_3_3
Parameters: 0.999999 0.00119492 0.000405275 -0.00118574 0.999756 -0.0220634 -0.000432244 0.0220625 0.999756 0.0603956 0.305728 0.177719
FixedParameters: 0 0 0

#Transform 173
Transform: AffineTransform_float_3_3
Parameters: 0.999999 0.00119524 0.000393335 -0.00118663 0.999757 -0.0220174 -0.000420221 0.0220166 0.999757 0.0670875 0.305359 0.156225
FixedParameters: 0 0 0

#Transform 174
Transform: AffineTransform_float_3_3
Parameters: 1 0.00119961 0.000239589 -0.00119386 0.999761 -0.0218583 -0.000266147 0.0218578 0.999761 0.0720821 0.323402 0.18613
FixedParameters: 0 0 0

#Transform 175
Transform: AffineTransform_float_3_3
Parameters: 0.999999 0.00107692 0.00113242 -0.00105411 0.999798 -0.0200702 -0.00115433 0.0200698 0.999798 0.034055 0.343304 0.144196
FixedParameters: 0 0 0

#Transform 176
Transform: AffineTransform_float_3_3
Parameters: 0.999998 0.00131471 0.00137372 -0.00128528 0.999781 -0.0208578 -0.00140036 0.0208562 0.999781 0.0428707 0.385884 0.1774
FixedParameters: 0 0 0

#Transform 177
Transform: AffineTransform_float_3_3
Parameters: 0.999999 0.00120433 0.00136992 -0.00117483 0.999773 -0.0212756 -0.00139499 0.0212733 0.999772 0.0452313 0.382573 0.162123
FixedParameters: 0 0 0

#Transform 178
Transform: AffineTransform_float_3_3
Parameters: 0.999999 0.00108703 0.00136759 -0.00105929 0.999794 -0.0202885 -0.00138853 0.0202865 0.999794 0.0406505 0.345036 0.134128
FixedParameters: 0 0 0

#Transform 179
Transform: AffineTransform_float_3_3
Parameters: 0.999998 0.00135446 0.00137413 -0.00132454 0.999769 -0.0214169 -0.00140196 0.0214151 0.999769 0.0547025 0.355738 0.0987255
FixedParameters: 0 0 0

#Transform 180
Transform: AffineTransform_float_3_3
Parameters: 0.999998 0.00146297 0.00129121 -0.00143448 0.999769 -0.0214499 -0.00132272 0.0214481 0.999769 0.0698722 0.383778 0.137456
FixedParameters: 0 0 0

#Transform 181
Transform: AffineTransform_float_3_3
Parameters: 0.999998 0.00142839 0.00137739 -0.0013994 0.999786 -0.0206639 -0.00140623 0.0206621 0.999785 0.0726872 0.368271 0.133218
FixedParameters: 0 0 0

#Transform 182
Transform: AffineTransform_float_3_3
Parameters: 0.999997 0.00189118 0.00138987 -0.00186099 0.999769 -0.0213796 -0.00142957 0.0213774 0.99977 0.074944 0.348633 0.121806
FixedParameters: 0 0 0

#Transform 183
Transform: AffineTransform_float_3_3
Parameters: 0.999997 0.00163509 0.00138262 -0.00160542 0.999773 -0.0212362 -0.00141691 0.0212338 0.999773 0.0827528 0.353431 0.155608
FixedParameters: 0 0 0

#Transform 184
Transform: AffineTransform_float_3_3
Parameters: 0.999998 0.0015648 0.000590007 -0.00155061 0.999713 -0.0238989 -0.000627176 0.0238971 0.999714 0.0808562 0.441754 0.279324
FixedParameters: 0 0 0

#Transform 185
Transform: AffineTransform_float_3_3
Parameters: 0.999999 0.00166361 0.00050517 -0.00164927 0.99963 -0.0271478 -0.000549788 0.0271462 0.999632 0.109746 0.549385 0.427229
FixedParameters: 0 0 0

#Transform 186
Transform: AffineTransform_float_3_3
Parameters: 0.999999 0.0015652 0.000216195 -0.00155891 0.999655 -0.0262473 -0.000256464 0.0262467 0.999655 0.120268 0.494216 0.284651
FixedParameters: 0 0 0

#Transform 187
Transform: AffineTransform_float_3_3
Parameters: 0.999999 0.00165758 0.000696975 -0.00164007 0.999691 -0.0248231 -0.000737707 0.0248219 0.999691 0.0951329 0.420231 0.152472
FixedParameters: 0 0 0

#Transform 188
Transform: AffineTransform_float_3_3
Parameters: 0.999998 0.00156077 0.00110981 -0.00153291 0.999693 -0.0247037 -0.00114861 0.0247022 0.999694 0.0879377 0.422476 0.122012
FixedParameters: 0 0 0

#Transform 189
Transform: AffineTransform_float_3_3
Parameters: 0.999999 0.00125464 0.000454653 -0.00124303 0.999694 -0.0247055 -0.000484914 0.0247045 0.999694 0.0824913 0.443165 0.181205
FixedParameters: 0 0 0

#Transform 190
Transform: AffineTransform_float_3_3
Parameters: 0.999999 0.00122475 0.000940585 -0.00120492 0.999777 -0.0210732 -0.000965786 0.0210719 0.999778 0.0604452 0.355472 0.206608
FixedParameters: 0 0 0

#Transform 191
