# transform file /out/sourcedata/freesurfer/sub-v1s22x0050504_ses-1/mri/transforms/cc_up.lta
# created by oesteban on Mon Mar  9 17:30:17 2026

type      = 0 # LINEAR_VOX_TO_VOX
nxforms   = 1
mean      = 131.0000 109.0000 118.0000
sigma     = 10000.0000
1 4 4
9.997688531875610e-01 2.136191539466381e-02 2.398996846750379e-03 -5.467018604278564e+00 
-2.136185392737389e-02 9.997717738151550e-01 -5.125886309542693e-05 4.483213806152344e+01 
-2.399544464424253e-03 0.000000000000000e+00 9.999970793724060e-01 2.931563758850098e+01 
0.000000000000000e+00 0.000000000000000e+00 0.000000000000000e+00 1.000000000000000e+00 
src volume info
valid = 1  # volume info valid
filename = /out/sourcedata/freesurfer/sub-v1s22x0050504_ses-1/mri/norm.mgz
volume = 256 256 256
voxelsize = 1.000000000000000e+00 1.000000000000000e+00 1.000000000000000e+00
xras   = -1.000000000000000e+00 0.000000000000000e+00 0.000000000000000e+00
yras   = 0.000000000000000e+00 0.000000000000000e+00 -1.000000000000000e+00
zras   = 0.000000000000000e+00 1.000000000000000e+00 0.000000000000000e+00
cras   = -1.756362915039062e-01 4.937037658691406e+01 -9.529266357421875e+00
dst volume info
valid = 1  # volume info valid
filename = /out/sourcedata/freesurfer/sub-v1s22x0050504_ses-1/mri/norm.mgz
volume = 256 256 256
voxelsize = 1.000000000000000e+00 1.000000000000000e+00 1.000000000000000e+00
xras   = -1.000000000000000e+00 0.000000000000000e+00 0.000000000000000e+00
yras   = 0.000000000000000e+00 0.000000000000000e+00 -1.000000000000000e+00
zras   = 0.000000000000000e+00 1.000000000000000e+00 0.000000000000000e+00
cras   = -1.756362915039062e-01 4.937037658691406e+01 -9.529266357421875e+00
