# transform file /out/sourcedata/freesurfer/sub-v1s22x0050476_ses-1/mri/transforms/cc_up.lta
# created by oesteban on Mon Mar  9 15:36:33 2026

type      = 0 # LINEAR_VOX_TO_VOX
nxforms   = 1
mean      = 130.0000 106.0000 114.0000
sigma     = 10000.0000
1 4 4
9.995083808898926e-01 1.328685600310564e-02 -2.839910052716732e-02 4.256746470928192e-01 
-1.328149624168873e-02 9.999117255210876e-01 3.773680655285716e-04 4.068735504150391e+01 
2.840160764753819e-02 0.000000000000000e+00 9.995966553688049e-01 1.836572456359863e+01 
0.000000000000000e+00 0.000000000000000e+00 0.000000000000000e+00 1.000000000000000e+00 
src volume info
valid = 1  # volume info valid
filename = /out/sourcedata/freesurfer/sub-v1s22x0050476_ses-1/mri/norm.mgz
volume = 256 256 256
voxelsize = 1.000000000000000e+00 1.000000000000000e+00 1.000000000000000e+00
xras   = -9.999999403953552e-01 0.000000000000000e+00 0.000000000000000e+00
yras   = -4.656612873077393e-10 0.000000000000000e+00 -9.999999403953552e-01
zras   = 0.000000000000000e+00 1.000000000000000e+00 0.000000000000000e+00
cras   = -1.721649169921875e-01 4.373233032226562e+01 -7.297424316406250e+00
dst volume info
valid = 1  # volume info valid
filename = /out/sourcedata/freesurfer/sub-v1s22x0050476_ses-1/mri/norm.mgz
volume = 256 256 256
voxelsize = 1.000000000000000e+00 1.000000000000000e+00 1.000000000000000e+00
xras   = -9.999999403953552e-01 0.000000000000000e+00 0.000000000000000e+00
yras   = -4.656612873077393e-10 0.000000000000000e+00 -9.999999403953552e-01
zras   = 0.000000000000000e+00 1.000000000000000e+00 0.000000000000000e+00
cras   = -1.721649169921875e-01 4.373233032226562e+01 -7.297424316406250e+00
