# transform file transforms/talairach.lta
# created by oesteban on Mon Mar  9 14:20:45 2026

type      = 0 # LINEAR_VOX_TO_VOX
nxforms   = 1
mean      = 130.0000 108.0000 114.0000
sigma     = 10000.0000
1 4 4
1.130317091941833e+00 3.956600651144981e-02 -1.461886987090111e-02 -2.327834892272949e+01 
-3.790353611111641e-02 1.172538995742798e+00 1.920490898191929e-02 -8.741366863250732e-01 
1.857376284897327e-02 -1.775221526622772e-02 9.998297095298767e-01 -6.224677085876465e+00 
0.000000000000000e+00 0.000000000000000e+00 0.000000000000000e+00 1.000000000000000e+00 
src volume info
valid = 1  # volume info valid
filename = nu.mgz
volume = 256 256 256
voxelsize = 1.000000000000000e+00 1.000000000000000e+00 1.000000000000000e+00
xras   = -9.999999403953552e-01 0.000000000000000e+00 0.000000000000000e+00
yras   = -4.656612873077393e-10 0.000000000000000e+00 -9.999999403953552e-01
zras   = 0.000000000000000e+00 1.000000000000000e+00 0.000000000000000e+00
cras   = -1.721649169921875e-01 4.373233032226562e+01 -7.297424316406250e+00
dst volume info
valid = 1  # volume info valid
filename = /opt/freesurfer/average/RB_all_2020-01-02.gca
volume = 256 256 256
voxelsize = 1.000000000000000e+00 1.000000000000000e+00 1.000000000000000e+00
xras   = -1.000000000000000e+00 0.000000000000000e+00 0.000000000000000e+00
yras   = 0.000000000000000e+00 0.000000000000000e+00 -1.000000000000000e+00
zras   = 0.000000000000000e+00 1.000000000000000e+00 0.000000000000000e+00
cras   = 0.000000000000000e+00 0.000000000000000e+00 0.000000000000000e+00
