#Insight Transform File V1.0
#Transform 0
Transform: AffineTransform_float_3_3
Parameters: 1 -9.46653e-23 5.09475e-20 -1.27003e-23 1 0.000252 -5.04e-20 -0.000252 1 0 -0.00892737 0.0115952
FixedParameters: 0 0 0

#Transform 1
Transform: AffineTransform_float_3_3
Parameters: 1 -0.00018731 0.000272303 0.000187303 1 1.4051e-05 -0.000272308 -1.3949e-05 1 -0.00322938 -0.0182284 0.0611297
FixedParameters: 0 0 0

#Transform 2
Transform: AffineTransform_float_3_3
Parameters: 1 1.48286e-06 -9.88944e-06 -1.47333e-06 1 0.000482 9.89087e-06 -0.000482 1 -0.0273629 -0.0193826 0.156772
FixedParameters: 0 0 0

#Transform 3
Transform: AffineTransform_float_3_3
Parameters: 1 -0.000265716 1.89404e-05 0.000265718 1 -2.9995e-05 -1.89245e-05 3.0005e-05 1 -0.0217717 0.00965646 0.0577759
FixedParameters: 0 0 0

#Transform 4
Transform: AffineTransform_float_3_3
Parameters: 1 1.4813e-06 -9.88968e-06 -1.47489e-06 1 0.000324 9.89064e-06 -0.000324 1 0.000402962 -0.00185664 0.0688094
FixedParameters: 0 0 0

#Transform 5
Transform: AffineTransform_float_3_3
Parameters: 1 1.48541e-06 -9.88906e-06 -1.47077e-06 0.999999 0.00074 9.89125e-06 -0.00074 0.999999 0.000399039 -0.0303565 0.0567365
FixedParameters: 0 0 0

#Transform 6
Transform: AffineTransform_float_3_3
Parameters: 1 1.47493e-06 -9.89063e-06 -1.48126e-06 1 -0.00032 9.88968e-06 0.00032 1 0.000403347 0.00354473 0.0306767
FixedParameters: 0 0 0

#Transform 7
Transform: AffineTransform_float_3_3
Parameters: 1 4.78913e-05 -0.00031943 -4.75936e-05 1 0.000466015 0.000319474 -0.000465985 1 0.0220202 -0.0282896 0.0247883
FixedParameters: 0 0 0

#Transform 8
Transform: AffineTransform_float_3_3
Parameters: 1 -0.000143882 -3.17315e-05 0.000143785 0.999999 0.000787995 3.24939e-05 -0.000788004 0.999999 0.0095542 -0.0370359 0.0241247
FixedParameters: 0 0 0

#Transform 9
Transform: AffineTransform_float_3_3
Parameters: 1 1.48302e-06 -9.88942e-06 -1.47317e-06 1 0.000498 9.89089e-06 -0.000498 1 0.000416274 -0.0154077 0.0352499
FixedParameters: 0 0 0

#Transform 10
Transform: AffineTransform_float_3_3
Parameters: 1 3.04406e-05 -0.000202727 -3.01612e-05 1 0.000689006 0.000202769 -0.000688993 0.999999 0.0206186 -0.0252011 0.038821
FixedParameters: 0 0 0

#Transform 11
Transform: AffineTransform_float_3_3
Parameters: 1 1.48275e-06 -9.88946e-06 -1.47344e-06 1 0.000471 9.89085e-06 -0.000471 1 0.0102643 -0.00453967 0.0307142
FixedParameters: 0 0 0

#Transform 12
Transform: AffineTransform_float_3_3
Parameters: 1 -0.000172575 -3.59709e-05 0.000172455 1 0.000383994 3.68274e-05 -0.000384006 1 -0.00468876 -0.0101133 0.0102313
FixedParameters: 0 0 0

#Transform 13
Transform: AffineTransform_float_3_3
Parameters: 1 -0.000309036 -5.6505e-05 0.000308962 0.999999 0.000655982 5.70886e-05 -0.000656017 1 -0.00865378 -0.0198028 0.00531646
FixedParameters: 0 0 0

#Transform 14
Transform: AffineTransform_float_3_3
Parameters: 1 -0.000188425 -3.82119e-05 0.000188401 1 -0.000306007 3.83272e-05 0.000305993 1 0.00479975 0.0111289 0.000803589
FixedParameters: 0 0 0

#Transform 15
Transform: AffineTransform_float_3_3
Parameters: 1 -0.000135023 -3.02137e-05 0.000134989 1 -0.000549004 3.0362e-05 0.000548996 1 0.00956874 0.010161 0.0356614
FixedParameters: 0 0 0

#Transform 16
Transform: AffineTransform_float_3_3
Parameters: 1 -3.21435e-05 -1.49264e-05 3.21534e-05 1 0.000332999 1.4905e-05 -0.000333 1 -0.00057943 -0.00872777 0.0182253
FixedParameters: 0 0 0

#Transform 17
Transform: AffineTransform_float_3_3
Parameters: 1 -0.00021413 -4.20978e-05 0.000214124 1 -6.9009e-05 4.21274e-05 6.8991e-05 1 -0.00592487 -0.000212143 0.00465963
FixedParameters: 0 0 0

#Transform 18
Transform: AffineTransform_float_3_3
Parameters: 1 -0.000401035 -7.01404e-05 0.00040092 1 0.000228972 7.09458e-05 -0.000229028 1 -0.00060775 -0.013415 0.0261647
FixedParameters: 0 0 0

#Transform 19
Transform: AffineTransform_float_3_3
Parameters: 1 -0.000437988 0.000177244 0.000438019 1 -8.89005e-05 -0.000177167 8.80994e-05 1 -0.00423391 0.0133198 0.00760459
FixedParameters: 0 0 0

#Transform 20
Transform: AffineTransform_float_3_3
Parameters: 1 -0.000242805 -4.64187e-05 0.000242813 1 8.09887e-05 4.63794e-05 -8.10113e-05 1 -0.00672744 -0.0129631 0.00210767
FixedParameters: 0 0 0

#Transform 21
Transform: AffineTransform_float_3_3
Parameters: 1 0.000241609 0.000285649 -0.0002412 0.999999 -0.000715069 -0.000285994 0.000714931 0.999999 0.0142244 0.0218938 -0.02383
FixedParameters: 0 0 0

#Transform 22
Transform: AffineTransform_float_3_3
Parameters: 1 8.57944e-05 3.4976e-05 -8.57247e-05 0.999999 -0.000993002 -3.51463e-05 0.000992996 0.999999 0.00208826 0.0487034 -0.0175965
FixedParameters: 0 0 0

#Transform 23
Transform: AffineTransform_float_3_3
Parameters: 1 0.00041422 0.000375989 -0.000414764 0.999999 -0.000788155 -0.000375801 0.000787844 0.999999 0.00479891 0.0239025 -0.0191831
FixedParameters: 0 0 0

#Transform 24
Transform: AffineTransform_float_3_3
Parameters: 1 0.000941991 0.000559531 -0.000942189 0.999999 -0.000838381 -0.000560269 0.000837619 0.999999 0.0278656 0.0421503 0.0073097
FixedParameters: 0 0 0

#Transform 25
Transform: AffineTransform_float_3_3
Parameters: 0.999999 0.000729946 0.00043509 -0.000729302 1 -0.000740171 -0.00043617 0.000739828 0.999999 0.0136462 0.0298443 -0.0144589
FixedParameters: 0 0 0

#Transform 26
Transform: AffineTransform_float_3_3
Parameters: 1 0.000529116 0.000405282 -0.000528591 0.999999 -0.000648214 -0.000405967 0.000647785 0.999999 0.0132738 0.0103024 -0.012292
FixedParameters: 0 0 0

#Transform 27
Transform: AffineTransform_float_3_3
Parameters: 1 0.00111554 0.000364744 -0.00111496 0.999999 -0.000993261 -0.00036597 0.000992738 0.999999 0.0280691 0.0561841 -0.0541074
FixedParameters: 0 0 0

#Transform 28
Transform: AffineTransform_float_3_3
Parameters: 1 0.00111187 0.000491581 -0.00111104 0.999999 -0.000993422 -0.0004928 0.000993576 0.999999 0.0332637 0.0321419 -0.0646642
FixedParameters: 0 0 0

#Transform 29
Transform: AffineTransform_float_3_3
Parameters: 0.999999 0.000956969 0.000138953 -0.000956822 0.999999 -0.00105699 -0.000139987 0.00105701 0.999999 0.02822 0.0424449 -0.0548826
FixedParameters: 0 0 0

#Transform 30
Transform: AffineTransform_float_3_3
Parameters: 0.999999 0.00141945 0.000183402 -0.00141924 0.999998 -0.000993261 -0.000185232 0.000992738 1 0.0423756 0.0680385 -0.055805
FixedParameters: 0 0 0

#Transform 31
Transform: AffineTransform_float_3_3
Parameters: 1 0.00105731 0.000178097 -0.00105708 0.999999 -0.00106319 -0.000179356 0.00106281 1 0.0383321 0.033179 -0.0701952
FixedParameters: 0 0 0

#Transform 32
Transform: AffineTransform_float_3_3
Parameters: 1 0.000571216 0.000122352 -0.000571038 0.999999 -0.000725069 -0.00012318 0.000724929 0.999999 0.0159466 0.0367531 -0.0516887
FixedParameters: 0 0 0

#Transform 33
Transform: AffineTransform_float_3_3
Parameters: 1 0.000666568 0.000133727 -0.000666463 0.999999 -0.000393089 -0.000134251 0.00039291 1 0.0187886 0.0166149 -0.105275
FixedParameters: 0 0 0

#Transform 34
Transform: AffineTransform_float_3_3
Parameters: 1 0.000589015 2.52489e-06 -0.000589009 1 -0.000968855 -3.66639e-06 0.000969144 0.999999 0.0285995 0.0166406 -0.0804067
FixedParameters: 0 0 0

#Transform 35
Transform: AffineTransform_float_3_3
Parameters: 1 0.000589013 2.80223e-06 -0.00058901 0.999999 -0.000498002 -3.38888e-06 0.000497998 1 0.0345189 -0.00495777 -0.0502599
FixedParameters: 0 0 0

#Transform 36
Transform: AffineTransform_float_3_3
Parameters: 1 0.000564399 0.000168518 -0.000564109 0.999999 -0.0012971 -0.000168993 0.00129691 0.999999 0.0202833 0.0288385 -0.0383861
FixedParameters: 0 0 0

#Transform 37
Transform: AffineTransform_float_3_3
Parameters: 1 0.000468338 -1.53914e-05 -0.000468367 1 -0.000969847 1.44828e-05 0.000970153 0.999999 0.0157737 0.0134535 -0.0619252
FixedParameters: 0 0 0

#Transform 38
Transform: AffineTransform_float_3_3
Parameters: 1 0.000562685 0.000179721 -0.000562572 0.999999 -0.000725123 -0.000179549 0.000725877 1 0.0258214 -0.00519275 -0.0515957
FixedParameters: 0 0 0

#Transform 39
Transform: AffineTransform_float_3_3
Parameters: 1 0.000369423 -3.00558e-05 -0.000369478 0.999999 -0.000913988 2.93804e-05 0.00091401 0.999999 0.0290205 -0.0104726 -0.0682431
FixedParameters: 0 0 0

#Transform 40
Transform: AffineTransform_float_3_3
Parameters: 1 0.000462095 0.000237531 -0.000461727 0.999999 -0.000773109 -0.000238245 0.000772889 0.999999 0.0261718 0.0193608 -0.0676006
FixedParameters: 0 0 0

#Transform 41
Transform: AffineTransform_float_3_3
Parameters: 1 0.000409994 -2.37633e-05 -0.000410006 1 -0.00025699 2.35526e-05 0.00025701 1 0.0312801 -0.0226277 -0.107361
FixedParameters: 0 0 0

#Transform 42
Transform: AffineTransform_float_3_3
Parameters: 1 0.000589015 2.56847e-06 -0.000589009 1 -0.000894856 -3.6228e-06 0.000895144 0.999999 0.0193441 0.00914065 -0.0838478
FixedParameters: 0 0 0

#Transform 43
Transform: AffineTransform_float_3_3
Parameters: 1 0.000498015 -1.0861e-05 -0.00049803 0.999999 -0.000718994 1.01448e-05 0.000719005 0.999999 0.0166387 0.00487796 -0.089676
FixedParameters: 0 0 0

#Transform 44
Transform: AffineTransform_float_3_3
Parameters: 1 0.000439658 -1.95174e-05 -0.000439683 0.999999 -0.000667991 1.893e-05 0.000668008 1 0.0149433 -0.00872237 -0.072983
FixedParameters: 0 0 0

#Transform 45
Transform: AffineTransform_float_3_3
Parameters: 1 0.000407017 -2.43794e-05 -0.00040705 0.999999 -0.00068299 2.38234e-05 0.000683009 1 0.0139775 0.00397508 -0.0909149
FixedParameters: 0 0 0

#Transform 46
Transform: AffineTransform_float_3_3
Parameters: 1 0.000278406 0.000303267 -0.000278147 0.999999 -0.000673084 -0.000302652 0.000672915 0.999999 0.00199533 -0.0125068 -0.0932323
FixedParameters: 0 0 0

#Transform 47
Transform: AffineTransform_float_3_3
Parameters: 1 0.000589014 2.68855e-06 -0.00058901 0.999999 -0.000691001 -3.50256e-06 0.000690998 1 0.0308257 -0.0117912 -0.0929801
FixedParameters: 0 0 0

#Transform 48
Transform: AffineTransform_float_3_3
Parameters: 1 0.000589014 2.77985e-06 -0.00058901 0.999999 -0.000536001 -3.41126e-06 0.000535998 1 0.019342 -0.00441096 -0.0963906
FixedParameters: 0 0 0

#Transform 49
Transform: AffineTransform_float_3_3
Parameters: 1 0.000589014 2.64732e-06 -0.000589009 0.999999 -0.000761001 -3.54379e-06 0.000760997 0.999999 0.0292752 -0.0074375 -0.10846
FixedParameters: 0 0 0

#Transform 50
Transform: AffineTransform_float_3_3
Parameters: 1 0.000682001 1.61201e-05 -0.000682106 0.999999 -0.00127501 -1.68703e-05 0.00127499 0.999999 0.0313941 -0.000913805 -0.115575
FixedParameters: 0 0 0

#Transform 51
Transform: AffineTransform_float_3_3
Parameters: 1 0.000310084 -3.87926e-05 -0.000310135 0.999999 -0.000663988 3.83808e-05 0.000664012 1 0.0170348 -0.0101772 -0.110823
FixedParameters: 0 0 0

#Transform 52
Transform: AffineTransform_float_3_3
Parameters: 0.999999 0.000649674 -0.000404757 -0.000650293 0.999999 -0.000582715 0.000404989 0.000582285 0.999999 0.0310158 0.000155272 -0.115709
FixedParameters: 0 0 0

#Transform 53
Transform: AffineTransform_float_3_3
Parameters: 1 0.000581062 5.61753e-05 -0.000581147 0.999999 -0.000563032 -5.58406e-05 0.000562967 1 0.0178401 -0.00666814 -0.0998835
FixedParameters: 0 0 0

#Transform 54
Transform: AffineTransform_float_3_3
Parameters: 0.999999 0.000710097 -9.75033e-05 -0.000710207 0.999999 -0.000568931 9.66952e-05 0.000569068 1 0.0257124 0.0105845 -0.0780135
FixedParameters: 0 0 0

#Transform 55
Transform: AffineTransform_float_3_3
Parameters: 1 0.000585629 2.54529e-05 -0.000585595 0.999999 -0.000666015 -2.62329e-05 0.000665984 1 0.0186981 0.00579641 -0.159005
FixedParameters: 0 0 0

#Transform 56
Transform: AffineTransform_float_3_3
Parameters: 1 0.000598704 -6.2792e-05 -0.000598831 1 -0.00102296 6.15669e-05 0.00102304 1 0.0283283 0.0119876 -0.172201
FixedParameters: 0 0 0

#Transform 57
Transform: AffineTransform_float_3_3
Parameters: 1 0.000654594 0.000200596 -0.000654379 0.999999 -0.000535131 -0.000201297 0.000534868 1 0.0168273 0.00162082 -0.155666
FixedParameters: 0 0 0

#Transform 58
Transform: AffineTransform_float_3_3
Parameters: 1 0.000561674 0.000186589 -0.000561365 1 -0.000824959 -0.000187516 0.000825041 0.999999 0.0245571 -0.00348791 -0.180239
FixedParameters: 0 0 0

#Transform 59
Transform: AffineTransform_float_3_3
Parameters: 1 0.000501663 1.89732e-05 -0.000501633 0.999999 -0.000773009 -1.97488e-05 0.00077299 0.999999 0.0160604 -0.00672288 -0.17258
FixedParameters: 0 0 0

#Transform 60
Transform: AffineTransform_float_3_3
Parameters: 1 0.000582962 4.35041e-05 -0.000582941 1 -0.000242025 -4.37863e-05 0.000241974 1 0.0181971 -0.00762408 -0.150773
FixedParameters: 0 0 0

#Transform 61
Transform: AffineTransform_float_3_3
Parameters: 1 0.00056167 0.000186599 -0.000561368 0.999999 -0.000808104 -0.000187506 0.000807894 0.999999 0.0140843 0.0102505 -0.161494
FixedParameters: 0 0 0

#Transform 62
Transform: AffineTransform_float_3_3
Parameters: 1 0.000561604 0.000186799 -0.000561435 0.999999 -0.000451105 -0.000187306 0.000450895 1 0.0140853 0.00177245 -0.173363
FixedParameters: 0 0 0

#Transform 63
Transform: AffineTransform_float_3_3
Parameters: 1 0.000561623 0.00018674 -0.000561415 0.999999 -0.000556105 -0.000187365 0.000555895 1 0.0140647 -0.0228817 -0.209659
FixedParameters: 0 0 0

#Transform 64
Transform: AffineTransform_float_3_3
Parameters: 1 0.000652648 0.000200198 -0.000652369 0.999999 -0.00069413 -0.000201104 0.000693868 0.999999 0.0167185 -0.0150975 -0.204491
FixedParameters: 0 0 0

#Transform 65
Transform: AffineTransform_float_3_3
Parameters: 1 0.000561719 0.000186453 -0.00056132 1 -0.00106811 -0.000187652 0.0010679 1 0.0185688 -0.00723016 -0.186275
FixedParameters: 0 0 0

#Transform 66
Transform: AffineTransform_float_3_3
Parameters: 1 -0.000502855 -0.00047948 0.000499997 0.999985 -0.00549024 0.000482314 0.00548976 0.999985 -0.00482051 0.0906347 -0.00604728
FixedParameters: 0 0 0

#Transform 67
Transform: AffineTransform_float_3_3
Parameters: 1 -0.000125078 -9.98028e-05 0.000124095 0.999984 -0.00565101 0.000100222 0.00565099 0.999984 -0.0206078 0.155582 0.321964
FixedParameters: 0 0 0

#Transform 68
Transform: AffineTransform_float_3_3
Parameters: 1 0.000325045 -0.000252502 -0.000326494 0.99998 -0.00622189 0.000250722 0.0062211 0.99998 -0.0220118 0.200012 0.307391
FixedParameters: 0 0 0

#Transform 69
Transform: AffineTransform_float_3_3
Parameters: 1 0.000184105 -0.000161191 -0.000185384 0.999992 -0.00398697 0.000159717 0.00398703 0.999992 -0.0121811 0.128278 0.216717
FixedParameters: 0 0 0

#Transform 70
Transform: AffineTransform_float_3_3
Parameters: 1 2.77574e-05 -0.000430528 -2.91388e-05 0.999996 -0.00275299 0.000430519 0.00275301 0.999996 -0.00779265 0.0918418 0.139163
FixedParameters: 0 0 0

#Transform 71
Transform: AffineTransform_float_3_3
Parameters: 1 -3.30691e-05 -0.000403018 3.14462e-05 0.999995 -0.00323901 0.000403375 0.00323899 0.999994 -0.0200272 0.127234 0.145936
FixedParameters: 0 0 0

#Transform 72
Transform: AffineTransform_float_3_3
Parameters: 1 0.000101108 -4.18241e-05 -0.000101381 0.999994 -0.00329399 4.11571e-05 0.003294 0.999994 -0.00975988 0.128674 0.107977
FixedParameters: 0 0 0

#Transform 73
Transform: AffineTransform_float_3_3
Parameters: 1 -3.83775e-05 -6.22268e-05 3.81856e-05 0.999996 -0.002747 6.14481e-05 0.002747 0.999996 -0.0138863 0.087784 0.110732
FixedParameters: 0 0 0

#Transform 74
Transform: AffineTransform_float_3_3
Parameters: 1 0.000278958 -0.000110825 -0.000279821 0.999994 -0.00323497 0.000110006 0.00323503 0.999995 0.00695755 0.116235 0.0775209
FixedParameters: 0 0 0

#Transform 75
Transform: AffineTransform_float_3_3
Parameters: 1 0.000265369 -1.77644e-05 -0.000265472 0.999996 -0.003052 1.61443e-05 0.00305201 0.999996 -0.00491875 0.107493 0.0605224
FixedParameters: 0 0 0

#Transform 76
Transform: AffineTransform_float_3_3
Parameters: 1 -2.67733e-05 0.000134541 2.75725e-05 0.999995 -0.00297199 -0.000134379 0.002972 0.999995 -0.0181728 0.0977715 0.0934422
FixedParameters: 0 0 0

#Transform 77
Transform: AffineTransform_float_3_3
Parameters: 1 0.000249255 9.21775e-05 -0.000248772 0.999996 -0.00260402 -9.34744e-05 0.00260397 0.999996 -0.00806309 0.0910251 0.0415037
FixedParameters: 0 0 0

#Transform 78
Transform: AffineTransform_float_3_3
Parameters: 1 -0.000211802 2.45149e-05 0.000212081 0.999997 -0.00268 -2.43679e-05 0.00268001 0.999997 -0.00361612 0.106268 0.0653173
FixedParameters: 0 0 0

#Transform 79
Transform: AffineTransform_float_3_3
Parameters: 1 -0.000292608 0.000575639 0.000293956 0.999996 -0.00276083 -0.000575304 0.00276117 0.999996 -0.00746047 0.104172 0.0481525
FixedParameters: 0 0 0

#Transform 80
Transform: AffineTransform_float_3_3
Parameters: 1 -0.000268566 0.000411369 0.000268927 0.999997 -0.00266387 -0.000411222 0.00266313 0.999997 -0.00280644 0.0908414 0.0186363
FixedParameters: 0 0 0

#Transform 81
Transform: AffineTransform_float_3_3
Parameters: 1 -0.00023481 0.000181924 0.000235087 0.999995 -0.00307596 -0.000181615 0.00307604 0.999996 0.0203521 0.0849179 0.0295277
FixedParameters: 0 0 0

#Transform 82
Transform: AffineTransform_float_3_3
Parameters: 1 -0.000287804 3.96383e-05 0.000288161 0.999997 -0.00266397 -3.90932e-05 0.00266304 0.999997 0.0270186 0.0813423 -0.010507
FixedParameters: 0 0 0

#Transform 83
Transform: AffineTransform_float_3_3
Parameters: 1 -0.000603366 -9.66167e-05 0.000603143 0.999997 -0.00266406 9.78528e-05 0.00266394 0.999997 0.019867 0.0951511 -0.0176813
FixedParameters: 0 0 0

#Transform 84
Transform: AffineTransform_float_3_3
Parameters: 0.999999 -0.000701478 0.000405171 0.000702427 0.999998 -0.0022147 -0.000403199 0.00221431 0.999998 0.00476144 0.0515589 -0.000965519
FixedParameters: 0 0 0

#Transform 85
Transform: AffineTransform_float_3_3
Parameters: 0.999999 -0.00068559 0.000195744 0.000686054 0.999996 -0.00297172 -0.000193793 0.00297228 0.999995 0.0101698 0.091471 -0.0106674
FixedParameters: 0 0 0

#Transform 86
Transform: AffineTransform_float_3_3
Parameters: 0.999999 -0.000858324 -3.25474e-05 0.000858555 0.999994 -0.00313703 3.49662e-05 0.00313697 0.999995 0.00990523 0.0835752 0.0104787
FixedParameters: 0 0 0

#Transform 87
Transform: AffineTransform_float_3_3
Parameters: 0.999999 -0.000942745 -0.000125605 0.000942353 0.999994 -0.00328197 0.000128825 0.00328203 0.999994 0.0286838 0.103358 -0.0439552
FixedParameters: 0 0 0

#Transform 88
Transform: AffineTransform_float_3_3
Parameters: 1 -0.000154514 6.12397e-05 0.000154857 0.999996 -0.00281999 -6.03673e-05 0.00282001 0.999996 0.0269697 0.103346 -0.0256879
FixedParameters: 0 0 0

#Transform 89
Transform: AffineTransform_float_3_3
Parameters: 1 -6.33091e-05 0.000369727 6.43612e-05 0.999996 -0.00276098 -0.000369522 0.00276102 0.999996 0.0230471 0.0865041 0.00379352
FixedParameters: 0 0 0

#Transform 90
Transform: AffineTransform_float_3_3
Parameters: 1 -0.000166888 0.000483924 0.000168732 0.999996 -0.00292989 -0.000483088 0.0029291 0.999995 0.0203852 0.106377 -0.0248949
FixedParameters: 0 0 0

#Transform 91
Transform: AffineTransform_float_3_3
Parameters: 1 0.000142118 0.000223903 -0.000140812 0.999994 -0.00324803 -0.000223833 0.00324797 0.999994 0.0282095 0.0931589 -0.0452489
FixedParameters: 0 0 0

#Transform 92
Transform: AffineTransform_float_3_3
Parameters: 1 -9.74978e-05 0.000534513 9.9767e-05 0.999996 -0.00290795 -0.000535076 0.00290805 0.999995 0.0166616 0.0734526 -0.0305801
FixedParameters: 0 0 0

#Transform 93
Transform: AffineTransform_float_3_3
Parameters: 1 -9.48403e-05 0.000239765 9.60633e-05 0.999996 -0.00255298 -0.000239278 0.00255302 0.999996 0.0286196 0.0940161 -0.0142309
FixedParameters: 0 0 0

#Transform 94
Transform: AffineTransform_float_3_3
Parameters: 1 -0.000103151 0.000344673 0.000103957 0.999996 -0.00260596 -0.000344281 0.00260603 0.999996 0.0171023 0.0655369 -0.0423163
FixedParameters: 0 0 0

#Transform 95
Transform: AffineTransform_float_3_3
Parameters: 1 -0.000118639 0.000236252 0.000119738 0.999998 -0.00232797 -0.000235697 0.00232803 0.999998 0.0178167 0.0615142 -0.0276362
FixedParameters: 0 0 0

#Transform 96
Transform: AffineTransform_float_3_3
Parameters: 1 -9.77683e-05 0.000239346 9.80807e-05 0.999997 -0.00272098 -0.000238961 0.00272102 0.999997 0.0284662 0.0708064 -0.027609
FixedParameters: 0 0 0

#Transform 97
Transform: AffineTransform_float_3_3
Parameters: 1 -0.00031644 0.000207258 0.000316703 0.999997 -0.00266794 -0.000206706 0.00266807 0.999997 0.0220338 0.0468567 -0.0419045
FixedParameters: 0 0 0

#Transform 98
Transform: AffineTransform_float_3_3
Parameters: 0.999999 -0.000747796 -6.25886e-05 0.000747792 0.999993 -0.00351205 6.48741e-05 0.00351195 0.999994 0.0141217 0.0972635 0.022715
FixedParameters: 0 0 0

#Transform 99
Transform: AffineTransform_float_3_3
Parameters: 1 -0.000534145 0.000175212 0.000535152 0.999997 -0.00246491 -0.000173565 0.00246509 0.999997 0.0155721 0.0773719 0.0152535
FixedParameters: 0 0 0

#Transform 100
Transform: AffineTransform_float_3_3
Parameters: 1 -0.000570809 0.000169641 0.000570687 0.999997 -0.0021279 -0.000168349 0.00212809 0.999997 0.0145467 0.0645087 0.0182776
FixedParameters: 0 0 0

#Transform 101
Transform: AffineTransform_float_3_3
Parameters: 1 -0.000495906 -0.000139369 0.000495802 1 -0.000902923 0.000139275 0.000903077 0.999999 0.018605 0.0116097 0.0294538
FixedParameters: 0 0 0

#Transform 102
Transform: AffineTransform_float_3_3
Parameters: 1 -9.46426e-05 5.87519e-05 9.47746e-05 1 -0.001125 -5.85388e-05 0.00112501 1 0.0328088 0.0478513 -0.0412982
FixedParameters: 0 0 0

#Transform 103
Transform: AffineTransform_float_3_3
Parameters: 1 -0.00052329 4.13971e-06 0.000523445 0.999999 -0.000853997 -4.23481e-06 0.000854002 0.999999 0.0200294 0.0122252 -0.0167387
FixedParameters: 0 0 0

#Transform 104
Transform: AffineTransform_float_3_3
Parameters: 1 -0.000518566 2.0143e-05 0.000518758 0.999999 -0.00111899 -1.99713e-05 0.00111901 1 0.0198129 0.0412823 -0.00194229
FixedParameters: 0 0 0

#Transform 105
Transform: AffineTransform_float_3_3
Parameters: 1 -0.000384573 -0.00022891 0.000384226 1 -0.00108209 0.000228753 0.00108191 1 0.0301393 0.0583243 -0.00063895
FixedParameters: 0 0 0

#Transform 106
Transform: AffineTransform_float_3_3
Parameters: 1 -0.000529174 9.10962e-05 0.000529285 0.999999 -0.000612952 -9.04474e-05 0.000613048 1 0.0178268 0.0128516 0.00278653
FixedParameters: 0 0 0

#Transform 107
Transform: AffineTransform_float_3_3
Parameters: 0.999999 -0.000853177 -0.000238851 0.000852846 0.999999 -0.00100106 0.00023957 0.00100094 0.999999 0.027899 0.0224343 0.00983977
FixedParameters: 0 0 0

#Transform 108
Transform: AffineTransform_float_3_3
Parameters: 0.999999 -0.000905852 -2.58233e-05 0.000906156 0.999996 -0.00261588 2.75964e-05 0.00261612 0.999996 0.00329844 0.0932805 0.0311028
FixedParameters: 0 0 0

#Transform 109
Transform: AffineTransform_float_3_3
Parameters: 1 -0.000520044 2.98315e-05 0.000520235 0.999999 -0.000727984 -3.00632e-05 0.000728015 0.999999 0.0194989 0.0132935 0.0364106
FixedParameters: 0 0 0

#Transform 110
Transform: AffineTransform_float_3_3
Parameters: 0.999999 -0.000715887 2.22975e-06 0.00071619 0.999995 -0.00285398 -1.21348e-07 0.00285302 0.999996 0.013644 0.109848 0.096761
FixedParameters: 0 0 0

#Transform 111
Transform: AffineTransform_float_3_3
Parameters: 1 -0.000343069 0.000256756 0.000344313 0.999997 -0.00213691 -0.000256276 0.00213709 0.999997 0.00975669 0.102414 0.116393
FixedParameters: 0 0 0

#Transform 112
Transform: AffineTransform_float_3_3
Parameters: 1 -0.000351708 0.000217821 0.000351439 0.999999 -0.00131292 -0.000218035 0.00131308 0.999999 0.00915587 0.0285427 0.165206
FixedParameters: 0 0 0

#Transform 113
Transform: AffineTransform_float_3_3
Parameters: 0.999999 -0.000679383 0.000418797 0.000677775 0.999992 0.00391429 -0.000421835 -0.00391372 0.999993 -0.00981679 0.00814313 0.421736
FixedParameters: 0 0 0

#Transform 114
Transform: AffineTransform_float_3_3
Parameters: 1 -0.000396203 6.02969e-05 0.000395276 1 -0.000514976 -6.00371e-05 0.000515024 1 0.00246685 0.0708933 0.193467
FixedParameters: 0 0 0

#Transform 115
Transform: AffineTransform_float_3_3
Parameters: 1 -0.000328303 0.000479856 0.000328725 1 -0.000439842 -0.000479567 0.000440157 1 0.00215597 0.0676023 0.181521
FixedParameters: 0 0 0

#Transform 116
Transform: AffineTransform_float_3_3
Parameters: 1 -0.000408303 0.000167349 0.000408181 1 0.000365068 -0.000167647 -0.000364931 1 0.017447 0.0134136 0.170117
FixedParameters: 0 0 0

#Transform 117
Transform: AffineTransform_float_3_3
Parameters: 1 -0.000402365 0.000168248 0.000402251 1 0.000339068 -0.000168521 -0.000338932 1 0.0207758 0.0260484 0.130383
FixedParameters: 0 0 0

#Transform 118
Transform: AffineTransform_float_3_3
Parameters: 1 -0.000886823 0.000669036 0.000890027 0.999994 -0.00354939 -0.000665992 0.00354962 0.999994 -0.00710997 0.16678 0.167744
FixedParameters: 0 0 0

#Transform 119
Transform: AffineTransform_float_3_3
Parameters: 1 -0.000330445 -0.00023994 0.00032973 0.999999 -0.00148808 0.000240922 0.00148792 0.999999 0.0139767 0.142483 0.320364
FixedParameters: 0 0 0

#Transform 120
Transform: AffineTransform_float_3_3
Parameters: 0.999999 0.000125643 -0.000872008 -0.000125896 1 0.00042211 0.000871967 -0.00042189 0.999999 0.0325048 0.114529 0.316827
FixedParameters: 0 0 0

#Transform 121
Transform: AffineTransform_float_3_3
Parameters: 0.999999 0.000641188 -0.000498219 -0.000641323 1 0.000856321 0.000499169 -0.000855681 1 0.0184692 0.14332 0.411976
FixedParameters: 0 0 0

#Transform 122
Transform: AffineTransform_float_3_3
Parameters: 0.999999 0.000245651 -0.000897151 -0.000241972 0.999994 0.00362122 0.000897484 -0.00362078 0.999993 0.0402012 0.0941587 0.419335
FixedParameters: 0 0 0

#Transform 123
Transform: AffineTransform_float_3_3
Parameters: 1 -0.000355021 -0.00109831 0.000361407 0.999985 0.00536346 0.00109669 -0.00536454 0.999985 0.0167756 0.0847084 0.369581
FixedParameters: 0 0 0

#Transform 124
Transform: AffineTransform_float_3_3
Parameters: 0.999996 0.000828105 -0.00245573 -0.000806833 0.999962 0.00862959 0.00246263 -0.0086274 0.999959 0.0492859 0.081204 0.485854
FixedParameters: 0 0 0

#Transform 125
Transform: AffineTransform_float_3_3
Parameters: 0.999998 0.00142539 -0.00171386 -0.00141665 0.999985 0.00545334 0.0017218 -0.00545067 0.999984 0.0169833 0.145107 0.452236
FixedParameters: 0 0 0

#Transform 126
Transform: AffineTransform_float_3_3
Parameters: 0.999997 0.0024158 -0.00115791 -0.00240629 0.999965 0.00801617 0.00117698 -0.00801283 0.999967 -0.0117338 0.0444041 0.455879
FixedParameters: 0 0 0

#Transform 127
Transform: AffineTransform_float_3_3
Parameters: 0.999986 0.00521302 -0.00142861 -0.00518615 0.999828 0.0177804 0.00152068 -0.0177726 0.99984 -0.128908 -0.0913491 0.389654
FixedParameters: 0 0 0

#Transform 128
Transform: AffineTransform_float_3_3
Parameters: 0.99997 0.00746942 0.00208514 -0.00750959 0.999777 0.0197442 -0.00193706 -0.0197598 0.999802 -0.32958 -0.263392 0.254235
FixedParameters: 0 0 0

#Transform 129
Transform: AffineTransform_float_3_3
Parameters: 0.999986 0.00515495 0.00160326 -0.00516089 0.999982 0.00331173 -0.00158656 -0.00332027 0.999993 -0.281227 -0.170576 -0.156837
FixedParameters: 0 0 0

#Transform 130
Transform: AffineTransform_float_3_3
Parameters: 0.999994 0.0032381 0.00117719 -0.00323334 0.999988 -0.00366514 -0.00118833 0.00366086 0.999993 -0.283471 0.070216 -0.124894
FixedParameters: 0 0 0

#Transform 131
Transform: AffineTransform_float_3_3
Parameters: 1 0.000633346 0.000173835 -0.000633125 0.999999 -0.00105696 -0.000174184 0.00105704 0.999999 -0.0275314 -0.00386219 0.595949
FixedParameters: 0 0 0

#Transform 132
Transform: AffineTransform_float_3_3
Parameters: 0.999997 0.00150225 0.00228939 -0.00149861 0.999998 -0.00154052 -0.00229148 0.00153748 0.999996 -0.00984726 0.0496896 0.49517
FixedParameters: 0 0 0

#Transform 133
Transform: AffineTransform_float_3_3
Parameters: 0.99985 0.0146821 0.00918209 -0.0147045 0.999889 0.00239185 -0.00914687 -0.00252617 0.999955 -0.137062 -0.0349075 0.398273
FixedParameters: 0 0 0

#Transform 134
Transform: AffineTransform_float_3_3
Parameters: 0.999902 0.012277 0.00673517 -0.0122936 0.999922 0.00251004 -0.00670319 -0.00259296 0.999974 -0.165222 -0.0986288 0.53506
FixedParameters: 0 0 0

#Transform 135
Transform: AffineTransform_float_3_3
Parameters: 0.999942 0.00938685 0.00516874 -0.00936263 0.999945 -0.00475504 -0.00521263 0.00470596 0.999975 -0.0659061 -0.00617422 0.6185
FixedParameters: 0 0 0

#Transform 136
Transform: AffineTransform_float_3_3
Parameters: 0.999923 0.0106948 0.00640603 -0.0106621 0.99993 -0.00508286 -0.00646004 0.00501414 0.999966 -0.0657769 0.0275251 0.469225
FixedParameters: 0 0 0

#Transform 137
Transform: AffineTransform_float_3_3
Parameters: 0.999929 0.00966952 0.00696207 -0.00963277 0.999939 -0.00538872 -0.0070135 0.00532128 0.999961 -0.0701964 0.0499093 0.544935
FixedParameters: 0 0 0

#Transform 138
Transform: AffineTransform_float_3_3
Parameters: 0.999937 0.00854524 0.00719748 -0.00851039 0.999953 -0.00483467 -0.00723805 0.00477234 0.999962 -0.0678579 0.0895019 0.46412
FixedParameters: 0 0 0

#Transform 139
Transform: AffineTransform_float_3_3
Parameters: 0.999936 0.00792228 0.00814724 -0.00785718 0.999937 -0.0080484 -0.0082108 0.0079836 0.999934 -0.0851975 0.0847151 0.53391
FixedParameters: 0 0 0

#Transform 140
Transform: AffineTransform_float_3_3
Parameters: 0.999937 0.00772176 0.00808634 -0.00765073 0.999932 -0.00875956 -0.00815324 0.00869745 0.999929 -0.0858417 0.13523 0.504539
FixedParameters: 0 0 0

#Transform 141
Transform: AffineTransform_float_3_3
Parameters: 0.999938 0.00722695 0.00845627 -0.00714955 0.999933 -0.00909521 -0.00852119 0.00903479 0.999923 -0.0955052 0.0844668 0.557461
FixedParameters: 0 0 0

#Transform 142
Transform: AffineTransform_float_3_3
Parameters: 0.999953 0.00613934 0.00758864 -0.00607473 0.999945 -0.00855894 -0.007641 0.00851205 0.999934 -0.0907656 0.0945879 0.574033
FixedParameters: 0 0 0

#Transform 143
Transform: AffineTransform_float_3_3
Parameters: 0.999991 0.00300353 0.00306865 -0.00299263 0.999989 -0.00351495 -0.00307916 0.00350505 0.999988 -0.0542315 0.0181227 0.481901
FixedParameters: 0 0 0

#Transform 144
Transform: AffineTransform_float_3_3
Parameters: 0.999925 0.00914747 0.00820707 -0.00906737 0.999911 -0.00973341 -0.00829552 0.00965757 0.999919 -0.0914152 0.057095 0.545713
FixedParameters: 0 0 0

#Transform 145
Transform: AffineTransform_float_3_3
Parameters: 0.999962 0.00571041 0.00656597 -0.00566005 0.999955 -0.00762941 -0.00660942 0.00759259 0.999949 -0.0829255 0.0308678 0.507191
FixedParameters: 0 0 0

#Transform 146
Transform: AffineTransform_float_3_3
Parameters: 0.999932 0.00693783 0.00939125 -0.00682287 0.999903 -0.0121515 -0.00947391 0.0120865 0.999882 -0.11161 0.0917941 0.571664
FixedParameters: 0 0 0

#Transform 147
Transform: AffineTransform_float_3_3
Parameters: 0.99996 0.00536871 0.00723536 -0.00529211 0.99993 -0.0105248 -0.00729199 0.0104862 0.999919 -0.092085 0.108681 0.473487
FixedParameters: 0 0 0

#Transform 148
Transform: AffineTransform_float_3_3
Parameters: 0.999936 0.00747108 0.00847769 -0.00735819 0.999885 -0.013264 -0.00857552 0.013201 0.999876 -0.117079 0.0738163 0.545714
FixedParameters: 0 0 0

#Transform 149
Transform: AffineTransform_float_3_3
Parameters: 0.99993 0.00763338 0.00896407 -0.00751785 0.999889 -0.0128016 -0.0090604 0.0127334 0.999878 -0.101452 0.0982103 0.534466
FixedParameters: 0 0 0

#Transform 150
Transform: AffineTransform_float_3_3
Parameters: 0.999953 0.00572199 0.00774579 -0.0056345 0.999921 -0.0112633 -0.00780967 0.0112187 0.999907 -0.0795701 0.112862 0.546368
FixedParameters: 0 0 0

#Transform 151
Transform: AffineTransform_float_3_3
Parameters: 0.999997 0.000612347 0.00238749 -0.000598802 0.999985 -0.00550579 -0.00239 0.00550422 0.999982 -0.0600876 0.0554072 0.461355
FixedParameters: 0 0 0

#Transform 152
Transform: AffineTransform_float_3_3
Parameters: 0.999998 0.000574304 0.00186818 -0.000560233 0.999972 -0.00743623 -0.0018726 0.00743477 0.99997 -0.0681064 0.100145 0.681281
FixedParameters: 0 0 0

#Transform 153
Transform: AffineTransform_float_3_3
Parameters: 0.999998 0.0012613 0.00155377 -0.00125307 0.999986 -0.005247 -0.00156008 0.005245 0.999985 -0.0585421 0.0666651 0.504809
FixedParameters: 0 0 0

#Transform 154
Transform: AffineTransform_float_3_3
Parameters: 0.999998 0.000683972 0.00189242 -0.000673006 0.999983 -0.00574045 -0.00189576 0.00573855 0.999982 -0.105475 0.0905654 0.532071
FixedParameters: 0 0 0

#Transform 155
Transform: AffineTransform_float_3_3
Parameters: 0.999998 0.000870608 0.00192008 -0.000861206 0.999987 -0.00499285 -0.00192412 0.00499115 0.999986 -0.0666141 0.099263 0.481593
FixedParameters: 0 0 0

#Transform 156
Transform: AffineTransform_float_3_3
Parameters: 0.999998 0.00068156 0.00191019 -0.000670098 0.999982 -0.00581663 -0.0019136 0.00581537 0.999982 -0.0821477 0.0975193 0.49457
FixedParameters: 0 0 0

#Transform 157
Transform: AffineTransform_float_3_3
Parameters: 0.999998 0.000672633 0.00197066 -0.00066084 0.999984 -0.00568351 -0.00197477 0.0056825 0.999982 -0.041655 0.127768 0.380516
FixedParameters: 0 0 0

#Transform 158
Transform: AffineTransform_float_3_3
Parameters: 0.999998 0.000605302 0.00195069 -0.000591529 0.999975 -0.00704535 -0.00195511 0.00704464 0.999973 -0.0539306 0.149161 0.35451
FixedParameters: 0 0 0

#Transform 159
Transform: AffineTransform_float_3_3
Parameters: 0.999998 0.000133774 0.00164836 -0.000122545 0.999977 -0.00679335 -0.00164975 0.00679264 0.999975 -0.0598503 0.104337 0.399442
FixedParameters: 0 0 0

#Transform 160
Transform: AffineTransform_float_3_3
Parameters: 1 0.000238036 0.000362399 -0.000235858 0.999981 -0.00613209 -0.000363622 0.00613192 0.999981 -0.0525255 0.143412 0.296878
FixedParameters: 0 0 0

#Transform 161
Transform: AffineTransform_float_3_3
Parameters: 1 0.000367356 0.000327736 -0.000365649 0.999996 -0.00282512 -0.000328818 0.00282488 0.999996 -0.0638659 0.0292833 0.209341
FixedParameters: 0 0 0

#Transform 162
Transform: AffineTransform_float_3_3
Parameters: 0.999999 0.000465084 0.000782224 -0.000462587 0.999993 -0.00367736 -0.0007841 0.00367664 0.999993 -0.0689954 0.0784996 0.233666
FixedParameters: 0 0 0

#Transform 163
Transform: AffineTransform_float_3_3
Parameters: 1 0.000367094 0.000535959 -0.000365344 0.999997 -0.0026902 -0.000537088 0.0026898 0.999996 -0.0615424 0.0312842 0.201786
FixedParameters: 0 0 0

#Transform 164
Transform: AffineTransform_float_3_3
Parameters: 1 0.00044628 0.000284977 -0.000446096 0.999997 -0.00231213 -0.000286199 0.00231187 0.999998 -0.049779 0.0390054 0.17981
FixedParameters: 0 0 0

#Transform 165
Transform: AffineTransform_float_3_3
Parameters: 0.999999 0.000625354 0.000806522 -0.00062276 0.999997 -0.00240252 -0.00080769 0.00240247 0.999997 -0.0502383 0.0419688 0.137915
FixedParameters: 0 0 0

#Transform 166
Transform: AffineTransform_float_3_3
Parameters: 1 0.000113009 0.000304615 -0.000112451 0.999996 -0.00278203 -0.000304401 0.00278197 0.999996 -0.0420219 0.0226672 0.1456
FixedParameters: 0 0 0

#Transform 167
Transform: AffineTransform_float_3_3
Parameters: 1 -0.000454301 0.000522853 0.000456986 0.999995 -0.00337874 -0.000520911 0.00337826 0.999994 -0.0625593 0.0493305 0.0792299
FixedParameters: 0 0 0

#Transform 168
Transform: AffineTransform_float_3_3
Parameters: 0.999999 -0.000450114 0.000882249 0.000453371 0.999994 -0.00344658 -0.000880568 0.00344642 0.999993 -0.068162 0.0295049 0.0658252
FixedParameters: 0 0 0

#Transform 169
Transform: AffineTransform_float_3_3
Parameters: 0.999999 -0.00105479 0.000708802 0.00105732 0.999991 -0.00417223 -0.000704536 0.00417277 0.999991 -0.0521366 0.0478573 0.0297705
FixedParameters: 0 0 0

#Transform 170
Transform: AffineTransform_float_3_3
Parameters: 0.999999 -0.000861758 0.00116673 0.00086748 0.999988 -0.00481397 -0.00116226 0.00481503 0.999987 -0.049252 0.0692608 0.0118352
FixedParameters: 0 0 0

#Transform 171
Transform: AffineTransform_float_3_3
Parameters: 0.999998 -0.0017118 0.00122359 0.00171821 0.999984 -0.00538787 -0.0012142 0.00539014 0.999985 -0.0698297 0.038337 0.0464083
FixedParameters: 0 0 0

#Transform 172
Transform: AffineTransform_float_3_3
Parameters: 0.999997 -0.00131592 0.00197241 0.00132629 0.999986 -0.00516963 -0.00196631 0.00517138 0.999985 -0.0683172 0.0693036 0.0331609
FixedParameters: 0 0 0

#Transform 173
Transform: AffineTransform_float_3_3
Parameters: 0.999998 -0.00101941 0.00164711 0.00102548 0.999993 -0.00351159 -0.00164378 0.00351341 0.999993 -0.0570538 0.0191356 0.0311897
FixedParameters: 0 0 0

#Transform 174
Transform: AffineTransform_float_3_3
Parameters: 0.999997 -0.00132109 0.00198416 0.00132777 0.999993 -0.00356863 -0.00197885 0.00357138 0.999992 -0.0673762 0.012083 0.0853503
FixedParameters: 0 0 0

#Transform 175
Transform: AffineTransform_float_3_3
Parameters: 0.999998 -0.0010452 0.0018307 0.0010524 0.999991 -0.00401133 -0.00182643 0.00401267 0.99999 -0.0534274 0.0561105 0.0531421
FixedParameters: 0 0 0

#Transform 176
Transform: AffineTransform_float_3_3
Parameters: 0.999997 -0.00108184 0.00182492 0.00108895 0.999993 -0.00345429 -0.00182127 0.00345671 0.999993 -0.0635052 0.103345 0.0257409
FixedParameters: 0 0 0

#Transform 177
Transform: AffineTransform_float_3_3
Parameters: 0.999997 -0.0012812 0.001795 0.00128618 0.999996 -0.0026448 -0.00179191 0.0026472 0.999994 -0.0644815 0.0481082 0.0609731
FixedParameters: 0 0 0

#Transform 178
Transform: AffineTransform_float_3_3
Parameters: 0.999999 -0.000652118 0.0016919 0.000654133 0.999999 -0.00176502 -0.00169018 0.00176598 0.999997 -0.0521425 0.042197 0.0944297
FixedParameters: 0 0 0

#Transform 179
Transform: AffineTransform_float_3_3
Parameters: 0.999998 -0.00116065 0.00160259 0.00116341 0.999998 -0.00169324 -0.00160108 0.00169476 0.999997 -0.0505837 -0.0117477 0.0643617
FixedParameters: 0 0 0

#Transform 180
Transform: AffineTransform_float_3_3
Parameters: 0.999998 -0.0015325 0.0017469 0.00153786 0.999993 -0.00335057 -0.0017416 0.00335343 0.999993 -0.0591673 0.0297639 0.0565566
FixedParameters: 0 0 0

#Transform 181
Transform: AffineTransform_float_3_3
Parameters: 0.999996 -0.0018487 0.00183048 0.00185434 0.999994 -0.0029637 -0.00182533 0.00296731 0.999994 -0.0719271 0.0535109 0.0842461
FixedParameters: 0 0 0

#Transform 182
Transform: AffineTransform_float_3_3
Parameters: 0.999998 -0.00098373 0.00164652 0.000988172 0.999996 -0.00250763 -0.00164315 0.00250837 0.999996 -0.039085 0.0346162 0.128392
FixedParameters: 0 0 0

#Transform 183
Transform: AffineTransform_float_3_3
Parameters: 0.999999 -0.000900902 0.00158061 0.000903843 0.999998 -0.0021357 -0.00157833 0.0021373 0.999997 -0.0427861 0.0329143 0.0694842
FixedParameters: 0 0 0

#Transform 184
Transform: AffineTransform_float_3_3
Parameters: 0.999998 -0.00132884 0.00159706 0.00133398 0.999995 -0.00271098 -0.00159339 0.00271302 0.999995 -0.0494211 0.0108281 0.080849
FixedParameters: 0 0 0

#Transform 185
Transform: AffineTransform_float_3_3
Parameters: 0.999998 -0.0010816 0.00163327 0.00108657 0.999996 -0.00264533 -0.0016301 0.00264667 0.999995 -0.0421774 0.0221632 0.0802239
FixedParameters: 0 0 0

#Transform 186
Transform: AffineTransform_float_3_3
Parameters: 0.999998 -0.00129993 0.00139795 0.00130348 0.999996 -0.00253114 -0.00139492 0.00253286 0.999995 -0.0437625 0.0085374 0.0609057
FixedParameters: 0 0 0

#Transform 187
Transform: AffineTransform_float_3_3
Parameters: 0.999997 -0.00146889 0.00157609 0.00147284 0.999997 -0.00236664 -0.00157268 0.00236936 0.999996 -0.0535542 0.00453761 0.0557475
FixedParameters: 0 0 0

#Transform 188
Transform: AffineTransform_float_3_3
Parameters: 0.999997 -0.00179695 0.00152727 0.0018005 0.999996 -0.00199134 -0.00152351 0.00199366 0.999997 -0.0537341 0.0153955 0.0903345
FixedParameters: 0 0 0

#Transform 189
Transform: AffineTransform_float_3_3
Parameters: 0.999998 -0.00132939 0.0015966 0.00133328 0.999996 -0.002367 -0.00159286 0.00237 0.999996 -0.0494823 0.0241584 0.0579832
FixedParameters: 0 0 0

#Transform 190
Transform: AffineTransform_float_3_3
Parameters: 0.999997 -0.00149088 0.00157268 0.00149521 0.999996 -0.00222676 -0.00156845 0.00222924 0.999996 -0.0575097 0.0130852 0.121329
FixedParameters: 0 0 0

#Transform 191
