#Insight Transform File V1.0
#Transform 0
Transform: AffineTransform_float_3_3
Parameters: 0.999996 0.0027801 -0.000570232 -0.00277603 0.999979 0.0057738 0.000587075 -0.00577128 0.999983 -0.169445 -0.0865751 -0.196089
FixedParameters: 0 0 0

#Transform 1
Transform: AffineTransform_float_3_3
Parameters: 0.999999 0.00131159 4.24404e-05 -0.00131177 0.999991 0.00419188 -3.68393e-05 -0.00419194 0.999992 -0.115305 -0.0876005 -0.217286
FixedParameters: 0 0 0

#Transform 2
Transform: AffineTransform_float_3_3
Parameters: 1 -4.48345e-05 -0.000695563 4.68216e-05 0.999996 0.00287054 0.000695537 -0.00287053 0.999995 -0.0263185 -0.0575065 -0.147815
FixedParameters: 0 0 0

#Transform 3
Transform: AffineTransform_float_3_3
Parameters: 0.999999 -0.000294073 -0.000703226 0.000296159 0.999995 0.00293124 0.000702803 -0.00293164 0.999996 -0.0257159 -0.0619317 -0.0654144
FixedParameters: 0 0 0

#Transform 4
Transform: AffineTransform_float_3_3
Parameters: 1 0.000136955 -0.000428927 -0.000135845 0.999997 0.00246229 0.00042979 -0.00246213 0.999997 -0.0518079 -0.0476752 -0.0628536
FixedParameters: 0 0 0

#Transform 5
Transform: AffineTransform_float_3_3
Parameters: 1 0.000133227 0.000131891 -0.000132459 0.999999 0.000876553 -0.000131631 -0.000876625 0.999999 -0.0905459 -0.00841859 0.115663
FixedParameters: 0 0 0

#Transform 6
Transform: AffineTransform_float_3_3
Parameters: 0.999999 0.000698159 -0.000287563 -0.000698282 0.999998 0.00147549 0.000288671 -0.00147505 0.999999 -0.0780925 -0.0233797 0.124762
FixedParameters: 0 0 0

#Transform 7
Transform: AffineTransform_float_3_3
Parameters: 0.999998 0.00176086 -0.00101824 -0.00175932 0.999997 0.00172645 0.00102127 -0.00172473 0.999998 -0.0413597 0.0115224 0.120506
FixedParameters: 0 0 0

#Transform 8
Transform: AffineTransform_float_3_3
Parameters: 0.999998 0.00116889 -0.00146087 -0.00116819 0.999999 0.000941658 0.00146202 -0.000940223 0.999999 0.00635172 -0.00125554 0.094923
FixedParameters: 0 0 0

#Transform 9
Transform: AffineTransform_float_3_3
Parameters: 0.999998 0.000867206 -0.00146944 -0.000865063 0.999999 0.00107321 0.00147034 -0.00107168 0.999999 0.0269831 -0.0130226 0.0763082
FixedParameters: 0 0 0

#Transform 10
Transform: AffineTransform_float_3_3
Parameters: 0.999999 0.000648206 -0.00042639 -0.000648322 1 0.00100528 0.000426742 -0.00100469 1 -0.00217366 -0.0215108 0.0490821
FixedParameters: 0 0 0

#Transform 11
Transform: AffineTransform_float_3_3
Parameters: 1 0.000526902 -0.000356811 -0.000527076 0.999999 0.0011199 0.000357039 -0.00111949 1 -0.0141922 -0.00292275 0.00820957
FixedParameters: 0 0 0

#Transform 12
Transform: AffineTransform_float_3_3
Parameters: 1 0.00038557 -0.000213038 -0.000385257 0.999999 0.000735475 0.000213605 -0.00073531 0.999999 -0.0203428 -0.0141817 -0.00783171
FixedParameters: 0 0 0

#Transform 13
Transform: AffineTransform_float_3_3
Parameters: 1 -0.000170111 -1.66418e-05 0.000170088 1 -0.000671701 1.68703e-05 0.000671696 1 -0.0121422 0.00962828 0.00679391
FixedParameters: 0 0 0

#Transform 14
Transform: AffineTransform_float_3_3
Parameters: 1 0.000159024 -7.54385e-06 -0.000159022 1 0.000118898 7.58167e-06 -0.000118896 1 -0.000526415 0.00192945 -0.00389159
FixedParameters: 0 0 0

#Transform 15
Transform: AffineTransform_float_3_3
Parameters: 1 -3.15833e-06 -1.20928e-05 3.15733e-06 1 -4.11557e-05 1.2093e-05 4.11556e-05 1 0.0136053 0.0290336 -0.0337758
FixedParameters: 0 0 0

#Transform 16
Transform: AffineTransform_float_3_3
Parameters: 1 -0.00026374 -1.94798e-05 0.000263756 1 0.000409589 1.92638e-05 -0.000409599 1 0.0109379 -0.0168454 -0.0409646
FixedParameters: 0 0 0

#Transform 17
Transform: AffineTransform_float_3_3
Parameters: 1 -0.000452614 0.000153302 0.000452532 1 0.000267829 -0.000153544 -0.00026769 1 0.00524351 -0.0204962 -0.00932907
FixedParameters: 0 0 0

#Transform 18
Transform: AffineTransform_float_3_3
Parameters: 1 -0.000249353 -1.89739e-05 0.000249353 1 1.68535e-05 1.89655e-05 -1.6863e-05 1 0.0127044 0.0211371 0.00857385
FixedParameters: 0 0 0

#Transform 19
Transform: AffineTransform_float_3_3
Parameters: 1 -0.000241593 -0.000211816 0.000241573 1 -4.81492e-05 0.00021184 4.80469e-05 1 0.0174336 0.0233613 -0.00685174
FixedParameters: 0 0 0

#Transform 20
Transform: AffineTransform_float_3_3
Parameters: 1 -0.000178823 -9.40359e-05 0.000178829 1 3.43598e-05 9.40236e-05 -3.43934e-05 1 0.00382423 0.0208594 0.0115153
FixedParameters: 0 0 0

#Transform 21
Transform: AffineTransform_float_3_3
Parameters: 1 -6.94956e-05 -9.19802e-05 6.95056e-05 1 5.43903e-05 9.19726e-05 -5.44031e-05 1 -0.00235201 0.019966 0.0342952
FixedParameters: 0 0 0

#Transform 22
Transform: AffineTransform_float_3_3
Parameters: 1 8.40488e-05 -0.000113684 -8.40101e-05 1 0.000170085 0.000113712 -0.000170066 1 -0.0110625 0.0522659 0.00308521
FixedParameters: 0 0 0

#Transform 23
Transform: AffineTransform_float_3_3
Parameters: 1 0.000149348 -7.80847e-06 -0.000149345 1 0.000164574 7.85763e-06 -0.000164572 1 -0.0216967 0.0330885 -0.0134312
FixedParameters: 0 0 0

#Transform 24
Transform: AffineTransform_float_3_3
Parameters: 1 0.000429352 7.14585e-08 -0.000429352 1 0.000193857 9.50073e-08 -0.000193857 1 -0.0355048 0.0146333 0.0464972
FixedParameters: 0 0 0

#Transform 25
Transform: AffineTransform_float_3_3
Parameters: 1 0.000592122 4.62173e-06 -0.000592123 1 0.00014679 -4.44789e-06 -0.000146795 1 -0.0435594 0.0331641 0.0544066
FixedParameters: 0 0 0

#Transform 26
Transform: AffineTransform_float_3_3
Parameters: 0.999999 0.000753878 -0.000365885 -0.000753673 0.999999 0.000279699 0.000366306 -0.000279147 1 -0.0495228 0.0486198 0.0632774
FixedParameters: 0 0 0

#Transform 27
Transform: AffineTransform_float_3_3
Parameters: 1 0.0006364 5.98201e-06 -0.000636404 0.999999 0.000330535 -5.5613e-06 -0.000330542 1 -0.0437195 0.0439695 0.0184943
FixedParameters: 0 0 0

#Transform 28
Transform: AffineTransform_float_3_3
Parameters: 1 0.00044092 4.26124e-07 -0.00044092 1 0.000260326 -1.96558e-07 -0.000260326 1 -0.0416542 0.0271736 0.0308503
FixedParameters: 0 0 0

#Transform 29
Transform: AffineTransform_float_3_3
Parameters: 1 0.000359054 -1.87366e-06 -0.000359053 1 0.000283341 2.07713e-06 -0.000283339 1 -0.0279325 0.0308842 0.0533528
FixedParameters: 0 0 0

#Transform 30
Transform: AffineTransform_float_3_3
Parameters: 1 0.000389485 -1.07266e-06 -0.000389485 1 0.000135357 1.1781e-06 -0.000135356 1 -0.0226177 0.0223767 0.0366289
FixedParameters: 0 0 0

#Transform 31
Transform: AffineTransform_float_3_3
Parameters: 1 0.0003755 -1.46539e-06 -0.000375499 1 0.000134844 1.56665e-06 -0.000134843 1 -0.0233239 0.0108096 0.0287131
FixedParameters: 0 0 0

#Transform 32
Transform: AffineTransform_float_3_3
Parameters: 1 0.000405468 -6.23812e-07 -0.000405468 1 0.000135943 7.34053e-07 -0.000135942 1 -0.0277713 0.0308859 0.0447237
FixedParameters: 0 0 0

#Transform 33
Transform: AffineTransform_float_3_3
Parameters: 1 0.000377391 7.36173e-05 -0.000377411 1 0.000134962 -7.35154e-05 -0.000135018 1 -0.0197933 0.0186313 0.00926878
FixedParameters: 0 0 0

#Transform 34
Transform: AffineTransform_float_3_3
Parameters: 1 0.000316563 -3.12029e-06 -0.000316562 1 0.000132682 3.20429e-06 -0.00013268 1 -0.0119157 0.00906478 -0.0293447
FixedParameters: 0 0 0

#Transform 35
Transform: AffineTransform_float_3_3
Parameters: 1 0.000387087 -1.0935e-06 -0.000387087 1 0.000255349 1.29119e-06 -0.000255349 1 -0.000869561 0.0052908 -0.00463924
FixedParameters: 0 0 0

#Transform 36
Transform: AffineTransform_float_3_3
Parameters: 1 0.000302817 4.94672e-05 -0.000302814 1 -2.38884e-05 -4.94816e-05 2.38585e-05 1 0.00422422 0.0301827 -0.0314793
FixedParameters: 0 0 0

#Transform 37
Transform: AffineTransform_float_3_3
Parameters: 1 -1.94549e-05 -1.25464e-05 1.94527e-05 1 -8.77846e-05 1.25498e-05 8.77841e-05 1 0.00254916 0.0123844 -0.030824
FixedParameters: 0 0 0

#Transform 38
Transform: AffineTransform_float_3_3
Parameters: 1 0.000125339 -6.451e-05 -0.000125323 1 0.000125617 6.45415e-05 -0.000125601 1 0.0122116 0.0210739 -0.0343917
FixedParameters: 0 0 0

#Transform 39
Transform: AffineTransform_float_3_3
Parameters: 1 9.63514e-05 -9.29232e-06 -9.63473e-05 1 0.000218667 9.33446e-06 -0.000218666 1 0.00374602 0.00828592 -0.031224
FixedParameters: 0 0 0

#Transform 40
Transform: AffineTransform_float_3_3
Parameters: 1 -0.000172557 0.000469346 0.000173447 1 0.000115284 -0.000469358 -0.000115158 1 -0.0268754 0.0254958 -0.0571404
FixedParameters: 0 0 0

#Transform 41
Transform: AffineTransform_float_3_3
Parameters: 1 -0.000555241 0.000303271 0.000554833 0.999999 0.00062757 -0.00030297 -0.000627231 0.999999 0.00467318 0.0019868 -0.029372
FixedParameters: 0 0 0

#Transform 42
Transform: AffineTransform_float_3_3
Parameters: 0.999999 -0.000677944 0.000282192 0.000677954 1 -1.73647e-05 -0.000282168 1.77473e-05 1 -0.000953893 0.032422 -0.069391
FixedParameters: 0 0 0

#Transform 43
Transform: AffineTransform_float_3_3
Parameters: 0.999999 -0.00069889 0.000413338 0.000698491 0.999999 0.000448421 -0.000412967 -0.000447841 1 -0.00198904 -0.00142142 -0.0619346
FixedParameters: 0 0 0

#Transform 44
Transform: AffineTransform_float_3_3
Parameters: 0.999999 -0.00069261 0.00030153 0.00069239 0.999999 0.000364396 -0.000302034 -0.000363978 1 0.00685704 0.0108759 -0.00679389
FixedParameters: 0 0 0

#Transform 45
Transform: AffineTransform_float_3_3
Parameters: 1 -0.000308039 -2.06956e-05 0.00030805 1 0.000280878 2.05226e-05 -0.00028089 1 0.00727592 0.0264196 -0.0376792
FixedParameters: 0 0 0

#Transform 46
Transform: AffineTransform_float_3_3
Parameters: 1 -0.0005295 -2.75081e-05 0.000529547 0.999999 0.00141151 2.70834e-05 -0.00141154 0.999999 -0.00165275 -0.0330738 -0.0228878
FixedParameters: 0 0 0

#Transform 47
Transform: AffineTransform_float_3_3
Parameters: 1 -0.00038131 0.000534757 0.000379624 0.999997 0.00250048 -0.000536412 -0.0025001 0.999996 -0.0121683 -0.0281904 -0.0368697
FixedParameters: 0 0 0

#Transform 48
Transform: AffineTransform_float_3_3
Parameters: 0.999999 -0.000351745 0.000778769 0.000349837 0.999997 0.00250186 -0.000780249 -0.00250139 0.999996 -0.0233114 -0.0371173 -0.0714043
FixedParameters: 0 0 0

#Transform 49
Transform: AffineTransform_float_3_3
Parameters: 0.999999 -0.000555718 0.000869453 0.000552581 0.999995 0.00292798 -0.000871278 -0.00292714 0.999996 -0.0320443 -0.0705307 -0.0420403
FixedParameters: 0 0 0

#Transform 50
Transform: AffineTransform_float_3_3
Parameters: 0.999999 -0.000793883 0.00104845 0.000790565 0.999996 0.00248649 -0.00105012 -0.00248595 0.999997 -0.0293061 -0.0585064 -0.0668415
FixedParameters: 0 0 0

#Transform 51
Transform: AffineTransform_float_3_3
Parameters: 0.999999 -0.00120826 0.00103565 0.00120563 0.999996 0.00265383 -0.00103876 -0.00265243 0.999996 -0.0268578 -0.0486533 -0.0185965
FixedParameters: 0 0 0

#Transform 52
Transform: AffineTransform_float_3_3
Parameters: 0.999999 -0.000972122 0.000279402 0.000971099 0.999998 0.00165811 -0.000280558 -0.00165851 0.999998 -0.0137873 0.00762731 -0.0276199
FixedParameters: 0 0 0

#Transform 53
Transform: AffineTransform_float_3_3
Parameters: 1 -0.000558828 0.000220152 0.000558641 0.999997 0.00260564 -0.000221819 -0.00260538 0.999996 0.00390056 -0.0698178 -0.0267897
FixedParameters: 0 0 0

#Transform 54
Transform: AffineTransform_float_3_3
Parameters: 1 -0.00042047 0.000224381 0.000420267 0.999996 0.00259665 -0.00022532 -0.0025965 0.999996 -0.0220303 -0.0168158 -0.0160522
FixedParameters: 0 0 0

#Transform 55
Transform: AffineTransform_float_3_3
Parameters: 1 -0.000443701 0.000512714 0.000442597 0.999995 0.00298446 -0.000513941 -0.00298413 0.999996 -0.0215468 -0.0586483 -0.0202364
FixedParameters: 0 0 0

#Transform 56
Transform: AffineTransform_float_3_3
Parameters: 1 -0.000582178 0.00021869 0.000581188 0.999991 0.00435096 -0.000220998 -0.00435073 0.999991 -0.0760267 -0.0976754 0.0114916
FixedParameters: 0 0 0

#Transform 57
Transform: AffineTransform_float_3_3
Parameters: 0.999999 -0.000471753 0.000887869 0.000468592 0.999994 0.00342135 -0.000889567 -0.00342162 0.999993 -0.0889707 -0.0608034 -0.0470558
FixedParameters: 0 0 0

#Transform 58
Transform: AffineTransform_float_3_3
Parameters: 1 -0.000485702 0.00107743 0.000481784 0.999994 0.00363328 -0.0010794 -0.00363337 0.999993 -0.0910337 -0.0813337 0.0357825
FixedParameters: 0 0 0

#Transform 59
Transform: AffineTransform_float_3_3
Parameters: 1 0.000226675 0.000643493 -0.000228476 0.999995 0.00296677 -0.000642718 -0.0029672 0.999996 -0.0719537 -0.0378819 0.0339894
FixedParameters: 0 0 0

#Transform 60
Transform: AffineTransform_float_3_3
Parameters: 1 0.000375928 0.000334155 -0.000377109 0.999994 0.00338626 -0.000333131 -0.00338556 0.999995 -0.0851144 -0.0558265 -0.0264777
FixedParameters: 0 0 0

#Transform 61
Transform: AffineTransform_float_3_3
Parameters: 0.999999 0.000635254 0.000274441 -0.000635807 0.999988 0.00489963 -0.000271266 -0.00489906 0.999988 -0.104508 -0.0866345 -0.094531
FixedParameters: 0 0 0

#Transform 62
Transform: AffineTransform_float_3_3
Parameters: 0.999996 0.00250201 -0.000809002 -0.00249518 0.999953 0.0092922 0.000832113 -0.00928965 0.999957 -0.0501726 -0.11455 -0.462709
FixedParameters: 0 0 0

#Transform 63
Transform: AffineTransform_float_3_3
Parameters: 0.999994 0.00317628 -0.00128306 -0.00316214 0.999939 0.0105203 0.00131596 -0.0105153 0.999944 -0.060954 -0.172735 -0.313674
FixedParameters: 0 0 0

#Transform 64
Transform: AffineTransform_float_3_3
Parameters: 0.999995 0.00286902 -0.00111423 -0.00285768 0.999945 0.010049 0.00114275 -0.0100459 0.999949 -0.0604633 -0.169266 -0.250023
FixedParameters: 0 0 0

#Transform 65
Transform: AffineTransform_float_3_3
Parameters: 0.999996 0.00278746 -0.000681435 -0.00278103 0.999947 0.00991012 0.000709631 -0.00990873 0.99995 -0.0723626 -0.145107 -0.256043
FixedParameters: 0 0 0

#Transform 66
Transform: AffineTransform_float_3_3
Parameters: 0.999997 0.00208434 -0.000553344 -0.00207941 0.999946 0.0101128 0.000573845 -0.0101121 0.999949 -0.0813933 -0.162381 -0.206512
FixedParameters: 0 0 0

#Transform 67
Transform: AffineTransform_float_3_3
Parameters: 0.999998 0.00201322 0.000487611 -0.00202139 0.99985 0.0171979 -0.00045341 -0.017199 0.999852 -0.140792 -0.342081 -0.19882
FixedParameters: 0 0 0

#Transform 68
Transform: AffineTransform_float_3_3
Parameters: 0.999997 0.0023087 -0.00057917 -0.00230325 0.999954 0.0092496 0.000599517 -0.00924854 0.999957 -0.121456 -0.170186 -0.0670957
FixedParameters: 0 0 0

#Transform 69
Transform: AffineTransform_float_3_3
Parameters: 0.999995 0.00308185 -0.000531991 -0.00307799 0.999967 0.00761528 0.000555441 -0.00761346 0.999971 -0.132309 -0.0979937 -0.0885996
FixedParameters: 0 0 0

#Transform 70
Transform: AffineTransform_float_3_3
Parameters: 0.999996 0.00279941 -0.000159182 -0.00279862 0.999973 0.00681353 0.000178647 -0.00681333 0.999977 -0.112597 -0.090746 -0.0799036
FixedParameters: 0 0 0

#Transform 71
Transform: AffineTransform_float_3_3
Parameters: 0.999997 0.00253204 -0.000168134 -0.00253109 0.999973 0.00693378 0.000185632 -0.00693262 0.999976 -0.120219 -0.112202 -0.0654978
FixedParameters: 0 0 0

#Transform 72
Transform: AffineTransform_float_3_3
Parameters: 0.999996 0.00304151 -0.000146481 -0.00304028 0.999963 0.00812635 0.00017183 -0.00812602 0.999967 -0.145652 -0.103088 -0.0721174
FixedParameters: 0 0 0

#Transform 73
Transform: AffineTransform_float_3_3
Parameters: 0.999996 0.00299758 -0.000146246 -0.00299613 0.999958 0.00867206 0.000172523 -0.00867181 0.999963 -0.135526 -0.118731 -0.0479703
FixedParameters: 0 0 0

#Transform 74
Transform: AffineTransform_float_3_3
Parameters: 0.999996 0.00301482 -0.000387466 -0.0030114 0.999959 0.00846704 0.000412584 -0.00846625 0.999964 -0.106705 -0.136299 0.00941458
FixedParameters: 0 0 0

#Transform 75
Transform: AffineTransform_float_3_3
Parameters: 0.999996 0.00283668 0.000280617 -0.00283972 0.999957 0.00880949 -0.000255079 -0.00881082 0.999961 -0.106461 -0.136399 0.0506633
FixedParameters: 0 0 0

#Transform 76
Transform: AffineTransform_float_3_3
Parameters: 0.999995 0.00316341 -0.000138748 -0.00316187 0.999953 0.00908745 0.000167757 -0.00908713 0.999958 -0.127691 -0.0834138 0.0522058
FixedParameters: 0 0 0

#Transform 77
Transform: AffineTransform_float_3_3
Parameters: 0.999995 0.0032841 0.000101584 -0.00328489 0.999946 0.00984089 -6.8901e-05 -0.00984112 0.999951 -0.145958 -0.109019 0.104695
FixedParameters: 0 0 0

#Transform 78
Transform: AffineTransform_float_3_3
Parameters: 0.999994 0.0033969 -0.000134957 -0.00339589 0.999964 0.00778719 0.000161493 -0.00778677 0.999969 -0.142879 -0.0930437 0.0588823
FixedParameters: 0 0 0

#Transform 79
Transform: AffineTransform_float_3_3
Parameters: 0.999995 0.00309479 -0.000250429 -0.00309317 0.999967 0.00759017 0.000273 -0.00758916 0.999971 -0.140547 -0.108056 0.0719705
FixedParameters: 0 0 0

#Transform 80
Transform: AffineTransform_float_3_3
Parameters: 0.999995 0.00318484 -0.000144561 -0.003183 0.999969 0.00718595 0.000167755 -0.00718563 0.999974 -0.10982 -0.0601626 0.0412186
FixedParameters: 0 0 0

#Transform 81
Transform: AffineTransform_float_3_3
Parameters: 0.999997 0.00228513 -0.000175448 -0.00228398 0.99997 0.007423 0.00019312 -0.00742295 0.999972 -0.117692 -0.113851 0.0655923
FixedParameters: 0 0 0

#Transform 82
Transform: AffineTransform_float_3_3
Parameters: 0.999997 0.00233712 -0.000177265 -0.00233655 0.99998 0.00599798 0.000191385 -0.0059979 0.999982 -0.116281 -0.0358769 0.101142
FixedParameters: 0 0 0

#Transform 83
Transform: AffineTransform_float_3_3
Parameters: 0.999997 0.00126541 -0.00165751 -0.00125843 0.999989 0.00449678 0.00166331 -0.0044953 0.999988 -0.0549767 -0.106354 0.208068
FixedParameters: 0 0 0

#Transform 84
Transform: AffineTransform_float_3_3
Parameters: 0.999991 0.00159302 -0.00401844 -0.00157827 0.999992 0.00370791 0.00402415 -0.003701 0.999985 0.0792667 -0.0716555 0.12833
FixedParameters: 0 0 0

#Transform 85
Transform: AffineTransform_float_3_3
Parameters: 0.999997 0.00119415 -0.00239253 -0.00117715 0.999973 0.00727397 0.00240113 -0.00727075 0.999971 -0.0190283 -0.132445 0.095139
FixedParameters: 0 0 0

#Transform 86
Transform: AffineTransform_float_3_3
Parameters: 0.999996 0.00203595 -0.002166 -0.00202345 0.999981 0.00583068 0.00217835 -0.0058254 0.999981 -0.0228169 -0.0661265 0.074405
FixedParameters: 0 0 0

#Transform 87
Transform: AffineTransform_float_3_3
Parameters: 0.999995 0.00230621 -0.00233417 -0.00229114 0.999978 0.00617257 0.00234828 -0.00616731 0.999978 -0.000706906 -0.0890322 0.0879244
FixedParameters: 0 0 0

#Transform 88
Transform: AffineTransform_float_3_3
Parameters: 0.999994 0.00259506 -0.00232614 -0.00258224 0.999981 0.0055074 0.00234112 -0.00550186 0.999983 0.0263695 -0.051863 0.0917163
FixedParameters: 0 0 0

#Transform 89
Transform: AffineTransform_float_3_3
Parameters: 0.999995 0.00211918 -0.00215306 -0.00210758 0.999983 0.00543563 0.0021646 -0.00543108 0.999983 0.0295862 -0.0751156 0.0995055
FixedParameters: 0 0 0

#Transform 90
Transform: AffineTransform_float_3_3
Parameters: 0.999997 0.00184456 -0.00145768 -0.00183434 0.999978 0.00649212 0.00146974 -0.00648937 0.999978 -0.0182033 -0.102851 0.0673591
FixedParameters: 0 0 0

#Transform 91
Transform: AffineTransform_float_3_3
Parameters: 0.999996 0.00206492 -0.00169113 -0.00205452 0.999982 0.00565919 0.00170217 -0.00565583 0.999982 -0.00227591 -0.0523979 0.126928
FixedParameters: 0 0 0

#Transform 92
Transform: AffineTransform_float_3_3
Parameters: 0.999997 0.00195866 -0.00143005 -0.00195092 0.999984 0.00541377 0.0014399 -0.00541077 0.999984 -0.00522929 -0.0589542 0.0901859
FixedParameters: 0 0 0

#Transform 93
Transform: AffineTransform_float_3_3
Parameters: 0.999996 0.0018263 -0.00195977 -0.00181493 0.999984 0.00540906 0.00197009 -0.00540555 0.999983 -0.000336744 -0.0599834 0.124005
FixedParameters: 0 0 0

#Transform 94
Transform: AffineTransform_float_3_3
Parameters: 0.999995 0.00213989 -0.00190741 -0.00213028 0.999983 0.00535212 0.00191886 -0.00534856 0.999984 -0.0129936 -0.0576871 0.134005
FixedParameters: 0 0 0

#Transform 95
Transform: AffineTransform_float_3_3
Parameters: 0.999995 0.00230223 -0.00200804 -0.00229071 0.99998 0.00579281 0.00202129 -0.00578808 0.999981 -0.000212634 -0.0703506 0.0950309
FixedParameters: 0 0 0

#Transform 96
Transform: AffineTransform_float_3_3
Parameters: 0.999996 0.00213404 -0.00174161 -0.00212263 0.999976 0.00662558 0.0017559 -0.00662166 0.999976 -0.0205328 -0.0890167 0.112153
FixedParameters: 0 0 0

#Transform 97
Transform: AffineTransform_float_3_3
Parameters: 0.999996 0.00227666 -0.00173682 -0.00226543 0.999976 0.00658002 0.00175172 -0.00657562 0.999977 -0.00755476 -0.0873019 0.11229
FixedParameters: 0 0 0

#Transform 98
Transform: AffineTransform_float_3_3
Parameters: 0.999995 0.0021067 -0.00233631 -0.00209242 0.99998 0.00600671 0.00234827 -0.00600237 0.999979 -0.00963259 -0.0796842 0.133108
FixedParameters: 0 0 0

#Transform 99
Transform: AffineTransform_float_3_3
Parameters: 0.999992 0.00173437 -0.00370515 -0.00171695 0.999988 0.00464708 0.00371338 -0.00464099 0.999983 0.00730123 -0.0427779 0.235551
FixedParameters: 0 0 0

#Transform 100
Transform: AffineTransform_float_3_3
Parameters: 0.999993 0.00228311 -0.00294484 -0.002266 0.99998 0.00593126 0.00295844 -0.0059243 0.999978 -0.00525859 -0.0795765 0.183171
FixedParameters: 0 0 0

#Transform 101
Transform: AffineTransform_float_3_3
Parameters: 0.999993 0.00240858 -0.00288765 -0.00238995 0.999978 0.0063094 0.00290362 -0.00630292 0.999976 -0.0159461 -0.0854018 0.185977
FixedParameters: 0 0 0

#Transform 102
Transform: AffineTransform_float_3_3
Parameters: 0.999993 0.0021854 -0.00289088 -0.00216173 0.999965 0.00818085 0.002909 -0.00817444 0.999962 -0.00805043 -0.123348 0.152066
FixedParameters: 0 0 0

#Transform 103
Transform: AffineTransform_float_3_3
Parameters: 0.999995 0.00219677 -0.00206788 -0.00217724 0.999954 0.00942524 0.00208861 -0.00942139 0.999954 -0.0189553 -0.140625 0.197155
FixedParameters: 0 0 0

#Transform 104
Transform: AffineTransform_float_3_3
Parameters: 0.999996 0.00176209 -0.00240332 -0.00174571 0.999974 0.00689791 0.00241561 -0.0068939 0.999973 -0.00280842 -0.101757 0.208029
FixedParameters: 0 0 0

#Transform 105
Transform: AffineTransform_float_3_3
Parameters: 0.999995 0.000941909 -0.00299779 -0.000934922 0.999997 0.00234171 0.00300014 -0.00233904 0.999993 0.0106293 -0.039109 0.687907
FixedParameters: 0 0 0

#Transform 106
Transform: AffineTransform_float_3_3
Parameters: 0.999996 0.00171294 -0.00235688 -0.00168626 0.999937 0.0110607 0.00237605 -0.0110568 0.999936 -0.0114253 -0.159344 0.205501
FixedParameters: 0 0 0

#Transform 107
Transform: AffineTransform_float_3_3
Parameters: 0.999996 0.00208628 -0.00206285 -0.00206896 0.999964 0.00821313 0.00207974 -0.00820887 0.999964 -0.0349219 -0.154154 0.0964118
FixedParameters: 0 0 0

#Transform 108
Transform: AffineTransform_float_3_3
Parameters: 0.99998 0.00241448 -0.0058507 -0.00230914 0.999836 0.0179509 0.00589299 -0.0179372 0.999822 -0.00163989 -0.262428 -0.715186
FixedParameters: 0 0 0

#Transform 109
Transform: AffineTransform_float_3_3
Parameters: 0.999989 0.00331195 -0.00304743 -0.00325752 0.999837 0.0177593 0.00310554 -0.0177499 0.999837 -0.0845249 -0.274339 -0.576103
FixedParameters: 0 0 0

#Transform 110
Transform: AffineTransform_float_3_3
Parameters: 0.999986 0.00406299 -0.00326117 -0.00400115 0.999817 0.0186934 0.00333623 -0.0186804 0.99982 -0.0792407 -0.298656 -0.474835
FixedParameters: 0 0 0

#Transform 111
Transform: AffineTransform_float_3_3
Parameters: 0.999987 0.00388992 -0.00327486 -0.0038324 0.999842 0.0174107 0.0033421 -0.0173978 0.999843 -0.0844265 -0.261605 -0.452499
FixedParameters: 0 0 0

#Transform 112
Transform: AffineTransform_float_3_3
Parameters: 0.999983 0.00412966 -0.00410737 -0.00406243 0.999857 0.0164331 0.00417512 -0.0164156 0.999856 -0.0566446 -0.236691 -0.417667
FixedParameters: 0 0 0

#Transform 113
Transform: AffineTransform_float_3_3
Parameters: 0.999987 0.0037923 -0.00341769 -0.00374099 0.999881 0.0149885 0.00347365 -0.0149755 0.999881 -0.0584377 -0.198526 -0.360743
FixedParameters: 0 0 0

#Transform 114
Transform: AffineTransform_float_3_3
Parameters: 0.999989 0.00374875 -0.00289462 -0.00370767 0.999897 0.0138886 0.00294646 -0.0138782 0.999899 -0.060117 -0.19616 -0.394996
FixedParameters: 0 0 0

#Transform 115
Transform: AffineTransform_float_3_3
Parameters: 0.999984 0.00381899 -0.00395231 -0.00375467 0.999863 0.0161037 0.00401332 -0.0160882 0.999863 -0.0248677 -0.253179 -0.519519
FixedParameters: 0 0 0

#Transform 116
Transform: AffineTransform_float_3_3
Parameters: 0.999981 0.00498174 -0.00376866 -0.0048989 0.999752 0.0216792 0.00387544 -0.021661 0.999757 -0.0323083 -0.312909 -0.677136
FixedParameters: 0 0 0

#Transform 117
Transform: AffineTransform_float_3_3
Parameters: 0.999981 0.00467609 -0.00412521 -0.00459786 0.999813 0.0187921 0.0042121 -0.0187733 0.999815 -0.0502074 -0.259845 -0.523588
FixedParameters: 0 0 0

#Transform 118
Transform: AffineTransform_float_3_3
Parameters: 0.99998 0.0043169 -0.00444295 -0.00422888 0.999797 0.0196799 0.00452693 -0.0196604 0.999797 -0.0329413 -0.294265 -0.400871
FixedParameters: 0 0 0

#Transform 119
Transform: AffineTransform_float_3_3
Parameters: 0.99998 0.00379336 -0.00513231 -0.00370742 0.999854 0.016661 0.00519428 -0.0166415 0.999848 -0.0149663 -0.208154 -0.400556
FixedParameters: 0 0 0

#Transform 120
Transform: AffineTransform_float_3_3
Parameters: 0.999991 0.00291767 -0.00317446 -0.00286932 0.999882 0.015103 0.00321845 -0.0150938 0.999881 -0.0213498 -0.247486 -0.339795
FixedParameters: 0 0 0

#Transform 121
Transform: AffineTransform_float_3_3
Parameters: 0.999997 -0.000871324 -0.00242458 0.000897838 0.999938 0.0110969 0.00241471 -0.0110983 0.999936 0.0128658 -0.249256 -0.26009
FixedParameters: 0 0 0

#Transform 122
Transform: AffineTransform_float_3_3
Parameters: 0.999997 -9.35821e-05 -0.0022725 0.000114478 0.99996 0.00901399 0.00227207 -0.00901484 0.999957 0.0235032 -0.151176 -0.352724
FixedParameters: 0 0 0

#Transform 123
Transform: AffineTransform_float_3_3
Parameters: 0.999996 5.70027e-05 -0.00261911 -3.24995e-05 0.999957 0.00926165 0.00261943 -0.00926171 0.999953 0.0253804 -0.158135 -0.316799
FixedParameters: 0 0 0

#Transform 124
Transform: AffineTransform_float_3_3
Parameters: 0.999997 0.000117433 -0.00213574 -9.95104e-05 0.999962 0.00864409 0.00213687 -0.0086441 0.999961 0.0290838 -0.141851 -0.266406
FixedParameters: 0 0 0

#Transform 125
Transform: AffineTransform_float_3_3
Parameters: 0.999997 0.000631525 -0.00231148 -0.000612467 0.999966 0.00820765 0.00231659 -0.0082062 0.999963 0.0211875 -0.127674 -0.289616
FixedParameters: 0 0 0

#Transform 126
Transform: AffineTransform_float_3_3
Parameters: 0.999998 0.000966903 -0.00187568 -0.00095054 0.999963 0.008563 0.00188325 -0.00856088 0.999961 -0.00790397 -0.137829 -0.209633
FixedParameters: 0 0 0

#Transform 127
Transform: AffineTransform_float_3_3
Parameters: 0.999997 0.00142197 -0.00205089 -0.00140674 0.99997 0.00754793 0.00206173 -0.0075446 0.999969 0.00138052 -0.0907373 -0.207937
FixedParameters: 0 0 0

#Transform 128
Transform: AffineTransform_float_3_3
Parameters: 0.999996 0.00163119 -0.00216072 -0.0016144 0.999967 0.0079814 0.00217435 -0.00797777 0.999966 -0.00824503 -0.0951533 -0.157193
FixedParameters: 0 0 0

#Transform 129
Transform: AffineTransform_float_3_3
Parameters: 0.999998 0.00135805 -0.0017755 -0.00134396 0.999969 0.00783658 0.00178644 -0.00783428 0.999968 -0.00164346 -0.0832833 -0.0578225
FixedParameters: 0 0 0

#Transform 130
Transform: AffineTransform_float_3_3
Parameters: 0.999998 0.00116369 -0.00160515 -0.00115223 0.999973 0.00723771 0.00161344 -0.00723555 0.999972 -0.00952284 -0.0477304 -0.0851159
FixedParameters: 0 0 0

#Transform 131
Transform: AffineTransform_float_3_3
Parameters: 0.999996 0.0014412 -0.00199666 -0.00142518 0.999964 0.00843931 0.00200787 -0.00843693 0.999962 0.0245381 -0.101535 -0.102818
FixedParameters: 0 0 0

#Transform 132
Transform: AffineTransform_float_3_3
Parameters: 0.999993 0.0024909 -0.00300559 -0.00245633 0.999929 0.0116094 0.00303463 -0.0116022 0.999928 0.0243429 -0.148682 -0.197098
FixedParameters: 0 0 0

#Transform 133
Transform: AffineTransform_float_3_3
Parameters: 0.999992 0.0029379 -0.00253772 -0.00290476 0.999914 0.0127921 0.00257513 -0.0127839 0.999915 -0.0171165 -0.178408 -0.153534
FixedParameters: 0 0 0

#Transform 134
Transform: AffineTransform_float_3_3
Parameters: 0.999992 0.00227963 -0.00324672 -0.00223495 0.999904 0.0136656 0.00327777 -0.0136584 0.999902 0.0221863 -0.16429 -0.139605
FixedParameters: 0 0 0

#Transform 135
Transform: AffineTransform_float_3_3
Parameters: 0.999993 0.00115339 -0.00353002 -0.00107909 0.999781 0.0208724 0.0035534 -0.0208681 0.999776 0.021722 -0.244959 -0.14246
FixedParameters: 0 0 0

#Transform 136
Transform: AffineTransform_float_3_3
Parameters: 0.999995 -2.28174e-05 -0.00290069 7.18475e-05 0.999857 0.0169113 0.00289921 -0.016912 0.999853 0.0481778 -0.245807 -0.0317917
FixedParameters: 0 0 0

#Transform 137
Transform: AffineTransform_float_3_3
Parameters: 0.999997 0.000526225 -0.00221419 -0.000481934 0.999803 0.0198504 0.00222439 -0.0198497 0.999801 -0.0110765 -0.346934 -0.00114535
FixedParameters: 0 0 0

#Transform 138
Transform: AffineTransform_float_3_3
Parameters: 0.999997 0.00151164 -0.0017988 -0.00148241 0.999863 0.0164733 0.00182302 -0.0164708 0.999862 -0.0534009 -0.337431 0.00346859
FixedParameters: 0 0 0

#Transform 139
Transform: AffineTransform_float_3_3
Parameters: 0.999995 0.00224216 -0.00226244 -0.00221679 0.999938 0.0109692 0.00228683 -0.0109642 0.999937 -0.059869 -0.153461 -0.086956
FixedParameters: 0 0 0

#Transform 140
Transform: AffineTransform_float_3_3
Parameters: 0.999992 0.00246771 -0.00314878 -0.00244429 0.999969 0.0074739 0.00316653 -0.00746559 0.999967 -0.0459016 -0.068026 -0.117719
FixedParameters: 0 0 0

#Transform 141
Transform: AffineTransform_float_3_3
Parameters: 0.999993 0.0030681 -0.00242245 -0.00304479 0.999948 0.00980902 0.00245278 -0.00980208 0.999949 -0.100014 -0.123179 -0.475752
FixedParameters: 0 0 0

#Transform 142
Transform: AffineTransform_float_3_3
Parameters: 0.999994 0.00254532 -0.00264787 -0.00251894 0.999951 0.00958965 0.0026728 -0.00958329 0.999951 -0.0626357 -0.0838268 -0.460737
FixedParameters: 0 0 0

#Transform 143
Transform: AffineTransform_float_3_3
Parameters: 0.999995 0.00267842 -0.00206402 -0.00265699 0.999945 0.0100893 0.00209162 -0.0100834 0.999947 -0.0633695 -0.12403 -0.304553
FixedParameters: 0 0 0

#Transform 144
Transform: AffineTransform_float_3_3
Parameters: 0.999996 0.00199198 -0.00188256 -0.00197358 0.99995 0.00978838 0.00190219 -0.00978515 0.99995 -0.0641148 -0.0873813 -0.197006
FixedParameters: 0 0 0

#Transform 145
Transform: AffineTransform_float_3_3
Parameters: 0.999995 0.0023717 -0.00180076 -0.00235062 0.999932 0.011449 0.00182779 -0.0114456 0.999933 -0.0679901 -0.109542 -0.213836
FixedParameters: 0 0 0

#Transform 146
Transform: AffineTransform_float_3_3
Parameters: 0.999994 0.00286006 -0.00177652 -0.00283653 0.999912 0.0130149 0.00181381 -0.0130096 0.999914 -0.073147 -0.170123 -0.21978
FixedParameters: 0 0 0

#Transform 147
Transform: AffineTransform_float_3_3
Parameters: 0.999994 0.00317821 -0.00155238 -0.00315753 0.999903 0.013563 0.00159495 -0.013558 0.999907 -0.0638032 -0.170299 -0.150207
FixedParameters: 0 0 0

#Transform 148
Transform: AffineTransform_float_3_3
Parameters: 0.999989 0.00440051 -0.00157681 -0.00437699 0.999884 0.0146117 0.00164036 -0.0146042 0.999892 -0.0811462 -0.206365 -0.241672
FixedParameters: 0 0 0

#Transform 149
Transform: AffineTransform_float_3_3
Parameters: 0.999986 0.00498624 -0.0018762 -0.00495644 0.999872 0.0151867 0.00195167 -0.015178 0.999882 -0.0883862 -0.185032 -0.293391
FixedParameters: 0 0 0

#Transform 150
Transform: AffineTransform_float_3_3
Parameters: 0.999994 0.00341495 -0.00101965 -0.00340383 0.999942 0.0102806 0.00105477 -0.0102778 0.999946 -0.113141 -0.111858 -0.103112
FixedParameters: 0 0 0

#Transform 151
Transform: AffineTransform_float_3_3
Parameters: 0.999993 0.00368565 -0.000754397 -0.00367748 0.999938 0.0104653 0.000792613 -0.0104619 0.999945 -0.131805 -0.103103 -0.11521
FixedParameters: 0 0 0

#Transform 152
Transform: AffineTransform_float_3_3
Parameters: 0.999992 0.00389064 -0.000766049 -0.00388258 0.999934 0.0108213 0.000808526 -0.0108184 0.999941 -0.13153 -0.145008 -0.103758
FixedParameters: 0 0 0

#Transform 153
Transform: AffineTransform_float_3_3
Parameters: 0.999992 0.00397912 -0.00046145 -0.00397434 0.999941 0.0101232 0.000500854 -0.0101217 0.999949 -0.124521 -0.105005 -0.162027
FixedParameters: 0 0 0

#Transform 154
Transform: AffineTransform_float_3_3
Parameters: 0.999992 0.00383045 -0.000480362 -0.00382379 0.999926 0.0114886 0.0005243 -0.0114871 0.999933 -0.139972 -0.16281 -0.148462
FixedParameters: 0 0 0

#Transform 155
Transform: AffineTransform_float_3_3
Parameters: 0.999991 0.00413993 -0.000808647 -0.0041305 0.999931 0.0110099 0.000854072 -0.0110062 0.999939 -0.112567 -0.124893 -0.115365
FixedParameters: 0 0 0

#Transform 156
Transform: AffineTransform_float_3_3
Parameters: 0.99999 0.00435768 -0.000829772 -0.0043485 0.999929 0.0111052 0.000877803 -0.0111009 0.999938 -0.130271 -0.123621 -0.141364
FixedParameters: 0 0 0

#Transform 157
Transform: AffineTransform_float_3_3
Parameters: 0.99999 0.0042851 -0.00133209 -0.0042666 0.999898 0.0136388 0.00139019 -0.013633 0.999906 -0.114162 -0.186348 -0.196831
FixedParameters: 0 0 0

#Transform 158
Transform: AffineTransform_float_3_3
Parameters: 0.999988 0.00467091 -0.0014952 -0.00464976 0.999896 0.0136541 0.00155874 -0.0136475 0.999906 -0.112382 -0.163954 -0.195239
FixedParameters: 0 0 0

#Transform 159
Transform: AffineTransform_float_3_3
Parameters: 0.999987 0.00483419 -0.00149074 -0.00481348 0.999901 0.013219 0.00155406 -0.013212 0.999911 -0.111753 -0.132386 -0.180879
FixedParameters: 0 0 0

#Transform 160
Transform: AffineTransform_float_3_3
Parameters: 0.999986 0.00506833 -0.00127491 -0.00505113 0.9999 0.0132292 0.00134156 -0.0132226 0.999912 -0.122685 -0.142493 -0.189221
FixedParameters: 0 0 0

#Transform 161
Transform: AffineTransform_float_3_3
Parameters: 0.999986 0.00511725 -0.00100204 -0.00510414 0.999905 0.0128047 0.00106737 -0.0127988 0.999917 -0.142009 -0.157827 -0.17022
FixedParameters: 0 0 0

#Transform 162
Transform: AffineTransform_float_3_3
Parameters: 0.999987 0.00501842 -0.000516447 -0.00501236 0.999921 0.0115491 0.000574906 -0.0115467 0.999933 -0.135842 -0.113415 -0.121669
FixedParameters: 0 0 0

#Transform 163
Transform: AffineTransform_float_3_3
Parameters: 0.999987 0.00507209 -0.000692198 -0.00506419 0.999922 0.0114188 0.000750346 -0.0114154 0.999934 -0.128561 -0.118966 -0.139644
FixedParameters: 0 0 0

#Transform 164
Transform: AffineTransform_float_3_3
Parameters: 0.999988 0.00484882 -0.00121296 -0.00483347 0.99992 0.0116865 0.00126865 -0.0116803 0.999931 -0.117863 -0.132002 -0.100094
FixedParameters: 0 0 0

#Transform 165
Transform: AffineTransform_float_3_3
Parameters: 0.999989 0.0046676 -0.000605106 -0.00466071 0.999931 0.0107918 0.000655919 -0.0107881 0.999942 -0.117593 -0.101712 -0.073067
FixedParameters: 0 0 0

#Transform 166
Transform: AffineTransform_float_3_3
Parameters: 0.999987 0.00519137 -0.000360869 -0.00518696 0.99991 0.0123855 0.000425662 -0.0123834 0.999923 -0.136781 -0.103096 -0.387038
FixedParameters: 0 0 0

#Transform 167
Transform: AffineTransform_float_3_3
Parameters: 0.999989 0.00462347 0.000298571 -0.00462727 0.999884 0.0144664 -0.00023193 -0.0144684 0.999895 -0.1695 -0.151616 -0.354178
FixedParameters: 0 0 0

#Transform 168
Transform: AffineTransform_float_3_3
Parameters: 0.999986 0.00535893 2.68423e-05 -0.00535893 0.999907 0.0124971 4.05878e-05 -0.0124972 0.999922 -0.187221 -0.121195 -0.302
FixedParameters: 0 0 0

#Transform 169
Transform: AffineTransform_float_3_3
Parameters: 0.99998 0.0062957 0.0013489 -0.00631172 0.999903 0.0123976 -0.00127015 -0.0124056 0.999923 -0.280924 -0.133829 -0.320921
FixedParameters: 0 0 0

#Transform 170
Transform: AffineTransform_float_3_3
Parameters: 0.999983 0.00583818 -0.000318042 -0.00583525 0.999949 0.00832559 0.000367282 -0.00832348 0.999965 -0.196206 -0.0374764 -0.270483
FixedParameters: 0 0 0

#Transform 171
Transform: AffineTransform_float_3_3
Parameters: 0.999982 0.00604061 -0.00090334 -0.00603242 0.99994 0.00908654 0.000958289 -0.00908098 0.999958 -0.164416 -0.0462143 -0.193724
FixedParameters: 0 0 0

#Transform 172
Transform: AffineTransform_float_3_3
Parameters: 0.999982 0.0058895 -0.0007298 -0.00588097 0.999928 0.010529 0.000792139 -0.0105248 0.999945 -0.169838 -0.0562971 -0.183134
FixedParameters: 0 0 0

#Transform 173
Transform: AffineTransform_float_3_3
Parameters: 0.999978 0.00562623 -0.00342648 -0.00559014 0.999928 0.0106033 0.00348605 -0.0105846 0.999937 -0.0109012 -0.0900018 -0.192705
FixedParameters: 0 0 0

#Transform 174
Transform: AffineTransform_float_3_3
Parameters: 0.999978 0.00601824 -0.00303527 -0.00597915 0.9999 0.0128067 0.00311214 -0.0127876 0.999913 -0.0456337 -0.133277 -0.0183093
FixedParameters: 0 0 0

#Transform 175
Transform: AffineTransform_float_3_3
Parameters: 0.999982 0.00511804 -0.00297687 -0.00507594 0.999886 0.0142256 0.00304885 -0.0142097 0.999894 -0.042691 -0.118274 0.126931
FixedParameters: 0 0 0

#Transform 176
Transform: AffineTransform_float_3_3
Parameters: 0.999987 0.00454661 -0.00238048 -0.00451907 0.999923 0.0115389 0.00243327 -0.0115277 0.999931 -0.0759909 -0.129616 0.146133
FixedParameters: 0 0 0

#Transform 177
Transform: AffineTransform_float_3_3
Parameters: 0.999986 0.00470449 -0.0021539 -0.00468227 0.999937 0.0101804 0.0022017 -0.0101707 0.999946 -0.0448136 -0.113477 0.143353
FixedParameters: 0 0 0

#Transform 178
Transform: AffineTransform_float_3_3
Parameters: 0.99999 0.00405189 -0.00180548 -0.00402938 0.999911 0.0126727 0.00185631 -0.0126656 0.999918 -0.0313346 -0.127265 0.118864
FixedParameters: 0 0 0

#Transform 179
Transform: AffineTransform_float_3_3
Parameters: 0.999998 0.00183385 -0.000479058 -0.00182777 0.999917 0.0126991 0.000502087 -0.012698 0.999919 -0.0163898 -0.146082 0.323883
FixedParameters: 0 0 0

#Transform 180
Transform: AffineTransform_float_3_3
Parameters: 0.999996 0.00252032 -0.00110288 -0.00251173 0.999967 0.00772925 0.00112248 -0.00772718 0.99997 0.0194815 -0.0599823 0.316583
FixedParameters: 0 0 0

#Transform 181
Transform: AffineTransform_float_3_3
Parameters: 0.999996 0.00258278 -0.00114648 -0.00257569 0.999977 0.00637978 0.00116239 -0.00637639 0.99998 0.0375152 -0.0292537 0.29573
FixedParameters: 0 0 0

#Transform 182
Transform: AffineTransform_float_3_3
Parameters: 0.999996 0.00282849 -0.000712272 -0.00282458 0.999975 0.00656748 0.000731452 -0.00656493 0.999978 0.00557174 -0.0451716 0.241484
FixedParameters: 0 0 0

#Transform 183
Transform: AffineTransform_float_3_3
Parameters: 0.999995 0.00300358 8.68473e-05 -0.00300403 0.999974 0.00644632 -6.79564e-05 -0.00644655 0.999979 -0.0247944 -0.0416532 0.267734
FixedParameters: 0 0 0

#Transform 184
Transform: AffineTransform_float_3_3
Parameters: 0.999995 0.00300109 -0.000347308 -0.00299943 0.999978 0.00587773 0.000364426 -0.00587624 0.999983 0.00792763 -0.0278968 0.348638
FixedParameters: 0 0 0

#Transform 185
Transform: AffineTransform_float_3_3
Parameters: 0.999997 0.00213434 -0.000910908 -0.00213081 0.999987 0.00455132 0.000920717 -0.00454914 0.999989 0.0397023 0.00506708 0.373647
FixedParameters: 0 0 0

#Transform 186
Transform: AffineTransform_float_3_3
Parameters: 0.999997 0.00235584 -0.000824294 -0.00235108 0.999984 0.00510989 0.000835926 -0.00510769 0.999987 0.035161 0.00152985 0.379424
FixedParameters: 0 0 0

#Transform 187
Transform: AffineTransform_float_3_3
Parameters: 0.999992 0.00381346 -0.000678956 -0.00380975 0.999975 0.00592882 0.00070173 -0.00592597 0.999982 -0.000184622 0.0404164 0.248887
FixedParameters: 0 0 0

#Transform 188
Transform: AffineTransform_float_3_3
Parameters: 0.999992 0.00358449 -0.00122457 -0.00357228 0.999949 0.00944597 0.00125856 -0.00944132 0.999954 -0.0272921 -0.0745245 0.24004
FixedParameters: 0 0 0

#Transform 189
Transform: AffineTransform_float_3_3
