# transform file /out/sourcedata/freesurfer/sub-v1s22x0050506_ses-1/mri/transforms/cc_up.lta
# created by oesteban on Mon Mar  9 17:10:21 2026

type      = 0 # LINEAR_VOX_TO_VOX
nxforms   = 1
mean      = 128.0000 103.0000 110.0000
sigma     = 10000.0000
1 4 4
9.999253153800964e-01 -1.212156657129526e-02 -1.615839661099017e-03 1.199808120727539e+00 
1.212155073881149e-02 9.999266266822815e-01 -1.958794382517226e-05 4.146874618530273e+01 
1.615958404727280e-03 0.000000000000000e+00 9.999987483024597e-01 2.879490470886230e+01 
0.000000000000000e+00 0.000000000000000e+00 0.000000000000000e+00 1.000000000000000e+00 
src volume info
valid = 1  # volume info valid
filename = /out/sourcedata/freesurfer/sub-v1s22x0050506_ses-1/mri/norm.mgz
volume = 256 256 256
voxelsize = 1.000000000000000e+00 1.000000000000000e+00 1.000000000000000e+00
xras   = -1.000000000000000e+00 0.000000000000000e+00 0.000000000000000e+00
yras   = 0.000000000000000e+00 0.000000000000000e+00 -1.000000000000000e+00
zras   = 0.000000000000000e+00 1.000000000000000e+00 0.000000000000000e+00
cras   = -1.756362915039062e-01 5.121485900878906e+01 -2.858764648437500e+00
dst volume info
valid = 1  # volume info valid
filename = /out/sourcedata/freesurfer/sub-v1s22x0050506_ses-1/mri/norm.mgz
volume = 256 256 256
voxelsize = 1.000000000000000e+00 1.000000000000000e+00 1.000000000000000e+00
xras   = -1.000000000000000e+00 0.000000000000000e+00 0.000000000000000e+00
yras   = 0.000000000000000e+00 0.000000000000000e+00 -1.000000000000000e+00
zras   = 0.000000000000000e+00 1.000000000000000e+00 0.000000000000000e+00
cras   = -1.756362915039062e-01 5.121485900878906e+01 -2.858764648437500e+00
