#Insight Transform File V1.0
#Transform 0
Transform: AffineTransform_float_3_3
Parameters: 1 -0.000413188 -4.82853e-05 0.000413297 1 0.00114098 4.73423e-05 -0.00114102 1 0.0356003 -0.0763391 0.15542
FixedParameters: 0 0 0

#Transform 1
Transform: AffineTransform_float_3_3
Parameters: 1 -2.97941e-05 -3.50837e-06 2.98081e-05 0.999998 0.002022 3.38785e-06 -0.002022 0.999998 0.0327062 -0.079048 0.130753
FixedParameters: 0 0 0

#Transform 2
Transform: AffineTransform_float_3_3
Parameters: 1 -0.000164185 0.000243699 0.000165016 1 0.00033404 -0.000243694 -0.00033396 1 0.00912104 -0.0773807 0.137452
FixedParameters: 0 0 0

#Transform 3
Transform: AffineTransform_float_3_3
Parameters: 1 -0.000413339 -4.69773e-05 0.000413262 0.999998 -0.00202402 4.7657e-05 0.00202398 0.999998 0.00814489 0.059224 0.121179
FixedParameters: 0 0 0

#Transform 4
Transform: AffineTransform_float_3_3
Parameters: 0.999999 0.000490179 -0.000533979 -0.00049275 0.999991 -0.00417173 0.000531102 0.00417128 0.999991 0.0307499 0.10066 0.119782
FixedParameters: 0 0 0

#Transform 5
Transform: AffineTransform_float_3_3
Parameters: 1 8.4511e-06 -0.000587907 -8.80737e-06 1 -0.000302995 0.000587901 0.000303005 1 0.041501 0.000184134 0.0682902
FixedParameters: 0 0 0

#Transform 6
Transform: AffineTransform_float_3_3
Parameters: 1 -0.000174485 -0.00018922 0.000174312 1 -0.000457033 0.000189379 0.000456967 1 0.0113032 -0.076067 0.0693966
FixedParameters: 0 0 0

#Transform 7
Transform: AffineTransform_float_3_3
Parameters: 1 -2.05201e-05 -0.000309419 2.06259e-05 1 0.000170994 0.000309412 -0.000171006 1 0.013255 -0.0644049 0.0406751
FixedParameters: 0 0 0

#Transform 8
Transform: AffineTransform_float_3_3
Parameters: 1 2.46357e-05 -0.00058606 -2.44107e-05 1 0.000192014 0.00058607 -0.000191986 1 0.0329363 -0.0653306 0.0378361
FixedParameters: 0 0 0

#Transform 9
Transform: AffineTransform_float_3_3
Parameters: 1 -8.40845e-05 -0.000272536 8.34006e-05 1 0.000567977 0.000272326 -0.000568023 1 0.00191526 -0.121364 0.00291463
FixedParameters: 0 0 0

#Transform 10
Transform: AffineTransform_float_3_3
Parameters: 1 2.08767e-05 -4.08553e-05 -2.07957e-05 0.999999 0.000991 4.08966e-05 -0.000990998 0.999999 0.00962026 -0.0550722 0.0473747
FixedParameters: 0 0 0

#Transform 11
Transform: AffineTransform_float_3_3
Parameters: 1 -0.000123503 -0.000603507 0.000124468 0.999998 0.00162292 0.000602989 -0.00162307 0.999998 0.0272656 -0.101381 0.0538506
FixedParameters: 0 0 0

#Transform 12
Transform: AffineTransform_float_3_3
Parameters: 1 -0.000150481 -0.000606614 0.000151133 0.999999 0.00135691 0.00060609 -0.00135709 0.999999 0.0344173 -0.0597793 0.0621833
FixedParameters: 0 0 0

#Transform 13
Transform: AffineTransform_float_3_3
Parameters: 1 -6.05914e-05 -0.000204452 6.02461e-05 0.999998 0.00158599 0.000204145 -0.00158601 0.999998 0.0262479 -0.0962527 0.0617685
FixedParameters: 0 0 0

#Transform 14
Transform: AffineTransform_float_3_3
Parameters: 1 -0.000366451 -0.000446733 0.000366861 0.999998 0.00157382 0.000445465 -0.00157318 0.999998 0.0194947 -0.0863479 0.0663413
FixedParameters: 0 0 0

#Transform 15
Transform: AffineTransform_float_3_3
Parameters: 1 -0.000367249 -0.000441588 0.000367099 1 0.00108484 0.00044167 -0.00108516 1 0.0158949 -0.0734876 0.00843034
FixedParameters: 0 0 0

#Transform 16
Transform: AffineTransform_float_3_3
Parameters: 0.999999 -0.000346457 -0.000628687 0.000345667 0.999999 -0.000720217 0.000628192 0.000719782 0.999999 0.0055061 0.0456075 -0.0861025
FixedParameters: 0 0 0

#Transform 17
Transform: AffineTransform_float_3_3
Parameters: 1 -8.32676e-05 -0.000598662 8.42409e-05 0.999999 0.000812836 0.000598525 -0.000813164 1 0.0244439 -0.0552675 -0.0208001
FixedParameters: 0 0 0

#Transform 18
Transform: AffineTransform_float_3_3
Parameters: 1 -1.85474e-05 -0.000591143 1.88295e-05 1 0.00107899 0.000590988 -0.00107901 0.999999 0.0134732 -0.0983888 -0.048539
FixedParameters: 0 0 0

#Transform 19
Transform: AffineTransform_float_3_3
Parameters: 1 -0.000174724 -0.000609288 0.000175565 0.999999 0.000689893 0.000609046 -0.000690106 0.999999 0.00956258 -0.0375353 -0.0236751
FixedParameters: 0 0 0

#Transform 20
Transform: AffineTransform_float_3_3
Parameters: 1 -0.000112575 -0.000452016 0.000113026 1 0.000499949 0.000451904 -0.000500051 1 0.0169013 -0.0543768 -0.0123338
FixedParameters: 0 0 0

#Transform 21
Transform: AffineTransform_float_3_3
Parameters: 1 -0.00017809 -0.000298296 0.000177667 0.999999 -0.000709053 0.000298549 0.000708946 0.999999 0.00305822 0.034497 0.0308143
FixedParameters: 0 0 0

#Transform 22
Transform: AffineTransform_float_3_3
Parameters: 1 9.18019e-05 0.000113104 -9.13721e-05 0.999998 -0.00189701 -0.000113451 0.00189699 0.999998 -0.00779992 0.0864457 0.0520514
FixedParameters: 0 0 0

#Transform 23
Transform: AffineTransform_float_3_3
Parameters: 1 -0.000156816 -0.000198728 0.000156557 0.999994 -0.00343903 0.000198927 0.00343897 0.999994 -0.000872289 0.0725745 0.0622008
FixedParameters: 0 0 0

#Transform 24
Transform: AffineTransform_float_3_3
Parameters: 1 0.000407577 -0.000543895 -0.000410569 0.99998 -0.00620776 0.000541263 0.00620723 0.99998 0.012492 0.270469 0.0731203
FixedParameters: 0 0 0

#Transform 25
Transform: AffineTransform_float_3_3
Parameters: 1 1.98531e-05 -0.000182926 -2.04577e-05 0.999975 -0.00708399 0.00018287 0.007084 0.999975 0.00728897 0.285382 0.121246
FixedParameters: 0 0 0

#Transform 26
Transform: AffineTransform_float_3_3
Parameters: 1 -3.7716e-05 -0.000241598 3.61772e-05 0.999987 -0.00523501 0.0002421 0.00523499 0.999987 0.0160732 0.213114 0.0598295
FixedParameters: 0 0 0

#Transform 27
Transform: AffineTransform_float_3_3
Parameters: 1 -0.000182777 -3.0288e-05 0.000182587 0.999987 -0.004976 3.11127e-05 0.00497599 0.999987 -0.00949963 0.193342 0.0599728
FixedParameters: 0 0 0

#Transform 28
Transform: AffineTransform_float_3_3
Parameters: 1 -0.000219436 -8.07014e-05 0.00021979 0.999989 -0.00464402 8.18628e-05 0.00464398 0.999989 0.00291752 0.17519 0.0308032
FixedParameters: 0 0 0

#Transform 29
Transform: AffineTransform_float_3_3
Parameters: 1 9.35622e-06 0.000179116 -8.56422e-06 0.999987 -0.004981 -0.00017932 0.00498099 0.999987 0.0189628 0.183544 0.069321
FixedParameters: 0 0 0

#Transform 30
Transform: AffineTransform_float_3_3
Parameters: 1 -0.000232692 0.000286277 0.000234046 0.999984 -0.00564793 -0.000284864 0.00564807 0.999984 -0.00255347 0.238648 0.0717478
FixedParameters: 0 0 0

#Transform 31
Transform: AffineTransform_float_3_3
Parameters: 1 -0.000474663 0.000511225 0.000476808 0.999984 -0.00577675 -0.000508176 0.00577626 0.999983 -0.0191214 0.209771 0.064584
FixedParameters: 0 0 0

#Transform 32
Transform: AffineTransform_float_3_3
Parameters: 1 -0.000326224 0.000275887 0.000327266 0.999986 -0.0053019 -0.000273646 0.0053011 0.999986 0.0039726 0.231237 0.0647977
FixedParameters: 0 0 0

#Transform 33
Transform: AffineTransform_float_3_3
Parameters: 1 -0.000375773 0.000132681 0.000376473 0.999984 -0.00555695 -0.000130603 0.00555704 0.999984 -0.0111012 0.234102 0.0680504
FixedParameters: 0 0 0

#Transform 34
Transform: AffineTransform_float_3_3
Parameters: 1 -0.000139316 0.000296525 0.000140551 0.999985 -0.00544396 -0.000295231 0.00544404 0.999985 -0.011588 0.187111 0.0710162
FixedParameters: 0 0 0

#Transform 35
Transform: AffineTransform_float_3_3
Parameters: 1 -4.4658e-05 0.000306964 4.64701e-05 0.999981 -0.00619098 -0.000306629 0.00619101 0.999981 -0.0215553 0.257919 0.0975911
FixedParameters: 0 0 0

#Transform 36
Transform: AffineTransform_float_3_3
Parameters: 1 0.000185799 0.000508236 -0.000182744 0.999981 -0.00615909 -0.000508864 0.00615891 0.999981 -0.000125609 0.249299 0.108379
FixedParameters: 0 0 0

#Transform 37
Transform: AffineTransform_float_3_3
Parameters: 1 1.68608e-05 0.000404273 -1.43659e-05 0.999984 -0.00554 -0.000404676 0.00553999 0.999984 -0.0168575 0.25124 0.0844437
FixedParameters: 0 0 0

#Transform 38
Transform: AffineTransform_float_3_3
Parameters: 1 -0.000199812 0.000289938 0.000202357 0.999983 -0.00591595 -0.000288667 0.00591606 0.999983 -0.00829123 0.217208 0.0646141
FixedParameters: 0 0 0

#Transform 39
Transform: AffineTransform_float_3_3
Parameters: 1 0.000217403 0.000335924 -0.000215209 0.999987 -0.00508407 -0.000336251 0.00508393 0.999987 -0.00775671 0.217316 0.0547771
FixedParameters: 0 0 0

#Transform 40
Transform: AffineTransform_float_3_3
Parameters: 1 -7.20099e-05 8.7656e-05 7.20113e-05 0.999984 -0.00569699 -8.69504e-05 0.005697 0.999984 -0.00488177 0.210427 0.0623099
FixedParameters: 0 0 0

#Transform 41
Transform: AffineTransform_float_3_3
Parameters: 1 -3.94826e-05 0.000307534 4.17118e-05 0.999977 -0.00685799 -0.000307207 0.00685802 0.999977 -0.00821876 0.245526 0.0694396
FixedParameters: 0 0 0

#Transform 42
Transform: AffineTransform_float_3_3
Parameters: 1 -0.000446698 0.00026385 0.000448411 0.999966 -0.00830389 -0.000259742 0.00830412 0.999966 -0.00553174 0.315725 0.147475
FixedParameters: 0 0 0

#Transform 43
Transform: AffineTransform_float_3_3
Parameters: 1 -0.000533914 0.00109081 0.000544391 0.999953 -0.00962252 -0.00108567 0.00962347 0.999953 -0.0417539 0.326955 0.200808
FixedParameters: 0 0 0

#Transform 44
Transform: AffineTransform_float_3_3
Parameters: 0.999999 -0.000363429 0.000702465 0.000369455 0.999958 -0.00909986 -0.000698587 0.00910014 0.999959 -0.007581 0.341993 0.201551
FixedParameters: 0 0 0

#Transform 45
Transform: AffineTransform_float_3_3
Parameters: 1 -0.00029204 0.000466195 0.000294826 0.999976 -0.00701487 -0.000464524 0.00701514 0.999976 -0.0150845 0.225768 0.170527
FixedParameters: 0 0 0

#Transform 46
Transform: AffineTransform_float_3_3
Parameters: 0.999999 -0.00045588 0.000614002 0.000460969 0.999962 -0.00864583 -0.000610738 0.00864617 0.999963 -0.0302022 0.334801 0.166352
FixedParameters: 0 0 0

#Transform 47
Transform: AffineTransform_float_3_3
Parameters: 0.999999 -6.3742e-05 0.000849071 7.01712e-05 0.999973 -0.00736906 -0.000847781 0.00736894 0.999973 -0.0216494 0.2943 0.158736
FixedParameters: 0 0 0

#Transform 48
Transform: AffineTransform_float_3_3
Parameters: 1 9.51747e-05 0.000397757 -9.35901e-05 0.999982 -0.00587903 -0.000398218 0.00587896 0.999982 -8.67433e-05 0.233569 0.0861281
FixedParameters: 0 0 0

#Transform 49
Transform: AffineTransform_float_3_3
Parameters: 1 -1.21336e-05 0.000310473 1.52966e-05 0.999964 -0.00849199 -0.000309477 0.008492 0.999964 -0.00914037 0.286098 0.0747161
FixedParameters: 0 0 0

#Transform 50
Transform: AffineTransform_float_3_3
Parameters: 1 9.0979e-05 0.000445259 -8.77431e-05 0.999966 -0.00821604 -0.000446194 0.00821596 0.999966 -0.0187165 0.329814 0.0805697
FixedParameters: 0 0 0

#Transform 51
Transform: AffineTransform_float_3_3
Parameters: 1 -0.000298903 0.000279367 0.000300941 0.999975 -0.00703492 -0.00027637 0.00703509 0.999975 -0.0128607 0.225847 0.0723665
FixedParameters: 0 0 0

#Transform 52
Transform: AffineTransform_float_3_3
Parameters: 1 -0.000309606 0.000278438 0.000311219 0.999969 -0.00786991 -0.000275884 0.00787009 0.999969 -0.010979 0.336063 0.106062
FixedParameters: 0 0 0

#Transform 53
Transform: AffineTransform_float_3_3
Parameters: 1 -0.00061625 0.000246788 0.000618939 0.999947 -0.0102198 -0.000240469 0.0102201 0.999947 -0.0181872 0.32883 0.2054
FixedParameters: 0 0 0

#Transform 54
Transform: AffineTransform_float_3_3
Parameters: 1 -0.000364757 -4.97601e-05 0.000365285 0.999977 -0.00677602 5.28352e-05 0.00677598 0.999977 -0.00954202 0.238463 0.118341
FixedParameters: 0 0 0

#Transform 55
Transform: AffineTransform_float_3_3
Parameters: 1 -0.000356 -0.000130266 0.000355545 0.999976 -0.00682904 0.00013226 0.00682895 0.999976 -0.00566472 0.244833 0.0875993
FixedParameters: 0 0 0

#Transform 56
Transform: AffineTransform_float_3_3
Parameters: 1 -0.000374493 3.9735e-05 0.000375367 0.999976 -0.00683898 -3.75868e-05 0.00683901 0.999976 -0.013964 0.254949 0.102214
FixedParameters: 0 0 0

#Transform 57
Transform: AffineTransform_float_3_3
Parameters: 1 -0.000617872 -4.38578e-05 0.000617666 0.999974 -0.00718903 4.87667e-05 0.00718897 0.999974 -0.0173 0.247374 0.0952074
FixedParameters: 0 0 0

#Transform 58
Transform: AffineTransform_float_3_3
Parameters: 1 -0.000479214 -0.00014387 0.000477811 0.999979 -0.00642507 0.000146045 0.00642493 0.99998 -0.00450496 0.180355 0.0574398
FixedParameters: 0 0 0

#Transform 59
Transform: AffineTransform_float_3_3
Parameters: 1 -0.00035617 -0.000129799 0.000355495 0.999967 -0.00813904 0.000131733 0.00813895 0.999967 -0.00567765 0.290632 0.0925934
FixedParameters: 0 0 0

#Transform 60
Transform: AffineTransform_float_3_3
Parameters: 1 -0.000296468 -0.000123497 0.000295873 0.99997 -0.00777103 0.000125235 0.00777096 0.99997 -0.0235622 0.299437 -0.0954079
FixedParameters: 0 0 0

#Transform 61
Transform: AffineTransform_float_3_3
Parameters: 1 -0.000392774 0.000201714 0.000393557 0.999992 -0.00413992 -0.000199567 0.00414008 0.999992 -0.0212145 0.171597 -0.0644808
FixedParameters: 0 0 0

#Transform 62
Transform: AffineTransform_float_3_3
Parameters: 1 -0.000355496 -0.000131635 0.000355934 0.999996 -0.00298093 0.000131884 0.00298107 0.999995 -0.0230298 0.115445 -0.0706629
FixedParameters: 0 0 0

#Transform 63
Transform: AffineTransform_float_3_3
Parameters: 1 -0.000397545 0.000245614 0.000398899 0.999989 -0.0045699 -0.000243082 0.00457009 0.999989 -0.0379136 0.191615 -0.0539382
FixedParameters: 0 0 0

#Transform 64
Transform: AffineTransform_float_3_3
Parameters: 0.999999 -0.000803277 -0.000179308 0.000801658 0.99998 -0.00636303 0.00018356 0.00636297 0.999979 -0.0210494 0.240224 -0.0227358
FixedParameters: 0 0 0

#Transform 65
Transform: AffineTransform_float_3_3
Parameters: 0.999999 -0.000584549 0.00064642 0.000588345 0.999978 -0.00653162 -0.000642313 0.00653237 0.999978 -0.0501322 0.247115 0.00856734
FixedParameters: 0 0 0

#Transform 66
Transform: AffineTransform_float_3_3
Parameters: 0.999999 -0.000785032 0.00028316 0.000787743 0.999972 -0.00736378 -0.000276775 0.00736422 0.999973 -0.0443831 0.300946 0.0495286
FixedParameters: 0 0 0

#Transform 67
Transform: AffineTransform_float_3_3
Parameters: 0.999999 -0.00070939 -7.18344e-05 0.000708883 0.999974 -0.00726094 7.71657e-05 0.00726106 0.999973 -0.0358469 0.273369 -0.0757962
FixedParameters: 0 0 0

#Transform 68
Transform: AffineTransform_float_3_3
Parameters: 0.999999 4.92809e-05 -0.00149661 -5.7382e-05 0.999986 -0.00540104 0.00149596 0.00540097 0.999985 -0.00242419 0.299858 -0.384474
FixedParameters: 0 0 0

#Transform 69
Transform: AffineTransform_float_3_3
Parameters: 0.999997 0.000364172 -0.00211678 -0.000374038 0.999988 -0.00491345 0.00211441 0.00491455 0.999985 0.0351601 0.207373 -0.357307
FixedParameters: 0 0 0

#Transform 70
Transform: AffineTransform_float_3_3
Parameters: 0.999998 -9.04103e-05 -0.00189654 8.07911e-05 0.999989 -0.00469239 0.00189627 0.00469161 0.999987 0.0238134 0.220421 -0.335544
FixedParameters: 0 0 0

#Transform 71
Transform: AffineTransform_float_3_3
Parameters: 0.999999 -0.000219263 -0.00139663 0.000209353 0.999972 -0.00757942 0.00139816 0.00757859 0.999971 -0.0112661 0.352765 -0.249173
FixedParameters: 0 0 0

#Transform 72
Transform: AffineTransform_float_3_3
Parameters: 0.999998 0.000287261 -0.00161056 -0.000300591 0.999965 -0.00842565 0.00160821 0.00842636 0.999963 0.0161446 0.354737 -0.269241
FixedParameters: 0 0 0

#Transform 73
Transform: AffineTransform_float_3_3
Parameters: 0.999999 2.00531e-05 -0.00136278 -3.05123e-05 0.999975 -0.0071601 0.00136246 0.00716091 0.999974 0.00239263 0.334064 -0.189808
FixedParameters: 0 0 0

#Transform 74
Transform: AffineTransform_float_3_3
Parameters: 0.999999 0.000178462 -0.00124296 -0.000186518 0.999981 -0.00604089 0.00124156 0.00604111 0.999981 -0.00135024 0.239541 -0.223208
FixedParameters: 0 0 0

#Transform 75
Transform: AffineTransform_float_3_3
Parameters: 1 -0.000140776 -0.00113224 0.000134757 0.999986 -0.00539116 0.00113243 0.00539085 0.999985 -0.0195097 0.229005 -0.249576
FixedParameters: 0 0 0

#Transform 76
Transform: AffineTransform_float_3_3
Parameters: 1 2.31807e-05 -0.0012078 -2.98514e-05 0.999989 -0.00481697 0.00120812 0.00481703 0.999987 -0.00315754 0.21881 -0.101655
FixedParameters: 0 0 0

#Transform 77
Transform: AffineTransform_float_3_3
Parameters: 0.999999 -0.000446099 -0.000688172 0.000442257 0.999987 -0.0051133 0.000691072 0.00511269 0.999986 -0.0454596 0.221678 -0.17232
FixedParameters: 0 0 0

#Transform 78
Transform: AffineTransform_float_3_3
Parameters: 1 -0.000230443 -0.000300115 0.000228555 0.999986 -0.00517806 0.00030062 0.00517793 0.999986 -0.0301654 0.222314 -0.111981
FixedParameters: 0 0 0

#Transform 79
Transform: AffineTransform_float_3_3
Parameters: 0.999999 -0.000767889 -7.97212e-05 0.000767487 0.999986 -0.00526706 8.38346e-05 0.00526694 0.999986 -0.0672719 0.226623 -0.0394122
FixedParameters: 0 0 0

#Transform 80
Transform: AffineTransform_float_3_3
Parameters: 0.999999 -0.000733038 -0.000416604 0.000728796 0.999926 -0.0121573 0.00042601 0.0121567 0.999926 -0.0398683 0.41811 -0.00210853
FixedParameters: 0 0 0

#Transform 81
Transform: AffineTransform_float_3_3
Parameters: 1 -0.000632934 8.33008e-05 0.000633668 0.999926 -0.0120889 -7.51717e-05 0.012089 0.999927 -0.041627 0.467083 -0.0309289
FixedParameters: 0 0 0

#Transform 82
Transform: AffineTransform_float_3_3
Parameters: 1 -0.000139882 -0.000395568 0.000134812 0.999932 -0.0116959 0.000397254 0.0116961 0.999931 -0.0103776 0.497518 -0.0227541
FixedParameters: 0 0 0

#Transform 83
Transform: AffineTransform_float_3_3
Parameters: 0.999999 -0.000170392 -0.000800162 0.000162699 0.999944 -0.0105981 0.000801746 0.0105979 0.999943 0.00188312 0.438691 -0.0205062
FixedParameters: 0 0 0

#Transform 84
Transform: AffineTransform_float_3_3
Parameters: 0.999999 -0.000420829 -0.000771484 0.000414981 0.999969 -0.00793433 0.000774831 0.00793368 0.999968 -0.0188074 0.29354 -0.0958314
FixedParameters: 0 0 0

#Transform 85
Transform: AffineTransform_float_3_3
Parameters: 1 -0.000278817 -0.000531807 0.00027437 0.999966 -0.00822516 0.000533837 0.00822584 0.999966 -0.0309672 0.347506 -0.0779215
FixedParameters: 0 0 0

#Transform 86
Transform: AffineTransform_float_3_3
Parameters: 0.999999 -0.000276202 -0.00102108 0.00026747 0.99996 -0.0088704 0.00102296 0.00887059 0.99996 -0.0135795 0.342154 -0.197204
FixedParameters: 0 0 0

#Transform 87
Transform: AffineTransform_float_3_3
Parameters: 0.999999 -0.000703213 -0.00068374 0.000698124 0.999964 -0.00854249 0.00069044 0.00854152 0.999964 -0.0336336 0.34929 -0.148411
FixedParameters: 0 0 0

#Transform 88
Transform: AffineTransform_float_3_3
Parameters: 0.999999 -0.000762134 -0.000133956 0.000761242 0.999952 -0.00975011 0.00014197 0.0097499 0.999953 -0.0396541 0.367552 0.0270725
FixedParameters: 0 0 0

#Transform 89
Transform: AffineTransform_float_3_3
Parameters: 0.999999 -0.000789636 0.000123729 0.000791529 0.999963 -0.00864678 -0.000117126 0.00864622 0.999962 -0.0396936 0.307867 -0.0141936
FixedParameters: 0 0 0

#Transform 90
Transform: AffineTransform_float_3_3
Parameters: 0.999999 -0.000787425 0.000102673 0.000788791 0.999965 -0.00842379 -9.54702e-05 0.0084232 0.999964 -0.04555 0.314023 -0.00927783
FixedParameters: 0 0 0

#Transform 91
Transform: AffineTransform_float_3_3
Parameters: 0.999999 -0.000830621 0.000505304 0.000835836 0.999965 -0.00834858 -0.000498804 0.00834942 0.999965 -0.0650356 0.348595 -0.00627518
FixedParameters: 0 0 0

#Transform 92
Transform: AffineTransform_float_3_3
Parameters: 0.999999 -0.000762165 0.00050805 0.000766928 0.999959 -0.00895961 -0.000500884 0.00896038 0.999959 -0.0631893 0.330783 0.0315228
FixedParameters: 0 0 0

#Transform 93
Transform: AffineTransform_float_3_3
Parameters: 1 -0.000852233 0.000706069 0.000858675 0.999965 -0.00825038 -0.000699596 0.00825061 0.999965 -0.0748782 0.311524 0.0365646
FixedParameters: 0 0 0

#Transform 94
Transform: AffineTransform_float_3_3
Parameters: 0.999999 -0.00103964 0.000741808 0.0010466 0.99996 -0.00881421 -0.00073217 0.00881478 0.999961 -0.0758435 0.331903 0.105724
FixedParameters: 0 0 0

#Transform 95
Transform: AffineTransform_float_3_3
Parameters: 1 -0.000857973 0.000760902 0.00086446 0.999964 -0.00842135 -0.00075316 0.00842266 0.999964 -0.0588962 0.311664 0.027106
FixedParameters: 0 0 0

#Transform 96
Transform: AffineTransform_float_3_3
Parameters: 1 -0.000858123 0.000760732 0.000864312 0.999966 -0.00822433 -0.000753331 0.00822466 0.999966 -0.0752811 0.324071 0.0336037
FixedParameters: 0 0 0

#Transform 97
Transform: AffineTransform_float_3_3
Parameters: 1 -0.000686941 -4.67417e-05 0.000686839 0.999967 -0.00802903 5.18117e-05 0.00802896 0.999968 -0.0416172 0.282528 -0.13038
FixedParameters: 0 0 0

#Transform 98
Transform: AffineTransform_float_3_3
Parameters: 0.999999 -0.000768142 -7.72443e-05 0.000767583 0.999963 -0.00849206 8.33323e-05 0.00849193 0.999964 -0.0578518 0.393556 -0.138417
FixedParameters: 0 0 0

#Transform 99
Transform: AffineTransform_float_3_3
Parameters: 1 -0.000860338 0.000758226 0.000864849 0.999985 -0.00530833 -0.000753501 0.00530866 0.999985 -0.0449985 0.112591 0.254884
FixedParameters: 0 0 0

#Transform 100
Transform: AffineTransform_float_3_3
Parameters: 0.999997 9.67139e-05 0.00212586 -8.77492e-05 0.999992 -0.00400442 -0.00212652 0.00400357 0.999989 -0.0273897 -0.00972745 0.604198
FixedParameters: 0 0 0

#Transform 101
Transform: AffineTransform_float_3_3
Parameters: 0.999998 0.000662295 0.00145421 -0.000645137 0.999932 -0.011687 -0.00146239 0.011686 0.99993 0.00657366 0.275912 0.771635
FixedParameters: 0 0 0

#Transform 102
Transform: AffineTransform_float_3_3
Parameters: 0.999999 -0.000251272 0.000826354 0.000260779 0.999939 -0.0110398 -0.000823722 0.0110402 0.999938 -0.0281979 0.343037 0.434703
FixedParameters: 0 0 0

#Transform 103
Transform: AffineTransform_float_3_3
Parameters: 0.999999 -0.000236518 0.000827867 0.000245608 0.999941 -0.0108408 -0.000824668 0.0108412 0.999941 -0.0365728 0.342572 0.524694
FixedParameters: 0 0 0

#Transform 104
Transform: AffineTransform_float_3_3
Parameters: 0.999999 0.000275256 0.00083244 -0.0002667 0.999948 -0.0101732 -0.000834899 0.0101738 0.999948 -0.0544752 0.350282 0.51455
FixedParameters: 0 0 0

#Transform 105
Transform: AffineTransform_float_3_3
Parameters: 0.999999 0.000332754 0.0012746 -0.000324345 0.999978 -0.00654554 -0.00127684 0.00654545 0.999978 -0.0388007 0.2119 0.429283
FixedParameters: 0 0 0

#Transform 106
Transform: AffineTransform_float_3_3
Parameters: 0.999999 0.000606197 0.000709342 -0.000601226 0.999973 -0.00738633 -0.000713869 0.00738667 0.999972 0.00172645 0.134842 0.628862
FixedParameters: 0 0 0

#Transform 107
Transform: AffineTransform_float_3_3
Parameters: 1 0.000535141 0.000257109 -0.000532151 0.999941 -0.010895 -0.000263007 0.010895 0.99994 -0.0250512 0.390898 0.0784155
FixedParameters: 0 0 0

#Transform 108
Transform: AffineTransform_float_3_3
Parameters: 1 -0.000157938 -0.000304295 0.000151815 0.99979 -0.020503 0.000307363 0.0205029 0.999789 -0.0719187 0.810201 -0.022103
FixedParameters: 0 0 0

#Transform 109
Transform: AffineTransform_float_3_3
Parameters: 0.999999 5.39734e-05 -0.000784482 -6.79743e-05 0.999852 -0.017244 0.000782879 0.0172441 0.999851 -0.0453185 0.683051 -0.160361
FixedParameters: 0 0 0

#Transform 110
Transform: AffineTransform_float_3_3
Parameters: 1 0.000101691 -0.000579796 -0.000111841 0.999866 -0.0163829 0.000578325 0.0163831 0.999865 -0.0600401 0.675422 -0.153005
FixedParameters: 0 0 0

#Transform 111
Transform: AffineTransform_float_3_3
Parameters: 1 0.000321987 -0.00055778 -0.000329962 0.999876 -0.0157129 0.000552658 0.0157131 0.999877 -0.0453379 0.66136 -0.122017
FixedParameters: 0 0 0

#Transform 112
Transform: AffineTransform_float_3_3
Parameters: 0.999999 0.000437421 -0.000803771 -0.000450299 0.999865 -0.0163848 0.0007958 0.0163852 0.999866 -0.0483993 0.635546 -0.185556
FixedParameters: 0 0 0

#Transform 113
Transform: AffineTransform_float_3_3
Parameters: 1 0.000287983 -0.000215266 -0.000290722 0.999888 -0.0149699 0.000210042 0.0149701 0.999888 -0.0798533 0.608488 -0.0568561
FixedParameters: 0 0 0

#Transform 114
Transform: AffineTransform_float_3_3
Parameters: 1 0.000252002 0.000140414 -0.000249741 0.999914 -0.013098 -0.000143128 0.013098 0.999914 -0.074059 0.498088 -0.102308
FixedParameters: 0 0 0

#Transform 115
Transform: AffineTransform_float_3_3
Parameters: 1 -0.000183361 -0.000549803 0.000176276 0.999927 -0.0120392 0.000552836 0.0120388 0.999928 -0.0705525 0.46533 -0.199135
FixedParameters: 0 0 0

#Transform 116
Transform: AffineTransform_float_3_3
Parameters: 1 -0.00019075 -0.000195805 0.000188577 0.999935 -0.011457 0.0001974 0.011457 0.999935 -0.0921891 0.464086 -0.130717
FixedParameters: 0 0 0

#Transform 117
Transform: AffineTransform_float_3_3
Parameters: 1 -2.36318e-05 -0.000450841 1.80003e-05 0.99993 -0.01188 0.000450917 0.01188 0.99993 -0.0755753 0.479734 -0.260192
FixedParameters: 0 0 0

#Transform 118
Transform: AffineTransform_float_3_3
Parameters: 0.999998 -0.000510752 -0.00199428 0.000501269 0.999988 -0.00498114 0.00199649 0.00497986 0.999985 -0.0853605 0.207259 -0.358512
FixedParameters: 0 0 0

#Transform 119
Transform: AffineTransform_float_3_3
Parameters: 0.999998 -0.000279261 -0.00171078 0.000265884 0.99997 -0.00781458 0.00171256 0.00781342 0.999968 -0.0718219 0.332257 -0.289954
FixedParameters: 0 0 0

#Transform 120
Transform: AffineTransform_float_3_3
Parameters: 0.999999 -0.000444983 -0.000716847 0.000437589 0.999953 -0.00968632 0.000721118 0.00968568 0.999953 -0.0883675 0.428169 -0.165574
FixedParameters: 0 0 0

#Transform 121
Transform: AffineTransform_float_3_3
Parameters: 1 -0.00017526 -0.000349691 0.00017042 0.999914 -0.0130571 0.000351684 0.0130569 0.999914 -0.0972345 0.516223 -0.155604
FixedParameters: 0 0 0

#Transform 122
Transform: AffineTransform_float_3_3
Parameters: 1 -6.54e-05 -2.0195e-05 6.47361e-05 0.999765 -0.021678 2.10296e-05 0.021678 0.999765 -0.091845 0.823248 -0.0809832
FixedParameters: 0 0 0

#Transform 123
Transform: AffineTransform_float_3_3
Parameters: 0.999999 -0.000597674 0.000425512 0.000611049 0.999504 -0.0314677 -0.000407071 0.0314682 0.999504 -0.10955 1.15477 0.0491562
FixedParameters: 0 0 0

#Transform 124
Transform: AffineTransform_float_3_3
Parameters: 0.999999 -0.000660676 -0.000264017 0.000653068 0.999586 -0.0287572 0.000283621 0.0287578 0.999587 -0.0951586 1.07528 -0.0274767
FixedParameters: 0 0 0

#Transform 125
Transform: AffineTransform_float_3_3
Parameters: 0.999999 -0.000425607 -0.000787027 0.000404726 0.999661 -0.0260214 0.000797907 0.0260217 0.999661 -0.0802951 0.945499 -0.0784268
FixedParameters: 0 0 0

#Transform 126
Transform: AffineTransform_float_3_3
Parameters: 0.999999 -0.000555554 -0.000799844 0.000536259 0.999709 -0.0241104 0.00081334 0.0241096 0.999709 -0.0715983 0.883376 -0.0807095
FixedParameters: 0 0 0

#Transform 127
Transform: AffineTransform_float_3_3
Parameters: 1 -0.000615102 -0.000152085 0.000610141 0.999606 -0.028086 0.000168853 0.028086 0.999605 -0.102379 1.02904 -0.00992355
FixedParameters: 0 0 0

#Transform 128
Transform: AffineTransform_float_3_3
Parameters: 0.999999 -0.000611825 -0.000567161 0.000598169 0.999715 -0.0238634 0.000581525 0.0238627 0.999715 -0.0997579 0.918339 -0.0642662
FixedParameters: 0 0 0

#Transform 129
Transform: AffineTransform_float_3_3
Parameters: 1 -0.000418849 -0.000396514 0.000408428 0.999697 -0.0246072 0.000405873 0.0246068 0.999697 -0.101857 0.934676 -0.0862138
FixedParameters: 0 0 0

#Transform 130
Transform: AffineTransform_float_3_3
Parameters: 0.999999 -0.000451005 -0.000688095 0.000434442 0.999719 -0.0236764 0.000698865 0.0236756 0.99972 -0.089468 0.876733 -0.106718
FixedParameters: 0 0 0

#Transform 131
Transform: AffineTransform_float_3_3
Parameters: 0.999999 -0.0004741 -0.000541922 0.000460159 0.999688 -0.0249643 0.000553714 0.0249638 0.999688 -0.0868195 0.95699 -0.0858582
FixedParameters: 0 0 0

#Transform 132
Transform: AffineTransform_float_3_3
Parameters: 0.999999 -0.000687546 -0.000368264 0.00067761 0.999608 -0.0280061 0.000387671 0.0280059 0.999607 -0.111096 1.00354 -0.0119485
FixedParameters: 0 0 0

#Transform 133
Transform: AffineTransform_float_3_3
Parameters: 1 -0.000620396 1.24009e-05 0.00062069 0.999591 -0.0286099 5.0031e-06 0.0286101 0.99959 -0.126543 1.02947 -0.0611914
FixedParameters: 0 0 0

#Transform 134
Transform: AffineTransform_float_3_3
Parameters: 0.999999 -0.000739952 9.75311e-05 0.000742729 0.999544 -0.0301859 -7.51936e-05 0.0301861 0.999545 -0.118551 1.10856 0.0279544
FixedParameters: 0 0 0

#Transform 135
Transform: AffineTransform_float_3_3
Parameters: 0.999999 -0.000696051 -0.000288926 0.000686283 0.999535 -0.0304792 0.000309904 0.0304788 0.999536 -0.10809 1.10879 -0.00733443
FixedParameters: 0 0 0

#Transform 136
Transform: AffineTransform_float_3_3
Parameters: 1 -0.000114113 -0.00111601 8.23866e-05 0.999586 -0.0287802 0.00111839 0.0287798 0.999585 -0.0522352 1.11353 -0.150678
FixedParameters: 0 0 0

#Transform 137
Transform: AffineTransform_float_3_3
Parameters: 1 -0.00011175 -0.00111625 8.16448e-05 0.999644 -0.0266622 0.00111878 0.0266627 0.999644 -0.0418892 1.01483 -0.193427
FixedParameters: 0 0 0

#Transform 138
Transform: AffineTransform_float_3_3
Parameters: 1 -0.000388083 -0.00046542 0.000375953 0.999662 -0.0259912 0.000474625 0.0259908 0.999662 -0.0863095 0.976126 -0.162414
FixedParameters: 0 0 0

#Transform 139
Transform: AffineTransform_float_3_3
Parameters: 1 -0.000178913 -0.000352583 0.00016981 0.999691 -0.024828 0.000357195 0.0248279 0.999691 -0.0989013 0.922198 -0.0299015
FixedParameters: 0 0 0

#Transform 140
Transform: AffineTransform_float_3_3
Parameters: 1 -0.000208273 -2.86761e-05 0.000207208 0.999664 -0.025947 3.44917e-05 0.025947 0.999664 -0.0922327 0.975334 -0.0462448
FixedParameters: 0 0 0

#Transform 141
Transform: AffineTransform_float_3_3
Parameters: 1 -0.000261691 -0.000291849 0.000253891 0.999696 -0.024676 0.000298309 0.024676 0.999695 -0.1047 0.952381 -0.0955087
FixedParameters: 0 0 0

#Transform 142
Transform: AffineTransform_float_3_3
Parameters: 1 -0.000375695 -0.000277674 0.000368258 0.999669 -0.0257311 0.000287576 0.0257309 0.999669 -0.104158 0.936855 -0.10518
FixedParameters: 0 0 0

#Transform 143
Transform: AffineTransform_float_3_3
Parameters: 1 -0.000179527 -0.00034657 0.000170574 0.999686 -0.0250372 0.00035129 0.0250368 0.999687 -0.0966269 0.966288 -0.119419
FixedParameters: 0 0 0

#Transform 144
Transform: AffineTransform_float_3_3
Parameters: 1 -0.000162471 -0.000540628 0.000147906 0.999663 -0.0259611 0.000544221 0.0259609 0.999663 -0.0919164 0.9481 -0.106954
FixedParameters: 0 0 0

#Transform 145
Transform: AffineTransform_float_3_3
Parameters: 1 -0.000162425 -0.000540643 0.000147953 0.999665 -0.0258741 0.000544209 0.0258749 0.999665 -0.102833 0.986523 -0.0702009
FixedParameters: 0 0 0

#Transform 146
Transform: AffineTransform_float_3_3
Parameters: 0.999999 -0.000515719 -0.000514396 0.000502148 0.999634 -0.0270433 0.000528521 0.0270427 0.999634 -0.0989447 0.977724 -0.039329
FixedParameters: 0 0 0

#Transform 147
Transform: AffineTransform_float_3_3
Parameters: 0.999999 -0.000245149 -0.000748865 0.000226085 0.999667 -0.0258292 0.000755276 0.0258288 0.999666 -0.0718127 0.952522 -0.0624644
FixedParameters: 0 0 0

#Transform 148
Transform: AffineTransform_float_3_3
Parameters: 1 -0.000337642 -0.000556389 0.000322849 0.999669 -0.0257302 0.000564947 0.0257298 0.999669 -0.0852716 0.966308 -0.0880214
FixedParameters: 0 0 0

#Transform 149
Transform: AffineTransform_float_3_3
Parameters: 1 -0.000176817 -0.00038887 0.00016551 0.999608 -0.0280201 0.000393653 0.02802 0.999608 -0.0916119 1.04 -0.0151427
FixedParameters: 0 0 0

#Transform 150
Transform: AffineTransform_float_3_3
Parameters: 1 -0.000183522 -0.000504175 0.000165142 0.999365 -0.0356481 0.000510615 0.0356479 0.999365 -0.0823688 1.21696 -0.000792983
FixedParameters: 0 0 0

#Transform 151
Transform: AffineTransform_float_3_3
Parameters: 0.999999 0.000143989 -0.000899946 -0.000169372 0.999579 -0.0290148 0.000894948 0.0290151 0.999578 -0.0611355 1.10022 -0.0724506
FixedParameters: 0 0 0

#Transform 152
Transform: AffineTransform_float_3_3
Parameters: 0.999999 2.71319e-05 -0.000977228 -5.69315e-05 0.999547 -0.030115 0.000976042 0.030116 0.999546 -0.0635683 1.11864 -0.096068
FixedParameters: 0 0 0

#Transform 153
Transform: AffineTransform_float_3_3
Parameters: 0.999999 -9.81593e-06 -0.000866927 -1.71221e-05 0.999531 -0.0306281 0.000866711 0.0306279 0.999531 -0.0694211 1.12373 -0.0338826
FixedParameters: 0 0 0

#Transform 154
Transform: AffineTransform_float_3_3
Parameters: 1 -0.000129459 -0.000636573 0.00011034 0.99959 -0.0286401 0.000640429 0.0286399 0.999589 -0.0824285 1.10546 -0.0235255
FixedParameters: 0 0 0

#Transform 155
Transform: AffineTransform_float_3_3
Parameters: 0.999999 -5.95607e-05 -0.000984765 3.15647e-05 0.999576 -0.029112 0.000985785 0.029112 0.999575 -0.0668279 1.10718 -0.05233
FixedParameters: 0 0 0

#Transform 156
Transform: AffineTransform_float_3_3
Parameters: 0.999999 2.72464e-05 -0.000977401 -5.2843e-05 0.999637 -0.0269419 0.000976359 0.026942 0.999636 -0.0518055 1.0366 -0.083427
FixedParameters: 0 0 0

#Transform 157
Transform: AffineTransform_float_3_3
Parameters: 1 -0.00019808 -0.00099728 0.000170532 0.999632 -0.0271472 0.00100233 0.0271478 0.999631 -0.0707871 1.03762 -0.0783165
FixedParameters: 0 0 0

#Transform 158
Transform: AffineTransform_float_3_3
Parameters: 0.999999 -0.000176128 -0.000902049 0.000152152 0.999638 -0.0268773 0.000906679 0.0268767 0.999639 -0.0670756 1.02561 -0.0860619
FixedParameters: 0 0 0

#Transform 159
Transform: AffineTransform_float_3_3
Parameters: 0.999999 -0.000146723 -0.00126177 0.000112474 0.999629 -0.0272262 0.00126578 0.0272268 0.999628 -0.067641 1.01127 -0.0683465
FixedParameters: 0 0 0

#Transform 160
Transform: AffineTransform_float_3_3
Parameters: 1 -0.000252663 -0.00100183 0.000224462 0.999609 -0.0279384 0.00100833 0.0279386 0.999609 -0.0572144 1.07031 -0.0340502
FixedParameters: 0 0 0

#Transform 161
Transform: AffineTransform_float_3_3
Parameters: 1 -5.71449e-05 -0.00098491 3.08713e-05 0.999644 -0.0266601 0.000986272 0.0266598 0.999644 -0.0643726 0.953035 0.0984188
FixedParameters: 0 0 0

#Transform 162
Transform: AffineTransform_float_3_3
Parameters: 0.999999 0.00034133 -0.000698466 -0.000359803 0.999654 -0.0263308 0.000689139 0.0263303 0.999653 -0.0993172 1.00704 -0.103744
FixedParameters: 0 0 0

#Transform 163
Transform: AffineTransform_float_3_3
Parameters: 0.999999 0.000112949 -0.00096979 -0.00013822 0.999665 -0.0258769 0.000966163 0.0258771 0.999664 -0.075668 0.993105 -0.10402
FixedParameters: 0 0 0

#Transform 164
Transform: AffineTransform_float_3_3
Parameters: 1 -2.80049e-05 -0.00106277 7.71657e-07 0.999673 -0.0255781 0.00106363 0.0255789 0.999673 -0.101263 0.937155 -0.090479
FixedParameters: 0 0 0

#Transform 165
Transform: AffineTransform_float_3_3
Parameters: 1 -7.05496e-05 -0.000986186 4.44234e-05 0.999659 -0.026112 0.000987095 0.0261119 0.999658 -0.127685 0.98676 -0.0780348
FixedParameters: 0 0 0

#Transform 166
Transform: AffineTransform_float_3_3
Parameters: 1 -0.000291314 -0.00100604 0.000265273 0.999668 -0.0257593 0.00101332 0.0257587 0.999667 -0.122024 0.924047 -0.107923
FixedParameters: 0 0 0

#Transform 167
Transform: AffineTransform_float_3_3
Parameters: 1 -0.000237756 -0.00100116 0.000211441 0.999663 -0.0259842 0.00100677 0.0259848 0.999662 -0.0876467 0.976297 -0.0929595
FixedParameters: 0 0 0

#Transform 168
Transform: AffineTransform_float_3_3
Parameters: 0.999999 -0.000142833 -0.000992741 0.000117265 0.99967 -0.0256821 0.000996335 0.0256819 0.999669 -0.0955161 0.91751 -0.109269
FixedParameters: 0 0 0

#Transform 169
Transform: AffineTransform_float_3_3
Parameters: 0.999999 0.000108893 -0.00156049 -0.000150193 0.999653 -0.0263409 0.00155739 0.0263411 0.999652 -0.0924184 0.984674 -0.0688771
FixedParameters: 0 0 0

#Transform 170
Transform: AffineTransform_float_3_3
Parameters: 0.999999 -3.40605e-05 -0.00130719 -4.3122e-07 0.999655 -0.0262751 0.00130801 0.0262749 0.999654 -0.0932103 0.959707 -0.0599637
FixedParameters: 0 0 0

#Transform 171
Transform: AffineTransform_float_3_3
Parameters: 1 0.000379237 -0.00113096 -0.00040974 0.999639 -0.0268657 0.00112027 0.0268663 0.999639 -0.100592 1.01952 -0.0411977
FixedParameters: 0 0 0

#Transform 172
Transform: AffineTransform_float_3_3
Parameters: 0.999999 0.000479003 -0.000744859 -0.000495424 0.999747 -0.0224926 0.000733947 0.0224934 0.999746 -0.126833 0.815457 -0.122983
FixedParameters: 0 0 0

#Transform 173
Transform: AffineTransform_float_3_3
Parameters: 0.999999 0.000664299 -0.000618919 -0.000678027 0.999718 -0.0237366 0.000602913 0.0237364 0.999718 -0.0655938 0.748939 0.39463
FixedParameters: 0 0 0

#Transform 174
Transform: AffineTransform_float_3_3
Parameters: 0.999999 0.00134522 0.000345398 -0.00133632 0.999702 -0.0243924 -0.000378609 0.0243917 0.999703 -0.0465407 0.716066 0.814762
FixedParameters: 0 0 0

#Transform 175
Transform: AffineTransform_float_3_3
Parameters: 0.999997 0.00110859 -0.00218683 -0.0011779 0.999474 -0.0324157 0.00214913 0.0324183 0.999472 -0.0259956 1.23867 -0.07147
FixedParameters: 0 0 0

#Transform 176
Transform: AffineTransform_float_3_3
Parameters: 0.999997 0.000390279 -0.00236824 -0.000472206 0.999406 -0.0344423 0.00235391 0.0344437 0.999404 -0.0518712 1.32742 -0.142619
FixedParameters: 0 0 0

#Transform 177
Transform: AffineTransform_float_3_3
Parameters: 0.999999 -0.00047339 -0.000877351 0.000440031 0.999295 -0.0375584 0.000894372 0.0375586 0.999294 -0.108654 1.39851 -0.0504346
FixedParameters: 0 0 0

#Transform 178
Transform: AffineTransform_float_3_3
Parameters: 0.999994 -0.00013758 -0.00330024 1.03624e-05 0.999258 -0.0384999 0.00330353 0.038499 0.999253 -0.0121564 1.35522 0.137763
FixedParameters: 0 0 0

#Transform 179
Transform: AffineTransform_float_3_3
Parameters: 0.999995 -5.59458e-05 -0.00309828 -6.41536e-05 0.999245 -0.0388665 0.00309785 0.0388665 0.999239 -0.00774401 1.4127 0.075126
FixedParameters: 0 0 0

#Transform 180
Transform: AffineTransform_float_3_3
Parameters: 0.999997 -0.000130314 -0.00216623 4.64771e-05 0.999242 -0.0389086 0.00216985 0.0389085 0.999241 -0.027717 1.3235 0.386314
FixedParameters: 0 0 0

#Transform 181
Transform: AffineTransform_float_3_3
Parameters: 0.999998 0.000528495 -0.00186275 -0.000588004 0.999469 -0.0325832 0.00184453 0.0325838 0.999467 -0.00493398 1.20573 -0.0305164
FixedParameters: 0 0 0

#Transform 182
Transform: AffineTransform_float_3_3
Parameters: 1 -0.000348642 -0.00107092 0.000314347 0.999506 -0.0314414 0.00108154 0.0314407 0.999505 -0.0526404 1.11764 -0.0113368
FixedParameters: 0 0 0

#Transform 183
Transform: AffineTransform_float_3_3
Parameters: 0.999999 -0.000255637 -0.000696364 0.000232504 0.999458 -0.0329132 0.000705029 0.0329128 0.999458 -0.0685988 1.24337 -0.0136282
FixedParameters: 0 0 0

#Transform 184
Transform: AffineTransform_float_3_3
Parameters: 1 -0.000419445 -0.000979962 0.000385064 0.999403 -0.0345664 0.000993576 0.0345656 0.999402 -0.0443323 1.26323 0.00787876
FixedParameters: 0 0 0

#Transform 185
Transform: AffineTransform_float_3_3
Parameters: 0.999999 -0.000573307 -0.000466243 0.000556629 0.999317 -0.0369312 0.000486979 0.0369307 0.999317 -0.0683968 1.34511 0.110127
FixedParameters: 0 0 0

#Transform 186
Transform: AffineTransform_float_3_3
Parameters: 1 -0.000492587 -0.000297712 0.000482521 0.999408 -0.0344182 0.000314437 0.0344179 0.999408 -0.0633777 1.24268 0.0511684
FixedParameters: 0 0 0

#Transform 187
Transform: AffineTransform_float_3_3
Parameters: 0.999999 2.92308e-05 -0.00152114 -7.28911e-05 0.999583 -0.028881 0.00151928 0.028881 0.999581 -0.00311547 1.12876 -0.162228
FixedParameters: 0 0 0

#Transform 188
Transform: AffineTransform_float_3_3
Parameters: 0.999998 3.19515e-05 -0.00160592 -8.27695e-05 0.999496 -0.031748 0.00160417 0.031748 0.999494 -0.0154617 1.18073 -0.160654
FixedParameters: 0 0 0

#Transform 189
Transform: AffineTransform_float_3_3
Parameters: 0.999998 0.000234858 -0.00199723 -0.00029386 0.999566 -0.0294657 0.00198942 0.0294663 0.999564 -0.00562004 1.15043 -0.234073
FixedParameters: 0 0 0

