#Insight Transform File V1.0
#Transform 0
Transform: AffineTransform_float_3_3
Parameters: 0.999999 0.00131543 -0.000401812 -0.00131567 0.999999 -0.000300516 0.000401022 0.000300483 1 -0.153216 -0.0783741 0.24263
FixedParameters: 0 0 0

#Transform 1
Transform: AffineTransform_float_3_3
Parameters: 0.999999 0.00125402 -0.000113149 -0.00125415 0.999999 -0.000755905 0.000112252 0.000756094 0.999999 -0.145526 -0.0668287 0.241012
FixedParameters: 0 0 0

#Transform 2
Transform: AffineTransform_float_3_3
Parameters: 0.999999 0.000745281 7.13134e-05 -0.000745154 1 -0.0008881 -7.2637e-05 0.000887899 0.999999 -0.135339 -0.046072 0.214534
FixedParameters: 0 0 0

#Transform 3
Transform: AffineTransform_float_3_3
Parameters: 0.999999 0.000737609 -8.84519e-05 -0.000737753 1 -0.000819982 8.72421e-05 0.000820018 0.999999 -0.133209 -0.049338 0.199321
FixedParameters: 0 0 0

#Transform 4
Transform: AffineTransform_float_3_3
Parameters: 1 0.00104734 -0.000102469 -0.00104734 1 -1.79398e-05 0.000102431 1.80602e-05 1 -0.10817 -0.0149511 0.186696
FixedParameters: 0 0 0

#Transform 5
Transform: AffineTransform_float_3_3
Parameters: 0.999999 0.00149523 -3.04163e-05 -0.00149522 0.999999 3.49985e-05 3.05209e-05 -3.50015e-05 1 -0.0912569 -0.0449578 0.161121
FixedParameters: 0 0 0

#Transform 6
Transform: AffineTransform_float_3_3
Parameters: 0.999999 0.000971468 8.01461e-06 -0.000971464 0.999999 -0.000239008 -8.47897e-06 0.000238992 1 -0.0700865 -0.0250977 0.144282
FixedParameters: 0 0 0

#Transform 7
Transform: AffineTransform_float_3_3
Parameters: 0.999999 0.000674941 -0.000464214 -0.000674813 1 0.000137313 0.000464399 -0.000136687 1 -0.0741354 -0.00511206 0.127554
FixedParameters: 0 0 0

#Transform 8
Transform: AffineTransform_float_3_3
Parameters: 0.999999 0.000673059 -0.000356843 -0.000672791 0.999999 0.00037524 0.000357348 -0.000374759 1 -0.0860895 -0.0219831 0.144171
FixedParameters: 0 0 0

#Transform 9
Transform: AffineTransform_float_3_3
Parameters: 0.999999 0.000683231 -0.000330459 -0.000683143 0.999999 0.000132228 0.00033064 -0.000132772 1 -0.0693271 -0.00705175 0.135909
FixedParameters: 0 0 0

#Transform 10
Transform: AffineTransform_float_3_3
Parameters: 0.999999 0.000751123 -0.000333727 -0.0007511 0.999999 3.42507e-05 0.000333778 -3.37493e-05 1 -0.0645957 -0.0182801 0.122619
FixedParameters: 0 0 0

#Transform 11
Transform: AffineTransform_float_3_3
Parameters: 1 0.000448426 -0.000319511 -0.000448471 1 -6.98567e-05 0.000319448 7.01432e-05 1 -0.0560251 0.0122846 0.121299
FixedParameters: 0 0 0

#Transform 12
Transform: AffineTransform_float_3_3
Parameters: 0.999999 0.000686093 -0.00033088 -0.000686275 0.999999 -0.000275771 0.000330502 0.000275229 1 -0.0572833 0.0153276 0.121676
FixedParameters: 0 0 0

#Transform 13
Transform: AffineTransform_float_3_3
Parameters: 1 0.000611193 -0.000327295 -0.000611341 1 -0.0002248 0.00032702 0.0002252 1 -0.0596521 -0.0191408 0.104823
FixedParameters: 0 0 0

#Transform 14
Transform: AffineTransform_float_3_3
Parameters: 1 0.000611355 -0.000326994 -0.000611179 1 0.0002682 0.000327321 -0.0002678 1 -0.0231744 -0.0173134 0.0786115
FixedParameters: 0 0 0

#Transform 15
Transform: AffineTransform_float_3_3
Parameters: 1 0.000447339 -0.000195191 -0.000447255 1 0.000216087 0.000195384 -0.000215913 1 -0.0194119 -0.000280474 0.0670738
FixedParameters: 0 0 0

#Transform 16
Transform: AffineTransform_float_3_3
Parameters: 1 0.000354323 -2.27268e-05 -0.000354324 1 -2.99919e-05 2.27055e-05 3.0008e-05 1 -0.00977127 -0.0152637 0.0390226
FixedParameters: 0 0 0

#Transform 17
Transform: AffineTransform_float_3_3
Parameters: 1 0.000204374 0.000129445 -0.000204281 1 -0.000359026 -0.000129592 0.000358973 1 0.0059864 0.00705922 0.0301031
FixedParameters: 0 0 0

#Transform 18
Transform: AffineTransform_float_3_3
Parameters: 1 9.22626e-08 0.00019321 -1.10811e-07 1 4.8e-05 -0.00019321 -4.8e-05 1 -0.000922356 0.00513696 0.0178974
FixedParameters: 0 0 0

#Transform 19
Transform: AffineTransform_float_3_3
Parameters: 1 -1.16477e-05 -0.000355844 1.09043e-05 1 0.000358996 0.000355883 -0.000359004 1 0.00680685 -0.00933217 -0.00141528
FixedParameters: 0 0 0

#Transform 20
Transform: AffineTransform_float_3_3
Parameters: 1 -9.81926e-05 -0.000258695 9.83944e-05 1 0.000389974 0.000258618 -0.000390025 1 -0.00277754 -0.000268985 0.00228216
FixedParameters: 0 0 0

#Transform 21
Transform: AffineTransform_float_3_3
Parameters: 1 -0.000128972 -0.000167141 0.000129058 1 0.000255978 0.000167075 -0.000256022 1 0.00762944 0.000991711 -0.00813571
FixedParameters: 0 0 0

#Transform 22
Transform: AffineTransform_float_3_3
Parameters: 1 -0.000219914 -0.000227953 0.000220044 1 0.00028495 0.000227828 -0.00028505 1 0.0151786 -0.00827156 0.00532845
FixedParameters: 0 0 0

#Transform 23
Transform: AffineTransform_float_3_3
Parameters: 1 -0.000220017 -0.000101792 0.000220057 1 0.000198978 0.000101704 -0.000199022 1 0.0111925 0.00213202 0.00376351
FixedParameters: 0 0 0

#Transform 24
Transform: AffineTransform_float_3_3
Parameters: 1 -0.000246918 -0.000226653 0.000246981 1 0.000139942 0.000226584 -0.000139058 1 0.0113082 -0.0183418 0.0101431
FixedParameters: 0 0 0

#Transform 25
Transform: AffineTransform_float_3_3
Parameters: 1 -0.000215947 -0.000228113 0.00021602 1 0.000159951 0.000228044 -0.000160049 1 0.0272432 -0.0118299 0.0159395
FixedParameters: 0 0 0

#Transform 26
Transform: AffineTransform_float_3_3
Parameters: 1 -0.000336844 -0.000222387 0.000336855 1 2.49251e-05 0.000222371 -2.50749e-05 1 0.027912 0.0124099 0.0239355
FixedParameters: 0 0 0

#Transform 27
Transform: AffineTransform_float_3_3
Parameters: 1 -0.000332399 -0.000128542 0.000332444 1 0.000175957 0.000128425 -0.000176043 1 0.0266058 -0.0111648 0.0273919
FixedParameters: 0 0 0

#Transform 28
Transform: AffineTransform_float_3_3
Parameters: 1 -0.000313343 0.000276068 0.000313344 1 -1.9135e-06 -0.000276066 2.0865e-06 1 0.0211943 0.000237665 0.0597618
FixedParameters: 0 0 0

#Transform 29
Transform: AffineTransform_float_3_3
Parameters: 1 -0.000618326 -3.49874e-05 0.000618335 1 0.000122978 3.48353e-05 -0.000123022 1 0.0168129 -0.00342478 0.0252931
FixedParameters: 0 0 0

#Transform 30
Transform: AffineTransform_float_3_3
Parameters: 1 -0.0003498 -0.000158837 0.000349928 1 0.000403944 0.000158554 -0.000404055 1 0.0205623 -0.00718957 0.0168905
FixedParameters: 0 0 0

#Transform 31
Transform: AffineTransform_float_3_3
Parameters: 1 -0.0003498 -0.000158837 0.000349928 1 0.000403944 0.000158554 -0.000404055 1 0.0381408 0.0106596 0.0441683
FixedParameters: 0 0 0

#Transform 32
Transform: AffineTransform_float_3_3
Parameters: 1 -0.000263269 -0.000556311 0.000263718 1 0.000403853 0.000556098 -0.000404146 1 0.0465918 0.00515349 0.0246387
FixedParameters: 0 0 0

#Transform 33
Transform: AffineTransform_float_3_3
Parameters: 0.999999 -0.000131457 -0.000700683 0.000131838 0.999999 0.000984955 0.00070047 -0.000985045 1 0.0525756 -0.009672 -0.00696912
FixedParameters: 0 0 0

#Transform 34
Transform: AffineTransform_float_3_3
Parameters: 1 -6.99243e-05 -0.000580387 6.99074e-05 0.999999 0.000846007 0.000580316 -0.000845994 1 0.0526897 0.0182886 0.00835656
FixedParameters: 0 0 0

#Transform 35
Transform: AffineTransform_float_3_3
Parameters: 1 0.000110748 -0.000180335 -0.000111547 1 0.00068702 0.000179536 -0.00068698 0.999999 0.05207 -0.00360126 -0.0182544
FixedParameters: 0 0 0

#Transform 36
Transform: AffineTransform_float_3_3
Parameters: 1 8.58182e-05 -0.000371394 -8.53769e-05 1 0.000594031 0.000371495 -0.000593968 1 0.0541002 -0.0104326 -0.0154286
FixedParameters: 0 0 0

#Transform 37
Transform: AffineTransform_float_3_3
Parameters: 1 -0.000153975 -0.000168026 0.000154188 1 0.000632974 0.000167831 -0.000633026 1 0.0440114 -0.00517835 -0.0164946
FixedParameters: 0 0 0

#Transform 38
Transform: AffineTransform_float_3_3
Parameters: 1 -0.000130979 -0.000342306 0.000131599 0.999999 0.000835954 0.000343085 -0.000836044 0.999999 0.0592002 -0.0288157 -0.0414296
FixedParameters: 0 0 0

#Transform 39
Transform: AffineTransform_float_3_3
Parameters: 1 -5.42473e-05 -0.000503034 5.42625e-05 1 0.00100797 0.000502972 -0.00100803 1 0.0647162 -0.0440117 -0.058047
FixedParameters: 0 0 0

#Transform 40
Transform: AffineTransform_float_3_3
Parameters: 1 -0.00012572 -0.000573791 0.00012561 0.999999 0.000774927 0.000573643 -0.000775072 0.999999 0.0564648 -0.0227331 -0.0353283
FixedParameters: 0 0 0

#Transform 41
Transform: AffineTransform_float_3_3
Parameters: 1 0.000274331 -0.000495252 -0.000274597 0.999999 0.000740136 0.000495706 -0.000739864 0.999999 0.0719721 -0.0140884 -0.0269843
FixedParameters: 0 0 0

#Transform 42
Transform: AffineTransform_float_3_3
Parameters: 1 7.20856e-05 -0.000652006 -7.06379e-05 1 0.00111005 0.000652164 -0.00110995 0.999999 0.0556782 -0.0298716 -0.0375949
FixedParameters: 0 0 0

#Transform 43
Transform: AffineTransform_float_3_3
Parameters: 1 7.17019e-05 -0.000590955 -7.1774e-05 0.999999 0.000784042 0.000591115 -0.000783957 0.999999 0.0477019 -0.00239735 -0.0221189
FixedParameters: 0 0 0

#Transform 44
Transform: AffineTransform_float_3_3
Parameters: 0.999999 -2.01977e-05 -0.000716833 2.13819e-05 0.999999 0.000826032 0.000716799 -0.000825968 1 0.0467954 -0.0234285 -0.0294383
FixedParameters: 0 0 0

#Transform 45
Transform: AffineTransform_float_3_3
Parameters: 0.999999 -0.000185852 -0.000797298 0.000186659 1 0.00113285 0.000796923 -0.00113315 0.999999 0.0431763 -0.0217516 -0.0274771
FixedParameters: 0 0 0

#Transform 46
Transform: AffineTransform_float_3_3
Parameters: 0.999999 -0.000118136 -0.000717323 0.000119697 1 0.00108792 0.000717065 -0.00108809 0.999999 0.0544512 -0.0274219 -0.0371638
FixedParameters: 0 0 0

#Transform 47
Transform: AffineTransform_float_3_3
Parameters: 1 -0.00013955 -0.000616223 0.000139805 1 0.00101691 0.000615986 -0.00101709 1 0.0587574 -0.0492399 -0.0387121
FixedParameters: 0 0 0

#Transform 48
Transform: AffineTransform_float_3_3
Parameters: 1 -0.000177439 -0.000614492 0.000177831 1 0.00113189 0.000614137 -0.00113211 0.999999 0.0584684 -0.0282477 -0.0265976
FixedParameters: 0 0 0

#Transform 49
Transform: AffineTransform_float_3_3
Parameters: 1 -0.000124743 -0.00107044 0.000126369 0.999998 0.00169291 0.00107011 -0.00169309 0.999998 0.0491525 -0.0742128 -0.0899462
FixedParameters: 0 0 0

#Transform 50
Transform: AffineTransform_float_3_3
Parameters: 0.999999 0.000719295 -0.000601459 -0.000717581 0.999998 0.00146343 0.000602562 -0.00146257 0.999998 0.0994928 -0.189702 -0.218902
FixedParameters: 0 0 0

#Transform 51
Transform: AffineTransform_float_3_3
Parameters: 0.999999 0.000908679 -0.000425542 -0.000907178 0.999998 0.00187139 0.000426941 -0.00187061 0.999998 0.141137 -0.160499 -0.238232
FixedParameters: 0 0 0

#Transform 52
Transform: AffineTransform_float_3_3
Parameters: 0.999999 0.000822639 -0.000203422 -0.000821921 0.999998 0.00187117 0.0002055 -0.00187083 0.999998 0.166146 -0.124887 -0.239666
FixedParameters: 0 0 0

#Transform 53
Transform: AffineTransform_float_3_3
Parameters: 0.999999 0.000801397 -0.000386505 -0.000800906 0.999998 0.00204626 0.000387833 -0.00204574 0.999998 0.148237 -0.119748 -0.206681
FixedParameters: 0 0 0

#Transform 54
Transform: AffineTransform_float_3_3
Parameters: 1 0.000458054 -0.00018681 -0.000458268 0.999997 0.00209008 0.000188773 -0.00208991 0.999998 0.146434 -0.146632 -0.205922
FixedParameters: 0 0 0

#Transform 55
Transform: AffineTransform_float_3_3
Parameters: 1 0.000451973 -0.000186752 -0.000451365 0.999998 0.00162208 0.000188217 -0.00162191 0.999998 0.13227 -0.11716 -0.21133
FixedParameters: 0 0 0

#Transform 56
Transform: AffineTransform_float_3_3
Parameters: 1 0.000438078 -0.000185903 -0.000438289 0.999997 0.00210608 0.000187796 -0.00210592 0.999998 0.14396 -0.166943 -0.240278
FixedParameters: 0 0 0

#Transform 57
Transform: AffineTransform_float_3_3
Parameters: 0.999999 0.000765206 -0.000344906 -0.000763951 0.999998 0.00195227 0.000345894 -0.00195273 0.999998 0.188269 -0.148049 -0.262395
FixedParameters: 0 0 0

#Transform 58
Transform: AffineTransform_float_3_3
Parameters: 1 0.000340548 -0.000350696 -0.000340097 0.999998 0.00206312 0.000352147 -0.00206288 0.999998 0.185808 -0.116526 -0.253121
FixedParameters: 0 0 0

#Transform 59
Transform: AffineTransform_float_3_3
Parameters: 1 0.000348126 -0.000181935 -0.000347443 0.999998 0.00187106 0.000183236 -0.00187094 0.999998 0.183568 -0.12619 -0.280275
FixedParameters: 0 0 0

#Transform 60
Transform: AffineTransform_float_3_3
Parameters: 1 0.000451414 -0.000335568 -0.000449921 0.999998 0.00229215 0.000336635 -0.00229185 0.999998 0.188769 -0.134041 -0.282568
FixedParameters: 0 0 0

#Transform 61
Transform: AffineTransform_float_3_3
Parameters: 1 0.000418481 -0.000331221 -0.000417211 0.999998 0.00198514 0.000331881 -0.00198586 0.999998 0.187812 -0.109505 -0.292687
FixedParameters: 0 0 0

#Transform 62
Transform: AffineTransform_float_3_3
Parameters: 0.999999 0.00119844 -0.000479034 -0.001198 0.999998 0.00160153 0.00048092 -0.00160047 0.999998 0.251593 -0.182472 -0.304844
FixedParameters: 0 0 0

#Transform 63
Transform: AffineTransform_float_3_3
Parameters: 0.999999 0.0009908 1.67003e-05 -0.00099089 0.999998 0.00136998 -1.49843e-05 -0.00137002 0.999999 0.244203 -0.217186 -0.281113
FixedParameters: 0 0 0

#Transform 64
Transform: AffineTransform_float_3_3
Parameters: 1 0.00121524 -0.00010988 -0.00121506 0.999998 0.00122013 0.000110847 -0.00121987 0.999999 0.254742 -0.248409 -0.273239
FixedParameters: 0 0 0

#Transform 65
Transform: AffineTransform_float_3_3
Parameters: 1 0.000226798 0.000280105 -0.000227098 0.999998 0.00223494 -0.000280137 -0.00223507 0.999998 0.15352 -0.22667 -0.0153794
FixedParameters: 0 0 0

#Transform 66
Transform: AffineTransform_float_3_3
Parameters: 1 0.000205257 -0.000204183 -0.000204943 0.999995 0.00332604 0.000204595 -0.00332596 0.999995 0.189326 -0.274876 -0.131482
FixedParameters: 0 0 0

#Transform 67
Transform: AffineTransform_float_3_3
Parameters: 1 0.000235464 0.000468822 -0.00023619 0.999999 0.00184089 -0.000468001 -0.00184111 0.999998 0.20394 -0.181511 -0.416552
FixedParameters: 0 0 0

#Transform 68
Transform: AffineTransform_float_3_3
Parameters: 1 0.000631733 -0.000107935 -0.000631459 0.999998 0.00148407 0.00010881 -0.00148393 0.999999 0.200344 -0.230117 -0.278249
FixedParameters: 0 0 0

#Transform 69
Transform: AffineTransform_float_3_3
Parameters: 1 0.000679748 -0.000109724 -0.000679336 0.999997 0.00207307 0.000111543 -0.00207292 0.999998 0.201778 -0.215584 -0.175246
FixedParameters: 0 0 0

#Transform 70
Transform: AffineTransform_float_3_3
Parameters: 0.999999 0.000623694 -0.000334193 -0.000623104 0.999997 0.00244021 0.000336284 -0.00243979 0.999997 0.179527 -0.221 -0.186283
FixedParameters: 0 0 0

#Transform 71
Transform: AffineTransform_float_3_3
Parameters: 1 0.000660259 -0.000165658 -0.000660491 0.999997 0.00244011 0.000167929 -0.00243989 0.999997 0.175555 -0.183892 -0.187885
FixedParameters: 0 0 0

#Transform 72
Transform: AffineTransform_float_3_3
Parameters: 1 8.47371e-05 -7.7855e-06 -8.46967e-05 0.999997 0.002527 8.21366e-06 -0.002527 0.999997 0.132388 -0.21781 -0.165317
FixedParameters: 0 0 0

#Transform 73
Transform: AffineTransform_float_3_3
Parameters: 1 -6.40425e-05 0.000134013 6.44586e-05 0.999997 0.00217201 -0.000134339 -0.00217199 0.999997 0.104427 -0.203922 -0.178542
FixedParameters: 0 0 0

#Transform 74
Transform: AffineTransform_float_3_3
Parameters: 1 -0.000190222 0.000483151 0.000189649 0.999998 0.00162609 -0.000483816 -0.00162591 0.999998 0.0955849 -0.175352 -0.179843
FixedParameters: 0 0 0

#Transform 75
Transform: AffineTransform_float_3_3
Parameters: 1 -0.000381671 0.000522855 0.000380849 0.999999 0.0017392 -0.000524228 -0.0017388 0.999999 0.105501 -0.149143 -0.167701
FixedParameters: 0 0 0

#Transform 76
Transform: AffineTransform_float_3_3
Parameters: 1 -1.41335e-05 0.000381998 1.29012e-05 0.999995 0.00292 -0.000382124 -0.00291999 0.999995 0.100223 -0.113528 -0.181585
FixedParameters: 0 0 0

#Transform 77
Transform: AffineTransform_float_3_3
Parameters: 1 -0.000932882 0.000423431 0.000932206 0.999998 0.00208535 -0.000425369 -0.00208465 0.999997 0.0933289 -0.087076 -0.14256
FixedParameters: 0 0 0

#Transform 78
Transform: AffineTransform_float_3_3
Parameters: 1 -0.00114129 0.000394202 0.00114002 0.999998 0.0017244 -0.000396137 -0.00172359 0.999998 0.0690491 -0.0908273 -0.123988
FixedParameters: 0 0 0

#Transform 79
Transform: AffineTransform_float_3_3
Parameters: 1 -0.000668243 0.00084142 0.000666923 0.999999 0.00140556 -0.000842344 -0.00140444 0.999998 0.0763859 -0.0899164 -0.130362
FixedParameters: 0 0 0

#Transform 80
Transform: AffineTransform_float_3_3
Parameters: 0.999999 -0.00094002 0.000805021 0.000939163 0.999999 0.00118176 -0.00080629 -0.00118124 0.999999 0.0497986 -0.105656 -0.13212
FixedParameters: 0 0 0

#Transform 81
Transform: AffineTransform_float_3_3
Parameters: 0.999999 -0.000756431 0.000745662 0.000755921 0.999999 0.00101057 -0.000747237 -0.00101043 0.999999 0.0559773 -0.105383 -0.131805
FixedParameters: 0 0 0

#Transform 82
Transform: AffineTransform_float_3_3
Parameters: 1 -0.000772475 0.000745387 0.000771986 0.999999 0.00102958 -0.000746025 -0.00102942 0.999999 0.0492818 -0.120044 -0.131611
FixedParameters: 0 0 0

#Transform 83
Transform: AffineTransform_float_3_3
Parameters: 1 -0.000501378 0.000890135 0.000500876 0.999999 0.000870493 -0.000890055 -0.000869507 0.999999 0.0419943 -0.160432 -0.14217
FixedParameters: 0 0 0

#Transform 84
Transform: AffineTransform_float_3_3
Parameters: 0.999999 -0.000410798 0.000787958 0.000409853 0.999999 0.000599373 -0.00078845 -0.000599627 1 0.0399412 -0.134548 -0.120134
FixedParameters: 0 0 0

#Transform 85
Transform: AffineTransform_float_3_3
Parameters: 1 -0.000497166 0.000974213 0.000497126 0.999999 0.000533532 -0.00097479 -0.000532469 1 0.0494738 -0.140008 -0.113538
FixedParameters: 0 0 0

#Transform 86
Transform: AffineTransform_float_3_3
Parameters: 0.999999 -0.000517412 0.000539697 0.000516864 0.999999 0.000508279 -0.000540222 -0.00050772 0.999999 0.0509594 -0.165534 -0.102585
FixedParameters: 0 0 0

#Transform 87
Transform: AffineTransform_float_3_3
Parameters: 1 -0.00049679 0.000978306 0.000497127 1 0.000338536 -0.000978689 -0.000338465 1 0.0346928 -0.153138 -0.121806
FixedParameters: 0 0 0

#Transform 88
Transform: AffineTransform_float_3_3
Parameters: 0.999999 -0.000513455 0.000622681 0.000513002 1 0.000364319 -0.000623054 -0.00036368 0.999999 0.0393676 -0.133436 -0.115708
FixedParameters: 0 0 0

#Transform 89
Transform: AffineTransform_float_3_3
Parameters: 0.999999 -0.000616437 0.000607309 0.000615677 0.999999 0.000625374 -0.000608079 -0.000624625 0.999999 0.0334859 -0.164773 -0.119649
FixedParameters: 0 0 0

#Transform 90
Transform: AffineTransform_float_3_3
Parameters: 0.999999 -0.0005133 0.000629532 0.000513543 0.999999 0.000638323 -0.000629236 -0.000637677 0.999999 0.0392699 -0.140159 -0.13193
FixedParameters: 0 0 0

#Transform 91
Transform: AffineTransform_float_3_3
Parameters: 1 0.000441114 0.000294912 -0.000441615 1 0.000851823 -0.000294159 -0.000852177 0.999999 0.0391196 -0.237746 -0.150357
FixedParameters: 0 0 0

#Transform 92
Transform: AffineTransform_float_3_3
Parameters: 1 0.000316803 -0.00016648 -0.000316156 0.999998 0.00193705 0.000167706 -0.00193695 0.999998 0.0508608 -0.178264 -0.102382
FixedParameters: 0 0 0

#Transform 93
Transform: AffineTransform_float_3_3
Parameters: 1 -0.000218637 -0.000142288 0.000218262 0.999998 0.00202797 0.000142448 -0.00202803 0.999998 0.0674103 -0.178665 -0.071564
FixedParameters: 0 0 0

#Transform 94
Transform: AffineTransform_float_3_3
Parameters: 1 -0.000206585 -7.47492e-05 0.000206877 0.999998 0.00195998 7.39388e-05 -0.00196002 0.999998 0.0479843 -0.101381 -0.0550247
FixedParameters: 0 0 0

#Transform 95
Transform: AffineTransform_float_3_3
Parameters: 1 -0.000499348 0.000354171 0.000499321 0.999999 0.00144618 -0.000355662 -0.00144582 0.999999 0.0380246 -0.112315 -0.058121
FixedParameters: 0 0 0

#Transform 96
Transform: AffineTransform_float_3_3
Parameters: 1 -0.000987762 0.000376701 0.000986871 0.999998 0.00124237 -0.000378156 -0.00124262 0.999999 0.0417032 -0.0785762 -0.0354366
FixedParameters: 0 0 0

#Transform 97
Transform: AffineTransform_float_3_3
Parameters: 0.999999 -0.000669956 0.000362376 0.000669336 1 0.000853198 -0.000363519 -0.000853802 0.999999 0.0511808 -0.062516 -0.0103905
FixedParameters: 0 0 0

#Transform 98
Transform: AffineTransform_float_3_3
Parameters: 1 -0.00108838 8.09204e-05 0.00108846 1 -0.000513959 -7.98015e-05 0.00051404 1 0.0393271 -0.0442413 0.0289056
FixedParameters: 0 0 0

#Transform 99
Transform: AffineTransform_float_3_3
Parameters: 0.999998 -0.00163758 -5.92286e-05 0.0016366 0.999998 0.000185856 5.86667e-05 -0.000186143 1 0.0356311 -0.0148845 0.0234676
FixedParameters: 0 0 0

#Transform 100
Transform: AffineTransform_float_3_3
Parameters: 0.999999 -0.00137777 0.000143263 0.00137781 0.999999 -0.00014585 -0.00014286 0.00014615 1 0.0336698 -0.0135283 0.0297692
FixedParameters: 0 0 0

#Transform 101
Transform: AffineTransform_float_3_3
Parameters: 0.999999 -0.00147822 0.000327869 0.00147816 0.999999 8.64377e-05 -0.000328123 -8.55621e-05 1 0.0279617 -0.01917 0.0158961
FixedParameters: 0 0 0

#Transform 102
Transform: AffineTransform_float_3_3
Parameters: 0.999999 -0.00120525 0.000445584 0.00120543 0.999999 -0.000256508 -0.000445965 0.000256493 1 0.0341771 -0.00281414 0.0248618
FixedParameters: 0 0 0

#Transform 103
Transform: AffineTransform_float_3_3
Parameters: 0.999999 -0.00119978 0.0005587 0.00120025 0.999999 -0.000458377 -0.000558597 0.000459624 0.999999 0.0326916 -0.0197784 0.0267497
FixedParameters: 0 0 0

#Transform 104
Transform: AffineTransform_float_3_3
Parameters: 0.999999 -0.00167463 0.000535493 0.00167464 0.999998 -7.14808e-06 -0.000535468 7.85188e-06 1 0.0191513 -0.0329249 0.0213118
FixedParameters: 0 0 0

#Transform 105
Transform: AffineTransform_float_3_3
Parameters: 0.999999 -0.00174446 0.000430638 0.00174389 0.999999 -0.000558344 -0.00042964 0.000559656 1 -0.00210247 0.00229298 0.0456312
FixedParameters: 0 0 0

#Transform 106
Transform: AffineTransform_float_3_3
Parameters: 0.999999 -0.00174465 0.000429855 0.00174475 0.999999 -0.000109344 -0.000429471 0.000110655 1 0.0101669 -0.00178494 0.0415656
FixedParameters: 0 0 0

#Transform 107
Transform: AffineTransform_float_3_3
Parameters: 0.999999 -0.00174444 0.000430705 0.00174391 0.999999 -0.000596344 -0.000429574 0.000597656 0.999999 0.0163366 -0.0221032 0.0397196
FixedParameters: 0 0 0

#Transform 108
Transform: AffineTransform_float_3_3
Parameters: 0.999999 -0.00147569 0.00035346 0.00147638 0.999999 -0.00104152 -0.000351385 0.00104148 1 0.0388673 -0.0151632 0.0527456
FixedParameters: 0 0 0

#Transform 109
Transform: AffineTransform_float_3_3
Parameters: 0.999999 -0.00136054 0.000413509 0.00136162 0.999998 -0.00142149 -0.000411636 0.00142251 0.999999 0.0398114 -0.00983206 0.0537476
FixedParameters: 0 0 0

#Transform 110
Transform: AffineTransform_float_3_3
Parameters: 0.999999 -0.00174416 0.000431835 0.00174414 0.999997 -0.0012443 -0.000429443 0.0012457 0.999999 0.0203857 -0.0326252 0.0485224
FixedParameters: 0 0 0

#Transform 111
Transform: AffineTransform_float_3_3
Parameters: 0.999999 -0.00174413 0.000431973 0.00174417 0.999997 -0.00132329 -0.000429307 0.00132371 0.999999 0.0177842 -0.00775098 0.0691256
FixedParameters: 0 0 0

#Transform 112
Transform: AffineTransform_float_3_3
Parameters: 0.999997 -0.00211688 0.000449124 0.00211759 0.999998 -0.000892192 -0.00044734 0.000893808 0.999999 0.00896468 0.0104104 0.0383427
FixedParameters: 0 0 0

#Transform 113
Transform: AffineTransform_float_3_3
Parameters: 0.999997 -0.00240504 0.000411677 0.0024056 0.999997 -0.000795153 -0.000409845 0.000796846 0.999999 0.0231288 -0.00433111 0.0551813
FixedParameters: 0 0 0

#Transform 114
Transform: AffineTransform_float_3_3
Parameters: 0.999998 -0.00207631 8.50675e-05 0.00207639 0.999998 -0.00104192 -8.27381e-05 0.00104208 1 0.0374278 0.0446085 0.0696933
FixedParameters: 0 0 0

#Transform 115
Transform: AffineTransform_float_3_3
Parameters: 0.999997 -0.00219441 3.54721e-06 0.00219423 0.999996 -0.00144709 -1.19239e-06 0.00144691 0.999999 0.0166003 0.0379459 0.0894063
FixedParameters: 0 0 0

#Transform 116
Transform: AffineTransform_float_3_3
Parameters: 0.999997 -0.00212395 0.000298954 0.0021238 0.999997 -0.00167151 -0.000294803 0.00167149 0.999998 0.0143876 0.0572319 0.141237
FixedParameters: 0 0 0

#Transform 117
Transform: AffineTransform_float_3_3
Parameters: 0.999997 -0.00218594 0.000177263 0.00218641 0.999996 -0.00186771 -0.000173091 0.00186829 0.999998 0.033673 0.0817027 0.133437
FixedParameters: 0 0 0

#Transform 118
Transform: AffineTransform_float_3_3
Parameters: 0.999997 -0.00217665 -2.20735e-05 0.00217744 0.999997 -0.00157219 2.58744e-05 0.00157181 0.999999 0.028709 0.0609516 0.126238
FixedParameters: 0 0 0

#Transform 119
Transform: AffineTransform_float_3_3
Parameters: 0.999998 -0.00206079 -2.76233e-05 0.00206056 0.999996 -0.00161915 3.12991e-05 0.00161884 0.999998 0.0226234 0.077934 0.120774
FixedParameters: 0 0 0

#Transform 120
Transform: AffineTransform_float_3_3
Parameters: 0.999998 -0.0020608 -2.67536e-05 0.0020605 0.999996 -0.00204115 3.11697e-05 0.00204085 0.999998 0.0226153 0.0879784 0.132957
FixedParameters: 0 0 0

#Transform 121
Transform: AffineTransform_float_3_3
Parameters: 0.999996 -0.00257932 -0.00014816 0.00257956 0.999995 -0.00175253 0.000152157 0.00175147 0.999999 0.0201829 0.0715498 0.137424
FixedParameters: 0 0 0

#Transform 122
Transform: AffineTransform_float_3_3
Parameters: 0.999996 -0.00262013 1.69528e-06 0.00262083 0.999993 -0.00239514 4.81642e-06 0.00239485 0.999997 0.0278824 0.0943994 0.160272
FixedParameters: 0 0 0

#Transform 123
Transform: AffineTransform_float_3_3
Parameters: 0.999996 -0.00304759 2.44596e-05 0.00304828 0.999991 -0.00291318 -1.57363e-05 0.00291382 0.999995 0.0140328 0.0926238 0.174465
FixedParameters: 0 0 0

#Transform 124
Transform: AffineTransform_float_3_3
Parameters: 0.999994 -0.00353394 5.1514e-05 0.00353466 0.999987 -0.00367613 -3.85588e-05 0.00367688 0.999993 0.0258564 0.116214 0.197348
FixedParameters: 0 0 0

#Transform 125
Transform: AffineTransform_float_3_3
Parameters: 0.999995 -0.00320658 0.000326674 0.00320726 0.999988 -0.0034982 -0.000316172 0.0034998 0.999994 0.0350816 0.130284 0.175271
FixedParameters: 0 0 0

#Transform 126
Transform: AffineTransform_float_3_3
Parameters: 0.999993 -0.00371483 0.000137248 0.00371616 0.999986 -0.00379384 -0.000123086 0.00379415 0.999993 0.030692 0.12149 0.191157
FixedParameters: 0 0 0

#Transform 127
Transform: AffineTransform_float_3_3
Parameters: 0.999994 -0.00348153 0.000564319 0.00348376 0.999984 -0.00447534 -0.00054903 0.00447666 0.99999 0.0563205 0.152581 0.22053
FixedParameters: 0 0 0

#Transform 128
Transform: AffineTransform_float_3_3
Parameters: 0.999994 -0.00354522 0.000762855 0.00354859 0.999983 -0.00475065 -0.000745985 0.00475335 0.999988 0.0522797 0.156248 0.224175
FixedParameters: 0 0 0

#Transform 129
Transform: AffineTransform_float_3_3
Parameters: 0.999991 -0.00406589 0.000436396 0.00406789 0.999981 -0.00450163 -0.000417706 0.00450336 0.99999 0.069277 0.135893 0.229061
FixedParameters: 0 0 0

#Transform 130
Transform: AffineTransform_float_3_3
Parameters: 0.999993 -0.0036032 0.000804513 0.00360679 0.999982 -0.0046394 -0.000787895 0.00464159 0.999989 0.0747161 0.166897 0.240785
FixedParameters: 0 0 0

#Transform 131
Transform: AffineTransform_float_3_3
Parameters: 0.999991 -0.00401294 0.000724275 0.00401657 0.999982 -0.0045575 -0.000706557 0.00455951 0.99999 0.0787702 0.153484 0.224564
FixedParameters: 0 0 0

#Transform 132
Transform: AffineTransform_float_3_3
Parameters: 0.999992 -0.00402675 0.000458632 0.00402878 0.999983 -0.00431061 -0.000441834 0.00431239 0.99999 0.0981244 0.134928 0.233909
FixedParameters: 0 0 0

#Transform 133
Transform: AffineTransform_float_3_3
Parameters: 0.99999 -0.00450771 0.000411179 0.00450963 0.999978 -0.00494772 -0.00038848 0.00495029 0.999987 0.0771426 0.154651 0.264238
FixedParameters: 0 0 0

#Transform 134
Transform: AffineTransform_float_3_3
Parameters: 0.999991 -0.00386212 0.00176238 0.00387139 0.999979 -0.00519149 -0.00174181 0.0051985 0.999985 0.0666148 0.171 0.285664
FixedParameters: 0 0 0

#Transform 135
Transform: AffineTransform_float_3_3
Parameters: 0.999987 -0.00495769 0.00128061 0.00496394 0.999974 -0.00531127 -0.00125357 0.00531773 0.999985 0.0747467 0.189284 0.336397
FixedParameters: 0 0 0

#Transform 136
Transform: AffineTransform_float_3_3
Parameters: 0.999989 -0.00429353 0.00223841 0.0043063 0.999974 -0.00582979 -0.00221364 0.00584022 0.99998 0.111174 0.218586 0.344627
FixedParameters: 0 0 0

#Transform 137
Transform: AffineTransform_float_3_3
Parameters: 0.999985 -0.00504041 0.00189105 0.00505097 0.999972 -0.00555508 -0.00186249 0.00556393 0.999983 0.106529 0.192353 0.330336
FixedParameters: 0 0 0

#Transform 138
Transform: AffineTransform_float_3_3
Parameters: 0.999982 -0.00582724 0.001478 0.00583503 0.999968 -0.00557026 -0.00144462 0.00557873 0.999983 0.101519 0.174633 0.345013
FixedParameters: 0 0 0

#Transform 139
Transform: AffineTransform_float_3_3
Parameters: 0.999981 -0.00584363 0.00157131 0.00585301 0.999964 -0.00613065 -0.00153513 0.00614035 0.99998 0.0921229 0.199278 0.329959
FixedParameters: 0 0 0

#Transform 140
Transform: AffineTransform_float_3_3
Parameters: 0.999976 -0.00672463 0.00165053 0.00673476 0.999958 -0.00616105 -0.0016091 0.00617295 0.99998 0.0931403 0.151712 0.317243
FixedParameters: 0 0 0

#Transform 141
Transform: AffineTransform_float_3_3
Parameters: 0.999983 -0.00566705 0.00176442 0.00567795 0.999965 -0.00617182 -0.00172988 0.00618118 0.999979 0.110628 0.190173 0.33182
FixedParameters: 0 0 0

#Transform 142
Transform: AffineTransform_float_3_3
Parameters: 0.999983 -0.00548674 0.00196272 0.00549922 0.999963 -0.00646295 -0.00192711 0.00647304 0.999977 0.0987387 0.167399 0.337039
FixedParameters: 0 0 0

#Transform 143
Transform: AffineTransform_float_3_3
Parameters: 0.999982 -0.00580892 0.00163529 0.00581845 0.999968 -0.00557733 -0.00160302 0.00558668 0.999984 0.0787669 0.168841 0.294228
FixedParameters: 0 0 0

#Transform 144
Transform: AffineTransform_float_3_3
Parameters: 0.999981 -0.00580935 0.00178602 0.00581995 0.999965 -0.00600045 -0.00175071 0.00601154 0.99998 0.0764116 0.190063 0.319517
FixedParameters: 0 0 0

#Transform 145
Transform: AffineTransform_float_3_3
Parameters: 0.999973 -0.00705136 0.00170848 0.00706257 0.999953 -0.00664627 -0.00166111 0.00665873 0.999976 0.0419401 0.176241 0.33884
FixedParameters: 0 0 0

#Transform 146
Transform: AffineTransform_float_3_3
Parameters: 0.999972 -0.00695017 0.00276353 0.00697043 0.999946 -0.00762395 -0.00271031 0.00764305 0.999967 0.0082409 0.16579 0.400684
FixedParameters: 0 0 0

#Transform 147
Transform: AffineTransform_float_3_3
Parameters: 0.999972 -0.00667868 0.00339667 0.00671005 0.999936 -0.00908831 -0.00333549 0.00911168 0.999953 0.0151201 0.185118 0.384013
FixedParameters: 0 0 0

#Transform 148
Transform: AffineTransform_float_3_3
Parameters: 0.999971 -0.00690575 0.00325225 0.00693396 0.999939 -0.00853059 -0.00319383 0.00855341 0.999959 0.0106297 0.165122 0.455582
FixedParameters: 0 0 0

#Transform 149
Transform: AffineTransform_float_3_3
Parameters: 0.999968 -0.00706871 0.00356841 0.00709973 0.999937 -0.00874988 -0.00350687 0.00877513 0.999956 0.0288906 0.173467 0.411423
FixedParameters: 0 0 0

#Transform 150
Transform: AffineTransform_float_3_3
Parameters: 0.999972 -0.00685213 0.00305504 0.00687685 0.999944 -0.00797215 -0.0030004 0.00799283 0.999963 0.0307784 0.152234 0.409067
FixedParameters: 0 0 0

#Transform 151
Transform: AffineTransform_float_3_3
Parameters: 0.999971 -0.00710889 0.00298296 0.0071315 0.999944 -0.007818 -0.00292742 0.007839 0.999965 0.0189024 0.165248 0.468181
FixedParameters: 0 0 0

#Transform 152
Transform: AffineTransform_float_3_3
Parameters: 0.999965 -0.0073731 0.00394868 0.00740733 0.999935 -0.00870508 -0.00388427 0.00873392 0.999954 -0.00159515 0.180232 0.478199
FixedParameters: 0 0 0

#Transform 153
Transform: AffineTransform_float_3_3
Parameters: 0.999967 -0.00721337 0.00361188 0.00724539 0.999935 -0.0087931 -0.00354816 0.0088189 0.999955 0.0181531 0.161061 0.496091
FixedParameters: 0 0 0

#Transform 154
Transform: AffineTransform_float_3_3
Parameters: 0.999966 -0.00765058 0.0031146 0.00767483 0.999941 -0.00777759 -0.00305417 0.00780141 0.999965 0.00242333 0.18947 0.414227
FixedParameters: 0 0 0

#Transform 155
Transform: AffineTransform_float_3_3
Parameters: 0.999966 -0.00768478 0.00294717 0.00770518 0.999946 -0.00700475 -0.00289328 0.00702725 0.999971 -0.0212337 0.187366 0.430219
FixedParameters: 0 0 0

#Transform 156
Transform: AffineTransform_float_3_3
Parameters: 0.999961 -0.0081616 0.0031501 0.0081847 0.999937 -0.00770388 -0.00308784 0.00773014 0.999966 -0.0211556 0.199986 0.431478
FixedParameters: 0 0 0

#Transform 157
Transform: AffineTransform_float_3_3
Parameters: 0.999964 -0.00785177 0.00342066 0.00787948 0.999935 -0.00821861 -0.00335591 0.00824538 0.99996 0.000803748 0.172294 0.463561
FixedParameters: 0 0 0

#Transform 158
Transform: AffineTransform_float_3_3
Parameters: 0.999954 -0.00885684 0.0037395 0.00888685 0.99993 -0.00785576 -0.00366956 0.00788824 0.999962 -0.0403789 0.184422 0.459069
FixedParameters: 0 0 0

#Transform 159
Transform: AffineTransform_float_3_3
Parameters: 0.999957 -0.00841561 0.0037219 0.00844786 0.999927 -0.00863232 -0.00364966 0.00866368 0.999956 0.00419227 0.201976 0.469626
FixedParameters: 0 0 0

#Transform 160
Transform: AffineTransform_float_3_3
Parameters: 0.999957 -0.00835117 0.00407891 0.00838658 0.999927 -0.00875351 -0.00400552 0.00878749 0.999953 0.0261872 0.174455 0.462316
FixedParameters: 0 0 0

#Transform 161
Transform: AffineTransform_float_3_3
Parameters: 0.999961 -0.00811376 0.00328136 0.00813919 0.999936 -0.00790696 -0.00321648 0.00793305 0.999964 0.072007 0.185337 0.386141
FixedParameters: 0 0 0

#Transform 162
Transform: AffineTransform_float_3_3
Parameters: 0.999967 -0.00731887 0.00345825 0.00734744 0.999939 -0.00822189 -0.00339823 0.00824711 0.999961 0.0853888 0.189523 0.403071
FixedParameters: 0 0 0

#Transform 163
Transform: AffineTransform_float_3_3
Parameters: 0.999953 -0.00905128 0.0035171 0.00907886 0.999928 -0.00788317 -0.00344567 0.00791484 0.999963 0.0366248 0.14663 0.418757
FixedParameters: 0 0 0

#Transform 164
Transform: AffineTransform_float_3_3
Parameters: 0.999958 -0.00833587 0.00376858 0.00836802 0.999928 -0.00863822 -0.00369658 0.00866878 0.999956 0.0192531 0.190144 0.488604
FixedParameters: 0 0 0

#Transform 165
Transform: AffineTransform_float_3_3
Parameters: 0.999943 -0.00923143 0.00545816 0.009283 0.999913 -0.00936627 -0.00537101 0.00941672 0.999942 -0.0613959 0.187634 0.544107
FixedParameters: 0 0 0

#Transform 166
Transform: AffineTransform_float_3_3
Parameters: 0.999941 -0.00987522 0.0046447 0.00991859 0.999907 -0.00941543 -0.00455092 0.00946158 0.999945 -0.0305 0.192233 0.583012
FixedParameters: 0 0 0

#Transform 167
Transform: AffineTransform_float_3_3
Parameters: 0.999937 -0.00995724 0.00513411 0.0100067 0.999905 -0.0095101 -0.0050396 0.00956091 0.999941 -0.0211202 0.192727 0.560999
FixedParameters: 0 0 0

#Transform 168
Transform: AffineTransform_float_3_3
Parameters: 0.99994 -0.00973474 0.0050553 0.00978091 0.99991 -0.00920289 -0.00496514 0.00925112 0.999945 -0.0220372 0.194204 0.538971
FixedParameters: 0 0 0

#Transform 169
Transform: AffineTransform_float_3_3
Parameters: 0.999938 -0.00983344 0.00534676 0.0098853 0.999903 -0.00983754 -0.00524989 0.00988947 0.999937 -0.0221929 0.210531 0.553927
FixedParameters: 0 0 0

#Transform 170
Transform: AffineTransform_float_3_3
Parameters: 0.999921 -0.0105701 0.00670228 0.0106316 0.999901 -0.0092202 -0.00660423 0.0092908 0.999935 -0.0895443 0.225454 0.605583
FixedParameters: 0 0 0

#Transform 171
Transform: AffineTransform_float_3_3
Parameters: 0.99993 -0.0103678 0.00568138 0.0104216 0.9999 -0.00951936 -0.00558243 0.00957864 0.999939 -0.0476769 0.241442 0.595766
FixedParameters: 0 0 0

#Transform 172
Transform: AffineTransform_float_3_3
Parameters: 0.999913 -0.0109482 0.00733208 0.0110216 0.99989 -0.00996382 -0.00722199 0.0100442 0.999924 -0.124418 0.234806 0.611881
FixedParameters: 0 0 0

#Transform 173
Transform: AffineTransform_float_3_3
Parameters: 0.999925 -0.0105152 0.00616979 0.0105747 0.999897 -0.00972636 -0.00606726 0.00979063 0.999933 -0.0453794 0.230595 0.549807
FixedParameters: 0 0 0

#Transform 174
Transform: AffineTransform_float_3_3
Parameters: 0.999923 -0.0108087 0.00606888 0.0108676 0.999894 -0.00968686 -0.00596356 0.00975213 0.999934 -0.0390893 0.229883 0.553001
FixedParameters: 0 0 0

#Transform 175
Transform: AffineTransform_float_3_3
Parameters: 0.99992 -0.0109894 0.00628063 0.0110483 0.999895 -0.00943348 -0.00617632 0.00950152 0.999936 -0.0449837 0.19759 0.571313
FixedParameters: 0 0 0

#Transform 176
Transform: AffineTransform_float_3_3
Parameters: 0.999922 -0.0108128 0.00634848 0.0108752 0.999892 -0.00985671 -0.00624114 0.00992529 0.999932 -0.0407668 0.231541 0.568321
FixedParameters: 0 0 0

#Transform 177
Transform: AffineTransform_float_3_3
Parameters: 0.999916 -0.0109001 0.00699363 0.0109694 0.999891 -0.00986393 -0.00688498 0.00993907 0.999927 -0.0652414 0.224687 0.582907
FixedParameters: 0 0 0

#Transform 178
Transform: AffineTransform_float_3_3
Parameters: 0.999916 -0.0115035 0.00584538 0.0115574 0.99989 -0.00929571 -0.0057378 0.00936228 0.999939 -0.0358697 0.240392 0.557719
FixedParameters: 0 0 0

#Transform 179
Transform: AffineTransform_float_3_3
Parameters: 0.99992 -0.0111985 0.00599133 0.0112505 0.9999 -0.00859455 -0.00589435 0.00866144 0.999945 -0.0293906 0.266232 0.548624
FixedParameters: 0 0 0

#Transform 180
Transform: AffineTransform_float_3_3
Parameters: 0.999916 -0.0115203 0.0058365 0.0115691 0.999897 -0.00846568 -0.00573802 0.00853232 0.999947 -0.0247694 0.224641 0.545839
FixedParameters: 0 0 0

#Transform 181
Transform: AffineTransform_float_3_3
Parameters: 0.999935 -0.00962515 0.00609551 0.00967476 0.999919 -0.00826604 -0.0060161 0.00832397 0.999947 0.0051887 0.257727 0.550727
FixedParameters: 0 0 0

#Transform 182
Transform: AffineTransform_float_3_3
Parameters: 0.999924 -0.0102475 0.00677281 0.0103053 0.999912 -0.00842943 -0.00668529 0.00849855 0.999941 -0.0338446 0.274748 0.556127
FixedParameters: 0 0 0

#Transform 183
Transform: AffineTransform_float_3_3
Parameters: 0.99993 -0.0099991 0.00642121 0.01005 0.999918 -0.0080206 -0.00634041 0.00808441 0.999947 -0.00404918 0.213327 0.539133
FixedParameters: 0 0 0

#Transform 184
Transform: AffineTransform_float_3_3
Parameters: 0.999929 -0.00985267 0.0067292 0.00991565 0.999907 -0.00935135 -0.00663685 0.00941665 0.999933 -0.0189861 0.227565 0.545372
FixedParameters: 0 0 0

#Transform 185
Transform: AffineTransform_float_3_3
Parameters: 0.999927 -0.0099667 0.00672891 0.01003 0.999905 -0.0093766 -0.00663489 0.0094434 0.999934 -0.00760436 0.206045 0.556606
FixedParameters: 0 0 0

#Transform 186
Transform: AffineTransform_float_3_3
Parameters: 0.999923 -0.0107246 0.00627677 0.0107838 0.999897 -0.00953603 -0.00617323 0.00960297 0.999935 -0.00648952 0.239765 0.564135
FixedParameters: 0 0 0

#Transform 187
Transform: AffineTransform_float_3_3
Parameters: 0.999913 -0.0113003 0.00671041 0.0113496 0.999909 -0.00732862 -0.00662634 0.00740437 0.999951 -0.0643756 0.214661 0.499032
FixedParameters: 0 0 0

#Transform 188
Transform: AffineTransform_float_3_3
Parameters: 0.999907 -0.0120544 0.00629195 0.012103 0.999896 -0.00782024 -0.00619788 0.00789577 0.99995 -0.063153 0.251975 0.53953
FixedParameters: 0 0 0

#Transform 189
Transform: AffineTransform_float_3_3
Parameters: 0.999904 -0.0122279 0.00659565 0.0122838 0.999888 -0.0085095 -0.00649055 0.00858949 0.999942 -0.0622271 0.2476 0.564851
FixedParameters: 0 0 0

#Transform 190
Transform: AffineTransform_float_3_3
Parameters: 0.999912 -0.0115328 0.00665474 0.0115852 0.999902 -0.00781188 -0.00656394 0.00788811 0.999947 -0.0656442 0.272222 0.583999
FixedParameters: 0 0 0

