#Insight Transform File V1.0
#Transform 0
Transform: AffineTransform_float_3_3
Parameters: 1 -0.000222956 0.000584174 0.000223686 1 -0.000624869 -0.000583895 0.00062513 0.999999 0.0179352 0.00794712 -0.0422727
FixedParameters: 0 0 0

#Transform 1
Transform: AffineTransform_float_3_3
Parameters: 1 -0.000205198 0.000459259 0.000204483 1 -0.000302906 -0.000459021 0.000303094 1 0.00857152 -0.0180531 -0.0992984
FixedParameters: 0 0 0

#Transform 2
Transform: AffineTransform_float_3_3
Parameters: 0.999999 9.50454e-05 0.000828566 -9.47712e-05 0.999999 -0.000764966 -0.000828598 0.000765034 1 0.00682509 0.000543954 -0.0865328
FixedParameters: 0 0 0

#Transform 3
Transform: AffineTransform_float_3_3
Parameters: 1 0.000275997 0.000614828 -0.000275726 1 0.00058783 -0.000614617 -0.000588169 0.999999 0.0179372 -0.017008 -0.0664882
FixedParameters: 0 0 0

#Transform 4
Transform: AffineTransform_float_3_3
Parameters: 1 4.68517e-05 0.000415366 -4.77862e-05 1 0.00112498 -0.00041526 -0.00112502 1 0.0170288 -0.0132119 -0.0703664
FixedParameters: 0 0 0

#Transform 5
Transform: AffineTransform_float_3_3
Parameters: 1 4.73011e-05 0.000415315 -4.73368e-05 1 4.29803e-05 -0.000415311 -4.30196e-05 1 0.00147846 0.0295199 -0.0592988
FixedParameters: 0 0 0

#Transform 6
Transform: AffineTransform_float_3_3
Parameters: 1 4.78767e-05 0.000415249 -4.77549e-05 0.999999 -0.00134302 -0.000415264 0.00134298 0.999999 0.00878848 0.0479831 -0.0613519
FixedParameters: 0 0 0

#Transform 7
Transform: AffineTransform_float_3_3
Parameters: 1 0.00020652 0.000397081 -0.000206942 1 -0.000577082 -0.000396213 0.000576918 1 0.0183632 0.0274105 -0.00382164
FixedParameters: 0 0 0

#Transform 8
Transform: AffineTransform_float_3_3
Parameters: 1 7.90073e-05 0.000684455 -7.79802e-05 0.999999 -0.00147605 -0.000684573 0.00147595 0.999998 0.00980802 0.0591229 -0.000163449
FixedParameters: 0 0 0

#Transform 9
Transform: AffineTransform_float_3_3
Parameters: 1 4.73567e-05 0.000415309 -4.72811e-05 1 -9.10196e-05 -0.000415317 9.09803e-05 1 0.0209973 0.0136485 -0.00486504
FixedParameters: 0 0 0

#Transform 10
Transform: AffineTransform_float_3_3
Parameters: 1 7.44591e-05 0.000650754 -7.3837e-05 1 -0.000478048 -0.000650825 0.000477951 0.999999 0.0127251 0.0280808 -0.000861564
FixedParameters: 0 0 0

#Transform 11
Transform: AffineTransform_float_3_3
Parameters: 1 -2.36268e-05 0.000423328 2.29365e-05 0.999999 0.000950122 -0.000422379 -0.000949878 1 0.0188002 0.00526314 0.00948442
FixedParameters: 0 0 0

#Transform 12
Transform: AffineTransform_float_3_3
Parameters: 1 4.71765e-05 0.000415329 -4.74614e-05 1 0.00034298 -0.000415297 -0.00034302 1 0.0209826 0.0143428 -0.0403803
FixedParameters: 0 0 0

#Transform 13
Transform: AffineTransform_float_3_3
Parameters: 1 4.71989e-05 0.000415327 -4.7439e-05 1 0.00028898 -0.000415299 -0.00028902 1 0.0179038 0.0178426 -0.0210796
FixedParameters: 0 0 0

#Transform 14
Transform: AffineTransform_float_3_3
Parameters: 1 4.71989e-05 0.000415327 -4.7439e-05 1 0.00028898 -0.000415299 -0.00028902 1 0.0209939 0.006088 -0.012124
FixedParameters: 0 0 0

#Transform 15
Transform: AffineTransform_float_3_3
Parameters: 1 -0.000128935 1.67293e-05 0.000128941 1 -0.000199998 -1.66778e-05 0.000200002 1 0.018379 0.0205163 -0.0398117
FixedParameters: 0 0 0

#Transform 16
Transform: AffineTransform_float_3_3
Parameters: 1 1.80399e-05 0.00015898 -1.81852e-05 1 0.000456997 -0.000158963 -0.000457003 1 0.0271801 0.0514576 -0.0340374
FixedParameters: 0 0 0

#Transform 17
Transform: AffineTransform_float_3_3
Parameters: 1 2.25955e-07 1.9872e-06 -2.26858e-07 1 0.000227 -1.98709e-06 -0.000227 1 -0.0118546 0.0343702 -0.113245
FixedParameters: 0 0 0

#Transform 18
Transform: AffineTransform_float_3_3
Parameters: 1 2.25794e-07 1.98721e-06 -2.27018e-07 1 0.000308 -1.98707e-06 -0.000308 1 0.0179975 0.0024505 -0.0614627
FixedParameters: 0 0 0

#Transform 19
Transform: AffineTransform_float_3_3
Parameters: 1 2.27706e-07 1.98699e-06 -2.25107e-07 1 -0.000654 -1.98729e-06 0.000654 1 -0.0021266 0.0241215 -0.12507
FixedParameters: 0 0 0

#Transform 20
Transform: AffineTransform_float_3_3
Parameters: 1 6.79559e-06 5.96139e-05 -6.7888e-06 1 -5.70004e-05 -5.96147e-05 5.69996e-05 1 -0.00186587 -0.00506542 -0.00281954
FixedParameters: 0 0 0

#Transform 21
Transform: AffineTransform_float_3_3
Parameters: 1 3.6761e-05 0.000320901 -3.63682e-05 1 -0.000612011 -0.000320946 0.000611988 1 -0.00670449 0.052144 -0.00615815
FixedParameters: 0 0 0

#Transform 22
Transform: AffineTransform_float_3_3
Parameters: 1 -4.18988e-06 -3.6762e-05 4.18716e-06 1 -3.70002e-05 3.67623e-05 3.69998e-05 1 0.0042752 0.0282181 0.00698294
FixedParameters: 0 0 0

#Transform 23
Transform: AffineTransform_float_3_3
Parameters: 1 1.38198e-05 0.000121215 -1.38018e-05 1 -7.40017e-05 -0.000121217 7.39983e-05 1 0.0175855 0.0389075 0.00520302
FixedParameters: 0 0 0

#Transform 24
Transform: AffineTransform_float_3_3
Parameters: 1 1.3792e-05 0.000121218 -1.38296e-05 1 0.000154998 -0.000121214 -0.000155002 1 0.017586 0.0348197 0.00994052
FixedParameters: 0 0 0

#Transform 25
Transform: AffineTransform_float_3_3
Parameters: 1 1.38012e-05 0.000121217 -1.38204e-05 1 7.89983e-05 -0.000121215 -7.90017e-05 1 0.017587 0.0678603 0.0147286
FixedParameters: 0 0 0

#Transform 26
Transform: AffineTransform_float_3_3
Parameters: 1 -5.87603e-05 0.000129461 5.86795e-05 1 0.000312008 -0.000129498 -0.000311992 1 0.0152678 0.0222848 0.0249361
FixedParameters: 0 0 0

#Transform 27
Transform: AffineTransform_float_3_3
Parameters: 1 1.37937e-05 0.000121218 -1.38279e-05 1 0.000140998 -0.000121214 -0.000141002 1 0.0144499 0.0506584 -0.0258591
FixedParameters: 0 0 0

#Transform 28
Transform: AffineTransform_float_3_3
Parameters: 1 1.36434e-05 0.000121235 -1.39782e-05 0.999999 0.001381 -0.000121197 -0.001381 0.999999 0.0175929 -0.00608859 0.0139818
FixedParameters: 0 0 0

#Transform 29
Transform: AffineTransform_float_3_3
Parameters: 1 -2.93992e-05 -0.000260345 2.99193e-05 1 0.000998993 0.000260286 -0.000999009 1 0.0044472 0.0154265 -0.0425924
FixedParameters: 0 0 0

#Transform 30
Transform: AffineTransform_float_3_3
Parameters: 1 0.000177685 0.00010265 -0.000177815 1 0.000635981 -0.000102424 -0.000636018 1 0.00863998 0.0245387 -0.0414323
FixedParameters: 0 0 0

#Transform 31
Transform: AffineTransform_float_3_3
Parameters: 1 1.37051e-05 0.000121228 -1.39165e-05 0.999999 0.000871998 -0.000121204 -0.000872001 0.999999 -0.0101672 0.0197571 -0.0316022
FixedParameters: 0 0 0

#Transform 32
Transform: AffineTransform_float_3_3
Parameters: 1 4.60188e-05 -0.000322228 -4.66024e-05 1 0.000636015 0.000322401 -0.000635985 0.999999 -0.00242768 0.0263337 -0.0538802
FixedParameters: 0 0 0

#Transform 33
Transform: AffineTransform_float_3_3
Parameters: 1 -4.36256e-05 -0.000385539 4.422e-05 0.999999 0.000770982 0.000385472 -0.000771016 0.999999 0.0120364 0.035796 -0.00255507
FixedParameters: 0 0 0

#Transform 34
Transform: AffineTransform_float_3_3
Parameters: 1 -4.36776e-05 -0.000385534 4.4168e-05 1 0.000635983 0.000385478 -0.000636017 0.999999 0.0174192 0.0266799 0.0560772
FixedParameters: 0 0 0

#Transform 35
Transform: AffineTransform_float_3_3
Parameters: 1 -3.32545e-05 -0.00029312 3.35353e-05 1 0.00047899 0.000293088 -0.00047901 1 0.015205 0.0489744 -0.0281045
FixedParameters: 0 0 0

#Transform 36
Transform: AffineTransform_float_3_3
Parameters: 1 -4.3773e-06 -3.87536e-05 4.45255e-06 0.999999 0.000970999 3.8745e-05 -0.000970999 0.999999 0.00893554 0.018972 -0.0178018
FixedParameters: 0 0 0

#Transform 37
Transform: AffineTransform_float_3_3
Parameters: 1 -2.8234e-05 -0.000250413 2.88204e-05 1 0.00117099 0.000250347 -0.00117101 1 0.0141423 0.0547199 -0.00423199
FixedParameters: 0 0 0

#Transform 38
Transform: AffineTransform_float_3_3
Parameters: 1 -4.45698e-05 -0.000396503 4.47728e-05 0.999999 0.00150898 0.000396481 -0.00150902 0.999999 0.0176702 0.0392816 -0.00776731
FixedParameters: 0 0 0

#Transform 39
Transform: AffineTransform_float_3_3
Parameters: 1 -1.55799e-05 -0.000138124 1.58906e-05 1 0.001125 0.000138089 -0.001125 1 0.0151791 0.0677533 0.0259274
FixedParameters: 0 0 0

#Transform 40
Transform: AffineTransform_float_3_3
Parameters: 1 -2.17927e-05 -0.000192772 2.21301e-05 0.999999 0.000874995 0.000192734 -0.000875004 0.999999 0.0127059 0.0803716 -0.0114094
FixedParameters: 0 0 0

#Transform 41
Transform: AffineTransform_float_3_3
Parameters: 1 -4.01274e-05 -0.000358763 4.06118e-05 0.999998 0.00205998 0.00035871 -0.00206001 0.999998 0.0112051 0.0306337 -0.0171353
FixedParameters: 0 0 0

#Transform 42
Transform: AffineTransform_float_3_3
Parameters: 1 -2.96424e-05 -0.000264343 3.05817e-05 0.999999 0.00177699 0.000264236 -0.00177701 0.999999 0.00344711 0.00502115 -0.0642291
FixedParameters: 0 0 0

#Transform 43
Transform: AffineTransform_float_3_3
Parameters: 1 -7.17657e-05 -0.000639989 7.30464e-05 0.999998 0.00177707 0.000639845 -0.00177693 0.999998 0.00861221 0.0305107 -0.00462076
FixedParameters: 0 0 0

#Transform 44
Transform: AffineTransform_float_3_3
Parameters: 1 -6.62033e-05 -0.000588286 6.68357e-05 0.999999 0.00138196 0.000588216 -0.00138204 0.999999 0.0042917 0.0575096 -0.0447477
FixedParameters: 0 0 0

#Transform 45
Transform: AffineTransform_float_3_3
Parameters: 1 7.79847e-05 -0.00042245 -7.73551e-05 0.999999 0.000745032 0.000422566 -0.000744967 0.999999 0.00651991 0.026365 -0.0298216
FixedParameters: 0 0 0

#Transform 46
Transform: AffineTransform_float_3_3
Parameters: 1 -4.04316e-05 -0.000357722 4.10747e-05 0.999999 0.000898985 0.000357649 -0.000899014 0.999999 0.00468468 0.0269769 -0.0161655
FixedParameters: 0 0 0

#Transform 47
Transform: AffineTransform_float_3_3
Parameters: 1 -5.74305e-05 -0.000504743 5.75839e-05 1 0.000151971 0.000504726 -0.000152029 1 0.020278 0.0678738 0.0284625
FixedParameters: 0 0 0

#Transform 48
Transform: AffineTransform_float_3_3
Parameters: 1 -5.72836e-05 -0.00050476 5.77308e-05 1 0.000442971 0.000504709 -0.000443029 1 0.004186 0.0451671 -0.0540703
FixedParameters: 0 0 0

#Transform 49
Transform: AffineTransform_float_3_3
Parameters: 0.999999 -0.000106577 -0.000939977 0.00010661 1 0.000546013 0.000939974 -0.000545988 1 0.0080504 0.054534 -0.0649815
FixedParameters: 0 0 0

#Transform 50
Transform: AffineTransform_float_3_3
Parameters: 0.999999 -0.000831112 -0.000272719 0.000830537 0.999996 -0.00245323 0.000274695 0.00245277 0.999997 -0.0131431 -0.0492589 -0.183498
FixedParameters: 0 0 0

#Transform 51
Transform: AffineTransform_float_3_3
Parameters: 0.999999 -0.000803684 -3.77725e-05 0.000803314 0.999998 -0.00187703 3.88017e-05 0.00187697 0.999998 -0.0189917 -0.0291738 -0.139712
FixedParameters: 0 0 0

#Transform 52
Transform: AffineTransform_float_3_3
Parameters: 0.999999 -0.000812545 -0.000114261 0.000811887 0.999998 -0.00187709 0.000115323 0.00187691 0.999998 -0.0172364 0.0230886 -0.0452343
FixedParameters: 0 0 0

#Transform 53
Transform: AffineTransform_float_3_3
Parameters: 1 -0.000655641 2.3552e-05 0.00065561 0.999998 -0.00180399 -2.21801e-05 0.00180402 0.999999 -0.00731991 0.0628942 -0.0405723
FixedParameters: 0 0 0

#Transform 54
Transform: AffineTransform_float_3_3
Parameters: 1 -0.000637211 4.36598e-05 0.000637154 0.999998 -0.00195097 -4.31606e-05 0.00195103 0.999998 -0.0166525 0.0605549 -0.0662463
FixedParameters: 0 0 0

#Transform 55
Transform: AffineTransform_float_3_3
Parameters: 0.999999 -0.000800919 -1.41673e-05 0.000800759 0.999999 -0.00158312 1.57092e-05 0.00158288 0.999999 -0.0195847 0.0268182 -0.108498
FixedParameters: 0 0 0

#Transform 56
Transform: AffineTransform_float_3_3
Parameters: 1 -0.000642811 -0.000125585 0.00064299 0.999997 -0.00233008 0.00012648 0.00232992 0.999998 -0.0100031 0.0707285 -0.0860622
FixedParameters: 0 0 0

#Transform 57
Transform: AffineTransform_float_3_3
Parameters: 0.999999 -0.000740454 -0.000255116 0.000740099 0.999997 -0.00241019 0.000257577 0.00240981 0.999997 -0.01126 0.0533185 -0.0816598
FixedParameters: 0 0 0

#Transform 58
Transform: AffineTransform_float_3_3
Parameters: 0.999999 -0.000752486 0.000402702 0.00075322 0.999997 -0.0024317 -0.000400914 0.0024323 0.999997 -0.0155104 0.0516105 -0.0352766
FixedParameters: 0 0 0

#Transform 59
Transform: AffineTransform_float_3_3
Parameters: 0.999999 -0.000796782 2.17747e-05 0.000796744 0.999998 -0.00180898 -1.98856e-05 0.00180902 0.999999 -0.000558661 0.053735 -0.0282571
FixedParameters: 0 0 0

#Transform 60
Transform: AffineTransform_float_3_3
Parameters: 0.999999 -0.000809682 -8.92991e-05 0.000809201 0.999997 -0.00203507 9.16e-05 0.00203493 0.999998 -0.00526246 0.0593246 -0.0321738
FixedParameters: 0 0 0

#Transform 61
Transform: AffineTransform_float_3_3
Parameters: 1 -0.000492946 0.000246318 0.000493717 0.999999 -0.00179788 -0.000245537 0.00179812 0.999999 0.000517504 0.0577517 -0.0454524
FixedParameters: 0 0 0

#Transform 62
Transform: AffineTransform_float_3_3
Parameters: 0.999999 -0.000818979 -0.000168385 0.000818898 0.999996 -0.00250115 0.000170381 0.00250185 0.999997 0.00341754 0.0441783 -0.046004
FixedParameters: 0 0 0

#Transform 63
Transform: AffineTransform_float_3_3
Parameters: 0.999999 -0.000795507 3.29604e-05 0.000795418 0.999998 -0.00213409 -3.15525e-05 0.00213391 0.999997 0.00105001 0.0501563 -0.0274456
FixedParameters: 0 0 0

#Transform 64
Transform: AffineTransform_float_3_3
Parameters: 1 -0.00059812 8.55868e-05 0.000598379 0.999998 -0.00219806 -8.39504e-05 0.00219794 0.999997 0.00371181 0.109709 0.0191664
FixedParameters: 0 0 0

#Transform 65
Transform: AffineTransform_float_3_3
Parameters: 0.999999 -0.000777734 0.000185986 0.000778435 0.999998 -0.00220297 -0.000183552 0.00220303 0.999997 -0.0105697 0.0984462 -0.0462824
FixedParameters: 0 0 0

#Transform 66
Transform: AffineTransform_float_3_3
Parameters: 1 -0.00064212 0.000156776 0.000641886 0.999995 -0.0031689 -0.000154581 0.0031691 0.999995 -0.00553608 0.086592 0.0454855
FixedParameters: 0 0 0

#Transform 67
Transform: AffineTransform_float_3_3
Parameters: 0.999999 -0.000779912 0.00016673 0.000780673 0.999995 -0.00298498 -0.000164059 0.00298502 0.999995 -0.000977849 0.0542817 0.00947527
FixedParameters: 0 0 0

#Transform 68
Transform: AffineTransform_float_3_3
Parameters: 1 -0.000392373 0.00024489 0.000392428 0.999997 -0.0021489 -0.00024309 0.00214909 0.999997 0.00141663 0.0469506 -0.0600929
FixedParameters: 0 0 0

#Transform 69
Transform: AffineTransform_float_3_3
Parameters: 1 -0.000597436 -4.76496e-05 0.000597155 0.999999 -0.00174303 4.87382e-05 0.00174297 0.999999 -0.00593797 0.0376315 -0.0753017
FixedParameters: 0 0 0

#Transform 70
Transform: AffineTransform_float_3_3
Parameters: 0.999999 -0.000802068 -2.40467e-05 0.000801873 0.999999 -0.00165113 2.57012e-05 0.00165087 0.999998 -0.00872676 0.0357154 -0.0779961
FixedParameters: 0 0 0

#Transform 71
Transform: AffineTransform_float_3_3
Parameters: 0.999999 -0.000648882 -0.000310679 0.000648882 0.999999 -0.0014152 0.000311409 0.0014148 0.999999 -0.000741153 0.0359127 -0.114056
FixedParameters: 0 0 0

#Transform 72
Transform: AffineTransform_float_3_3
Parameters: 1 -0.000646578 -0.000130734 0.000646542 0.999995 -0.0030481 0.000132575 0.0030489 0.999996 -0.0104494 0.0581591 -0.096813
FixedParameters: 0 0 0

#Transform 73
Transform: AffineTransform_float_3_3
Parameters: 0.999999 -0.000654411 -0.000294323 0.000653755 0.999997 -0.00241319 0.000295379 0.00241281 0.999997 -0.013309 0.0458911 -0.0482117
FixedParameters: 0 0 0

#Transform 74
Transform: AffineTransform_float_3_3
Parameters: 1 -0.000402863 -0.00023382 0.000401285 0.999996 -0.00288709 0.000234154 0.0028869 0.999996 -0.00771264 0.0418651 -0.0602312
FixedParameters: 0 0 0

#Transform 75
Transform: AffineTransform_float_3_3
Parameters: 1 -0.000325764 -0.000196895 0.000325006 0.999998 -0.00163606 0.000196966 0.00163593 0.999998 -0.000549393 0.033858 -0.0776643
FixedParameters: 0 0 0

#Transform 76
Transform: AffineTransform_float_3_3
Parameters: 1 -0.000349691 -1.1668e-05 0.000350515 0.999997 -0.002372 1.22221e-05 0.002372 0.999997 -0.00422649 0.0376269 -0.0847566
FixedParameters: 0 0 0

#Transform 77
Transform: AffineTransform_float_3_3
Parameters: 1 -0.000556457 -0.000240396 0.000556275 0.999998 -0.00220214 0.000241739 0.00220187 0.999998 -0.0119908 0.0292534 -0.10055
FixedParameters: 0 0 0

#Transform 78
Transform: AffineTransform_float_3_3
Parameters: 1 -0.000476078 -0.000362403 0.00047522 0.999997 -0.00239417 0.000363574 0.00239383 0.999997 0.00296995 0.0135553 -0.0608343
FixedParameters: 0 0 0

#Transform 79
Transform: AffineTransform_float_3_3
Parameters: 1 -0.000346574 -0.000226353 0.000346217 0.999996 -0.00272808 0.000227136 0.00272792 0.999997 0.00442744 0.0282164 -0.0562716
FixedParameters: 0 0 0

#Transform 80
Transform: AffineTransform_float_3_3
Parameters: 1 -0.000337403 -0.000288077 0.000336184 0.999998 -0.0019191 0.000288376 0.0019189 0.999998 0.00847332 0.0306232 -0.0658846
FixedParameters: 0 0 0

#Transform 81
Transform: AffineTransform_float_3_3
Parameters: 0.999999 -0.000692399 -0.000337654 0.000691985 0.999998 -0.00174824 0.000337973 0.00174777 0.999999 0.0083926 -0.00229066 -0.0533583
FixedParameters: 0 0 0

#Transform 82
Transform: AffineTransform_float_3_3
Parameters: 1 -0.000243399 -0.000389604 0.000242909 0.999999 -0.0017601 0.000389353 0.00175991 0.999999 0.0205087 0.0258068 -0.063641
FixedParameters: 0 0 0

#Transform 83
Transform: AffineTransform_float_3_3
Parameters: 1 -0.000323633 -0.000392131 0.000322375 0.999996 -0.00272413 0.000392784 0.00272387 0.999996 0.0235841 0.0566466 -0.00707361
FixedParameters: 0 0 0

#Transform 84
Transform: AffineTransform_float_3_3
Parameters: 1 -0.000534102 -0.000340318 0.000532917 0.999996 -0.00286418 0.000341273 0.00286382 0.999996 0.00537287 0.00704238 -0.0790874
FixedParameters: 0 0 0

#Transform 85
Transform: AffineTransform_float_3_3
Parameters: 1 -0.000269263 -0.000210111 0.000267838 0.999995 -0.00311407 0.000210791 0.00311493 0.999995 0.00921304 0.0378057 -0.0744805
FixedParameters: 0 0 0

#Transform 86
Transform: AffineTransform_float_3_3
Parameters: 0.999999 -0.000612414 -0.000554769 0.000610295 0.999996 -0.00269834 0.000556961 0.00269766 0.999996 0.017879 -0.00422155 -0.100938
FixedParameters: 0 0 0

#Transform 87
Transform: AffineTransform_float_3_3
Parameters: 1 -0.000378748 -0.000235871 0.000378587 0.999998 -0.00220409 0.000236433 0.00220391 0.999998 0.0130359 0.0188576 -0.119711
FixedParameters: 0 0 0

#Transform 88
Transform: AffineTransform_float_3_3
Parameters: 1 -0.000464391 -0.00052985 0.000462663 0.999997 -0.00245826 0.000531023 0.00245874 0.999997 0.013076 0.0215339 -0.132505
FixedParameters: 0 0 0

#Transform 89
Transform: AffineTransform_float_3_3
Parameters: 1 -0.000459966 -0.00048993 0.00045803 0.999996 -0.00286922 0.000491457 0.00286877 0.999996 0.0166393 0.00587816 -0.100642
FixedParameters: 0 0 0

#Transform 90
Transform: AffineTransform_float_3_3
Parameters: 1 -0.000438717 -0.00030934 0.000438074 0.999997 -0.00245815 0.000310389 0.00245885 0.999997 0.00092627 0.0131225 -0.166983
FixedParameters: 0 0 0

#Transform 91
Transform: AffineTransform_float_3_3
Parameters: 0.999999 -0.000652211 -0.000385889 0.000650725 0.999995 -0.00291326 0.000387585 0.00291373 0.999995 -0.0104406 -0.00145534 -0.131984
FixedParameters: 0 0 0

#Transform 92
Transform: AffineTransform_float_3_3
Parameters: 1 -0.000439705 -0.0003172 0.000438898 0.999997 -0.00265414 0.000318425 0.00265386 0.999997 0.00316785 -0.0119628 -0.172731
FixedParameters: 0 0 0

#Transform 93
Transform: AffineTransform_float_3_3
Parameters: 1 -0.000336474 -0.00026192 0.000336305 0.999998 -0.00221309 0.000263296 0.00221291 0.999998 0.00725472 0.000711216 -0.148618
FixedParameters: 0 0 0

#Transform 94
Transform: AffineTransform_float_3_3
Parameters: 1 -0.000431843 -0.000250825 0.000430597 0.999998 -0.00225211 0.000251774 0.00225189 0.999998 -0.00776613 -0.0540163 -0.174261
FixedParameters: 0 0 0

#Transform 95
Transform: AffineTransform_float_3_3
Parameters: 1 -0.000442398 -0.000340007 0.000441301 0.999996 -0.00274015 0.000340328 0.00273985 0.999996 0.000697858 0.00649774 -0.161286
FixedParameters: 0 0 0

#Transform 96
Transform: AffineTransform_float_3_3
Parameters: 1 -0.000578291 -0.000405369 0.000577985 0.999999 -0.00146223 0.000405952 0.00146177 0.999999 -0.00777138 -0.0382392 -0.19674
FixedParameters: 0 0 0

#Transform 97
Transform: AffineTransform_float_3_3
Parameters: 1 -0.000421148 -0.000158336 0.000420236 0.999996 -0.00251507 0.000159458 0.00251493 0.999997 -0.0100689 -0.00127436 -0.0964977
FixedParameters: 0 0 0

#Transform 98
Transform: AffineTransform_float_3_3
Parameters: 1 -0.000421118 -0.000158417 0.000420267 0.999997 -0.00232207 0.000159377 0.00232193 0.999998 -0.00207632 -0.0274251 -0.13161
FixedParameters: 0 0 0

#Transform 99
Transform: AffineTransform_float_3_3
Parameters: 1 -0.000420893 -0.000159012 0.000420603 0.999999 -0.000909066 0.000159777 0.000908932 0.999999 -0.000987523 -0.0196584 -0.144571
FixedParameters: 0 0 0

#Transform 100
Transform: AffineTransform_float_3_3
Parameters: 1 -0.000426655 -0.000206111 0.000425597 0.999998 -0.00228709 0.000207066 0.00228691 0.999998 0.00347858 -0.000172143 -0.114992
FixedParameters: 0 0 0

#Transform 101
Transform: AffineTransform_float_3_3
Parameters: 1 -0.000422879 -0.000173247 0.000421901 0.999997 -0.00248709 0.000174355 0.00248791 0.999997 0.00648276 -0.039703 -0.104213
FixedParameters: 0 0 0

#Transform 102
Transform: AffineTransform_float_3_3
Parameters: 0.999999 -0.000843484 -0.000295043 0.000843357 0.999998 -0.00170136 0.000296805 0.00170064 0.999998 -0.00736235 -0.0243149 -0.124363
FixedParameters: 0 0 0

#Transform 103
Transform: AffineTransform_float_3_3
Parameters: 1 -0.000403213 -4.51269e-06 0.000403189 0.999997 -0.002178 6.26904e-06 0.002178 0.999997 -0.00423226 -0.0185707 -0.118755
FixedParameters: 0 0 0

#Transform 104
Transform: AffineTransform_float_3_3
Parameters: 1 -0.000409174 -5.64425e-05 0.000408891 0.999999 -0.00150102 5.66768e-05 0.00150098 0.999999 -0.00934371 -0.0312152 -0.116809
FixedParameters: 0 0 0

#Transform 105
Transform: AffineTransform_float_3_3
Parameters: 1 -0.000403094 -3.88256e-06 0.000403083 0.999999 -0.001277 4.91205e-06 0.001277 0.999999 -0.00191265 -0.0404353 -0.142168
FixedParameters: 0 0 0

#Transform 106
Transform: AffineTransform_float_3_3
Parameters: 1 -0.000450718 -0.000413789 0.000449846 0.999997 -0.00211619 0.000414588 0.00211581 0.999997 -0.00379564 -0.025628 -0.207312
FixedParameters: 0 0 0

#Transform 107
Transform: AffineTransform_float_3_3
Parameters: 1 -0.00031927 -2.75441e-05 0.000320064 0.999998 -0.00156201 2.7436e-05 0.00156199 0.999999 -0.0164925 -0.0479054 -0.192772
FixedParameters: 0 0 0

#Transform 108
Transform: AffineTransform_float_3_3
Parameters: 1 -0.000400224 2.11076e-05 0.00040018 0.999998 -0.00166299 -2.07701e-05 0.00166301 0.999998 -0.014338 -0.0488305 -0.221484
FixedParameters: 0 0 0

#Transform 109
Transform: AffineTransform_float_3_3
Parameters: 1 -0.000403096 -3.70031e-06 0.000402969 0.999999 -0.00172911 4.10043e-06 0.00172889 0.999998 -0.0137808 -0.0348277 -0.170655
FixedParameters: 0 0 0

#Transform 110
Transform: AffineTransform_float_3_3
Parameters: 1 -0.000328655 -0.000152276 0.000329045 0.999998 -0.00161105 0.000152229 0.00161095 0.999998 -0.00762576 -0.0306371 -0.130717
FixedParameters: 0 0 0

#Transform 111
Transform: AffineTransform_float_3_3
Parameters: 1 -0.000450227 -0.000414324 0.000449455 0.999999 -0.000931074 0.000415161 0.000930926 1 -0.00129076 -0.0461462 -0.131739
FixedParameters: 0 0 0

#Transform 112
Transform: AffineTransform_float_3_3
Parameters: 1 -0.000450179 -0.000414375 0.000449503 0.999999 -0.000815186 0.000415109 0.000814813 0.999999 -0.00381066 -0.0491019 -0.160117
FixedParameters: 0 0 0

#Transform 113
Transform: AffineTransform_float_3_3
Parameters: 1 -0.000433183 -0.000266361 0.000432766 0.999999 -0.000782115 0.000267039 0.000781884 0.999999 1.06321e-06 -0.0474862 -0.139266
FixedParameters: 0 0 0

#Transform 114
Transform: AffineTransform_float_3_3
Parameters: 1 -0.000408693 -5.26438e-05 0.000408467 1 -0.00107302 5.25271e-05 0.00107298 1 -0.0126226 -0.0419572 -0.152459
FixedParameters: 0 0 0

#Transform 115
Transform: AffineTransform_float_3_3
Parameters: 1 -0.00055853 -9.45741e-05 0.000559129 0.999998 -0.00148205 9.51237e-05 0.00148195 0.999999 -0.00929864 -0.0307004 -0.14077
FixedParameters: 0 0 0

#Transform 116
Transform: AffineTransform_float_3_3
Parameters: 1 -0.00040722 -3.9597e-05 0.000407108 0.999999 -0.00139702 4.07347e-05 0.00139698 0.999999 -0.0129018 -0.049109 -0.13341
FixedParameters: 0 0 0

#Transform 117
Transform: AffineTransform_float_3_3
Parameters: 1 -0.000393586 7.81909e-05 0.000393913 0.999996 -0.00283297 -7.69535e-05 0.00283303 0.999996 -0.0157382 -0.0277078 -0.0767555
FixedParameters: 0 0 0

#Transform 118
Transform: AffineTransform_float_3_3
Parameters: 1 -4.53676e-05 6.0587e-05 4.55115e-05 1 -0.001189 -6.0479e-05 0.001189 1 0.00597472 -0.0028624 0.0349217
FixedParameters: 0 0 0

#Transform 119
Transform: AffineTransform_float_3_3
Parameters: 1 -0.000405605 -2.58563e-05 0.000405553 1 -0.000985123 2.66553e-05 0.000984877 0.999999 0.017599 -0.0339876 0.0799105
FixedParameters: 0 0 0

#Transform 120
Transform: AffineTransform_float_3_3
Parameters: 1 -0.000568306 -4.06579e-05 0.000568267 0.999999 -0.000481023 4.12046e-05 0.000480976 1 0.0053048 -0.0227418 -0.00125035
FixedParameters: 0 0 0

#Transform 121
Transform: AffineTransform_float_3_3
Parameters: 0.999999 -0.0008448 5.8935e-05 0.000844814 0.999999 -0.00108995 -5.80869e-05 0.00109005 1 -0.0052369 -0.0552888 0.0188844
FixedParameters: 0 0 0

#Transform 122
Transform: AffineTransform_float_3_3
Parameters: 1 -0.000394751 6.85638e-05 0.000394787 1 -0.00108997 -6.86968e-05 0.00109003 1 -0.013801 -0.0609158 -0.0509365
FixedParameters: 0 0 0

#Transform 123
Transform: AffineTransform_float_3_3
Parameters: 1 -0.000520088 0.000290602 0.000520992 0.999998 -0.00156085 -0.000288977 0.00156115 0.999998 -0.0110239 -0.0588917 -0.00454954
FixedParameters: 0 0 0

#Transform 124
Transform: AffineTransform_float_3_3
Parameters: 0.999999 -0.000842092 -0.000305422 0.000841055 0.999996 -0.00276126 0.000306976 0.00276074 0.999996 -0.00387905 -0.00449779 -0.0189484
FixedParameters: 0 0 0

#Transform 125
Transform: AffineTransform_float_3_3
Parameters: 0.999999 -0.00085996 0.000128115 0.000860302 0.999997 -0.00223389 -0.000126259 0.00223411 0.999998 0.00253736 -0.0476837 -0.00351688
FixedParameters: 0 0 0

#Transform 126
Transform: AffineTransform_float_3_3
Parameters: 0.999999 -0.000988656 0.000146695 0.000989141 0.999995 -0.00283585 -0.000144067 0.00283614 0.999996 -0.0111152 -0.0478662 -0.0447292
FixedParameters: 0 0 0

#Transform 127
Transform: AffineTransform_float_3_3
Parameters: 0.999999 -0.000855274 0.000168198 0.00085593 0.999996 -0.00264386 -0.000165661 0.00264414 0.999997 -0.000324997 -0.0528738 0.0366524
FixedParameters: 0 0 0

#Transform 128
Transform: AffineTransform_float_3_3
Parameters: 1 -0.00118533 9.19605e-05 0.00118547 0.999995 -0.00268189 -8.85827e-05 0.00268211 0.999997 -0.00169548 -0.0364437 0.00724001
FixedParameters: 0 0 0

#Transform 129
Transform: AffineTransform_float_3_3
Parameters: 0.999999 -0.000816136 0.000505515 0.000817098 0.999998 -0.0021607 -0.00050386 0.0021613 0.999997 0.00271315 -0.0702855 0.0902736
FixedParameters: 0 0 0

#Transform 130
Transform: AffineTransform_float_3_3
Parameters: 0.999999 -0.000830544 0.000382862 0.000830651 0.999999 -0.00158978 -0.000381102 0.00158922 0.999998 0.0146975 -0.0477526 0.0858343
FixedParameters: 0 0 0

#Transform 131
Transform: AffineTransform_float_3_3
Parameters: 1 -0.000472477 -1.20679e-05 0.000472449 1 -0.00111901 1.31253e-05 0.00111899 1 0.0161368 -0.0311215 0.152659
FixedParameters: 0 0 0

#Transform 132
Transform: AffineTransform_float_3_3
Parameters: 0.999999 -0.000894528 -0.000170191 0.000893768 0.999998 -0.00188617 0.000172571 0.00188683 0.999998 0.023202 -0.00857366 0.0743327
FixedParameters: 0 0 0

#Transform 133
Transform: AffineTransform_float_3_3
Parameters: 1 -0.00117371 -0.000216294 0.00117363 0.999998 -0.00195237 0.000218776 0.00195163 0.999998 0.0179083 -0.0634888 0.13483
FixedParameters: 0 0 0

#Transform 134
Transform: AffineTransform_float_3_3
Parameters: 0.999999 -0.00123871 -3.80442e-05 0.00123817 0.999997 -0.00242616 4.10724e-05 0.00242584 0.999997 -0.00477498 -0.0285541 0.0422247
FixedParameters: 0 0 0

#Transform 135
Transform: AffineTransform_float_3_3
Parameters: 0.999999 -0.00131826 -8.04862e-05 0.00131832 0.999995 -0.00292222 8.41028e-05 0.00292178 0.999995 0.00916374 -0.0296395 0.0649264
FixedParameters: 0 0 0

#Transform 136
Transform: AffineTransform_float_3_3
Parameters: 0.999999 -0.0013027 5.26426e-05 0.00130354 0.999995 -0.00294904 -4.90442e-05 0.00294895 0.999995 0.00782375 -0.0331461 0.0867038
FixedParameters: 0 0 0

#Transform 137
Transform: AffineTransform_float_3_3
Parameters: 1 -0.00120357 -1.23474e-05 0.00120315 0.999995 -0.00291713 1.63871e-05 0.00291687 0.999996 0.0145527 -0.0352033 0.0641154
FixedParameters: 0 0 0

#Transform 138
Transform: AffineTransform_float_3_3
Parameters: 0.999999 -0.00124477 0.000551893 0.00124561 0.999998 -0.00187243 -0.000549102 0.00187357 0.999998 5.74686e-05 -0.0506942 0.0520142
FixedParameters: 0 0 0

#Transform 139
Transform: AffineTransform_float_3_3
Parameters: 0.999999 -0.00127822 0.000262955 0.00127892 0.999997 -0.00197378 -0.000260888 0.00197422 0.999998 0.00510945 -0.042926 0.027254
FixedParameters: 0 0 0

#Transform 140
Transform: AffineTransform_float_3_3
Parameters: 0.999998 -0.00172662 -0.000156941 0.0017256 0.999997 -0.00212651 0.000161301 0.00212649 0.999997 0.00217958 -0.0577673 0.072346
FixedParameters: 0 0 0

#Transform 141
Transform: AffineTransform_float_3_3
Parameters: 0.999999 -0.00141694 -0.000191162 0.00141617 0.999994 -0.00336739 0.000196613 0.00336661 0.999995 0.0119102 -0.0200331 0.0673905
FixedParameters: 0 0 0

#Transform 142
Transform: AffineTransform_float_3_3
Parameters: 0.999999 -0.00134519 -0.000307934 0.00134434 0.999993 -0.00366355 0.000312593 0.00366346 0.999993 0.017146 -0.00392703 0.071456
FixedParameters: 0 0 0

#Transform 143
Transform: AffineTransform_float_3_3
Parameters: 0.999998 -0.00158507 -1.9098e-05 0.00158523 0.999993 -0.00355526 2.42938e-05 0.00355474 0.999993 0.0127886 -0.0182137 0.124439
FixedParameters: 0 0 0

#Transform 144
Transform: AffineTransform_float_3_3
Parameters: 0.999999 -0.00151333 -4.24312e-05 0.00151342 0.999992 -0.00368919 4.85174e-05 0.00368981 0.999993 0.0213558 -0.0113653 0.0917087
FixedParameters: 0 0 0

#Transform 145
Transform: AffineTransform_float_3_3
Parameters: 0.999999 -0.0017865 -0.000146646 0.00178549 0.999991 -0.00401649 0.000153923 0.00401551 0.999992 0.000285365 0.00199786 0.0518941
FixedParameters: 0 0 0

#Transform 146
Transform: AffineTransform_float_3_3
Parameters: 0.999999 -0.00185995 -0.000138426 0.00185919 0.999991 -0.00377349 0.000146383 0.00377251 0.999993 0.0150477 -0.0149661 0.134546
FixedParameters: 0 0 0

#Transform 147
Transform: AffineTransform_float_3_3
Parameters: 0.999999 -0.00181691 0.000227103 0.00181793 0.999991 -0.00380282 -0.000219241 0.00380318 0.999993 0.0232031 0.00153622 0.0947041
FixedParameters: 0 0 0

#Transform 148
Transform: AffineTransform_float_3_3
Parameters: 0.999999 -0.00176713 0.000110909 0.00176819 0.999993 -0.00347904 -0.000104684 0.00347897 0.999994 0.0126436 -0.00742002 0.0853333
FixedParameters: 0 0 0

#Transform 149
Transform: AffineTransform_float_3_3
Parameters: 0.999999 -0.00180948 0.000289745 0.0018101 0.999988 -0.0043926 -0.000281679 0.0043934 0.999991 0.0215986 -0.0129666 0.0747152
FixedParameters: 0 0 0

#Transform 150
Transform: AffineTransform_float_3_3
Parameters: 0.999999 -0.00178071 0.000533538 0.00178229 0.99999 -0.00411117 -0.000525616 0.00411283 0.999992 0.00382446 -0.0188373 0.0809827
FixedParameters: 0 0 0

#Transform 151
Transform: AffineTransform_float_3_3
Parameters: 1 -0.00117095 2.76796e-05 0.00117151 0.999987 -0.00509909 -2.181e-05 0.00509892 0.999987 0.0349179 0.0293447 0.0573553
FixedParameters: 0 0 0

#Transform 152
Transform: AffineTransform_float_3_3
Parameters: 0.999999 -0.00133878 -0.000397635 0.00133636 0.999982 -0.00573955 0.000405695 0.00573945 0.999984 0.0418173 0.0392798 0.116108
FixedParameters: 0 0 0

#Transform 153
Transform: AffineTransform_float_3_3
Parameters: 0.999999 -0.00163355 0.0005968 0.00163746 0.999981 -0.00593413 -0.000587097 0.00593487 0.999983 0.0176536 0.0568195 0.0909648
FixedParameters: 0 0 0

#Transform 154
Transform: AffineTransform_float_3_3
Parameters: 0.999997 -0.00229996 0.000751691 0.00230399 0.999981 -0.00568961 -0.000738068 0.00569139 0.999983 0.0118575 0.0144463 0.116803
FixedParameters: 0 0 0

#Transform 155
Transform: AffineTransform_float_3_3
Parameters: 0.999997 -0.00212932 0.000639208 0.00213425 0.999968 -0.00778798 -0.000622552 0.00778902 0.999969 0.0197134 0.0637416 0.0935098
FixedParameters: 0 0 0

#Transform 156
Transform: AffineTransform_float_3_3
Parameters: 0.999998 -0.00190562 0.000317386 0.00190863 0.99997 -0.00757763 -0.000303386 0.00757739 0.999972 0.0260256 0.0497043 0.0940726
FixedParameters: 0 0 0

#Transform 157
Transform: AffineTransform_float_3_3
Parameters: 0.999997 -0.00227699 0.000934963 0.00228343 0.999971 -0.0072501 -0.000919211 0.00725291 0.999974 0.00747439 0.0389401 -0.0163265
FixedParameters: 0 0 0

#Transform 158
Transform: AffineTransform_float_3_3
Parameters: 0.999997 -0.00241193 -0.00017311 0.00240956 0.999962 -0.00840679 0.000193431 0.0084062 0.999964 0.0238527 0.00514423 -0.0508969
FixedParameters: 0 0 0

#Transform 159
Transform: AffineTransform_float_3_3
Parameters: 0.999996 -0.00277117 0.000110942 0.00277218 0.999957 -0.00886918 -8.58464e-05 0.0088698 0.99996 0.0164757 -0.023531 0.000158865
FixedParameters: 0 0 0

#Transform 160
Transform: AffineTransform_float_3_3
Parameters: 0.999993 -0.00356699 0.000325908 0.00357005 0.999946 -0.00977957 -0.000290994 0.00978043 0.999952 0.0201081 -0.0206322 -0.0632205
FixedParameters: 0 0 0

#Transform 161
Transform: AffineTransform_float_3_3
Parameters: 0.999993 -0.00342924 0.00101512 0.00343891 0.999947 -0.00975522 -0.000981209 0.00975878 0.999952 -0.00153125 -0.050399 0.0738999
FixedParameters: 0 0 0

#Transform 162
Transform: AffineTransform_float_3_3
Parameters: 0.999998 -0.00202047 5.20635e-05 0.00202043 0.99997 -0.00745515 -3.69529e-05 0.00745585 0.999972 0.0249475 0.0441813 -0.0445041
FixedParameters: 0 0 0

#Transform 163
Transform: AffineTransform_float_3_3
Parameters: 0.999997 -0.00271092 0.000208435 0.00271274 0.99995 -0.00964791 -0.000182052 0.00964807 0.999953 0.0133503 0.0927522 0.0219547
FixedParameters: 0 0 0

#Transform 164
Transform: AffineTransform_float_3_3
Parameters: 0.999996 -0.00259425 0.000201308 0.00259722 0.99992 -0.012438 -0.000168755 0.012438 0.999922 0.00622123 0.0867936 0.00731291
FixedParameters: 0 0 0

#Transform 165
Transform: AffineTransform_float_3_3
Parameters: 0.999996 -0.00260722 -0.000205437 0.00260387 0.999899 -0.0139399 0.000241522 0.01394 0.999902 0.0280237 0.096364 0.139981
FixedParameters: 0 0 0

#Transform 166
Transform: AffineTransform_float_3_3
Parameters: 0.999999 -0.00171489 -0.000339188 0.00171068 0.999904 -0.0137577 0.000363553 0.0137573 0.999905 0.0334722 0.162847 -0.0386283
FixedParameters: 0 0 0

#Transform 167
Transform: AffineTransform_float_3_3
Parameters: 0.999998 -0.00178556 -0.000779276 0.00176325 0.99961 -0.0278686 0.000828326 0.0278674 0.999611 0.0613735 0.220945 -0.713034
FixedParameters: 0 0 0

#Transform 168
Transform: AffineTransform_float_3_3
Parameters: 0.999996 -0.00165488 -0.00195667 0.00159636 0.999574 -0.0291521 0.00200371 0.0291488 0.999573 0.07154 0.301107 -0.464513
FixedParameters: 0 0 0

#Transform 169
Transform: AffineTransform_float_3_3
Parameters: 0.999997 -0.00174001 -0.00168086 0.00168849 0.999536 -0.030442 0.00173298 0.030439 0.999535 0.0540048 0.380789 -0.359345
FixedParameters: 0 0 0

#Transform 170
Transform: AffineTransform_float_3_3
Parameters: 0.999998 -0.00161882 -0.00165433 0.00156679 0.999521 -0.0309067 0.00170363 0.0309033 0.999521 0.0850202 0.473213 -0.041987
FixedParameters: 0 0 0

#Transform 171
Transform: AffineTransform_float_3_3
Parameters: 0.999998 -0.00159603 -0.00157657 0.00154476 0.999492 -0.0318164 0.00162646 0.0318136 0.999493 0.0840342 0.510521 -0.0813895
FixedParameters: 0 0 0

#Transform 172
Transform: AffineTransform_float_3_3
Parameters: 0.999998 -0.00139414 -0.00154118 0.00134435 0.999486 -0.032025 0.00158492 0.0320229 0.999486 0.0818419 0.556349 0.128412
FixedParameters: 0 0 0

#Transform 173
Transform: AffineTransform_float_3_3
Parameters: 0.999998 -0.00118962 -0.00167135 0.00113678 0.999525 -0.0308039 0.00170699 0.0308021 0.999524 0.104395 0.590505 0.221447
FixedParameters: 0 0 0

#Transform 174
Transform: AffineTransform_float_3_3
Parameters: 0.999997 -0.00156998 -0.00183867 0.00150887 0.999456 -0.0329318 0.00188977 0.0329292 0.999455 0.115031 0.633147 0.265763
FixedParameters: 0 0 0

#Transform 175
Transform: AffineTransform_float_3_3
Parameters: 0.999998 -0.00117668 -0.00156143 0.00112491 0.999469 -0.0325477 0.00159933 0.0325453 0.999469 0.0831243 0.594983 0.136862
FixedParameters: 0 0 0

#Transform 176
Transform: AffineTransform_float_3_3
Parameters: 0.999998 -0.00136128 -0.00139322 0.00132711 0.999703 -0.0243488 0.00142557 0.0243472 0.999703 0.0802353 0.41546 0.102437
FixedParameters: 0 0 0

#Transform 177
Transform: AffineTransform_float_3_3
Parameters: 0.999996 -0.00133299 -0.00242488 0.00126861 0.999651 -0.026388 0.00245901 0.026385 0.999648 0.141137 0.315895 0.0391241
FixedParameters: 0 0 0

#Transform 178
Transform: AffineTransform_float_3_3
Parameters: 0.999998 -0.000947494 -0.0018052 0.000894167 0.999555 -0.0298396 0.00183273 0.0298384 0.999553 0.123094 0.529561 0.134547
FixedParameters: 0 0 0

#Transform 179
Transform: AffineTransform_float_3_3
Parameters: 0.999998 -0.00128129 -0.00193122 0.00121949 0.999504 -0.0314542 0.00197075 0.0314518 0.999503 0.094715 0.506173 0.176868
FixedParameters: 0 0 0

#Transform 180
Transform: AffineTransform_float_3_3
Parameters: 0.999997 -0.000886674 -0.00221975 0.000818812 0.999533 -0.0305306 0.0022459 0.0305294 0.999531 0.0910741 0.54717 0.244447
FixedParameters: 0 0 0

#Transform 181
Transform: AffineTransform_float_3_3
Parameters: 0.999998 -0.000864593 -0.00204633 0.000799405 0.999489 -0.0319395 0.0020728 0.0319385 0.999487 0.0940615 0.579267 0.251267
FixedParameters: 0 0 0

#Transform 182
Transform: AffineTransform_float_3_3
Parameters: 0.999998 -0.000845969 -0.00192708 0.00078576 0.999507 -0.0313724 0.00195316 0.0313716 0.999506 0.092228 0.528241 0.134287
FixedParameters: 0 0 0

#Transform 183
Transform: AffineTransform_float_3_3
Parameters: 0.999998 -0.000815873 -0.00171813 0.000761125 0.999501 -0.0315793 0.0017436 0.0315777 0.999499 0.0935118 0.586105 0.269352
FixedParameters: 0 0 0

#Transform 184
Transform: AffineTransform_float_3_3
Parameters: 0.999999 -0.000760275 -0.00134036 0.000718326 0.99951 -0.0312879 0.00136365 0.0312871 0.99951 0.063985 0.544813 0.0651434
FixedParameters: 0 0 0

#Transform 185
Transform: AffineTransform_float_3_3
Parameters: 0.999999 -0.000809152 -0.00166947 0.000755674 0.999494 -0.0317952 0.00169401 0.0317938 0.999493 0.068489 0.556817 0.090266
FixedParameters: 0 0 0

#Transform 186
Transform: AffineTransform_float_3_3
Parameters: 0.999999 -0.000358952 -0.00142106 0.000314346 0.999506 -0.0314474 0.00143207 0.0314467 0.999505 0.0773971 0.545604 0.178937
FixedParameters: 0 0 0

#Transform 187
Transform: AffineTransform_float_3_3
Parameters: 0.999998 -0.000121101 -0.00195089 6.10735e-05 0.999519 -0.031005 0.00195361 0.0310051 0.999518 0.0695249 0.549768 0.187101
FixedParameters: 0 0 0

#Transform 188
Transform: AffineTransform_float_3_3
Parameters: 0.999999 -0.000313799 -0.00149029 0.000266362 0.999498 -0.0316612 0.00149925 0.0316608 0.999498 0.0631243 0.598908 0.22186
FixedParameters: 0 0 0

#Transform 189
Transform: AffineTransform_float_3_3
Parameters: 1 -0.000407567 -0.00109226 0.000371154 0.99946 -0.0328353 0.0011047 0.0328347 0.99946 0.0391667 0.562739 -0.056829
