#Insight Transform File V1.0
#Transform 0
Transform: AffineTransform_float_3_3
Parameters: 1 3.1086e-05 0.000405811 -2.72711e-05 0.999965 -0.00838501 -0.000406096 0.00838498 0.999965 0.0271395 -0.106356 -0.185827
FixedParameters: 0 0 0

#Transform 1
Transform: AffineTransform_float_3_3
Parameters: 1 0.00115159 0.000165317 -0.00115074 0.999976 -0.00680827 -0.000172875 0.00680873 0.999977 -0.087809 -0.0777739 -0.139928
FixedParameters: 0 0 0

#Transform 2
Transform: AffineTransform_float_3_3
Parameters: 0.999999 0.000700525 0.000728588 -0.00069611 0.999976 -0.00688452 -0.000732807 0.00688449 0.999976 0.013057 -0.133332 -0.167523
FixedParameters: 0 0 0

#Transform 3
Transform: AffineTransform_float_3_3
Parameters: 1 0.000415557 0.000259688 -0.000413856 0.999977 -0.00669111 -0.000262109 0.00669188 0.999977 0.0104017 -0.0651975 -0.105881
FixedParameters: 0 0 0

#Transform 4
Transform: AffineTransform_float_3_3
Parameters: 0.999999 0.000588564 0.000489034 -0.000585905 0.999985 -0.00555129 -0.000492357 0.00555072 0.999985 -0.0116679 -0.0911755 -0.0904586
FixedParameters: 0 0 0

#Transform 5
Transform: AffineTransform_float_3_3
Parameters: 1 0.00040982 0.000186356 -0.000408531 0.999985 -0.00556414 -0.000187849 0.00556386 0.999984 0.0104547 -0.0923707 -0.11846
FixedParameters: 0 0 0

#Transform 6
Transform: AffineTransform_float_3_3
Parameters: 1 0.00043017 0.000465827 -0.000427331 0.999988 -0.0050312 -0.00046801 0.0050308 0.999987 -0.00067696 -0.0794472 -0.117082
FixedParameters: 0 0 0

#Transform 7
Transform: AffineTransform_float_3_3
Parameters: 1 0.000409745 0.000186521 -0.000408669 0.999986 -0.00516207 -0.000188682 0.00516192 0.999986 0.01914 -0.0941672 -0.144465
FixedParameters: 0 0 0

#Transform 8
Transform: AffineTransform_float_3_3
Parameters: 1 0.000419616 0.000325535 -0.000417709 0.999991 -0.00424214 -0.000327024 0.00424286 0.999991 0.00811813 -0.0592737 -0.0590636
FixedParameters: 0 0 0

#Transform 9
Transform: AffineTransform_float_3_3
Parameters: 1 0.000409535 0.000186981 -0.000408881 0.999992 -0.00403908 -0.000188223 0.00403892 0.999992 0.0104614 -0.101397 -0.127035
FixedParameters: 0 0 0

#Transform 10
Transform: AffineTransform_float_3_3
Parameters: 1 -7.80882e-07 3.06435e-06 8.06381e-07 0.999992 -0.004165 -3.05774e-06 0.004165 0.999992 0.0443903 -0.0687767 -0.12549
FixedParameters: 0 0 0

#Transform 11
Transform: AffineTransform_float_3_3
Parameters: 1 0.000144921 0.000218227 -0.000143495 0.999994 -0.00326003 -0.000219167 0.00325997 0.999994 0.0196764 -0.0483371 -0.0670369
FixedParameters: 0 0 0

#Transform 12
Transform: AffineTransform_float_3_3
Parameters: 1 -1.56958e-05 -9.31163e-05 1.50492e-05 0.999994 -0.00347 9.3223e-05 0.00347 0.999994 0.0434939 -0.0766513 -0.124319
FixedParameters: 0 0 0

#Transform 13
Transform: AffineTransform_float_3_3
Parameters: 1 7.10399e-06 0.000228067 -6.95047e-06 0.999997 -0.002524 -0.000228034 0.002524 0.999997 0.0118474 -0.0441331 -0.0552192
FixedParameters: 0 0 0

#Transform 14
Transform: AffineTransform_float_3_3
Parameters: 1 -0.000211719 0.000154208 0.000212344 0.999998 -0.00203097 -0.000153347 0.00203103 0.999998 0.044057 -0.0667075 -0.122275
FixedParameters: 0 0 0

#Transform 15
Transform: AffineTransform_float_3_3
Parameters: 1 -0.000234051 -7.77183e-05 0.000234676 0.999997 -0.00237902 7.87653e-05 0.00237898 0.999997 0.0223777 -0.0376249 -0.031864
FixedParameters: 0 0 0

#Transform 16
Transform: AffineTransform_float_3_3
Parameters: 1 -4.43653e-06 6.547e-05 3.68198e-06 0.999999 -0.001858 -6.53869e-05 0.001858 0.999999 0.0440536 -0.0639426 -0.0664504
FixedParameters: 0 0 0

#Transform 17
Transform: AffineTransform_float_3_3
Parameters: 1 -0.000147212 -8.39386e-05 0.000146922 0.999998 -0.00172301 8.44454e-05 0.00172299 0.999998 0.0245437 -0.0367788 -0.0454238
FixedParameters: 0 0 0

#Transform 18
Transform: AffineTransform_float_3_3
Parameters: 1 -1.54781e-05 -9.31528e-05 1.52671e-05 1 -0.001132 9.31876e-05 0.001132 1 0.0278681 -0.0669421 -0.106044
FixedParameters: 0 0 0

#Transform 19
Transform: AffineTransform_float_3_3
Parameters: 1 -0.000271879 -7.53236e-05 0.000271675 0.999999 -0.00134902 7.60568e-05 0.00134898 0.999999 0.0403196 -0.0220631 -0.0615424
FixedParameters: 0 0 0

#Transform 20
Transform: AffineTransform_float_3_3
Parameters: 1 6.59659e-05 0.000275134 -6.57689e-05 1 -0.000358018 -0.000275181 0.000357982 1 -0.000237733 -0.0041709 -0.00555431
FixedParameters: 0 0 0

#Transform 21
Transform: AffineTransform_float_3_3
Parameters: 1 -0.000589337 0.000108383 0.00058945 0.999987 0.00496006 -0.000111305 -0.00495993 0.999987 0.0304766 -0.0996257 0.165231
FixedParameters: 0 0 0

#Transform 22
Transform: AffineTransform_float_3_3
Parameters: 0.999999 -0.000626176 0.000563986 0.00062375 0.999983 0.00591036 -0.000567655 -0.00591065 0.999983 -0.0218062 -0.0284591 0.169251
FixedParameters: 0 0 0

#Transform 23
Transform: AffineTransform_float_3_3
Parameters: 0.999999 -0.000719078 0.000261417 0.000717409 0.999984 0.00557719 -0.000265505 -0.00557681 0.999985 0.0066707 -0.055221 0.0583399
FixedParameters: 0 0 0

#Transform 24
Transform: AffineTransform_float_3_3
Parameters: 0.999999 -0.000895138 8.99152e-05 0.000894412 0.999983 0.00575709 -9.52293e-05 -0.00575692 0.999984 0.00768295 -0.00944448 0.116823
FixedParameters: 0 0 0

#Transform 25
Transform: AffineTransform_float_3_3
Parameters: 1 -0.000616673 0.000153508 0.00061606 0.999982 0.00606103 -0.000157058 -0.00606197 0.999981 -0.00331405 -0.0195097 0.124284
FixedParameters: 0 0 0

#Transform 26
Transform: AffineTransform_float_3_3
Parameters: 0.999999 -0.000683966 0.000359264 0.000682049 0.999983 0.00579125 -0.00036332 -0.00579075 0.999983 0.00481106 -0.0218995 0.0555168
FixedParameters: 0 0 0

#Transform 27
Transform: AffineTransform_float_3_3
Parameters: 0.999999 -0.000709473 -5.00885e-05 0.000710319 0.999982 0.00599896 4.55626e-05 -0.00599804 0.999982 -0.00518341 0.00746435 0.12069
FixedParameters: 0 0 0

#Transform 28
Transform: AffineTransform_float_3_3
Parameters: 1 -0.00111166 0.000232739 0.00111044 0.999983 0.00570019 -0.000238489 -0.00569981 0.999983 0.0291174 -0.0220165 0.0331786
FixedParameters: 0 0 0

#Transform 29
Transform: AffineTransform_float_3_3
Parameters: 0.999999 -0.000794993 0.000169005 0.000794436 0.999985 0.00554207 -0.000172894 -0.00554193 0.999984 0.014339 0.00806083 0.115459
FixedParameters: 0 0 0

#Transform 30
Transform: AffineTransform_float_3_3
Parameters: 1 -0.000858705 0.000547318 0.000855512 0.999982 0.00599941 -0.00055182 -0.0059986 0.999982 -0.00186518 -0.0458808 0.0581509
FixedParameters: 0 0 0

#Transform 31
Transform: AffineTransform_float_3_3
Parameters: 0.999999 -0.000922938 0.000189992 0.00092212 0.999984 0.00559518 -0.000195394 -0.00559482 0.999985 0.0169191 -0.0247242 0.0996567
FixedParameters: 0 0 0

#Transform 32
Transform: AffineTransform_float_3_3
Parameters: 0.999999 -0.000776432 0.000541689 0.000771036 0.999958 0.00911343 -0.000548082 -0.00911258 0.999959 0.0198393 0.0413618 0.413827
FixedParameters: 0 0 0

#Transform 33
Transform: AffineTransform_float_3_3
Parameters: 1 0.000463757 0.000466309 -0.000465714 0.999991 0.00409985 -0.000464629 -0.00410015 0.999992 -0.00612825 0.334594 -0.102936
FixedParameters: 0 0 0

#Transform 34
Transform: AffineTransform_float_3_3
Parameters: 1 -6.97611e-05 -0.000361086 6.96816e-05 1 -0.000110025 0.000361102 0.000109975 1 0.039494 0.222091 -0.17961
FixedParameters: 0 0 0

#Transform 35
Transform: AffineTransform_float_3_3
Parameters: 1 8.01892e-06 -0.000120796 -7.58328e-06 0.999999 0.001803 0.000120824 -0.001803 0.999999 0.0364214 0.210591 -0.0960947
FixedParameters: 0 0 0

#Transform 36
Transform: AffineTransform_float_3_3
Parameters: 1 -4.56753e-05 -2.40576e-05 4.57935e-05 0.999997 0.002469 2.38318e-05 -0.002469 0.999997 0.0374056 0.241391 -0.0859155
FixedParameters: 0 0 0

#Transform 37
Transform: AffineTransform_float_3_3
Parameters: 1 -3.391e-05 0.000153581 3.33455e-05 0.999999 0.00183701 -0.000153705 -0.001837 0.999999 0.0376379 0.198363 -0.103908
FixedParameters: 0 0 0

#Transform 38
Transform: AffineTransform_float_3_3
Parameters: 1 0.000133267 4.53435e-05 -0.000133547 0.999998 0.002329 -4.57198e-05 -0.00232901 0.999998 0.0246318 0.235216 -0.0858277
FixedParameters: 0 0 0

#Transform 39
Transform: AffineTransform_float_3_3
Parameters: 1 -3.4597e-05 0.000144579 3.39531e-05 0.999997 0.002469 -0.00014375 -0.00246899 0.999997 0.0377477 0.224537 -0.118813
FixedParameters: 0 0 0

#Transform 40
Transform: AffineTransform_float_3_3
Parameters: 1 6.3087e-05 0.000378666 -6.37028e-05 0.999997 0.00213097 -0.000378464 -0.00213102 0.999997 0.0465573 0.220653 -0.0935164
FixedParameters: 0 0 0

#Transform 41
Transform: AffineTransform_float_3_3
Parameters: 1 5.07193e-05 0.00023414 -5.03602e-05 0.999999 0.00136399 -0.00023407 -0.00136401 0.999999 0.0389382 0.246216 -0.0733722
FixedParameters: 0 0 0

#Transform 42
Transform: AffineTransform_float_3_3
Parameters: 1 -0.000410416 0.000173539 0.00041084 0.999998 0.00184707 -0.000174126 -0.00184693 0.999999 0.060198 0.183363 -0.102282
FixedParameters: 0 0 0

#Transform 43
Transform: AffineTransform_float_3_3
Parameters: 1 -0.000329595 -7.45587e-05 0.000329034 0.999997 0.00248098 7.39903e-05 -0.00248102 0.999997 0.0456436 0.196793 -0.0724758
FixedParameters: 0 0 0

#Transform 44
Transform: AffineTransform_float_3_3
Parameters: 1 -0.000332473 0.000140238 0.000331965 0.999998 0.00205105 -0.000140603 -0.00205095 0.999998 0.0602169 0.173814 -0.0847926
FixedParameters: 0 0 0

#Transform 45
Transform: AffineTransform_float_3_3
Parameters: 1 -4.06747e-05 5.17935e-05 4.04558e-05 0.999998 0.002109 -5.19646e-05 -0.002109 0.999998 0.0418538 0.165981 -0.0940409
FixedParameters: 0 0 0

#Transform 46
Transform: AffineTransform_float_3_3
Parameters: 1 -6.46585e-05 -0.000309393 6.47174e-05 0.999998 0.00170798 0.00030924 -0.00170802 0.999998 0.0389848 0.17554 -0.0485354
FixedParameters: 0 0 0

#Transform 47
Transform: AffineTransform_float_3_3
Parameters: 1 -0.000289322 5.01786e-05 0.000289107 0.999997 0.00210901 -5.13985e-05 -0.00210898 0.999998 0.0406471 0.161267 -0.0904475
FixedParameters: 0 0 0

#Transform 48
Transform: AffineTransform_float_3_3
Parameters: 1 -4.96743e-05 -8.38895e-05 4.99564e-05 0.999998 0.00168299 8.37219e-05 -0.001683 0.999998 0.0308253 0.175271 -0.0535164
FixedParameters: 0 0 0

#Transform 49
Transform: AffineTransform_float_3_3
Parameters: 1 -2.69786e-05 0.000257358 2.61297e-05 0.999998 0.00164901 -0.000257445 -0.00164899 0.999998 0.039146 0.163963 -0.0830048
FixedParameters: 0 0 0

#Transform 50
Transform: AffineTransform_float_3_3
Parameters: 1 -3.25676e-05 0.000174526 3.18312e-05 0.999998 0.002109 -0.000174662 -0.00210899 0.999998 0.0306683 0.175482 -0.0466403
FixedParameters: 0 0 0

#Transform 51
Transform: AffineTransform_float_3_3
Parameters: 1 -3.70496e-05 0.000106674 3.65993e-05 0.999998 0.002109 -0.000106829 -0.002109 0.999998 0.0306961 0.18517 -0.072943
FixedParameters: 0 0 0

#Transform 52
Transform: AffineTransform_float_3_3
Parameters: 1 -3.3475e-05 0.000161544 3.26921e-05 0.999997 0.00242201 -0.000161704 -0.00242199 0.999997 0.0307062 0.172906 -0.0800818
FixedParameters: 0 0 0

#Transform 53
Transform: AffineTransform_float_3_3
Parameters: 1 -3.94883e-05 6.97544e-05 3.91937e-05 0.999998 0.002109 -6.99203e-05 -0.002109 0.999998 0.026004 0.175346 -0.0489205
FixedParameters: 0 0 0

#Transform 54
Transform: AffineTransform_float_3_3
Parameters: 1 -5.07591e-05 -0.000100874 5.11841e-05 0.999998 0.00210899 0.000100659 -0.002109 0.999998 0.0401076 0.164219 -0.0764996
FixedParameters: 0 0 0

#Transform 55
Transform: AffineTransform_float_3_3
Parameters: 1 -0.000211255 9.41287e-05 0.000210856 0.999998 0.00210902 -9.50189e-05 -0.00210898 0.999998 0.0269815 0.175924 -0.0494698
FixedParameters: 0 0 0

#Transform 56
Transform: AffineTransform_float_3_3
Parameters: 1 -2.0896e-05 0.000352136 2.02869e-05 0.999998 0.00228101 -0.000352297 -0.00228099 0.999998 0.0340356 0.145204 -0.0978576
FixedParameters: 0 0 0

#Transform 57
Transform: AffineTransform_float_3_3
Parameters: 1 -0.000322794 0.000150562 0.000322189 0.999998 0.00223098 -0.000151004 -0.00223102 0.999997 0.0205657 0.163817 -0.0612194
FixedParameters: 0 0 0

#Transform 58
Transform: AffineTransform_float_3_3
Parameters: 1 -0.000337926 0.000149478 0.000337259 0.999997 0.00245505 -0.000150138 -0.00245495 0.999997 0.0365113 0.149423 -0.0513585
FixedParameters: 0 0 0

#Transform 59
Transform: AffineTransform_float_3_3
Parameters: 1 -2.76772e-05 0.000251338 2.62472e-05 0.999996 0.00284401 -0.000251492 -0.00284399 0.999996 0.033302 0.167849 -0.035459
FixedParameters: 0 0 0

#Transform 60
Transform: AffineTransform_float_3_3
Parameters: 0.999999 3.10283e-06 0.000758271 -8.01286e-06 0.999983 0.005917 -0.00075748 -0.00591701 0.999982 0.0149809 0.0777626 0.104804
FixedParameters: 0 0 0

#Transform 61
Transform: AffineTransform_float_3_3
Parameters: 0.999999 9.2824e-06 0.000855082 -1.4031e-05 0.999983 0.00573606 -0.000854291 -0.00573594 0.999983 0.00923452 0.154063 0.0796416
FixedParameters: 0 0 0

#Transform 62
Transform: AffineTransform_float_3_3
Parameters: 0.999999 8.85568e-06 0.000858083 -1.49396e-05 0.999979 0.00645099 -0.000858269 -0.00645101 0.999979 -0.0105401 0.11799 0.0714822
FixedParameters: 0 0 0

#Transform 63
Transform: AffineTransform_float_3_3
Parameters: 1 -0.000161669 0.000561052 0.000157666 0.99998 0.00628909 -0.000562266 -0.00628891 0.99998 0.00427009 0.142292 0.0524793
FixedParameters: 0 0 0

#Transform 64
Transform: AffineTransform_float_3_3
Parameters: 0.999999 4.3103e-06 0.000785222 -9.55506e-06 0.999979 0.00651506 -0.000785472 -0.00651494 0.999979 0.00439973 0.133131 0.0811867
FixedParameters: 0 0 0

#Transform 65
Transform: AffineTransform_float_3_3
Parameters: 0.999999 -0.000146327 0.000794524 0.000141176 0.99998 0.00641912 -0.000795712 -0.00641889 0.999979 0.0161825 0.112851 0.0133528
FixedParameters: 0 0 0

#Transform 66
Transform: AffineTransform_float_3_3
Parameters: 1 -7.69349e-05 0.000345377 7.44266e-05 0.999978 0.00661703 -0.000345517 -0.00661697 0.999978 0.00533941 0.16719 0.112999
FixedParameters: 0 0 0

#Transform 67
Transform: AffineTransform_float_3_3
Parameters: 0.999999 8.98916e-06 0.000860079 -1.50782e-05 0.99998 0.00643899 -0.000860264 -0.00643901 0.999979 -0.0105502 0.0969347 0.0272484
FixedParameters: 0 0 0

#Transform 68
Transform: AffineTransform_float_3_3
Parameters: 1 -4.00628e-06 0.00064948 -3.68973e-07 0.99998 0.006439 -0.000649775 -0.006439 0.999979 -0.0104693 0.0897538 -0.0358183
FixedParameters: 0 0 0

#Transform 69
Transform: AffineTransform_float_3_3
Parameters: 1 -4.88753e-06 0.000639497 1.09838e-07 0.999976 0.00685407 -0.000639803 -0.00685393 0.999977 -0.0103253 0.155988 0.11628
FixedParameters: 0 0 0

#Transform 70
Transform: AffineTransform_float_3_3
Parameters: 0.999999 1.33293e-05 0.000929946 -1.92627e-05 0.99998 0.00640799 -0.000930145 -0.00640802 0.999979 0.0063201 0.0931785 0.0869075
FixedParameters: 0 0 0

#Transform 71
Transform: AffineTransform_float_3_3
Parameters: 1 -3.4123e-06 0.000662454 -1.54345e-06 0.999977 0.006751 -0.000662739 -0.006751 0.999977 0.0123655 0.108816 -0.0115367
FixedParameters: 0 0 0

#Transform 72
Transform: AffineTransform_float_3_3
Parameters: 0.999999 3.20214e-05 0.000783509 -3.7713e-05 0.999977 0.00681604 -0.000783374 -0.00681596 0.999977 0.00886696 0.156883 0.0970469
FixedParameters: 0 0 0

#Transform 73
Transform: AffineTransform_float_3_3
Parameters: 0.999999 -0.000172382 0.000867141 0.000166394 0.999975 0.00698021 -0.000867919 -0.00697978 0.999976 -0.00408916 0.118808 -0.00910654
FixedParameters: 0 0 0

#Transform 74
Transform: AffineTransform_float_3_3
Parameters: 0.999999 -9.05597e-05 0.00079106 8.62027e-05 0.999979 0.00657807 -0.000791633 -0.00657793 0.999978 -0.0129349 0.121941 0.0100553
FixedParameters: 0 0 0

#Transform 75
Transform: AffineTransform_float_3_3
Parameters: 0.999999 -0.00018176 0.000796567 0.000175579 0.999975 0.00704514 -0.000798427 -0.00704486 0.999975 -0.00686605 0.142994 0.12754
FixedParameters: 0 0 0

#Transform 76
Transform: AffineTransform_float_3_3
Parameters: 0.999999 -9.19651e-05 0.000791074 8.67921e-05 0.999975 0.00709307 -0.000791752 -0.00709292 0.999974 0.00311491 0.0902077 -0.0351411
FixedParameters: 0 0 0

#Transform 77
Transform: AffineTransform_float_3_3
Parameters: 0.999999 -0.000229887 0.000799432 0.000223302 0.999973 0.00731618 -0.000801092 -0.00731582 0.999973 -0.0134897 0.112559 -0.0515599
FixedParameters: 0 0 0

#Transform 78
Transform: AffineTransform_float_3_3
Parameters: 0.999999 -0.00020729 0.00124401 0.000198335 0.999977 0.00685825 -0.00124534 -0.00685775 0.999975 -0.0126796 0.13744 0.0728653
FixedParameters: 0 0 0

#Transform 79
Transform: AffineTransform_float_3_3
Parameters: 1 -0.000420965 0.00105876 0.000413727 0.999976 0.00680252 -0.00106192 -0.00680249 0.999977 -0.00524441 0.0850484 0.00119373
FixedParameters: 0 0 0

#Transform 80
Transform: AffineTransform_float_3_3
Parameters: 0.999999 -0.000268678 0.000750798 0.000263281 0.999976 0.0069972 -0.000752865 -0.00699681 0.999975 -0.00829568 0.0879968 -0.0594913
FixedParameters: 0 0 0

#Transform 81
Transform: AffineTransform_float_3_3
Parameters: 0.999999 -0.000298493 0.000857697 0.000293083 0.999973 0.00733625 -0.00085952 -0.00733574 0.999972 -0.0182288 0.142498 0.0433351
FixedParameters: 0 0 0

#Transform 82
Transform: AffineTransform_float_3_3
Parameters: 1 -2.95782e-05 0.00112588 2.13177e-05 0.999974 0.0072101 -0.0011268 -0.00720991 0.999974 -0.0391404 0.0985388 0.0704657
FixedParameters: 0 0 0

#Transform 83
Transform: AffineTransform_float_3_3
Parameters: 1 -0.000247685 0.00110822 0.000239565 0.999977 0.00687027 -0.00111005 -0.00686973 0.999976 -0.0200278 0.087326 -0.0211487
FixedParameters: 0 0 0

#Transform 84
Transform: AffineTransform_float_3_3
Parameters: 1 -0.000188834 0.00110461 0.000180692 0.999976 0.0069052 -0.00110564 -0.00690479 0.999975 -0.0214554 0.131221 -0.021696
FixedParameters: 0 0 0

#Transform 85
Transform: AffineTransform_float_3_3
Parameters: 1 -0.000281172 0.000962809 0.000273962 0.999973 0.00743127 -0.000965415 -0.00743173 0.999972 -0.0224374 0.142892 0.10502
FixedParameters: 0 0 0

#Transform 86
Transform: AffineTransform_float_3_3
Parameters: 0.999999 -0.000341489 0.000775201 0.000335476 0.999974 0.00721726 -0.000777434 -0.00721673 0.999973 -0.0127218 0.0904016 -0.00619098
FixedParameters: 0 0 0

#Transform 87
Transform: AffineTransform_float_3_3
Parameters: 1 -7.27126e-05 0.00109741 6.42842e-05 0.999972 0.00750515 -0.00109799 -0.00750585 0.999972 -0.0130649 0.0918872 -0.095504
FixedParameters: 0 0 0

#Transform 88
Transform: AffineTransform_float_3_3
Parameters: 1 -0.000421121 0.00111852 0.00041239 0.999972 0.00754947 -0.00112236 -0.00754853 0.999971 -0.0114643 0.143149 0.0180554
FixedParameters: 0 0 0

#Transform 89
Transform: AffineTransform_float_3_3
Parameters: 0.999999 -0.000563484 0.00112735 0.000555432 0.999974 0.0072177 -0.00113198 -0.0072163 0.999974 -0.00553204 0.0896902 -0.0273183
FixedParameters: 0 0 0

#Transform 90
Transform: AffineTransform_float_3_3
Parameters: 1 -0.000218727 0.00110619 0.00020966 0.99997 0.00776031 -0.00110807 -0.00776069 0.99997 -0.00454384 0.0986787 -0.0985083
FixedParameters: 0 0 0

#Transform 91
Transform: AffineTransform_float_3_3
Parameters: 1 -0.000419267 0.000929217 0.000413017 0.999974 0.00721738 -0.000932706 -0.00721661 0.999973 -0.010332 0.143709 0.0403567
FixedParameters: 0 0 0

#Transform 92
Transform: AffineTransform_float_3_3
Parameters: 1 -0.000393517 0.0011167 0.000385122 0.999969 0.00785744 -0.00112044 -0.00785756 0.999968 -0.0127101 0.0814055 -0.0514476
FixedParameters: 0 0 0

#Transform 93
Transform: AffineTransform_float_3_3
Parameters: 0.999999 -0.00023128 0.000895619 0.000224811 0.999972 0.00757821 -0.000897556 -0.0075778 0.999971 -0.0190841 0.105274 -0.108089
FixedParameters: 0 0 0

#Transform 94
Transform: AffineTransform_float_3_3
Parameters: 1 -0.000608217 0.00100375 0.000600744 0.999972 0.00735461 -0.00100813 -0.00735438 0.999972 -0.00992325 0.12298 0.00768531
FixedParameters: 0 0 0

#Transform 95
Transform: AffineTransform_float_3_3
Parameters: 0.999999 -0.000523559 0.00112492 0.000515546 0.999974 0.00721765 -0.00112897 -0.00721635 0.999974 -0.00792509 0.0811147 0.0137707
FixedParameters: 0 0 0

#Transform 96
Transform: AffineTransform_float_3_3
Parameters: 0.999999 -0.000235328 0.000829724 0.000228819 0.99997 0.00764826 -0.000830689 -0.00764774 0.999971 -0.00708566 0.0787388 -0.10202
FixedParameters: 0 0 0

#Transform 97
Transform: AffineTransform_float_3_3
Parameters: 0.999999 -0.000514032 0.000805694 0.000507472 0.999973 0.00731841 -0.000809519 -0.00731759 0.999973 -0.0102528 0.101868 -0.0682381
FixedParameters: 0 0 0

#Transform 98
Transform: AffineTransform_float_3_3
Parameters: 1 -0.000219143 0.00110611 0.000210241 0.999967 0.00813631 -0.00110822 -0.00813669 0.999967 -0.0165374 0.121117 0.0460754
FixedParameters: 0 0 0

#Transform 99
Transform: AffineTransform_float_3_3
Parameters: 0.999999 -0.00022894 0.000935527 0.000221709 0.99997 0.00766228 -0.000937461 -0.00766172 0.99997 -0.0268562 0.0678377 -0.10523
FixedParameters: 0 0 0

#Transform 100
Transform: AffineTransform_float_3_3
Parameters: 0.999999 -0.000228464 0.000936626 0.00022205 0.999974 0.00721821 -0.000938359 -0.00721778 0.999973 -0.0251481 0.113879 -0.0724006
FixedParameters: 0 0 0

#Transform 101
Transform: AffineTransform_float_3_3
Parameters: 1 -0.000219425 0.00110606 0.000209957 0.999965 0.0083923 -0.00110828 -0.00839169 0.999964 -0.016473 0.162276 0.117455
FixedParameters: 0 0 0

#Transform 102
Transform: AffineTransform_float_3_3
Parameters: 0.999999 -0.000495461 0.00112278 0.000485777 0.999968 0.00797255 -0.00112716 -0.00797244 0.999967 -0.0233781 0.105161 0.0120536
FixedParameters: 0 0 0

#Transform 103
Transform: AffineTransform_float_3_3
Parameters: 0.999999 -0.000654535 0.00113213 0.000645105 0.999966 0.00829075 -0.00113753 -0.00829026 0.999965 -0.0274439 0.0999155 -0.151137
FixedParameters: 0 0 0

#Transform 104
Transform: AffineTransform_float_3_3
Parameters: 0.999999 -0.000630859 0.00113053 0.000621889 0.999964 0.00853972 -0.00113593 -0.00853929 0.999963 -0.00991288 0.160885 0.0336422
FixedParameters: 0 0 0

#Transform 105
Transform: AffineTransform_float_3_3
Parameters: 0.999999 -0.000640306 0.00123006 0.000628902 0.99996 0.00883585 -0.00123597 -0.00883514 0.99996 0.00496777 0.101543 0.0368639
FixedParameters: 0 0 0

#Transform 106
Transform: AffineTransform_float_3_3
Parameters: 0.999999 -0.000737483 0.00113702 0.000727764 0.999964 0.00837691 -0.00114392 -0.00837609 0.999965 0.00588973 0.0876281 -0.151326
FixedParameters: 0 0 0

#Transform 107
Transform: AffineTransform_float_3_3
Parameters: 0.999999 -0.000708731 0.00106517 0.000700195 0.999965 0.00838776 -0.00107161 -0.00838725 0.999965 0.00587136 0.107641 -0.166872
FixedParameters: 0 0 0

#Transform 108
Transform: AffineTransform_float_3_3
Parameters: 0.999999 -0.000627602 0.00114112 0.000617661 0.999961 0.00888372 -0.00114688 -0.00888329 0.99996 0.00156961 0.149492 0.0522978
FixedParameters: 0 0 0

#Transform 109
Transform: AffineTransform_float_3_3
Parameters: 0.999998 -0.00064407 0.0015486 0.000625715 0.999929 0.0118941 -0.00155595 -0.0118929 0.999928 0.0141625 0.0520085 0.102876
FixedParameters: 0 0 0

#Transform 110
Transform: AffineTransform_float_3_3
Parameters: 0.999998 -0.00149503 0.00125079 0.00148499 0.999971 0.00749788 -0.00126171 -0.00749512 0.999971 0.0783656 0.121944 -0.0226981
FixedParameters: 0 0 0

#Transform 111
Transform: AffineTransform_float_3_3
Parameters: 0.999997 -0.00166064 0.00145104 0.00164665 0.999956 0.00929836 -0.00146565 -0.00929664 0.999956 0.0739925 0.17716 0.102952
FixedParameters: 0 0 0

#Transform 112
Transform: AffineTransform_float_3_3
Parameters: 0.999998 -0.00166932 0.00128856 0.00165814 0.999962 0.00856109 -0.00130276 -0.0085589 0.999962 0.0654104 0.114259 -0.00858636
FixedParameters: 0 0 0

#Transform 113
Transform: AffineTransform_float_3_3
Parameters: 0.999997 -0.00160066 0.00149889 0.00158787 0.999962 0.00853734 -0.00151295 -0.00853466 0.999962 0.0690973 0.093283 -0.103888
FixedParameters: 0 0 0

#Transform 114
Transform: AffineTransform_float_3_3
Parameters: 0.999997 -0.00166155 0.00143882 0.00164736 0.999954 0.00944533 -0.00145393 -0.00944366 0.999954 0.0615417 0.166852 0.108578
FixedParameters: 0 0 0

#Transform 115
Transform: AffineTransform_float_3_3
Parameters: 0.999997 -0.00163684 0.0018563 0.00161913 0.999955 0.00932605 -0.00187179 -0.00932295 0.999955 0.064366 0.155983 0.0648686
FixedParameters: 0 0 0

#Transform 116
Transform: AffineTransform_float_3_3
Parameters: 0.999998 -0.00167522 0.00119154 0.00166443 0.999961 0.00867394 -0.00120615 -0.00867205 0.999961 0.0715632 0.112039 -0.0365058
FixedParameters: 0 0 0

#Transform 117
Transform: AffineTransform_float_3_3
Parameters: 0.999997 -0.00172118 0.00135884 0.00170989 0.999962 0.00852029 -0.00137386 -0.00851871 0.999963 0.0909636 0.130726 -0.0613097
FixedParameters: 0 0 0

#Transform 118
Transform: AffineTransform_float_3_3
Parameters: 0.999997 -0.00162431 0.00145334 0.00161152 0.999963 0.00846437 -0.00146751 -0.00846163 0.999963 0.0931358 0.138375 -0.0590641
FixedParameters: 0 0 0

#Transform 119
Transform: AffineTransform_float_3_3
Parameters: 0.999998 -0.00187563 0.00135694 0.00186438 0.999962 0.00856743 -0.00137277 -0.00856557 0.999962 0.0986706 0.145543 -0.0590276
FixedParameters: 0 0 0

#Transform 120
Transform: AffineTransform_float_3_3
Parameters: 0.999998 -0.00183836 0.00144576 0.00182541 0.999961 0.00862761 -0.00146116 -0.00862539 0.999962 0.0880386 0.164398 -0.0359605
FixedParameters: 0 0 0

#Transform 121
Transform: AffineTransform_float_3_3
Parameters: 0.999997 -0.00183009 0.00159476 0.00181527 0.999958 0.00902987 -0.0016116 -0.00902714 0.999958 0.0676404 0.110095 -0.0555323
FixedParameters: 0 0 0

#Transform 122
Transform: AffineTransform_float_3_3
Parameters: 0.999997 -0.00208462 0.00136427 0.00207323 0.99996 0.0086178 -0.00138189 -0.0086152 0.999962 0.0752903 0.108502 -0.0660076
FixedParameters: 0 0 0

#Transform 123
Transform: AffineTransform_float_3_3
Parameters: 0.999997 -0.00208622 0.00137069 0.00207368 0.999954 0.00939776 -0.00138964 -0.00939526 0.999955 0.0579787 0.105092 -0.0850079
FixedParameters: 0 0 0

#Transform 124
Transform: AffineTransform_float_3_3
Parameters: 0.999996 -0.00205733 0.00186678 0.00204094 0.999958 0.0089688 -0.00188566 -0.00896521 0.999958 0.040612 0.105629 -0.0581141
FixedParameters: 0 0 0

#Transform 125
Transform: AffineTransform_float_3_3
Parameters: 0.999997 -0.00178194 0.00160059 0.00176742 0.999956 0.00921387 -0.00161728 -0.00921113 0.999957 0.0491197 0.0964408 -0.0625568
FixedParameters: 0 0 0

#Transform 126
Transform: AffineTransform_float_3_3
Parameters: 0.999997 -0.00194479 0.00152989 0.00193092 0.99996 0.00879993 -0.00154684 -0.00879708 0.99996 0.0405762 0.109014 -0.0600745
FixedParameters: 0 0 0

#Transform 127
Transform: AffineTransform_float_3_3
Parameters: 0.999997 -0.00160515 0.00140856 0.00159163 0.999954 0.00938827 -0.00142342 -0.00938572 0.999955 0.0411544 0.108328 -0.0636952
FixedParameters: 0 0 0

#Transform 128
Transform: AffineTransform_float_3_3
Parameters: 0.999998 -0.001512 0.00148764 0.00149869 0.999957 0.00913527 -0.00150106 -0.00913374 0.999958 0.0275684 0.115065 -0.0746217
FixedParameters: 0 0 0

#Transform 129
Transform: AffineTransform_float_3_3
Parameters: 0.999998 -0.00126683 0.00148415 0.0012533 0.999957 0.00916789 -0.00149616 -0.00916611 0.999957 0.0231073 0.114548 -0.0796546
FixedParameters: 0 0 0

#Transform 130
Transform: AffineTransform_float_3_3
Parameters: 0.999999 -0.00130164 0.00132265 0.00128961 0.999956 0.00936573 -0.00133476 -0.00936328 0.999956 0.0160363 0.138481 -0.0877434
FixedParameters: 0 0 0

#Transform 131
Transform: AffineTransform_float_3_3
Parameters: 0.999998 -0.00143389 0.00149262 0.00141866 0.999948 0.0100732 -0.00150734 -0.0100709 0.999948 0.0170278 0.133862 -0.053198
FixedParameters: 0 0 0

#Transform 132
Transform: AffineTransform_float_3_3
Parameters: 0.999998 -0.00105077 0.00127411 0.00103908 0.999958 0.00912534 -0.00128395 -0.00912365 0.999957 0.0079506 0.0894522 -0.117162
FixedParameters: 0 0 0

#Transform 133
Transform: AffineTransform_float_3_3
Parameters: 0.999997 -0.00157228 0.00150218 0.00155764 0.999957 0.00915537 -0.00151669 -0.00915362 0.999957 0.00905016 0.136315 -0.0833974
FixedParameters: 0 0 0

#Transform 134
Transform: AffineTransform_float_3_3
Parameters: 0.999998 -0.00159662 0.00109717 0.00158547 0.999952 0.00960177 -0.00111237 -0.00960023 0.999954 0.0245454 0.122766 -0.0657817
FixedParameters: 0 0 0

#Transform 135
Transform: AffineTransform_float_3_3
Parameters: 0.999998 -0.0012911 0.00107655 0.00128061 0.999955 0.0094034 -0.00108837 -0.00940161 0.999955 0.0168845 0.0894023 -0.126777
FixedParameters: 0 0 0

#Transform 136
Transform: AffineTransform_float_3_3
Parameters: 0.999999 -0.00120898 0.00125078 0.00119672 0.999953 0.00960152 -0.00126166 -0.00960048 0.999953 0.0187465 0.153303 -0.0268327
FixedParameters: 0 0 0

#Transform 137
Transform: AffineTransform_float_3_3
Parameters: 0.999998 -0.00145914 0.00125541 0.00144689 0.999953 0.00960184 -0.00126909 -0.00960016 0.999953 0.0125737 0.102298 -0.06652
FixedParameters: 0 0 0

#Transform 138
Transform: AffineTransform_float_3_3
Parameters: 0.999999 -0.00147005 0.00107334 0.00145882 0.999951 0.00985952 -0.00108687 -0.00985848 0.999951 0.0126853 0.137622 -0.0624279
FixedParameters: 0 0 0

#Transform 139
Transform: AffineTransform_float_3_3
Parameters: 0.999998 -0.00145595 0.00131588 0.00144277 0.99995 0.00989193 -0.0013304 -0.00989008 0.999951 -0.00571803 0.11782 -0.0990534
FixedParameters: 0 0 0

#Transform 140
Transform: AffineTransform_float_3_3
Parameters: 0.999998 -0.0011487 0.00113875 0.00113792 0.99995 0.00986231 -0.00115008 -0.00986068 0.999951 -0.0191937 0.125374 -0.130346
FixedParameters: 0 0 0

#Transform 141
Transform: AffineTransform_float_3_3
Parameters: 0.999998 -0.00128086 0.00137324 0.00126634 0.999946 0.0103048 -0.0013864 -0.0103032 0.999946 -0.0247552 0.149905 -0.0624416
FixedParameters: 0 0 0

#Transform 142
Transform: AffineTransform_float_3_3
Parameters: 0.999999 -0.000986444 0.00103798 0.000976194 0.99995 0.010021 -0.00104835 -0.01002 0.99995 -0.0302435 0.0956106 -0.119268
FixedParameters: 0 0 0

#Transform 143
Transform: AffineTransform_float_3_3
Parameters: 0.999998 -0.00141826 0.000915809 0.00140876 0.999948 0.0100303 -0.000929742 -0.0100287 0.99995 -0.0344448 0.148921 -0.05659
FixedParameters: 0 0 0

#Transform 144
Transform: AffineTransform_float_3_3
Parameters: 0.999999 -0.000823148 0.00104993 0.000812182 0.999943 0.0106929 -0.00105919 -0.0106921 0.999943 -0.0653014 0.132165 -0.0538599
FixedParameters: 0 0 0

#Transform 145
Transform: AffineTransform_float_3_3
Parameters: 0.999999 -0.000467074 0.00120016 0.00045546 0.999951 0.00994756 -0.00120516 -0.00994645 0.99995 -0.0719708 0.1028 -0.123558
FixedParameters: 0 0 0

#Transform 146
Transform: AffineTransform_float_3_3
Parameters: 0.999999 -0.00110909 0.000884108 0.00110001 0.999942 0.010646 -0.000895268 -0.010645 0.999943 -0.0382186 0.165058 -0.0139638
FixedParameters: 0 0 0

#Transform 147
Transform: AffineTransform_float_3_3
Parameters: 0.999998 -0.00109141 0.00118309 0.00107893 0.999947 0.0102113 -0.00119403 -0.0102097 0.999947 -0.0547976 0.0887221 -0.113643
FixedParameters: 0 0 0

#Transform 148
Transform: AffineTransform_float_3_3
Parameters: 0.999999 -0.00109657 0.00109517 0.00108574 0.999946 0.0102742 -0.00110637 -0.0102738 0.999946 -0.0591778 0.11028 -0.200255
FixedParameters: 0 0 0

#Transform 149
Transform: AffineTransform_float_3_3
Parameters: 0.999998 -0.00108163 0.00135181 0.00106772 0.999948 0.0102055 -0.00136266 -0.0102035 0.999947 -0.0550117 0.133622 -0.115792
FixedParameters: 0 0 0

#Transform 150
Transform: AffineTransform_float_3_3
Parameters: 0.999998 -0.00108814 0.00124851 0.00107529 0.999942 0.0106464 -0.00125945 -0.0106446 0.999942 -0.0549642 0.0919284 -0.182943
FixedParameters: 0 0 0

#Transform 151
Transform: AffineTransform_float_3_3
Parameters: 0.999999 -0.00109763 0.00107249 0.00108682 0.999949 0.0100202 -0.00108308 -0.0100188 0.99995 -0.0589834 0.101784 -0.206376
FixedParameters: 0 0 0

#Transform 152
Transform: AffineTransform_float_3_3
Parameters: 0.999998 -0.00109352 0.00115279 0.00108091 0.999944 0.0105293 -0.00116446 -0.0105277 0.999944 -0.0547984 0.16746 -0.0572699
FixedParameters: 0 0 0

#Transform 153
Transform: AffineTransform_float_3_3
Parameters: 0.999999 -0.00107524 0.00147121 0.00105978 0.999944 0.0105766 -0.00148284 -0.0105744 0.999943 -0.0452373 0.127283 -0.103003
FixedParameters: 0 0 0

#Transform 154
Transform: AffineTransform_float_3_3
Parameters: 0.999999 -0.00111799 0.000727534 0.00111039 0.999945 0.0104967 -0.000739427 -0.0104952 0.999944 -0.0546766 0.118006 -0.206431
FixedParameters: 0 0 0

#Transform 155
Transform: AffineTransform_float_3_3
Parameters: 0.999999 -0.00109997 0.00103627 0.00108937 0.999946 0.0102681 -0.00104746 -0.0102668 0.999947 -0.0547132 0.168327 -0.0332122
FixedParameters: 0 0 0

#Transform 156
Transform: AffineTransform_float_3_3
Parameters: 0.999999 -0.00107659 0.00147023 0.0010595 0.999934 0.0114906 -0.00148289 -0.0114894 0.999933 -0.0382787 0.132511 -0.0995399
FixedParameters: 0 0 0

#Transform 157
Transform: AffineTransform_float_3_3
Parameters: 0.999998 -0.00125127 0.00105396 0.00124021 0.999946 0.0103333 -0.00106741 -0.0103317 0.999946 -0.0586216 0.106445 -0.188941
FixedParameters: 0 0 0

#Transform 158
Transform: AffineTransform_float_3_3
Parameters: 0.999999 -0.00110209 0.00100404 0.00109169 0.999944 0.0105311 -0.00101485 -0.0105299 0.999944 -0.0547662 0.148449 -0.132518
FixedParameters: 0 0 0

#Transform 159
Transform: AffineTransform_float_3_3
Parameters: 0.999998 -0.00108799 0.00126382 0.00107326 0.999936 0.0112524 -0.00127605 -0.0112506 0.999936 -0.0268888 0.168881 -0.0207443
FixedParameters: 0 0 0

#Transform 160
Transform: AffineTransform_float_3_3
Parameters: 0.999999 -0.00143069 0.00108545 0.0014203 0.999946 0.0102765 -0.00109953 -0.0102745 0.999946 -0.0465878 0.112356 -0.193639
FixedParameters: 0 0 0

#Transform 161
Transform: AffineTransform_float_3_3
Parameters: 0.999999 -0.00110029 0.00102938 0.00109001 0.999947 0.0101791 -0.00104039 -0.0101779 0.999947 -0.0548817 0.119427 -0.208225
FixedParameters: 0 0 0

#Transform 162
Transform: AffineTransform_float_3_3
Parameters: 0.999999 -0.00110682 0.000927735 0.00109629 0.99994 0.010918 -0.00093943 -0.010917 0.99994 -0.0412236 0.182671 -0.0275256
FixedParameters: 0 0 0

#Transform 163
Transform: AffineTransform_float_3_3
Parameters: 0.999999 -0.000898541 0.000932482 0.000888 0.999935 0.0113008 -0.000943375 -0.0113002 0.999935 -0.0675097 0.144413 -0.0668418
FixedParameters: 0 0 0

#Transform 164
Transform: AffineTransform_float_3_3
Parameters: 0.999999 -0.000922615 0.00104558 0.000909621 0.999931 0.011756 -0.0010569 -0.011755 0.999931 -0.0503659 0.0789683 -0.103934
FixedParameters: 0 0 0

#Transform 165
Transform: AffineTransform_float_3_3
Parameters: 0.999998 -0.00074217 0.00145013 0.000723262 0.999917 0.0129011 -0.00146028 -0.0128999 0.999916 -0.0395826 0.138556 -0.0064471
FixedParameters: 0 0 0

#Transform 166
Transform: AffineTransform_float_3_3
Parameters: 0.999999 -0.000745589 0.00138822 0.00072736 0.999917 0.012901 -0.00139741 -0.0129 0.999916 -0.0512373 0.153977 0.076369
FixedParameters: 0 0 0

#Transform 167
Transform: AffineTransform_float_3_3
Parameters: 0.999999 -0.00103771 0.00150104 0.00101587 0.999899 0.0142126 -0.00151562 -0.0142114 0.999898 -0.0734262 0.167743 0.0137115
FixedParameters: 0 0 0

#Transform 168
Transform: AffineTransform_float_3_3
Parameters: 0.999999 -0.000935023 0.0012596 0.000918059 0.999904 0.0137752 -0.00127231 -0.0137738 0.999905 -0.094859 0.148733 -0.0677904
FixedParameters: 0 0 0

#Transform 169
Transform: AffineTransform_float_3_3
Parameters: 0.999999 -0.00075297 0.00125733 0.000736799 0.999915 0.013027 -0.00126685 -0.013026 0.999915 -0.0832611 0.153568 -0.0520018
FixedParameters: 0 0 0

#Transform 170
Transform: AffineTransform_float_3_3
Parameters: 0.999998 -0.000745652 0.00140951 0.000726371 0.999905 0.013806 -0.00141916 -0.013805 0.999903 -0.0903066 0.174229 0.0210146
FixedParameters: 0 0 0

#Transform 171
Transform: AffineTransform_float_3_3
Parameters: 0.999999 -0.000763485 0.00106661 0.000749275 0.999915 0.0130328 -0.00107624 -0.0130322 0.999914 -0.0812381 0.162262 -0.1823
FixedParameters: 0 0 0

#Transform 172
Transform: AffineTransform_float_3_3
Parameters: 0.999999 -0.000822814 -6.51826e-06 0.000822416 0.999959 0.00909793 -4.00853e-07 -0.00909807 0.999958 -0.054403 0.335395 -0.420125
FixedParameters: 0 0 0

#Transform 173
Transform: AffineTransform_float_3_3
Parameters: 0.999999 -0.000817547 8.33915e-05 0.000816294 0.999948 0.010238 -9.21377e-05 -0.010238 0.999947 -0.0710168 0.174674 -0.366958
FixedParameters: 0 0 0

#Transform 174
Transform: AffineTransform_float_3_3
Parameters: 0.999999 -0.00093351 0.000226962 0.000931254 0.999943 0.0106311 -0.000236946 -0.0106308 0.999943 -0.0742506 0.2211 -0.316733
FixedParameters: 0 0 0

#Transform 175
Transform: AffineTransform_float_3_3
Parameters: 0.999999 -0.000809535 0.000223658 0.000807193 0.999941 0.0108532 -0.000232362 -0.0108528 0.999941 -0.0711396 0.21842 -0.358542
FixedParameters: 0 0 0

#Transform 176
Transform: AffineTransform_float_3_3
Parameters: 0.999999 -0.00080618 0.000282508 0.000802522 0.99994 0.0109192 -0.000291231 -0.0109188 0.999941 -0.0825932 0.223975 -0.318649
FixedParameters: 0 0 0

#Transform 177
Transform: AffineTransform_float_3_3
Parameters: 0.999999 -0.00084341 0.000578949 0.000837108 0.999938 0.0111125 -0.000588055 -0.0111115 0.999938 -0.0840811 0.228482 -0.337343
FixedParameters: 0 0 0

#Transform 178
Transform: AffineTransform_float_3_3
Parameters: 1 -0.000795321 0.000471308 0.000789669 0.999941 0.0107834 -0.000479692 -0.0107826 0.999941 -0.071217 0.228294 -0.321915
FixedParameters: 0 0 0

#Transform 179
Transform: AffineTransform_float_3_3
Parameters: 0.999999 -0.00124252 0.000360272 0.00123828 0.999937 0.0111454 -0.000374158 -0.0111446 0.999938 -0.0743908 0.247416 -0.309782
FixedParameters: 0 0 0

#Transform 180
Transform: AffineTransform_float_3_3
Parameters: 1 -0.000785179 0.00064617 0.000778002 0.999943 0.0105935 -0.000654159 -0.0105935 0.999943 -0.0713144 0.175912 -0.324885
FixedParameters: 0 0 0

#Transform 181
Transform: AffineTransform_float_3_3
Parameters: 0.999999 -0.00121316 0.000338958 0.00120956 0.999957 0.00920334 -0.000350416 -0.00920265 0.999957 -0.0812626 0.173586 -0.286559
FixedParameters: 0 0 0

#Transform 182
Transform: AffineTransform_float_3_3
Parameters: 1 -0.00105799 0.000185155 0.00105602 0.999954 0.00958514 -0.00019551 -0.00958487 0.999954 -0.0617329 0.203619 -0.427616
FixedParameters: 0 0 0

#Transform 183
Transform: AffineTransform_float_3_3
Parameters: 1 -0.00121993 8.84402e-05 0.00121884 0.999945 0.010415 -0.000100871 -0.010415 0.999946 -0.0660444 0.227285 -0.289686
FixedParameters: 0 0 0

#Transform 184
Transform: AffineTransform_float_3_3
Parameters: 0.999999 -0.00119055 0.000590523 0.00118386 0.999952 0.00964571 -0.000601726 -0.00964529 0.999954 -0.0567422 0.220737 -0.310207
FixedParameters: 0 0 0

#Transform 185
Transform: AffineTransform_float_3_3
Parameters: 0.999999 -0.00117498 0.000850616 0.00116698 0.999957 0.00918893 -0.000861637 -0.00918806 0.999957 -0.0715786 0.198653 -0.299365
FixedParameters: 0 0 0

#Transform 186
Transform: AffineTransform_float_3_3
Parameters: 0.999999 -0.00118826 0.00062327 0.00118172 0.999959 0.00897067 -0.000633827 -0.00896932 0.999959 -0.0724991 0.21092 -0.27344
FixedParameters: 0 0 0

#Transform 187
Transform: AffineTransform_float_3_3
Parameters: 1 -0.0006211 0.000975914 0.00061155 0.999953 0.00966961 -0.00098246 -0.00966939 0.999953 -0.0751195 0.202449 -0.298934
FixedParameters: 0 0 0

#Transform 188
Transform: AffineTransform_float_3_3
