# transform file /out/sourcedata/freesurfer/sub-v1s22x0050531_ses-1/mri/transforms/cc_up.lta
# created by oesteban on Mon Mar  9 18:22:53 2026

type      = 0 # LINEAR_VOX_TO_VOX
nxforms   = 1
mean      = 129.0000 109.0000 114.0000
sigma     = 10000.0000
1 4 4
9.978663921356201e-01 -2.724386751651764e-02 -5.933209136128426e-02 9.082849502563477e+00 
2.719583548605442e-02 9.996287822723389e-01 -1.617035944946110e-03 2.772301864624023e+01 
5.935412645339966e-02 0.000000000000000e+00 9.982369542121887e-01 2.059288787841797e+01 
0.000000000000000e+00 0.000000000000000e+00 0.000000000000000e+00 1.000000000000000e+00 
src volume info
valid = 1  # volume info valid
filename = /out/sourcedata/freesurfer/sub-v1s22x0050531_ses-1/mri/norm.mgz
volume = 256 256 256
voxelsize = 1.000000000000000e+00 1.000000000000000e+00 1.000000000000000e+00
xras   = -9.999998807907104e-01 0.000000000000000e+00 0.000000000000000e+00
yras   = 0.000000000000000e+00 0.000000000000000e+00 -1.000000000000000e+00
zras   = -3.725290298461914e-09 9.999999403953552e-01 0.000000000000000e+00
cras   = 5.230278015136719e+00 3.987889862060547e+01 -1.904139709472656e+01
dst volume info
valid = 1  # volume info valid
filename = /out/sourcedata/freesurfer/sub-v1s22x0050531_ses-1/mri/norm.mgz
volume = 256 256 256
voxelsize = 1.000000000000000e+00 1.000000000000000e+00 1.000000000000000e+00
xras   = -9.999998807907104e-01 0.000000000000000e+00 0.000000000000000e+00
yras   = 0.000000000000000e+00 0.000000000000000e+00 -1.000000000000000e+00
zras   = -3.725290298461914e-09 9.999999403953552e-01 0.000000000000000e+00
cras   = 5.230278015136719e+00 3.987889862060547e+01 -1.904139709472656e+01
