# transform file transforms/talairach.lta
# created by oesteban on Mon Mar  9 17:19:51 2026

type      = 0 # LINEAR_VOX_TO_VOX
nxforms   = 1
mean      = 129.0000 108.0000 114.0000
sigma     = 10000.0000
1 4 4
1.086763381958008e+00 3.253019647672772e-03 -4.038278013467789e-02 -1.020132446289062e+01 
2.813259512186050e-02 1.180833220481873e+00 3.475762307643890e-01 -5.386812210083008e+01 
2.887310460209846e-02 -3.253214657306671e-01 9.983552098274231e-01 3.089304924011230e+01 
0.000000000000000e+00 0.000000000000000e+00 0.000000000000000e+00 1.000000000000000e+00 
src volume info
valid = 1  # volume info valid
filename = nu.mgz
volume = 256 256 256
voxelsize = 1.000000000000000e+00 1.000000000000000e+00 1.000000000000000e+00
xras   = -9.999998807907104e-01 0.000000000000000e+00 0.000000000000000e+00
yras   = 0.000000000000000e+00 0.000000000000000e+00 -1.000000000000000e+00
zras   = -3.725290298461914e-09 9.999999403953552e-01 0.000000000000000e+00
cras   = 5.230278015136719e+00 3.987889862060547e+01 -1.904139709472656e+01
dst volume info
valid = 1  # volume info valid
filename = /opt/freesurfer/average/RB_all_2020-01-02.gca
volume = 256 256 256
voxelsize = 1.000000000000000e+00 1.000000000000000e+00 1.000000000000000e+00
xras   = -1.000000000000000e+00 0.000000000000000e+00 0.000000000000000e+00
yras   = 0.000000000000000e+00 0.000000000000000e+00 -1.000000000000000e+00
zras   = 0.000000000000000e+00 1.000000000000000e+00 0.000000000000000e+00
cras   = 0.000000000000000e+00 0.000000000000000e+00 0.000000000000000e+00
