# transform file /out/sourcedata/freesurfer/sub-v1s22x0050528_ses-1/mri/transforms/cc_up.lta
# created by oesteban on Mon Mar  9 18:32:22 2026

type      = 0 # LINEAR_VOX_TO_VOX
nxforms   = 1
mean      = 131.0000 89.0000 126.0000
sigma     = 10000.0000
1 4 4
9.929907321929932e-01 -3.992639854550362e-02 1.112440750002861e-01 -9.076642990112305e+00 
3.967818617820740e-02 9.992026090621948e-01 4.445120226591825e-03 5.046519470214844e+01 
-1.113328486680984e-01 0.000000000000000e+00 9.937831759452820e-01 2.595924949645996e+01 
0.000000000000000e+00 0.000000000000000e+00 0.000000000000000e+00 1.000000000000000e+00 
src volume info
valid = 1  # volume info valid
filename = /out/sourcedata/freesurfer/sub-v1s22x0050528_ses-1/mri/norm.mgz
volume = 256 256 256
voxelsize = 1.000000000000000e+00 1.000000000000000e+00 1.000000000000000e+00
xras   = -9.999999403953552e-01 0.000000000000000e+00 0.000000000000000e+00
yras   = 0.000000000000000e+00 0.000000000000000e+00 -1.000000000000000e+00
zras   = 7.450580596923828e-09 9.999999403953552e-01 0.000000000000000e+00
cras   = -8.954544067382812e-01 1.963839721679688e+01 -2.369030761718750e+01
dst volume info
valid = 1  # volume info valid
filename = /out/sourcedata/freesurfer/sub-v1s22x0050528_ses-1/mri/norm.mgz
volume = 256 256 256
voxelsize = 1.000000000000000e+00 1.000000000000000e+00 1.000000000000000e+00
xras   = -9.999999403953552e-01 0.000000000000000e+00 0.000000000000000e+00
yras   = 0.000000000000000e+00 0.000000000000000e+00 -1.000000000000000e+00
zras   = 7.450580596923828e-09 9.999999403953552e-01 0.000000000000000e+00
cras   = -8.954544067382812e-01 1.963839721679688e+01 -2.369030761718750e+01
