# transform file transforms/talairach.lta
# created by oesteban on Mon Mar  9 17:07:01 2026

type      = 0 # LINEAR_VOX_TO_VOX
nxforms   = 1
mean      = 131.0000 90.0000 126.0000
sigma     = 10000.0000
1 4 4
1.011027216911316e+00 -1.734332367777824e-02 1.139245182275772e-01 -1.588517951965332e+01 
1.177452225238085e-02 1.120921015739441e+00 4.584007710218430e-02 1.360817718505859e+01 
-1.117334216833115e-01 -4.392931237816811e-02 9.751704931259155e-01 8.452807426452637e+00 
0.000000000000000e+00 0.000000000000000e+00 0.000000000000000e+00 1.000000000000000e+00 
src volume info
valid = 1  # volume info valid
filename = nu.mgz
volume = 256 256 256
voxelsize = 1.000000000000000e+00 1.000000000000000e+00 1.000000000000000e+00
xras   = -9.999999403953552e-01 0.000000000000000e+00 0.000000000000000e+00
yras   = 0.000000000000000e+00 0.000000000000000e+00 -1.000000000000000e+00
zras   = 7.450580596923828e-09 9.999999403953552e-01 0.000000000000000e+00
cras   = -8.954544067382812e-01 1.963839721679688e+01 -2.369030761718750e+01
dst volume info
valid = 1  # volume info valid
filename = /opt/freesurfer/average/RB_all_2020-01-02.gca
volume = 256 256 256
voxelsize = 1.000000000000000e+00 1.000000000000000e+00 1.000000000000000e+00
xras   = -1.000000000000000e+00 0.000000000000000e+00 0.000000000000000e+00
yras   = 0.000000000000000e+00 0.000000000000000e+00 -1.000000000000000e+00
zras   = 0.000000000000000e+00 1.000000000000000e+00 0.000000000000000e+00
cras   = 0.000000000000000e+00 0.000000000000000e+00 0.000000000000000e+00
