#Insight Transform File V1.0
#Transform 0
Transform: AffineTransform_float_3_3
Parameters: 1 8.14799e-05 -0.00024955 -8.04791e-05 0.999998 0.00200402 0.000249874 -0.00200398 0.999998 -0.0355051 -0.0357199 0.064502
FixedParameters: 0 0 0

#Transform 1
Transform: AffineTransform_float_3_3
Parameters: 0.999999 0.000772641 -0.000113955 -0.000772348 0.999998 0.00192109 0.000115934 -0.00192091 0.999998 -0.0426557 -0.0683655 0.0725996
FixedParameters: 0 0 0

#Transform 2
Transform: AffineTransform_float_3_3
Parameters: 1 0.000562009 0.000205051 -0.000562834 0.999998 0.00165288 -0.000204181 -0.00165311 0.999998 -0.0237312 -0.0572159 -0.0130934
FixedParameters: 0 0 0

#Transform 3
Transform: AffineTransform_float_3_3
Parameters: 0.999999 0.000844922 -0.000124187 -0.000844612 0.999997 0.00241708 0.000126292 -0.00241592 0.999997 -0.0493534 -0.0649242 0.0587065
FixedParameters: 0 0 0

#Transform 4
Transform: AffineTransform_float_3_3
Parameters: 1 0.000676653 -9.99833e-05 -0.000676468 0.999999 0.00165292 0.000101231 -0.00165308 0.999998 -0.059513 -0.0514342 0.0210494
FixedParameters: 0 0 0

#Transform 5
Transform: AffineTransform_float_3_3
Parameters: 1 0.000572519 7.85338e-05 -0.00057303 0.999997 0.00233396 -7.68491e-05 -0.00233405 0.999998 -0.0414089 -0.0525103 0.111895
FixedParameters: 0 0 0

#Transform 6
Transform: AffineTransform_float_3_3
Parameters: 1 0.000316975 -0.000201457 -0.000317248 0.999999 0.00177007 0.000202728 -0.00176994 0.999999 -0.0295253 -0.0549293 0.00970951
FixedParameters: 0 0 0

#Transform 7
Transform: AffineTransform_float_3_3
Parameters: 1 0.000686655 -5.27046e-05 -0.000686589 0.999998 0.00199204 5.44511e-05 -0.00199196 0.999998 -0.0375924 -0.0507008 0.0317285
FixedParameters: 0 0 0

#Transform 8
Transform: AffineTransform_float_3_3
Parameters: 0.999999 0.000717601 0.000156901 -0.000718315 0.999998 0.00181389 -0.000155285 -0.00181411 0.999999 -0.049289 -0.0572481 -0.0573222
FixedParameters: 0 0 0

#Transform 9
Transform: AffineTransform_float_3_3
Parameters: 1 0.000646328 0.000167583 -0.00064618 0.999997 0.00207589 -0.000166037 -0.00207611 0.999998 -0.0399927 -0.054634 0.00911981
FixedParameters: 0 0 0

#Transform 10
Transform: AffineTransform_float_3_3
Parameters: 1 0.000659234 0.000165513 -0.000659978 0.999998 0.00180989 -0.000164115 -0.00181011 0.999999 -0.0396521 -0.0722224 -0.0307958
FixedParameters: 0 0 0

#Transform 11
Transform: AffineTransform_float_3_3
Parameters: 0.999999 0.000687547 0.000254229 -0.000687544 0.999999 0.00165268 -0.000253092 -0.00165332 0.999998 -0.0355572 -0.0574307 -0.0178169
FixedParameters: 0 0 0

#Transform 12
Transform: AffineTransform_float_3_3
Parameters: 0.999999 0.00071787 0.000384192 -0.000718297 0.999999 0.00165258 -0.000382955 -0.00165342 0.999998 -0.0396655 -0.078077 0.00400036
FixedParameters: 0 0 0

#Transform 13
Transform: AffineTransform_float_3_3
Parameters: 1 0.000434698 0.000198591 -0.000435501 0.999998 0.00165291 -0.000198142 -0.00165308 0.999998 -0.0349994 -0.0465151 -0.0207166
FixedParameters: 0 0 0

#Transform 14
Transform: AffineTransform_float_3_3
Parameters: 1 0.00057118 0.000178532 -0.000570998 0.999998 0.0018509 -0.000177555 -0.0018511 0.999999 -0.0345251 -0.0813416 0.0315944
FixedParameters: 0 0 0

#Transform 15
Transform: AffineTransform_float_3_3
Parameters: 1 0.000622657 0.000170818 -0.000623368 0.999999 0.00165275 -0.000169747 -0.00165325 0.999998 -0.0345445 -0.0424955 -0.0458638
FixedParameters: 0 0 0

#Transform 16
Transform: AffineTransform_float_3_3
Parameters: 1 0.000480103 0.000192119 -0.000480097 0.999998 0.00217776 -0.000191165 -0.00217824 0.999997 -0.0201532 -0.0487772 0.0174771
FixedParameters: 0 0 0

#Transform 17
Transform: AffineTransform_float_3_3
Parameters: 1 0.000622602 0.00017102 -0.000623423 0.999998 0.00197689 -0.000169546 -0.00197711 0.999998 -0.0405189 -0.0598443 -0.00251717
FixedParameters: 0 0 0

#Transform 18
Transform: AffineTransform_float_3_3
Parameters: 1 0.000123993 -4.98673e-05 -0.000123987 1 6.00062e-05 4.98822e-05 -5.99938e-05 1 0.0208978 -0.0213951 -0.0341295
FixedParameters: 0 0 0

#Transform 19
Transform: AffineTransform_float_3_3
Parameters: 1 -0.000233484 0.000297842 0.000232624 1 -0.000216931 -0.000297593 0.000217069 1 0.0113237 -0.0610147 0.0525301
FixedParameters: 0 0 0

#Transform 20
Transform: AffineTransform_float_3_3
Parameters: 1 0.000167152 0.000237824 -0.000166853 1 -0.000630039 -0.000238034 0.00062996 1 0.00966745 -0.00376378 0.0168271
FixedParameters: 0 0 0

#Transform 21
Transform: AffineTransform_float_3_3
Parameters: 1 0.000335744 3.83106e-07 -0.000335744 1 1.49999e-05 -3.73034e-07 -1.50001e-05 1 -0.0174595 -0.0396491 0.0454374
FixedParameters: 0 0 0

#Transform 22
Transform: AffineTransform_float_3_3
Parameters: 1 0.000167836 0.000237342 -0.000167157 0.999994 -0.00350604 -0.000238369 0.00350596 0.999994 0.0232929 -0.0210634 0.0140478
FixedParameters: 0 0 0

#Transform 23
Transform: AffineTransform_float_3_3
Parameters: 0.999999 -0.000746693 0.000375509 0.000746707 0.999999 -1.96978e-05 -0.000375479 1.93022e-05 1 -0.00228978 0.0380982 0.00227289
FixedParameters: 0 0 0

#Transform 24
Transform: AffineTransform_float_3_3
Parameters: 0.999999 -0.000879534 0.000122387 0.000878879 0.999984 0.00558611 -0.000127265 -0.00558589 0.999985 0.00636685 0.0857448 -0.0622916
FixedParameters: 0 0 0

#Transform 25
Transform: AffineTransform_float_3_3
Parameters: 1 -0.000380397 0.000329417 0.000379463 0.999995 0.00336413 -0.000330143 -0.00336388 0.999995 -0.0123782 0.0112349 -0.0305502
FixedParameters: 0 0 0

#Transform 26
Transform: AffineTransform_float_3_3
Parameters: 1 -0.000114625 0.00034834 0.000113797 0.999996 0.00260404 -0.000349083 -0.00260396 0.999996 -0.00474648 0.0331672 -0.0556356
FixedParameters: 0 0 0

#Transform 27
Transform: AffineTransform_float_3_3
Parameters: 1 0.000225519 0.000257111 -0.000226247 0.999995 0.00334694 -0.000255747 -0.00334706 0.999995 -0.016085 -0.00416901 -0.0332505
FixedParameters: 0 0 0

#Transform 28
Transform: AffineTransform_float_3_3
Parameters: 1 -0.000378863 0.000338583 0.000378336 0.999997 0.00267513 -0.000338779 -0.00267487 0.999997 -0.0016647 0.0387932 -0.0545307
FixedParameters: 0 0 0

#Transform 29
Transform: AffineTransform_float_3_3
Parameters: 1 -2.61825e-05 0.000409073 2.43953e-05 0.999994 0.00339201 -0.000409392 -0.00339199 0.999994 0.00164075 0.0143568 -0.0231968
FixedParameters: 0 0 0

#Transform 30
Transform: AffineTransform_float_3_3
Parameters: 1 -3.49848e-05 0.000195164 3.50433e-05 0.999997 0.00238201 -0.000195479 -0.00238199 0.999997 -0.00520564 0.0224276 -0.0736056
FixedParameters: 0 0 0

#Transform 31
Transform: AffineTransform_float_3_3
Parameters: 1 0.00017471 0.00056567 -0.000177388 0.999995 0.0031109 -0.000565711 -0.0031111 0.999995 -0.00346869 0.0146666 -0.0298941
FixedParameters: 0 0 0

#Transform 32
Transform: AffineTransform_float_3_3
Parameters: 1 -2.79155e-05 0.000435696 2.69949e-05 0.999997 0.00236301 -0.000434984 -0.00236299 0.999997 0.00334995 0.0246723 -0.0576076
FixedParameters: 0 0 0

#Transform 33
Transform: AffineTransform_float_3_3
Parameters: 0.999999 9.64456e-05 0.000747919 -9.87584e-05 0.999996 0.00286893 -0.000747654 -0.00286907 0.999995 -0.00847379 0.010371 0.01841
FixedParameters: 0 0 0

#Transform 34
Transform: AffineTransform_float_3_3
Parameters: 1 -0.000427192 9.57583e-06 0.000427309 0.999998 0.001586 -9.94205e-06 -0.00158599 0.999998 0.0153498 0.00254149 -0.100418
FixedParameters: 0 0 0

#Transform 35
Transform: AffineTransform_float_3_3
Parameters: 0.999999 0.000612358 -0.00137564 -0.000611444 1 -2.69909e-05 0.00137546 2.80103e-05 0.999999 -0.157772 -0.169513 0.0119088
FixedParameters: 0 0 0

#Transform 36
Transform: AffineTransform_float_3_3
Parameters: 0.999999 8.46165e-05 -0.000871943 -8.34498e-05 1 0.000669219 0.000872055 -0.00066878 1 -0.113827 -0.00249763 0.0312672
FixedParameters: 0 0 0

#Transform 37
Transform: AffineTransform_float_3_3
Parameters: 0.999999 9.85372e-05 -0.000778955 -9.73172e-05 0.999999 0.000783222 0.000779108 -0.000782777 1 -0.0648265 -0.0196938 0.0840095
FixedParameters: 0 0 0

#Transform 38
Transform: AffineTransform_float_3_3
Parameters: 1 -0.000253354 -0.000553713 0.000253871 1 0.000466859 0.000553476 -0.00046714 0.999999 -0.0582938 -0.0275324 0.0200434
FixedParameters: 0 0 0

#Transform 39
Transform: AffineTransform_float_3_3
Parameters: 1 -0.000170256 -0.000586312 0.000170792 1 0.0004569 0.000586156 -0.0004571 0.999999 -0.0623072 -0.0233036 0.0619636
FixedParameters: 0 0 0

#Transform 40
Transform: AffineTransform_float_3_3
Parameters: 0.999999 9.81227e-05 -0.000778036 -9.80277e-05 1 6.10763e-05 0.000778048 -6.09237e-05 0.999999 -0.0278798 -0.0194404 -0.0262487
FixedParameters: 0 0 0

#Transform 41
Transform: AffineTransform_float_3_3
Parameters: 0.999999 0.000107194 -0.000715763 -0.000106591 1 -0.000269924 0.000715558 0.000270077 0.999999 -0.0307612 -0.0125403 0.0501941
FixedParameters: 0 0 0

#Transform 42
Transform: AffineTransform_float_3_3
Parameters: 1 -4.20595e-05 -0.000693409 4.18487e-05 1 -0.000152029 0.000693421 0.000151971 0.999999 -0.0343602 -0.0283293 0.0132576
FixedParameters: 0 0 0

#Transform 43
Transform: AffineTransform_float_3_3
Parameters: 1 4.16394e-05 -0.00019624 -4.12464e-05 0.999999 0.00100101 0.000196323 -0.00100099 0.999999 -0.0435559 -0.0229685 0.070851
FixedParameters: 0 0 0

#Transform 44
Transform: AffineTransform_float_3_3
Parameters: 1 0.00019364 -0.000139026 -0.00019348 1 0.000578027 0.00013925 -0.000577973 1 -0.0472887 -0.0239135 -0.0024882
FixedParameters: 0 0 0

#Transform 45
Transform: AffineTransform_float_3_3
Parameters: 1 0.000132836 -0.000548477 -0.000131897 0.999999 0.000856072 0.000548704 -0.000855926 0.999999 -0.0629879 -0.0245132 0.0539138
FixedParameters: 0 0 0

#Transform 46
Transform: AffineTransform_float_3_3
Parameters: 1 -0.000313702 -0.000563858 0.000313866 1 0.000145801 0.000563767 -0.000145199 1 -0.0355655 -0.014926 -0.00543325
FixedParameters: 0 0 0

#Transform 47
Transform: AffineTransform_float_3_3
Parameters: 1 0.000118419 -0.000304757 -0.000118066 1 0.000578036 0.000304894 -0.000577964 1 -0.0350923 -0.0268301 0.0349855
FixedParameters: 0 0 0

#Transform 48
Transform: AffineTransform_float_3_3
Parameters: 1 -0.000128749 -0.0002134 0.000129134 0.999999 0.000901972 0.000213167 -0.000902027 0.999999 -0.0457201 -0.00374681 -0.0150991
FixedParameters: 0 0 0

#Transform 49
Transform: AffineTransform_float_3_3
Parameters: 1 0.000123462 -0.000128526 -0.000124206 0.999999 0.000953015 0.00012891 -0.000952983 0.999999 -0.0342622 -0.00407071 0.0204546
FixedParameters: 0 0 0

#Transform 50
Transform: AffineTransform_float_3_3
Parameters: 0.999999 0.000495287 -0.000645965 -0.000495529 0.999999 0.00057832 0.000646685 -0.00057768 0.999999 -0.0234491 -0.0172187 -0.05163
FixedParameters: 0 0 0

#Transform 51
Transform: AffineTransform_float_3_3
Parameters: 0.999999 0.000411214 -0.00063345 -0.000410481 0.999999 0.00057826 0.000633925 -0.000577739 0.999999 -0.033668 -0.0034552 0.00973426
FixedParameters: 0 0 0

#Transform 52
Transform: AffineTransform_float_3_3
Parameters: 1 0.000268783 -0.000612247 -0.000268075 1 0.000578164 0.000612558 -0.000577835 0.999999 -0.0580837 -0.0238601 -0.0488898
FixedParameters: 0 0 0

#Transform 53
Transform: AffineTransform_float_3_3
Parameters: 1 0.00024712 -0.000608969 -0.000246221 0.999999 0.00073815 0.000609333 -0.000737849 0.999999 -0.0511109 -0.0186583 -0.000991996
FixedParameters: 0 0 0

#Transform 54
Transform: AffineTransform_float_3_3
Parameters: 1 0.000203016 -0.000496368 -0.000202684 1 0.000334101 0.000496504 -0.000333899 1 -0.0603626 -0.0213555 -0.0842759
FixedParameters: 0 0 0

#Transform 55
Transform: AffineTransform_float_3_3
Parameters: 1 -2.52514e-05 -6.09456e-05 2.53166e-05 1 0.000534998 6.09185e-05 -0.000535001 1 -0.0429665 -0.0111968 -0.015886
FixedParameters: 0 0 0

#Transform 56
Transform: AffineTransform_float_3_3
Parameters: 1 -0.000122847 -0.000494228 0.000122967 0.999999 -0.00087906 0.000494296 0.000878939 0.999999 -0.0498994 -0.0173218 -0.0821439
FixedParameters: 0 0 0

#Transform 57
Transform: AffineTransform_float_3_3
Parameters: 0.999999 -0.000674723 -0.000476979 0.000679319 0.999958 0.00912568 0.000471295 -0.00912632 0.999958 -0.0297689 0.0387547 -0.213548
FixedParameters: 0 0 0

#Transform 58
Transform: AffineTransform_float_3_3
Parameters: 1 -0.000413366 -0.000427094 0.000412976 0.999999 -0.00144118 0.000427148 0.00144082 0.999999 -0.0118821 0.0158175 -0.0973026
FixedParameters: 0 0 0

#Transform 59
Transform: AffineTransform_float_3_3
Parameters: 1 9.68428e-05 -0.000163188 -9.69178e-05 1 -0.000680984 0.000164045 0.000681016 1 -0.0271625 -0.00380289 -0.00129159
FixedParameters: 0 0 0

#Transform 60
Transform: AffineTransform_float_3_3
Parameters: 1 0.000102658 -0.000144825 -0.000102801 1 -0.000491985 0.000144724 0.000492015 1 -0.0314651 -0.0157856 -0.0784209
FixedParameters: 0 0 0

#Transform 61
Transform: AffineTransform_float_3_3
Parameters: 1 -5.98258e-05 -0.000197324 5.98214e-05 1 -1.10118e-05 0.000197326 1.09882e-05 1 -0.0228144 -0.0316217 -0.0175717
FixedParameters: 0 0 0

#Transform 62
Transform: AffineTransform_float_3_3
Parameters: 1 0.000156933 -0.000133709 -0.000157 1 -0.000251979 0.00013363 0.000252021 1 -0.0313693 -0.0232157 -0.0418107
FixedParameters: 0 0 0

#Transform 63
Transform: AffineTransform_float_3_3
Parameters: 1 0.000447301 -0.000193358 -0.000447399 1 -0.000251913 0.000193132 0.000252086 1 -0.0370696 -0.0165389 0.0228193
FixedParameters: 0 0 0

#Transform 64
Transform: AffineTransform_float_3_3
Parameters: 1 8.70976e-05 0.000162893 -8.6978e-05 1 -0.000367014 -0.000162956 0.000366986 1 -0.047865 -0.0132257 -0.0564445
FixedParameters: 0 0 0

#Transform 65
Transform: AffineTransform_float_3_3
Parameters: 1 8.70585e-05 0.000162914 -8.70171e-05 1 -0.000127014 -0.000162936 0.000126986 1 -0.0408486 -0.0190607 0.0223085
FixedParameters: 0 0 0

#Transform 66
Transform: AffineTransform_float_3_3
Parameters: 1 -0.000318322 0.000223721 0.000318595 1 -0.000611928 -0.000223331 0.000612071 1 -0.0355575 0.00671109 -0.0391958
FixedParameters: 0 0 0

#Transform 67
Transform: AffineTransform_float_3_3
Parameters: 1 0.000660087 2.66395e-05 -0.000660416 0.999959 0.00910584 -2.06967e-05 -0.00910616 0.999958 0.0191272 0.061272 -0.0321293
FixedParameters: 0 0 0

#Transform 68
Transform: AffineTransform_float_3_3
Parameters: 1 0.000242511 0.000140941 -0.000243251 0.999984 0.00564097 -0.000139338 -0.00564103 0.999984 -0.00122585 0.0900426 -0.0563721
FixedParameters: 0 0 0

#Transform 69
Transform: AffineTransform_float_3_3
Parameters: 1 0.000242684 0.000140643 -0.000243079 0.99999 0.00441097 -0.000139637 -0.00441104 0.999991 -0.00669239 0.0768762 -0.0301753
FixedParameters: 0 0 0

#Transform 70
Transform: AffineTransform_float_3_3
Parameters: 1 0.000242724 0.000140575 -0.00024304 0.999992 0.00413097 -0.000139705 -0.00413104 0.999992 -0.0188696 0.0547375 -0.0363959
FixedParameters: 0 0 0

#Transform 71
Transform: AffineTransform_float_3_3
Parameters: 1 0.000242828 0.000140395 -0.000242937 0.999994 0.00339097 -0.000139885 -0.00339104 0.999994 -0.000960666 0.0749519 -0.0287741
FixedParameters: 0 0 0

#Transform 72
Transform: AffineTransform_float_3_3
Parameters: 1 0.000449396 0.000163746 -0.000450606 0.999994 0.00326292 -0.000161798 -0.00326307 0.999994 -0.0220644 0.0522369 -0.0240142
FixedParameters: 0 0 0

#Transform 73
Transform: AffineTransform_float_3_3
Parameters: 1 -0.000160831 0.000199383 0.000160739 0.999995 0.00307903 -0.000199532 -0.00307897 0.999995 -0.0209981 0.0506757 -0.0487517
FixedParameters: 0 0 0

#Transform 74
Transform: AffineTransform_float_3_3
Parameters: 1 9.65048e-05 0.0001617 -9.63618e-05 0.999996 0.00261898 -0.000161342 -0.00261901 0.999996 -0.0160201 0.0278635 -0.0409111
FixedParameters: 0 0 0

#Transform 75
Transform: AffineTransform_float_3_3
Parameters: 1 0.000257784 0.000138016 -0.000257501 0.999996 0.00256896 -0.00013684 -0.00256903 0.999996 0.00929141 0.0608477 -0.0262267
FixedParameters: 0 0 0

#Transform 76
Transform: AffineTransform_float_3_3
Parameters: 1 0.000232976 0.000141768 -0.000233846 0.999995 0.00308397 -0.000140328 -0.00308403 0.999995 -0.00933999 0.0404891 -0.00772123
FixedParameters: 0 0 0

#Transform 77
Transform: AffineTransform_float_3_3
Parameters: 1 -4.3701e-05 -7.03934e-05 4.40409e-05 0.999997 0.002418 7.01812e-05 -0.002418 0.999997 -0.00433734 0.0445341 -0.128401
FixedParameters: 0 0 0

#Transform 78
Transform: AffineTransform_float_3_3
Parameters: 1 0.000144961 0.000154607 -0.000145817 0.999996 0.00277598 -0.0001538 -0.00277602 0.999996 -0.00366708 0.0187791 -0.0948472
FixedParameters: 0 0 0

#Transform 79
Transform: AffineTransform_float_3_3
Parameters: 1 0.000128225 0.000157004 -0.000128927 0.999998 0.00224098 -0.000156428 -0.00224102 0.999998 0.00513016 0.0343087 -0.0841222
FixedParameters: 0 0 0

#Transform 80
Transform: AffineTransform_float_3_3
Parameters: 1 0.000453423 0.000197302 -0.000453665 0.999996 0.00275291 -0.000195942 -0.00275309 0.999996 -0.0151098 0.0201999 -0.0576445
FixedParameters: 0 0 0

#Transform 81
Transform: AffineTransform_float_3_3
Parameters: 1 -0.000160747 0.00019945 0.000160823 0.999997 0.00265803 -0.000199464 -0.00265797 0.999997 -0.00880959 0.0518341 -0.0803758
FixedParameters: 0 0 0

#Transform 82
Transform: AffineTransform_float_3_3
Parameters: 1 0.00032682 0.000381625 -0.00032809 0.999996 0.00276888 -0.000380949 -0.00276913 0.999996 -0.0125167 0.00992254 -0.0536706
FixedParameters: 0 0 0

#Transform 83
Transform: AffineTransform_float_3_3
Parameters: 1 -0.000160621 0.000199552 0.000160949 0.999998 0.00202803 -0.000199363 -0.00202797 0.999998 0.0139775 0.0469285 -0.0688431
FixedParameters: 0 0 0

#Transform 84
Transform: AffineTransform_float_3_3
Parameters: 1 -0.000443729 -0.000171045 0.000444499 0.999998 0.00181993 0.000170417 -0.00182008 0.999999 0.0157583 0.0338661 -0.0565699
FixedParameters: 0 0 0

#Transform 85
Transform: AffineTransform_float_3_3
Parameters: 1 -0.000224627 -0.000233629 0.000225285 0.999999 0.00140995 0.000232995 -0.00141005 0.999999 0.0161524 0.0650344 -0.0318986
FixedParameters: 0 0 0

#Transform 86
Transform: AffineTransform_float_3_3
Parameters: 1 -0.000413588 -0.000205627 0.000413289 0.999999 0.00131992 0.000205672 -0.00132009 0.999999 -0.00679959 0.0577329 -0.0482678
FixedParameters: 0 0 0

#Transform 87
Transform: AffineTransform_float_3_3
Parameters: 1 -0.000224563 -0.00023369 0.000225349 0.999998 0.00168395 0.000232933 -0.00168405 0.999998 -0.00149522 0.0598879 0.00136584
FixedParameters: 0 0 0

#Transform 88
Transform: AffineTransform_float_3_3
Parameters: 1 -0.000494503 -9.47673e-05 0.00049443 1 -0.000382047 9.5145e-05 0.000381953 1 0.00902771 0.0675013 -0.0402989
FixedParameters: 0 0 0

#Transform 89
Transform: AffineTransform_float_3_3
Parameters: 1 -0.000227322 -0.000231008 0.000225264 0.999948 -0.0101871 0.000233197 0.0101869 0.999948 0.0161342 -0.00527452 0.0879697
FixedParameters: 0 0 0

#Transform 90
Transform: AffineTransform_float_3_3
Parameters: 0.999999 -0.000761523 -0.000488515 0.000752595 0.999834 -0.0181944 0.000502571 0.0181936 0.999835 0.0557734 0.035788 0.240261
FixedParameters: 0 0 0

#Transform 91
Transform: AffineTransform_float_3_3
Parameters: 0.999999 -9.68613e-05 -0.000879881 8.54867e-05 0.999912 -0.0132789 0.000881517 0.0132791 0.999912 0.0110766 0.0231958 0.185408
FixedParameters: 0 0 0

#Transform 92
Transform: AffineTransform_float_3_3
Parameters: 1 0.000253059 -0.000595143 -0.000260141 0.999925 -0.0122979 0.000591753 0.0122982 0.999924 0.0180596 0.0657422 0.185624
FixedParameters: 0 0 0

#Transform 93
Transform: AffineTransform_float_3_3
Parameters: 1 0.000271647 -0.000490311 -0.00027685 0.999939 -0.0109819 0.000487504 0.0109821 0.999939 -0.00707548 0.000259194 0.15749
FixedParameters: 0 0 0

#Transform 94
Transform: AffineTransform_float_3_3
Parameters: 0.999999 -0.00025846 -0.000853846 0.00024997 0.999943 -0.0106582 0.000856798 0.0106578 0.999943 0.0021516 0.0617666 0.2399
FixedParameters: 0 0 0

#Transform 95
Transform: AffineTransform_float_3_3
Parameters: 1 -0.00105332 -0.000300033 0.00105007 0.999954 -0.00961849 0.000310773 0.00961851 0.999953 -0.0357246 0.052873 0.287321
FixedParameters: 0 0 0

#Transform 96
Transform: AffineTransform_float_3_3
Parameters: 1 -0.000878545 -0.0007544 0.000871058 0.999943 -0.0106677 0.000763674 0.0106673 0.999942 -0.0168746 0.0815535 0.247891
FixedParameters: 0 0 0

#Transform 97
Transform: AffineTransform_float_3_3
Parameters: 1 -0.000193788 -0.000618193 0.000187425 0.999952 -0.00981211 0.000620058 0.00981188 0.999951 -0.0266667 0.0452289 0.207778
FixedParameters: 0 0 0

#Transform 98
Transform: AffineTransform_float_3_3
Parameters: 1 -0.000285486 -0.000290547 0.000283131 0.999947 -0.0102931 0.000293831 0.0102929 0.999947 -0.0339256 0.0831469 0.192799
FixedParameters: 0 0 0

#Transform 99
Transform: AffineTransform_float_3_3
Parameters: 1 -0.000126104 -0.000225982 0.000124598 0.999955 -0.00955104 0.000226944 0.00955098 0.999955 -0.0311029 0.0366826 0.217282
FixedParameters: 0 0 0

#Transform 100
Transform: AffineTransform_float_3_3
Parameters: 1 -0.000314011 -0.000469321 0.000309102 0.999948 -0.010144 0.000472925 0.010144 0.999949 -0.0172766 0.0718189 0.178292
FixedParameters: 0 0 0

#Transform 101
Transform: AffineTransform_float_3_3
Parameters: 1 -0.000274528 -0.000223666 0.000273001 0.999957 -0.00932907 0.000226352 0.00932895 0.999957 -0.0264545 0.0381162 0.252424
FixedParameters: 0 0 0

#Transform 102
Transform: AffineTransform_float_3_3
Parameters: 1 -0.000597206 -0.000182048 0.000595553 0.999949 -0.0100971 0.000187715 0.0100969 0.999949 -0.0258081 0.0506206 0.197907
FixedParameters: 0 0 0

#Transform 103
Transform: AffineTransform_float_3_3
Parameters: 1 -0.000315496 -4.20531e-05 0.000314402 0.999958 -0.00908801 4.57997e-05 0.00908798 0.999958 -0.0238284 0.0355192 0.252608
FixedParameters: 0 0 0

#Transform 104
Transform: AffineTransform_float_3_3
Parameters: 1 -0.000313276 -5.35063e-05 0.000312951 0.999957 -0.00920901 5.71475e-05 0.00920897 0.999957 -0.0104609 0.0433697 0.157205
FixedParameters: 0 0 0

#Transform 105
Transform: AffineTransform_float_3_3
Parameters: 1 -0.000468379 0.000316048 0.000471148 0.999963 -0.00850385 -0.000311718 0.00850414 0.999964 -0.0141645 0.0204995 0.235771
FixedParameters: 0 0 0

#Transform 106
Transform: AffineTransform_float_3_3
Parameters: 1 -0.00055116 6.78905e-05 0.000551528 0.999965 -0.00842811 -6.3542e-05 0.00842789 0.999964 -0.026376 0.0415297 0.168628
FixedParameters: 0 0 0

#Transform 107
Transform: AffineTransform_float_3_3
Parameters: 1 -0.000298301 -0.000151239 0.000297227 0.999963 -0.00857205 0.000153082 0.00857196 0.999963 -2.61706e-05 0.0218474 0.194809
FixedParameters: 0 0 0

#Transform 108
Transform: AffineTransform_float_3_3
Parameters: 0.999999 -0.000718134 -8.43491e-05 0.000717466 0.999957 -0.00922707 9.03769e-05 0.00922694 0.999958 0.00166488 0.0336134 0.198572
FixedParameters: 0 0 0

#Transform 109
Transform: AffineTransform_float_3_3
Parameters: 1 -0.000560043 -0.000109836 0.000559366 0.999964 -0.00855207 0.000114168 0.00855194 0.999964 -0.037202 0.0396135 0.247072
FixedParameters: 0 0 0

#Transform 110
Transform: AffineTransform_float_3_3
Parameters: 1 -0.00061935 -0.000100187 0.000618595 0.99996 -0.00899321 0.00010509 0.00899279 0.999959 -0.038665 0.0563381 0.263367
FixedParameters: 0 0 0

#Transform 111
Transform: AffineTransform_float_3_3
Parameters: 1 -0.000388086 1.06917e-05 0.000388642 0.999965 -0.008337 -8.31988e-06 0.00833701 0.999965 -0.0385314 0.0354031 0.192912
FixedParameters: 0 0 0

#Transform 112
Transform: AffineTransform_float_3_3
Parameters: 1 -0.000501801 -0.000118916 0.000500908 0.999961 -0.00883006 0.000122529 0.00882994 0.999961 -0.0222231 0.0588644 0.280464
FixedParameters: 0 0 0

#Transform 113
Transform: AffineTransform_float_3_3
Parameters: 1 -0.000271579 -0.000155554 0.000270685 0.999966 -0.00822205 0.000157739 0.00822196 0.999966 -0.0325855 0.0320369 0.230847
FixedParameters: 0 0 0

#Transform 114
Transform: AffineTransform_float_3_3
Parameters: 1 -0.00014611 -0.000175376 0.000144102 0.999967 -0.00809503 0.000176589 0.00809498 0.999967 -0.0321637 0.0399634 0.28648
FixedParameters: 0 0 0

#Transform 115
Transform: AffineTransform_float_3_3
Parameters: 1 -0.00046507 -0.000125401 0.000463608 0.999973 -0.00733906 0.000128113 0.00733894 0.999973 -0.0199417 0.036164 0.229909
FixedParameters: 0 0 0

#Transform 116
Transform: AffineTransform_float_3_3
Parameters: 1 -0.000129164 -0.000178136 0.000128413 0.999974 -0.00723402 0.000178715 0.00723397 0.999974 -0.0182942 0.0338929 0.258724
FixedParameters: 0 0 0

#Transform 117
Transform: AffineTransform_float_3_3
Parameters: 1 -0.000409803 -0.000133914 0.000409237 0.99997 -0.00775505 0.000137003 0.00775494 0.99997 -0.0127461 0.0365506 0.192122
FixedParameters: 0 0 0

#Transform 118
Transform: AffineTransform_float_3_3
Parameters: 1 -0.000260558 -0.000157525 0.000259949 0.999974 -0.00723904 0.00015902 0.00723896 0.999974 -0.0186743 0.0288228 0.227328
FixedParameters: 0 0 0

#Transform 119
Transform: AffineTransform_float_3_3
Parameters: 1 -0.000670593 -9.28702e-05 0.000669362 0.999969 -0.00775306 9.81662e-05 0.00775293 0.99997 -0.0102643 0.0343324 0.20431
FixedParameters: 0 0 0

#Transform 120
Transform: AffineTransform_float_3_3
Parameters: 1 -0.000283321 -0.000153886 0.000282679 0.999972 -0.00750404 0.00015586 0.00750395 0.999972 -0.00365728 0.038117 0.262797
FixedParameters: 0 0 0

#Transform 121
Transform: AffineTransform_float_3_3
Parameters: 1 -0.000605685 -0.00024696 0.000604306 0.999972 -0.0075303 0.000251672 0.0075297 0.999971 -0.00784263 0.0587912 0.212678
FixedParameters: 0 0 0

#Transform 122
Transform: AffineTransform_float_3_3
Parameters: 1 -8.9658e-05 -0.00018433 8.88001e-05 0.999974 -0.00729102 0.000184346 0.00729099 0.999974 -0.0216406 0.0274165 0.208366
FixedParameters: 0 0 0

#Transform 123
Transform: AffineTransform_float_3_3
Parameters: 1 -0.000461131 -0.000229265 0.00046026 0.999973 -0.00734811 0.000232625 0.00734789 0.999973 -0.0245651 0.0540862 0.19668
FixedParameters: 0 0 0

#Transform 124
Transform: AffineTransform_float_3_3
Parameters: 1 -0.000453442 -0.000309461 0.000450457 0.999973 -0.00726313 0.000312763 0.00726285 0.999973 -0.0268749 0.0459844 0.252461
FixedParameters: 0 0 0

#Transform 125
Transform: AffineTransform_float_3_3
Parameters: 1 -0.000563594 -0.000394803 0.00056006 0.999963 -0.00850722 0.000398826 0.00850677 0.999963 0.00127762 0.0588164 0.21554
FixedParameters: 0 0 0

#Transform 126
Transform: AffineTransform_float_3_3
Parameters: 1 -0.000251829 -0.000632438 0.000246812 0.999964 -0.00841503 0.00063377 0.00841597 0.999965 -0.00926202 0.0449482 0.215042
FixedParameters: 0 0 0

#Transform 127
Transform: AffineTransform_float_3_3
Parameters: 0.999999 -0.000325634 -0.000764462 0.000318827 0.999961 -0.00877112 0.000767103 0.00877188 0.999961 0.0112196 0.0581146 0.189749
FixedParameters: 0 0 0

#Transform 128
Transform: AffineTransform_float_3_3
Parameters: 1 -1.62272e-05 -0.000488428 1.24259e-05 0.999969 -0.00794401 0.000488064 0.007944 0.999969 -0.000905901 0.0306511 0.226724
FixedParameters: 0 0 0

#Transform 129
Transform: AffineTransform_float_3_3
Parameters: 1 -5.7071e-05 -0.000298762 5.55446e-05 0.999972 -0.00751501 0.000299165 0.00751498 0.999971 -0.00509416 0.0457894 0.16798
FixedParameters: 0 0 0

#Transform 130
Transform: AffineTransform_float_3_3
Parameters: 1 5.33262e-05 -0.000124761 -5.39623e-05 0.999975 -0.00710299 0.00012484 0.007103 0.999975 -0.0184125 0.0400116 0.199953
FixedParameters: 0 0 0

#Transform 131
Transform: AffineTransform_float_3_3
Parameters: 0.999999 -0.00116741 0.000484241 0.00116863 0.999996 -0.00274558 -0.000480646 0.00274642 0.999996 -0.0076668 0.0671348 0.145066
FixedParameters: 0 0 0

#Transform 132
Transform: AffineTransform_float_3_3
Parameters: 0.999995 -0.00313578 0.000393398 0.00314633 0.999574 -0.0289946 -0.00030279 0.0289953 0.999579 0.0531358 -0.200431 2.2015
FixedParameters: 0 0 0

#Transform 133
Transform: AffineTransform_float_3_3
Parameters: 0.999991 -0.00404199 0.00138019 0.00408061 0.999576 -0.0288589 -0.00126242 0.0288641 0.999583 0.129005 -0.0246682 2.16845
FixedParameters: 0 0 0

#Transform 134
Transform: AffineTransform_float_3_3
Parameters: 0.999991 -0.00376308 0.00166955 0.00380782 0.999618 -0.0273588 -0.00156603 0.0273642 0.999624 0.086631 0.0273492 1.9958
FixedParameters: 0 0 0

#Transform 135
Transform: AffineTransform_float_3_3
Parameters: 0.999993 -0.00335183 0.00159831 0.00339402 0.999637 -0.0267306 -0.00150889 0.0267364 0.999641 0.0924621 0.0187667 1.89893
FixedParameters: 0 0 0

#Transform 136
Transform: AffineTransform_float_3_3
Parameters: 0.999993 -0.00326296 0.00152151 0.00330068 0.999668 -0.0255388 -0.00143817 0.0255432 0.999673 0.0991839 0.00892915 1.88262
FixedParameters: 0 0 0

#Transform 137
Transform: AffineTransform_float_3_3
Parameters: 0.999994 -0.00319275 0.00151206 0.00323129 0.999647 -0.0263731 -0.00142776 0.0263779 0.999651 0.0889546 0.00907855 1.82226
FixedParameters: 0 0 0

#Transform 138
Transform: AffineTransform_float_3_3
Parameters: 0.999992 -0.00334891 0.00192048 0.00339583 0.999681 -0.0250103 -0.00183672 0.0250167 0.999686 0.0948227 0.00758378 1.84299
FixedParameters: 0 0 0

#Transform 139
Transform: AffineTransform_float_3_3
Parameters: 0.999993 -0.00349481 0.00180072 0.00353916 0.999682 -0.0249746 -0.00171255 0.0249804 0.999687 0.104024 0.0106438 1.77764
FixedParameters: 0 0 0

#Transform 140
Transform: AffineTransform_float_3_3
Parameters: 0.999991 -0.00377415 0.00166848 0.00381223 0.999714 -0.0236169 -0.00157854 0.0236221 0.999719 0.0935012 -0.0174816 1.74644
FixedParameters: 0 0 0

#Transform 141
Transform: AffineTransform_float_3_3
Parameters: 0.999993 -0.00357626 0.00149439 0.00361186 0.999693 -0.0245016 -0.00140695 0.0245074 0.999699 0.111117 0.0248885 1.77456
FixedParameters: 0 0 0

#Transform 142
Transform: AffineTransform_float_3_3
Parameters: 0.999991 -0.00368124 0.00176505 0.00372229 0.999714 -0.0236296 -0.00167706 0.0236364 0.999719 0.0849944 -0.0198654 1.74112
FixedParameters: 0 0 0

#Transform 143
Transform: AffineTransform_float_3_3
Parameters: 0.999992 -0.00360394 0.00174285 0.0036456 0.999694 -0.0245008 -0.00165401 0.0245072 0.999698 0.097248 0.0170326 1.70725
FixedParameters: 0 0 0

#Transform 144
Transform: AffineTransform_float_3_3
Parameters: 0.999994 -0.00309604 0.00167735 0.00313429 0.999725 -0.0232535 -0.0016046 0.0232585 0.999728 0.076556 -0.0245632 1.69663
FixedParameters: 0 0 0

#Transform 145
Transform: AffineTransform_float_3_3
Parameters: 0.999993 -0.00312562 0.00165239 0.00316387 0.999722 -0.0233584 -0.00157874 0.0233636 0.999726 0.0835388 -0.000978144 1.61551
FixedParameters: 0 0 0

#Transform 146
Transform: AffineTransform_float_3_3
Parameters: 0.999994 -0.00303029 0.00178831 0.00307159 0.999728 -0.0231193 -0.00171709 0.0231247 0.999731 0.0851318 -0.0168967 1.67263
FixedParameters: 0 0 0

#Transform 147
Transform: AffineTransform_float_3_3
Parameters: 0.999994 -0.00318337 0.00182912 0.00322248 0.999759 -0.0216949 -0.00176014 0.0217011 0.999763 0.0810267 -0.0131343 1.54315
FixedParameters: 0 0 0

#Transform 148
Transform: AffineTransform_float_3_3
Parameters: 0.999994 -0.00269287 0.00206766 0.00273725 0.99976 -0.0217308 -0.00200874 0.0217362 0.999762 0.091173 0.0102138 1.58959
FixedParameters: 0 0 0

#Transform 149
Transform: AffineTransform_float_3_3
Parameters: 0.999994 -0.00286508 0.0018251 0.00290409 0.999754 -0.0219853 -0.00176204 0.0219907 0.999757 0.0680266 0.00447949 1.53821
FixedParameters: 0 0 0

#Transform 150
Transform: AffineTransform_float_3_3
Parameters: 0.999995 -0.00271498 0.00202926 0.00275792 0.999764 -0.0215368 -0.00197062 0.0215421 0.999766 0.0907698 -0.0003535 1.48679
FixedParameters: 0 0 0

#Transform 151
Transform: AffineTransform_float_3_3
Parameters: 0.999995 -0.00222389 0.00246406 0.00227171 0.999801 -0.0198365 -0.00241909 0.0198424 0.9998 0.0866693 -0.0421372 1.35399
FixedParameters: 0 0 0

#Transform 152
Transform: AffineTransform_float_3_3
Parameters: 0.999995 -0.00208992 0.00218397 0.00213421 0.99979 -0.0203725 -0.00214089 0.0203775 0.99979 0.0851089 -0.000766661 1.37174
FixedParameters: 0 0 0

#Transform 153
Transform: AffineTransform_float_3_3
Parameters: 0.999995 -0.00182034 0.00239675 0.00186826 0.99979 -0.0203835 -0.00235871 0.0203875 0.999789 0.0834334 -0.0306581 1.35556
FixedParameters: 0 0 0

#Transform 154
Transform: AffineTransform_float_3_3
Parameters: 0.999996 -0.00182154 0.00239584 0.0018682 0.9998 -0.0198825 -0.00235878 0.0198865 0.9998 0.0742566 -0.0035403 1.38569
FixedParameters: 0 0 0

#Transform 155
Transform: AffineTransform_float_3_3
Parameters: 0.999996 -0.00188282 0.00204583 0.00192048 0.999821 -0.0188252 -0.00200989 0.0188288 0.999821 0.0582851 -0.0205562 1.31564
FixedParameters: 0 0 0

#Transform 156
Transform: AffineTransform_float_3_3
Parameters: 0.999997 -0.0019048 0.0019173 0.00193991 0.999824 -0.0186434 -0.00188172 0.0186476 0.999824 0.0662203 0.0158147 1.32442
FixedParameters: 0 0 0

#Transform 157
Transform: AffineTransform_float_3_3
Parameters: 0.999998 -0.00153643 0.0016715 0.00156567 0.999837 -0.0180025 -0.00164345 0.0180055 0.999836 0.0403062 -0.0177335 1.26723
FixedParameters: 0 0 0

#Transform 158
Transform: AffineTransform_float_3_3
Parameters: 0.999997 -0.00165858 0.00192997 0.00169207 0.999839 -0.0178387 -0.00190037 0.0178423 0.999839 0.0549628 0.0196015 1.2705
FixedParameters: 0 0 0

#Transform 159
Transform: AffineTransform_float_3_3
Parameters: 0.999996 -0.00160311 0.00229168 0.00164115 0.999858 -0.0167671 -0.0022639 0.0167709 0.999857 0.0455791 -0.0328758 1.21145
FixedParameters: 0 0 0

#Transform 160
Transform: AffineTransform_float_3_3
Parameters: 0.999996 -0.00121662 0.0022839 0.00125326 0.999871 -0.016042 -0.00226412 0.016045 0.999869 0.0406277 -0.00492268 1.25706
FixedParameters: 0 0 0

#Transform 161
Transform: AffineTransform_float_3_3
Parameters: 0.999996 -0.0018372 0.00238127 0.00186922 0.999907 -0.0135355 -0.00235662 0.0135405 0.999906 0.0586772 0.0155987 1.16414
FixedParameters: 0 0 0

#Transform 162
Transform: AffineTransform_float_3_3
Parameters: 0.999997 -0.00133265 0.0023005 0.00136572 0.999894 -0.0144958 -0.00228167 0.0144982 0.999892 0.0352671 0.0180784 1.23284
FixedParameters: 0 0 0

#Transform 163
Transform: AffineTransform_float_3_3
Parameters: 0.999997 -0.00148512 0.00183839 0.00151026 0.999907 -0.0135232 -0.00181851 0.0135258 0.999907 0.0278175 0.0134689 1.12322
FixedParameters: 0 0 0

#Transform 164
Transform: AffineTransform_float_3_3
Parameters: 0.999997 -0.00122127 0.00215689 0.0012518 0.9999 -0.0140771 -0.00213984 0.0140799 0.999899 0.042091 0.0334814 1.16141
FixedParameters: 0 0 0

#Transform 165
Transform: AffineTransform_float_3_3
Parameters: 0.999997 -0.00130407 0.0019521 0.00132933 0.999913 -0.0131474 -0.00193484 0.0131496 0.999912 0.0458635 0.025517 1.01261
FixedParameters: 0 0 0

#Transform 166
Transform: AffineTransform_float_3_3
Parameters: 0.999997 -0.00142126 0.00205504 0.0014487 0.999907 -0.013582 -0.0020351 0.013585 0.999906 0.048439 0.0286473 1.0741
FixedParameters: 0 0 0

#Transform 167
Transform: AffineTransform_float_3_3
Parameters: 0.999997 -0.00128311 0.00205251 0.0013111 0.999909 -0.0134443 -0.00203584 0.0134467 0.999907 0.0141563 0.0128667 1.06651
FixedParameters: 0 0 0

#Transform 168
Transform: AffineTransform_float_3_3
Parameters: 0.999996 -0.00110676 0.00230805 0.00113892 0.999903 -0.0138662 -0.0022924 0.0138688 0.999901 0.0454136 0.027275 1.08779
FixedParameters: 0 0 0

#Transform 169
Transform: AffineTransform_float_3_3
Parameters: 0.999997 -0.00122228 0.00240545 0.00125535 0.999908 -0.0135258 -0.00238842 0.0135282 0.999906 0.0311327 0.0144144 1.04289
FixedParameters: 0 0 0

#Transform 170
Transform: AffineTransform_float_3_3
Parameters: 0.999997 -0.000894592 0.00223827 0.00092571 0.999899 -0.0141816 -0.00222483 0.0141834 0.999897 0.0288346 0.0308724 1.10482
FixedParameters: 0 0 0

#Transform 171
Transform: AffineTransform_float_3_3
Parameters: 0.999996 -0.00138489 0.00255294 0.00142123 0.999897 -0.0142862 -0.00253269 0.0142888 0.999895 0.00940472 -0.000670086 1.06178
FixedParameters: 0 0 0

#Transform 172
Transform: AffineTransform_float_3_3
Parameters: 0.999997 -0.00101707 0.00233561 0.00105047 0.999896 -0.0143614 -0.00232013 0.0143636 0.999894 0.0187069 0.01142 1.12715
FixedParameters: 0 0 0

#Transform 173
Transform: AffineTransform_float_3_3
Parameters: 0.999997 -0.000967667 0.00219692 0.000998568 0.999895 -0.0144696 -0.00218283 0.0144714 0.999893 0.0119584 0.0108441 0.985841
FixedParameters: 0 0 0

#Transform 174
Transform: AffineTransform_float_3_3
Parameters: 0.999997 -0.000993578 0.00248054 0.00102839 0.999898 -0.0142301 -0.00246667 0.0142329 0.999896 0.0223803 0.068056 0.932418
FixedParameters: 0 0 0

#Transform 175
Transform: AffineTransform_float_3_3
Parameters: 0.999997 -0.000599632 0.00213688 0.000631514 0.999889 -0.0149165 -0.00212793 0.0149175 0.999886 0.00656768 0.0383078 1.1216
FixedParameters: 0 0 0

#Transform 176
Transform: AffineTransform_float_3_3
Parameters: 0.999998 -0.00072347 0.0017427 0.000749098 0.99989 -0.0148426 -0.00173213 0.0148445 0.999889 0.0201224 0.0637717 0.937391
FixedParameters: 0 0 0

#Transform 177
Transform: AffineTransform_float_3_3
Parameters: 0.999998 -0.000698009 0.00189296 0.000726652 0.999884 -0.0152465 -0.00188208 0.0152485 0.999882 0.0187089 0.0435138 0.987043
FixedParameters: 0 0 0

#Transform 178
Transform: AffineTransform_float_3_3
Parameters: 0.999998 -0.000332805 0.00190732 0.00036062 0.999892 -0.014695 -0.00190303 0.014695 0.999891 0.00907968 0.0158012 0.933597
FixedParameters: 0 0 0

#Transform 179
Transform: AffineTransform_float_3_3
Parameters: 0.999998 -0.000404002 0.00229591 0.000436435 0.999894 -0.0145437 -0.00228969 0.0145443 0.999891 0.0208835 0.0339711 0.874202
FixedParameters: 0 0 0

#Transform 180
Transform: AffineTransform_float_3_3
Parameters: 0.999998 -0.000162935 0.00226003 0.000194271 0.999902 -0.0139521 -0.00225739 0.0139519 0.9999 0.0181561 0.00434291 0.957302
FixedParameters: 0 0 0

#Transform 181
Transform: AffineTransform_float_3_3
Parameters: 0.999995 -0.000472516 0.00288606 0.000512057 0.999905 -0.0137079 -0.0028798 0.0137091 0.999902 0.0341935 0.0486912 0.928397
FixedParameters: 0 0 0

#Transform 182
Transform: AffineTransform_float_3_3
Parameters: 0.999996 -0.000170482 0.00259528 0.000204877 0.999912 -0.0133111 -0.00259218 0.013312 0.999908 0.0325414 0.0125666 0.954519
FixedParameters: 0 0 0

#Transform 183
Transform: AffineTransform_float_3_3
Parameters: 0.999996 -0.000481804 0.00254599 0.000516492 0.999908 -0.0135864 -0.00253942 0.0135876 0.999904 0.0285628 0.0176851 0.868158
FixedParameters: 0 0 0

#Transform 184
Transform: AffineTransform_float_3_3
Parameters: 0.999997 -0.000206731 0.00237127 0.000238565 0.999909 -0.013433 -0.00236862 0.013434 0.999907 0.0277497 0.0201914 0.926211
FixedParameters: 0 0 0

#Transform 185
Transform: AffineTransform_float_3_3
Parameters: 0.999997 -0.000699172 0.00234718 0.000732209 0.999898 -0.0142821 -0.00233684 0.0142829 0.999895 0.0190226 0.0203122 0.902854
FixedParameters: 0 0 0

#Transform 186
Transform: AffineTransform_float_3_3
Parameters: 0.999997 -0.00111419 0.002481 0.00115516 0.999858 -0.016839 -0.00246174 0.016841 0.999855 0.0571053 0.0810547 0.905849
FixedParameters: 0 0 0

#Transform 187
Transform: AffineTransform_float_3_3
Parameters: 0.999998 -0.00150135 0.00175684 0.00153032 0.999866 -0.0162913 -0.00173158 0.0162937 0.999866 0.0113014 0.0225701 1.00139
FixedParameters: 0 0 0

#Transform 188
Transform: AffineTransform_float_3_3
Parameters: 0.999995 -0.00266383 0.00170091 0.00269302 0.999845 -0.0174229 -0.00165474 0.0174281 0.999847 0.0140878 0.0520054 1.00497
FixedParameters: 0 0 0

#Transform 189
Transform: AffineTransform_float_3_3
Parameters: 0.999997 0.00117379 0.00207962 -0.00113734 0.999843 -0.0176582 -0.00209968 0.0176558 0.999842 -0.105547 0.0551918 1.10852
FixedParameters: 0 0 0

#Transform 190
Transform: AffineTransform_float_3_3
