#Insight Transform File V1.0
#Transform 0
Transform: AffineTransform_float_3_3
Parameters: 0.999999 -0.00077889 0.000105477 0.000779036 0.999998 -0.00195592 -0.000104412 0.00195608 0.999998 -0.0312452 0.018691 0.61782
FixedParameters: 0 0 0

#Transform 1
Transform: AffineTransform_float_3_3
Parameters: 0.999999 -0.000828762 -0.000266132 0.000828357 1 -0.000759369 0.00026739 0.00075963 0.999999 0.0172456 -0.0165359 0.2651
FixedParameters: 0 0 0

#Transform 2
Transform: AffineTransform_float_3_3
Parameters: 0.999999 -0.000391222 -0.000862626 0.000390754 0.999999 -0.000769224 0.000862104 0.000769777 1 0.0639981 0.00151242 0.0855069
FixedParameters: 0 0 0

#Transform 3
Transform: AffineTransform_float_3_3
Parameters: 1 -0.000521213 -0.000461618 0.000521182 1 -0.00110624 0.000462638 0.00110576 1 0.0318527 0.00862956 0.206177
FixedParameters: 0 0 0

#Transform 4
Transform: AffineTransform_float_3_3
Parameters: 1 -0.000656591 -0.000253965 0.000656106 0.999999 -0.000693184 0.000253884 0.000693815 0.999999 0.012502 -0.0103716 0.423467
FixedParameters: 0 0 0

#Transform 5
Transform: AffineTransform_float_3_3
Parameters: 0.999999 -0.000868331 0.000160277 0.000868798 0.999997 -0.00229786 -0.000158267 0.00229814 0.999998 -0.015835 0.060487 0.427188
FixedParameters: 0 0 0

#Transform 6
Transform: AffineTransform_float_3_3
Parameters: 1 3.21109e-05 0.000125837 -3.17476e-05 0.999999 -0.001443 -0.000125929 0.001443 0.999999 -0.00948458 0.0295282 0.0962934
FixedParameters: 0 0 0

#Transform 7
Transform: AffineTransform_float_3_3
Parameters: 1 0.000183298 0.000563874 -0.000184024 0.999999 0.0015229 -0.000563447 -0.0015231 0.999998 -0.00497438 -0.0288045 -0.151704
FixedParameters: 0 0 0

#Transform 8
Transform: AffineTransform_float_3_3
Parameters: 0.999998 0.00154981 0.000407233 -0.00155096 0.999999 0.00109722 -0.000405812 -0.00109778 1 -0.0346274 -0.104915 0.130696
FixedParameters: 0 0 0

#Transform 9
Transform: AffineTransform_float_3_3
Parameters: 0.999998 0.00134605 -0.00114413 -0.00134346 0.999996 0.00265945 0.00114771 -0.00265856 0.999996 0.0410514 -0.143653 0.133085
FixedParameters: 0 0 0

#Transform 10
Transform: AffineTransform_float_3_3
Parameters: 0.999999 0.000652295 -0.00131266 -0.000648812 0.999997 0.00260987 0.00131348 -0.00260913 0.999996 0.0738275 -0.0762913 -0.00739393
FixedParameters: 0 0 0

#Transform 11
Transform: AffineTransform_float_3_3
Parameters: 1 0.00043959 -0.00111285 -0.000437638 0.999998 0.00182651 0.00111373 -0.00182649 0.999998 0.0672621 -0.0511302 0.0324896
FixedParameters: 0 0 0

#Transform 12
Transform: AffineTransform_float_3_3
Parameters: 1 -0.000243936 -0.000606158 0.000243795 1 0.000591852 0.000606993 -0.000592148 0.999999 0.0430086 -0.0179194 -0.0359889
FixedParameters: 0 0 0

#Transform 13
Transform: AffineTransform_float_3_3
Parameters: 1 -0.000482463 -0.000408615 0.000482144 1 -0.000391197 0.000408992 0.000390803 1 0.0507919 0.0261245 -0.174855
FixedParameters: 0 0 0

#Transform 14
Transform: AffineTransform_float_3_3
Parameters: 1 -0.000407561 0.000150649 0.000407861 1 -0.00099707 -0.000149836 0.00099693 0.999999 0.0189294 0.0249817 -0.0871717
FixedParameters: 0 0 0

#Transform 15
Transform: AffineTransform_float_3_3
Parameters: 0.999999 -0.000673078 0.000322437 0.000672618 1 -0.000825914 -0.000321194 0.000826085 0.999999 -0.00420448 0.0229581 0.0165459
FixedParameters: 0 0 0

#Transform 16
Transform: AffineTransform_float_3_3
Parameters: 1 -0.000100917 0.000243359 0.000100588 0.999999 0.000951024 -0.000242559 -0.000950975 0.999999 0.000709324 -0.091278 -0.00850239
FixedParameters: 0 0 0

#Transform 17
Transform: AffineTransform_float_3_3
Parameters: 1 0.000308909 -0.000378861 -0.000309215 0.999999 0.000903116 0.000379552 -0.000902882 0.999999 0.0589036 -0.099692 0.0962571
FixedParameters: 0 0 0

#Transform 18
Transform: AffineTransform_float_3_3
Parameters: 1 -7.34234e-05 -0.000973786 7.44518e-05 1 0.00103693 0.000973765 -0.00103707 0.999999 0.0570447 -0.0522474 -0.00149813
FixedParameters: 0 0 0

#Transform 19
Transform: AffineTransform_float_3_3
Parameters: 1 0.000261271 -0.000340532 -0.00026124 1 4.6089e-05 0.000340556 -4.5911e-05 1 0.0220739 -0.00295398 -0.127043
FixedParameters: 0 0 0

#Transform 20
Transform: AffineTransform_float_3_3
Parameters: 1 -0.000192916 -4.68233e-05 0.000192879 1 -0.000398009 4.69768e-05 0.000397991 1 -0.000920517 0.0213856 0.00666742
FixedParameters: 0 0 0

#Transform 21
Transform: AffineTransform_float_3_3
Parameters: 1 -0.000226008 0.000533252 0.000224834 1 0.00110012 -0.000533748 -0.00109988 1 -0.0260646 -0.0457855 0.0315635
FixedParameters: 0 0 0

#Transform 22
Transform: AffineTransform_float_3_3
Parameters: 0.999999 -0.000711297 -8.99591e-05 0.000712654 0.999989 0.00467494 8.7267e-05 -0.00467506 0.999989 -0.0300905 -0.192262 0.243911
FixedParameters: 0 0 0

#Transform 23
Transform: AffineTransform_float_3_3
Parameters: 1 0.000782503 0.000629555 -0.000784484 0.999993 0.00362551 -0.000627243 -0.00362649 0.999993 -0.0733151 -0.198802 0.532137
FixedParameters: 0 0 0

#Transform 24
Transform: AffineTransform_float_3_3
Parameters: 0.999998 0.00206114 -0.000248523 -0.00206007 0.999988 0.00446026 0.000257983 -0.00445974 0.99999 -0.0308043 -0.184997 0.706881
FixedParameters: 0 0 0

#Transform 25
Transform: AffineTransform_float_3_3
Parameters: 0.999998 0.00186582 -0.000858264 -0.00186454 0.999997 0.00155036 0.000861203 -0.00154864 0.999998 -0.0128812 -0.0292204 0.368733
FixedParameters: 0 0 0

#Transform 26
Transform: AffineTransform_float_3_3
Parameters: 0.999998 0.00184637 -0.000891733 -0.00184473 0.999997 0.00169254 0.000895135 -0.00169046 0.999998 -0.0528572 -0.0119647 -0.0931314
FixedParameters: 0 0 0

#Transform 27
Transform: AffineTransform_float_3_3
Parameters: 0.999997 0.00234639 -0.000848957 -0.00234454 0.999995 0.00198062 0.00085441 -0.00197838 0.999998 -0.0567281 -0.0578319 -0.196342
FixedParameters: 0 0 0

#Transform 28
Transform: AffineTransform_float_3_3
Parameters: 0.999998 0.00221124 -0.000662539 -0.00221004 0.999997 0.00119922 0.000664864 -0.00119778 0.999999 -0.0553804 -0.139172 0.0123113
FixedParameters: 0 0 0

#Transform 29
Transform: AffineTransform_float_3_3
Parameters: 0.999997 0.00197132 -0.000802979 -0.0019707 0.999998 0.000386338 0.000804499 -0.000384659 0.999999 -0.033083 -0.105368 0.0881758
FixedParameters: 0 0 0

#Transform 30
Transform: AffineTransform_float_3_3
Parameters: 0.999998 0.0015295 -0.000582795 -0.00153004 0.999998 0.000383778 0.000584101 -0.000383221 1 -0.0298397 -0.0638473 0.019873
FixedParameters: 0 0 0

#Transform 31
Transform: AffineTransform_float_3_3
Parameters: 0.999999 0.00183899 -4.64753e-05 -0.00183898 0.999999 8.28234e-05 4.67805e-05 -8.31763e-05 1 -0.0502882 -0.0486903 0.0488358
FixedParameters: 0 0 0

#Transform 32
Transform: AffineTransform_float_3_3
Parameters: 0.999998 0.00192254 -0.000229532 -0.00192259 0.999998 -0.000127821 0.00022904 0.000128178 1 -0.0621093 -0.0280561 -0.0440104
FixedParameters: 0 0 0

#Transform 33
Transform: AffineTransform_float_3_3
Parameters: 0.999996 0.00260161 6.77807e-05 -0.00260095 0.999996 0.000492414 -6.73331e-05 -0.000492587 1 -0.0657484 -0.0770539 -0.130542
FixedParameters: 0 0 0

#Transform 34
Transform: AffineTransform_float_3_3
Parameters: 0.999993 0.00374465 0.00103774 -0.00374587 0.999992 0.00164137 -0.00103178 -0.00164464 0.999999 -0.135002 0.0188538 0.297461
FixedParameters: 0 0 0

#Transform 35
Transform: AffineTransform_float_3_3
Parameters: 0.999997 0.000943551 0.00219611 -0.000945742 0.999999 0.000949171 -0.00219458 -0.000951829 0.999997 -0.134549 -0.00560843 0.397976
FixedParameters: 0 0 0

#Transform 36
Transform: AffineTransform_float_3_3
Parameters: 0.999999 0.00118041 0.000422214 -0.00118012 0.999999 -0.00034063 -0.000423016 0.00033937 1 -0.0551008 0.0460587 0.406443
FixedParameters: 0 0 0

#Transform 37
Transform: AffineTransform_float_3_3
Parameters: 1 0.00109765 -0.000196137 -0.00109782 0.999999 -0.00111579 0.000195669 0.00111622 1 -0.0811155 0.0974443 0.124142
FixedParameters: 0 0 0

#Transform 38
Transform: AffineTransform_float_3_3
Parameters: 0.999998 0.00157248 0.000501802 -0.00157291 0.999998 -0.000425938 -0.000502017 0.000425062 0.999999 -0.0940258 0.0758273 -0.00283312
FixedParameters: 0 0 0

#Transform 39
Transform: AffineTransform_float_3_3
Parameters: 0.999998 0.00186229 0.00135834 -0.0018628 0.999998 -0.000177566 -0.00135886 0.000174435 0.999999 -0.123211 9.82057e-05 0.0848985
FixedParameters: 0 0 0

#Transform 40
Transform: AffineTransform_float_3_3
Parameters: 0.999998 0.00172795 0.000760486 -0.00172848 0.999999 0.000828521 -0.000759735 -0.000829481 0.999999 -0.0602223 -0.0119129 -0.032885
FixedParameters: 0 0 0

#Transform 41
Transform: AffineTransform_float_3_3
Parameters: 0.999996 0.00263413 0.000958889 -0.00263237 0.999995 -0.00167384 -0.000963468 0.00167115 0.999998 -0.0685921 0.0942156 -0.219281
FixedParameters: 0 0 0

#Transform 42
Transform: AffineTransform_float_3_3
Parameters: 0.999998 0.00196648 0.00072471 -0.00196618 0.999997 -0.00139072 -0.00072793 0.00138927 0.999998 -0.056763 0.0743227 -0.168542
FixedParameters: 0 0 0

#Transform 43
Transform: AffineTransform_float_3_3
Parameters: 0.999998 0.00188469 0.00130112 -0.0018846 0.999998 -3.25046e-05 -0.00130123 3.04952e-05 0.999999 -0.0632806 0.0199862 -0.234138
FixedParameters: 0 0 0

#Transform 44
Transform: AffineTransform_float_3_3
Parameters: 0.999995 0.00243337 0.00196666 -0.00243095 0.999997 -0.000834873 -0.00196958 0.000830124 0.999998 -0.087435 0.0341272 -0.203167
FixedParameters: 0 0 0

#Transform 45
Transform: AffineTransform_float_3_3
Parameters: 0.999997 0.00193774 0.00134703 -0.00193848 0.999999 0.000272206 -0.00134597 -0.000274793 0.999999 -0.100543 0.00444387 -0.254572
FixedParameters: 0 0 0

#Transform 46
Transform: AffineTransform_float_3_3
Parameters: 0.999966 0.00362151 -0.0074058 -0.00357705 0.999975 0.00600007 0.00742656 -0.00597293 0.999955 0.191274 -0.127422 -0.160452
FixedParameters: 0 0 0

#Transform 47
Transform: AffineTransform_float_3_3
Parameters: 0.999996 0.00232586 -0.0010615 -0.00232055 0.999984 0.00508812 0.00107377 -0.00508588 0.999986 -0.0128193 -0.098714 -0.480533
FixedParameters: 0 0 0

#Transform 48
Transform: AffineTransform_float_3_3
Parameters: 0.999994 0.00226954 0.00278353 -0.00228423 0.999982 0.00541296 -0.00277202 -0.00541903 0.999981 -0.148129 -0.132802 -0.331414
FixedParameters: 0 0 0

#Transform 49
Transform: AffineTransform_float_3_3
Parameters: 0.999996 0.00254213 0.000550023 -0.00254323 0.999994 0.00220731 -0.000544015 -0.00220869 0.999998 -0.118139 -0.0548742 -0.103283
FixedParameters: 0 0 0

#Transform 50
Transform: AffineTransform_float_3_3
Parameters: 0.999998 0.00191754 2.31509e-05 -0.00191786 0.999998 0.00134568 -1.99728e-05 -0.00134532 0.999999 -0.087613 -0.0067723 -0.0157071
FixedParameters: 0 0 0

#Transform 51
Transform: AffineTransform_float_3_3
Parameters: 0.999999 0.00129182 0.000107567 -0.00129279 0.999996 0.00274172 -0.000103454 -0.00274129 0.999996 -0.0804073 -0.0683106 -0.019896
FixedParameters: 0 0 0

#Transform 52
Transform: AffineTransform_float_3_3
Parameters: 0.999999 0.00132904 0.000386246 -0.00133016 0.999999 0.00128434 -0.000383821 -0.00128466 0.999999 -0.112577 0.0274657 -0.108444
FixedParameters: 0 0 0

#Transform 53
Transform: AffineTransform_float_3_3
Parameters: 0.999998 0.00172171 0.00150691 -0.00172388 0.999997 0.00157648 -0.00150485 -0.00157852 0.999998 -0.138617 0.0661188 -0.2109
FixedParameters: 0 0 0

#Transform 54
Transform: AffineTransform_float_3_3
Parameters: 0.999997 0.00235167 0.000757403 -0.00235964 0.999941 0.0106289 -0.000731576 -0.0106301 0.999943 -0.078057 -0.230513 0.00544252
FixedParameters: 0 0 0

#Transform 55
Transform: AffineTransform_float_3_3
Parameters: 0.999998 0.00210989 4.35081e-05 -0.0021107 0.99984 0.0177985 -5.71827e-06 -0.0177985 0.999841 -0.0841097 -0.517241 0.562936
FixedParameters: 0 0 0

#Transform 56
Transform: AffineTransform_float_3_3
Parameters: 0.999999 0.00160981 -0.000635109 -0.00160303 0.999938 0.0109569 0.000653129 -0.0109551 0.99994 -0.0408756 -0.284029 0.488743
FixedParameters: 0 0 0

#Transform 57
Transform: AffineTransform_float_3_3
Parameters: 0.999998 0.00180119 -0.000562471 -0.00179652 0.999962 0.00844291 0.000578374 -0.00844209 0.999965 -0.0410161 -0.199594 0.339871
FixedParameters: 0 0 0

#Transform 58
Transform: AffineTransform_float_3_3
Parameters: 0.999998 0.00192268 -0.000555465 -0.00191829 0.999971 0.00743284 0.000569409 -0.00743217 0.999973 -0.0580214 -0.174144 0.211488
FixedParameters: 0 0 0

#Transform 59
Transform: AffineTransform_float_3_3
Parameters: 0.999999 0.00179937 -0.000444225 -0.00179626 0.999979 0.00632955 0.000455219 -0.00632846 0.99998 -0.0571456 -0.143595 0.136271
FixedParameters: 0 0 0

#Transform 60
Transform: AffineTransform_float_3_3
Parameters: 0.999998 0.0021049 0.000258859 -0.00210608 0.999983 0.00534218 -0.000247662 -0.00534281 0.999985 -0.064286 -0.118192 0.0125031
FixedParameters: 0 0 0

#Transform 61
Transform: AffineTransform_float_3_3
Parameters: 0.999999 0.0015092 0.000172358 -0.00150998 0.999986 0.00505062 -0.000165302 -0.00505139 0.999987 -0.0509637 -0.128981 -0.0159151
FixedParameters: 0 0 0

#Transform 62
Transform: AffineTransform_float_3_3
Parameters: 0.999998 0.00192882 0.000246388 -0.00192995 0.999983 0.00548826 -0.000236509 -0.00548875 0.999985 -0.0659489 -0.124491 -0.0162609
FixedParameters: 0 0 0

#Transform 63
Transform: AffineTransform_float_3_3
Parameters: 0.999996 0.00299339 0.000481936 -0.00299663 0.999981 0.00536702 -0.00046617 -0.00536898 0.999986 -0.0939831 -0.146434 -0.0353419
FixedParameters: 0 0 0

#Transform 64
Transform: AffineTransform_float_3_3
Parameters: 0.999996 0.00298841 0.000445257 -0.00299168 0.999979 0.00570626 -0.000428508 -0.00570773 0.999984 -0.0907355 -0.157973 0.0125903
FixedParameters: 0 0 0

#Transform 65
Transform: AffineTransform_float_3_3
Parameters: 0.999996 0.00239339 0.00105824 -0.00239978 0.999981 0.0055823 -0.0010443 -0.0055847 0.999984 -0.0820254 -0.164551 -0.0348368
FixedParameters: 0 0 0

#Transform 66
Transform: AffineTransform_float_3_3
Parameters: 0.999998 0.00189163 0.000752002 -0.00189599 0.999977 0.00650743 -0.000740173 -0.00650858 0.999979 -0.0829998 -0.171985 -0.145298
FixedParameters: 0 0 0

#Transform 67
Transform: AffineTransform_float_3_3
Parameters: 0.999997 0.00160152 0.00184764 -0.00161668 0.999964 0.00829725 -0.00183408 -0.00829975 0.999964 -0.180711 -0.195368 -0.0753522
FixedParameters: 0 0 0

#Transform 68
Transform: AffineTransform_float_3_3
Parameters: 0.999999 0.000913116 0.0014926 -0.000920207 0.999989 0.00457275 -0.00148812 -0.00457425 0.999989 -0.156562 -0.136719 0.0492535
FixedParameters: 0 0 0

#Transform 69
Transform: AffineTransform_float_3_3
Parameters: 0.999997 0.00137797 0.00180622 -0.00138538 0.999991 0.0040656 -0.00180099 -0.0040684 0.99999 -0.134501 -0.0772106 0.0677588
FixedParameters: 0 0 0

#Transform 70
Transform: AffineTransform_float_3_3
Parameters: 0.999998 0.00107098 0.00128834 -0.00107613 0.999991 0.00410458 -0.00128429 -0.00410542 0.99999 -0.0973009 -0.0569776 -0.0236256
FixedParameters: 0 0 0

#Transform 71
Transform: AffineTransform_float_3_3
Parameters: 0.999998 0.00110977 0.00119056 -0.00111509 0.999991 0.00410064 -0.00118606 -0.00410136 0.999991 -0.0826627 -0.0367515 -0.102755
FixedParameters: 0 0 0

#Transform 72
Transform: AffineTransform_float_3_3
Parameters: 0.999995 0.00138599 0.00267106 -0.00141704 0.999933 0.0114837 -0.002655 -0.0114873 0.999931 -0.0489807 -0.128327 -1.27519
FixedParameters: 0 0 0

#Transform 73
Transform: AffineTransform_float_3_3
Parameters: 0.999986 0.00090616 0.0052473 -0.00100914 0.999805 0.0196978 -0.00522841 -0.0197032 0.999792 -0.0996458 -0.343462 -1.95514
FixedParameters: 0 0 0

#Transform 74
Transform: AffineTransform_float_3_3
Parameters: 0.999984 0.00112616 0.00564753 -0.00124228 0.999786 0.0206564 -0.00562325 -0.0206636 0.999771 -0.126458 -0.467664 -1.8816
FixedParameters: 0 0 0

#Transform 75
Transform: AffineTransform_float_3_3
Parameters: 0.999983 0.00165877 0.00554648 -0.00176311 0.999821 0.0188005 -0.00551411 -0.0188104 0.999808 -0.143726 -0.444591 -1.46492
FixedParameters: 0 0 0

#Transform 76
Transform: AffineTransform_float_3_3
Parameters: 0.999993 0.00188853 0.00321982 -0.00192195 0.999944 0.0104513 -0.00319961 -0.0104577 0.99994 -0.0698293 -0.202949 -0.625171
FixedParameters: 0 0 0

#Transform 77
Transform: AffineTransform_float_3_3
Parameters: 0.999997 0.00147317 0.00206877 -0.00149217 0.999953 0.00954417 -0.00205427 -0.00954783 0.999952 -0.0129783 -0.158817 -0.762032
FixedParameters: 0 0 0

#Transform 78
Transform: AffineTransform_float_3_3
Parameters: 0.999997 0.00136019 0.00192745 -0.00137808 0.999954 0.00943658 -0.00191516 -0.00943842 0.999954 -0.0228529 -0.171946 -0.786449
FixedParameters: 0 0 0

#Transform 79
Transform: AffineTransform_float_3_3
Parameters: 0.999996 0.00153201 0.00204303 -0.00155148 0.999956 0.00929309 -0.00202792 -0.00929691 0.999955 -0.0138946 -0.16166 -0.816467
FixedParameters: 0 0 0

#Transform 80
Transform: AffineTransform_float_3_3
Parameters: 0.999996 0.0012773 0.00226934 -0.00129892 0.999953 0.00954945 -0.0022567 -0.00955256 0.999952 -0.0199036 -0.161322 -0.942608
FixedParameters: 0 0 0

#Transform 81
Transform: AffineTransform_float_3_3
Parameters: 0.999988 0.00241379 0.0041574 -0.00248253 0.99986 0.0165518 -0.00411671 -0.0165612 0.999854 -0.086528 -0.280746 -1.4925
FixedParameters: 0 0 0

#Transform 82
Transform: AffineTransform_float_3_3
Parameters: 0.999983 0.00333805 0.00474824 -0.00343054 0.999799 0.0197631 -0.00468142 -0.0197789 0.999794 -0.0957133 -0.360323 -1.56661
FixedParameters: 0 0 0

#Transform 83
Transform: AffineTransform_float_3_3
Parameters: 0.999977 0.00202941 0.0064691 -0.0021793 0.999727 0.02324 -0.00642049 -0.0232539 0.999709 -0.0772992 -0.492849 -1.03762
FixedParameters: 0 0 0

#Transform 84
Transform: AffineTransform_float_3_3
Parameters: 0.999969 0.000975773 0.00774173 -0.0011545 0.999731 0.0231508 -0.00771733 -0.0231592 0.999702 -0.193267 -0.476603 -0.680633
FixedParameters: 0 0 0

#Transform 85
Transform: AffineTransform_float_3_3
Parameters: 0.99999 0.000813559 0.00428114 -0.000878007 0.999885 0.0151257 -0.00426824 -0.0151293 0.999877 -0.0436165 -0.306795 0.141186
FixedParameters: 0 0 0

#Transform 86
Transform: AffineTransform_float_3_3
Parameters: 0.999999 0.00146018 0.000171928 -0.00146219 0.999954 0.00948961 -0.000158469 -0.00948939 0.999955 0.112608 -0.133783 -0.0993731
FixedParameters: 0 0 0

#Transform 87
Transform: AffineTransform_float_3_3
Parameters: 0.999999 0.0014535 0.000482543 -0.00145631 0.99997 0.00764015 -0.000472007 -0.00764084 0.99997 0.115481 -0.0998799 -0.239507
FixedParameters: 0 0 0

#Transform 88
Transform: AffineTransform_float_3_3
Parameters: 1 0.000932064 0.00073081 -0.000938448 0.999957 0.00921731 -0.000721564 -0.0092177 0.999957 0.0951732 -0.104322 -0.398352
FixedParameters: 0 0 0

#Transform 89
Transform: AffineTransform_float_3_3
Parameters: 0.999999 0.000369263 0.00140514 -0.000401895 0.999724 0.0234926 -0.00139548 -0.0234934 0.999723 0.0638914 -0.267724 -0.639481
FixedParameters: 0 0 0

#Transform 90
Transform: AffineTransform_float_3_3
Parameters: 0.999985 0.0036713 -0.00390517 -0.00356334 0.999624 0.0271832 0.0040031 -0.0271688 0.999623 0.173469 -0.682796 -0.476544
FixedParameters: 0 0 0

#Transform 91
Transform: AffineTransform_float_3_3
Parameters: 0.999981 0.00521523 -0.0033091 -0.00511255 0.999528 0.0303102 0.00346532 -0.0302928 0.999535 0.151019 -0.771531 -0.652621
FixedParameters: 0 0 0

#Transform 92
Transform: AffineTransform_float_3_3
Parameters: 0.999977 0.00681179 -0.00023606 -0.00680418 0.999699 0.023549 0.000396291 -0.0235469 0.999722 -0.0184005 -0.609968 -0.466021
FixedParameters: 0 0 0

#Transform 93
Transform: AffineTransform_float_3_3
Parameters: 0.999981 0.00617736 0.000432647 -0.00618405 0.999773 0.0203722 -0.00030699 -0.0203748 0.999792 -0.0365443 -0.5094 -0.417867
FixedParameters: 0 0 0

#Transform 94
Transform: AffineTransform_float_3_3
Parameters: 0.999976 0.00690056 -7.88592e-05 -0.00689852 0.999796 0.0190248 0.000209706 -0.0190242 0.999819 -0.0254077 -0.452249 -0.344212
FixedParameters: 0 0 0

#Transform 95
Transform: AffineTransform_float_3_3
Parameters: 0.999987 0.00518404 0.000755124 -0.00519782 0.999806 0.0190216 -0.000656201 -0.0190254 0.999819 -0.0961685 -0.356068 -0.169885
FixedParameters: 0 0 0

#Transform 96
Transform: AffineTransform_float_3_3
Parameters: 0.999981 0.00448731 0.00435581 -0.00456467 0.99983 0.0178717 -0.00427482 -0.0178914 0.999831 -0.342462 -0.291899 0.148433
FixedParameters: 0 0 0

#Transform 97
Transform: AffineTransform_float_3_3
Parameters: 0.999992 0.00366494 0.0015581 -0.00368537 0.999907 0.0131157 -0.00150972 -0.0131213 0.999913 -0.133875 -0.323685 0.0102385
FixedParameters: 0 0 0

#Transform 98
Transform: AffineTransform_float_3_3
Parameters: 0.999994 0.00329942 -5.8818e-05 -0.00329811 0.999905 0.0134325 0.000103169 -0.0134325 0.99991 -0.0323612 -0.273314 -0.119349
FixedParameters: 0 0 0

#Transform 99
Transform: AffineTransform_float_3_3
Parameters: 0.999994 0.00341767 0.000354196 -0.00342259 0.999891 0.0143702 -0.000304925 -0.0143708 0.999897 -0.0285398 -0.311177 -0.214995
FixedParameters: 0 0 0

#Transform 100
Transform: AffineTransform_float_3_3
Parameters: 0.999991 0.00427412 0.000363714 -0.004278 0.999909 0.0128254 -0.000309132 -0.0128266 0.999918 -0.0277971 -0.296206 -0.259248
FixedParameters: 0 0 0

#Transform 101
Transform: AffineTransform_float_3_3
Parameters: 0.999993 0.00354086 0.000518757 -0.00354691 0.999918 0.0123284 -0.000475574 -0.0123306 0.999923 -0.0106474 -0.289996 -0.301955
FixedParameters: 0 0 0

#Transform 102
Transform: AffineTransform_float_3_3
Parameters: 0.999992 0.003625 0.00125227 -0.00364376 0.999881 0.0150238 -0.0011969 -0.0150282 0.999886 -0.0148574 -0.370094 -0.513286
FixedParameters: 0 0 0

#Transform 103
Transform: AffineTransform_float_3_3
Parameters: 0.999976 0.00588765 0.00366029 -0.00597148 0.999711 0.0232747 -0.00352236 -0.0232964 0.999723 -0.171731 -0.588446 -0.737654
FixedParameters: 0 0 0

#Transform 104
Transform: AffineTransform_float_3_3
Parameters: 0.999961 0.00761231 0.00445541 -0.00773039 0.999601 0.0271597 -0.00424687 -0.0271934 0.999622 -0.23323 -0.638836 -0.53618
FixedParameters: 0 0 0

#Transform 105
Transform: AffineTransform_float_3_3
Parameters: 0.999966 0.00765223 0.00311014 -0.00770841 0.999796 0.0186898 -0.00296671 -0.0187132 0.99982 -0.223863 -0.535269 0.322386
FixedParameters: 0 0 0

#Transform 106
Transform: AffineTransform_float_3_3
Parameters: 0.99997 0.00752466 0.00189889 -0.00755132 0.999863 0.0147119 -0.0017876 -0.0147261 0.99989 -0.193518 -0.353383 0.198067
FixedParameters: 0 0 0

#Transform 107
Transform: AffineTransform_float_3_3
Parameters: 0.999965 0.0081116 0.00173085 -0.00813533 0.999862 0.0144795 -0.00161277 -0.0144935 0.999894 -0.176849 -0.36003 0.0504848
FixedParameters: 0 0 0

#Transform 108
Transform: AffineTransform_float_3_3
Parameters: 0.999963 0.00849222 0.00121861 -0.00850835 0.999873 0.0134197 -0.00110435 -0.0134303 0.99991 -0.147129 -0.337258 -0.050387
FixedParameters: 0 0 0

#Transform 109
Transform: AffineTransform_float_3_3
Parameters: 0.99996 0.00885311 0.00111759 -0.00886622 0.999878 0.0127987 -0.00100456 -0.0128083 0.999917 -0.143969 -0.33335 -0.13443
FixedParameters: 0 0 0

#Transform 110
Transform: AffineTransform_float_3_3
Parameters: 0.999961 0.00886792 0.000862602 -0.00887771 0.999886 0.0121808 -0.00075362 -0.0121882 0.999925 -0.131668 -0.314236 -0.259239
FixedParameters: 0 0 0

#Transform 111
Transform: AffineTransform_float_3_3
Parameters: 0.999958 0.00883197 0.00249017 -0.00886309 0.999879 0.0128171 -0.0023763 -0.0128389 0.999915 -0.178407 -0.278136 -0.618212
FixedParameters: 0 0 0

#Transform 112
Transform: AffineTransform_float_3_3
Parameters: 0.999969 0.00729345 0.00272269 -0.00733498 0.99985 0.0157018 -0.00260743 -0.0157212 0.999873 -0.217357 -0.424981 -0.704469
FixedParameters: 0 0 0

#Transform 113
Transform: AffineTransform_float_3_3
Parameters: 0.999971 0.00716366 0.00258196 -0.00719259 0.999909 0.0114551 -0.00249998 -0.0114729 0.999931 -0.237089 -0.346529 -0.325626
FixedParameters: 0 0 0

#Transform 114
Transform: AffineTransform_float_3_3
Parameters: 0.999972 0.0074036 0.000976382 -0.0074128 0.99992 0.0102435 -0.00090054 -0.0102515 0.999947 -0.126146 -0.283001 -0.205963
FixedParameters: 0 0 0

#Transform 115
Transform: AffineTransform_float_3_3
Parameters: 0.999966 0.0082803 0.000799974 -0.00828803 0.999917 0.00986825 -0.000718091 -0.00987474 0.999951 -0.11855 -0.257476 -0.339743
FixedParameters: 0 0 0

#Transform 116
Transform: AffineTransform_float_3_3
Parameters: 0.999966 0.00822147 0.000748623 -0.00822895 0.999922 0.00935184 -0.000672172 -0.00935815 0.999956 -0.106609 -0.262536 -0.373492
FixedParameters: 0 0 0

#Transform 117
Transform: AffineTransform_float_3_3
Parameters: 0.999976 0.00698365 0.000594932 -0.0069898 0.999922 0.0104099 -0.000521795 -0.0104141 0.999945 -0.103109 -0.129744 -0.643778
FixedParameters: 0 0 0

#Transform 118
Transform: AffineTransform_float_3_3
Parameters: 0.999984 0.00543972 0.00116284 -0.00545481 0.999893 0.0135301 -0.00108908 -0.0135359 0.999907 -0.105 -0.076981 -0.821854
FixedParameters: 0 0 0

#Transform 119
Transform: AffineTransform_float_3_3
Parameters: 0.999973 0.00712988 0.00144492 -0.00714525 0.999913 0.0110549 -0.0013658 -0.0110651 0.999938 -0.122493 -0.196935 -0.731912
FixedParameters: 0 0 0

#Transform 120
Transform: AffineTransform_float_3_3
Parameters: 0.999965 0.00824898 0.000784594 -0.00825511 0.999936 0.00775447 -0.000720858 -0.00776054 0.99997 -0.117528 -0.188008 -0.6611
FixedParameters: 0 0 0

#Transform 121
Transform: AffineTransform_float_3_3
Parameters: 0.999963 0.0085729 0.00125579 -0.00858107 0.999938 0.00701807 -0.00119604 -0.00702793 0.999975 -0.132198 -0.182309 -0.652603
FixedParameters: 0 0 0

#Transform 122
Transform: AffineTransform_float_3_3
Parameters: 0.999984 0.00534609 0.00186957 -0.00536375 0.99994 0.00951272 -0.00181839 -0.00952228 0.999953 -0.134397 0.0131275 -0.965608
FixedParameters: 0 0 0

#Transform 123
Transform: AffineTransform_float_3_3
Parameters: 0.999983 0.0058136 -6.59543e-05 -0.00581383 0.999969 0.00545818 9.82933e-05 -0.00545782 0.999985 -0.0929568 0.00308575 -0.878862
FixedParameters: 0 0 0

#Transform 124
Transform: AffineTransform_float_3_3
Parameters: 0.999983 0.00571696 -0.000233081 -0.00571211 0.999865 0.0154473 0.000321347 -0.0154457 0.99988 -0.0559803 -0.163842 -0.922912
FixedParameters: 0 0 0

#Transform 125
Transform: AffineTransform_float_3_3
Parameters: 0.999969 0.00763557 -0.00181044 -0.00761572 0.999913 0.0108123 0.00189218 -0.0107987 0.99994 -0.0343079 -0.181548 -0.837685
FixedParameters: 0 0 0

#Transform 126
Transform: AffineTransform_float_3_3
Parameters: 0.999974 0.00677681 -0.00271913 -0.00674409 0.999907 0.0119007 0.00279957 -0.0118823 0.999925 -0.0205602 -0.205142 -0.825236
FixedParameters: 0 0 0

#Transform 127
Transform: AffineTransform_float_3_3
Parameters: 0.999978 0.00628031 -0.00178958 -0.00623517 0.999685 0.0243072 0.00194146 -0.0242958 0.999703 -0.010265 -0.452168 -1.15741
FixedParameters: 0 0 0

#Transform 128
Transform: AffineTransform_float_3_3
Parameters: 0.999975 0.006891 -0.00117355 -0.00686462 0.999763 0.0206444 0.00131556 -0.0206355 0.999786 -0.0523951 -0.493791 -1.75878
FixedParameters: 0 0 0

#Transform 129
Transform: AffineTransform_float_3_3
Parameters: 0.99996 0.00750525 0.00490873 -0.00759451 0.999801 0.018425 -0.00477025 -0.018461 0.999818 -0.338488 -0.558482 -1.10922
FixedParameters: 0 0 0

#Transform 130
Transform: AffineTransform_float_3_3
Parameters: 0.99997 0.00757909 0.00150331 -0.00759325 0.999926 0.00947941 -0.00143083 -0.00949059 0.999954 -0.249077 -0.29645 -0.261612
FixedParameters: 0 0 0

#Transform 131
Transform: AffineTransform_float_3_3
Parameters: 0.999975 0.00578786 0.00401416 -0.00580027 0.999978 0.00313009 -0.0039956 -0.0031529 0.999987 -0.222626 -0.111069 0.1471
FixedParameters: 0 0 0

#Transform 132
Transform: AffineTransform_float_3_3
Parameters: 0.999981 0.00596704 0.00116055 -0.00596855 0.999981 0.00147694 -0.0011512 -0.00148406 0.999998 -0.103974 0.0311801 -0.0557899
FixedParameters: 0 0 0

#Transform 133
Transform: AffineTransform_float_3_3
Parameters: 0.999977 0.00665221 0.000569384 -0.00665387 0.999971 0.00385937 -0.000543582 -0.00386263 0.999992 -0.10701 -0.0668705 -0.163494
FixedParameters: 0 0 0

#Transform 134
Transform: AffineTransform_float_3_3
Parameters: 0.99998 0.00627502 0.00136835 -0.00628072 0.999972 0.00417217 -0.00134188 -0.00418083 0.99999 -0.119571 -0.106366 -0.282208
FixedParameters: 0 0 0

#Transform 135
Transform: AffineTransform_float_3_3
Parameters: 0.999974 0.0068592 0.0022732 -0.0068694 0.999965 0.00466606 -0.00224075 -0.00468194 0.999987 -0.142146 -0.145143 -0.363739
FixedParameters: 0 0 0

#Transform 136
Transform: AffineTransform_float_3_3
Parameters: 0.999977 0.00599429 0.00300548 -0.00600917 0.999969 0.00500866 -0.00297552 -0.00502735 0.999983 -0.13775 -0.139127 -0.384738
FixedParameters: 0 0 0

#Transform 137
Transform: AffineTransform_float_3_3
Parameters: 0.999969 0.00697246 0.00368568 -0.00700017 0.999947 0.00750962 -0.00363264 -0.00753538 0.999965 -0.14906 -0.220239 -0.652019
FixedParameters: 0 0 0

#Transform 138
Transform: AffineTransform_float_3_3
Parameters: 0.999952 0.00806193 0.00553732 -0.00813471 0.999878 0.013386 -0.00542892 -0.01343 0.999895 -0.19869 -0.271756 -1.26265
FixedParameters: 0 0 0

#Transform 139
Transform: AffineTransform_float_3_3
Parameters: 0.999935 0.00946981 0.00624838 -0.00959977 0.99973 0.0211459 -0.00604654 -0.021205 0.999757 -0.344093 -0.418492 -0.784977
FixedParameters: 0 0 0

#Transform 140
Transform: AffineTransform_float_3_3
Parameters: 0.999952 0.00790114 0.00582558 -0.00806485 0.999556 0.0286652 -0.00559716 -0.0287108 0.999572 -0.24398 -0.478189 -0.892026
FixedParameters: 0 0 0

#Transform 141
Transform: AffineTransform_float_3_3
Parameters: 0.99999 0.004149 0.00170875 -0.00419264 0.999636 0.0266722 -0.00159807 -0.0266798 0.999643 -0.0732534 -0.41683 -0.927565
FixedParameters: 0 0 0

#Transform 142
Transform: AffineTransform_float_3_3
Parameters: 0.999989 0.00461964 0.000983559 -0.00464017 0.999744 0.0221394 -0.000880138 -0.0221446 0.999754 -0.00878569 -0.418853 -0.864118
FixedParameters: 0 0 0

#Transform 143
Transform: AffineTransform_float_3_3
Parameters: 0.999987 0.00513988 0.000869561 -0.00514975 0.999905 0.0127651 -0.000803279 -0.0127689 0.999918 -0.0256166 -0.234064 -0.704937
FixedParameters: 0 0 0

#Transform 144
Transform: AffineTransform_float_3_3
Parameters: 0.999987 0.00510506 0.00034462 -0.00510809 0.999921 0.0115057 -0.000286175 -0.0115073 0.999934 0.00267416 -0.211388 -0.779278
FixedParameters: 0 0 0

#Transform 145
Transform: AffineTransform_float_3_3
Parameters: 0.999985 0.005509 0.000189072 -0.00551124 0.999916 0.0117642 -0.00012418 -0.0117648 0.999931 0.0244818 -0.234308 -0.853578
FixedParameters: 0 0 0

#Transform 146
Transform: AffineTransform_float_3_3
Parameters: 0.999983 0.00570931 0.000183466 -0.00571111 0.999921 0.0111601 -0.000119772 -0.0111609 0.999938 0.0289722 -0.236676 -0.850747
FixedParameters: 0 0 0

#Transform 147
Transform: AffineTransform_float_3_3
Parameters: 0.999984 0.00553589 8.55855e-05 -0.00553653 0.999932 0.0102168 -2.90265e-05 -0.0102162 0.999948 0.0300911 -0.211163 -0.851422
FixedParameters: 0 0 0

#Transform 148
Transform: AffineTransform_float_3_3
Parameters: 0.999986 0.00526084 0.000660091 -0.00526672 0.99994 0.00955699 -0.000610735 -0.00956103 0.999955 0.0015856 -0.182316 -0.86928
FixedParameters: 0 0 0

#Transform 149
Transform: AffineTransform_float_3_3
Parameters: 0.999984 0.00538999 0.00126275 -0.0054034 0.99993 0.0105096 -0.00120644 -0.0105164 0.999944 -0.0238063 -0.239991 -0.801557
FixedParameters: 0 0 0

#Transform 150
Transform: AffineTransform_float_3_3
Parameters: 0.999985 0.00533552 0.00111428 -0.00534602 0.999936 0.00992857 -0.00106113 -0.00993342 0.99995 -0.0218709 -0.204002 -0.838753
FixedParameters: 0 0 0

#Transform 151
Transform: AffineTransform_float_3_3
Parameters: 0.999986 0.00522272 0.00103218 -0.00523293 0.999931 0.0104652 -0.000977645 -0.0104708 0.999945 0.00899041 -0.245375 -0.814548
FixedParameters: 0 0 0

#Transform 152
Transform: AffineTransform_float_3_3
Parameters: 0.999985 0.00526203 0.000934822 -0.00527079 0.999937 0.00990848 -0.00088211 -0.00991251 0.99995 -0.00277334 -0.209823 -0.810645
FixedParameters: 0 0 0

#Transform 153
Transform: AffineTransform_float_3_3
Parameters: 0.999984 0.00524204 0.00204692 -0.00526027 0.999944 0.00915509 -0.00199863 -0.00916492 0.999956 -0.0591422 -0.174297 -0.6994
FixedParameters: 0 0 0

#Transform 154
Transform: AffineTransform_float_3_3
Parameters: 0.999985 0.00508312 0.00192511 -0.00509966 0.99995 0.00864504 -0.00188058 -0.00865397 0.999961 -0.0737921 -0.1457 -0.776558
FixedParameters: 0 0 0

#Transform 155
Transform: AffineTransform_float_3_3
Parameters: 0.999985 0.0052669 0.00159242 -0.0052794 0.999954 0.00796819 -0.00155037 -0.0079758 0.999967 -0.0679408 -0.150674 -0.792724
FixedParameters: 0 0 0

#Transform 156
Transform: AffineTransform_float_3_3
Parameters: 0.999984 0.00531059 0.0015455 -0.00532273 0.999952 0.00833725 -0.00150095 -0.00834475 0.999964 -0.0603751 -0.149279 -0.812702
FixedParameters: 0 0 0

#Transform 157
Transform: AffineTransform_float_3_3
Parameters: 0.999985 0.00521207 0.00205023 -0.00523875 0.999897 0.0133362 -0.00197999 -0.0133468 0.999909 -0.0203866 -0.232325 -1.77209
FixedParameters: 0 0 0

#Transform 158
Transform: AffineTransform_float_3_3
Parameters: 0.999986 0.00495592 0.00221483 -0.00501848 0.999569 0.0289222 -0.00207062 -0.0289338 0.999579 -0.0716041 -0.672547 -1.91803
FixedParameters: 0 0 0

#Transform 159
Transform: AffineTransform_float_3_3
Parameters: 0.99998 0.00577115 0.00267734 -0.00583119 0.999715 0.0231333 -0.00254303 -0.0231486 0.999728 -0.133249 -0.542983 -1.24097
FixedParameters: 0 0 0

#Transform 160
Transform: AffineTransform_float_3_3
Parameters: 0.999988 0.00502311 0.000126405 -0.00502433 0.999842 0.0170319 -4.12359e-05 -0.0170321 0.999855 -0.0152248 -0.361013 -0.989848
FixedParameters: 0 0 0

#Transform 161
Transform: AffineTransform_float_3_3
Parameters: 0.999987 0.00517211 -0.000705693 -0.00515945 0.999842 0.0169662 0.000792885 -0.0169618 0.999856 0.0376294 -0.346419 -0.991542
FixedParameters: 0 0 0

#Transform 162
Transform: AffineTransform_float_3_3
Parameters: 0.999985 0.00532962 -0.000497385 -0.00532268 0.999891 0.0138069 0.000570839 -0.0138041 0.999904 0.00608981 -0.287261 -0.978429
FixedParameters: 0 0 0

#Transform 163
Transform: AffineTransform_float_3_3
Parameters: 0.999987 0.00507549 0.00115073 -0.00507788 0.999986 0.00181758 -0.00114156 -0.00182342 0.999997 -0.224965 0.0529673 -0.629515
FixedParameters: 0 0 0

#Transform 164
Transform: AffineTransform_float_3_3
Parameters: 0.999982 0.00562503 0.00214201 -0.00564345 0.99995 0.00831549 -0.00209588 -0.00832752 0.999963 -0.224644 -0.280894 0.226792
FixedParameters: 0 0 0

#Transform 165
Transform: AffineTransform_float_3_3
Parameters: 0.999982 0.0057325 0.00188678 -0.005746 0.999959 0.00704545 -0.0018459 -0.00705555 0.999973 -0.214365 -0.150728 -0.0249057
FixedParameters: 0 0 0

#Transform 166
Transform: AffineTransform_float_3_3
Parameters: 0.999982 0.00538491 0.0026283 -0.00540384 0.999959 0.00726971 -0.00258865 -0.00728329 0.99997 -0.242129 -0.120178 -0.156477
FixedParameters: 0 0 0

#Transform 167
Transform: AffineTransform_float_3_3
Parameters: 0.999986 0.00493746 0.00216451 -0.00494999 0.999969 0.00616823 -0.00213459 -0.00617878 0.999979 -0.21887 -0.130217 -0.24694
FixedParameters: 0 0 0

#Transform 168
Transform: AffineTransform_float_3_3
Parameters: 0.999987 0.00469162 0.00196269 -0.00470109 0.999978 0.00475886 -0.00194035 -0.00476815 0.999987 -0.189397 -0.0450545 -0.282843
FixedParameters: 0 0 0

#Transform 169
Transform: AffineTransform_float_3_3
Parameters: 0.999986 0.0048596 0.00201345 -0.00486935 0.999978 0.00470814 -0.00199 -0.00471787 0.999987 -0.199617 -0.040818 -0.334399
FixedParameters: 0 0 0

#Transform 170
Transform: AffineTransform_float_3_3
Parameters: 0.999986 0.00512847 0.00167304 -0.00513542 0.999978 0.0042311 -0.0016517 -0.00423991 0.99999 -0.185725 -0.0352381 -0.396683
FixedParameters: 0 0 0

#Transform 171
Transform: AffineTransform_float_3_3
Parameters: 0.999984 0.00507879 0.00217211 -0.00508745 0.999979 0.00393687 -0.00215232 -0.00394814 0.99999 -0.202492 -0.0383018 -0.399785
FixedParameters: 0 0 0

#Transform 172
Transform: AffineTransform_float_3_3
Parameters: 0.999978 0.00606185 0.00246469 -0.00607163 0.999974 0.00381649 -0.00244168 -0.00383151 0.99999 -0.231793 -0.0519244 -0.440907
FixedParameters: 0 0 0

#Transform 173
Transform: AffineTransform_float_3_3
Parameters: 0.999984 0.00510744 0.00251582 -0.00511576 0.999981 0.00320613 -0.00250016 -0.00321887 0.999992 -0.208984 -0.0269091 -0.51001
FixedParameters: 0 0 0

#Transform 174
Transform: AffineTransform_float_3_3
Parameters: 0.999984 0.00504454 0.00228141 -0.00505406 0.99998 0.00393637 -0.00226189 -0.00394763 0.99999 -0.183997 -0.0800222 -0.575237
FixedParameters: 0 0 0

#Transform 175
Transform: AffineTransform_float_3_3
Parameters: 0.999981 0.00541425 0.00291372 -0.00542333 0.99998 0.00323816 -0.00289598 -0.00325384 0.999991 -0.200298 -0.035871 -0.628495
FixedParameters: 0 0 0

#Transform 176
Transform: AffineTransform_float_3_3
Parameters: 0.999982 0.00538839 0.00239602 -0.00539886 0.999976 0.00448983 -0.00237117 -0.00450317 0.999987 -0.17634 -0.0825225 -0.654414
FixedParameters: 0 0 0

#Transform 177
Transform: AffineTransform_float_3_3
Parameters: 0.999981 0.00547106 0.00261487 -0.00548501 0.999971 0.00539541 -0.00258581 -0.00540959 0.999982 -0.171177 -0.0923438 -0.669163
FixedParameters: 0 0 0

#Transform 178
Transform: AffineTransform_float_3_3
Parameters: 0.999976 0.00648376 0.00235714 -0.00650631 0.999931 0.00977173 -0.00229268 -0.00978727 0.99995 -0.223172 -0.212736 -0.530537
FixedParameters: 0 0 0

#Transform 179
Transform: AffineTransform_float_3_3
Parameters: 0.999975 0.00543791 0.00450852 -0.00549194 0.999912 0.0120324 -0.00444256 -0.0120566 0.999918 -0.314595 -0.181642 -0.623293
FixedParameters: 0 0 0

#Transform 180
Transform: AffineTransform_float_3_3
Parameters: 0.999979 0.00557683 0.00334641 -0.005601 0.999957 0.00736039 -0.00330468 -0.00737861 0.999967 -0.216306 -0.1168 -0.414876
FixedParameters: 0 0 0

#Transform 181
Transform: AffineTransform_float_3_3
Parameters: 0.999979 0.0059326 0.00260898 -0.00594657 0.999967 0.00552696 -0.00257648 -0.00554205 0.999981 -0.18064 -0.0548211 -0.435142
FixedParameters: 0 0 0

#Transform 182
Transform: AffineTransform_float_3_3
Parameters: 0.999977 0.00635599 0.00237367 -0.00636962 0.999962 0.00590311 -0.00233566 -0.00591789 0.99998 -0.177075 -0.0747764 -0.510437
FixedParameters: 0 0 0

#Transform 183
Transform: AffineTransform_float_3_3
Parameters: 0.999979 0.00586551 0.00266597 -0.00587879 0.999969 0.00516592 -0.00263534 -0.00518107 0.999983 -0.19442 -0.0437846 -0.676993
FixedParameters: 0 0 0

#Transform 184
Transform: AffineTransform_float_3_3
Parameters: 0.999981 0.00562964 0.00268644 -0.00564331 0.999971 0.00503557 -0.0026586 -0.00505042 0.999983 -0.167403 -0.0316696 -0.771966
FixedParameters: 0 0 0

#Transform 185
Transform: AffineTransform_float_3_3
Parameters: 0.999978 0.00572554 0.00327524 -0.00573267 0.999981 0.00222312 -0.00326176 -0.00224188 0.999992 -0.174798 0.00522692 -0.721455
FixedParameters: 0 0 0

#Transform 186
Transform: AffineTransform_float_3_3
Parameters: 0.99998 0.00614509 0.00189281 -0.00616717 0.999912 0.0117596 -0.00182044 -0.0117704 0.999929 -0.174696 -0.275283 -0.698057
FixedParameters: 0 0 0

#Transform 187
Transform: AffineTransform_float_3_3
Parameters: 0.999984 0.00548192 0.00137733 -0.00549367 0.999949 0.0084078 -0.00133087 -0.00841519 0.999963 -0.183097 -0.13557 -0.532541
FixedParameters: 0 0 0

#Transform 188
Transform: AffineTransform_float_3_3
