#Insight Transform File V1.0
#Transform 0
Transform: AffineTransform_float_3_3
Parameters: 0.999999 -0.00151453 -2.46171e-05 0.00151429 0.999943 0.010634 8.39689e-06 -0.010634 0.999944 0.00668759 -0.301839 0.18339
FixedParameters: 0 0 0

#Transform 1
Transform: AffineTransform_float_3_3
Parameters: 0.999999 -0.00150615 -0.000202135 0.00150763 0.999945 0.0104458 0.000186568 -0.0104463 0.999946 0.0044774 -0.292734 0.170582
FixedParameters: 0 0 0

#Transform 2
Transform: AffineTransform_float_3_3
Parameters: 0.999999 -0.00149821 -0.000376573 0.00150174 0.999954 0.00953352 0.000361853 -0.00953348 0.999954 0.00213349 -0.29694 0.177434
FixedParameters: 0 0 0

#Transform 3
Transform: AffineTransform_float_3_3
Parameters: 0.999999 -0.00120387 -0.000292438 0.00120572 0.999958 0.00915869 0.000281251 -0.00915931 0.999958 -0.00379636 -0.24864 0.174189
FixedParameters: 0 0 0

#Transform 4
Transform: AffineTransform_float_3_3
Parameters: 1 -0.00117717 -8.88366e-05 0.00117728 0.999958 0.0090189 7.85573e-05 -0.0090191 0.99996 0.00811402 -0.243471 0.172482
FixedParameters: 0 0 0

#Transform 5
Transform: AffineTransform_float_3_3
Parameters: 1 -0.00118785 0.000144919 0.00118574 0.999958 0.00901918 -0.000155298 -0.00901882 0.99996 -0.00440154 -0.234906 0.150191
FixedParameters: 0 0 0

#Transform 6
Transform: AffineTransform_float_3_3
Parameters: 1 -0.00118774 0.000145854 0.00118589 0.999966 0.00823222 -0.000155364 -0.00823179 0.999966 0.000972061 -0.229071 0.179225
FixedParameters: 0 0 0

#Transform 7
Transform: AffineTransform_float_3_3
Parameters: 0.999999 -0.00134715 -0.000202053 0.00134933 0.999956 0.00926877 0.000189015 -0.00926923 0.999957 0.00633659 -0.241042 0.18824
FixedParameters: 0 0 0

#Transform 8
Transform: AffineTransform_float_3_3
Parameters: 0.999999 -0.00142196 -0.00041729 0.00142591 0.999946 0.0103625 0.00040262 -0.0103636 0.999946 0.0170906 -0.256906 0.25499
FixedParameters: 0 0 0

#Transform 9
Transform: AffineTransform_float_3_3
Parameters: 0.999999 -0.00141505 -7.485e-05 0.0014159 0.99995 0.00984293 5.99755e-05 -0.00984305 0.999951 0.00247552 -0.219047 0.17374
FixedParameters: 0 0 0

#Transform 10
Transform: AffineTransform_float_3_3
Parameters: 0.999999 -0.000675081 -0.000827748 0.000680335 0.99998 0.00629744 0.000823026 -0.00629856 0.99998 0.0783439 -0.13998 0.164538
FixedParameters: 0 0 0

#Transform 11
Transform: AffineTransform_float_3_3
Parameters: 0.999999 -0.000276567 -0.000723806 0.000281811 0.999975 0.0071558 0.000722625 -0.00715621 0.999974 0.0621157 -0.0932575 0.127675
FixedParameters: 0 0 0

#Transform 12
Transform: AffineTransform_float_3_3
Parameters: 0.999999 0.000415061 -0.00121211 -0.000406412 0.999976 0.00681346 0.00121442 -0.00681354 0.999976 0.0351655 0.0446881 0.111874
FixedParameters: 0 0 0

#Transform 13
Transform: AffineTransform_float_3_3
Parameters: 0.999998 0.000884484 -0.00173547 -0.000875032 0.999986 0.00525649 0.00173939 -0.0052545 0.999984 0.0442058 0.0313453 0.126797
FixedParameters: 0 0 0

#Transform 14
Transform: AffineTransform_float_3_3
Parameters: 0.999998 0.00144261 -0.00120938 -0.00144004 0.999998 0.00184378 0.00121162 -0.00184122 0.999997 0.0379279 0.0541779 0.0701437
FixedParameters: 0 0 0

#Transform 15
Transform: AffineTransform_float_3_3
Parameters: 0.999999 0.000792446 -0.0012336 -0.000789082 0.999996 0.00293798 0.0012351 -0.00293702 0.999995 0.0501896 -0.00688583 0.0980481
FixedParameters: 0 0 0

#Transform 16
Transform: AffineTransform_float_3_3
Parameters: 1 -6.41229e-05 -0.000245492 6.39702e-05 1 -0.000311016 0.000245532 0.000310984 1 0.00553614 -0.0794053 -0.0512082
FixedParameters: 0 0 0

#Transform 17
Transform: AffineTransform_float_3_3
Parameters: 1 -3.794e-05 -0.000244578 3.81519e-05 1 0.000506991 0.000245539 -0.000507009 1 0.00195126 -0.0748158 -0.0920387
FixedParameters: 0 0 0

#Transform 18
Transform: AffineTransform_float_3_3
Parameters: 1 -0.000383117 0.000370914 0.000383566 0.999998 -0.00190486 -0.00037049 0.00190514 0.999998 -0.00636843 0.0417842 -0.0601251
FixedParameters: 0 0 0

#Transform 19
Transform: AffineTransform_float_3_3
Parameters: 0.999999 -0.000194673 0.000798969 0.000197138 0.999994 -0.00339584 -0.000798747 0.00339616 0.999994 -0.0219887 0.0623686 -0.0455433
FixedParameters: 0 0 0

#Transform 20
Transform: AffineTransform_float_3_3
Parameters: 1 8.59587e-05 0.000252264 -8.5665e-05 1 -0.000582021 -0.000252364 0.000581978 1 -0.0102016 0.0294261 0.0105733
FixedParameters: 0 0 0

#Transform 21
Transform: AffineTransform_float_3_3
Parameters: 1 0.000101363 -0.000180573 -0.000101033 0.999999 -0.00174698 0.000181255 0.00174702 0.999999 -0.0234648 0.137103 0.0511387
FixedParameters: 0 0 0

#Transform 22
Transform: AffineTransform_float_3_3
Parameters: 0.999998 0.000646345 -0.0017607 -0.000647546 1 -0.000340931 0.00176026 0.000341068 0.999999 0.04444 0.0222989 0.144194
FixedParameters: 0 0 0

#Transform 23
Transform: AffineTransform_float_3_3
Parameters: 0.999999 0.00108352 -0.00100604 -0.00108366 0.999999 -6.59438e-05 0.0010059 6.6056e-05 1 0.0124943 0.0953682 0.133808
FixedParameters: 0 0 0

#Transform 24
Transform: AffineTransform_float_3_3
Parameters: 0.999999 0.00122854 -0.00090646 -0.00122563 0.999996 0.00262412 0.000908828 -0.00262289 0.999996 0.0306191 0.0371355 0.129889
FixedParameters: 0 0 0

#Transform 25
Transform: AffineTransform_float_3_3
Parameters: 1 0.000581123 -0.000839001 -0.000579203 0.999997 0.00231149 0.000840609 -0.00231051 0.999997 0.0185792 0.0258862 0.10702
FixedParameters: 0 0 0

#Transform 26
Transform: AffineTransform_float_3_3
Parameters: 1 0.000132278 -0.00094955 -0.000129474 0.999997 0.00251009 0.000949134 -0.00250991 0.999997 0.0371579 -0.0458293 0.158488
FixedParameters: 0 0 0

#Transform 27
Transform: AffineTransform_float_3_3
Parameters: 0.999999 0.000153968 -0.00139575 -0.000145572 0.999985 0.00551117 0.00139714 -0.00551082 0.999984 0.0400757 -0.149225 0.161319
FixedParameters: 0 0 0

#Transform 28
Transform: AffineTransform_float_3_3
Parameters: 0.999998 0.000628474 -0.00196772 -0.000615705 0.999978 0.00650315 0.00197134 -0.00650184 0.999977 0.0658458 -0.157766 0.139791
FixedParameters: 0 0 0

#Transform 29
Transform: AffineTransform_float_3_3
Parameters: 0.999999 -7.39456e-05 -0.00155156 8.34932e-05 0.999982 0.00597784 0.00155029 -0.00597716 0.999981 0.0585572 -0.137595 0.14367
FixedParameters: 0 0 0

#Transform 30
Transform: AffineTransform_float_3_3
Parameters: 0.999999 -0.000526204 -0.000722665 0.00053064 0.999986 0.00522862 0.000720027 -0.00522938 0.999986 0.0320525 -0.0829556 0.117555
FixedParameters: 0 0 0

#Transform 31
Transform: AffineTransform_float_3_3
Parameters: 1 -0.000517487 -0.000928536 0.000522261 0.999985 0.00532748 0.000925811 -0.00532852 0.999986 0.0207348 -0.139071 0.0591613
FixedParameters: 0 0 0

#Transform 32
Transform: AffineTransform_float_3_3
Parameters: 1 -1.95603e-05 -0.00103386 2.66924e-05 0.999973 0.00733197 0.00103423 -0.00733202 0.999972 0.022471 -0.225098 0.0261301
FixedParameters: 0 0 0

#Transform 33
Transform: AffineTransform_float_3_3
Parameters: 0.999999 1.69744e-07 -0.00145845 1.22777e-05 0.999967 0.00804695 0.00145895 -0.00804704 0.999966 0.0347842 -0.246754 0.040797
FixedParameters: 0 0 0

#Transform 34
Transform: AffineTransform_float_3_3
Parameters: 0.999999 -0.000230529 -0.00151859 0.000241561 0.999974 0.00727961 0.00151675 -0.0072804 0.999973 0.0369028 -0.21465 0.0497457
FixedParameters: 0 0 0

#Transform 35
Transform: AffineTransform_float_3_3
Parameters: 0.999999 3.79117e-05 -0.00137967 -2.82497e-05 0.999972 0.00748501 0.00137976 -0.00748499 0.999971 0.0352981 -0.238258 0.00784323
FixedParameters: 0 0 0

#Transform 36
Transform: AffineTransform_float_3_3
Parameters: 0.999999 -0.000323527 -0.00152265 0.000334403 0.999974 0.00722146 0.0015205 -0.00722253 0.999973 0.0360722 -0.220068 -0.0208037
FixedParameters: 0 0 0

#Transform 37
Transform: AffineTransform_float_3_3
Parameters: 0.999999 -7.14978e-06 -0.0015088 1.83104e-05 0.99997 0.00767391 0.00150816 -0.00767409 0.99997 0.0393278 -0.211291 -0.0476
FixedParameters: 0 0 0

#Transform 38
Transform: AffineTransform_float_3_3
Parameters: 0.999998 -1.57139e-06 -0.00208335 2.27627e-05 0.999948 0.0101309 0.00208333 -0.0101311 0.999946 0.059481 -0.280032 0.00214285
FixedParameters: 0 0 0

#Transform 39
Transform: AffineTransform_float_3_3
Parameters: 0.999998 -0.000398178 -0.00167811 0.000414506 0.999956 0.00939427 0.00167492 -0.00939471 0.999954 0.0457992 -0.252636 -0.0486406
FixedParameters: 0 0 0

#Transform 40
Transform: AffineTransform_float_3_3
Parameters: 0.999999 -0.000458739 -0.000901642 0.000465955 0.999964 0.00853559 0.000897454 -0.00853542 0.999963 0.0219443 -0.275408 -0.0999798
FixedParameters: 0 0 0

#Transform 41
Transform: AffineTransform_float_3_3
Parameters: 0.999999 -0.000542738 -0.00125386 0.000555292 0.999946 0.0103083 0.00124906 -0.0103087 0.999946 0.0242014 -0.313853 -0.103072
FixedParameters: 0 0 0

#Transform 42
Transform: AffineTransform_float_3_3
Parameters: 0.999999 -0.000851778 -0.00126739 0.000863761 0.999957 0.00921991 0.00126016 -0.00922108 0.999956 -0.00302508 -0.266928 -0.0588556
FixedParameters: 0 0 0

#Transform 43
Transform: AffineTransform_float_3_3
Parameters: 0.999999 -0.000544096 -0.00125327 0.000554965 0.999958 0.00922431 0.00124869 -0.00922569 0.999956 0.000148508 -0.244612 -0.0843027
FixedParameters: 0 0 0

#Transform 44
Transform: AffineTransform_float_3_3
Parameters: 0.999999 -0.000548622 -0.0012513 0.00055551 0.999984 0.00561128 0.00124884 -0.00561173 0.999984 -0.0138666 -0.186792 -0.128382
FixedParameters: 0 0 0

#Transform 45
Transform: AffineTransform_float_3_3
Parameters: 1 -0.000558798 -0.00101149 0.000563953 0.999985 0.00557543 0.00100801 -0.00557657 0.999984 -0.00846622 -0.143893 -0.0727145
FixedParameters: 0 0 0

#Transform 46
Transform: AffineTransform_float_3_3
Parameters: 1 7.96779e-05 -0.00109664 -7.48144e-05 0.999987 0.00495005 0.00109718 -0.00494995 0.999987 -0.00847191 -0.164621 -0.129986
FixedParameters: 0 0 0

#Transform 47
Transform: AffineTransform_float_3_3
Parameters: 1 7.85263e-05 -0.00106766 -7.38418e-05 0.999987 0.00500004 0.0010682 -0.00500095 0.999987 0.00110277 -0.145756 -0.139797
FixedParameters: 0 0 0

#Transform 48
Transform: AffineTransform_float_3_3
Parameters: 0.999999 8.61365e-05 -0.00122445 -7.87354e-05 0.999982 0.00587706 0.00122516 -0.00587693 0.999982 0.00662431 -0.182591 -0.0792429
FixedParameters: 0 0 0

#Transform 49
Transform: AffineTransform_float_3_3
Parameters: 0.999999 -4.07912e-05 -0.00122977 4.71318e-05 0.999988 0.00502995 0.0012301 -0.00503005 0.999986 0.00531435 -0.163438 -0.117222
FixedParameters: 0 0 0

#Transform 50
Transform: AffineTransform_float_3_3
Parameters: 1 8.08717e-05 -0.00112561 -7.5746e-05 0.999988 0.00493905 0.00112617 -0.00493895 0.999987 -0.0115632 -0.139611 -0.100365
FixedParameters: 0 0 0

#Transform 51
Transform: AffineTransform_float_3_3
Parameters: 0.999999 0.000268669 -0.000782838 -0.000266125 0.999993 0.00353517 0.000784619 -0.00353583 0.999994 -0.00902748 -0.0984564 -0.0991452
FixedParameters: 0 0 0

#Transform 52
Transform: AffineTransform_float_3_3
Parameters: 1 0.000413976 -0.00108625 -0.000410217 0.999993 0.00353541 0.00108701 -0.00353559 0.999993 -0.00519172 -0.117541 -0.100137
FixedParameters: 0 0 0

#Transform 53
Transform: AffineTransform_float_3_3
Parameters: 0.999999 0.000412645 -0.000784146 -0.000410433 0.999994 0.00329529 0.000785749 -0.00329471 0.999995 -0.0252084 -0.114491 -0.1221
FixedParameters: 0 0 0

#Transform 54
Transform: AffineTransform_float_3_3
Parameters: 0.999999 0.00084498 -0.0011938 -0.000840761 0.999993 0.00380901 0.00119704 -0.00380799 0.999992 -0.00910669 -0.132378 -0.112602
FixedParameters: 0 0 0

#Transform 55
Transform: AffineTransform_float_3_3
Parameters: 0.999999 0.00046045 -0.00120965 -0.00045688 0.999995 0.00311052 0.00121136 -0.00311048 0.999995 -0.00501917 -0.125467 -0.0802262
FixedParameters: 0 0 0

#Transform 56
Transform: AffineTransform_float_3_3
Parameters: 1 8.20305e-05 -0.00114958 -7.63144e-05 0.999987 0.00507906 0.00114916 -0.00507895 0.999987 -0.0197296 -0.163176 -0.0282299
FixedParameters: 0 0 0

#Transform 57
Transform: AffineTransform_float_3_3
Parameters: 0.999998 -0.000298865 -0.00192992 0.000312176 0.999974 0.00710434 0.00192806 -0.00710566 0.999973 0.0211777 -0.247193 -0.00554903
FixedParameters: 0 0 0

#Transform 58
Transform: AffineTransform_float_3_3
Parameters: 0.999999 -0.000797076 -0.0016413 0.000806884 0.999983 0.00579065 0.00163668 -0.00579235 0.999982 0.00421219 -0.170247 -0.087643
FixedParameters: 0 0 0

#Transform 59
Transform: AffineTransform_float_3_3
Parameters: 0.999999 -0.000776267 -0.00159915 0.000784733 0.999985 0.00552272 0.0015952 -0.00552329 0.999984 0.00442535 -0.189702 -0.147949
FixedParameters: 0 0 0

#Transform 60
Transform: AffineTransform_float_3_3
Parameters: 0.999998 -0.000240871 -0.00157058 0.000249426 0.999985 0.00560158 0.0015685 -0.00560242 0.999983 0.0301408 -0.195652 -0.17434
FixedParameters: 0 0 0

#Transform 61
Transform: AffineTransform_float_3_3
Parameters: 0.999999 0.000186142 -0.00139255 -0.000180207 0.999991 0.00428222 0.0013939 -0.00428178 0.99999 0.0167903 -0.15808 -0.167357
FixedParameters: 0 0 0

#Transform 62
Transform: AffineTransform_float_3_3
Parameters: 0.999998 0.00054761 -0.00153781 -0.000540884 0.99999 0.0044238 0.00153937 -0.0044232 0.999989 0.023776 -0.182163 -0.165121
FixedParameters: 0 0 0

#Transform 63
Transform: AffineTransform_float_3_3
Parameters: 0.999999 8.90639e-05 -0.000774054 -8.57671e-05 0.999994 0.00339807 0.000773576 -0.00339793 0.999994 -0.00351204 -0.120638 -0.245148
FixedParameters: 0 0 0

#Transform 64
Transform: AffineTransform_float_3_3
Parameters: 0.999999 -0.000415899 -0.00119977 0.000420782 0.999993 0.00373246 0.0011985 -0.00373354 0.999993 0.0220652 -0.159113 -0.16684
FixedParameters: 0 0 0

#Transform 65
Transform: AffineTransform_float_3_3
Parameters: 0.999998 -0.000399288 -0.00154716 0.000407931 0.999985 0.00541534 0.00154549 -0.00541566 0.999984 0.0275334 -0.197411 -0.12218
FixedParameters: 0 0 0

#Transform 66
Transform: AffineTransform_float_3_3
Parameters: 0.999999 -0.000274841 -0.00154205 0.00028358 0.999984 0.00577653 0.00154049 -0.00577647 0.999982 0.0157664 -0.204363 -0.11138
FixedParameters: 0 0 0

#Transform 67
Transform: AffineTransform_float_3_3
Parameters: 0.999999 -0.000404308 -0.00142332 0.000411998 0.999985 0.00555142 0.0014215 -0.00555258 0.999983 0.0029922 -0.207212 -0.149432
FixedParameters: 0 0 0

#Transform 68
Transform: AffineTransform_float_3_3
Parameters: 0.999998 -0.000398987 -0.00154724 0.000407232 0.999984 0.00560934 0.00154538 -0.00560966 0.999983 0.00735908 -0.17985 -0.123352
FixedParameters: 0 0 0

#Transform 69
Transform: AffineTransform_float_3_3
Parameters: 0.999998 -0.000398707 -0.00154731 0.000407511 0.999983 0.00579034 0.00154531 -0.00579066 0.999982 0.00123205 -0.212366 -0.103756
FixedParameters: 0 0 0

#Transform 70
Transform: AffineTransform_float_3_3
Parameters: 0.999998 -0.000475828 -0.00154791 0.000485472 0.99998 0.00639522 0.00154539 -0.00639579 0.999979 0.00618462 -0.245294 0.108466
FixedParameters: 0 0 0

#Transform 71
Transform: AffineTransform_float_3_3
Parameters: 0.999999 -0.000399835 -0.0014917 0.000409486 0.999978 0.00662736 0.00148896 -0.00662764 0.999977 0.00506305 -0.253514 0.0929537
FixedParameters: 0 0 0

#Transform 72
Transform: AffineTransform_float_3_3
Parameters: 0.999999 -0.000404741 -0.00141235 0.000412372 0.999985 0.00557439 0.0014105 -0.00557462 0.999984 0.00498039 -0.171072 -0.139442
FixedParameters: 0 0 0

#Transform 73
Transform: AffineTransform_float_3_3
Parameters: 0.999999 -0.000404444 -0.00141243 0.000412668 0.999983 0.00578439 0.00141041 -0.00578462 0.999983 0.00254488 -0.230987 -0.143538
FixedParameters: 0 0 0

#Transform 74
Transform: AffineTransform_float_3_3
Parameters: 0.999999 -0.000404619 -0.00141238 0.000412492 0.999984 0.00565939 0.00141046 -0.00566061 0.999983 0.0134793 -0.198404 -0.0937585
FixedParameters: 0 0 0

#Transform 75
Transform: AffineTransform_float_3_3
Parameters: 0.999999 -0.000402589 -0.00141296 0.000412489 0.999974 0.00709639 0.0014108 -0.00709761 0.999974 0.0182597 -0.201062 -0.129491
FixedParameters: 0 0 0

#Transform 76
Transform: AffineTransform_float_3_3
Parameters: 0.999999 -0.000592185 -0.00131411 0.000600479 0.999975 0.00702618 0.00130936 -0.00702682 0.999975 -0.000607251 -0.225389 -0.182383
FixedParameters: 0 0 0

#Transform 77
Transform: AffineTransform_float_3_3
Parameters: 0.999999 -0.00062086 -0.00130033 0.000629864 0.999976 0.00699019 0.00129525 -0.00699081 0.999974 0.0189523 -0.212045 -0.144852
FixedParameters: 0 0 0

#Transform 78
Transform: AffineTransform_float_3_3
Parameters: 0.999999 -0.00096009 -0.001118 0.00096752 0.999975 0.00703392 0.00111114 -0.00703507 0.999974 0.00388225 -0.240239 -0.154224
FixedParameters: 0 0 0

#Transform 79
Transform: AffineTransform_float_3_3
Parameters: 0.999998 -0.000946858 -0.00139647 0.000957344 0.999969 0.00781467 0.00138918 -0.00781632 0.999968 0.033436 -0.245087 -0.145082
FixedParameters: 0 0 0

#Transform 80
Transform: AffineTransform_float_3_3
Parameters: 0.999999 -0.000977341 -0.00116158 0.000986128 0.999969 0.00780486 0.00115392 -0.00780614 0.999969 0.0247813 -0.219172 -0.12677
FixedParameters: 0 0 0

#Transform 81
Transform: AffineTransform_float_3_3
Parameters: 0.999999 -0.000990749 -0.000756235 0.000996412 0.999973 0.00727325 0.000749593 -0.00727375 0.999974 0.0103883 -0.219883 -0.141008
FixedParameters: 0 0 0

#Transform 82
Transform: AffineTransform_float_3_3
Parameters: 0.999999 -0.0012001 -0.000680677 0.00120494 0.999971 0.00753519 0.000672364 -0.00753582 0.999972 0.00530359 -0.229072 -0.150356
FixedParameters: 0 0 0

#Transform 83
Transform: AffineTransform_float_3_3
Parameters: 0.999999 -0.00085317 -0.0011967 0.00086153 0.999973 0.00736398 0.00118974 -0.00736403 0.999972 0.0156305 -0.209828 -0.11233
FixedParameters: 0 0 0

#Transform 84
Transform: AffineTransform_float_3_3
Parameters: 0.999999 -0.000914719 -0.00119973 0.000923862 0.99997 0.0076889 0.00119225 -0.0076901 0.999969 0.0268967 -0.25617 -0.1714
FixedParameters: 0 0 0

#Transform 85
Transform: AffineTransform_float_3_3
Parameters: 0.999999 -0.000919053 -0.00102896 0.00092807 0.99996 0.00894609 0.0010211 -0.00894691 0.999959 0.00751639 -0.289135 -0.191946
FixedParameters: 0 0 0

#Transform 86
Transform: AffineTransform_float_3_3
Parameters: 0.999999 -0.00101681 -0.00120586 0.00102855 0.999958 0.00918677 0.0011957 -0.00918823 0.999957 0.0258241 -0.287046 -0.146366
FixedParameters: 0 0 0

#Transform 87
Transform: AffineTransform_float_3_3
Parameters: 0.999999 -0.00102095 -0.00111977 0.00103169 0.999959 0.00900585 0.00111094 -0.00900714 0.999959 0.0227601 -0.262836 -0.128511
FixedParameters: 0 0 0

#Transform 88
Transform: AffineTransform_float_3_3
Parameters: 0.999999 -0.00118354 -0.000707631 0.00118956 0.999966 0.00807816 0.00069727 -0.00807883 0.999967 0.00634613 -0.247361 -0.112071
FixedParameters: 0 0 0

#Transform 89
Transform: AffineTransform_float_3_3
Parameters: 0.999998 -0.00146599 -0.000720829 0.00147163 0.999963 0.00844899 0.000707779 -0.00845002 0.999964 0.00354121 -0.271664 -0.159447
FixedParameters: 0 0 0

#Transform 90
Transform: AffineTransform_float_3_3
Parameters: 0.999999 -0.00103965 -0.000702769 0.00104662 0.999954 0.00955127 0.000692615 -0.00955173 0.999954 0.00788668 -0.292343 -0.167793
FixedParameters: 0 0 0

#Transform 91
Transform: AffineTransform_float_3_3
Parameters: 0.999998 -0.0015305 -0.000572365 0.00153514 0.999958 0.00895016 0.000557734 -0.00895083 0.99996 -0.00636337 -0.268497 -0.185001
FixedParameters: 0 0 0

#Transform 92
Transform: AffineTransform_float_3_3
Parameters: 1 -0.00108234 -0.00037559 0.00108592 0.999968 0.00791163 0.000366357 -0.00791136 0.999968 -0.0187805 -0.257572 -0.222003
FixedParameters: 0 0 0

#Transform 93
Transform: AffineTransform_float_3_3
Parameters: 1 -0.000919894 -0.000647344 0.000924101 0.999978 0.00656141 0.000642094 -0.0065616 0.999979 -0.0163882 -0.203258 -0.247563
FixedParameters: 0 0 0

#Transform 94
Transform: AffineTransform_float_3_3
Parameters: 1 -0.00108048 -0.00042906 0.00108379 0.999978 0.00654557 0.000421814 -0.00654642 0.999978 -0.0187645 -0.194175 -0.226115
FixedParameters: 0 0 0

#Transform 95
Transform: AffineTransform_float_3_3
Parameters: 1 -0.00107989 -0.000430542 0.00108334 0.999968 0.00791757 0.000421299 -0.00791742 0.999968 -0.0187898 -0.219576 -0.193271
FixedParameters: 0 0 0

#Transform 96
Transform: AffineTransform_float_3_3
Parameters: 0.999999 -0.00130105 -0.000439262 0.00130485 0.999975 0.00705147 0.000429806 -0.00705253 0.999975 -0.0341797 -0.196235 -0.192423
FixedParameters: 0 0 0

#Transform 97
Transform: AffineTransform_float_3_3
Parameters: 0.999999 -0.00101283 -0.000764072 0.00101985 0.999966 0.00809522 0.000755427 -0.00809577 0.999967 -0.00990858 -0.24653 -0.187934
FixedParameters: 0 0 0

#Transform 98
Transform: AffineTransform_float_3_3
Parameters: 0.999999 -0.00103904 -0.000897467 0.00104696 0.999958 0.00910507 0.000887172 -0.00910693 0.999958 -0.0132864 -0.265193 -0.181954
FixedParameters: 0 0 0

#Transform 99
Transform: AffineTransform_float_3_3
Parameters: 1 -0.000873553 -0.000652901 0.000879054 0.999966 0.00828444 0.000645193 -0.00828458 0.999966 -0.0122072 -0.250935 -0.172865
FixedParameters: 0 0 0

#Transform 100
Transform: AffineTransform_float_3_3
Parameters: 0.999999 -0.001173 -0.00037955 0.00117614 0.999961 0.00868256 0.000369035 -0.00868344 0.999962 -0.028363 -0.293562 -0.204393
FixedParameters: 0 0 0

#Transform 101
Transform: AffineTransform_float_3_3
Parameters: 0.999999 -0.00149166 -0.000460136 0.0014951 0.999961 0.00872336 0.000446925 -0.00872364 0.999962 -0.0262448 -0.267623 -0.247497
FixedParameters: 0 0 0

#Transform 102
Transform: AffineTransform_float_3_3
Parameters: 0.999999 -0.00177044 -0.000472572 0.00177488 0.999962 0.00859925 0.000456963 -0.00859975 0.999963 -0.0291064 -0.257869 -0.245946
FixedParameters: 0 0 0

#Transform 103
Transform: AffineTransform_float_3_3
Parameters: 0.999999 -0.00135656 -0.000454727 0.00136042 0.999957 0.00925043 0.000441439 -0.00925058 0.999957 -0.0126597 -0.297406 -0.270419
FixedParameters: 0 0 0

#Transform 104
Transform: AffineTransform_float_3_3
Parameters: 0.999998 -0.0013338 -0.000926882 0.00134356 0.999944 0.0104878 0.000913461 -0.0104882 0.999944 0.0156592 -0.304551 -0.217354
FixedParameters: 0 0 0

#Transform 105
Transform: AffineTransform_float_3_3
Parameters: 0.999999 -0.00101842 -0.000995019 0.00102946 0.999935 0.011354 0.000983354 -0.011355 0.999935 0.0218058 -0.362796 -0.207437
FixedParameters: 0 0 0

#Transform 106
Transform: AffineTransform_float_3_3
Parameters: 0.999999 -0.00110767 -0.000668373 0.00111212 0.999973 0.0073513 0.000660863 -0.0073527 0.999973 0.0362225 -0.184026 -0.231892
FixedParameters: 0 0 0

#Transform 107
Transform: AffineTransform_float_3_3
Parameters: 0.999996 -0.00250773 -0.00133993 0.00251496 0.999982 0.00552476 0.00132591 -0.00552824 0.999984 0.107236 -0.107937 0.403727
FixedParameters: 0 0 0

#Transform 108
Transform: AffineTransform_float_3_3
Parameters: 0.999998 -0.00157152 -0.00108373 0.00158492 0.999919 0.0126283 0.00106338 -0.0126297 0.999919 0.0538304 -0.440826 0.777732
FixedParameters: 0 0 0

#Transform 109
Transform: AffineTransform_float_3_3
Parameters: 0.999998 -0.000560119 -0.00152697 0.000568826 0.999984 0.0055211 0.00152444 -0.00552189 0.999983 0.00585788 -0.271508 0.216662
FixedParameters: 0 0 0

#Transform 110
Transform: AffineTransform_float_3_3
Parameters: 0.999999 -0.00076165 -0.00166903 0.000780372 0.999941 0.0108227 0.00166071 -0.0108243 0.99994 0.085012 -0.304742 0.299301
FixedParameters: 0 0 0

#Transform 111
Transform: AffineTransform_float_3_3
Parameters: 0.999998 -0.00111694 -0.00164746 0.00113635 0.999926 0.0121612 0.00163331 -0.0121639 0.999924 0.0802652 -0.356639 0.162776
FixedParameters: 0 0 0

#Transform 112
Transform: AffineTransform_float_3_3
Parameters: 0.999997 -0.00153313 -0.00150016 0.00155271 0.999921 0.0125107 0.00148091 -0.0125133 0.99992 0.0654041 -0.368544 0.0736857
FixedParameters: 0 0 0

#Transform 113
Transform: AffineTransform_float_3_3
Parameters: 0.999998 -0.00139982 -0.00184727 0.00142234 0.999927 0.0119994 0.00182961 -0.0120026 0.999927 0.0840013 -0.362697 0.0993764
FixedParameters: 0 0 0

#Transform 114
Transform: AffineTransform_float_3_3
Parameters: 0.999997 -0.00139186 -0.00203423 0.00141555 0.999934 0.0114181 0.00201736 -0.0114209 0.999933 0.0610284 -0.366688 -0.00268044
FixedParameters: 0 0 0

#Transform 115
Transform: AffineTransform_float_3_3
Parameters: 0.999998 -0.0014184 -0.00147905 0.00143573 0.999933 0.0115379 0.00146251 -0.0115401 0.999933 0.0354832 -0.366176 -0.0629222
FixedParameters: 0 0 0

#Transform 116
Transform: AffineTransform_float_3_3
Parameters: 0.999998 -0.00141811 -0.00147742 0.00143516 0.99993 0.0118009 0.00146011 -0.0118031 0.99993 0.0419313 -0.388102 -0.0754738
FixedParameters: 0 0 0

#Transform 117
Transform: AffineTransform_float_3_3
Parameters: 0.999998 -0.00141203 -0.00157363 0.00143221 0.999918 0.0127398 0.00155569 -0.0127422 0.999917 0.0452401 -0.414605 0.0145965
FixedParameters: 0 0 0

#Transform 118
Transform: AffineTransform_float_3_3
Parameters: 0.999995 0.000616283 -0.00313315 -0.000581393 0.999938 0.0111087 0.00314018 -0.0111063 0.999934 0.162467 -0.364952 0.690497
FixedParameters: 0 0 0

#Transform 119
Transform: AffineTransform_float_3_3
Parameters: 0.999989 0.000535332 -0.00470434 -0.000476357 0.999921 0.012617 0.00471091 -0.012615 0.99991 0.15162 -0.366089 0.57153
FixedParameters: 0 0 0

#Transform 120
Transform: AffineTransform_float_3_3
Parameters: 0.999995 -0.00139449 -0.00280694 0.00142733 0.999929 0.011869 0.00278922 -0.011873 0.999925 0.064739 -0.393655 0.00374609
FixedParameters: 0 0 0

#Transform 121
Transform: AffineTransform_float_3_3
Parameters: 0.999997 -0.00117299 -0.00210711 0.00119971 0.999922 0.0124484 0.00209265 -0.0124516 0.999921 0.0431611 -0.423144 -0.173151
FixedParameters: 0 0 0

#Transform 122
Transform: AffineTransform_float_3_3
Parameters: 0.999997 -0.00111009 -0.00210109 0.00113595 0.999921 0.0125066 0.00208703 -0.0125084 0.999919 0.0437216 -0.445532 -0.142194
FixedParameters: 0 0 0

#Transform 123
Transform: AffineTransform_float_3_3
Parameters: 0.999997 -0.00105807 -0.00196632 0.00108379 0.999911 0.0133349 0.0019518 -0.0133371 0.999909 0.0394345 -0.462959 -0.11501
FixedParameters: 0 0 0

#Transform 124
Transform: AffineTransform_float_3_3
Parameters: 0.999998 -0.00101352 -0.0016031 0.00103588 0.999905 0.0137473 0.00158914 -0.0137487 0.999905 0.0272947 -0.480767 -0.129358
FixedParameters: 0 0 0

#Transform 125
Transform: AffineTransform_float_3_3
Parameters: 0.999999 -0.000873624 -0.00159668 0.000897008 0.999895 0.0144225 0.00158433 -0.0144234 0.999895 0.0286541 -0.48515 -0.10794
FixedParameters: 0 0 0

#Transform 126
Transform: AffineTransform_float_3_3
Parameters: 0.999998 -0.0013198 -0.00159882 0.0013415 0.999901 0.0139618 0.00157984 -0.0139642 0.999902 0.0236305 -0.485622 -0.175919
FixedParameters: 0 0 0

#Transform 127
Transform: AffineTransform_float_3_3
Parameters: 0.999999 -0.000873618 -0.0016268 0.000895775 0.999909 0.0134525 0.00161521 -0.0134545 0.999908 0.0319754 -0.447813 -0.182708
FixedParameters: 0 0 0

#Transform 128
Transform: AffineTransform_float_3_3
Parameters: 0.999998 -0.00114804 -0.00164074 0.00117084 0.999907 0.0135961 0.00162542 -0.0135979 0.999907 0.0270747 -0.452728 -0.203038
FixedParameters: 0 0 0

#Transform 129
Transform: AffineTransform_float_3_3
Parameters: 0.999997 -0.0010694 -0.00247175 0.00110141 0.999919 0.0126852 0.0024581 -0.0126877 0.999916 0.119154 -0.353006 0.0150062
FixedParameters: 0 0 0

#Transform 130
Transform: AffineTransform_float_3_3
Parameters: 0.999996 -0.000872246 -0.00269475 0.000902818 0.999938 0.0111435 0.0026849 -0.0111455 0.999935 0.12939 -0.312282 -0.0195111
FixedParameters: 0 0 0

#Transform 131
Transform: AffineTransform_float_3_3
Parameters: 0.999996 -0.00148493 -0.00210527 0.00150942 0.99993 0.0117228 0.00208827 -0.0117262 0.999929 0.101685 -0.351589 -0.0943171
FixedParameters: 0 0 0

#Transform 132
Transform: AffineTransform_float_3_3
Parameters: 0.999996 -0.00137539 -0.00245193 0.00140951 0.9999 0.0140966 0.0024324 -0.0140994 0.999897 0.0973487 -0.401582 -0.060153
FixedParameters: 0 0 0

#Transform 133
Transform: AffineTransform_float_3_3
Parameters: 0.999997 -0.00148905 -0.0015698 0.00151171 0.999897 0.0142537 0.00154824 -0.0142563 0.999897 0.082689 -0.431909 -0.0691425
FixedParameters: 0 0 0

#Transform 134
Transform: AffineTransform_float_3_3
Parameters: 0.999997 -0.00145946 -0.00222054 0.00148745 0.999919 0.0125917 0.00220242 -0.0125943 0.999919 0.105955 -0.345364 -0.0485669
FixedParameters: 0 0 0

#Transform 135
Transform: AffineTransform_float_3_3
Parameters: 0.999996 -0.00144957 -0.00237479 0.00148208 0.999906 0.0135844 0.00235481 -0.0135885 0.999905 0.0897136 -0.398359 -0.0868312
FixedParameters: 0 0 0

#Transform 136
Transform: AffineTransform_float_3_3
Parameters: 0.999998 -0.00116419 -0.00190044 0.00119073 0.9999 0.0140427 0.0018834 -0.0140443 0.999899 0.0780336 -0.413925 -0.107172
FixedParameters: 0 0 0

#Transform 137
Transform: AffineTransform_float_3_3
Parameters: 0.999996 -0.00150379 -0.00216189 0.00153254 0.99991 0.0133647 0.00214226 -0.0133683 0.999908 0.0876242 -0.377996 -0.123075
FixedParameters: 0 0 0

#Transform 138
Transform: AffineTransform_float_3_3
Parameters: 0.999997 -0.00137995 -0.00201914 0.00140763 0.999904 0.0137852 0.00200071 -0.0137878 0.999903 0.0760156 -0.388912 -0.0811703
FixedParameters: 0 0 0

#Transform 139
Transform: AffineTransform_float_3_3
Parameters: 0.999997 -0.00144939 -0.00188017 0.0014755 0.999907 0.0135953 0.00186051 -0.0135977 0.999906 0.0649641 -0.382596 -0.100215
FixedParameters: 0 0 0

#Transform 140
Transform: AffineTransform_float_3_3
Parameters: 0.999997 -0.00146421 -0.00198884 0.00149074 0.999909 0.0134591 0.0019691 -0.0134619 0.999907 0.0851901 -0.357144 0.0552708
FixedParameters: 0 0 0

#Transform 141
Transform: AffineTransform_float_3_3
Parameters: 0.999997 -0.00140868 -0.00192779 0.0014336 0.999919 0.0126622 0.00190994 -0.0126648 0.999918 0.0825153 -0.334902 -0.00941618
FixedParameters: 0 0 0

#Transform 142
Transform: AffineTransform_float_3_3
Parameters: 0.999997 -0.00145152 -0.00193656 0.00147623 0.999914 0.0130832 0.00191732 -0.0130858 0.999912 0.0753154 -0.381849 -0.0329882
FixedParameters: 0 0 0

#Transform 143
Transform: AffineTransform_float_3_3
Parameters: 0.999997 -0.00155164 -0.00188203 0.00157733 0.9999 0.0140321 0.00186015 -0.0140349 0.9999 0.0723314 -0.402251 -0.0706745
FixedParameters: 0 0 0

#Transform 144
Transform: AffineTransform_float_3_3
Parameters: 0.999997 -0.00149235 -0.00191277 0.00151925 0.999903 0.0138441 0.00189214 -0.0138469 0.999903 0.0740123 -0.382397 -0.0607199
FixedParameters: 0 0 0

#Transform 145
Transform: AffineTransform_float_3_3
Parameters: 0.999997 -0.00121859 -0.00189831 0.00124452 0.999909 0.0133746 0.00188247 -0.0133774 0.999909 0.0699092 -0.406431 -0.0969084
FixedParameters: 0 0 0

#Transform 146
Transform: AffineTransform_float_3_3
Parameters: 0.999997 -0.0013841 -0.00190682 0.00140972 0.999908 0.0135234 0.0018881 -0.0135267 0.999907 0.0752222 -0.39837 -0.10089
FixedParameters: 0 0 0

#Transform 147
Transform: AffineTransform_float_3_3
Parameters: 0.999997 -0.00202232 -0.00136449 0.00203726 0.999928 0.0117683 0.0013411 -0.0117707 0.99993 0.071239 -0.360549 -0.0649445
FixedParameters: 0 0 0

#Transform 148
Transform: AffineTransform_float_3_3
Parameters: 0.999998 -0.0014672 -0.00175838 0.00148961 0.99992 0.0126054 0.00173932 -0.0126076 0.999919 0.0843476 -0.348215 0.00922996
FixedParameters: 0 0 0

#Transform 149
Transform: AffineTransform_float_3_3
Parameters: 0.999997 -0.00172204 -0.00175083 0.0017448 0.999913 0.013112 0.00172854 -0.013115 0.999912 0.0784817 -0.359365 -0.0609303
FixedParameters: 0 0 0

#Transform 150
Transform: AffineTransform_float_3_3
Parameters: 0.999996 -0.00194072 -0.00176555 0.00196344 0.999913 0.0130226 0.00173987 -0.0130264 0.999913 0.0919708 -0.355634 -0.0169067
FixedParameters: 0 0 0

#Transform 151
Transform: AffineTransform_float_3_3
Parameters: 0.999997 -0.00174358 -0.00173992 0.0017671 0.999912 0.013127 0.00171704 -0.01313 0.999913 0.0823337 -0.385425 0.00244057
FixedParameters: 0 0 0

#Transform 152
Transform: AffineTransform_float_3_3
Parameters: 0.999997 -0.0013063 -0.00183046 0.00133095 0.999911 0.0132626 0.00181362 -0.0132645 0.999911 0.0956858 -0.367326 -0.000472436
FixedParameters: 0 0 0

#Transform 153
Transform: AffineTransform_float_3_3
Parameters: 0.999996 -0.00184658 -0.00185644 0.00186971 0.999917 0.0127436 0.00183322 -0.0127474 0.999917 0.0903554 -0.356102 -0.0102441
FixedParameters: 0 0 0

#Transform 154
Transform: AffineTransform_float_3_3
Parameters: 0.999997 -0.00185474 -0.00168975 0.00187582 0.999917 0.0127989 0.00166521 -0.0128021 0.999916 0.0844044 -0.359284 -0.0108625
FixedParameters: 0 0 0

#Transform 155
Transform: AffineTransform_float_3_3
Parameters: 0.999997 -0.00185467 -0.00168132 0.00187649 0.999913 0.0131029 0.00165764 -0.0131061 0.999913 0.0841927 -0.370784 -0.043067
FixedParameters: 0 0 0

#Transform 156
Transform: AffineTransform_float_3_3
Parameters: 0.999998 -0.00160667 -0.00163874 0.0016272 0.999915 0.0129864 0.00161696 -0.0129886 0.999914 0.0818615 -0.369068 -0.0249584
FixedParameters: 0 0 0

#Transform 157
Transform: AffineTransform_float_3_3
Parameters: 0.999997 -0.00186202 -0.00154761 0.00188092 0.999919 0.0126292 0.00152462 -0.0126319 0.999919 0.0773705 -0.360697 -0.0274108
FixedParameters: 0 0 0

#Transform 158
Transform: AffineTransform_float_3_3
Parameters: 0.999996 -0.00231456 -0.0012672 0.00232974 0.99992 0.0124772 0.00123867 -0.0124808 0.999922 0.0641684 -0.355962 -0.025422
FixedParameters: 0 0 0

#Transform 159
Transform: AffineTransform_float_3_3
Parameters: 0.999996 -0.00195611 -0.00175829 0.0019786 0.999913 0.0130186 0.00173323 -0.0130224 0.999914 0.0795013 -0.386078 -0.0229917
FixedParameters: 0 0 0

#Transform 160
Transform: AffineTransform_float_3_3
Parameters: 0.999996 -0.00190272 -0.00183138 0.00192652 0.999915 0.0128405 0.00180738 -0.0128445 0.999916 0.0887731 -0.377969 -0.0136846
FixedParameters: 0 0 0

#Transform 161
Transform: AffineTransform_float_3_3
Parameters: 0.999995 -0.00228473 -0.00183974 0.00230865 0.999907 0.0134498 0.00180904 -0.0134532 0.999908 0.0846363 -0.400314 -0.0206563
FixedParameters: 0 0 0

#Transform 162
Transform: AffineTransform_float_3_3
Parameters: 0.999998 -0.00150664 -0.00132945 0.00152263 0.999922 0.012386 0.00131133 -0.012388 0.999922 0.0521387 -0.363158 0.0227307
FixedParameters: 0 0 0

#Transform 163
Transform: AffineTransform_float_3_3
Parameters: 0.999995 -0.00282729 -0.00139378 0.00284363 0.999922 0.0122162 0.00135988 -0.0122198 0.999924 0.0370155 -0.345103 0.0788249
FixedParameters: 0 0 0

#Transform 164
Transform: AffineTransform_float_3_3
Parameters: 0.999995 -0.00228206 -0.00227164 0.00231683 0.99988 0.0153248 0.00223691 -0.0153292 0.99988 0.0709997 -0.460316 -0.0955968
FixedParameters: 0 0 0

#Transform 165
Transform: AffineTransform_float_3_3
Parameters: 0.999996 -0.00218214 -0.00183949 0.00221128 0.999869 0.016042 0.00180495 -0.016046 0.999869 0.0627941 -0.525811 -0.138597
FixedParameters: 0 0 0

#Transform 166
Transform: AffineTransform_float_3_3
Parameters: 0.999995 -0.00235834 -0.00178831 0.00238616 0.999871 0.0158828 0.00175093 -0.0158872 0.999873 0.0746692 -0.530657 -0.172775
FixedParameters: 0 0 0

#Transform 167
Transform: AffineTransform_float_3_3
Parameters: 0.999995 -0.00263413 -0.00170466 0.00266004 0.999871 0.0158776 0.00166261 -0.0158814 0.999872 0.0716546 -0.507779 -0.182758
FixedParameters: 0 0 0

#Transform 168
Transform: AffineTransform_float_3_3
Parameters: 0.999997 -0.00220584 -0.00115018 0.0022242 0.999858 0.0166586 0.00111268 -0.0166614 0.99986 0.0616197 -0.534883 -0.205695
FixedParameters: 0 0 0

#Transform 169
Transform: AffineTransform_float_3_3
Parameters: 0.999996 -0.00243262 -0.00137384 0.00245544 0.999863 0.0163628 0.00133408 -0.0163662 0.999865 0.0668634 -0.548176 -0.235573
FixedParameters: 0 0 0

#Transform 170
Transform: AffineTransform_float_3_3
Parameters: 0.999996 -0.00238556 -0.00140231 0.00240836 0.999857 0.0167398 0.00136222 -0.0167432 0.999859 0.0649158 -0.533404 -0.221685
FixedParameters: 0 0 0

#Transform 171
Transform: AffineTransform_float_3_3
Parameters: 0.999995 -0.00281937 -0.00138572 0.0028416 0.99986 0.0164903 0.00133855 -0.0164948 0.999863 0.0626522 -0.52746 -0.196183
FixedParameters: 0 0 0

#Transform 172
Transform: AffineTransform_float_3_3
Parameters: 0.999996 -0.00235506 -0.0014732 0.00237958 0.999861 0.0164966 0.00143424 -0.0165004 0.999863 0.0711339 -0.517776 -0.230961
FixedParameters: 0 0 0

#Transform 173
Transform: AffineTransform_float_3_3
Parameters: 0.999996 -0.00228865 -0.00197401 0.00232116 0.999863 0.0163425 0.00193653 -0.0163465 0.999864 0.0895679 -0.50772 -0.221431
FixedParameters: 0 0 0

#Transform 174
Transform: AffineTransform_float_3_3
Parameters: 0.999995 -0.00228514 -0.00185477 0.00231643 0.999856 0.0168128 0.0018163 -0.0168172 0.999857 0.0853821 -0.535661 -0.238517
FixedParameters: 0 0 0

#Transform 175
Transform: AffineTransform_float_3_3
Parameters: 0.999996 -0.00239428 -0.00160029 0.0024212 0.999849 0.0172343 0.0015583 -0.0172377 0.999851 0.0652169 -0.542707 -0.23704
FixedParameters: 0 0 0

#Transform 176
Transform: AffineTransform_float_3_3
Parameters: 0.999995 -0.00258832 -0.00177382 0.00261783 0.999849 0.0171695 0.00172832 -0.0171745 0.999851 0.0741981 -0.542424 -0.230832
FixedParameters: 0 0 0

#Transform 177
Transform: AffineTransform_float_3_3
Parameters: 0.999995 -0.00268273 -0.0017373 0.00271124 0.999852 0.0169745 0.00169166 -0.0169795 0.999854 0.0670561 -0.532973 -0.24828
FixedParameters: 0 0 0

#Transform 178
Transform: AffineTransform_float_3_3
Parameters: 0.999995 -0.00268275 -0.00173636 0.0027113 0.999852 0.0169954 0.00169061 -0.0170006 0.999854 0.0611473 -0.513259 -0.232468
FixedParameters: 0 0 0

#Transform 179
Transform: AffineTransform_float_3_3
Parameters: 0.999995 -0.00268729 -0.00167798 0.00271396 0.999867 0.0160796 0.00163417 -0.0160844 0.99987 0.0571827 -0.508142 -0.136295
FixedParameters: 0 0 0

#Transform 180
Transform: AffineTransform_float_3_3
Parameters: 0.999998 -0.00179565 -0.000780501 0.00180093 0.999983 0.00557564 0.000770328 -0.00557736 0.999984 0.0695369 -0.158495 0.058252
FixedParameters: 0 0 0

#Transform 181
Transform: AffineTransform_float_3_3
Parameters: 0.999998 -0.000642216 -0.00183924 0.0006611 0.999946 0.0103917 0.00183299 -0.0103933 0.999945 0.103808 -0.241219 0.0815633
FixedParameters: 0 0 0

#Transform 182
Transform: AffineTransform_float_3_3
Parameters: 0.999998 -0.0013369 -0.00141644 0.00135266 0.999938 0.0111071 0.001401 -0.0111099 0.999938 0.0640048 -0.261937 0.0637729
FixedParameters: 0 0 0

#Transform 183
Transform: AffineTransform_float_3_3
Parameters: 0.999998 -0.00133236 -0.00146357 0.0013508 0.999918 0.012743 0.0014467 -0.0127459 0.999917 0.0825347 -0.315859 -0.01087
FixedParameters: 0 0 0

#Transform 184
Transform: AffineTransform_float_3_3
Parameters: 0.999998 -0.00185103 -0.000859888 0.00186131 0.99992 0.0124485 0.00083629 -0.0124495 0.999922 0.0376729 -0.361658 -0.0621716
FixedParameters: 0 0 0

#Transform 185
Transform: AffineTransform_float_3_3
Parameters: 0.999998 -0.00155695 -0.00029065 0.00156074 0.999877 0.0155586 0.000265976 -0.0155594 0.999879 0.0195342 -0.44076 -0.0528364
FixedParameters: 0 0 0

#Transform 186
Transform: AffineTransform_float_3_3
Parameters: 0.999998 -0.00178327 -0.000967668 0.0017972 0.999884 0.0151674 0.000940822 -0.0151696 0.999884 0.0489305 -0.470139 -0.0387332
FixedParameters: 0 0 0

#Transform 187
Transform: AffineTransform_float_3_3
Parameters: 0.999996 -0.0020019 -0.00191182 0.00202977 0.999893 0.0144812 0.00188246 -0.0144848 0.999894 0.0738802 -0.392068 0.00143563
FixedParameters: 0 0 0

#Transform 188
Transform: AffineTransform_float_3_3
