#Insight Transform File V1.0
#Transform 0
Transform: AffineTransform_float_3_3
Parameters: 1 0.000417996 1.80618e-06 -0.000418005 0.99999 0.004321 -1.93804e-07 -0.004321 0.99999 -0.0350675 -0.039612 0.0307519
FixedParameters: 0 0 0

#Transform 1
Transform: AffineTransform_float_3_3
Parameters: 0.999999 0.000843214 -0.000535976 -0.000839785 0.999982 0.00596945 0.000541023 -0.00596955 0.999982 -0.00298064 -0.0237025 0.0384592
FixedParameters: 0 0 0

#Transform 2
Transform: AffineTransform_float_3_3
Parameters: 1 9.49845e-05 0.000450646 -9.8011e-05 0.999977 0.00669596 -0.000449354 -0.00669604 0.999978 -0.0281116 0.0108581 0.0766133
FixedParameters: 0 0 0

#Transform 3
Transform: AffineTransform_float_3_3
Parameters: 1 -0.000221276 0.000411731 0.000216732 0.999947 0.0103561 -0.000413267 -0.0103559 0.999947 -0.0334593 -0.0405273 -0.000798835
FixedParameters: 0 0 0

#Transform 4
Transform: AffineTransform_float_3_3
Parameters: 1 -2.80063e-06 0.00101904 -8.80023e-06 0.999933 0.01158 -0.00101897 -0.01158 0.999933 -0.0248212 -0.011688 -0.0056528
FixedParameters: 0 0 0

#Transform 5
Transform: AffineTransform_float_3_3
Parameters: 0.999999 0.000349421 0.00117643 -0.000363587 0.999923 0.0124156 -0.00117258 -0.0124154 0.999922 -0.0131146 -0.0200414 -0.047266
FixedParameters: 0 0 0

#Transform 6
Transform: AffineTransform_float_3_3
Parameters: 0.999998 -1.23807e-05 0.00171298 -9.38089e-06 0.999922 0.012481 -0.00171301 -0.012481 0.99992 -0.00622182 -0.122812 0.0981943
FixedParameters: 0 0 0

#Transform 7
Transform: AffineTransform_float_3_3
Parameters: 0.999998 -0.000491547 0.00157463 0.00047446 0.999938 0.0111248 -0.00157938 -0.0111242 0.999937 0.026081 -0.0530959 0.0799155
FixedParameters: 0 0 0

#Transform 8
Transform: AffineTransform_float_3_3
Parameters: 0.999998 -2.23709e-05 0.00190189 -9.37273e-06 0.999864 0.016493 -0.0019021 -0.016493 0.999862 -0.0359305 -0.00188552 0.105665
FixedParameters: 0 0 0

#Transform 9
Transform: AffineTransform_float_3_3
Parameters: 0.999999 -0.000492742 -0.000522881 0.000514262 0.99914 0.0414647 0.000502108 -0.0414652 0.99914 -0.0246589 -0.0363521 0.14023
FixedParameters: 0 0 0

#Transform 10
Transform: AffineTransform_float_3_3
Parameters: 0.999999 -0.000555918 0.000745554 0.000536097 0.99965 0.0264544 -0.000759448 -0.0264546 0.999649 0.00240926 -0.0529281 0.0431444
FixedParameters: 0 0 0

#Transform 11
Transform: AffineTransform_float_3_3
Parameters: 1 -0.00121455 8.51607e-05 0.00121245 0.999865 0.0163441 -0.00010483 -0.0163439 0.999867 0.0498604 -0.0538511 0.000434025
FixedParameters: 0 0 0

#Transform 12
Transform: AffineTransform_float_3_3
Parameters: 1 -0.00105945 0.00039874 0.00105156 0.999833 0.0182424 -0.000417252 -0.0182416 0.999834 -0.0243528 0.137406 -0.00889378
FixedParameters: 0 0 0

#Transform 13
Transform: AffineTransform_float_3_3
Parameters: 0.999999 -0.000817855 0.000408416 0.000813148 0.99993 0.0117523 -0.000417585 -0.0117517 0.999931 -0.0195708 0.100815 0.100997
FixedParameters: 0 0 0

#Transform 14
Transform: AffineTransform_float_3_3
Parameters: 0.999999 -0.000879366 0.000875734 0.00086763 0.999916 0.0128958 -0.000887263 -0.0128952 0.999917 -0.0352038 -0.034286 0.236054
FixedParameters: 0 0 0

#Transform 15
Transform: AffineTransform_float_3_3
Parameters: 0.999999 -0.00113875 0.000824707 0.00112925 0.99993 0.0117239 -0.000838296 -0.0117231 0.999931 -0.0564982 -0.00128527 0.19459
FixedParameters: 0 0 0

#Transform 16
Transform: AffineTransform_float_3_3
Parameters: 0.999999 -0.000942829 0.000798538 0.000933166 0.999925 0.0122208 -0.000810465 -0.0122202 0.999925 -0.0422953 0.0775633 0.133658
FixedParameters: 0 0 0

#Transform 17
Transform: AffineTransform_float_3_3
Parameters: 1 -0.000444853 0.000991902 0.000431145 0.999903 0.0139234 -0.000998099 -0.0139226 0.999902 -0.0330135 0.185547 -0.0559446
FixedParameters: 0 0 0

#Transform 18
Transform: AffineTransform_float_3_3
Parameters: 0.999999 -0.000910715 0.000463022 0.000903285 0.999898 0.0143024 -0.000475968 -0.0143026 0.999897 -0.0323817 0.182952 -0.114336
FixedParameters: 0 0 0

#Transform 19
Transform: AffineTransform_float_3_3
Parameters: 1 -0.000431996 0.000541269 0.000425996 0.999939 0.0110282 -0.000546731 -0.0110288 0.999939 -0.0151396 0.0321968 -0.0386156
FixedParameters: 0 0 0

#Transform 20
Transform: AffineTransform_float_3_3
Parameters: 1 -0.000184019 -0.000152977 0.000183981 1 -0.000125028 0.000153023 0.000124972 1 -0.00535853 0.0176666 -0.0277486
FixedParameters: 0 0 0

#Transform 21
Transform: AffineTransform_float_3_3
Parameters: 0.999999 -0.000260082 0.00146888 0.000264918 0.999995 -0.00334862 -0.00146812 0.00334939 0.999994 -0.0301737 0.0609157 -0.0123922
FixedParameters: 0 0 0

#Transform 22
Transform: AffineTransform_float_3_3
Parameters: 0.999999 -0.000263178 0.00146833 0.000264821 0.999999 -0.00124061 -0.00146767 0.00124139 0.999998 -0.0301522 0.00957131 -0.00701111
FixedParameters: 0 0 0

#Transform 23
Transform: AffineTransform_float_3_3
Parameters: 0.999999 0.000248372 0.00146828 -0.000250628 1 0.00110863 -0.00146772 -0.00110937 0.999999 -0.0139353 0.0259485 -0.18548
FixedParameters: 0 0 0

#Transform 24
Transform: AffineTransform_float_3_3
Parameters: 0.999998 -0.000268917 0.00165037 0.000265083 0.999997 0.00237344 -0.00165063 -0.00237256 0.999996 -0.0176494 0.0086956 -0.224313
FixedParameters: 0 0 0

#Transform 25
Transform: AffineTransform_float_3_3
Parameters: 0.999999 -0.000271661 0.00150381 0.000264337 0.99999 0.0044284 -0.00150519 -0.0044276 0.999989 -0.0148488 -0.0262181 -0.262128
FixedParameters: 0 0 0

#Transform 26
Transform: AffineTransform_float_3_3
Parameters: 0.999999 -0.000270788 0.00128079 0.000264215 0.99999 0.00451734 -0.00128121 -0.00451666 0.999989 -0.00831352 0.00917449 -0.227064
FixedParameters: 0 0 0

#Transform 27
Transform: AffineTransform_float_3_3
Parameters: 0.999999 -0.000270073 0.0012299 0.000264926 0.999991 0.00412333 -0.0012311 -0.00412267 0.99999 0.110335 -0.0701524 -0.0421059
FixedParameters: 0 0 0

#Transform 28
Transform: AffineTransform_float_3_3
Parameters: 0.999999 0.000465576 0.000800999 -0.000468424 0.99999 0.00427962 -0.000799002 -0.00428037 0.99999 0.0791361 0.0439587 -0.13383
FixedParameters: 0 0 0

#Transform 29
Transform: AffineTransform_float_3_3
Parameters: 0.999999 -5.64414e-05 0.000905677 5.15626e-05 0.999982 0.00600705 -0.000905325 -0.00600695 0.999981 0.0486974 -0.00108829 -0.123915
FixedParameters: 0 0 0

#Transform 30
Transform: AffineTransform_float_3_3
Parameters: 0.999999 0.000116714 0.00094293 -0.000124288 0.99997 0.00773188 -0.000942067 -0.00773111 0.999969 0.0537528 0.0502785 -0.151872
FixedParameters: 0 0 0

#Transform 31
Transform: AffineTransform_float_3_3
Parameters: 0.999999 0.000274983 0.000964029 -0.000281016 0.999974 0.00728574 -0.000961978 -0.00728627 0.999973 0.0553724 0.0223036 -0.145001
FixedParameters: 0 0 0

#Transform 32
Transform: AffineTransform_float_3_3
Parameters: 0.999999 4.5831e-05 0.00100141 -5.41656e-05 0.999966 0.00815895 -0.00100059 -0.00815905 0.999966 0.0507719 0.0326075 -0.136202
FixedParameters: 0 0 0

#Transform 33
Transform: AffineTransform_float_3_3
Parameters: 0.999999 0.00010408 0.000973764 -0.000110921 0.999974 0.0071089 -0.000973236 -0.0071091 0.999975 0.0529712 0.0370778 -0.135245
FixedParameters: 0 0 0

#Transform 34
Transform: AffineTransform_float_3_3
Parameters: 0.999999 -8.33896e-05 0.00143829 6.96035e-05 0.999956 0.0093071 -0.00143971 -0.00930688 0.999955 0.0124231 -0.0442611 -0.112317
FixedParameters: 0 0 0

#Transform 35
Transform: AffineTransform_float_3_3
Parameters: 0.999999 -0.000422116 0.000612153 0.000414874 0.999933 0.0115793 -0.000617845 -0.0115787 0.999933 -0.00255081 -0.0328988 -0.12957
FixedParameters: 0 0 0

#Transform 36
Transform: AffineTransform_float_3_3
Parameters: 0.999999 -0.000433542 0.000613119 0.000428459 0.99996 0.00901027 -0.000616886 -0.00901074 0.999959 0.0251164 0.0122757 -0.137559
FixedParameters: 0 0 0

#Transform 37
Transform: AffineTransform_float_3_3
Parameters: 1 -6.39725e-05 0.000108432 6.30314e-05 0.99996 0.00894501 -0.000108568 -0.00894499 0.99996 0.058838 0.222295 -0.277892
FixedParameters: 0 0 0

#Transform 38
Transform: AffineTransform_float_3_3
Parameters: 1 -0.000241581 0.000107706 0.000240417 0.999985 0.00536202 -0.000109291 -0.00536197 0.999985 0.0536251 0.0399214 -0.177506
FixedParameters: 0 0 0

#Transform 39
Transform: AffineTransform_float_3_3
Parameters: 1 -0.000209532 0.000107974 0.000209468 0.999988 0.00490102 -0.000109028 -0.00490198 0.999988 0.0811874 0.0111367 -0.138631
FixedParameters: 0 0 0

#Transform 40
Transform: AffineTransform_float_3_3
Parameters: 1 -0.00087159 0.000781344 0.000870411 1 0.000753681 -0.000782657 -0.000753319 1 0.050839 0.0833957 -0.0381219
FixedParameters: 0 0 0

#Transform 41
Transform: AffineTransform_float_3_3
Parameters: 0.999998 -0.00141014 0.000820048 0.00140886 0.999998 0.00138516 -0.000821951 -0.00138384 0.999998 0.00511625 0.0121729 -0.00925728
FixedParameters: 0 0 0

#Transform 42
Transform: AffineTransform_float_3_3
Parameters: 1 -0.000232696 -0.000297914 0.000229304 0.99996 -0.00901707 0.00030008 0.00901694 0.99996 0.0801078 0.209415 -0.160715
FixedParameters: 0 0 0

#Transform 43
Transform: AffineTransform_float_3_3
Parameters: 0.999996 -0.000843436 0.00267567 0.000854566 0.999991 -0.00432373 -0.00267233 0.00432627 0.999987 -0.00544838 0.229522 -0.245972
FixedParameters: 0 0 0

#Transform 44
Transform: AffineTransform_float_3_3
Parameters: 0.999999 -0.000873199 0.00153105 0.000867801 0.999994 0.00339333 -0.00153395 -0.00339167 0.999993 0.00550151 0.435474 -0.607436
FixedParameters: 0 0 0

#Transform 45
Transform: AffineTransform_float_3_3
Parameters: 0.999999 -0.00128536 0.00121656 0.00128364 0.999998 0.00112156 -0.00121744 -0.00112044 0.999998 -0.0213842 0.118904 -0.0406707
FixedParameters: 0 0 0

#Transform 46
Transform: AffineTransform_float_3_3
Parameters: 0.999998 -0.00128747 0.00153109 0.00128353 0.999996 0.00226797 -0.00153391 -0.00226603 0.999997 -0.0809207 0.0848571 0.0255742
FixedParameters: 0 0 0

#Transform 47
Transform: AffineTransform_float_3_3
Parameters: 0.999998 -0.00128814 0.00153053 0.00128386 0.999995 0.00270097 -0.00153447 -0.00269903 0.999995 -0.0643138 0.153913 0.0292286
FixedParameters: 0 0 0

#Transform 48
Transform: AffineTransform_float_3_3
Parameters: 0.999978 -0.0030143 0.00578392 0.00299071 0.999988 0.00403139 -0.00579608 -0.00401462 0.999975 -0.0030271 0.0583715 -0.0854789
FixedParameters: 0 0 0

#Transform 49
Transform: AffineTransform_float_3_3
Parameters: 0.999979 -0.00297545 0.00578044 0.00294755 0.999983 0.00492414 -0.00579456 -0.00490686 0.999971 -0.016943 0.0646034 -0.229095
FixedParameters: 0 0 0

#Transform 50
Transform: AffineTransform_float_3_3
Parameters: 0.999999 -0.000719698 0.0016196 0.000712301 0.999989 0.00474817 -0.0016234 -0.00474684 0.999988 0.053504 0.124583 -0.342622
FixedParameters: 0 0 0

#Transform 51
Transform: AffineTransform_float_3_3
Parameters: 0.999998 -0.000931702 0.00204215 0.000921298 0.999986 0.0052359 -0.00204685 -0.00523311 0.999984 0.0537427 0.0981118 -0.38918
FixedParameters: 0 0 0

#Transform 52
Transform: AffineTransform_float_3_3
Parameters: 0.999999 -0.000498407 0.00180015 0.000488594 0.999983 0.00577689 -0.00180285 -0.00577611 0.999981 0.0444514 0.105293 -0.388283
FixedParameters: 0 0 0

#Transform 53
Transform: AffineTransform_float_3_3
Parameters: 0.999999 -0.000924597 0.00153505 0.000917406 0.999991 0.00429142 -0.00153895 -0.00429058 0.999989 0.0354888 0.0658454 -0.309312
FixedParameters: 0 0 0

#Transform 54
Transform: AffineTransform_float_3_3
Parameters: 0.999999 -0.000480583 0.00087003 0.000477417 0.999992 0.00411442 -0.000871971 -0.00411359 0.999991 0.0432271 0.198474 -0.449556
FixedParameters: 0 0 0

#Transform 55
Transform: AffineTransform_float_3_3
Parameters: 0.999999 -0.000226648 0.00151517 0.000221353 0.999993 0.00372634 -0.00151584 -0.00372666 0.999992 0.0293213 0.0427742 -0.335401
FixedParameters: 0 0 0

#Transform 56
Transform: AffineTransform_float_3_3
Parameters: 0.999999 -0.000267428 0.000742207 0.000267572 0.999999 -0.000771802 -0.000741794 0.000771199 1 0.0572861 0.0230182 -0.00203715
FixedParameters: 0 0 0

#Transform 57
Transform: AffineTransform_float_3_3
Parameters: 1 -6.20759e-05 0.000592992 6.19241e-05 1 0.000128037 -0.000593008 -0.000127963 1 0.0609482 0.116321 -0.028801
FixedParameters: 0 0 0

#Transform 58
Transform: AffineTransform_float_3_3
Parameters: 1 0.00010017 7.6778e-05 -9.98289e-05 0.999997 -0.00221801 -7.72216e-05 0.00221799 0.999997 0.0834617 0.131299 -0.0247619
FixedParameters: 0 0 0

#Transform 59
Transform: AffineTransform_float_3_3
Parameters: 0.999999 0.000941833 -0.00110463 -0.000961173 0.999846 -0.0174809 0.00108836 0.017482 0.999846 0.115963 0.199471 -0.182827
FixedParameters: 0 0 0

#Transform 60
Transform: AffineTransform_float_3_3
Parameters: 1 0.000852102 0.00057303 -0.000846899 0.999944 -0.0105655 -0.00058198 0.0105645 0.999944 0.116647 0.153855 -0.341303
FixedParameters: 0 0 0

#Transform 61
Transform: AffineTransform_float_3_3
Parameters: 0.999991 0.00371921 -0.00213311 -0.00375779 0.999822 -0.0184792 0.0020639 0.0184868 0.999827 0.188497 0.105626 -0.122838
FixedParameters: 0 0 0

#Transform 62
Transform: AffineTransform_float_3_3
Parameters: 0.999995 0.00265062 -0.00131976 -0.00265038 0.999997 -0.000283504 0.00131824 0.000286496 0.999999 0.144361 0.199035 -0.265049
FixedParameters: 0 0 0

#Transform 63
Transform: AffineTransform_float_3_3
Parameters: 0.999997 0.00131231 -0.00167741 -0.00130969 0.999997 0.0019752 0.00167959 -0.0019728 0.999996 0.106883 0.245196 -0.328911
FixedParameters: 0 0 0

#Transform 64
Transform: AffineTransform_float_3_3
Parameters: 0.999999 0.001313 -0.000769208 -0.001309 0.999985 0.00518101 0.000775792 -0.00517999 0.999987 0.0943367 0.164855 -0.248741
FixedParameters: 0 0 0

#Transform 65
Transform: AffineTransform_float_3_3
Parameters: 0.999998 0.00131279 -0.000919613 -0.00130921 0.99999 0.00411021 0.000924389 -0.00410979 0.999991 0.117908 0.114168 -0.305773
FixedParameters: 0 0 0

#Transform 66
Transform: AffineTransform_float_3_3
Parameters: 0.999998 0.00131063 -0.000993848 -0.00130936 0.999998 0.0016433 0.000996152 -0.0016417 0.999998 0.113557 0.124901 -0.428025
FixedParameters: 0 0 0

#Transform 67
Transform: AffineTransform_float_3_3
Parameters: 0.999998 0.00131361 -0.0014358 -0.00130939 0.999994 0.00320489 0.0014402 -0.00320311 0.999994 0.119665 0.0836848 -0.448711
FixedParameters: 0 0 0

#Transform 68
Transform: AffineTransform_float_3_3
Parameters: 0.999999 0.000211832 -0.00127789 -0.000204172 0.999985 0.00534426 0.00127811 -0.00534373 0.999985 0.0821281 0.0981403 -0.459566
FixedParameters: 0 0 0

#Transform 69
Transform: AffineTransform_float_3_3
Parameters: 1 0.00080382 -0.000643495 -0.000801183 0.99999 0.00436952 0.000646508 -0.00436948 0.99999 0.0925604 0.113291 -0.429595
FixedParameters: 0 0 0

#Transform 70
Transform: AffineTransform_float_3_3
Parameters: 0.999999 0.000356882 -0.00120027 -0.000351114 0.999988 0.00489743 0.00120273 -0.00489658 0.999988 0.0857621 0.08113 -0.409052
FixedParameters: 0 0 0

#Transform 71
Transform: AffineTransform_float_3_3
Parameters: 1 0.000209557 -0.00115418 -0.000204445 0.999992 0.00394624 0.00115482 -0.00394676 0.999991 0.0804227 0.0819019 -0.421
FixedParameters: 0 0 0

#Transform 72
Transform: AffineTransform_float_3_3
Parameters: 1 0.000259497 -0.001154 -0.000255503 0.999993 0.0038953 0.001155 -0.0038947 0.999991 0.0820709 0.0828061 -0.399193
FixedParameters: 0 0 0

#Transform 73
Transform: AffineTransform_float_3_3
Parameters: 1 0.000314124 -0.00115415 -0.000310876 0.999997 0.00270636 0.00115485 -0.00270564 0.999995 0.0949446 0.0715366 -0.393719
FixedParameters: 0 0 0

#Transform 74
Transform: AffineTransform_float_3_3
Parameters: 0.999999 0.000393081 -0.000760414 -0.000389916 0.999991 0.00404829 0.000762584 -0.0040477 0.999991 0.0994162 0.0646748 -0.345788
FixedParameters: 0 0 0

#Transform 75
Transform: AffineTransform_float_3_3
Parameters: 1 0.000677751 -0.000931729 -0.000676249 0.999998 0.00187763 0.000933272 -0.00187737 0.999998 0.167995 0.0700157 -0.309417
FixedParameters: 0 0 0

#Transform 76
Transform: AffineTransform_float_3_3
Parameters: 1 -0.000184814 -0.000441499 0.000186186 0.999997 0.00268992 0.000440501 -0.00268908 0.999997 0.0921899 0.0729327 -0.353657
FixedParameters: 0 0 0

#Transform 77
Transform: AffineTransform_float_3_3
Parameters: 0.999999 0.000206816 -0.000711475 -0.000204185 0.999996 0.00255215 0.000711524 -0.00255185 0.999997 0.0947747 0.113045 -0.369882
FixedParameters: 0 0 0

#Transform 78
Transform: AffineTransform_float_3_3
Parameters: 1 0.000128628 -0.000530608 -0.000127371 0.999996 0.00306707 0.000531393 -0.00306693 0.999995 0.0821556 0.105649 -0.375453
FixedParameters: 0 0 0

#Transform 79
Transform: AffineTransform_float_3_3
Parameters: 1 0.000812356 -0.000791589 -0.000810643 0.999996 0.00297265 0.000794413 -0.00297136 0.999996 0.0771421 0.105446 -0.506696
FixedParameters: 0 0 0

#Transform 80
Transform: AffineTransform_float_3_3
Parameters: 0.999999 0.0005835 -0.00052935 -0.000581497 0.999996 0.00283031 0.000531647 -0.00282969 0.999996 0.0910759 0.0939667 -0.49385
FixedParameters: 0 0 0

#Transform 81
Transform: AffineTransform_float_3_3
Parameters: 1 0.00031923 -0.000336839 -0.00031777 0.999994 0.00364411 0.00033816 -0.00364389 0.999994 0.0799776 0.0714411 -0.453222
FixedParameters: 0 0 0

#Transform 82
Transform: AffineTransform_float_3_3
Parameters: 1 0.000401188 -5.97498e-05 -0.000400811 0.999995 0.00311702 6.12496e-05 -0.00311698 0.999995 0.0787818 0.07887 -0.444988
FixedParameters: 0 0 0

#Transform 83
Transform: AffineTransform_float_3_3
Parameters: 1 0.000318877 -0.000304083 -0.000318123 0.999996 0.0028801 0.000304917 -0.0028799 0.999996 0.079505 0.0910174 -0.459782
FixedParameters: 0 0 0

#Transform 84
Transform: AffineTransform_float_3_3
Parameters: 1 -8.24522e-07 -8.40019e-05 1.17547e-06 0.999998 0.002089 8.39977e-05 -0.002089 0.999998 0.0663138 0.108511 -0.282015
FixedParameters: 0 0 0

#Transform 85
Transform: AffineTransform_float_3_3
Parameters: 1 -0.000249208 -0.000399495 0.000249793 0.999998 0.0019839 0.000399505 -0.0019841 0.999998 0.062669 0.123637 -0.237621
FixedParameters: 0 0 0

#Transform 86
Transform: AffineTransform_float_3_3
Parameters: 1 -0.000248496 -0.000511733 0.000249502 0.999995 0.00294087 0.000510268 -0.00294112 0.999995 0.0583695 0.0837467 -0.400552
FixedParameters: 0 0 0

#Transform 87
Transform: AffineTransform_float_3_3
Parameters: 1 -0.000249844 -0.000508077 0.000250156 1 0.000306873 0.000507923 -0.000307127 1 0.0642496 0.0821701 -0.441655
FixedParameters: 0 0 0

#Transform 88
Transform: AffineTransform_float_3_3
Parameters: 1 -0.00012 -0.0003987 0.000119 0.999997 -0.00250605 0.000399299 0.00250695 0.999997 0.0669138 0.102887 -0.296748
FixedParameters: 0 0 0

#Transform 89
Transform: AffineTransform_float_3_3
Parameters: 1 0.000113148 0.000617157 -0.000114851 0.999999 0.00137993 -0.000616842 -0.00138007 0.999999 0.0780063 0.121435 -0.22914
FixedParameters: 0 0 0

#Transform 90
Transform: AffineTransform_float_3_3
Parameters: 1 -0.000250196 4.39003e-05 0.000249804 0.999991 0.00439701 -4.50988e-05 -0.00439699 0.999991 0.0651499 0.087788 -0.130283
FixedParameters: 0 0 0

#Transform 91
Transform: AffineTransform_float_3_3
Parameters: 1 -5.57838e-05 0.000492801 5.42155e-05 0.999994 0.00361903 -0.0004932 -0.00361898 0.999994 0.0488181 0.15803 -0.282261
FixedParameters: 0 0 0

#Transform 92
Transform: AffineTransform_float_3_3
Parameters: 1 -0.000250241 7.11596e-05 0.00024976 0.999995 0.00336002 -7.18396e-05 -0.00335998 0.999995 0.0565371 0.152798 -0.326672
FixedParameters: 0 0 0

#Transform 93
Transform: AffineTransform_float_3_3
Parameters: 1 0.000322653 -0.000160696 -0.00032235 0.999992 0.00404505 0.000161305 -0.00404495 0.999992 0.0779527 0.159186 -0.378257
FixedParameters: 0 0 0

#Transform 94
Transform: AffineTransform_float_3_3
Parameters: 1 0.000521614 7.47447e-05 -0.000522382 0.999986 0.00525996 -7.12532e-05 -0.00526004 0.999986 0.0811879 0.166062 -0.431876
FixedParameters: 0 0 0

#Transform 95
Transform: AffineTransform_float_3_3
Parameters: 1 0.000181643 7.28953e-05 -0.000182357 0.999988 0.00492399 -7.21029e-05 -0.00492401 0.999988 0.079607 0.170855 -0.393963
FixedParameters: 0 0 0

#Transform 96
Transform: AffineTransform_float_3_3
Parameters: 1 -0.00025125 0.000241707 0.000249749 0.999986 0.00515706 -0.000243291 -0.00515694 0.999986 0.0393976 0.136543 -0.430821
FixedParameters: 0 0 0

#Transform 97
Transform: AffineTransform_float_3_3
Parameters: 1 0.000589594 7.52486e-05 -0.000589404 0.999984 0.00550795 -7.17546e-05 -0.00550804 0.999985 0.0636273 0.134482 -0.427232
FixedParameters: 0 0 0

#Transform 98
Transform: AffineTransform_float_3_3
Parameters: 1 0.000987004 -0.000438518 -0.000985 0.999989 0.00454543 0.000442481 -0.00454456 0.999989 0.103078 0.1719 -0.427074
FixedParameters: 0 0 0

#Transform 99
Transform: AffineTransform_float_3_3
Parameters: 1 0.00106828 -0.000554632 -0.00106672 0.999991 0.0040936 0.000558371 -0.00409241 0.999992 0.107237 0.15525 -0.397144
FixedParameters: 0 0 0

#Transform 100
Transform: AffineTransform_float_3_3
Parameters: 0.999998 0.00133261 -0.00136756 -0.00132739 0.99999 0.00409482 0.00137244 -0.00409218 0.99999 0.14418 0.127075 -0.417133
FixedParameters: 0 0 0

#Transform 101
Transform: AffineTransform_float_3_3
Parameters: 0.999999 0.0010747 -0.000878491 -0.0010703 0.99999 0.00420294 0.000883506 -0.00420205 0.999991 0.13009 0.153829 -0.407635
FixedParameters: 0 0 0

#Transform 102
Transform: AffineTransform_float_3_3
Parameters: 0.999999 0.00107492 -0.000878226 -0.00107108 0.999989 0.00444994 0.000883774 -0.00444905 0.999989 0.130118 0.139798 -0.460695
FixedParameters: 0 0 0

#Transform 103
Transform: AffineTransform_float_3_3
Parameters: 0.999999 0.0011885 -0.000792771 -0.00118549 0.999989 0.00440694 0.000798232 -0.00440605 0.99999 0.132599 0.151246 -0.427481
FixedParameters: 0 0 0

#Transform 104
Transform: AffineTransform_float_3_3
Parameters: 0.999999 0.00114933 -0.000942953 -0.00114567 0.999993 0.00352709 0.000947046 -0.00352592 0.999994 0.149029 0.0931833 -0.401219
FixedParameters: 0 0 0

#Transform 105
Transform: AffineTransform_float_3_3
Parameters: 1 0.00107211 -0.000326392 -0.00107089 0.999994 0.00336735 0.000330608 -0.00336665 0.999995 0.118842 0.121532 -0.342558
FixedParameters: 0 0 0

#Transform 106
Transform: AffineTransform_float_3_3
Parameters: 1 0.00107288 -0.000323847 -0.00107112 0.999983 0.00574035 0.000330155 -0.00574065 0.999984 0.146252 0.0770385 -0.317266
FixedParameters: 0 0 0

#Transform 107
Transform: AffineTransform_float_3_3
Parameters: 0.999999 0.000179665 -0.000852442 -0.000177333 0.999995 0.00312515 0.000853558 -0.00312485 0.999995 0.121226 0.110076 -0.239375
FixedParameters: 0 0 0

#Transform 108
Transform: AffineTransform_float_3_3
Parameters: 1 0.000652625 -0.000840197 -0.000649376 0.999991 0.00430755 0.000842805 -0.00430646 0.999991 0.136286 0.137964 -0.309565
FixedParameters: 0 0 0

#Transform 109
Transform: AffineTransform_float_3_3
Parameters: 0.999999 0.000650915 -0.000467343 -0.000649086 0.999992 0.0040873 0.000469656 -0.0040867 0.999991 0.109912 0.112791 -0.348797
FixedParameters: 0 0 0

#Transform 110
Transform: AffineTransform_float_3_3
Parameters: 0.999999 0.000650916 -0.000467342 -0.000649085 0.999992 0.0040883 0.000469657 -0.0040877 0.999991 0.110295 0.110772 -0.398521
FixedParameters: 0 0 0

#Transform 111
Transform: AffineTransform_float_3_3
Parameters: 0.999999 0.000803921 -0.000466706 -0.000802082 0.999992 0.00410138 0.000469293 -0.00410162 0.999991 0.114014 0.133966 -0.353261
FixedParameters: 0 0 0

#Transform 112
Transform: AffineTransform_float_3_3
Parameters: 0.999999 0.000651183 -0.00046697 -0.000648816 0.999989 0.0046613 0.000470029 -0.0046607 0.999989 0.114828 0.108411 -0.353964
FixedParameters: 0 0 0

#Transform 113
Transform: AffineTransform_float_3_3
Parameters: 0.999999 0.000936293 -0.000891514 -0.000931706 0.999988 0.00480284 0.000896485 -0.00480217 0.999988 0.131754 0.115792 -0.38326
FixedParameters: 0 0 0

#Transform 114
Transform: AffineTransform_float_3_3
Parameters: 1 0.00065317 -0.000892965 -0.000648831 0.999989 0.00466158 0.000896035 -0.00466142 0.999988 0.111184 0.0935235 -0.366218
FixedParameters: 0 0 0

#Transform 115
Transform: AffineTransform_float_3_3
Parameters: 0.999999 0.000338364 -0.000779548 -0.000335633 0.99999 0.00431226 0.000781455 -0.00431174 0.999991 0.0820671 0.128802 -0.532639
FixedParameters: 0 0 0

#Transform 116
Transform: AffineTransform_float_3_3
Parameters: 0.999999 -0.000226554 0.00098619 0.000223447 0.999993 0.00360222 -0.000986811 -0.00360278 0.999993 0.0145327 0.112948 -0.407912
FixedParameters: 0 0 0

#Transform 117
Transform: AffineTransform_float_3_3
Parameters: 0.999999 -0.000667536 -0.000333942 0.000668464 0.99999 0.00440178 0.000331061 -0.00440222 0.999991 0.0250801 0.0816223 -0.1144
FixedParameters: 0 0 0

#Transform 118
Transform: AffineTransform_float_3_3
Parameters: 0.999997 0.000431638 -0.00216633 -0.000417364 0.99998 0.00629192 0.00216867 -0.00629108 0.999978 0.105478 -0.170751 -0.254918
FixedParameters: 0 0 0

#Transform 119
Transform: AffineTransform_float_3_3
Parameters: 0.999998 0.00167498 -0.00114328 -0.00166902 0.999985 0.00521492 0.00115172 -0.00521308 0.999985 0.125426 -0.341253 -0.0479018
FixedParameters: 0 0 0

#Transform 120
Transform: AffineTransform_float_3_3
Parameters: 1 -6.4798e-05 0.000179714 6.32007e-05 0.99999 0.00443701 -0.000180282 -0.00443699 0.99999 0.0986556 -0.0765758 0.0980708
FixedParameters: 0 0 0

#Transform 121
Transform: AffineTransform_float_3_3
Parameters: 1 0.000102063 -0.00016836 -0.000100939 0.99998 0.00630102 0.000168639 -0.00630098 0.99998 0.0772019 0.0773783 -0.130128
FixedParameters: 0 0 0

#Transform 122
Transform: AffineTransform_float_3_3
Parameters: 1 0.000235255 -0.000167249 -0.000233747 0.999972 0.00746404 0.000168749 -0.00746396 0.999972 0.0579286 0.047673 -0.248113
FixedParameters: 0 0 0

#Transform 123
Transform: AffineTransform_float_3_3
Parameters: 0.999999 0.000239792 -0.000743156 -0.00023321 0.999969 0.00778318 0.000744838 -0.00778382 0.99997 0.0744678 0.106805 -0.295728
FixedParameters: 0 0 0

#Transform 124
Transform: AffineTransform_float_3_3
Parameters: 0.999999 0.000690555 -0.000536727 -0.000687447 0.999988 0.00474737 0.00053927 -0.00474763 0.999988 0.0766 0.0320237 -0.340921
FixedParameters: 0 0 0

#Transform 125
Transform: AffineTransform_float_3_3
Parameters: 0.999999 0.000690618 -0.000590954 -0.000687381 0.99999 0.00441941 0.000594044 -0.00441959 0.99999 0.0735203 0.0432841 -0.294321
FixedParameters: 0 0 0

#Transform 126
Transform: AffineTransform_float_3_3
Parameters: 0.999999 0.000691509 -0.000650289 -0.000687493 0.999986 0.00538045 0.000653709 -0.00538055 0.999986 0.100814 0.043956 -0.29753
FixedParameters: 0 0 0

#Transform 127
Transform: AffineTransform_float_3_3
Parameters: 0.999999 0.000691291 -0.000590167 -0.00068771 0.999985 0.00555841 0.000593831 -0.0055576 0.999985 0.118629 0.0367273 -0.181036
FixedParameters: 0 0 0

#Transform 128
Transform: AffineTransform_float_3_3
Parameters: 0.999999 1.62253e-05 -0.00150293 -6.77427e-06 0.999981 0.00613802 0.00150307 -0.00613798 0.99998 0.109475 0.0587704 -0.210122
FixedParameters: 0 0 0

#Transform 129
Transform: AffineTransform_float_3_3
Parameters: 0.999999 0.000255238 -0.00150113 -0.000243762 0.999972 0.00748237 0.00150287 -0.00748162 0.999971 0.102921 0.0730432 -0.319793
FixedParameters: 0 0 0

#Transform 130
Transform: AffineTransform_float_3_3
Parameters: 0.999999 0.000250075 -0.000772058 -0.000243925 0.999969 0.00785919 0.00077394 -0.00785881 0.999969 0.10718 0.0353592 -0.349332
FixedParameters: 0 0 0

#Transform 131
Transform: AffineTransform_float_3_3
Parameters: 1 0.000571758 -0.000841449 -0.000564238 0.999968 0.00800948 0.000846547 -0.00800952 0.999968 0.132404 0.0610599 -0.354294
FixedParameters: 0 0 0

#Transform 132
Transform: AffineTransform_float_3_3
Parameters: 1 0.000495782 -9.39625e-05 -0.000495217 0.999966 0.00815004 9.80392e-05 -0.00814995 0.999967 0.0949603 0.045958 -0.359963
FixedParameters: 0 0 0

#Transform 133
Transform: AffineTransform_float_3_3
Parameters: 1 0.000244163 -1.90161e-05 -0.000243837 0.999967 0.008128 2.09826e-05 -0.00812799 0.999967 0.0770768 -0.00341594 -0.335222
FixedParameters: 0 0 0

#Transform 134
Transform: AffineTransform_float_3_3
Parameters: 1 5.88492e-05 -0.000471535 -5.5147e-05 0.999966 0.00815902 0.000472465 -0.00815897 0.999966 0.0645042 0.0133995 -0.397764
FixedParameters: 0 0 0

#Transform 135
Transform: AffineTransform_float_3_3
Parameters: 0.999999 0.00130822 -0.000665773 -0.00130378 0.99998 0.00629888 0.000674225 -0.00629813 0.99998 0.120035 0.0587203 -0.342167
FixedParameters: 0 0 0

#Transform 136
Transform: AffineTransform_float_3_3
Parameters: 0.999992 0.00382541 -0.000989928 -0.00381359 0.999929 0.0112779 0.00103307 -0.0112741 0.999936 0.120924 -0.491232 -0.200952
FixedParameters: 0 0 0

#Transform 137
Transform: AffineTransform_float_3_3
Parameters: 0.999997 0.00240825 0.000688619 -0.00240875 0.999997 0.00108635 -0.000685383 -0.00108765 0.999999 0.0821851 -0.257069 0.0383087
FixedParameters: 0 0 0

#Transform 138
Transform: AffineTransform_float_3_3
Parameters: 0.999999 -0.000172431 0.00132456 0.000160574 0.999963 0.00862522 -0.00132543 -0.00862478 0.999962 0.00157763 0.0106257 0.202212
FixedParameters: 0 0 0

#Transform 139
Transform: AffineTransform_float_3_3
Parameters: 0.999999 -0.000113128 0.000906615 0.000109871 0.999994 0.0034491 -0.000907384 -0.0034489 0.999993 0.0244013 0.066591 0.0652659
FixedParameters: 0 0 0

#Transform 140
Transform: AffineTransform_float_3_3
Parameters: 1 0.000175148 0.000638788 -0.000177848 0.99999 0.00446689 -0.000637212 -0.00446711 0.99999 0.0562324 0.127885 -0.148626
FixedParameters: 0 0 0

#Transform 141
Transform: AffineTransform_float_3_3
Parameters: 1 0.00017807 -1.09108e-05 -0.000177929 0.999982 0.00611801 1.20888e-05 -0.006118 0.999982 0.0750506 0.0757429 -0.248513
FixedParameters: 0 0 0

#Transform 142
Transform: AffineTransform_float_3_3
Parameters: 1 -0.000134087 1.09806e-05 0.000133912 0.999971 0.007605 -1.20188e-05 -0.007605 0.999971 0.0676872 0.115242 -0.289724
FixedParameters: 0 0 0

#Transform 143
Transform: AffineTransform_float_3_3
Parameters: 1 0.000181142 -0.000442727 -0.000177856 0.999975 0.00708708 0.000444271 -0.00708692 0.999975 0.0897339 0.0687777 -0.231902
FixedParameters: 0 0 0

#Transform 144
Transform: AffineTransform_float_3_3
Parameters: 1 -0.000107014 0.000382901 0.000102985 0.999945 0.010469 -0.000384099 -0.010469 0.999945 0.10899 0.190699 -0.339981
FixedParameters: 0 0 0

#Transform 145
Transform: AffineTransform_float_3_3
Parameters: 0.999999 -0.000656671 0.00127305 0.000645329 0.999958 0.00914683 -0.00127896 -0.00914617 0.999958 0.119163 0.193202 -0.303984
FixedParameters: 0 0 0

#Transform 146
Transform: AffineTransform_float_3_3
Parameters: 1 -0.00042241 0.000892996 0.00041659 0.999974 0.00716638 -0.000896009 -0.00716563 0.999974 0.0887487 0.0937764 -0.222418
FixedParameters: 0 0 0

#Transform 147
Transform: AffineTransform_float_3_3
Parameters: 1 -0.000270625 0.000307711 0.000267381 0.999964 0.00849808 -0.000309283 -0.00849791 0.999964 0.101167 0.102026 -0.305337
FixedParameters: 0 0 0

#Transform 148
Transform: AffineTransform_float_3_3
Parameters: 1 -0.000424246 0.000892126 0.000416756 0.999958 0.00922238 -0.000895882 -0.00922263 0.999957 0.0883156 0.115218 -0.361055
FixedParameters: 0 0 0

#Transform 149
Transform: AffineTransform_float_3_3
Parameters: 1 -0.000566779 0.000891099 0.000559221 0.999962 0.0087065 -0.000895903 -0.00870549 0.999961 0.0837893 0.0980866 -0.332406
FixedParameters: 0 0 0

#Transform 150
Transform: AffineTransform_float_3_3
Parameters: 1 -0.00060967 0.000196902 0.000607329 0.999965 0.00837312 -0.000202092 -0.00837288 0.999965 0.0917864 0.0863359 -0.346472
FixedParameters: 0 0 0

#Transform 151
Transform: AffineTransform_float_3_3
Parameters: 0.999999 0.000204578 -0.00136903 -0.000197422 0.999989 0.00480327 0.00136996 -0.00480272 0.999987 0.113888 0.111817 -0.230276
FixedParameters: 0 0 0

#Transform 152
Transform: AffineTransform_float_3_3
Parameters: 1 0.000148271 -0.00107756 -0.000145727 0.999995 0.00303516 0.00107845 -0.00303484 0.999995 0.107034 0.126783 -0.162212
FixedParameters: 0 0 0

#Transform 153
Transform: AffineTransform_float_3_3
Parameters: 0.999999 0.000245526 -0.000700119 -0.000243474 0.999993 0.00360617 0.000700882 -0.00360583 0.999994 0.111078 0.103107 -0.174928
FixedParameters: 0 0 0

#Transform 154
Transform: AffineTransform_float_3_3
Parameters: 0.999999 -6.95943e-05 -0.00178067 8.44101e-05 0.999962 0.00865386 0.00178034 -0.00865313 0.999961 0.132767 0.047158 0.0748562
FixedParameters: 0 0 0

#Transform 155
Transform: AffineTransform_float_3_3
Parameters: 0.999999 0.00034888 -0.00122824 -0.000339113 0.999967 0.00803542 0.00123176 -0.00803457 0.999967 0.109438 0.0987162 -0.0877428
FixedParameters: 0 0 0

#Transform 156
Transform: AffineTransform_float_3_3
Parameters: 1 0.00020294 -0.00101044 -0.000195055 0.999969 0.0078522 0.00101256 -0.0078518 0.999968 0.107771 0.0806419 -0.146559
FixedParameters: 0 0 0

#Transform 157
Transform: AffineTransform_float_3_3
Parameters: 1 0.000258206 -0.000981879 -0.000249793 0.999965 0.00834825 0.00098412 -0.00834775 0.999964 0.107338 0.0608375 -0.194121
FixedParameters: 0 0 0

#Transform 158
Transform: AffineTransform_float_3_3
Parameters: 1 0.000198872 -0.000474395 -0.000195123 0.999967 0.00814809 0.000476605 -0.0081479 0.999966 0.0925261 0.0630505 -0.238207
FixedParameters: 0 0 0

#Transform 159
Transform: AffineTransform_float_3_3
Parameters: 1 0.000352127 -1.53158e-05 -0.000351868 0.999971 0.007624 1.86832e-05 -0.00762399 0.999971 0.0767804 0.0882208 -0.266455
FixedParameters: 0 0 0

#Transform 160
Transform: AffineTransform_float_3_3
Parameters: 1 0.000393554 -0.000234411 -0.000392449 0.999978 0.0065911 0.000236592 -0.00659091 0.999979 0.0775488 -0.0514055 -0.294252
FixedParameters: 0 0 0

#Transform 161
Transform: AffineTransform_float_3_3
Parameters: 0.999996 0.00255665 0.000124676 -0.00255834 0.99992 0.0123857 -9.23216e-05 -0.0123853 0.999924 0.0860957 -0.400594 -0.25112
FixedParameters: 0 0 0

#Transform 162
Transform: AffineTransform_float_3_3
Parameters: 0.999998 0.00166098 0.0015712 -0.00166302 0.999997 0.00192139 -0.00156781 -0.00192361 0.999997 0.0878689 -0.245063 -0.0633939
FixedParameters: 0 0 0

#Transform 163
Transform: AffineTransform_float_3_3
Parameters: 0.999999 0.00137329 -3.86666e-05 -0.00137271 0.999976 0.00679706 4.73314e-05 -0.00679694 0.999977 0.115924 -0.0932469 0.023017
FixedParameters: 0 0 0

#Transform 164
Transform: AffineTransform_float_3_3
Parameters: 1 0.000516071 -0.00047871 -0.000512933 0.99998 0.00639425 0.00048129 -0.00639376 0.99998 0.0774435 0.0202007 -0.00815436
FixedParameters: 0 0 0

#Transform 165
Transform: AffineTransform_float_3_3
Parameters: 1 0.000536611 -0.000415651 -0.000534387 0.999981 0.00625623 0.000419351 -0.00625578 0.999981 0.076692 0.0307137 -0.125014
FixedParameters: 0 0 0

#Transform 166
Transform: AffineTransform_float_3_3
Parameters: 0.999999 0.000647328 -0.000381072 -0.000644672 0.999982 0.00607925 0.000384926 -0.00607876 0.999982 0.0705711 0.0479718 -0.211973
FixedParameters: 0 0 0

#Transform 167
Transform: AffineTransform_float_3_3
Parameters: 1 0.000893903 -0.000476595 -0.000891102 0.999982 0.00605643 0.000481405 -0.00605557 0.999981 0.0892412 0.0514471 -0.142218
FixedParameters: 0 0 0

#Transform 168
Transform: AffineTransform_float_3_3
Parameters: 1 0.000393947 -0.00017387 -0.000393058 0.999986 0.00541407 0.000175131 -0.00541393 0.999986 0.130427 0.0251935 -0.150858
FixedParameters: 0 0 0

#Transform 169
Transform: AffineTransform_float_3_3
Parameters: 1 0.000614315 -0.000920471 -0.000617684 0.999992 -0.00400943 0.000917531 0.00400956 0.999991 0.0341738 0.126609 0.0278475
FixedParameters: 0 0 0

#Transform 170
Transform: AffineTransform_float_3_3
Parameters: 0.999999 0.000885089 -0.000895878 -0.000890912 0.999977 -0.0066192 0.000890122 0.00661979 0.999977 0.0658377 0.119251 0.0561205
FixedParameters: 0 0 0

#Transform 171
Transform: AffineTransform_float_3_3
Parameters: 1 0.00052424 -0.000200372 -0.00052376 0.999999 0.00119811 0.000200628 -0.0011979 1 0.0433416 0.0466498 -0.0143045
FixedParameters: 0 0 0

#Transform 172
Transform: AffineTransform_float_3_3
Parameters: 0.999999 0.000890637 0.000285134 -0.000890363 0.999999 0.00127275 -0.000284867 -0.00127325 0.999999 0.0541572 0.123835 -0.0869866
FixedParameters: 0 0 0

#Transform 173
Transform: AffineTransform_float_3_3
Parameters: 0.999999 0.000686781 -0.000284119 -0.000686219 0.999996 0.0027402 0.000285881 -0.00273981 0.999996 0.0580383 0.0923714 -0.105146
FixedParameters: 0 0 0

#Transform 174
Transform: AffineTransform_float_3_3
Parameters: 0.999999 0.00065998 -0.000380305 -0.000659019 0.999997 0.00257025 0.000382695 -0.00256975 0.999996 0.0552921 0.0808189 -0.072748
FixedParameters: 0 0 0

#Transform 175
Transform: AffineTransform_float_3_3
Parameters: 1 0.000490902 -0.000328656 -0.000490097 0.999996 0.00274016 0.000330344 -0.00273984 0.999996 0.0414108 0.0711569 -0.102386
FixedParameters: 0 0 0

#Transform 176
Transform: AffineTransform_float_3_3
Parameters: 1 -0.000221118 -0.000381932 0.000220882 1 -0.000309084 0.000382068 0.000308915 1 0.00616755 -0.102251 -0.36224
FixedParameters: 0 0 0

#Transform 177
Transform: AffineTransform_float_3_3
Parameters: 0.999999 0.000573477 -0.000477628 -0.000573523 0.999999 -0.00109473 0.000477372 0.00109527 1 -0.0328509 -0.332545 -0.294646
FixedParameters: 0 0 0

#Transform 178
Transform: AffineTransform_float_3_3
Parameters: 0.999999 0.000722844 7.74646e-05 -0.000723156 0.999997 0.00202594 -7.6535e-05 -0.00202606 0.999998 0.073063 -0.0554304 -0.0149342
FixedParameters: 0 0 0

#Transform 179
Transform: AffineTransform_float_3_3
Parameters: 0.999999 0.000507477 -0.000524575 -0.000506521 0.999996 0.00281227 0.000526426 -0.00281173 0.999996 0.0636146 0.0637872 -0.0711231
FixedParameters: 0 0 0

#Transform 180
Transform: AffineTransform_float_3_3
Parameters: 0.999999 0.00104421 -0.00077503 -0.00104179 0.999996 0.00284781 0.00077797 -0.00284719 0.999995 0.0913826 0.0646856 -0.170436
FixedParameters: 0 0 0

#Transform 181
Transform: AffineTransform_float_3_3
Parameters: 1 0.000894581 -0.000679311 -0.000890416 0.999986 0.00525261 0.000684687 -0.00525239 0.999986 0.0743462 0.0602346 -0.183321
FixedParameters: 0 0 0

#Transform 182
Transform: AffineTransform_float_3_3
Parameters: 0.999999 0.00116494 -0.000772086 -0.00116106 0.999987 0.0050859 0.000777915 -0.0050851 0.999987 0.0901628 0.0685135 -0.165414
FixedParameters: 0 0 0

#Transform 183
Transform: AffineTransform_float_3_3
Parameters: 1 0.000894971 -0.000695924 -0.00089103 0.999984 0.00568462 0.000701077 -0.00568438 0.999983 0.0804595 0.0257742 -0.16894
FixedParameters: 0 0 0

#Transform 184
Transform: AffineTransform_float_3_3
Parameters: 0.999999 0.000895873 -0.000937367 -0.000891129 0.999986 0.00518584 0.000941634 -0.00518516 0.999986 0.0749568 0.0982951 -0.218732
FixedParameters: 0 0 0

#Transform 185
Transform: AffineTransform_float_3_3
Parameters: 0.999997 0.00143901 -0.00230392 -0.00142599 0.999983 0.0056383 0.00231207 -0.00563569 0.999981 0.119783 0.0570456 -0.271094
FixedParameters: 0 0 0

#Transform 186
Transform: AffineTransform_float_3_3
Parameters: 0.999997 0.00168733 -0.00175115 -0.00167667 0.999978 0.00645295 0.00176185 -0.00645004 0.999977 0.126995 0.0563105 -0.279613
FixedParameters: 0 0 0

#Transform 187
Transform: AffineTransform_float_3_3
Parameters: 0.999999 -0.000957911 -0.00147492 0.000970091 0.999966 0.00821858 0.00146708 -0.00821942 0.999965 0.120673 -0.0669204 -0.879744
FixedParameters: 0 0 0

#Transform 188
Transform: AffineTransform_float_3_3
Parameters: 0.999991 0.000542929 0.00426408 -0.000603068 0.999901 0.0140986 -0.00425592 -0.0141014 0.999891 0.0710493 -0.239087 -1.34936
FixedParameters: 0 0 0

#Transform 189
