# transform file /out/sourcedata/freesurfer/sub-v1s22x0050498_ses-1/mri/transforms/cc_up.lta
# created by oesteban on Mon Mar  9 16:43:01 2026

type      = 0 # LINEAR_VOX_TO_VOX
nxforms   = 1
mean      = 128.0000 103.0000 114.0000
sigma     = 10000.0000
1 4 4
9.943432211875916e-01 2.282042987644672e-02 -1.037343442440033e-01 1.057889175415039e+01 
-2.269725129008293e-02 9.997395873069763e-01 2.367879264056683e-03 4.665841674804688e+01 
1.037613674998283e-01 -2.328306436538696e-10 9.946022629737854e-01 1.540423679351807e+01 
0.000000000000000e+00 0.000000000000000e+00 0.000000000000000e+00 1.000000000000000e+00 
src volume info
valid = 1  # volume info valid
filename = /out/sourcedata/freesurfer/sub-v1s22x0050498_ses-1/mri/norm.mgz
volume = 256 256 256
voxelsize = 1.000000000000000e+00 1.000000000000000e+00 1.000000000000000e+00
xras   = -1.000000000000000e+00 -9.446921467315406e-09 0.000000000000000e+00
yras   = 0.000000000000000e+00 0.000000000000000e+00 -1.000000000000000e+00
zras   = 1.996340870391577e-09 1.000000000000000e+00 -1.164153218269348e-10
cras   = -3.306777954101562e+00 3.679248809814453e+01 -9.626106262207031e+00
dst volume info
valid = 1  # volume info valid
filename = /out/sourcedata/freesurfer/sub-v1s22x0050498_ses-1/mri/norm.mgz
volume = 256 256 256
voxelsize = 1.000000000000000e+00 1.000000000000000e+00 1.000000000000000e+00
xras   = -1.000000000000000e+00 -9.446921467315406e-09 0.000000000000000e+00
yras   = 0.000000000000000e+00 0.000000000000000e+00 -1.000000000000000e+00
zras   = 1.996340870391577e-09 1.000000000000000e+00 -1.164153218269348e-10
cras   = -3.306777954101562e+00 3.679248809814453e+01 -9.626106262207031e+00
