# transform file transforms/talairach.lta
# created by oesteban on Mon Mar  9 15:51:15 2026

type      = 0 # LINEAR_VOX_TO_VOX
nxforms   = 1
mean      = 127.0000 105.0000 114.0000
sigma     = 10000.0000
1 4 4
1.084153771400452e+00 -2.495832974091172e-03 -8.491005003452301e-02 -2.948582410812378e+00 
1.932196691632271e-02 1.158657789230347e+00 2.632194161415100e-01 -2.765281867980957e+01 
2.496328949928284e-02 -2.333111166954041e-01 9.748976230621338e-01 2.004779052734375e+01 
0.000000000000000e+00 0.000000000000000e+00 0.000000000000000e+00 1.000000000000000e+00 
src volume info
valid = 1  # volume info valid
filename = nu.mgz
volume = 256 256 256
voxelsize = 1.000000000000000e+00 1.000000000000000e+00 1.000000000000000e+00
xras   = -1.000000000000000e+00 -9.446921467315406e-09 0.000000000000000e+00
yras   = 0.000000000000000e+00 0.000000000000000e+00 -1.000000000000000e+00
zras   = 1.996340870391577e-09 1.000000000000000e+00 -1.164153218269348e-10
cras   = -3.306777954101562e+00 3.679248809814453e+01 -9.626106262207031e+00
dst volume info
valid = 1  # volume info valid
filename = /opt/freesurfer/average/RB_all_2020-01-02.gca
volume = 256 256 256
voxelsize = 1.000000000000000e+00 1.000000000000000e+00 1.000000000000000e+00
xras   = -1.000000000000000e+00 0.000000000000000e+00 0.000000000000000e+00
yras   = 0.000000000000000e+00 0.000000000000000e+00 -1.000000000000000e+00
zras   = 0.000000000000000e+00 1.000000000000000e+00 0.000000000000000e+00
cras   = 0.000000000000000e+00 0.000000000000000e+00 0.000000000000000e+00
