# transform file /out/sourcedata/freesurfer/sub-v1s22x0050512_ses-1/mri/transforms/cc_up.lta
# created by oesteban on Mon Mar  9 17:20:27 2026

type      = 0 # LINEAR_VOX_TO_VOX
nxforms   = 1
mean      = 130.0000 95.0000 116.0000
sigma     = 10000.0000
1 4 4
9.997380375862122e-01 1.348851621150970e-02 -1.849738135933876e-02 -2.072344064712524e+00 
-1.348620839416981e-02 9.999091625213623e-01 2.495248918421566e-04 5.473434066772461e+01 
1.849906519055367e-02 0.000000000000000e+00 9.998289942741394e-01 2.261275100708008e+01 
0.000000000000000e+00 0.000000000000000e+00 0.000000000000000e+00 1.000000000000000e+00 
src volume info
valid = 1  # volume info valid
filename = /out/sourcedata/freesurfer/sub-v1s22x0050512_ses-1/mri/norm.mgz
volume = 256 256 256
voxelsize = 1.000000000000000e+00 1.000000000000000e+00 1.000000000000000e+00
xras   = -1.000000119209290e+00 -3.958120942115784e-09 -3.725290298461914e-09
yras   = 3.725290298461914e-09 0.000000000000000e+00 -1.000000119209290e+00
zras   = 2.401066012680531e-10 1.000000119209290e+00 -1.164153218269348e-10
cras   = -1.767204284667969e+00 2.288147735595703e+01 -3.063694763183594e+01
dst volume info
valid = 1  # volume info valid
filename = /out/sourcedata/freesurfer/sub-v1s22x0050512_ses-1/mri/norm.mgz
volume = 256 256 256
voxelsize = 1.000000000000000e+00 1.000000000000000e+00 1.000000000000000e+00
xras   = -1.000000119209290e+00 -3.958120942115784e-09 -3.725290298461914e-09
yras   = 3.725290298461914e-09 0.000000000000000e+00 -1.000000119209290e+00
zras   = 2.401066012680531e-10 1.000000119209290e+00 -1.164153218269348e-10
cras   = -1.767204284667969e+00 2.288147735595703e+01 -3.063694763183594e+01
