# transform file transforms/talairach.lta
# created by oesteban on Mon Mar  9 16:17:18 2026

type      = 0 # LINEAR_VOX_TO_VOX
nxforms   = 1
mean      = 130.0000 96.0000 117.0000
sigma     = 10000.0000
1 4 4
1.004628062248230e+00 1.052219048142433e-02 -6.107443477958441e-03 -4.786336421966553e+00 
-8.143618702888489e-03 1.098381519317627e+00 2.131802290678024e-01 -4.555831909179688e+00 
8.094117045402527e-03 -1.956344991922379e-01 9.594981074333191e-01 1.513291358947754e+01 
0.000000000000000e+00 0.000000000000000e+00 0.000000000000000e+00 1.000000000000000e+00 
src volume info
valid = 1  # volume info valid
filename = nu.mgz
volume = 256 256 256
voxelsize = 1.000000000000000e+00 1.000000000000000e+00 1.000000000000000e+00
xras   = -1.000000119209290e+00 -3.958120942115784e-09 -3.725290298461914e-09
yras   = 3.725290298461914e-09 0.000000000000000e+00 -1.000000119209290e+00
zras   = 2.401066012680531e-10 1.000000119209290e+00 -1.164153218269348e-10
cras   = -1.767204284667969e+00 2.288147735595703e+01 -3.063694763183594e+01
dst volume info
valid = 1  # volume info valid
filename = /opt/freesurfer/average/RB_all_2020-01-02.gca
volume = 256 256 256
voxelsize = 1.000000000000000e+00 1.000000000000000e+00 1.000000000000000e+00
xras   = -1.000000000000000e+00 0.000000000000000e+00 0.000000000000000e+00
yras   = 0.000000000000000e+00 0.000000000000000e+00 -1.000000000000000e+00
zras   = 0.000000000000000e+00 1.000000000000000e+00 0.000000000000000e+00
cras   = 0.000000000000000e+00 0.000000000000000e+00 0.000000000000000e+00
