type      = 0 # LINEAR_VOX_TO_VOX
nxforms   = 1
mean      = 0.0000 0.0000 0.0000
sigma     = 1.0000
1 4 4
1.013831138610840e+00 -5.831004120409489e-03 -7.031001616269350e-03 -2.998504638671875e+00 
-1.223799865692854e-02 1.044435143470764e+00 1.564880162477493e-01 7.520606994628906e+00 
1.150499656796455e-02 -2.258130311965942e-01 9.600421190261841e-01 1.663594818115234e+01 
0.000000000000000e+00 0.000000000000000e+00 0.000000000000000e+00 1.000000000000000e+00 
src volume info
valid = 1  # volume info valid
filename = /out/sourcedata/freesurfer/sub-v1s22x0050512_ses-1/mri/orig.mgz
volume = 256 256 256
voxelsize = 1.000000000000000e+00 1.000000000000000e+00 1.000000000000000e+00
xras   = -1.000000119209290e+00 -3.958120942115784e-09 -3.725290298461914e-09
yras   = 3.725290298461914e-09 0.000000000000000e+00 -1.000000119209290e+00
zras   = 2.401066012680531e-10 1.000000119209290e+00 -1.164153218269348e-10
cras   = -1.767204284667969e+00 2.288147735595703e+01 -3.063694763183594e+01
dst volume info
valid = 1  # volume info valid
filename = /opt/freesurfer/average/mni305.cor.mgz
volume = 256 256 256
voxelsize = 1.000000000000000e+00 1.000000000000000e+00 1.000000000000000e+00
xras   = -1.000000000000000e+00 0.000000000000000e+00 0.000000000000000e+00
yras   = 0.000000000000000e+00 0.000000000000000e+00 -1.000000000000000e+00
zras   = 0.000000000000000e+00 1.000000000000000e+00 0.000000000000000e+00
cras   = 0.000000000000000e+00 0.000000000000000e+00 0.000000000000000e+00
subject fsaverage
fscale 0.100000
