# transform file /out/sourcedata/freesurfer/sub-v1s22x0050491_ses-1/mri/transforms/cc_up.lta
# created by oesteban on Mon Mar  9 17:00:38 2026

type      = 0 # LINEAR_VOX_TO_VOX
nxforms   = 1
mean      = 129.0000 108.0000 121.0000
sigma     = 10000.0000
1 4 4
9.954505562782288e-01 1.587457768619061e-02 9.394658356904984e-02 -1.173458003997803e+01 
-1.580435037612915e-02 9.998739361763000e-01 -1.491550472564995e-03 3.820691299438477e+01 
-9.395842254161835e-02 1.164153079491470e-10 9.955760240554810e-01 3.156704711914062e+01 
0.000000000000000e+00 0.000000000000000e+00 0.000000000000000e+00 1.000000000000000e+00 
src volume info
valid = 1  # volume info valid
filename = /out/sourcedata/freesurfer/sub-v1s22x0050491_ses-1/mri/norm.mgz
volume = 256 256 256
voxelsize = 1.000000000000000e+00 1.000000000000000e+00 1.000000000000000e+00
xras   = -1.000000000000000e+00 0.000000000000000e+00 0.000000000000000e+00
yras   = 0.000000000000000e+00 0.000000000000000e+00 -1.000000000000000e+00
zras   = 0.000000000000000e+00 1.000000000000000e+00 0.000000000000000e+00
cras   = -1.756362915039062e-01 3.923838806152344e+01 -1.129321289062500e+01
dst volume info
valid = 1  # volume info valid
filename = /out/sourcedata/freesurfer/sub-v1s22x0050491_ses-1/mri/norm.mgz
volume = 256 256 256
voxelsize = 1.000000000000000e+00 1.000000000000000e+00 1.000000000000000e+00
xras   = -1.000000000000000e+00 0.000000000000000e+00 0.000000000000000e+00
yras   = 0.000000000000000e+00 0.000000000000000e+00 -1.000000000000000e+00
zras   = 0.000000000000000e+00 1.000000000000000e+00 0.000000000000000e+00
cras   = -1.756362915039062e-01 3.923838806152344e+01 -1.129321289062500e+01
