# transform file /out/sourcedata/freesurfer/sub-v1s22x0050493_ses-1/mri/transforms/cc_up.lta
# created by oesteban on Mon Mar  9 17:11:19 2026

type      = 0 # LINEAR_VOX_TO_VOX
nxforms   = 1
mean      = 132.0000 105.0000 114.0000
sigma     = 10000.0000
1 4 4
9.977849125862122e-01 -1.118186023086309e-02 -6.557606160640717e-02 8.183121681213379e+00 
1.115778833627701e-02 9.999374747276306e-01 -7.333080866374075e-04 3.665451812744141e+01 
6.558016687631607e-02 -5.820766091346741e-11 9.978472590446472e-01 1.182580757141113e+01 
0.000000000000000e+00 0.000000000000000e+00 0.000000000000000e+00 1.000000000000000e+00 
src volume info
valid = 1  # volume info valid
filename = /out/sourcedata/freesurfer/sub-v1s22x0050493_ses-1/mri/norm.mgz
volume = 256 256 256
voxelsize = 1.000000000000000e+00 1.000000000000000e+00 1.000000000000000e+00
xras   = -9.999999403953552e-01 0.000000000000000e+00 0.000000000000000e+00
yras   = -4.656612873077393e-10 0.000000000000000e+00 -9.999999403953552e-01
zras   = 0.000000000000000e+00 1.000000000000000e+00 0.000000000000000e+00
cras   = 2.152290344238281e+00 3.908341217041016e+01 3.550025939941406e+00
dst volume info
valid = 1  # volume info valid
filename = /out/sourcedata/freesurfer/sub-v1s22x0050493_ses-1/mri/norm.mgz
volume = 256 256 256
voxelsize = 1.000000000000000e+00 1.000000000000000e+00 1.000000000000000e+00
xras   = -9.999999403953552e-01 0.000000000000000e+00 0.000000000000000e+00
yras   = -4.656612873077393e-10 0.000000000000000e+00 -9.999999403953552e-01
zras   = 0.000000000000000e+00 1.000000000000000e+00 0.000000000000000e+00
cras   = 2.152290344238281e+00 3.908341217041016e+01 3.550025939941406e+00
