#Insight Transform File V1.0
#Transform 0
Transform: AffineTransform_float_3_3
Parameters: 1 -0.000211 -0.000179 0.000211 1 -3.7769e-08 0.000179 -3.7769e-08 1 -0.00308561 -0.0294721 0.000276484
FixedParameters: 0 0 0

#Transform 1
Transform: AffineTransform_float_3_3
Parameters: 1 0 0 0 1 0.000337 0 -0.000337 1 -1.42109e-14 -0.0659249 0.0220002
FixedParameters: 0 0 0

#Transform 2
Transform: AffineTransform_float_3_3
Parameters: 1 0 0 0 1 0 0 0 1 -1.42109e-14 -0.038042 0.020359
FixedParameters: 0 0 0

#Transform 3
Transform: AffineTransform_float_3_3
Parameters: 1 3.7047e-08 -0.000159 3.7047e-08 1 0.000233 0.000159 -0.000233 1 0.0177264 -0.055982 0.00543398
FixedParameters: 0 0 0

#Transform 4
Transform: AffineTransform_float_3_3
Parameters: 1 0 0 0 1 0.000589 0 -0.000589 1 0.00572 -0.0665411 -0.00967996
FixedParameters: 0 0 0

#Transform 5
Transform: AffineTransform_float_3_3
Parameters: 1 0 0 0 1 0.000337 0 -0.000337 1 -1.42109e-14 -0.0451334 0.00557921
FixedParameters: 0 0 0

#Transform 6
Transform: AffineTransform_float_3_3
Parameters: 1 0 0 0 1 0.000286 0 -0.000286 1 -1.42109e-14 -0.0631729 -0.0227088
FixedParameters: 0 0 0

#Transform 7
Transform: AffineTransform_float_3_3
Parameters: 1 0 0 0 0.999999 0.000716 0 -0.000716 0.999999 -0.004111 -0.0892533 -0.0275581
FixedParameters: 0 0 0

#Transform 8
Transform: AffineTransform_float_3_3
Parameters: 1 0 0 0 1 0 0 0 1 -1.42109e-14 -0.046893 -0.004156
FixedParameters: 0 0 0

#Transform 9
Transform: AffineTransform_float_3_3
Parameters: 1 0 0 0 1 0 0 0 1 -1.42109e-14 -0.055145 -0.024952
FixedParameters: 0 0 0

#Transform 10
Transform: AffineTransform_float_3_3
Parameters: 1 0 0 0 1 0 0 0 1 -1.42109e-14 -0.038042 0.004203
FixedParameters: 0 0 0

#Transform 11
Transform: AffineTransform_float_3_3
Parameters: 1 0 0 0 1 0.000498 0 -0.000498 1 -1.42109e-14 -0.0485899 -0.0204224
FixedParameters: 0 0 0

#Transform 12
Transform: AffineTransform_float_3_3
Parameters: 1 0 0 0 1 0.00055 0 -0.00055 1 -1.42109e-14 -0.0800166 0.0128405
FixedParameters: 0 0 0

#Transform 13
Transform: AffineTransform_float_3_3
Parameters: 1 -0.000138 4.554e-08 0.000138 1 -0.00033 4.554e-08 0.00033 1 0.00301637 -0.0209139 0.0192296
FixedParameters: 0 0 0

#Transform 14
Transform: AffineTransform_float_3_3
Parameters: 1 0 0 0 1 0.00011 0 -0.00011 1 -1.42109e-14 -0.0625885 -0.00859761
FixedParameters: 0 0 0

#Transform 15
Transform: AffineTransform_float_3_3
Parameters: 1 -0.000189 -1.7766e-08 0.000189 1 9.4e-05 -1.7766e-08 -9.4e-05 1 -0.00616091 -0.0619638 0.0107159
FixedParameters: 0 0 0

#Transform 16
Transform: AffineTransform_float_3_3
Parameters: 1 -0.000227 -1.58673e-07 0.000227 0.999999 0.000699 -1.58673e-07 -0.000699 1 -0.0052051 -0.0502194 -0.0251535
FixedParameters: 0 0 0

#Transform 17
Transform: AffineTransform_float_3_3
Parameters: 1 -0.000131 -4.1658e-08 0.000131 1 0.000318 -4.1658e-08 -0.000318 1 -0.00433025 -0.0668562 -0.0061928
FixedParameters: 0 0 0

#Transform 18
Transform: AffineTransform_float_3_3
Parameters: 1 -8.4e-05 -2.8392e-08 8.4e-05 1 0.000338 -2.8392e-08 -0.000338 1 -0.00278182 -0.0384561 -0.0183368
FixedParameters: 0 0 0

#Transform 19
Transform: AffineTransform_float_3_3
Parameters: 1 -0.000145067 9.58982e-05 0.000144933 0.999999 0.000702014 -9.61017e-05 -0.000701986 0.999999 -0.00675299 -0.0785283 -0.0329658
FixedParameters: 0 0 0

#Transform 20
Transform: AffineTransform_float_3_3
Parameters: 1 -0.00016 -3.344e-08 0.00016 1 0.000209 -3.344e-08 -0.000209 1 -0.00518396 -0.0178348 0.00693938
FixedParameters: 0 0 0

#Transform 21
Transform: AffineTransform_float_3_3
Parameters: 1 -0.000132022 7.79629e-05 0.000131978 1 0.00028101 -7.80371e-05 -0.00028099 1 -0.00592499 -0.0624492 -0.0124423
FixedParameters: 0 0 0

#Transform 22
Transform: AffineTransform_float_3_3
Parameters: 1 -0.000277 -1.23265e-07 0.000277 1 0.000445 -1.23265e-07 -0.000445 1 -0.00910276 -0.0507449 -0.0242833
FixedParameters: 0 0 0

#Transform 23
Transform: AffineTransform_float_3_3
Parameters: 1 -0.000164 -7.298e-08 0.000164 1 0.000445 -7.298e-08 -0.000445 1 -0.00227762 -0.0508608 -0.0321993
FixedParameters: 0 0 0

#Transform 24
Transform: AffineTransform_float_3_3
Parameters: 1 -0.000166 -4.316e-09 0.000166 1 2.6e-05 -4.316e-09 -2.6e-05 1 -0.00539557 -0.0419477 -0.0105804
FixedParameters: 0 0 0

#Transform 25
Transform: AffineTransform_float_3_3
Parameters: 1 -0.000179 -7.9655e-08 0.000179 1 0.000445 -7.9655e-08 -0.000445 1 0.0189863 -0.0507782 -0.0473103
FixedParameters: 0 0 0

#Transform 26
Transform: AffineTransform_float_3_3
Parameters: 1 -8.58832e-05 -0.000213047 8.51167e-05 1 0.000547982 0.000212953 -0.000548018 1 0.0356606 -0.077462 -0.0429238
FixedParameters: 0 0 0

#Transform 27
Transform: AffineTransform_float_3_3
Parameters: 1 -0.000525 -1.05e-09 0.000525 1 2e-06 -1.05e-09 -2e-06 1 0.00768764 -0.0408949 -0.0403065
FixedParameters: 0 0 0

#Transform 28
Transform: AffineTransform_float_3_3
Parameters: 1 -0.000349999 -0.000271001 0.00035 1 1.90515e-06 0.000270999 -2.09485e-06 1 0.0282184 -0.0411302 -0.0306612
FixedParameters: 0 0 0

#Transform 29
Transform: AffineTransform_float_3_3
Parameters: 1 -0.000525093 -0.000282828 0.000524907 1 -0.000328148 0.000283172 0.000327851 1 0.00567404 -0.0339068 -0.0352011
FixedParameters: 0 0 0

#Transform 30
Transform: AffineTransform_float_3_3
Parameters: 1 -0.000525 -7.35e-08 0.000525 1 0.00014 -7.35e-08 -0.00014 1 0.016762 -0.0588146 -0.0593669
FixedParameters: 0 0 0

#Transform 31
Transform: AffineTransform_float_3_3
Parameters: 1 -0.000386 9.7272e-08 0.000386 1 -0.000252 9.7272e-08 0.000252 1 0.0239253 -0.0357564 -0.0382219
FixedParameters: 0 0 0

#Transform 32
Transform: AffineTransform_float_3_3
Parameters: 1 -0.000285021 7.19156e-05 0.000284979 1 0.00029602 -7.20843e-05 -0.000295979 1 0.0209917 -0.0647567 -0.038061
FixedParameters: 0 0 0

#Transform 33
Transform: AffineTransform_float_3_3
Parameters: 1 -0.000525 1.491e-07 0.000525 1 -0.000284 1.491e-07 0.000284 1 0.0169435 -0.034833 -0.00560857
FixedParameters: 0 0 0

#Transform 34
Transform: AffineTransform_float_3_3
Parameters: 1 -0.000336 1.3776e-07 0.000336 1 -0.00041 1.3776e-07 0.00041 1 0.0212996 -0.0202961 -0.0135269
FixedParameters: 0 0 0

#Transform 35
Transform: AffineTransform_float_3_3
Parameters: 1 -0.000405002 -0.000107991 0.000404998 1 -2.10437e-05 0.000108008 2.09563e-05 1 0.0152678 -0.00517515 -0.0260206
FixedParameters: 0 0 0

#Transform 36
Transform: AffineTransform_float_3_3
Parameters: 1 -0.000286 9.8098e-08 0.000286 1 -0.000343 9.8098e-08 0.000343 1 0.012897 0.0039801 -0.0157539
FixedParameters: 0 0 0

#Transform 37
Transform: AffineTransform_float_3_3
Parameters: 1 -0.000337 1.3817e-07 0.000337 1 -0.00041 1.3817e-07 0.00041 1 0.0192041 -0.024155 -0.0027665
FixedParameters: 0 0 0

#Transform 38
Transform: AffineTransform_float_3_3
Parameters: 1 -0.0002 8.2e-08 0.0002 1 -0.00041 8.2e-08 0.00041 1 0.0179213 -0.0128557 -0.0207059
FixedParameters: 0 0 0

#Transform 39
Transform: AffineTransform_float_3_3
Parameters: 1 -0.000131267 0.000255863 0.000130733 1 0.00104303 -0.000256137 -0.00104297 1 0.00706913 -0.0532516 -0.0442077
FixedParameters: 0 0 0

#Transform 40
Transform: AffineTransform_float_3_3
Parameters: 1 -0.000350141 0.000320846 0.000349859 1 0.000440112 -0.000321154 -0.000439887 1 0.0095571 -0.0262661 -0.0284589
FixedParameters: 0 0 0

#Transform 41
Transform: AffineTransform_float_3_3
Parameters: 1 -0.000148187 0.000320914 0.000148813 1 0.000583048 -0.000321087 -0.000582952 1 0.0051727 -0.0578604 -0.00231975
FixedParameters: 0 0 0

#Transform 42
Transform: AffineTransform_float_3_3
Parameters: 1 -0.000293008 -3.19238e-05 0.000292992 1 -0.000260009 3.20762e-05 0.000259991 1 0.0128474 0.00769469 -0.000832625
FixedParameters: 0 0 0

#Transform 43
Transform: AffineTransform_float_3_3
Parameters: 1 -0.000190002 8.99954e-05 0.000189998 1 2.40171e-05 -9.00046e-05 -2.39829e-05 1 0.00867933 -0.023144 -0.000545233
FixedParameters: 0 0 0

#Transform 44
Transform: AffineTransform_float_3_3
Parameters: 1 -0.000133979 0.000115025 0.000134021 1 -0.000182985 -0.000114975 0.000183015 1 0.00996703 0.0105736 -0.00146132
FixedParameters: 0 0 0

#Transform 45
Transform: AffineTransform_float_3_3
Parameters: 1 -0.000126038 7.79386e-05 0.000125962 1 0.00048701 -7.80613e-05 -0.00048699 1 0.011077 -0.0375443 -0.0157258
FixedParameters: 0 0 0

#Transform 46
Transform: AffineTransform_float_3_3
Parameters: 1 -0.000134212 0.000320911 0.000133788 1 0.000660043 -0.000321088 -0.000659957 0.999999 0.00564726 -0.0151775 -0.00831716
FixedParameters: 0 0 0

#Transform 47
Transform: AffineTransform_float_3_3
Parameters: 1 -0.000219079 0.000146882 0.000218921 1 0.000539032 -0.000147118 -0.000538968 1 0.00658618 -0.0445011 -0.0154943
FixedParameters: 0 0 0

#Transform 48
Transform: AffineTransform_float_3_3
Parameters: 1 -0.000146024 3.69051e-05 0.000145976 1 0.000650005 -3.70949e-05 -0.000649994 1 0.0112538 -0.0149285 -0.00174952
FixedParameters: 0 0 0

#Transform 49
Transform: AffineTransform_float_3_3
Parameters: 1 -1.71271e-05 0.000320993 1.68729e-05 1 0.000396005 -0.000321007 -0.000395994 1 0.00944691 -0.0120317 -0.00991504
FixedParameters: 0 0 0

#Transform 50
Transform: AffineTransform_float_3_3
Parameters: 1 -0.000234129 0.000320906 0.000233871 1 0.000402075 -0.000321094 -0.000401925 1 0.00241034 -0.0366871 -0.00778152
FixedParameters: 0 0 0

#Transform 51
Transform: AffineTransform_float_3_3
Parameters: 1 -0.000524987 -0.000166042 0.000525013 1 7.99128e-05 0.000165958 -8.00871e-05 1 0.00320451 -0.00247931 0.0172368
FixedParameters: 0 0 0

#Transform 52
Transform: AffineTransform_float_3_3
Parameters: 1 -0.00052541 0.000320329 0.000524591 0.999999 0.00127817 -0.000320671 -0.00127783 0.999999 -0.00708888 -0.0479238 -0.0326157
FixedParameters: 0 0 0

#Transform 53
Transform: AffineTransform_float_3_3
Parameters: 1 -0.000371035 7.18189e-05 0.000370965 1 0.000488027 -7.2181e-05 -0.000487973 1 0.00319199 -0.000982728 0.00346961
FixedParameters: 0 0 0

#Transform 54
Transform: AffineTransform_float_3_3
Parameters: 1 -0.00031301 3.69161e-05 0.00031299 1 0.000268012 -3.70839e-05 -0.000267988 1 0.00579991 -0.03043 0.00132151
FixedParameters: 0 0 0

#Transform 55
Transform: AffineTransform_float_3_3
Parameters: 1 -0.000233147 0.000147769 0.000232853 0.999999 0.000991033 -0.000148231 -0.000991964 0.999999 0.0128314 -0.0182913 -0.0101976
FixedParameters: 0 0 0

#Transform 56
Transform: AffineTransform_float_3_3
Parameters: 1 -0.000346004 2.56058e-06 0.000345996 0.999999 0.00127 -3.43942e-06 -0.00127 0.999999 0.00751946 -0.0430869 -0.0306178
FixedParameters: 0 0 0

#Transform 57
Transform: AffineTransform_float_3_3
Parameters: 1 -0.000227302 0.000320786 0.000226699 0.999999 0.000941072 -0.000320213 -0.000940926 0.999999 0.00269703 -0.0384251 0.0266102
FixedParameters: 0 0 0

#Transform 58
Transform: AffineTransform_float_3_3
Parameters: 1 -0.000131109 0.000190925 0.000130891 1 0.000572025 -0.000191075 -0.000571975 1 0.00853285 -0.0110328 0.00371204
FixedParameters: 0 0 0

#Transform 59
Transform: AffineTransform_float_3_3
Parameters: 1 -0.000358385 0.00032057 0.000357616 0.999999 0.00120012 -0.000320429 -0.00119989 0.999999 -0.00162756 -0.049092 0.00969959
FixedParameters: 0 0 0

#Transform 60
Transform: AffineTransform_float_3_3
Parameters: 1 -0.000525328 0.000320464 0.000524673 1 0.00102117 -0.000320536 -0.00102083 1 0.00898129 -0.038177 -0.006817
FixedParameters: 0 0 0

#Transform 61
Transform: AffineTransform_float_3_3
Parameters: 1 -0.000525328 0.000320464 0.000524673 1 0.00102117 -0.000320536 -0.00102083 1 0.00872048 -0.0465339 -0.0105414
FixedParameters: 0 0 0

#Transform 62
Transform: AffineTransform_float_3_3
Parameters: 1 -0.000524928 -7.0536e-05 0.000525071 1 0.00102096 6.9464e-05 -0.00102104 1 0.00117615 -0.0418406 -0.00440971
FixedParameters: 0 0 0

#Transform 63
Transform: AffineTransform_float_3_3
Parameters: 1 -0.000349375 0.000320592 0.000348626 1 0.00116911 -0.000320408 -0.00116889 1 -0.00132798 -0.0353091 -0.00975378
FixedParameters: 0 0 0

#Transform 64
Transform: AffineTransform_float_3_3
Parameters: 1 -0.000329369 0.000320621 0.000328632 1 0.00115111 -0.000320379 -0.0011509 1 -0.000636211 -0.0445766 0.0111162
FixedParameters: 0 0 0

#Transform 65
Transform: AffineTransform_float_3_3
Parameters: 1 -0.000297014 1.36968e-05 0.000296986 1 0.00102101 -1.43032e-05 -0.001021 1 0.0068776 -0.0515473 0.0126383
FixedParameters: 0 0 0

#Transform 66
Transform: AffineTransform_float_3_3
Parameters: 1 -0.000331467 0.000457662 0.000331532 1 0.00102115 -0.000458339 -0.00102085 1 -0.0132884 -0.024 0.00824509
FixedParameters: 0 0 0

#Transform 67
Transform: AffineTransform_float_3_3
Parameters: 1 -0.000244203 0.000427884 0.000243797 1 0.000474104 -0.000428115 -0.000473895 1 -0.00394981 -0.0224409 0.0130001
FixedParameters: 0 0 0

#Transform 68
Transform: AffineTransform_float_3_3
Parameters: 1 -0.00022846 0.000394734 0.00022854 1 0.00116509 -0.000395267 -0.00116491 0.999999 0.0010481 -0.0382276 0.0164482
FixedParameters: 0 0 0

#Transform 69
Transform: AffineTransform_float_3_3
Parameters: 1 -0.000315577 0.000394539 0.000314422 0.999999 0.00146312 -0.00039546 -0.00146287 0.999999 -0.00172172 -0.0381904 -0.0208327
FixedParameters: 0 0 0

#Transform 70
Transform: AffineTransform_float_3_3
Parameters: 1 -0.000315459 0.000394633 0.00031454 1 0.00116312 -0.000395366 -0.00116288 0.999999 -0.00171415 -0.0268246 0.00738851
FixedParameters: 0 0 0

#Transform 71
Transform: AffineTransform_float_3_3
Parameters: 1 -0.000315398 0.000394682 0.000314601 1 0.00100913 -0.000395318 -0.00100888 1 0.00356735 -0.00829499 0.00570869
FixedParameters: 0 0 0

#Transform 72
Transform: AffineTransform_float_3_3
Parameters: 1 -0.000315378 0.000394698 0.000314622 1 0.000958125 -0.000395302 -0.000957876 1 -0.00171107 -0.0282511 0.0140656
FixedParameters: 0 0 0

#Transform 73
Transform: AffineTransform_float_3_3
Parameters: 1 -0.000315344 0.000394725 0.000314656 0.999999 0.000871124 -0.000395274 -0.000870875 0.999999 -0.00171718 0.0073527 0.0168476
FixedParameters: 0 0 0

#Transform 74
Transform: AffineTransform_float_3_3
Parameters: 1 -0.000315214 0.000394829 0.000314786 1 0.000541124 -0.000395171 -0.000541875 1 -0.00170304 -0.0198216 0.0107405
FixedParameters: 0 0 0

#Transform 75
Transform: AffineTransform_float_3_3
Parameters: 1 -0.000315039 9.38689e-05 0.000314961 1 0.000416029 -9.4131e-05 -0.00041597 1 0.00465201 0.0169319 -0.0208297
FixedParameters: 0 0 0

#Transform 76
Transform: AffineTransform_float_3_3
Parameters: 1 -0.000315164 0.000394869 0.000314836 1 0.000416124 -0.000395131 -0.000415875 1 -0.0209601 -0.0278829 -0.003396
FixedParameters: 0 0 0

#Transform 77
Transform: AffineTransform_float_3_3
Parameters: 1 -0.000315143 0.000256824 0.000314857 1 0.000557081 -0.000257175 -0.000556919 1 -0.00631211 0.0139474 -0.00937249
FixedParameters: 0 0 0

#Transform 78
Transform: AffineTransform_float_3_3
Parameters: 1 -0.000444672 0.000394243 0.000443329 0.999999 0.00170217 -0.000394755 -0.00170182 0.999998 -0.018341 -0.0544791 -0.0385871
FixedParameters: 0 0 0

#Transform 79
Transform: AffineTransform_float_3_3
Parameters: 1 -0.000315133 0.000224814 0.000314867 1 0.000591071 -0.000225186 -0.000591929 1 -0.0109755 0.0261743 -0.0180234
FixedParameters: 0 0 0

#Transform 80
Transform: AffineTransform_float_3_3
Parameters: 1 -0.000315347 0.000394722 0.000314652 0.999999 0.000880124 -0.000395277 -0.000879875 0.999999 -0.00663193 -0.0281598 -0.0209603
FixedParameters: 0 0 0

#Transform 81
Transform: AffineTransform_float_3_3
Parameters: 1 -0.000315083 0.000181856 0.000314917 1 0.000458057 -0.000182144 -0.000457943 1 0.00277693 0.0333544 0.00308133
FixedParameters: 0 0 0

#Transform 82
Transform: AffineTransform_float_3_3
Parameters: 1 -0.000315181 0.000394856 0.000314819 1 0.000458124 -0.000395144 -0.000457875 1 -0.00172836 -0.00428728 -0.0105933
FixedParameters: 0 0 0

#Transform 83
Transform: AffineTransform_float_3_3
Parameters: 1 -0.000315181 0.000394856 0.000314819 1 0.000458124 -0.000395144 -0.000457875 1 -0.00173586 0.0160334 -0.0133866
FixedParameters: 0 0 0

#Transform 84
Transform: AffineTransform_float_3_3
Parameters: 1 -0.000396151 0.000394849 0.000395849 1 0.000382156 -0.000395151 -0.000381843 1 -0.0129986 -0.0057881 -0.0245358
FixedParameters: 0 0 0

#Transform 85
Transform: AffineTransform_float_3_3
Parameters: 1 -0.000417444 0.000394531 0.000417556 1 0.00112417 -0.00039547 -0.00112384 1 -0.0128374 0.0143255 -0.0271108
FixedParameters: 0 0 0

#Transform 86
Transform: AffineTransform_float_3_3
Parameters: 1 -0.000508458 0.000340317 0.000508542 0.999999 0.00134417 -0.000340684 -0.00134383 0.999999 -0.0069135 -0.0296952 0.0690065
FixedParameters: 0 0 0

#Transform 87
Transform: AffineTransform_float_3_3
Parameters: 0.999999 -0.000780665 0.000393685 0.000780335 0.999999 0.00168531 -0.000395316 -0.00168569 0.999998 -0.0169132 -0.0872541 0.0478934
FixedParameters: 0 0 0

#Transform 88
Transform: AffineTransform_float_3_3
Parameters: 1 -0.000488618 0.000394235 0.000487382 0.999998 0.00156719 -0.000394764 -0.00156781 0.999998 -0.00739683 -0.0145104 0.0548131
FixedParameters: 0 0 0

#Transform 89
Transform: AffineTransform_float_3_3
Parameters: 0.999999 -0.000780355 0.000274993 0.000780644 0.999999 0.00129022 -0.000276007 -0.00128979 0.999999 -0.0144301 -0.0205714 0.0311685
FixedParameters: 0 0 0

#Transform 90
Transform: AffineTransform_float_3_3
Parameters: 1 -0.000312529 0.000314476 0.000312471 0.999999 0.0016791 -0.000315525 -0.0016789 0.999998 -0.0190982 -0.0296476 0.0381945
FixedParameters: 0 0 0

#Transform 91
Transform: AffineTransform_float_3_3
Parameters: 1 -0.000325901 0.000536454 0.000325098 0.999998 0.00167917 -0.000537547 -0.00167883 0.999999 -0.0051532 -0.030553 -0.00585051
FixedParameters: 0 0 0

#Transform 92
Transform: AffineTransform_float_3_3
Parameters: 1 -0.000240478 0.00037069 0.000240522 0.999999 0.00128909 -0.00037131 -0.00128891 0.999999 0.00121573 -0.0389266 0.00709892
FixedParameters: 0 0 0

#Transform 93
Transform: AffineTransform_float_3_3
Parameters: 1 -0.000231381 0.000344744 0.000230618 1 0.00110608 -0.000345255 -0.00110592 1 0.0020445 0.0031665 -0.011842
FixedParameters: 0 0 0

#Transform 94
Transform: AffineTransform_float_3_3
Parameters: 1 -0.000446276 0.000257523 0.000446725 1 0.00106912 -0.000257478 -0.00106889 1 -0.00947705 -0.0211801 -0.023566
FixedParameters: 0 0 0

#Transform 95
Transform: AffineTransform_float_3_3
Parameters: 1 -0.000342155 0.00016568 0.000341845 0.999999 0.000935056 -0.00016532 -0.000934943 0.999999 -0.0037897 -0.00398036 -0.0255026
FixedParameters: 0 0 0

#Transform 96
Transform: AffineTransform_float_3_3
Parameters: 1 -9.56819e-05 0.00059289 9.5318e-05 1 0.00115006 -0.00059311 -0.00114994 0.999999 0.00122444 -0.023468 -0.00726039
FixedParameters: 0 0 0

#Transform 97
Transform: AffineTransform_float_3_3
Parameters: 1 -0.00051225 0.000342626 0.000512749 0.999999 0.000729175 -0.000343374 -0.000728824 0.999999 -0.0180313 0.015073 -0.00608459
FixedParameters: 0 0 0

#Transform 98
Transform: AffineTransform_float_3_3
Parameters: 1 -0.000512207 0.0002115 0.000512793 1 0.000977108 -0.000212501 -0.000976891 0.999999 -0.0124881 -0.0125905 0.00632191
FixedParameters: 0 0 0

#Transform 99
Transform: AffineTransform_float_3_3
Parameters: 1 -0.000590256 0.000342558 0.000589743 0.999999 0.000748202 -0.000343441 -0.000747797 0.999999 -0.0173613 -0.00166352 -0.00427953
FixedParameters: 0 0 0

#Transform 100
Transform: AffineTransform_float_3_3
Parameters: 1 -0.000512349 0.000342479 0.000512651 1 0.00101718 -0.000343522 -0.00101682 1 -0.00713183 -0.00165142 -0.00357223
FixedParameters: 0 0 0

#Transform 101
Transform: AffineTransform_float_3_3
Parameters: 1 -0.000512474 0.000342291 0.000512525 0.999999 0.00138318 -0.00034371 -0.00138382 0.999999 -0.00711838 -0.0304833 -0.0307193
FixedParameters: 0 0 0

#Transform 102
Transform: AffineTransform_float_3_3
Parameters: 1 -0.000512438 0.000342345 0.000512561 0.999999 0.00127818 -0.000343655 -0.00127782 0.999999 -0.00714217 0.0199443 -0.0218776
FixedParameters: 0 0 0

#Transform 103
Transform: AffineTransform_float_3_3
Parameters: 0.999999 -0.000512702 0.000520309 0.000512298 0.999999 0.00134927 -0.000520691 -0.00134873 0.999999 -0.017393 -0.0254044 -0.0240837
FixedParameters: 0 0 0

#Transform 104
Transform: AffineTransform_float_3_3
Parameters: 1 -0.000512321 0.000342521 0.000512679 1 0.000935176 -0.00034348 -0.000935824 0.999999 -0.00712086 0.00155603 0.0127854
FixedParameters: 0 0 0

#Transform 105
Transform: AffineTransform_float_3_3
Parameters: 1 -0.000512477 0.000342286 0.000512521 0.999999 0.00139418 -0.000343715 -0.00139382 0.999999 -0.0163388 -0.0241006 -0.0107136
FixedParameters: 0 0 0

#Transform 106
Transform: AffineTransform_float_3_3
Parameters: 1 -0.00051241 0.000342387 0.000512589 0.999999 0.00119618 -0.000343613 -0.00119582 0.999999 -0.0141814 0.0144472 -0.00443153
FixedParameters: 0 0 0

#Transform 107
Transform: AffineTransform_float_3_3
Parameters: 1 -0.000619432 0.000288072 0.000619568 0.999998 0.00149818 -0.000288928 -0.00149782 0.999999 -0.0200132 -0.0264721 -0.0177403
FixedParameters: 0 0 0

#Transform 108
Transform: AffineTransform_float_3_3
Parameters: 1 -0.00051231 0.000342536 0.000512689 1 0.000905176 -0.000343464 -0.000904824 0.999999 -0.0252333 0.022289 0.0191043
FixedParameters: 0 0 0

#Transform 109
Transform: AffineTransform_float_3_3
Parameters: 1 -0.000512625 0.000449287 0.000512373 0.999999 0.00139123 -0.000450713 -0.00139077 0.999999 -0.00938819 -0.022473 -0.00665709
FixedParameters: 0 0 0

#Transform 110
Transform: AffineTransform_float_3_3
Parameters: 0.999999 -0.000512721 0.000564345 0.000512279 0.999999 0.00127829 -0.000564655 -0.00127771 0.999999 -0.0118057 0.000372953 0.0180997
FixedParameters: 0 0 0

#Transform 111
Transform: AffineTransform_float_3_3
Parameters: 1 -0.00051244 0.000364381 0.00051256 0.999999 0.00120819 -0.000364619 -0.00120781 0.999999 -0.0170339 -0.00573461 0.00460066
FixedParameters: 0 0 0

#Transform 112
Transform: AffineTransform_float_3_3
Parameters: 0.999999 -0.000512831 0.000528194 0.000512169 0.999998 0.00157227 -0.000528805 -0.00157173 0.999998 -0.0110271 -0.0353668 0.00584321
FixedParameters: 0 0 0

#Transform 113
Transform: AffineTransform_float_3_3
Parameters: 0.999999 -0.000512542 0.000590531 0.000512459 1 0.000916304 -0.00059047 -0.000916698 1 -0.0123728 0.00725966 0.0103249
FixedParameters: 0 0 0

#Transform 114
Transform: AffineTransform_float_3_3
Parameters: 0.999999 -0.000512697 0.000590395 0.000512303 0.999999 0.0011803 -0.000590605 -0.0011807 0.999999 -0.0123528 -0.0283384 0.0132995
FixedParameters: 0 0 0

#Transform 115
Transform: AffineTransform_float_3_3
Parameters: 1 -0.00051244 0.000412453 0.000512559 1 0.00106721 -0.000413547 -0.00106679 1 -0.00862209 0.0240573 0.0203008
FixedParameters: 0 0 0

#Transform 116
Transform: AffineTransform_float_3_3
Parameters: 1 -0.000512548 0.000401301 0.000512451 0.999999 0.00136521 -0.0004027 -0.00136579 0.999999 -0.00838354 -0.0303535 0.0075062
FixedParameters: 0 0 0

#Transform 117
Transform: AffineTransform_float_3_3
Parameters: 0.999999 -0.000655366 0.000310227 0.000655634 0.999999 0.0011802 -0.000310774 -0.0011798 1 -0.0111004 0.0149107 0.0136481
FixedParameters: 0 0 0

#Transform 118
Transform: AffineTransform_float_3_3
Parameters: 1 -0.000512404 0.000267226 0.000512596 0.999998 0.00151114 -0.000267775 -0.00151086 0.999999 -0.00547682 -0.0202027 0.000378033
FixedParameters: 0 0 0

#Transform 119
Transform: AffineTransform_float_3_3
Parameters: 1 -0.000512285 0.000241396 0.000512714 0.999999 0.00118012 -0.000242605 -0.00117988 1 -0.0103465 0.0100551 -0.00241417
FixedParameters: 0 0 0

#Transform 120
Transform: AffineTransform_float_3_3
Parameters: 1 -0.000512652 0.000451259 0.000512348 0.999999 0.00144523 -0.000451741 -0.00144477 0.999999 -0.00942694 -0.0229549 0.00486116
FixedParameters: 0 0 0

#Transform 121
Transform: AffineTransform_float_3_3
Parameters: 1 -0.000512341 0.000288396 0.000512659 0.999999 0.00118015 -0.000289605 -0.00117985 1 -0.00603019 -0.0153632 -0.00958798
FixedParameters: 0 0 0

#Transform 122
Transform: AffineTransform_float_3_3
Parameters: 0.999999 -0.00051306 0.00074427 0.00051194 0.999999 0.00142438 -0.000744729 -0.00142362 0.999998 -0.0156752 -0.00297916 0.00841635
FixedParameters: 0 0 0

#Transform 123
Transform: AffineTransform_float_3_3
Parameters: 0.999999 -0.000513154 0.000744205 0.000512846 0.999998 0.00155038 -0.000744795 -0.00154962 0.999998 -0.0156772 -0.0127114 0.00428873
FixedParameters: 0 0 0

#Transform 124
Transform: AffineTransform_float_3_3
Parameters: 1 -0.000512679 0.000466254 0.000512321 0.999999 0.00145524 -0.000466746 -0.00145476 0.999999 -0.00974556 0.014696 0.0220425
FixedParameters: 0 0 0

#Transform 125
Transform: AffineTransform_float_3_3
Parameters: 0.999999 -0.000513527 0.000743947 0.000512472 0.999998 0.00205238 -0.000745052 -0.00205162 0.999997 -0.0156594 -0.0548916 -0.00744221
FixedParameters: 0 0 0

#Transform 126
Transform: AffineTransform_float_3_3
Parameters: 1 -0.000512517 0.000390322 0.000512483 0.999999 0.0013232 -0.000390679 -0.0013238 0.999999 -0.00814526 0.0121686 0.00773128
FixedParameters: 0 0 0

#Transform 127
Transform: AffineTransform_float_3_3
Parameters: 0.999999 -0.00051284 0.000544209 0.000512158 0.999998 0.00154328 -0.000545791 -0.00154272 0.999998 -0.0154336 -0.00878942 -0.00971944
FixedParameters: 0 0 0

#Transform 128
Transform: AffineTransform_float_3_3
Parameters: 0.999999 -0.000513122 0.000688165 0.000512878 0.999998 0.00162935 -0.000688837 -0.00162965 0.999999 -0.0144763 -0.00492922 0.0170175
FixedParameters: 0 0 0

#Transform 129
Transform: AffineTransform_float_3_3
Parameters: 0.999999 -0.000645988 0.000566876 0.000645012 0.999999 0.00174137 -0.000568124 -0.00174063 0.999999 -0.0161852 -0.0486437 0.00875952
FixedParameters: 0 0 0

#Transform 130
Transform: AffineTransform_float_3_3
Parameters: 0.999999 -0.000512844 0.000688371 0.000512156 0.999999 0.00122635 -0.000688628 -0.00122565 0.999999 -0.0144876 0.0203544 0.0252333
FixedParameters: 0 0 0

#Transform 131
Transform: AffineTransform_float_3_3
Parameters: 0.999999 -0.000513695 0.000687736 0.000512304 0.999997 0.00246335 -0.000689263 -0.00246265 0.999996 -0.0144712 -0.0418063 0.00284432
FixedParameters: 0 0 0

#Transform 132
Transform: AffineTransform_float_3_3
Parameters: 1 -0.000564568 0.000378153 0.000563432 0.999998 0.00150121 -0.000378846 -0.00150179 0.999999 -0.00952886 -0.0028358 0.0167099
FixedParameters: 0 0 0

#Transform 133
Transform: AffineTransform_float_3_3
Parameters: 0.999999 -0.000720523 0.000327852 0.000719476 0.999998 0.00159424 -0.000329147 -0.00159376 0.999998 -0.0135114 -0.0122632 0.0165374
FixedParameters: 0 0 0

#Transform 134
Transform: AffineTransform_float_3_3
Parameters: 1 -0.000512718 0.000450183 0.000512282 0.999998 0.00159423 -0.000450817 -0.00159377 0.999998 -0.00940249 -0.00878944 0.0305971
FixedParameters: 0 0 0

#Transform 135
Transform: AffineTransform_float_3_3
Parameters: 0.999999 -0.000638678 0.000424982 0.000638321 0.999998 0.00159427 -0.000426018 -0.00159373 0.999998 -0.0129659 0.0111618 -0.000703609
FixedParameters: 0 0 0

#Transform 136
Transform: AffineTransform_float_3_3
Parameters: 0.999999 -0.000513097 0.000688182 0.000512902 0.999998 0.00159435 -0.000688818 -0.00159365 0.999998 -0.0144854 -0.0077946 0.00752631
FixedParameters: 0 0 0

#Transform 137
Transform: AffineTransform_float_3_3
Parameters: 0.999999 -0.000512841 0.000527183 0.000512159 0.999998 0.00159427 -0.000527817 -0.00159373 0.999998 -0.0110677 0.0148813 0.00209883
FixedParameters: 0 0 0

#Transform 138
Transform: AffineTransform_float_3_3
Parameters: 0.999999 -0.000512916 0.000511083 0.000512084 0.999999 0.00179026 -0.000511917 -0.00178974 0.999999 -0.0107623 -0.00393971 -0.0032512
FixedParameters: 0 0 0

#Transform 139
Transform: AffineTransform_float_3_3
Parameters: 0.999999 -0.000513097 0.000688182 0.000512902 0.999998 0.00159435 -0.000688818 -0.00159365 0.999998 -0.0144854 0.00111296 0.0141501
FixedParameters: 0 0 0

#Transform 140
Transform: AffineTransform_float_3_3
Parameters: 1 -0.00051261 0.000370156 0.00051239 0.999998 0.00164619 -0.000370844 -0.00164581 0.999998 -0.0115952 -0.023513 -0.0192353
FixedParameters: 0 0 0

#Transform 141
Transform: AffineTransform_float_3_3
Parameters: 0.999999 -0.000513377 0.000687974 0.000512622 0.999998 0.00200135 -0.000689027 -0.00200065 0.999998 -0.0144843 -0.0281519 -0.00600694
FixedParameters: 0 0 0

#Transform 142
Transform: AffineTransform_float_3_3
Parameters: 1 -0.000512871 0.000434974 0.000512128 0.999998 0.00200122 -0.000436025 -0.00200078 0.999998 -0.0141067 -0.0250083 -0.0117347
FixedParameters: 0 0 0

#Transform 143
Transform: AffineTransform_float_3_3
Parameters: 0.999999 -0.000513377 0.000687974 0.000512622 0.999998 0.00200135 -0.000689027 -0.00200065 0.999998 -0.0144838 -0.0143038 0.00497737
FixedParameters: 0 0 0

#Transform 144
Transform: AffineTransform_float_3_3
Parameters: 0.999999 -0.000513377 0.000687974 0.000512622 0.999998 0.00200135 -0.000689027 -0.00200065 0.999998 -0.0144831 -0.0185492 0.00282786
FixedParameters: 0 0 0

#Transform 145
Transform: AffineTransform_float_3_3
Parameters: 1 -0.000512768 0.000448123 0.000512233 0.999999 0.00171123 -0.000448877 -0.00171077 0.999999 -0.0094035 0.0374125 0.0117124
FixedParameters: 0 0 0

#Transform 146
Transform: AffineTransform_float_3_3
Parameters: 0.999999 -0.000513822 0.000687642 0.000512177 0.999997 0.00264735 -0.000689358 -0.00264665 0.999997 -0.0144701 -0.0440226 0.0028891
FixedParameters: 0 0 0

#Transform 147
Transform: AffineTransform_float_3_3
Parameters: 0.999999 -0.000657821 0.000687261 0.000655179 0.999997 0.00264745 -0.000688736 -0.00264655 0.999997 -0.0191221 0.0126297 -0.0188115
FixedParameters: 0 0 0

#Transform 148
Transform: AffineTransform_float_3_3
Parameters: 0.999999 -0.000570139 0.000807493 0.000567859 0.999997 0.00264746 -0.000809506 -0.00264654 0.999996 -0.0215802 -0.050604 -0.0257143
FixedParameters: 0 0 0

#Transform 149
Transform: AffineTransform_float_3_3
Parameters: 0.999999 -0.000725466 0.000583421 0.000724534 1 0.000798423 -0.000584578 -0.000797576 0.999999 -0.0190705 -0.0146327 0.0357802
FixedParameters: 0 0 0

#Transform 150
Transform: AffineTransform_float_3_3
Parameters: 0.999999 -0.000667053 0.000678988 0.000664946 0.999995 0.00302045 -0.000681011 -0.00301955 0.999995 -0.0248854 -0.0658746 -0.0162459
FixedParameters: 0 0 0

#Transform 151
Transform: AffineTransform_float_3_3
Parameters: 0.999999 -0.000612849 0.000620179 0.000611152 0.999996 0.00297638 -0.000621822 -0.00297662 0.999996 -0.0188569 -0.0319877 -0.00870114
FixedParameters: 0 0 0

#Transform 152
Transform: AffineTransform_float_3_3
Parameters: 0.999999 -0.000582853 0.000620264 0.000580148 0.999996 0.00298336 -0.000621733 -0.00298264 0.999996 -0.0151567 -0.0493833 -0.00477204
FixedParameters: 0 0 0

#Transform 153
Transform: AffineTransform_float_3_3
Parameters: 0.999999 -0.000627398 0.00062059 0.000626601 0.999998 0.00225039 -0.000622411 -0.00224961 0.999998 -0.0167391 -0.0147234 0.00876816
FixedParameters: 0 0 0

#Transform 154
Transform: AffineTransform_float_3_3
Parameters: 0.999999 -0.000617974 0.000620038 0.000616025 0.999995 0.00317938 -0.000621962 -0.00317962 0.999995 -0.0162991 -0.0538557 -0.0213924
FixedParameters: 0 0 0

#Transform 155
Transform: AffineTransform_float_3_3
Parameters: 1 -0.000434277 0.000543983 0.000432723 0.999997 0.00234524 -0.000545017 -0.00234576 0.999997 -0.0149177 -0.0190248 0.02517
FixedParameters: 0 0 0

#Transform 156
Transform: AffineTransform_float_3_3
Parameters: 0.999999 -0.000415887 0.00062074 0.000413112 0.999996 0.00303726 -0.000622257 -0.00303674 0.999995 -0.0295705 -0.0495454 -0.0142927
FixedParameters: 0 0 0

#Transform 157
Transform: AffineTransform_float_3_3
Parameters: 1 -0.000188552 0.000621531 0.000186447 0.999997 0.00249612 -0.000622467 -0.00249588 0.999996 -0.00225191 -0.0157417 0.0301557
FixedParameters: 0 0 0

#Transform 158
Transform: AffineTransform_float_3_3
Parameters: 1 -0.000311594 0.000621202 0.000310406 0.999996 0.00256519 -0.000621798 -0.0025648 0.999996 -0.0108003 -0.0136599 0.00447968
FixedParameters: 0 0 0

#Transform 159
Transform: AffineTransform_float_3_3
Parameters: 0.999999 -0.000622445 0.000620554 0.000620554 0.999997 0.00232539 -0.000622445 -0.00232561 0.999997 -0.0164184 -0.0276106 0.0279244
FixedParameters: 0 0 0

#Transform 160
Transform: AffineTransform_float_3_3
Parameters: 0.999999 -0.000622725 0.000620273 0.000621275 0.999996 0.00277739 -0.000621728 -0.00277761 0.999996 -0.0303297 -0.042887 -0.0120305
FixedParameters: 0 0 0

#Transform 161
Transform: AffineTransform_float_3_3
Parameters: 0.999999 -0.000622777 0.00062022 0.000621222 0.999995 0.00286238 -0.00062178 -0.00286161 0.999995 -0.0164128 -0.0325616 0.0158389
FixedParameters: 0 0 0

#Transform 162
Transform: AffineTransform_float_3_3
Parameters: 0.999999 -0.000446901 0.000620635 0.000445098 0.999995 0.00306028 -0.000622365 -0.00305972 0.999995 -0.0106863 -0.0278516 -0.0259938
FixedParameters: 0 0 0

#Transform 163
Transform: AffineTransform_float_3_3
Parameters: 0.999999 -0.00046891 0.000620562 0.000467089 0.999995 0.00307329 -0.000622439 -0.00307371 0.999995 -0.0141118 -0.0225468 0.00232856
FixedParameters: 0 0 0

#Transform 164
Transform: AffineTransform_float_3_3
Parameters: 0.999999 -0.000504019 0.000558081 0.000502981 0.999998 0.00182528 -0.000558919 -0.00182472 0.999998 -0.0112279 0.00797651 0.0109504
FixedParameters: 0 0 0

#Transform 165
Transform: AffineTransform_float_3_3
Parameters: 0.999999 -0.000622317 0.000620681 0.000620681 0.999997 0.00212138 -0.000622317 -0.00212061 0.999997 -0.0164194 -0.0176432 0.0313758
FixedParameters: 0 0 0

#Transform 166
Transform: AffineTransform_float_3_3
Parameters: 0.999999 -0.000468374 0.000620966 0.000466626 0.999998 0.00221129 -0.000622033 -0.00221071 0.999998 -0.0227092 -0.000298994 0.0136121
FixedParameters: 0 0 0

#Transform 167
Transform: AffineTransform_float_3_3
Parameters: 0.999999 -0.000404982 0.000620711 0.000403017 0.999995 0.00319025 -0.000622289 -0.00319075 0.999994 -0.0193673 -0.0456377 0.0269103
FixedParameters: 0 0 0

#Transform 168
Transform: AffineTransform_float_3_3
Parameters: 1 -0.000623144 0.000784301 0.000620857 0.999996 0.00273149 -0.000785699 -0.00273051 0.999996 -0.0289045 0.00370692 0.0117116
FixedParameters: 0 0 0

#Transform 169
Transform: AffineTransform_float_3_3
Parameters: 0.999999 -0.000624463 0.00112408 0.000620538 0.999995 0.0030777 -0.00112591 -0.0030773 0.999994 -0.0398098 -0.0510877 0.0287913
FixedParameters: 0 0 0

#Transform 170
Transform: AffineTransform_float_3_3
Parameters: 1 -0.000623055 0.000740277 0.000620947 0.999996 0.00277146 -0.000741724 -0.00277154 0.999996 -0.0296906 -0.0220578 0.0132503
FixedParameters: 0 0 0

#Transform 171
Transform: AffineTransform_float_3_3
Parameters: 1 -0.000623347 0.000786146 0.000620655 0.999996 0.00298049 -0.000787854 -0.00298051 0.999995 -0.0363105 -0.0346875 0.032367
FixedParameters: 0 0 0

#Transform 172
Transform: AffineTransform_float_3_3
Parameters: 0.999999 -0.000623145 0.000769266 0.000620852 0.999996 0.00278648 -0.000771732 -0.00278552 0.999996 -0.0308826 0.00189491 0.00483757
FixedParameters: 0 0 0

#Transform 173
Transform: AffineTransform_float_3_3
Parameters: 0.999999 -0.000624276 0.00109314 0.000620726 0.999996 0.00299368 -0.00109486 -0.00299332 0.999995 -0.0438971 -0.0405991 0.0052121
FixedParameters: 0 0 0

#Transform 174
Transform: AffineTransform_float_3_3
Parameters: 1 -0.000623411 0.000944413 0.000620587 0.999996 0.00255159 -0.000946587 -0.00255041 0.999997 -0.0362163 -0.0160395 -0.00168012
FixedParameters: 0 0 0

#Transform 175
Transform: AffineTransform_float_3_3
Parameters: 0.999999 -0.000623824 0.00116449 0.000621175 0.999997 0.00242373 -0.00116651 -0.00242328 0.999997 -0.0438785 -0.0362896 0.00494405
FixedParameters: 0 0 0

#Transform 176
Transform: AffineTransform_float_3_3
Parameters: 1 -0.000207425 0.000633535 0.000206576 0.999998 0.00224913 -0.000633466 -0.00224887 0.999998 -0.0246499 -0.0220026 0.0114357
FixedParameters: 0 0 0

#Transform 177
Transform: AffineTransform_float_3_3
Parameters: 0.999999 -0.00024659 0.000761166 0.000244408 0.999994 0.00340019 -0.000762835 -0.00340081 0.999994 -0.0236529 -0.047861 -0.00883012
FixedParameters: 0 0 0

#Transform 178
Transform: AffineTransform_float_3_3
Parameters: 0.999999 -0.000461572 0.000793086 0.000460427 0.999998 0.00198237 -0.000793913 -0.00198163 0.999997 -0.02703 -0.00800821 0.0353264
FixedParameters: 0 0 0

#Transform 179
Transform: AffineTransform_float_3_3
Parameters: 0.999999 -0.000532547 0.00075491 0.000530452 0.999998 0.0020484 -0.000756087 -0.0020476 0.999997 -0.0228476 -0.0287683 0.00805727
FixedParameters: 0 0 0

#Transform 180
Transform: AffineTransform_float_3_3
Parameters: 1 -0.000450087 0.00104611 0.000447913 0.999998 0.00199447 -0.0010469 -0.00199353 0.999998 -0.0196997 -0.00680716 0.0378224
FixedParameters: 0 0 0

#Transform 181
Transform: AffineTransform_float_3_3
Parameters: 0.999999 -0.000229141 0.000718321 0.00022686 0.999995 0.00297916 -0.000718679 -0.00297884 0.999996 -0.00560795 -0.0625661 0.000271815
FixedParameters: 0 0 0

#Transform 182
Transform: AffineTransform_float_3_3
Parameters: 0.999999 -0.00025859 0.000916272 0.000256408 0.999996 0.00282523 -0.000917727 -0.00282576 0.999995 -0.0108777 -0.0201934 0.0177062
FixedParameters: 0 0 0

#Transform 183
Transform: AffineTransform_float_3_3
Parameters: 0.999999 -0.000249534 0.000896298 0.000247468 0.999996 0.00282522 -0.000896702 -0.00282578 0.999995 -0.0216188 -0.0379049 0.0178166
FixedParameters: 0 0 0

#Transform 184
Transform: AffineTransform_float_3_3
Parameters: 0.999999 -0.000287765 0.000917136 0.000285235 0.999996 0.00301426 -0.000917863 -0.00301374 0.999995 -0.024968 -0.0150841 0.0236456
FixedParameters: 0 0 0

#Transform 185
Transform: AffineTransform_float_3_3
Parameters: 1 -0.000197034 0.000637374 0.000194967 0.999995 0.00319012 -0.000637625 -0.00318987 0.999994 -0.017996 -0.0243125 0.00891657
FixedParameters: 0 0 0

#Transform 186
Transform: AffineTransform_float_3_3
Parameters: 0.999999 -0.000623058 0.00063599 0.000620941 0.999994 0.00323139 -0.000638009 -0.0032306 0.999994 -0.0316408 -0.0308108 0.0400074
FixedParameters: 0 0 0

#Transform 187
Transform: AffineTransform_float_3_3
Parameters: 0.999999 -0.000623161 0.00071813 0.000620839 0.999996 0.00300545 -0.000719869 -0.00300455 0.999995 -0.0376293 -0.00983446 0.0178216
FixedParameters: 0 0 0

#Transform 188
Transform: AffineTransform_float_3_3
Parameters: 1 -0.000623942 0.000897964 0.000621058 0.999994 0.00327256 -0.000900038 -0.00327244 0.999994 -0.0534888 -0.0484093 0.0205265
FixedParameters: 0 0 0

#Transform 189
Transform: AffineTransform_float_3_3
Parameters: 0.999999 -0.000457237 0.000825765 0.000454763 0.999996 0.00270638 -0.000827234 -0.00270662 0.999996 -0.0307283 -0.0218481 0.0154076
FixedParameters: 0 0 0

#Transform 190
Transform: AffineTransform_float_3_3
Parameters: 0.999999 -0.000376686 0.00133397 0.000373314 0.999996 0.0027625 -0.00133504 -0.0027615 0.999996 -0.0380043 -0.0572356 0.0129372
FixedParameters: 0 0 0

#Transform 191
Transform: AffineTransform_float_3_3
Parameters: 0.999999 -0.000187662 0.000716567 0.000186337 0.999998 0.00231913 -0.000717434 -0.00231887 0.999997 -0.0182073 -0.0226043 0.0257524
FixedParameters: 0 0 0

#Transform 192
Transform: AffineTransform_float_3_3
Parameters: 0.999999 -0.000323702 0.000904392 0.000322299 0.999998 0.00188129 -0.000904608 -0.00188171 0.999998 -0.0381196 -0.0286576 0.00331602
FixedParameters: 0 0 0

#Transform 193
Transform: AffineTransform_float_3_3
Parameters: 0.999999 -0.000417554 0.00079018 0.000415446 0.999998 0.00196633 -0.000790818 -0.00196567 0.999998 -0.0225954 -0.0205258 0.0251636
FixedParameters: 0 0 0

#Transform 194
Transform: AffineTransform_float_3_3
Parameters: 0.999999 -0.000243605 0.00072146 0.000242393 0.999997 0.00222417 -0.000722541 -0.00222382 0.999998 -0.0172824 0.00545154 0.0143197
FixedParameters: 0 0 0

