#Insight Transform File V1.0
#Transform 0
Transform: AffineTransform_float_3_3
Parameters: 0.999999 0.000252152 0.000772656 -0.000252579 0.999999 0.00156887 -0.000771994 -0.00156814 0.999999 -0.0191629 0.0336943 -0.0238784
FixedParameters: 0 0 0

#Transform 1
Transform: AffineTransform_float_3_3
Parameters: 0.999999 5.11839e-05 0.000832427 -5.34623e-05 0.999995 0.00316696 -0.000832289 -0.00316704 0.999994 -0.0379608 -0.0425908 -0.0981163
FixedParameters: 0 0 0

#Transform 2
Transform: AffineTransform_float_3_3
Parameters: 1 6.38705e-05 0.00104505 -6.72687e-05 0.999993 0.003536 -0.00104485 -0.003536 0.999993 -0.0299956 -0.0202147 -0.120906
FixedParameters: 0 0 0

#Transform 3
Transform: AffineTransform_float_3_3
Parameters: 0.999999 -0.000360517 0.00152034 0.000353637 0.99999 0.00459961 -0.00152208 -0.00459939 0.999989 -0.0330954 -0.0560906 -0.155067
FixedParameters: 0 0 0

#Transform 4
Transform: AffineTransform_float_3_3
Parameters: 0.999998 -0.000508854 0.00152862 0.000500744 0.999984 0.00564784 -0.00153191 -0.00564716 0.999983 -0.0137554 -0.0768549 -0.147122
FixedParameters: 0 0 0

#Transform 5
Transform: AffineTransform_float_3_3
Parameters: 0.999997 -0.000307145 0.00245729 0.000292868 0.999983 0.00578594 -0.00245867 -0.00578507 0.999981 -0.0186186 -0.0814668 -0.000445337
FixedParameters: 0 0 0

#Transform 6
Transform: AffineTransform_float_3_3
Parameters: 0.999996 -0.000663283 0.0027368 0.00064495 0.999976 0.006879 -0.00274104 -0.006878 0.999972 -0.0323767 -0.0466066 -0.068839
FixedParameters: 0 0 0

#Transform 7
Transform: AffineTransform_float_3_3
Parameters: 0.999999 -0.000887118 0.00155225 0.000880964 0.999991 0.00431038 -0.00155633 -0.00430962 0.999989 -0.000584728 -0.0584697 -0.0898391
FixedParameters: 0 0 0

#Transform 8
Transform: AffineTransform_float_3_3
Parameters: 0.999997 -0.0013201 0.00174567 0.00131377 0.999993 0.00361731 -0.00175059 -0.00361469 0.999992 -0.0128799 -0.06893 -0.0838185
FixedParameters: 0 0 0

#Transform 9
Transform: AffineTransform_float_3_3
Parameters: 0.999998 -0.00136085 0.0010973 0.00135578 0.999987 0.0047735 -0.0011036 -0.0047715 0.999988 -0.00869359 -0.0630387 -0.110345
FixedParameters: 0 0 0

#Transform 10
Transform: AffineTransform_float_3_3
Parameters: 0.999998 -0.00133836 0.00147642 0.00133123 0.999987 0.00492198 -0.00148302 -0.00492002 0.999987 -0.0265522 -0.0739305 -0.109672
FixedParameters: 0 0 0

#Transform 11
Transform: AffineTransform_float_3_3
Parameters: 0.999999 -0.00136045 0.0010978 0.0013552 0.99999 0.00440544 -0.00110303 -0.00440456 0.99999 -0.00895427 -0.0742929 -0.120778
FixedParameters: 0 0 0

#Transform 12
Transform: AffineTransform_float_3_3
Parameters: 0.999998 -0.00134521 0.00134754 0.00133909 0.99999 0.00425982 -0.00135331 -0.00425818 0.99999 -0.0228287 -0.0526894 -0.120726
FixedParameters: 0 0 0

#Transform 13
Transform: AffineTransform_float_3_3
Parameters: 1 -0.00100407 0.000677333 0.00100153 0.999995 0.00275068 -0.00067992 -0.00275031 0.999996 0.0022776 -0.0159772 -0.123326
FixedParameters: 0 0 0

#Transform 14
Transform: AffineTransform_float_3_3
Parameters: 0.999999 -0.000788857 -3.39788e-05 0.00078884 0.999999 -0.000236027 3.43511e-05 0.000235973 1 -0.0109837 0.0106616 0.0393042
FixedParameters: 0 0 0

#Transform 15
Transform: AffineTransform_float_3_3
Parameters: 1 0.000584264 -0.000123051 -0.000584302 1 -0.000153928 0.000122871 0.000154072 1 -0.00983667 -0.00999386 0.0606297
FixedParameters: 0 0 0

#Transform 16
Transform: AffineTransform_float_3_3
Parameters: 0.999999 0.000503946 -0.000843434 -0.000506314 0.999997 -0.00207157 0.000843272 0.00207242 0.999997 -0.00876853 0.0702032 0.130837
FixedParameters: 0 0 0

#Transform 17
Transform: AffineTransform_float_3_3
Parameters: 1 0.000189331 -0.000519537 -0.000189434 1 -0.0010599 0.000519071 0.0010601 1 -0.0134258 0.032233 0.0228318
FixedParameters: 0 0 0

#Transform 18
Transform: AffineTransform_float_3_3
Parameters: 1 0.000197294 -0.000403613 -0.000197441 1 -0.00018092 0.000403542 0.00018108 1 -0.0107109 0.0378851 -0.0111264
FixedParameters: 0 0 0

#Transform 19
Transform: AffineTransform_float_3_3
Parameters: 1 0.000189761 -0.00051938 -0.000190003 1 -0.000233897 0.000519292 0.000233103 1 0.00499057 0.0227286 0.00330467
FixedParameters: 0 0 0

#Transform 20
Transform: AffineTransform_float_3_3
Parameters: 1 -0.00025466 -0.000235097 0.000254739 1 0.00016894 0.000235011 -0.00016906 1 0.00329011 0.00316459 0.0138637
FixedParameters: 0 0 0

#Transform 21
Transform: AffineTransform_float_3_3
Parameters: 1 -7.70978e-05 -6.11631e-05 7.71161e-05 1 0.000149995 6.114e-05 -0.000150005 1 0.00104069 0.0023808 0.00641155
FixedParameters: 0 0 0

#Transform 22
Transform: AffineTransform_float_3_3
Parameters: 1 0.000154815 -0.000396772 -0.000154615 1 0.000252061 0.00039685 -0.000251939 1 0.000828432 0.0165365 -0.00384705
FixedParameters: 0 0 0

#Transform 23
Transform: AffineTransform_float_3_3
Parameters: 1 6.90974e-05 -7.85974e-05 -6.90433e-05 1 0.000344005 7.86449e-05 -0.000343995 1 -0.00991487 0.012708 -0.0112198
FixedParameters: 0 0 0

#Transform 24
Transform: AffineTransform_float_3_3
Parameters: 1 -0.000258135 -0.00029215 0.00025862 0.999999 0.000831924 0.00029172 -0.000832075 0.999999 0.0245443 0.0103233 -0.0222443
FixedParameters: 0 0 0

#Transform 25
Transform: AffineTransform_float_3_3
Parameters: 1 -0.000333405 0.000100016 0.000332984 0.999998 0.00208703 -0.000101407 -0.00208697 0.999998 0.00659144 0.014886 -0.0262481
FixedParameters: 0 0 0

#Transform 26
Transform: AffineTransform_float_3_3
Parameters: 1 5.67655e-05 0.000306996 -5.70903e-05 1 0.000528982 -0.000306936 -0.000529017 1 -0.00288078 0.0498091 -0.00100505
FixedParameters: 0 0 0

#Transform 27
Transform: AffineTransform_float_3_3
Parameters: 1 -0.000539851 -0.00021259 0.000539839 1 -2.91148e-05 0.000212621 2.88852e-05 1 0.0066848 0.00398315 -0.0335212
FixedParameters: 0 0 0

#Transform 28
Transform: AffineTransform_float_3_3
Parameters: 1 -0.000491419 -0.000373748 0.000490845 0.999999 -0.000682183 0.00037342 0.000681816 0.999999 0.00785588 0.0152297 -0.0240412
FixedParameters: 0 0 0

#Transform 29
Transform: AffineTransform_float_3_3
Parameters: 1 -0.000200827 -0.000493891 0.000199779 1 -0.0010601 0.000494316 0.0010599 1 0.00922869 0.0274655 0.00614825
FixedParameters: 0 0 0

#Transform 30
Transform: AffineTransform_float_3_3
Parameters: 1 -0.000268442 -0.000489561 0.00026788 1 -0.000574131 0.000489869 0.000573868 0.999999 0.0081303 0.0123658 -0.00219734
FixedParameters: 0 0 0

#Transform 31
Transform: AffineTransform_float_3_3
Parameters: 1 -0.000105852 -0.000662467 0.000105103 0.999999 -0.00131807 0.000662681 0.00131793 0.999999 0.0156419 0.049938 0.0593262
FixedParameters: 0 0 0

#Transform 32
Transform: AffineTransform_float_3_3
Parameters: 1 -0.000171805 -0.000159072 0.000171464 1 -0.00107103 0.00015944 0.00107097 1 -0.000295264 0.0126109 0.0118642
FixedParameters: 0 0 0

#Transform 33
Transform: AffineTransform_float_3_3
Parameters: 0.999999 -0.000352312 -0.000694384 0.00035076 1 -0.00107125 0.000694139 0.00107175 0.999999 0.0169301 0.0297964 -0.000446989
FixedParameters: 0 0 0

#Transform 34
Transform: AffineTransform_float_3_3
Parameters: 1 -0.000485702 -0.000365281 0.000485485 1 -0.000297177 0.000365569 0.000296822 1 0.00930538 0.00398403 -0.0535267
FixedParameters: 0 0 0

#Transform 35
Transform: AffineTransform_float_3_3
Parameters: 0.999999 -0.000450152 -0.000703986 0.000449641 1 -0.00107132 0.000704885 0.00107168 0.999999 0.011673 0.038276 0.0206288
FixedParameters: 0 0 0

#Transform 36
Transform: AffineTransform_float_3_3
Parameters: 0.999999 -0.000535148 -0.000565178 0.000534025 0.999999 -0.000936242 0.000565182 0.000936758 1 0.0198144 0.0120572 0.000569748
FixedParameters: 0 0 0

#Transform 37
Transform: AffineTransform_float_3_3
Parameters: 0.999999 -0.000673341 -0.000353028 0.000673062 0.999999 -0.000394238 0.000353558 0.000393762 1 0.0167077 -0.00276784 -0.0154467
FixedParameters: 0 0 0

#Transform 38
Transform: AffineTransform_float_3_3
Parameters: 0.999999 -0.000673233 -0.000353233 0.00067317 1 -8.92419e-05 0.000353353 8.97579e-05 1 0.0180234 0.00312716 -0.0625877
FixedParameters: 0 0 0

#Transform 39
Transform: AffineTransform_float_3_3
Parameters: 0.999999 -0.000673323 -0.000353061 0.00067308 0.999999 -0.000344238 0.000353524 0.000343762 1 0.0194314 0.0169159 -0.0635327
FixedParameters: 0 0 0

#Transform 40
Transform: AffineTransform_float_3_3
Parameters: 0.999999 -0.000673348 -0.000353014 0.000673055 0.999999 -0.000414238 0.000353572 0.000413762 1 0.0190143 0.0114339 -0.078251
FixedParameters: 0 0 0

#Transform 41
Transform: AffineTransform_float_3_3
Parameters: 0.999999 -0.000673233 -0.000353233 0.00067317 1 -8.92419e-05 0.000353353 8.97579e-05 1 0.02731 0.00140323 -0.0893766
FixedParameters: 0 0 0

#Transform 42
Transform: AffineTransform_float_3_3
Parameters: 0.999999 -0.00111184 -0.000730243 0.00111205 1 -0.000498881 0.000730289 0.00049812 0.999999 0.0211153 0.00919981 -0.11004
FixedParameters: 0 0 0

#Transform 43
Transform: AffineTransform_float_3_3
Parameters: 0.999999 -0.00116418 -0.000399828 0.00116426 1 0.00010647 0.000399578 -0.00010753 1 0.0147219 -0.0176996 -0.116618
FixedParameters: 0 0 0

#Transform 44
Transform: AffineTransform_float_3_3
Parameters: 1 -0.00108436 -0.00030805 0.001085 0.999999 -0.000580399 0.000309243 0.000579601 1 0.0231833 0.0182313 -0.0597391
FixedParameters: 0 0 0

#Transform 45
Transform: AffineTransform_float_3_3
Parameters: 0.999998 -0.00154697 -0.000517372 0.0015473 0.999998 -0.000580869 0.000518106 0.00058013 0.999999 0.0243043 0.00831532 -0.0369299
FixedParameters: 0 0 0

#Transform 46
Transform: AffineTransform_float_3_3
Parameters: 0.999998 -0.00155702 -0.00046272 0.00155723 0.999999 0.000153211 0.00046324 -0.00015379 1 0.00643918 -0.0140537 -0.135495
FixedParameters: 0 0 0

#Transform 47
Transform: AffineTransform_float_3_3
Parameters: 0.999998 -0.00151053 -0.000591284 0.00151008 0.999999 -0.000320962 0.000591254 0.000320039 0.999999 0.021622 0.014615 -0.112464
FixedParameters: 0 0 0

#Transform 48
Transform: AffineTransform_float_3_3
Parameters: 0.999998 -0.00150551 -0.00050618 0.00150519 0.999998 -0.00117183 0.000507646 0.00117117 0.999999 0.0228644 0.0306542 -0.0376526
FixedParameters: 0 0 0

#Transform 49
Transform: AffineTransform_float_3_3
Parameters: 0.999998 -0.00150936 -0.000570988 0.00150867 0.999998 -0.00054493 0.000571633 0.000544069 0.999999 0.0273793 -0.00298108 -0.10314
FixedParameters: 0 0 0

#Transform 50
Transform: AffineTransform_float_3_3
Parameters: 0.999998 -0.00192722 -0.000582134 0.00192703 0.999998 -0.000908192 0.000583572 0.000906809 1 0.0271264 0.0073388 -0.0792013
FixedParameters: 0 0 0

#Transform 51
Transform: AffineTransform_float_3_3
Parameters: 0.999999 -0.00139646 -0.00109073 0.00139426 0.999998 -0.0018346 0.00109273 0.0018334 0.999997 0.0354927 0.0528636 -0.0024736
FixedParameters: 0 0 0

#Transform 52
Transform: AffineTransform_float_3_3
Parameters: 0.999998 -0.00140551 -0.000742787 0.00140528 0.999998 -0.000783049 0.000743924 0.000781951 1 0.0320349 0.00167828 -0.0494679
FixedParameters: 0 0 0

#Transform 53
Transform: AffineTransform_float_3_3
Parameters: 0.999999 -0.00122933 -0.000877063 0.00122911 0.999998 -0.00122608 0.000878949 0.00122492 0.999999 0.0236787 0.0314471 -0.0793896
FixedParameters: 0 0 0

#Transform 54
Transform: AffineTransform_float_3_3
Parameters: 0.999998 -0.00168773 -0.00104542 0.00168548 0.999996 -0.00238378 0.00104927 0.00238223 0.999997 0.029742 0.0619697 0.0215252
FixedParameters: 0 0 0

#Transform 55
Transform: AffineTransform_float_3_3
Parameters: 0.999998 -0.00170541 -0.00117394 0.0017016 0.99999 -0.00397301 0.0011801 0.00397099 0.999992 0.0252956 0.0455448 0.05082
FixedParameters: 0 0 0

#Transform 56
Transform: AffineTransform_float_3_3
Parameters: 0.999999 -0.000825751 -0.00123358 0.000819139 0.999987 -0.00499502 0.00123742 0.00499398 0.999986 -0.00377804 0.0653146 0.15612
FixedParameters: 0 0 0

#Transform 57
Transform: AffineTransform_float_3_3
Parameters: 0.999998 -0.00109385 -0.00121677 0.00108992 0.999994 -0.00314727 0.00121939 0.00314573 0.999995 -0.00105507 0.0826484 0.117734
FixedParameters: 0 0 0

#Transform 58
Transform: AffineTransform_float_3_3
Parameters: 1 -0.0010517 -0.000425896 0.0010508 0.999998 -0.00207851 0.000428205 0.00207749 0.999998 -0.0181681 0.114204 0.0610014
FixedParameters: 0 0 0

#Transform 59
Transform: AffineTransform_float_3_3
Parameters: 0.999999 -0.00130568 -6.81615e-05 0.00130591 0.999992 -0.00363709 7.36037e-05 0.00363691 0.999994 -0.0110427 0.0986716 0.0244799
FixedParameters: 0 0 0

#Transform 60
Transform: AffineTransform_float_3_3
Parameters: 0.999999 -0.00143722 -0.00119097 0.00142998 0.999982 -0.00573672 0.00119898 0.00573527 0.999983 0.0205157 0.0845318 0.0901435
FixedParameters: 0 0 0

#Transform 61
Transform: AffineTransform_float_3_3
Parameters: 0.999999 -0.00105171 -0.000652756 0.00104921 0.999989 -0.00470876 0.0006574 0.00470824 0.999988 -0.00658345 0.0723438 0.0623105
FixedParameters: 0 0 0

#Transform 62
Transform: AffineTransform_float_3_3
Parameters: 0.999999 -0.0011063 -0.000543709 0.00110382 0.999989 -0.00471467 0.000548945 0.00471433 0.999988 -0.00168082 0.109456 0.114182
FixedParameters: 0 0 0

#Transform 63
Transform: AffineTransform_float_3_3
Parameters: 0.999999 -0.000940502 -0.000439236 0.000938369 0.99999 -0.00438542 0.000443354 0.00438459 0.999991 -0.0115525 0.0670171 0.118053
FixedParameters: 0 0 0

#Transform 64
Transform: AffineTransform_float_3_3
Parameters: 0.999999 -0.00113488 0.000472164 0.00113729 0.999987 -0.00510553 -0.000466422 0.00510547 0.999987 -0.0160933 0.0330584 0.335437
FixedParameters: 0 0 0

#Transform 65
Transform: AffineTransform_float_3_3
Parameters: 0.999999 -0.000872681 -0.000381214 0.000869584 0.999972 -0.00741634 0.000387954 0.00741567 0.999973 0.00516303 0.154712 0.109588
FixedParameters: 0 0 0

#Transform 66
Transform: AffineTransform_float_3_3
Parameters: 0.999999 -0.000764086 -0.000468031 0.000760789 0.999979 -0.00634535 0.000472523 0.00634464 0.99998 -0.0123519 0.121663 -0.147429
FixedParameters: 0 0 0

#Transform 67
Transform: AffineTransform_float_3_3
Parameters: 0.999995 -3.79204e-05 -0.00311505 -2.58437e-05 0.99979 -0.0205248 0.00311516 0.0205252 0.999784 -0.0494275 0.634758 -1.27437
FixedParameters: 0 0 0

#Transform 68
Transform: AffineTransform_float_3_3
Parameters: 0.999987 0.00282827 -0.00411812 -0.0029246 0.999717 -0.0236091 0.00405015 0.0236199 0.999712 -0.0303257 0.727184 -1.85768
FixedParameters: 0 0 0

#Transform 69
Transform: AffineTransform_float_3_3
Parameters: 0.999982 0.00349968 -0.00486938 -0.00361944 0.999682 -0.0249335 0.00478017 0.0249505 0.999678 -0.0158175 0.75319 -1.85963
FixedParameters: 0 0 0

#Transform 70
Transform: AffineTransform_float_3_3
Parameters: 0.99998 0.00355054 -0.00509012 -0.00367213 0.999705 -0.0240084 0.005004 0.0240266 0.999699 -0.0121475 0.719866 -2.0867
FixedParameters: 0 0 0

#Transform 71
Transform: AffineTransform_float_3_3
Parameters: 0.999982 0.00343452 -0.00487946 -0.00354231 0.999745 -0.0223018 0.00480096 0.0223182 0.99974 -0.0145334 0.734553 -2.08553
FixedParameters: 0 0 0

#Transform 72
Transform: AffineTransform_float_3_3
Parameters: 0.999985 0.00356431 -0.00402087 -0.00365721 0.999725 -0.0231706 0.00393673 0.0231854 0.999724 -0.0161971 0.763045 -1.95499
FixedParameters: 0 0 0

#Transform 73
Transform: AffineTransform_float_3_3
Parameters: 0.999984 0.00419096 -0.0036092 -0.00427101 0.999737 -0.0225021 0.00351372 0.0225169 0.999741 -0.0238426 0.718474 -2.2057
FixedParameters: 0 0 0

#Transform 74
Transform: AffineTransform_float_3_3
Parameters: 0.999985 0.00397826 -0.00377383 -0.00406557 0.999715 -0.0235502 0.00367881 0.0235648 0.999715 -0.0190181 0.773315 -2.05245
FixedParameters: 0 0 0

#Transform 75
Transform: AffineTransform_float_3_3
Parameters: 0.999986 0.00392763 -0.00370237 -0.00400339 0.999776 -0.0207806 0.00361972 0.0207944 0.999777 -0.0177058 0.697781 -2.1858
FixedParameters: 0 0 0

#Transform 76
Transform: AffineTransform_float_3_3
Parameters: 0.999987 0.00387468 -0.00328663 -0.00394168 0.999775 -0.0208515 0.00320533 0.0208645 0.999777 -0.0189692 0.740897 -2.19749
FixedParameters: 0 0 0

#Transform 77
Transform: AffineTransform_float_3_3
Parameters: 0.999984 0.00428806 -0.00375516 -0.00436622 0.999766 -0.0211872 0.00366379 0.0212038 0.999768 -0.0106883 0.734196 -2.15685
FixedParameters: 0 0 0

#Transform 78
Transform: AffineTransform_float_3_3
Parameters: 0.999987 0.0036506 -0.00357655 -0.00372192 0.999792 -0.0200891 0.00350296 0.0201019 0.999791 -0.00710678 0.696667 -2.26196
FixedParameters: 0 0 0

#Transform 79
Transform: AffineTransform_float_3_3
Parameters: 0.999988 0.00350074 -0.00326597 -0.00356394 0.999801 -0.0196117 0.00319641 0.0196223 0.999802 -0.00781702 0.750513 -2.13571
FixedParameters: 0 0 0

#Transform 80
Transform: AffineTransform_float_3_3
Parameters: 0.999988 0.00369463 -0.00318553 -0.00375867 0.999783 -0.0205064 0.00310958 0.0205186 0.999785 -0.0169089 0.771165 -2.1528
FixedParameters: 0 0 0

#Transform 81
Transform: AffineTransform_float_3_3
Parameters: 0.999987 0.00361454 -0.00359154 -0.00368798 0.999781 -0.0205961 0.00351652 0.0206089 0.999782 -0.000717615 0.7387 -2.22988
FixedParameters: 0 0 0

#Transform 82
Transform: AffineTransform_float_3_3
Parameters: 0.999986 0.00369734 -0.00383536 -0.00378374 0.999732 -0.0228098 0.00375023 0.0228232 0.999733 -0.0122811 0.764883 -2.12295
FixedParameters: 0 0 0

#Transform 83
Transform: AffineTransform_float_3_3
Parameters: 0.999986 0.00358044 -0.00374406 -0.00365616 0.999787 -0.0203037 0.00367038 0.0203173 0.999787 -0.00812538 0.684699 -2.26754
FixedParameters: 0 0 0

#Transform 84
Transform: AffineTransform_float_3_3
Parameters: 0.999986 0.00372826 -0.00394677 -0.00381553 0.999742 -0.0223873 0.00386233 0.0224027 0.999741 -0.00812067 0.775941 -2.16982
FixedParameters: 0 0 0

#Transform 85
Transform: AffineTransform_float_3_3
Parameters: 0.999987 0.00346625 -0.00369166 -0.00354265 0.999774 -0.0209602 0.00361788 0.0209738 0.999774 -0.013539 0.710116 -2.31469
FixedParameters: 0 0 0

#Transform 86
Transform: AffineTransform_float_3_3
Parameters: 0.999986 0.00357155 -0.00395149 -0.00365339 0.999775 -0.0209299 0.00387607 0.0209441 0.999773 0.000421048 0.723825 -2.36194
FixedParameters: 0 0 0

#Transform 87
Transform: AffineTransform_float_3_3
Parameters: 0.999986 0.00345159 -0.00384565 -0.00353562 0.999753 -0.0219357 0.00376811 0.0219493 0.999752 0.000214245 0.74735 -2.23404
FixedParameters: 0 0 0

#Transform 88
Transform: AffineTransform_float_3_3
Parameters: 0.999989 0.0035046 -0.00330751 -0.00356553 0.999816 -0.0188325 0.00324141 0.0188445 0.999817 -0.0133111 0.701108 -2.40575
FixedParameters: 0 0 0

#Transform 89
Transform: AffineTransform_float_3_3
Parameters: 0.999988 0.0033458 -0.00372366 -0.00342119 0.999785 -0.0204595 0.00365442 0.0204715 0.999783 -0.00548489 0.760186 -2.41331
FixedParameters: 0 0 0

#Transform 90
Transform: AffineTransform_float_3_3
Parameters: 0.999984 0.00355431 -0.00440491 -0.00365134 0.999745 -0.0222631 0.00432529 0.0222789 0.999743 0.00378373 0.804147 -2.36164
FixedParameters: 0 0 0

#Transform 91
Transform: AffineTransform_float_3_3
Parameters: 0.999987 0.00365264 -0.00362495 -0.00372572 0.999786 -0.0203538 0.00355015 0.0203672 0.999786 -0.0102442 0.742328 -2.43887
FixedParameters: 0 0 0

#Transform 92
Transform: AffineTransform_float_3_3
Parameters: 0.999985 0.00368265 -0.00418086 -0.00377678 0.999736 -0.0226745 0.00409577 0.0226895 0.999734 0.00384203 0.820268 -2.30671
FixedParameters: 0 0 0

#Transform 93
Transform: AffineTransform_float_3_3
Parameters: 0.999986 0.00373163 -0.0035778 -0.00380757 0.999758 -0.0216758 0.00349648 0.0216893 0.999759 -0.0151481 0.778447 -2.41491
FixedParameters: 0 0 0

#Transform 94
Transform: AffineTransform_float_3_3
Parameters: 0.999983 0.00392995 -0.00413507 -0.00402386 0.999725 -0.0231038 0.00404327 0.0231202 0.999724 0.00142338 0.858903 -2.32454
FixedParameters: 0 0 0

#Transform 95
Transform: AffineTransform_float_3_3
Parameters: 0.999985 0.00396955 -0.00371097 -0.00405102 0.99974 -0.0224174 0.00362092 0.0224316 0.999742 -0.0190856 0.795894 -2.40034
FixedParameters: 0 0 0

#Transform 96
Transform: AffineTransform_float_3_3
Parameters: 0.999985 0.00394911 -0.00394419 -0.00403627 0.99974 -0.0224445 0.00385439 0.0224605 0.999741 -0.0037782 0.82694 -2.39538
FixedParameters: 0 0 0

#Transform 97
Transform: AffineTransform_float_3_3
Parameters: 0.999984 0.0039884 -0.00412675 -0.0040829 0.999721 -0.0232395 0.00403214 0.0232555 0.999722 -0.00890696 0.822889 -2.37225
FixedParameters: 0 0 0

#Transform 98
Transform: AffineTransform_float_3_3
Parameters: 0.999985 0.00397406 -0.00371609 -0.00405052 0.999773 -0.0209495 0.00363107 0.0209645 0.999773 -0.010212 0.789562 -2.43638
FixedParameters: 0 0 0

#Transform 99
Transform: AffineTransform_float_3_3
Parameters: 0.999983 0.00392889 -0.00413152 -0.0040245 0.999717 -0.0234688 0.00403776 0.0234842 0.999716 0.00115121 0.86613 -2.28219
FixedParameters: 0 0 0

#Transform 100
Transform: AffineTransform_float_3_3
Parameters: 0.999986 0.00407791 -0.00354465 -0.00416974 0.999652 -0.0260488 0.00343712 0.0260632 0.999655 -0.00784391 0.838155 -2.38037
FixedParameters: 0 0 0

#Transform 101
Transform: AffineTransform_float_3_3
Parameters: 0.999985 0.00418146 -0.00355521 -0.00427568 0.999627 -0.0269715 0.00344114 0.0269855 0.99963 -0.0124249 0.868912 -2.29933
FixedParameters: 0 0 0

#Transform 102
Transform: AffineTransform_float_3_3
Parameters: 0.999986 0.00420361 -0.00328355 -0.00428631 0.999666 -0.0255126 0.00317478 0.0255264 0.999669 -0.0132535 0.821532 -2.42288
FixedParameters: 0 0 0

#Transform 103
Transform: AffineTransform_float_3_3
Parameters: 0.999987 0.00399606 -0.00321715 -0.0040849 0.999593 -0.0282145 0.00310351 0.0282275 0.999596 -0.0253862 0.913208 -2.31798
FixedParameters: 0 0 0

#Transform 104
Transform: AffineTransform_float_3_3
Parameters: 0.999988 0.00386985 -0.00319956 -0.00396961 0.999485 -0.031867 0.00307442 0.031879 0.999487 -0.0280586 0.95165 -2.24391
FixedParameters: 0 0 0

#Transform 105
Transform: AffineTransform_float_3_3
Parameters: 0.999987 0.00405678 -0.00310238 -0.0041512 0.999503 -0.0312358 0.00297399 0.0312482 0.999507 -0.0208159 0.92446 -2.3305
FixedParameters: 0 0 0

#Transform 106
Transform: AffineTransform_float_3_3
Parameters: 0.999988 0.00343806 -0.00347929 -0.0035487 0.999478 -0.0321351 0.00336683 0.0321479 0.999478 0.00625969 1.00234 -2.32381
FixedParameters: 0 0 0

#Transform 107
Transform: AffineTransform_float_3_3
Parameters: 0.999987 0.00373871 -0.00360633 -0.00385681 0.999441 -0.0332166 0.0034806 0.0332294 0.999442 0.0172126 0.994669 -2.26624
FixedParameters: 0 0 0

#Transform 108
Transform: AffineTransform_float_3_3
Parameters: 0.999988 0.0034567 -0.00328362 -0.00356145 0.999473 -0.0322537 0.00316971 0.0322652 0.999474 0.00285854 0.951053 -2.35582
FixedParameters: 0 0 0

#Transform 109
Transform: AffineTransform_float_3_3
Parameters: 0.999989 0.00344246 -0.00340393 -0.00355325 0.999446 -0.0330843 0.00328847 0.0330956 0.999446 0.0140237 0.99378 -2.26836
FixedParameters: 0 0 0

#Transform 110
Transform: AffineTransform_float_3_3
Parameters: 0.99999 0.00323769 -0.00314793 -0.00333756 0.999473 -0.0322909 0.00304229 0.0323001 0.999474 0.0107697 0.961971 -2.30982
FixedParameters: 0 0 0

#Transform 111
Transform: AffineTransform_float_3_3
Parameters: 0.999989 0.00311791 -0.00368417 -0.00323336 0.999489 -0.0318004 0.00358285 0.0318116 0.999488 0.0102116 1.01817 -2.29616
FixedParameters: 0 0 0

#Transform 112
Transform: AffineTransform_float_3_3
Parameters: 0.999989 0.00296006 -0.00348717 -0.00307069 0.999479 -0.0321376 0.00339034 0.0321474 0.999477 0.0133787 1.02251 -2.28529
FixedParameters: 0 0 0

#Transform 113
Transform: AffineTransform_float_3_3
Parameters: 0.99999 0.00318546 -0.00333572 -0.00329233 0.999464 -0.0325634 0.00323 0.0325736 0.999464 0.0187575 1.01944 -2.31184
FixedParameters: 0 0 0

#Transform 114
Transform: AffineTransform_float_3_3
Parameters: 0.99999 0.00292928 -0.00331407 -0.00303891 0.999431 -0.0335832 0.00321368 0.0335928 0.999431 0.00772498 1.0534 -2.25579
FixedParameters: 0 0 0

#Transform 115
Transform: AffineTransform_float_3_3
Parameters: 0.999988 0.0032357 -0.00365721 -0.00335719 0.999426 -0.0337091 0.00354626 0.0337219 0.999425 0.0113173 1.03399 -2.31808
FixedParameters: 0 0 0

#Transform 116
Transform: AffineTransform_float_3_3
Parameters: 0.999985 0.00333471 -0.00432711 -0.00349323 0.999304 -0.0371593 0.00420029 0.0371737 0.9993 0.0331569 1.10097 -2.28659
FixedParameters: 0 0 0

#Transform 117
Transform: AffineTransform_float_3_3
Parameters: 0.999981 0.00340322 -0.00515939 -0.0036118 0.999153 -0.0409858 0.00501552 0.0410032 0.999146 0.0323252 1.15917 -2.24016
FixedParameters: 0 0 0

#Transform 118
Transform: AffineTransform_float_3_3
Parameters: 0.999974 0.00386896 -0.00599525 -0.00412615 0.999047 -0.0434599 0.00582131 0.0434831 0.999037 0.0436191 1.15979 -2.25825
FixedParameters: 0 0 0

#Transform 119
Transform: AffineTransform_float_3_3
Parameters: 0.999978 0.00399044 -0.00540322 -0.00421769 0.999072 -0.0428719 0.00522667 0.0428931 0.999066 0.024947 1.18571 -2.21212
FixedParameters: 0 0 0

#Transform 120
Transform: AffineTransform_float_3_3
Parameters: 0.99998 0.00352418 -0.00527736 -0.00374167 0.999116 -0.0418627 0.00512522 0.0418812 0.999109 0.0308947 1.13097 -2.18645
FixedParameters: 0 0 0

#Transform 121
Transform: AffineTransform_float_3_3
Parameters: 0.99998 0.00342634 -0.00522078 -0.0036369 0.999157 -0.0408884 0.00507549 0.0409066 0.99915 0.0302064 1.15771 -2.25209
FixedParameters: 0 0 0

#Transform 122
Transform: AffineTransform_float_3_3
Parameters: 0.999982 0.00370517 -0.00482681 -0.00390717 0.999088 -0.0425217 0.00466521 0.0425403 0.999084 0.0219094 1.16862 -2.12524
FixedParameters: 0 0 0

#Transform 123
Transform: AffineTransform_float_3_3
Parameters: 0.99998 0.00438844 -0.00439675 -0.00456564 0.999143 -0.0411469 0.00421302 0.0411661 0.999143 0.0195695 1.09134 -2.21759
FixedParameters: 0 0 0

#Transform 124
Transform: AffineTransform_float_3_3
Parameters: 0.999982 0.00418087 -0.00444099 -0.00435373 0.999197 -0.0398284 0.00427096 0.0398465 0.999197 0.0175355 1.05986 -2.19838
FixedParameters: 0 0 0

#Transform 125
Transform: AffineTransform_float_3_3
Parameters: 0.999983 0.00413364 -0.00422468 -0.00429426 0.999233 -0.0389046 0.00406049 0.0389224 0.999234 0.0105911 1.0533 -2.28575
FixedParameters: 0 0 0

#Transform 126
Transform: AffineTransform_float_3_3
Parameters: 0.999982 0.00396108 -0.00461707 -0.00413809 0.999234 -0.0389296 0.00445951 0.0389475 0.999232 0.00377149 1.06662 -2.25771
FixedParameters: 0 0 0

#Transform 127
Transform: AffineTransform_float_3_3
Parameters: 0.999983 0.00407563 -0.00404062 -0.00422635 0.999269 -0.0379927 0.00388263 0.0380093 0.99927 0.00413419 1.03174 -2.3102
FixedParameters: 0 0 0

#Transform 128
Transform: AffineTransform_float_3_3
Parameters: 0.999983 0.00421061 -0.00390315 -0.00435388 0.999282 -0.0376499 0.0037425 0.0376662 0.999284 0.00977149 1.05213 -2.30884
FixedParameters: 0 0 0

#Transform 129
Transform: AffineTransform_float_3_3
Parameters: 0.999985 0.00403883 -0.00350011 -0.00416643 0.999295 -0.0373312 0.00334668 0.0373448 0.999297 -0.000394777 1.02718 -2.34611
FixedParameters: 0 0 0

#Transform 130
Transform: AffineTransform_float_3_3
Parameters: 0.999986 0.00395736 -0.00367063 -0.00409245 0.999286 -0.0375466 0.00351883 0.0375613 0.999288 0.00364723 1.03882 -2.37613
FixedParameters: 0 0 0

#Transform 131
Transform: AffineTransform_float_3_3
Parameters: 0.999984 0.00396006 -0.00392226 -0.00410643 0.999268 -0.0380166 0.00376831 0.0380324 0.99927 0.011451 1.04395 -2.38475
FixedParameters: 0 0 0

#Transform 132
Transform: AffineTransform_float_3_3
Parameters: 0.999985 0.00384033 -0.00375448 -0.00398001 0.999266 -0.0381047 0.00360554 0.0381192 0.999266 0.0015689 1.05739 -2.40007
FixedParameters: 0 0 0

#Transform 133
Transform: AffineTransform_float_3_3
Parameters: 0.999987 0.00372259 -0.00366862 -0.0038633 0.999232 -0.0389994 0.00351989 0.0390126 0.999233 0.00899851 1.0753 -2.39474
FixedParameters: 0 0 0

#Transform 134
Transform: AffineTransform_float_3_3
Parameters: 0.99999 0.00322339 -0.00314538 -0.00332854 0.999408 -0.0342349 0.00303333 0.034245 0.999408 0.0175242 1.12608 -2.36199
FixedParameters: 0 0 0

#Transform 135
Transform: AffineTransform_float_3_3
Parameters: 0.999994 0.00136591 -0.00294883 -0.00139198 0.999962 -0.00864879 0.0029374 0.0086532 0.999958 0.0537968 0.581877 -2.04906
FixedParameters: 0 0 0

#Transform 136
Transform: AffineTransform_float_3_3
Parameters: 0.999989 0.00274411 -0.00385606 -0.00283093 0.999738 -0.0227532 0.00379266 0.0227639 0.999734 0.0193642 0.809472 -2.03953
FixedParameters: 0 0 0

#Transform 137
Transform: AffineTransform_float_3_3
Parameters: 0.999998 -0.000870401 -0.00167988 0.000784571 0.998703 -0.0509054 0.00172145 0.0509037 0.998702 0.0729124 1.27016 -2.20969
FixedParameters: 0 0 0

#Transform 138
Transform: AffineTransform_float_3_3
Parameters: 0.999998 -0.00130294 -0.00143746 0.00123661 0.998961 -0.0455739 0.00149479 0.0455711 0.99896 0.0608543 1.15483 -2.24881
FixedParameters: 0 0 0

#Transform 139
Transform: AffineTransform_float_3_3
Parameters: 1 -0.000466304 -0.00103024 0.000419789 0.998994 -0.0448385 0.00104993 0.0448385 0.998993 0.0245277 1.13766 -2.29707
FixedParameters: 0 0 0

#Transform 140
Transform: AffineTransform_float_3_3
Parameters: 0.999999 -0.00043458 -0.000606297 0.000406633 0.999011 -0.0444783 0.000624959 0.0444778 0.99901 0.0216134 1.13867 -2.36039
FixedParameters: 0 0 0

#Transform 141
Transform: AffineTransform_float_3_3
Parameters: 0.999999 0.000744 -2.25662e-05 -0.000744365 0.998983 -0.045077 -1.14992e-05 0.045077 0.998984 -0.00406512 1.16926 -2.28175
FixedParameters: 0 0 0

#Transform 142
Transform: AffineTransform_float_3_3
Parameters: 0.999998 -0.0018699 -0.000947561 0.00182456 0.998944 -0.0459149 0.00103216 0.0459131 0.998945 0.0474273 1.16148 -2.35693
FixedParameters: 0 0 0

#Transform 143
Transform: AffineTransform_float_3_3
Parameters: 0.999999 -0.00118233 -0.000629969 0.00115227 0.998966 -0.0454468 0.0006831 0.0454461 0.998966 0.0221057 1.12797 -2.35718
FixedParameters: 0 0 0

#Transform 144
Transform: AffineTransform_float_3_3
Parameters: 0.999998 -0.00179176 -0.00110136 0.0017381 0.998894 -0.046974 0.00118462 0.046972 0.998896 0.0160659 1.1878 -2.25771
FixedParameters: 0 0 0

#Transform 145
Transform: AffineTransform_float_3_3
Parameters: 0.999998 -0.00164862 -0.000107514 0.00164189 0.99899 -0.0448873 0.000181733 0.0448867 0.998992 0.00746771 1.11844 -2.35852
FixedParameters: 0 0 0

#Transform 146
Transform: AffineTransform_float_3_3
Parameters: 0.999999 -0.00173258 -0.000459432 0.00171088 0.99899 -0.044897 0.000536461 0.0448961 0.998992 0.0167779 1.11942 -2.36816
FixedParameters: 0 0 0

#Transform 147
Transform: AffineTransform_float_3_3
Parameters: 0.999996 -0.00285277 7.83962e-06 0.00285146 0.999196 -0.0399914 0.000105962 0.0399906 0.9992 0.0507302 1.05312 -2.41155
FixedParameters: 0 0 0

#Transform 148
Transform: AffineTransform_float_3_3
Parameters: 1 -0.00120255 0.000181714 0.00120923 0.999159 -0.0409688 -0.000131568 0.0409692 0.999161 0.0124264 1.04589 -2.44319
FixedParameters: 0 0 0

#Transform 149
Transform: AffineTransform_float_3_3
Parameters: 0.999999 -0.0011601 0.000583229 0.0011836 0.999168 -0.0407654 -0.000535319 0.0407656 0.999168 0.00346947 1.0852 -2.45697
FixedParameters: 0 0 0

#Transform 150
Transform: AffineTransform_float_3_3
Parameters: 0.999999 -0.00143674 7.0173e-05 0.00143816 0.99909 -0.042642 -8.5272e-06 0.042642 0.999091 0.0160895 1.13275 -2.3161
FixedParameters: 0 0 0

#Transform 151
Transform: AffineTransform_float_3_3
Parameters: 0.999998 -0.00159009 7.44734e-05 0.00159223 0.99912 -0.0419271 -8.04369e-06 0.0419269 0.99912 0.0197812 1.06106 -2.42305
FixedParameters: 0 0 0

#Transform 152
Transform: AffineTransform_float_3_3
Parameters: 0.999999 -0.00151672 -0.000439171 0.00149641 0.999088 -0.0426567 0.000504339 0.0426552 0.999089 0.0365029 1.11384 -2.36658
FixedParameters: 0 0 0

#Transform 153
Transform: AffineTransform_float_3_3
Parameters: 0.999999 -0.00145262 -3.19985e-06 0.00145081 0.999109 -0.0421922 6.45603e-05 0.0421918 0.999109 0.0135513 1.08548 -2.41483
FixedParameters: 0 0 0

#Transform 154
Transform: AffineTransform_float_3_3
Parameters: 0.999999 -0.00141343 0.00013705 0.00141754 0.999149 -0.0412259 -7.91032e-05 0.0412261 0.99915 0.0243774 1.08766 -2.45276
FixedParameters: 0 0 0

#Transform 155
Transform: AffineTransform_float_3_3
Parameters: 0.999998 -0.0016583 -0.000177599 0.00164901 0.999116 -0.0419914 0.000247841 0.0419906 0.999118 0.0264248 1.11294 -2.39429
FixedParameters: 0 0 0

#Transform 156
Transform: AffineTransform_float_3_3
Parameters: 0.999998 -0.00167798 0.000183736 0.00168382 0.999136 -0.0415128 -0.000113843 0.0415132 0.999138 0.0148927 1.06873 -2.47102
FixedParameters: 0 0 0

#Transform 157
Transform: AffineTransform_float_3_3
Parameters: 0.999998 -0.00168213 0.000305534 0.00169399 0.999145 -0.0413217 -0.000235434 0.0413223 0.999146 0.0123392 1.08678 -2.47055
FixedParameters: 0 0 0

#Transform 158
Transform: AffineTransform_float_3_3
Parameters: 0.999998 -0.00204123 -0.000513777 0.00201705 0.999116 -0.0419883 0.000599617 0.0419867 0.999118 0.0238993 1.09957 -2.38438
FixedParameters: 0 0 0

#Transform 159
Transform: AffineTransform_float_3_3
Parameters: 0.999999 -0.00142353 -3.42006e-05 0.00142058 0.99916 -0.0409722 9.25121e-05 0.0409719 0.999161 0.0234628 1.0587 -2.47303
FixedParameters: 0 0 0

#Transform 160
Transform: AffineTransform_float_3_3
Parameters: 0.999999 -0.00147113 9.4178e-06 0.00147064 0.999177 -0.0405351 5.06768e-05 0.0405349 0.999178 0.0228436 1.08762 -2.47246
FixedParameters: 0 0 0

#Transform 161
Transform: AffineTransform_float_3_3
Parameters: 0.999999 -0.00145044 -0.000370287 0.00143424 0.999132 -0.0416477 0.000430247 0.0416474 0.999133 0.0132169 1.11583 -2.39565
FixedParameters: 0 0 0

#Transform 162
Transform: AffineTransform_float_3_3
Parameters: 0.999998 -0.00187964 -0.000107397 0.00187394 0.999177 -0.0405164 0.00018299 0.0405166 0.999179 0.0217385 1.07057 -2.50334
FixedParameters: 0 0 0

#Transform 163
Transform: AffineTransform_float_3_3
Parameters: 0.999998 -0.00192754 0.000334354 0.00193945 0.999171 -0.0406635 -0.000255427 0.0406634 0.999173 0.014189 1.07579 -2.5032
FixedParameters: 0 0 0

#Transform 164
Transform: AffineTransform_float_3_3
Parameters: 0.999999 -0.00150258 -0.000309515 0.00148769 0.999106 -0.0422636 0.000372919 0.0422635 0.999107 0.0291431 1.10613 -2.33543
FixedParameters: 0 0 0

#Transform 165
Transform: AffineTransform_float_3_3
Parameters: 0.999999 -0.00139857 -0.000412055 0.00138013 0.999133 -0.0416247 0.000469465 0.0416243 0.999133 0.0324389 1.05775 -2.44967
FixedParameters: 0 0 0

#Transform 166
Transform: AffineTransform_float_3_3
Parameters: 0.999999 -0.00182308 -0.000281407 0.00180967 0.999134 -0.0415727 0.000356489 0.0415724 0.999136 0.0276701 1.08071 -2.43735
FixedParameters: 0 0 0

#Transform 167
Transform: AffineTransform_float_3_3
Parameters: 0.999999 -0.00174919 -0.000299004 0.00173549 0.999077 -0.0429367 0.000373556 0.0429363 0.999077 0.0275993 1.11824 -2.35591
FixedParameters: 0 0 0

#Transform 168
Transform: AffineTransform_float_3_3
Parameters: 0.999998 -0.00190004 -6.05043e-05 0.00189674 0.999144 -0.0413093 0.00013893 0.0413087 0.999147 0.0191737 1.07593 -2.4527
FixedParameters: 0 0 0

#Transform 169
Transform: AffineTransform_float_3_3
Parameters: 0.999998 -0.00197239 -0.000605883 0.0019444 0.999078 -0.0429054 0.00069005 0.0429036 0.999079 0.0329754 1.1261 -2.34853
FixedParameters: 0 0 0

#Transform 170
Transform: AffineTransform_float_3_3
Parameters: 0.999998 -0.00192647 -0.000295248 0.00191188 0.999105 -0.0422518 0.000376438 0.0422512 0.999107 0.0195523 1.07432 -2.42418
FixedParameters: 0 0 0

#Transform 171
Transform: AffineTransform_float_3_3
Parameters: 0.999998 -0.00193326 -7.74284e-05 0.00192904 0.999109 -0.0421754 0.000158853 0.0421747 0.99911 0.0150001 1.08171 -2.45387
FixedParameters: 0 0 0

#Transform 172
Transform: AffineTransform_float_3_3
Parameters: 0.999998 -0.00194832 -0.000490635 0.00192551 0.99905 -0.0435231 0.000574616 0.0435219 0.999053 0.0218752 1.13908 -2.33643
FixedParameters: 0 0 0

#Transform 173
Transform: AffineTransform_float_3_3
Parameters: 0.999997 -0.00202764 -0.00138141 0.00195912 0.998858 -0.0477419 0.00147726 0.047739 0.998858 0.0383841 1.15452 -2.28676
FixedParameters: 0 0 0

#Transform 174
Transform: AffineTransform_float_3_3
Parameters: 0.999997 -0.00160686 -0.00217411 0.00149526 0.998733 -0.0503073 0.00225292 0.0503037 0.998732 0.0571768 1.22451 -2.21942
FixedParameters: 0 0 0

#Transform 175
Transform: AffineTransform_float_3_3
Parameters: 0.999997 -0.00199185 -0.00150549 0.00191487 0.998758 -0.0497931 0.0016029 0.04979 0.998759 0.0373409 1.20861 -2.26067
FixedParameters: 0 0 0

#Transform 176
Transform: AffineTransform_float_3_3
Parameters: 0.999997 -0.00193046 -0.00146582 0.00185753 0.99883 -0.0483229 0.00155705 0.0483202 0.998831 0.0339443 1.14684 -2.33558
FixedParameters: 0 0 0

#Transform 177
Transform: AffineTransform_float_3_3
Parameters: 0.999996 -0.00200732 -0.00169398 0.00192268 0.998813 -0.0486695 0.00178968 0.0486666 0.998814 0.0409398 1.16857 -2.28692
FixedParameters: 0 0 0

#Transform 178
Transform: AffineTransform_float_3_3
Parameters: 0.999996 -0.00205678 -0.00154667 0.00197858 0.998819 -0.0485522 0.00164454 0.0485498 0.99882 0.0368549 1.15491 -2.30854
FixedParameters: 0 0 0

#Transform 179
Transform: AffineTransform_float_3_3
Parameters: 0.999997 -0.00195625 -0.00139706 0.00188609 0.998819 -0.0485548 0.00149001 0.0485522 0.99882 0.0273257 1.15299 -2.28764
FixedParameters: 0 0 0

#Transform 180
Transform: AffineTransform_float_3_3
Parameters: 0.999995 -0.0022616 -0.00185602 0.00216629 0.998758 -0.0497813 0.0019662 0.0497768 0.998759 0.038742 1.18843 -2.21921
FixedParameters: 0 0 0

#Transform 181
Transform: AffineTransform_float_3_3
Parameters: 0.999998 -0.00112107 -0.00160114 0.00104346 0.998845 -0.0480397 0.00165399 0.0480383 0.998844 0.0506873 1.13307 -2.25254
FixedParameters: 0 0 0

#Transform 182
Transform: AffineTransform_float_3_3
Parameters: 0.999995 -0.00144227 -0.00255918 0.00131999 0.998889 -0.0471124 0.00262437 0.0471086 0.998886 0.0266457 1.16205 -2.48999
FixedParameters: 0 0 0

#Transform 183
Transform: AffineTransform_float_3_3
Parameters: 0.999969 -0.00238813 -0.00748455 0.0020732 0.999119 -0.0419171 0.00757798 0.0419009 0.999093 -0.144994 1.02576 -4.25287
FixedParameters: 0 0 0

#Transform 184
Transform: AffineTransform_float_3_3
Parameters: 0.99996 0.00335777 -0.0083582 -0.00387728 0.998009 -0.0629545 0.00813008 0.0629846 0.997982 -0.343071 1.42953 -5.06873
FixedParameters: 0 0 0

#Transform 185
Transform: AffineTransform_float_3_3
Parameters: 0.999999 0.00122208 -0.000989151 -0.00128267 0.997938 -0.0641698 0.000908464 0.0641711 0.997938 -0.482067 1.17623 -4.31291
FixedParameters: 0 0 0

#Transform 186
Transform: AffineTransform_float_3_3
Parameters: 0.999995 -0.00136059 -0.00263909 0.00117983 0.997741 -0.0671592 0.00272511 0.0671557 0.997738 -0.359234 1.04766 -4.71235
FixedParameters: 0 0 0

#Transform 187
Transform: AffineTransform_float_3_3
Parameters: 0.99999 0.00443748 0.000227091 -0.00441638 0.9982 -0.0598022 -0.000492074 0.0598008 0.99821 -0.282976 1.32058 -4.42182
FixedParameters: 0 0 0

#Transform 188
Transform: AffineTransform_float_3_3
Parameters: 0.999969 0.00589264 0.0051208 -0.00562421 0.998685 -0.0509584 -0.00541395 0.0509276 0.998687 -0.513429 1.29757 -3.82141
FixedParameters: 0 0 0

#Transform 189
Transform: AffineTransform_float_3_3
Parameters: 0.999962 0.00801116 0.00364561 -0.00782066 0.998742 -0.0495178 -0.00403773 0.0494871 0.998766 -0.248669 1.15153 -3.30491
FixedParameters: 0 0 0

#Transform 190
Transform: AffineTransform_float_3_3
Parameters: 0.999967 0.00805028 0.000108809 -0.00802958 0.998147 -0.0603079 -0.000594015 0.060305 0.998179 -0.220648 1.47066 -3.41541
