# transform file /out/sourcedata/freesurfer/sub-v1s22x0050523_ses-1/mri/transforms/cc_up.lta
# created by oesteban on Mon Mar  9 18:05:26 2026

type      = 0 # LINEAR_VOX_TO_VOX
nxforms   = 1
mean      = 125.0000 116.0000 113.0000
sigma     = 10000.0000
1 4 4
9.984554648399353e-01 -2.773991972208023e-02 -4.813480004668236e-02 9.029696464538574e+00 
2.770774066448212e-02 9.996150732040405e-01 -1.335769775323570e-03 2.766115570068359e+01 
4.815333336591721e-02 0.000000000000000e+00 9.988398551940918e-01 1.901293373107910e+01 
0.000000000000000e+00 0.000000000000000e+00 0.000000000000000e+00 1.000000000000000e+00 
src volume info
valid = 1  # volume info valid
filename = /out/sourcedata/freesurfer/sub-v1s22x0050523_ses-1/mri/norm.mgz
volume = 256 256 256
voxelsize = 1.000000000000000e+00 1.000000000000000e+00 1.000000000000000e+00
xras   = -9.999998807907104e-01 -7.639755494892597e-10 -3.725290298461914e-09
yras   = -3.725290298461914e-09 -5.820766091346741e-11 -1.000000000000000e+00
zras   = -1.098669599741697e-09 9.999999403953552e-01 -5.820766091346741e-11
cras   = 2.158927917480469e+00 3.209781646728516e+01 -3.223779296875000e+01
dst volume info
valid = 1  # volume info valid
filename = /out/sourcedata/freesurfer/sub-v1s22x0050523_ses-1/mri/norm.mgz
volume = 256 256 256
voxelsize = 1.000000000000000e+00 1.000000000000000e+00 1.000000000000000e+00
xras   = -9.999998807907104e-01 -7.639755494892597e-10 -3.725290298461914e-09
yras   = -3.725290298461914e-09 -5.820766091346741e-11 -1.000000000000000e+00
zras   = -1.098669599741697e-09 9.999999403953552e-01 -5.820766091346741e-11
cras   = 2.158927917480469e+00 3.209781646728516e+01 -3.223779296875000e+01
