type      = 0 # LINEAR_VOX_TO_VOX
nxforms   = 1
mean      = 0.0000 0.0000 0.0000
sigma     = 1.0000
1 4 4
1.025037884712219e+00 -3.661599755287170e-02 -3.501899540424347e-02 4.502601623535156e+00 
3.772300109267235e-02 1.065750956535339e+00 2.474359869956970e-01 -3.211157226562500e+01 
4.083799570798874e-02 -3.215959966182709e-01 9.453619122505188e-01 3.448830413818359e+01 
0.000000000000000e+00 0.000000000000000e+00 0.000000000000000e+00 1.000000000000000e+00 
src volume info
valid = 1  # volume info valid
filename = /out/sourcedata/freesurfer/sub-v1s22x0050523_ses-1/mri/orig.mgz
volume = 256 256 256
voxelsize = 1.000000000000000e+00 1.000000000000000e+00 1.000000000000000e+00
xras   = -9.999998807907104e-01 -7.639755494892597e-10 -3.725290298461914e-09
yras   = -3.725290298461914e-09 -5.820766091346741e-11 -1.000000000000000e+00
zras   = -1.098669599741697e-09 9.999999403953552e-01 -5.820766091346741e-11
cras   = 2.158927917480469e+00 3.209781646728516e+01 -3.223779296875000e+01
dst volume info
valid = 1  # volume info valid
filename = /opt/freesurfer/average/mni305.cor.mgz
volume = 256 256 256
voxelsize = 1.000000000000000e+00 1.000000000000000e+00 1.000000000000000e+00
xras   = -1.000000000000000e+00 0.000000000000000e+00 0.000000000000000e+00
yras   = 0.000000000000000e+00 0.000000000000000e+00 -1.000000000000000e+00
zras   = 0.000000000000000e+00 1.000000000000000e+00 0.000000000000000e+00
cras   = 0.000000000000000e+00 0.000000000000000e+00 0.000000000000000e+00
subject fsaverage
fscale 0.100000
