type      = 1 # LINEAR_RAS_TO_RAS
nxforms   = 1
mean      = 0.0000 0.0000 0.0000
sigma     = 1.0000
1 4 4
1.025038003921509e+00 3.501899912953377e-02 -3.661600127816200e-02 -3.055603027343750e+00 
-4.083799943327904e-02 9.453619718551636e-01 3.215959966182709e-01 -2.833074188232422e+01 
3.772300109267235e-02 -2.474360018968582e-01 1.065750956535339e+00 2.941326904296875e+01 
0.000000000000000e+00 0.000000000000000e+00 0.000000000000000e+00 1.000000000000000e+00 
src volume info
valid = 1  # volume info valid
filename = /out/sourcedata/freesurfer/sub-v1s22x0050523_ses-1/mri/orig_nu.mgz
volume = 256 256 256
voxelsize = 1.000000000000000e+00 1.000000000000000e+00 1.000000000000000e+00
xras   = -9.999998807907104e-01 -7.639755494892597e-10 -3.725290298461914e-09
yras   = -3.725290298461914e-09 -5.820766091346741e-11 -1.000000000000000e+00
zras   = -1.098669599741697e-09 9.999999403953552e-01 -5.820766091346741e-11
cras   = 2.158927917480469e+00 3.209781646728516e+01 -3.223779296875000e+01
dst volume info
valid = 1  # volume info valid
filename = /opt/freesurfer/average/mni305.cor.mgz
volume = 256 256 256
voxelsize = 1.000000000000000e+00 1.000000000000000e+00 1.000000000000000e+00
xras   = -1.000000000000000e+00 0.000000000000000e+00 0.000000000000000e+00
yras   = 0.000000000000000e+00 0.000000000000000e+00 -1.000000000000000e+00
zras   = 0.000000000000000e+00 1.000000000000000e+00 0.000000000000000e+00
cras   = 0.000000000000000e+00 0.000000000000000e+00 0.000000000000000e+00
subject fsaverage
fscale 0.100000
