# transform file transforms/talairach.lta
# created by oesteban on Mon Mar  9 16:52:09 2026

type      = 0 # LINEAR_VOX_TO_VOX
nxforms   = 1
mean      = 125.0000 118.0000 113.0000
sigma     = 10000.0000
1 4 4
9.988566637039185e-01 -5.319631844758987e-02 -2.279862016439438e-02 7.072873115539551e+00 
4.778410866856575e-02 1.098324894905090e+00 2.706545293331146e-01 -3.962627792358398e+01 
9.692965075373650e-03 -2.256646454334259e-01 9.531288146972656e-01 2.694019889831543e+01 
0.000000000000000e+00 0.000000000000000e+00 0.000000000000000e+00 1.000000000000000e+00 
src volume info
valid = 1  # volume info valid
filename = nu.mgz
volume = 256 256 256
voxelsize = 1.000000000000000e+00 1.000000000000000e+00 1.000000000000000e+00
xras   = -9.999998807907104e-01 -7.639755494892597e-10 -3.725290298461914e-09
yras   = -3.725290298461914e-09 -5.820766091346741e-11 -1.000000000000000e+00
zras   = -1.098669599741697e-09 9.999999403953552e-01 -5.820766091346741e-11
cras   = 2.158927917480469e+00 3.209781646728516e+01 -3.223779296875000e+01
dst volume info
valid = 1  # volume info valid
filename = /opt/freesurfer/average/RB_all_2020-01-02.gca
volume = 256 256 256
voxelsize = 1.000000000000000e+00 1.000000000000000e+00 1.000000000000000e+00
xras   = -1.000000000000000e+00 0.000000000000000e+00 0.000000000000000e+00
yras   = 0.000000000000000e+00 0.000000000000000e+00 -1.000000000000000e+00
zras   = 0.000000000000000e+00 1.000000000000000e+00 0.000000000000000e+00
cras   = 0.000000000000000e+00 0.000000000000000e+00 0.000000000000000e+00
