#Insight Transform File V1.0
#Transform 0
Transform: AffineTransform_float_3_3
Parameters: 1 -0.000623 5.66307e-07 0.000623001 1 -0.000909 -4.33692e-07 0.000909 0.999999 -0.0212568 0.0359212 0.111337
FixedParameters: 0 0 0

#Transform 1
Transform: AffineTransform_float_3_3
Parameters: 1 -0.000504986 6.11176e-05 0.000505014 1 -0.000232969 -6.18823e-05 0.000233031 1 -0.0229003 -0.00721141 0.0907804
FixedParameters: 0 0 0

#Transform 2
Transform: AffineTransform_float_3_3
Parameters: 1 -0.00035 2.7825e-07 0.00035 0.999999 -0.000794999 2.7825e-07 0.000794999 0.999999 -0.0119767 0.0167723 0.0752415
FixedParameters: 0 0 0

#Transform 3
Transform: AffineTransform_float_3_3
Parameters: 1 -0.00044 3.344e-08 0.00044 1 -7.6e-05 3.344e-08 7.6e-05 1 -0.015013 -0.0161533 0.0384578
FixedParameters: 0 0 0

#Transform 4
Transform: AffineTransform_float_3_3
Parameters: 1 -0.000122993 8.60093e-05 0.000123007 1 -7.59894e-05 -8.59906e-05 7.60106e-05 1 -0.00739623 -0.0098546 0.0174516
FixedParameters: 0 0 0

#Transform 5
Transform: AffineTransform_float_3_3
Parameters: 1 -0.000371 2.8196e-08 0.000371 1 -7.6e-05 2.8196e-08 7.6e-05 1 -0.0173682 -0.00439826 -0.0101453
FixedParameters: 0 0 0

#Transform 6
Transform: AffineTransform_float_3_3
Parameters: 1 -0.000387973 -0.000115091 0.000388027 1 0.000234955 0.000114909 -0.000235045 1 -0.0118104 -0.00752499 -0.00951752
FixedParameters: 0 0 0

#Transform 7
Transform: AffineTransform_float_3_3
Parameters: 1 0.000112 -5.5216e-08 -0.000112 1 -0.000493 -5.5216e-08 0.000493 1 0.00375506 0.0317087 -0.00453867
FixedParameters: 0 0 0

#Transform 8
Transform: AffineTransform_float_3_3
Parameters: 1 -0.000388973 -5.21972e-05 0.000389026 1 0.00050698 5.18028e-05 -0.00050702 1 -0.011288 -0.0287411 -0.0437467
FixedParameters: 0 0 0

#Transform 9
Transform: AffineTransform_float_3_3
Parameters: 1 0.000154 -1.1704e-08 -0.000154 1 -7.6e-05 -1.1704e-08 7.6e-05 1 0.0052257 -0.0113509 -0.0187069
FixedParameters: 0 0 0

#Transform 10
Transform: AffineTransform_float_3_3
Parameters: 1 -0.000260998 -7.90078e-05 0.000261002 1 2.99794e-05 7.99922e-05 -3.00209e-05 1 -0.0059054 -0.0302615 -0.000846835
FixedParameters: 0 0 0

#Transform 11
Transform: AffineTransform_float_3_3
Parameters: 1 -0.000396 3.0096e-08 0.000396 1 -7.6e-05 3.0096e-08 7.6e-05 1 -0.0134932 -0.0190343 0.0152285
FixedParameters: 0 0 0

#Transform 12
Transform: AffineTransform_float_3_3
Parameters: 1 -0.000142 1.0792e-08 0.000142 1 -7.6e-05 1.0792e-08 7.6e-05 1 0.00113283 0.00392116 -0.0139767
FixedParameters: 0 0 0

#Transform 13
Transform: AffineTransform_float_3_3
Parameters: 1 -0.000272 -8.432e-09 0.000272 1 3.1e-05 -8.432e-09 -3.1e-05 1 -0.00924214 -0.0192891 0.00616226
FixedParameters: 0 0 0

#Transform 14
Transform: AffineTransform_float_3_3
Parameters: 1 4.6e-05 -2.3828e-08 -4.6e-05 1 -0.000518 -2.3828e-08 0.000518 1 0.00158433 0.0314397 -0.0016661
FixedParameters: 0 0 0

#Transform 15
Transform: AffineTransform_float_3_3
Parameters: 1 -0.000396 -9.6624e-08 0.000396 1 0.000244 -9.6624e-08 -0.000244 1 -0.0134877 -0.0328983 0.0251053
FixedParameters: 0 0 0

#Transform 16
Transform: AffineTransform_float_3_3
Parameters: 1 0.000167966 -8.6066e-05 -0.000168034 1 -0.000392985 8.5934e-05 0.000393014 1 0.00891664 0.0207179 -0.0182398
FixedParameters: 0 0 0

#Transform 17
Transform: AffineTransform_float_3_3
Parameters: 1 -0.000396 -5.544e-08 0.000396 1 0.00014 -5.544e-08 -0.00014 1 -0.0134916 -0.0230592 0.0139751
FixedParameters: 0 0 0

#Transform 18
Transform: AffineTransform_float_3_3
Parameters: 1 -0.000206 -3.5226e-08 0.000206 1 0.000171 -3.5226e-08 -0.000171 1 -0.00697893 -0.00400804 -0.00235079
FixedParameters: 0 0 0

#Transform 19
Transform: AffineTransform_float_3_3
Parameters: 1 -0.000396 -8.2368e-08 0.000396 1 0.000208 -8.2368e-08 -0.000208 1 -0.0134906 -0.0255984 0.0243171
FixedParameters: 0 0 0

#Transform 20
Transform: AffineTransform_float_3_3
Parameters: 1 -0.000153 7.6959e-08 0.000153 1 -0.000503 7.6959e-08 0.000503 1 -2.32395e-05 0.000157624 0.0292301
FixedParameters: 0 0 0

#Transform 21
Transform: AffineTransform_float_3_3
Parameters: 1 -0.000396065 0.000193868 0.000395935 1 0.000334077 -0.000194132 -0.000333923 1 -0.020751 -0.0229787 0.012526
FixedParameters: 0 0 0

#Transform 22
Transform: AffineTransform_float_3_3
Parameters: 1 -0.000395895 0.000185224 0.000396105 1 -0.000565926 -0.000184776 0.000566073 1 -0.0204048 0.0318305 0.0278063
FixedParameters: 0 0 0

#Transform 23
Transform: AffineTransform_float_3_3
Parameters: 1 -0.000395966 0.000185073 0.000396034 1 -0.000183927 -0.000184927 0.000184073 1 -0.0203792 -0.00507494 0.027354
FixedParameters: 0 0 0

#Transform 24
Transform: AffineTransform_float_3_3
Parameters: 1 4.71393e-05 0.000184964 -4.78607e-05 0.999999 -0.000753008 -0.000185036 0.000752991 0.999999 -0.00528268 0.0454233 -0.002023
FixedParameters: 0 0 0

#Transform 25
Transform: AffineTransform_float_3_3
Parameters: 1 -0.000395933 0.000273097 0.000396067 1 -0.000245892 -0.000272903 0.000246108 1 -0.0236739 0.00787055 0.0775221
FixedParameters: 0 0 0

#Transform 26
Transform: AffineTransform_float_3_3
Parameters: 1 -0.000396915 0.000430157 0.000396085 0.999997 0.00212617 -0.000430843 -0.00212583 0.999997 -0.0295584 -0.112308 0.10186
FixedParameters: 0 0 0

#Transform 27
Transform: AffineTransform_float_3_3
Parameters: 0.999999 -0.000397135 0.000747397 0.000395863 0.999999 0.0015193 -0.000748602 -0.0015187 0.999998 -0.041491 -0.0489726 0.0747651
FixedParameters: 0 0 0

#Transform 28
Transform: AffineTransform_float_3_3
Parameters: 1 -0.00027365 0.000535668 0.000272351 0.999999 0.00121315 -0.000535331 -0.00121385 0.999999 -0.0292668 -0.0419473 0.0385563
FixedParameters: 0 0 0

#Transform 29
Transform: AffineTransform_float_3_3
Parameters: 1 -0.000315583 0.000493628 0.000315418 1 0.00118016 -0.000493373 -0.00117985 0.999999 -0.0291694 -0.0485512 0.0438387
FixedParameters: 0 0 0

#Transform 30
Transform: AffineTransform_float_3_3
Parameters: 0.999999 -0.000304077 0.000690526 0.000302923 0.999998 0.00156021 -0.000690473 -0.00155979 0.999998 -0.0286853 -0.0672047 0.0339473
FixedParameters: 0 0 0

#Transform 31
Transform: AffineTransform_float_3_3
Parameters: 1 -0.000396586 0.000480517 0.000396415 0.999999 0.00121919 -0.000480484 -0.00121881 0.999999 -0.0314564 -0.0378496 0.0275508
FixedParameters: 0 0 0

#Transform 32
Transform: AffineTransform_float_3_3
Parameters: 1 -0.000396714 0.000457381 0.000396286 0.999998 0.00156018 -0.000457618 -0.00155982 0.999998 -0.0305786 -0.0745338 0.0446271
FixedParameters: 0 0 0

#Transform 33
Transform: AffineTransform_float_3_3
Parameters: 1 -0.000396661 0.000556529 0.00039634 0.999999 0.00118722 -0.000556471 -0.00118678 0.999999 -0.0263471 -0.0519593 0.0333053
FixedParameters: 0 0 0

#Transform 34
Transform: AffineTransform_float_3_3
Parameters: 1 -0.00039645 0.000261319 0.000396549 0.999999 0.00171911 -0.000262682 -0.0017189 0.999999 -0.0232842 -0.0642567 0.0467364
FixedParameters: 0 0 0

#Transform 35
Transform: AffineTransform_float_3_3
Parameters: 1 -9.64678e-05 0.000261828 9.55319e-05 0.999999 0.00178603 -0.000262171 -0.00178598 0.999999 -0.00788583 -0.0615763 0.023372
FixedParameters: 0 0 0

#Transform 36
Transform: AffineTransform_float_3_3
Parameters: 1 4.95597e-05 0.000262084 -4.94401e-05 0.999998 0.00167999 -0.000261917 -0.00168001 0.999998 -0.00818201 -0.0643353 -0.0323809
FixedParameters: 0 0 0

#Transform 37
Transform: AffineTransform_float_3_3
Parameters: 1 0.000298776 0.000149448 -0.000298223 0.999999 0.00149896 -0.000148553 -0.00149904 0.999999 0.00454369 -0.0496128 -0.0716588
FixedParameters: 0 0 0

#Transform 38
Transform: AffineTransform_float_3_3
Parameters: 1 -0.000435986 -7.8249e-06 0.000436012 0.999998 0.001892 6.17508e-06 -0.001892 0.999998 -0.000594895 -0.0828121 0.0307014
FixedParameters: 0 0 0

#Transform 39
Transform: AffineTransform_float_3_3
Parameters: 1 6.40431e-05 -3.89293e-05 -6.39569e-05 1 0.001105 3.90707e-05 -0.001105 1 0.0199682 -0.0264905 -0.00122392
FixedParameters: 0 0 0

#Transform 40
Transform: AffineTransform_float_3_3
Parameters: 1 -0.0004358 -0.000154566 0.0004362 0.999999 0.00129893 0.000153433 -0.00129907 0.999999 0.00775251 -0.0685304 0.0475311
FixedParameters: 0 0 0

#Transform 41
Transform: AffineTransform_float_3_3
Parameters: 1 -0.000436432 0.000333435 0.000435569 0.999999 0.00129415 -0.000333564 -0.00129385 0.999999 -0.030431 -0.088589 0.109896
FixedParameters: 0 0 0

#Transform 42
Transform: AffineTransform_float_3_3
Parameters: 1 -4.30408e-05 5.4968e-05 4.39591e-05 0.999999 0.000743002 -5.50327e-05 -0.000742997 0.999999 -0.0162587 -0.0113279 0.0252094
FixedParameters: 0 0 0

#Transform 43
Transform: AffineTransform_float_3_3
Parameters: 1 0.00044402 -2.36141e-05 -0.000443979 0.999999 0.00086901 2.43858e-05 -0.000868989 0.999999 0.00918749 -0.0207166 -0.0665306
FixedParameters: 0 0 0

#Transform 44
Transform: AffineTransform_float_3_3
Parameters: 1 -0.000260788 -0.000189292 0.000260212 1 0.00111995 0.000188709 -0.00111905 1 0.000247429 -0.0679681 0.00405438
FixedParameters: 0 0 0

#Transform 45
Transform: AffineTransform_float_3_3
Parameters: 1 5.01081e-05 -0.000114953 -4.98919e-05 0.999999 0.000940005 0.000115047 -0.000939993 0.999999 0.019983 -0.0212175 -0.0333826
FixedParameters: 0 0 0

#Transform 46
Transform: AffineTransform_float_3_3
Parameters: 1 -0.000227811 -0.000115374 0.00022719 0.999998 0.00164097 0.000115627 -0.00164103 0.999998 0.00324481 -0.0847217 -0.0439584
FixedParameters: 0 0 0

#Transform 47
Transform: AffineTransform_float_3_3
Parameters: 1 0.000122167 0.000597171 -0.000123834 0.999999 0.00139493 -0.000597828 -0.00139507 0.999999 -0.0161335 -0.0380837 -0.103427
FixedParameters: 0 0 0

#Transform 48
Transform: AffineTransform_float_3_3
Parameters: 1 -0.00010234 0.000174801 0.000101661 0.999998 0.00194602 -0.000174198 -0.00194598 0.999998 -0.00795902 -0.0800265 -0.100806
FixedParameters: 0 0 0

#Transform 49
Transform: AffineTransform_float_3_3
Parameters: 1 0.000297852 0.0001104 -0.000298149 0.999999 0.00134197 -0.0001106 -0.00134203 0.999999 0.00808104 -0.0507202 -0.0869145
FixedParameters: 0 0 0

#Transform 50
Transform: AffineTransform_float_3_3
Parameters: 1 -8.27131e-05 -0.000174136 8.32866e-05 0.999998 0.00164798 0.000173863 -0.00164801 0.999998 0.00587676 -0.0678877 -0.0475917
FixedParameters: 0 0 0

#Transform 51
Transform: AffineTransform_float_3_3
Parameters: 1 0.000147016 -1.2818e-05 -0.000146985 0.999999 0.001238 1.2182e-05 -0.001238 0.999999 0.00761813 -0.0300262 -0.0644158
FixedParameters: 0 0 0

#Transform 52
Transform: AffineTransform_float_3_3
Parameters: 1 -0.000143725 -0.000142278 0.000143274 0.999998 0.00193398 0.000141723 -0.00193402 0.999998 -0.00197562 -0.0729116 -0.0409497
FixedParameters: 0 0 0

#Transform 53
Transform: AffineTransform_float_3_3
Parameters: 1 0.000102116 -6.58199e-05 -0.000101883 0.999999 0.00176501 6.618e-05 -0.00176499 0.999999 0.00805224 -0.0652483 -0.0494119
FixedParameters: 0 0 0

#Transform 54
Transform: AffineTransform_float_3_3
Parameters: 1 -4.36353e-05 -0.000214075 4.43646e-05 0.999998 0.00170399 0.000213925 -0.00170401 0.999998 0.00867741 -0.0822815 -0.0236034
FixedParameters: 0 0 0

#Transform 55
Transform: AffineTransform_float_3_3
Parameters: 1 0.000257372 -0.000250619 -0.000257627 0.999999 0.00148306 0.000251382 -0.00148294 0.999999 0.0203326 -0.0480146 -0.0521522
FixedParameters: 0 0 0

#Transform 56
Transform: AffineTransform_float_3_3
Parameters: 1 -0.00029552 -0.000251565 0.000295481 0.999998 0.00190993 0.000251436 -0.00191007 0.999998 -0.00251262 -0.0886399 -0.0284489
FixedParameters: 0 0 0

#Transform 57
Transform: AffineTransform_float_3_3
Parameters: 1 0.00010892 5.41616e-05 -0.00010908 0.999999 0.00148299 -5.38383e-05 -0.00148301 0.999999 0.000419725 -0.0390472 -0.0430423
FixedParameters: 0 0 0

#Transform 58
Transform: AffineTransform_float_3_3
Parameters: 1 -0.00013799 -5.27875e-06 0.000138012 0.999998 0.00202 5.72123e-06 -0.00202 0.999998 -0.00787694 -0.0932902 -0.0537142
FixedParameters: 0 0 0

#Transform 59
Transform: AffineTransform_float_3_3
Parameters: 1 0.000116876 0.000114127 -0.000117124 1 0.00108399 -0.000113873 -0.00108401 1 0.00183177 -0.0309178 -0.024664
FixedParameters: 0 0 0

#Transform 60
Transform: AffineTransform_float_3_3
Parameters: 1 -0.00029559 -0.000238509 0.000295411 0.999999 0.00172193 0.000238492 -0.00172207 0.999998 0.00106101 -0.0817075 -0.019916
FixedParameters: 0 0 0

#Transform 61
Transform: AffineTransform_float_3_3
Parameters: 1 -5.10237e-06 0.000113995 4.89762e-06 0.999999 0.000898 -0.000114004 -0.000897999 0.999999 0.00103407 -0.035561 -0.00383753
FixedParameters: 0 0 0

#Transform 62
Transform: AffineTransform_float_3_3
Parameters: 1 -0.000296169 0.000113561 0.00029583 0.999999 0.00148403 -0.000114439 -0.00148397 0.999999 -0.0121436 -0.0726948 0.0036343
FixedParameters: 0 0 0

#Transform 63
Transform: AffineTransform_float_3_3
Parameters: 1 0.000122123 -0.000102854 -0.000121878 1 0.00119801 0.000102146 -0.00119799 1 0.0246956 -0.0515218 -0.0349164
FixedParameters: 0 0 0

#Transform 64
Transform: AffineTransform_float_3_3
Parameters: 1 -0.000296372 0.00035569 0.000295629 1 0.00104611 -0.00035531 -0.0010459 1 0.00878202 -0.103129 0.249624
FixedParameters: 0 0 0

#Transform 65
Transform: AffineTransform_float_3_3
Parameters: 1 -0.00015622 0.000390912 0.00015578 1 0.000563061 -0.000390088 -0.000563939 1 0.00118282 -0.0161977 0.224059
FixedParameters: 0 0 0

#Transform 66
Transform: AffineTransform_float_3_3
Parameters: 1 0.000338069 -4.54885e-05 -0.00033793 0.999999 0.00151301 4.65113e-05 -0.00151298 0.999999 0.0287419 -0.0405901 0.0124756
FixedParameters: 0 0 0

#Transform 67
Transform: AffineTransform_float_3_3
Parameters: 1 -0.000234899 -4.65122e-05 0.000235102 0.999997 0.00217999 4.64876e-05 -0.00218001 0.999997 0.000248196 -0.0809788 0.0298335
FixedParameters: 0 0 0

#Transform 68
Transform: AffineTransform_float_3_3
Parameters: 1 0.000205082 -4.56318e-05 -0.000204917 0.999999 0.00179601 4.63681e-05 -0.00179599 0.999999 0.0207727 -0.0501374 -0.00596208
FixedParameters: 0 0 0

#Transform 69
Transform: AffineTransform_float_3_3
Parameters: 1 -1.90772e-05 -0.000394046 1.99227e-05 0.999998 0.00234199 0.000393954 -0.00234201 0.999997 0.0253891 -0.0878308 -0.0125267
FixedParameters: 0 0 0

#Transform 70
Transform: AffineTransform_float_3_3
Parameters: 1 -0.000137236 0.000423282 0.000134761 0.999986 0.00527706 -0.000424717 -0.00527694 0.999986 -0.0045901 -0.218381 0.172174
FixedParameters: 0 0 0

#Transform 71
Transform: AffineTransform_float_3_3
Parameters: 1 0.000219549 0.000201493 -0.00022045 0.999998 0.00224096 -0.000200507 -0.00224105 0.999998 0.0105415 -0.0568702 0.0503763
FixedParameters: 0 0 0

#Transform 72
Transform: AffineTransform_float_3_3
Parameters: 1 0.000205525 0.000201486 -0.000206474 0.999997 0.00236096 -0.000200513 -0.00236104 0.999997 -0.00188234 -0.0812408 0.00929263
FixedParameters: 0 0 0

#Transform 73
Transform: AffineTransform_float_3_3
Parameters: 1 0.000141546 -0.000267712 -0.000140453 0.999998 0.00204004 0.000268287 -0.00203996 0.999998 0.0122187 -0.0644877 -0.0029859
FixedParameters: 0 0 0

#Transform 74
Transform: AffineTransform_float_3_3
Parameters: 1 0.000546532 -0.000266913 -0.000545468 0.999998 0.00198915 0.000268085 -0.00198885 0.999998 0.0153042 -0.0634024 -0.0408384
FixedParameters: 0 0 0

#Transform 75
Transform: AffineTransform_float_3_3
Parameters: 1 0.00016161 -0.000267633 -0.000161389 0.999998 0.00227805 0.000268368 -0.00227796 0.999998 -0.0032663 -0.0845858 -0.0506133
FixedParameters: 0 0 0

#Transform 76
Transform: AffineTransform_float_3_3
Parameters: 1 0.000314379 -0.000209432 -0.000313622 0.999999 0.00180807 0.000209567 -0.00180794 0.999999 -0.000312615 -0.0596696 -0.0348278
FixedParameters: 0 0 0

#Transform 77
Transform: AffineTransform_float_3_3
Parameters: 1 -0.000113438 0.000174717 0.000113562 0.999997 0.00250302 -0.000175285 -0.00250298 0.999997 -0.0292402 -0.109703 -0.05967
FixedParameters: 0 0 0

#Transform 78
Transform: AffineTransform_float_3_3
Parameters: 1 0.000470652 0.000175934 -0.000470348 0.999998 0.00198392 -0.000175067 -0.00198408 0.999998 0.00993443 -0.0608987 -0.0569587
FixedParameters: 0 0 0

#Transform 79
Transform: AffineTransform_float_3_3
Parameters: 1 0.000130117 -4.36543e-05 -0.000129883 0.999997 0.00265801 4.43454e-05 -0.002658 0.999997 0.00298995 -0.100077 -0.0648739
FixedParameters: 0 0 0

#Transform 80
Transform: AffineTransform_float_3_3
Parameters: 1 1.08623e-05 5.2029e-05 -1.11376e-05 0.999997 0.002647 -5.19707e-05 -0.002647 0.999997 -0.0110599 -0.10184 -0.0901918
FixedParameters: 0 0 0

#Transform 81
Transform: AffineTransform_float_3_3
Parameters: 1 0.000241095 -4.6509e-05 -0.000240906 0.999998 0.00203701 4.64908e-05 -0.00203699 0.999998 0.00211147 -0.0784565 -0.0691513
FixedParameters: 0 0 0

#Transform 82
Transform: AffineTransform_float_3_3
Parameters: 1 6.42241e-05 -0.000103862 -6.37756e-05 0.999997 0.00215601 0.000104138 -0.00215599 0.999997 -0.00813066 -0.070908 -0.0711626
FixedParameters: 0 0 0

#Transform 83
Transform: AffineTransform_float_3_3
Parameters: 1 0.000109537 0.000175291 -0.000110463 0.999997 0.00264598 -0.000174708 -0.00264602 0.999997 -0.0104955 -0.10749 -0.0872754
FixedParameters: 0 0 0

#Transform 84
Transform: AffineTransform_float_3_3
Parameters: 1 0.000182231 -9.35507e-05 -0.000182768 0.999997 0.00246702 9.44512e-05 -0.00246698 0.999997 -0.00907303 -0.0880126 -0.103714
FixedParameters: 0 0 0

#Transform 85
Transform: AffineTransform_float_3_3
Parameters: 0.999999 0.000712599 0.000235218 -0.000713401 0.999999 0.00170883 -0.000233781 -0.00170917 0.999999 0.015808 -0.0510848 -0.106125
FixedParameters: 0 0 0

#Transform 86
Transform: AffineTransform_float_3_3
Parameters: 1 5.91543e-05 -5.78426e-05 -5.8848e-05 0.999997 0.00266401 5.7157e-05 -0.002664 0.999997 0.00160392 -0.116602 -0.132349
FixedParameters: 0 0 0

#Transform 87
Transform: AffineTransform_float_3_3
Parameters: 1 -0.000113428 0.000174723 0.000113571 0.999997 0.00245002 -0.000175279 -0.00244998 0.999997 -0.0158033 -0.0852837 -0.0789635
FixedParameters: 0 0 0

#Transform 88
Transform: AffineTransform_float_3_3
Parameters: 1 0.0002957 0.000175507 -0.000296301 0.999999 0.00171395 -0.000175492 -0.00171405 0.999998 0.00226191 -0.0407329 -0.0782675
FixedParameters: 0 0 0

#Transform 89
Transform: AffineTransform_float_3_3
Parameters: 1 -0.000113515 0.000284795 0.000113484 0.999999 0.00180903 -0.000285206 -0.00180897 0.999999 -0.0144305 -0.0838347 0.0596844
FixedParameters: 0 0 0

#Transform 90
Transform: AffineTransform_float_3_3
Parameters: 1 -0.000206391 0.000451822 0.000206609 0.999999 0.000864093 -0.000452179 -0.000864906 0.999999 -0.0118593 -0.057506 0.320559
FixedParameters: 0 0 0

#Transform 91
Transform: AffineTransform_float_3_3
Parameters: 1 0.000166997 2.20925e-06 -0.000167002 0.999999 0.001253 -1.79075e-06 -0.001253 0.999999 0.00142912 -0.0234971 0.175914
FixedParameters: 0 0 0

#Transform 92
Transform: AffineTransform_float_3_3
Parameters: 1 0.000272803 -0.000372413 -0.000272198 0.999997 0.0021551 0.000372587 -0.0021549 0.999997 0.00192452 -0.0744436 0.068369
FixedParameters: 0 0 0

#Transform 93
Transform: AffineTransform_float_3_3
Parameters: 0.999999 0.000450647 -0.000604777 -0.000449353 0.999996 0.00271927 0.000606224 -0.00271973 0.999996 0.0166125 -0.0794254 -0.0205067
FixedParameters: 0 0 0

#Transform 94
Transform: AffineTransform_float_3_3
Parameters: 1 0.000449609 -0.00022378 -0.000448393 0.999996 0.0027161 0.000224219 -0.0027159 0.999997 0.00235415 -0.0984054 -0.0525429
FixedParameters: 0 0 0

#Transform 95
Transform: AffineTransform_float_3_3
Parameters: 1 0.000449634 -0.000223731 -0.000449368 0.999996 0.0028251 0.00022427 -0.0028249 0.999996 0.00969623 -0.102475 -0.0343528
FixedParameters: 0 0 0

#Transform 96
Transform: AffineTransform_float_3_3
Parameters: 1 0.000449635 -0.000223729 -0.000449367 0.999996 0.0028291 0.000224272 -0.0028289 0.999996 0.00234842 -0.118637 -0.0230162
FixedParameters: 0 0 0

#Transform 97
Transform: AffineTransform_float_3_3
Parameters: 1 0.000449632 -0.000223733 -0.000449369 0.999996 0.0028191 0.000224268 -0.0028189 0.999996 0.00236997 -0.105743 -0.110821
FixedParameters: 0 0 0

#Transform 98
Transform: AffineTransform_float_3_3
Parameters: 1 -3.05944e-05 -0.000132095 3.04054e-05 0.999996 0.003072 0.000131907 -0.00307201 0.999996 -0.011354 -0.140192 0.0224517
FixedParameters: 0 0 0

#Transform 99
Transform: AffineTransform_float_3_3
Parameters: 1 0.000514575 -0.000223682 -0.000514426 0.999996 0.00256311 0.000224319 -0.00256288 0.999996 0.011154 -0.0970689 -0.0357192
FixedParameters: 0 0 0

#Transform 100
Transform: AffineTransform_float_3_3
Parameters: 1 0.000604673 -0.000223185 -0.000604328 0.999996 0.00300314 0.000224816 -0.00300387 0.999996 0.00767303 -0.11424 -0.0881262
FixedParameters: 0 0 0

#Transform 101
Transform: AffineTransform_float_3_3
Parameters: 1 0.000268408 -0.000133181 -0.000268593 0.999996 0.00305404 0.000133821 -0.00305397 0.999996 -0.00708512 -0.123489 -0.0426284
FixedParameters: 0 0 0

#Transform 102
Transform: AffineTransform_float_3_3
Parameters: 1 0.000510358 -0.000117457 -0.000509641 0.999996 0.00302406 0.000119542 -0.00302394 0.999996 0.0101862 -0.0876142 -0.118275
FixedParameters: 0 0 0

#Transform 103
Transform: AffineTransform_float_3_3
Parameters: 1 0.00037642 -0.000117664 -0.000375578 0.999993 0.00355104 0.000119334 -0.00355095 0.999993 -0.00403687 -0.146188 -0.126242
FixedParameters: 0 0 0

#Transform 104
Transform: AffineTransform_float_3_3
Parameters: 1 0.000384427 -0.000117613 -0.000384572 0.999994 0.00361005 0.000119389 -0.00360995 0.999993 -0.00368996 -0.142877 -0.117117
FixedParameters: 0 0 0

#Transform 105
Transform: AffineTransform_float_3_3
Parameters: 1 0.000582364 -0.000117204 -0.000581633 0.999995 0.00308507 0.000119795 -0.00308493 0.999995 0.00295416 -0.109437 -0.0925799
FixedParameters: 0 0 0

#Transform 106
Transform: AffineTransform_float_3_3
Parameters: 1 0.000364664 9.1351e-05 -0.000365334 0.999993 0.00370297 -8.96478e-05 -0.00370303 0.999993 -0.0121958 -0.146144 -0.0923701
FixedParameters: 0 0 0

#Transform 107
Transform: AffineTransform_float_3_3
Parameters: 1 0.000658819 6.09866e-05 -0.000659181 0.999995 0.00301496 -5.90135e-05 -0.00301404 0.999996 -0.00110082 -0.121523 -0.129496
FixedParameters: 0 0 0

#Transform 108
Transform: AffineTransform_float_3_3
Parameters: 1 0.000343238 -7.18718e-05 -0.000343761 0.999994 0.00328802 7.31306e-05 -0.00328797 0.999994 -0.0068451 -0.130711 -0.118273
FixedParameters: 0 0 0

#Transform 109
Transform: AffineTransform_float_3_3
Parameters: 1 -3.01749e-05 -0.000247102 3.08248e-05 0.999995 0.00334 0.000246899 -0.00334001 0.999995 -0.0130399 -0.133867 -0.0722488
FixedParameters: 0 0 0

#Transform 110
Transform: AffineTransform_float_3_3
Parameters: 1 0.000551239 -7.52684e-05 -0.000550761 0.999995 0.00314204 7.67309e-05 -0.00314196 0.999995 0.000244993 -0.103222 -0.102184
FixedParameters: 0 0 0

#Transform 111
Transform: AffineTransform_float_3_3
Parameters: 1 0.000336265 -7.58339e-05 -0.000335738 0.999994 0.00346903 7.61651e-05 -0.00346897 0.999994 -0.00700696 -0.137368 -0.104999
FixedParameters: 0 0 0

#Transform 112
Transform: AffineTransform_float_3_3
Parameters: 1 0.000352216 -7.60078e-05 -0.000351784 0.999996 0.00281803 7.69916e-05 -0.00281797 0.999996 -0.0065461 -0.0627812 -0.131223
FixedParameters: 0 0 0

#Transform 113
Transform: AffineTransform_float_3_3
Parameters: 1 -2.90774e-05 -0.000465124 3.09262e-05 0.999991 0.00413399 0.000465876 -0.00413401 0.999992 -0.00483875 -0.16103 -0.125561
FixedParameters: 0 0 0

#Transform 114
Transform: AffineTransform_float_3_3
Parameters: 1 0.000492242 -7.54385e-05 -0.000491759 0.999995 0.00317304 7.65607e-05 -0.00317296 0.999995 -0.00175765 -0.0950379 -0.13087
FixedParameters: 0 0 0

#Transform 115
Transform: AffineTransform_float_3_3
Parameters: 1 0.000238513 -0.000384064 -0.000236487 0.999992 0.00393509 0.000384934 -0.00393491 0.999992 0.00114641 -0.141015 -0.142454
FixedParameters: 0 0 0

#Transform 116
Transform: AffineTransform_float_3_3
Parameters: 1 0.000375198 -0.000312567 -0.000373804 0.999992 0.00382411 0.000313432 -0.00382388 0.999992 0.00310458 -0.14837 -0.136098
FixedParameters: 0 0 0

#Transform 117
Transform: AffineTransform_float_3_3
Parameters: 1 -3.16613e-05 0.00017288 3.03382e-05 0.999992 0.003824 -0.000173117 -0.00382399 0.999992 -0.0287656 -0.149607 -0.140877
FixedParameters: 0 0 0

#Transform 118
Transform: AffineTransform_float_3_3
Parameters: 1 0.000132416 -0.000337448 -0.000130582 0.999991 0.00419205 0.00033855 -0.00419196 0.999991 -0.0104794 -0.16387 -0.130873
FixedParameters: 0 0 0

#Transform 119
Transform: AffineTransform_float_3_3
Parameters: 1 0.000219293 -7.6162e-05 -0.000218708 0.999992 0.00382401 7.68369e-05 -0.00382398 0.999992 -0.0167355 -0.141597 -0.118261
FixedParameters: 0 0 0

#Transform 120
Transform: AffineTransform_float_3_3
Parameters: 1 0.000269307 -7.59177e-05 -0.000268696 0.999992 0.00402102 7.6081e-05 -0.00402098 0.999992 -0.0137381 -0.154594 -0.120011
FixedParameters: 0 0 0

#Transform 121
Transform: AffineTransform_float_3_3
Parameters: 1 0.000168314 -7.63104e-05 -0.000168687 0.999991 0.00410101 7.66924e-05 -0.00410098 0.999991 -0.0148582 -0.160662 -0.148645
FixedParameters: 0 0 0

#Transform 122
Transform: AffineTransform_float_3_3
Parameters: 1 -7.81069e-05 0.000327738 7.78922e-05 0.999995 0.00337603 -0.000328265 -0.00337598 0.999994 -0.0172469 -0.123613 -0.00485827
FixedParameters: 0 0 0

#Transform 123
Transform: AffineTransform_float_3_3
Parameters: 0.999999 -0.000355452 0.00087701 0.000352548 0.999996 0.00279431 -0.000877988 -0.00279469 0.999995 -0.0380215 -0.0966738 0.036125
FixedParameters: 0 0 0

#Transform 124
Transform: AffineTransform_float_3_3
Parameters: 1 -0.000224468 0.000465294 0.000222533 0.999995 0.0031531 -0.000465704 -0.0031529 0.999995 -0.018332 -0.111164 -0.0491735
FixedParameters: 0 0 0

#Transform 125
Transform: AffineTransform_float_3_3
Parameters: 1 -0.000465261 0.0003654 0.000464737 0.999994 0.00344317 -0.000367602 -0.00344283 0.999994 -0.0344068 -0.133663 -0.0587432
FixedParameters: 0 0 0

#Transform 126
Transform: AffineTransform_float_3_3
Parameters: 1 6.54459e-05 0.000156233 -6.55532e-05 0.999993 0.00354899 -0.000155768 -0.00354901 0.999993 -0.00847866 -0.139224 -0.0455814
FixedParameters: 0 0 0

#Transform 127
Transform: AffineTransform_float_3_3
Parameters: 1 -3.72788e-05 0.000366872 3.57208e-05 0.999994 0.00348501 -0.000367127 -0.00348499 0.999994 -0.0254089 -0.105368 -0.0429552
FixedParameters: 0 0 0

#Transform 128
Transform: AffineTransform_float_3_3
Parameters: 1 -1.05707e-05 0.000107946 1.0429e-05 0.999986 0.005286 -0.000108057 -0.005286 0.999986 -0.0200754 -0.207657 0.0638614
FixedParameters: 0 0 0

#Transform 129
Transform: AffineTransform_float_3_3
Parameters: 1 5.57372e-05 0.000298239 -5.72618e-05 0.999991 0.00423598 -0.00029776 -0.00423602 0.999991 -0.0309535 -0.137583 -0.0303075
FixedParameters: 0 0 0

#Transform 130
Transform: AffineTransform_float_3_3
Parameters: 1 0.000145249 -0.000250279 -0.000144752 0.999987 0.00498403 0.000250724 -0.00498396 0.999987 -0.00938246 -0.182641 -0.0625319
FixedParameters: 0 0 0

#Transform 131
Transform: AffineTransform_float_3_3
Parameters: 1 0.000259861 -0.000185802 -0.000259138 0.99999 0.00461805 0.000187199 -0.00461795 0.99999 0.000338847 -0.1447 -0.0888635
FixedParameters: 0 0 0

#Transform 132
Transform: AffineTransform_float_3_3
Parameters: 1 7.47044e-05 -0.000523621 -7.12987e-05 0.999986 0.00516303 0.000523375 -0.00516296 0.999986 -0.00361502 -0.189262 -0.115035
FixedParameters: 0 0 0

#Transform 133
Transform: AffineTransform_float_3_3
Parameters: 1 0.000471876 -0.000184777 -0.000471122 0.999989 0.00471609 0.000187224 -0.00471591 0.999989 0.0110706 -0.144221 -0.131717
FixedParameters: 0 0 0

#Transform 134
Transform: AffineTransform_float_3_3
Parameters: 1 2.78772e-05 -0.000367863 -2.61221e-05 0.999987 0.00510201 0.000368138 -0.00510199 0.999987 -0.0041928 -0.173843 -0.106702
FixedParameters: 0 0 0

#Transform 135
Transform: AffineTransform_float_3_3
Parameters: 1 0.000287415 -0.000534709 -0.000285588 0.99999 0.00451115 0.000535294 -0.00451184 0.999989 0.0181231 -0.140144 -0.0862859
FixedParameters: 0 0 0

#Transform 136
Transform: AffineTransform_float_3_3
Parameters: 1 0.000247888 -0.000185821 -0.000247111 0.999988 0.00476604 0.00018718 -0.00476595 0.999988 -0.00327323 -0.174962 -0.11296
FixedParameters: 0 0 0

#Transform 137
Transform: AffineTransform_float_3_3
Parameters: 1 0.000145913 -0.000186288 -0.000145088 0.999988 0.00489203 0.000186712 -0.00489197 0.999988 -0.0183738 -0.166875 -0.0837197
FixedParameters: 0 0 0

#Transform 138
Transform: AffineTransform_float_3_3
Parameters: 1 0.000345406 -8.33354e-05 -0.000345596 0.999989 0.00482203 8.46675e-05 -0.00482197 0.999989 -0.0201438 -0.147373 -0.122792
FixedParameters: 0 0 0

#Transform 139
Transform: AffineTransform_float_3_3
Parameters: 1 0.000137944 -0.000186305 -0.000137057 0.999987 0.00505803 0.000186696 -0.00505798 0.999987 -0.023377 -0.169617 -0.130282
FixedParameters: 0 0 0

#Transform 140
Transform: AffineTransform_float_3_3
Parameters: 1 1.10283e-05 -0.000186942 -9.97133e-06 0.999985 0.0055 0.000187058 -0.0055 0.999985 -0.0246871 -0.201909 -0.145167
FixedParameters: 0 0 0

#Transform 141
Transform: AffineTransform_float_3_3
Parameters: 1 0.000125985 0.000198647 -0.000127017 0.999987 0.00511797 -0.000198352 -0.00511802 0.999987 -0.0203097 -0.171736 -0.133526
FixedParameters: 0 0 0

#Transform 142
Transform: AffineTransform_float_3_3
Parameters: 1 3.38025e-05 -0.000145816 -3.31965e-05 0.999985 0.0055 0.000146185 -0.00549999 0.999985 -0.012556 -0.237329 0.0468695
FixedParameters: 0 0 0

#Transform 143
Transform: AffineTransform_float_3_3
Parameters: 1 -9.92911e-05 0.000253498 9.77064e-05 0.999987 0.00508803 -0.0002545 -0.00508798 0.999987 -0.0391301 -0.179431 0.0719723
FixedParameters: 0 0 0

#Transform 144
Transform: AffineTransform_float_3_3
Parameters: 1 2.98801e-05 0.000254134 -3.11193e-05 0.999991 0.00440799 -0.000253865 -0.00440801 0.999991 -0.034343 -0.161054 0.0530944
FixedParameters: 0 0 0

#Transform 145
Transform: AffineTransform_float_3_3
Parameters: 1 0.00025219 -4.39235e-05 -0.00025281 0.999991 0.00427001 4.50799e-05 -0.00426999 0.999991 -0.0205365 -0.159253 0.0512627
FixedParameters: 0 0 0

#Transform 146
Transform: AffineTransform_float_3_3
Parameters: 1 -0.00011814 0.000253472 0.000116858 0.99999 0.00449203 -0.000254527 -0.00449197 0.99999 -0.0418412 -0.16611 0.086072
FixedParameters: 0 0 0

#Transform 147
Transform: AffineTransform_float_3_3
Parameters: 1 0.000271246 -5.4797e-05 -0.000270753 0.99999 0.00443702 5.62019e-05 -0.00443699 0.99999 -0.00762998 -0.169367 0.0635514
FixedParameters: 0 0 0

#Transform 148
Transform: AffineTransform_float_3_3
Parameters: 1 0.000244967 0.000254997 -0.000246033 0.999991 0.00405994 -0.000254003 -0.00406006 0.999991 -0.0247176 -0.180653 0.0766109
FixedParameters: 0 0 0

#Transform 149
Transform: AffineTransform_float_3_3
Parameters: 1 2.78631e-05 -0.000188875 -2.71363e-05 0.999989 0.004568 0.000189126 -0.00456799 0.999989 -0.0135103 -0.168955 0.0865297
FixedParameters: 0 0 0

#Transform 150
Transform: AffineTransform_float_3_3
Parameters: 1 0.00024146 -0.000112013 -0.00024054 0.999991 0.00409002 0.000112985 -0.00408997 0.999991 -0.00645459 -0.13997 0.0838729
FixedParameters: 0 0 0

#Transform 151
Transform: AffineTransform_float_3_3
Parameters: 1 8.08283e-05 -0.000173617 -8.01698e-05 0.999988 0.00476601 0.000174384 -0.00476598 0.999988 -0.0257242 -0.173828 0.0613799
FixedParameters: 0 0 0

#Transform 152
Transform: AffineTransform_float_3_3
Parameters: 1 0.000130832 -0.000173375 -0.00013017 0.999988 0.00479002 0.000173625 -0.00478997 0.999988 -0.0122406 -0.159643 0.0525458
FixedParameters: 0 0 0

#Transform 153
Transform: AffineTransform_float_3_3
Parameters: 1 -6.51727e-05 -0.000174311 6.58257e-05 0.999988 0.00474999 0.000173689 -0.00475001 0.999988 -0.0282543 -0.167426 0.1164
FixedParameters: 0 0 0

#Transform 154
Transform: AffineTransform_float_3_3
Parameters: 1 -0.00027694 -1.24261e-05 0.000277063 0.999986 0.00514899 1.15736e-05 -0.005149 0.999986 -0.0438847 -0.21903 0.353362
FixedParameters: 0 0 0

#Transform 155
Transform: AffineTransform_float_3_3
Parameters: 1 0.00029975 7.10612e-05 -0.000300249 0.999993 0.00353898 -6.99378e-05 -0.00353902 0.999993 -0.0180118 -0.114837 0.197789
FixedParameters: 0 0 0

#Transform 156
Transform: AffineTransform_float_3_3
Parameters: 1 -0.000135292 6.94344e-05 0.000134706 0.999991 0.00418501 -7.05644e-05 -0.00418499 0.999991 -0.0421876 -0.170288 0.192559
FixedParameters: 0 0 0

#Transform 157
Transform: AffineTransform_float_3_3
Parameters: 1 0.00019328 0.000446748 -0.000195721 0.999992 0.00385291 -0.00044625 -0.00385209 0.999993 -0.0473838 -0.127495 0.127085
FixedParameters: 0 0 0

#Transform 158
Transform: AffineTransform_float_3_3
Parameters: 1 -4.06749e-05 0.000160831 4.03244e-05 0.999991 0.00419401 -0.000161171 -0.004194 0.999991 -0.042389 -0.160415 0.122038
FixedParameters: 0 0 0

#Transform 159
Transform: AffineTransform_float_3_3
Parameters: 1 3.79747e-05 0.000536147 -4.00247e-05 0.999993 0.00377798 -0.000535852 -0.00377802 0.999992 -0.0505948 -0.1342 0.133163
FixedParameters: 0 0 0

#Transform 160
Transform: AffineTransform_float_3_3
Parameters: 1 0.000141234 0.000196553 -0.000141768 0.999993 0.00390198 -0.000196448 -0.00390203 0.999993 -0.0375504 -0.164884 0.122683
FixedParameters: 0 0 0

#Transform 161
Transform: AffineTransform_float_3_3
Parameters: 1 0.000263711 7.9961e-05 -0.00026429 0.999994 0.00364198 -7.9038e-05 -0.00364202 0.999994 -0.0289922 -0.16043 0.127327
FixedParameters: 0 0 0

#Transform 162
Transform: AffineTransform_float_3_3
Parameters: 1 0.000285685 8.01308e-05 -0.000286314 0.999992 0.00395598 -7.8868e-05 -0.00395602 0.999992 -0.0283308 -0.144234 0.116599
FixedParameters: 0 0 0

#Transform 163
Transform: AffineTransform_float_3_3
Parameters: 1 0.000269698 -0.000172916 -0.000268302 0.999992 0.00402305 0.000174081 -0.00402295 0.999992 -0.0195121 -0.143567 0.107193
FixedParameters: 0 0 0

#Transform 164
Transform: AffineTransform_float_3_3
Parameters: 1 0.00011401 -0.00024353 -0.000112992 0.999992 0.00414403 0.00024347 -0.00414398 0.999992 -0.0173134 -0.152289 0.0967248
FixedParameters: 0 0 0

#Transform 165
Transform: AffineTransform_float_3_3
Parameters: 1 0.000133186 7.86867e-05 -0.000132814 0.999997 -0.00235401 -7.93129e-05 0.00235399 0.999997 -0.0176082 0.112455 0.0347067
FixedParameters: 0 0 0

#Transform 166
Transform: AffineTransform_float_3_3
Parameters: 0.999998 -0.000179404 0.00161344 0.000208605 0.999842 -0.0177407 -0.00161055 0.0177413 0.999842 -0.0645414 0.532666 0.471729
FixedParameters: 0 0 0

#Transform 167
Transform: AffineTransform_float_3_3
Parameters: 0.999999 -0.000189906 0.00148842 0.00020809 0.999926 -0.0121667 -0.00148558 0.0121663 0.999925 -0.0648313 0.318298 0.33331
FixedParameters: 0 0 0

#Transform 168
Transform: AffineTransform_float_3_3
Parameters: 1 -0.000360439 0.00104207 0.000371573 0.999938 -0.0111166 -0.00103893 0.0111164 0.999937 -0.0672505 0.277634 0.344321
FixedParameters: 0 0 0

#Transform 169
Transform: AffineTransform_float_3_3
Parameters: 0.999999 -0.000198068 0.000979061 0.000207931 0.999949 -0.0101548 -0.000976938 0.0101552 0.999948 -0.0634432 0.263293 0.336069
FixedParameters: 0 0 0

#Transform 170
Transform: AffineTransform_float_3_3
Parameters: 1 -0.000199343 0.000978804 0.000208658 0.999961 -0.0088518 -0.000977192 0.0088522 0.999961 -0.0581165 0.226938 0.330176
FixedParameters: 0 0 0

#Transform 171
Transform: AffineTransform_float_3_3
Parameters: 1 -0.000208178 0.000569935 0.000207822 1 0.000312118 -0.000570065 -0.000311881 1 -0.0557723 -0.0247808 0.15831
FixedParameters: 0 0 0

#Transform 172
Transform: AffineTransform_float_3_3
Parameters: 1 -0.000207549 0.000464202 0.00020845 0.999999 -0.000970903 -0.000463798 0.000971096 1 -0.0518004 0.0163609 0.199431
FixedParameters: 0 0 0

#Transform 173
Transform: AffineTransform_float_3_3
Parameters: 1 -0.000391843 0.00101445 0.000393158 1 -0.0011406 -0.00101455 0.0011414 0.999999 -0.0786715 -0.0137099 0.167372
FixedParameters: 0 0 0

#Transform 174
Transform: AffineTransform_float_3_3
Parameters: 0.999999 -0.000206985 0.000738285 0.000208014 0.999999 -0.00137485 -0.000737714 0.00137515 0.999999 -0.0552047 0.0276188 0.194768
FixedParameters: 0 0 0

#Transform 175
Transform: AffineTransform_float_3_3
Parameters: 1 -0.000207911 7.42506e-05 0.000208089 1 -0.00120499 -7.37493e-05 0.00120502 1 -0.037228 0.0110869 0.194535
FixedParameters: 0 0 0

#Transform 176
Transform: AffineTransform_float_3_3
Parameters: 1 -6.68346e-05 0.000186059 6.71653e-05 0.999999 -0.000888987 -0.00018594 0.000889012 0.999999 -0.0365901 0.0210026 0.153855
FixedParameters: 0 0 0

#Transform 177
Transform: AffineTransform_float_3_3
Parameters: 1 -0.000314249 0.000323758 0.000313751 0.999999 0.000769101 -0.000324241 -0.000768898 0.999999 -0.0394519 -0.101281 0.310326
FixedParameters: 0 0 0

#Transform 178
Transform: AffineTransform_float_3_3
Parameters: 1 -0.000208049 0.000323969 0.000207951 1 0.000150067 -0.000324031 -0.000149933 1 -0.0387085 -0.0452609 0.201537
FixedParameters: 0 0 0

#Transform 179
Transform: AffineTransform_float_3_3
Parameters: 1 -0.000208003 4.8519e-06 0.000207996 0.999999 0.000712001 -5.14809e-06 -0.000711999 0.999999 -0.0345877 -0.0863515 0.226049
FixedParameters: 0 0 0

#Transform 180
Transform: AffineTransform_float_3_3
Parameters: 1 0.000563995 0.000104028 -0.000564005 1 4.89413e-05 -0.000103972 -4.90586e-05 1 -0.0120495 -0.0423868 0.137264
FixedParameters: 0 0 0

#Transform 181
Transform: AffineTransform_float_3_3
Parameters: 1 0.000298004 -9.87394e-06 -0.000297996 1 0.000423003 9.12605e-06 -0.000422997 1 -0.016948 -0.0771298 0.175393
FixedParameters: 0 0 0

#Transform 182
Transform: AffineTransform_float_3_3
Parameters: 1 0.000298034 -9.68939e-05 -0.000297965 1 0.000356029 9.71061e-05 -0.000355971 1 -0.0136257 -0.0368645 0.14612
FixedParameters: 0 0 0

#Transform 183
Transform: AffineTransform_float_3_3
Parameters: 1 0.00029804 -7.68453e-05 -0.00029796 1 0.000519023 7.71546e-05 -0.000518977 1 -0.0143517 -0.0519969 0.173067
FixedParameters: 0 0 0

#Transform 184
Transform: AffineTransform_float_3_3
Parameters: 1 0.000243163 -0.000249841 -0.000243837 1 0.000653061 0.000249159 -0.000652939 1 -0.00979199 -0.0856618 0.175356
FixedParameters: 0 0 0

#Transform 185
Transform: AffineTransform_float_3_3
Parameters: 1 0.000298071 -9.67809e-05 -0.000297929 0.999999 0.000735028 9.6219e-05 -0.000734971 0.999999 -0.0238958 -0.054543 0.144037
FixedParameters: 0 0 0

#Transform 186
Transform: AffineTransform_float_3_3
Parameters: 1 0.000462202 -0.000164432 -0.000462797 0.999999 0.00122908 0.000165569 -0.00122892 0.999999 -0.023417 -0.0910137 0.100322
FixedParameters: 0 0 0

#Transform 187
Transform: AffineTransform_float_3_3
Parameters: 0.999999 0.000684106 -0.000570873 -0.000683894 0.999999 0.00018539 0.000571127 -0.000185609 1 -0.0105081 -0.034544 0.102956
FixedParameters: 0 0 0

#Transform 188
Transform: AffineTransform_float_3_3
Parameters: 0.999999 0.000442336 -0.000626762 -0.000441663 1 0.000537277 0.000627237 -0.000536722 0.999999 -0.00795749 -0.0944765 0.138844
FixedParameters: 0 0 0

#Transform 189
Transform: AffineTransform_float_3_3
Parameters: 1 0.000298241 -0.000570874 -0.000297759 1 0.00042217 0.000571125 -0.00042183 0.999999 -0.0261385 -0.063676 0.161942
FixedParameters: 0 0 0

#Transform 190
Transform: AffineTransform_float_3_3
Parameters: 0.999999 0.000793433 -0.00100266 -0.000792566 0.999999 0.000432795 0.00100334 -0.000431204 1 0.0169546 -0.0390075 0.150011
FixedParameters: 0 0 0

#Transform 191
Transform: AffineTransform_float_3_3
Parameters: 1 0.000693716 -0.000908455 -0.000693285 1 0.000787631 0.000909547 -0.00078737 1 0.00328562 -0.0859068 0.135282
FixedParameters: 0 0 0

#Transform 192
Transform: AffineTransform_float_3_3
