# transform file /out/sourcedata/freesurfer/sub-v1s22x0050454_ses-1/mri/transforms/cc_up.lta
# created by oesteban on Mon Mar  9 14:01:04 2026

type      = 0 # LINEAR_VOX_TO_VOX
nxforms   = 1
mean      = 128.0000 97.0000 117.0000
sigma     = 10000.0000
1 4 4
9.987152814865112e-01 -4.397415742278099e-02 2.517656050622463e-02 3.076852321624756e+00 
4.396019130945206e-02 9.990326166152954e-01 1.108190161176026e-03 4.642770004272461e+01 
-2.520093880593777e-02 -1.164153079491470e-10 9.996823072433472e-01 2.320225906372070e+01 
0.000000000000000e+00 0.000000000000000e+00 0.000000000000000e+00 1.000000000000000e+00 
src volume info
valid = 1  # volume info valid
filename = /out/sourcedata/freesurfer/sub-v1s22x0050454_ses-1/mri/norm.mgz
volume = 256 256 256
voxelsize = 1.000000000000000e+00 1.000000000000000e+00 1.000000000000000e+00
xras   = -1.000000000000000e+00 0.000000000000000e+00 0.000000000000000e+00
yras   = 0.000000000000000e+00 0.000000000000000e+00 -1.000000000000000e+00
zras   = 0.000000000000000e+00 1.000000000000000e+00 0.000000000000000e+00
cras   = 6.129150390625000e-01 4.063305664062500e+01 -6.661247253417969e+00
dst volume info
valid = 1  # volume info valid
filename = /out/sourcedata/freesurfer/sub-v1s22x0050454_ses-1/mri/norm.mgz
volume = 256 256 256
voxelsize = 1.000000000000000e+00 1.000000000000000e+00 1.000000000000000e+00
xras   = -1.000000000000000e+00 0.000000000000000e+00 0.000000000000000e+00
yras   = 0.000000000000000e+00 0.000000000000000e+00 -1.000000000000000e+00
zras   = 0.000000000000000e+00 1.000000000000000e+00 0.000000000000000e+00
cras   = 6.129150390625000e-01 4.063305664062500e+01 -6.661247253417969e+00
