# transform file /out/sourcedata/freesurfer/sub-v1s22x0050453_ses-1/mri/transforms/cc_up.lta
# created by oesteban on Thu Mar 12 17:14:01 2026

type      = 0 # LINEAR_VOX_TO_VOX
nxforms   = 1
mean      = 130.0000 99.0000 125.0000
sigma     = 10000.0000
1 4 4
9.943878650665283e-01 1.805952377617359e-02 1.042444854974747e-01 -1.282795429229736e+01 
-1.796109788119793e-02 9.998370409011841e-01 -1.882912591099739e-03 4.753016662597656e+01 
-1.042614877223969e-01 0.000000000000000e+00 9.945500493049622e-01 2.396199798583984e+01 
0.000000000000000e+00 0.000000000000000e+00 0.000000000000000e+00 1.000000000000000e+00 
src volume info
valid = 1  # volume info valid
filename = /out/sourcedata/freesurfer/sub-v1s22x0050453_ses-1/mri/norm.mgz
volume = 256 256 256
voxelsize = 1.000000000000000e+00 1.000000000000000e+00 1.000000000000000e+00
xras   = -1.000000000000000e+00 3.725290298461914e-09 0.000000000000000e+00
yras   = 0.000000000000000e+00 0.000000000000000e+00 -1.000000000000000e+00
zras   = 0.000000000000000e+00 1.000000000000000e+00 0.000000000000000e+00
cras   = 2.943206787109375e+00 2.201296234130859e+01 3.290634155273438e-01
dst volume info
valid = 1  # volume info valid
filename = /out/sourcedata/freesurfer/sub-v1s22x0050453_ses-1/mri/norm.mgz
volume = 256 256 256
voxelsize = 1.000000000000000e+00 1.000000000000000e+00 1.000000000000000e+00
xras   = -1.000000000000000e+00 3.725290298461914e-09 0.000000000000000e+00
yras   = 0.000000000000000e+00 0.000000000000000e+00 -1.000000000000000e+00
zras   = 0.000000000000000e+00 1.000000000000000e+00 0.000000000000000e+00
cras   = 2.943206787109375e+00 2.201296234130859e+01 3.290634155273438e-01
