#Insight Transform File V1.0
#Transform 0
Transform: AffineTransform_float_3_3
Parameters: 1 -0.000251632 0.000560216 0.000251882 0.999999 0.000667145 -0.000560613 -0.000667855 0.999999 -0.00148832 0.0535069 0.113437
FixedParameters: 0 0 0

#Transform 1
Transform: AffineTransform_float_3_3
Parameters: 0.999999 -0.000253588 0.000873944 0.000252632 1 0.000547282 -0.000874221 -0.000546718 1 -0.0155132 -0.0743258 0.120289
FixedParameters: 0 0 0

#Transform 2
Transform: AffineTransform_float_3_3
Parameters: 0.999999 4.6289e-05 0.000763598 -4.71152e-05 1 0.000540964 -0.000763547 -0.000541035 0.999999 -0.00143238 -0.0325493 0.0729023
FixedParameters: 0 0 0

#Transform 3
Transform: AffineTransform_float_3_3
Parameters: 1 -0.000311177 0.000464881 0.000311164 1 -5.18553e-05 -0.000465847 5.2145e-05 1 -0.000894372 0.0592387 0.155973
FixedParameters: 0 0 0

#Transform 4
Transform: AffineTransform_float_3_3
Parameters: 1 -4.94994e-05 0.000703288 4.88115e-05 1 0.000489034 -0.000703336 -0.000488965 0.999999 -0.0155242 -0.0522097 0.108915
FixedParameters: 0 0 0

#Transform 5
Transform: AffineTransform_float_3_3
Parameters: 1 7.45541e-05 0.000454329 -7.41929e-05 1 0.000700966 -0.000454285 -0.000701034 0.999999 0.00195066 -0.0573522 0.0575138
FixedParameters: 0 0 0

#Transform 6
Transform: AffineTransform_float_3_3
Parameters: 1 -0.000447476 0.000104419 0.000447433 1 0.000206047 -0.000104604 -0.000205953 1 -0.00530467 0.0434556 0.108083
FixedParameters: 0 0 0

#Transform 7
Transform: AffineTransform_float_3_3
Parameters: 1 -0.000238436 0.000131731 0.00023836 1 0.000288031 -0.000131868 -0.000287969 1 -0.00909991 -0.010749 0.120633
FixedParameters: 0 0 0

#Transform 8
Transform: AffineTransform_float_3_3
Parameters: 1 -0.000101781 0.00042091 0.000101197 1 0.000694042 -0.000421051 -0.000693957 0.999999 0.00104363 -0.0620519 0.0625751
FixedParameters: 0 0 0

#Transform 9
Transform: AffineTransform_float_3_3
Parameters: 1 -0.000377302 2.29654e-05 0.000377288 1 0.000294009 -2.31873e-05 -0.000293991 1 0.0015016 0.0643331 0.0896702
FixedParameters: 0 0 0

#Transform 10
Transform: AffineTransform_float_3_3
Parameters: 1 -0.000357199 0.000301455 0.000357337 1 -0.000228892 -0.000301291 0.000229108 1 -0.00822707 0.020272 0.13536
FixedParameters: 0 0 0

#Transform 11
Transform: AffineTransform_float_3_3
Parameters: 1 -3.09422e-05 1.89257e-06 3.09422e-05 1 -1.99994e-06 -1.89244e-06 2.00006e-06 1 -0.000831129 -0.0500456 0.0727643
FixedParameters: 0 0 0

#Transform 12
Transform: AffineTransform_float_3_3
Parameters: 1 -0.000301223 -0.000124751 0.000301144 1 -0.000315038 0.000124941 0.000314962 1 -0.00572699 0.0521567 0.10089
FixedParameters: 0 0 0

#Transform 13
Transform: AffineTransform_float_3_3
Parameters: 1 -4.13443e-05 -0.000166771 4.11745e-05 1 -0.000509007 0.000166813 0.000508993 1 0.00231778 0.00572102 0.13642
FixedParameters: 0 0 0

#Transform 14
Transform: AffineTransform_float_3_3
Parameters: 1 4.19212e-05 -2.57158e-06 -4.19221e-05 1 -0.00018 2.55649e-06 0.00018 1 0.00118974 -0.0477425 0.0658145
FixedParameters: 0 0 0

#Transform 15
Transform: AffineTransform_float_3_3
Parameters: 1 -0.000265952 -3.96791e-05 0.000265904 1 -0.00060401 4.00004e-05 0.000603989 1 -0.00632436 0.0642793 0.100102
FixedParameters: 0 0 0

#Transform 16
Transform: AffineTransform_float_3_3
Parameters: 1 0.000186644 -1.15325e-05 -0.000186658 1 -0.000623998 1.12996e-05 0.000624002 1 0.00544438 -0.0127369 0.0760148
FixedParameters: 0 0 0

#Transform 17
Transform: AffineTransform_float_3_3
Parameters: 1 3.65093e-05 0.000104957 -3.64432e-05 1 -0.000315004 -0.00010498 0.000314996 1 -0.00103168 -0.031259 0.0205793
FixedParameters: 0 0 0

#Transform 18
Transform: AffineTransform_float_3_3
Parameters: 1 -4.4914e-05 2.78051e-06 4.49181e-05 0.999999 -0.000741999 -2.71385e-06 0.000742 0.999999 -0.00113912 0.0714288 0.0751992
FixedParameters: 0 0 0

#Transform 19
Transform: AffineTransform_float_3_3
Parameters: 1 -0.00020661 1.27021e-05 0.000206618 1 -0.000314997 -1.2572e-05 0.000315003 1 -0.00576456 -0.0141277 0.068316
FixedParameters: 0 0 0

#Transform 20
Transform: AffineTransform_float_3_3
Parameters: 1 -1.99626e-05 1.22209e-06 1.99628e-05 1 -5.6e-05 -1.21985e-06 5.6e-05 1 -0.0023435 -0.0101124 0.0124361
FixedParameters: 0 0 0

#Transform 21
Transform: AffineTransform_float_3_3
Parameters: 1 -9.34702e-05 -0.000215649 9.32148e-05 1 -0.00059202 0.000215759 0.00059198 1 -0.00269086 0.0784723 0.0393868
FixedParameters: 0 0 0

#Transform 22
Transform: AffineTransform_float_3_3
Parameters: 1 -0.000148722 9.10248e-06 0.000148722 1 -4.19986e-05 -9.08999e-06 4.20014e-05 1 -0.0247903 -0.0342156 0.0302617
FixedParameters: 0 0 0

#Transform 23
Transform: AffineTransform_float_3_3
Parameters: 1 -4.29192e-05 2.63474e-06 4.29204e-05 1 -0.000225 -2.61543e-06 0.000225 1 0.0026766 0.0392034 -0.0256364
FixedParameters: 0 0 0

#Transform 24
Transform: AffineTransform_float_3_3
Parameters: 1 -2.39414e-05 0.000165767 2.39079e-05 1 0.000101004 -0.000165772 -0.000100996 1 0.000175199 0.00182119 0.00649291
FixedParameters: 0 0 0

#Transform 25
Transform: AffineTransform_float_3_3
Parameters: 1 -3.39368e-05 2.07246e-06 3.39364e-05 1 9.40001e-05 -2.07884e-06 -9.39999e-05 1 -0.00129525 -0.0527652 -0.0107862
FixedParameters: 0 0 0

#Transform 26
Transform: AffineTransform_float_3_3
Parameters: 1 -3.39357e-05 2.09028e-06 3.39375e-05 1 -0.000431 -2.06102e-06 0.000431 1 0.00131118 0.0536582 0.00950401
FixedParameters: 0 0 0

#Transform 27
Transform: AffineTransform_float_3_3
Parameters: 1 -0.000322403 1.96313e-05 0.000322392 1 0.000271006 -1.9806e-05 -0.000270994 1 -0.00604022 -0.0549917 -0.0117014
FixedParameters: 0 0 0

#Transform 28
Transform: AffineTransform_float_3_3
Parameters: 1 -0.000184653 1.13267e-05 0.000184657 1 -0.000176998 -1.12613e-05 0.000177002 1 -0.00627918 0.0426555 -0.012805
FixedParameters: 0 0 0

#Transform 29
Transform: AffineTransform_float_3_3
Parameters: 1 -3.39369e-05 2.07019e-06 3.39362e-05 1 0.000161 -2.08111e-06 -0.000161 1 0.00169627 -0.0103815 -0.0296446
FixedParameters: 0 0 0

#Transform 30
Transform: AffineTransform_float_3_3
Parameters: 1 -0.000351341 2.15207e-05 0.000351345 1 -8.99924e-05 -2.14575e-05 9.00075e-05 1 -0.0162324 0.0429342 -0.0128859
FixedParameters: 0 0 0

#Transform 31
Transform: AffineTransform_float_3_3
Parameters: 1 -3.987e-06 0.000493157 3.8144e-06 1 0.000175002 -0.000493159 -0.000174998 1 -0.016234 -0.023071 -0.0600104
FixedParameters: 0 0 0

#Transform 32
Transform: AffineTransform_float_3_3
Parameters: 1 -3.39354e-05 2.09435e-06 3.39377e-05 1 -0.000551 -2.05695e-06 0.000551 1 -0.00714179 0.0528834 0.0115834
FixedParameters: 0 0 0

#Transform 33
Transform: AffineTransform_float_3_3
Parameters: 1 -3.39363e-05 2.07952e-06 3.39368e-05 1 -0.000114 -2.07178e-06 0.000114 1 0.00853168 -0.0505607 -0.00664855
FixedParameters: 0 0 0

#Transform 34
Transform: AffineTransform_float_3_3
Parameters: 1 -0.000356658 -0.00038874 0.000356163 0.999999 -0.000637138 0.000389194 0.000636861 0.999999 -0.00547945 0.0950914 -0.00836416
FixedParameters: 0 0 0

#Transform 35
Transform: AffineTransform_float_3_3
Parameters: 1 -2.91605e-05 7.99354e-05 2.91891e-05 1 -0.000178998 -7.99249e-05 0.000179002 1 -0.00600181 -0.0243047 0.0299398
FixedParameters: 0 0 0

#Transform 36
Transform: AffineTransform_float_3_3
Parameters: 1 -3.3937e-05 2.06863e-06 3.39362e-05 1 0.000207 -2.08268e-06 -0.000207 1 -0.00228191 -0.0636944 -0.0253924
FixedParameters: 0 0 0

#Transform 37
Transform: AffineTransform_float_3_3
Parameters: 1 -0.000454761 -0.000113502 0.000454787 1 0.000117948 0.000113395 -0.000118052 1 -0.00806317 0.0349441 -0.0198575
FixedParameters: 0 0 0

#Transform 38
Transform: AffineTransform_float_3_3
Parameters: 1 -0.000235984 0.000106486 0.00023588 1 0.000491025 -0.000106718 -0.000490975 1 -0.0053018 -0.0689669 0.0139741
FixedParameters: 0 0 0

#Transform 39
Transform: AffineTransform_float_3_3
Parameters: 1 -0.000198884 -0.00041763 0.00019885 1 -4.1083e-05 0.000417646 4.09169e-05 1 0.0060213 0.0361501 -0.0214048
FixedParameters: 0 0 0

#Transform 40
Transform: AffineTransform_float_3_3
Parameters: 1 -5.42366e-05 -0.0003293 5.41727e-05 1 -9.70178e-05 0.00032931 9.69821e-05 1 0.00281982 0.0425618 0.0379216
FixedParameters: 0 0 0

#Transform 41
Transform: AffineTransform_float_3_3
Parameters: 1 -3.41193e-05 -9.36121e-07 3.41202e-05 1 0.000509 9.01387e-07 -0.000509 1 0.00707777 -0.0738739 -0.012927
FixedParameters: 0 0 0

#Transform 42
Transform: AffineTransform_float_3_3
Parameters: 1 -0.00036347 -0.000209167 0.000363429 1 -9.7076e-05 0.000209237 9.69239e-05 1 0.000946341 0.0475505 0.000859167
FixedParameters: 0 0 0

#Transform 43
Transform: AffineTransform_float_3_3
Parameters: 1 -0.000220666 0.000110655 0.000220644 1 9.80244e-05 -0.000110699 -9.79756e-05 1 -0.00775148 -0.05097 -0.00391184
FixedParameters: 0 0 0

#Transform 44
Transform: AffineTransform_float_3_3
Parameters: 1 -0.000429255 -0.000189353 0.000429441 1 0.000491915 0.000188931 -0.000491085 1 -0.00989609 0.0152014 -0.0265648
FixedParameters: 0 0 0

#Transform 45
Transform: AffineTransform_float_3_3
Parameters: 1 -0.000406103 -0.000350943 0.000406251 1 0.000210857 0.000350772 -0.000211142 1 -0.0094745 0.0383337 0.0354144
FixedParameters: 0 0 0

#Transform 46
Transform: AffineTransform_float_3_3
Parameters: 1 -0.000251678 0.000112388 0.000251516 0.999999 0.000722028 -0.000112751 -0.000721971 0.999999 -0.00773556 -0.0741864 -0.00992892
FixedParameters: 0 0 0

#Transform 47
Transform: AffineTransform_float_3_3
Parameters: 1 -0.000106575 -0.000303095 0.000105827 1 0.000412968 0.000303069 -0.000413032 1 -9.01995e-05 0.025595 -0.033062
FixedParameters: 0 0 0

#Transform 48
Transform: AffineTransform_float_3_3
Parameters: 1 -0.000532934 -0.000114956 0.000532057 0.999999 0.000526939 0.000114456 -0.000527061 1 -0.02385 0.0271676 0.0355889
FixedParameters: 0 0 0

#Transform 49
Transform: AffineTransform_float_3_3
Parameters: 1 -0.000225361 -3.25192e-05 0.000225423 0.999999 0.000970992 3.20815e-05 -0.000971006 0.999999 -0.00712817 -0.0634194 0.00207798
FixedParameters: 0 0 0

#Transform 50
Transform: AffineTransform_float_3_3
Parameters: 1 -0.000257778 -0.000514264 0.000257969 1 0.000185864 0.000514168 -0.000185136 1 0.00185558 0.0801396 0.0229309
FixedParameters: 0 0 0

#Transform 51
Transform: AffineTransform_float_3_3
Parameters: 1 -4.96635e-05 -0.000256458 4.98328e-05 1 0.000329987 0.000256425 -0.000330013 1 0.00372112 0.0150655 0.0375881
FixedParameters: 0 0 0

#Transform 52
Transform: AffineTransform_float_3_3
Parameters: 1 -4.57914e-05 -0.000193585 4.60128e-05 1 0.000571991 0.000193532 -0.000572009 1 -0.0044538 -0.0480994 -0.0312564
FixedParameters: 0 0 0

#Transform 53
Transform: AffineTransform_float_3_3
Parameters: 0.999999 -0.00021475 -0.00074125 0.000214559 1 -0.000129159 0.000741306 0.000128841 0.999999 -0.00318638 0.0778864 0.026645
FixedParameters: 0 0 0

#Transform 54
Transform: AffineTransform_float_3_3
Parameters: 1 -0.000314821 -0.000382583 0.000315054 1 0.000304879 0.000382391 -0.00030512 1 -0.0164841 -0.0115277 0.0398795
FixedParameters: 0 0 0

#Transform 55
Transform: AffineTransform_float_3_3
Parameters: 1 -0.000242085 -0.000324961 0.000242477 1 0.000603921 0.000324668 -0.000604078 1 -0.00696325 -0.019369 -0.0200603
FixedParameters: 0 0 0

#Transform 56
Transform: AffineTransform_float_3_3
Parameters: 1 -5.87666e-05 -0.000405175 5.89222e-05 1 0.000191976 0.000405152 -0.000192024 1 0.000146385 0.043031 0.0273377
FixedParameters: 0 0 0

#Transform 57
Transform: AffineTransform_float_3_3
Parameters: 1 -0.000317955 -0.000320358 0.000317326 1 0.000575898 0.000320053 -0.000576102 1 -0.00110906 -0.0527672 0.00141971
FixedParameters: 0 0 0

#Transform 58
Transform: AffineTransform_float_3_3
Parameters: 1 -0.000514715 -0.000212409 0.000515146 0.999999 0.00086989 0.000212511 -0.000870109 0.999999 -0.00847133 0.0468627 -0.000319268
FixedParameters: 0 0 0

#Transform 59
Transform: AffineTransform_float_3_3
Parameters: 1 -0.000452897 -0.00021712 0.000453257 0.999999 0.000829897 0.000216369 -0.000829101 0.999999 -0.00859207 -0.0279838 0.0224336
FixedParameters: 0 0 0

#Transform 60
Transform: AffineTransform_float_3_3
Parameters: 1 -0.000458961 -0.000316878 0.000459464 0.999999 0.000697854 0.000317235 -0.000698145 0.999999 -0.00837548 0.00239019 -0.0126623
FixedParameters: 0 0 0

#Transform 61
Transform: AffineTransform_float_3_3
Parameters: 1 -0.000456082 -0.000266732 0.000456177 1 0.000176878 0.000266571 -0.000177122 1 -0.0144601 0.0486852 0.0554638
FixedParameters: 0 0 0

#Transform 62
Transform: AffineTransform_float_3_3
Parameters: 1 -0.000286357 1.93041e-05 0.000286328 0.999999 0.000744005 -1.97302e-05 -0.000743994 0.999999 -0.0133069 -0.0527143 0.038039
FixedParameters: 0 0 0

#Transform 63
Transform: AffineTransform_float_3_3
Parameters: 1 -0.00036158 -0.000378819 0.000361997 1 0.000550863 0.00037842 -0.000551137 1 -0.00290464 0.0601697 0.0556997
FixedParameters: 0 0 0

#Transform 64
Transform: AffineTransform_float_3_3
Parameters: 1 -0.00044152 -2.83938e-05 0.000441557 0.999999 0.000671987 2.78004e-05 -0.000672012 1 -0.0183753 -0.0202806 0.093882
FixedParameters: 0 0 0

#Transform 65
Transform: AffineTransform_float_3_3
Parameters: 1 -0.000458652 -0.000314071 0.000458347 1 0.00110586 0.000313118 -0.00110614 1 -0.012996 -0.00492392 0.0466862
FixedParameters: 0 0 0

#Transform 66
Transform: AffineTransform_float_3_3
Parameters: 0.999999 -0.000713844 -0.000376944 0.000714801 0.999999 0.00118873 0.000376243 -0.00118927 0.999999 -0.0182309 0.033875 0.0963567
FixedParameters: 0 0 0

#Transform 67
Transform: AffineTransform_float_3_3
Parameters: 1 -0.000437796 3.32348e-05 0.000437773 0.999999 0.00126202 -3.33416e-05 -0.00126199 0.999999 -0.0171919 -0.0589958 0.0794645
FixedParameters: 0 0 0

#Transform 68
Transform: AffineTransform_float_3_3
Parameters: 1 -0.000463487 -0.000391742 0.000464033 0.999999 0.000697818 0.000391094 -0.000698181 0.999999 -0.00763744 0.0574721 0.109914
FixedParameters: 0 0 0

#Transform 69
Transform: AffineTransform_float_3_3
Parameters: 1 -0.000421677 0.000303634 0.000420804 0.999998 0.00153713 -0.000303931 -0.00153687 0.999999 -0.0210491 -0.0574282 0.0910172
FixedParameters: 0 0 0

#Transform 70
Transform: AffineTransform_float_3_3
Parameters: 0.999999 -0.000649243 -0.000380354 0.000649583 0.999999 0.000447753 0.000379772 -0.000448246 1 -0.0249586 0.0720411 0.116184
FixedParameters: 0 0 0

#Transform 71
Transform: AffineTransform_float_3_3
Parameters: 1 -0.000450857 -0.000180868 0.000450902 1 0.000124915 0.000180756 -0.000124085 1 -0.0185356 -0.0103988 0.161461
FixedParameters: 0 0 0

#Transform 72
Transform: AffineTransform_float_3_3
Parameters: 1 -0.00045474 -0.000246998 0.000455076 0.999999 0.000679887 0.000246379 -0.000680112 0.999999 -0.0137136 -0.0237725 0.118232
FixedParameters: 0 0 0

#Transform 73
Transform: AffineTransform_float_3_3
Parameters: 1 -0.000459138 -0.000320962 0.000458715 0.999999 0.000896852 0.0003202 -0.000897146 0.999999 -0.0133718 0.0190936 0.155046
FixedParameters: 0 0 0

#Transform 74
Transform: AffineTransform_float_3_3
Parameters: 1 -0.000351814 -0.000339687 0.000351906 0.999998 0.00160688 0.000338617 -0.00160712 0.999998 -0.00555959 -0.0275491 0.0869048
FixedParameters: 0 0 0

#Transform 75
Transform: AffineTransform_float_3_3
Parameters: 1 -0.000387962 -0.000337305 0.000388686 1 0.000982808 0.00033754 -0.000983192 0.999999 -0.00232159 0.0514495 0.104747
FixedParameters: 0 0 0

#Transform 76
Transform: AffineTransform_float_3_3
Parameters: 1 -0.000321203 -0.000179256 0.000321878 0.999999 0.00171388 0.000179153 -0.00171312 0.999998 0.000276494 -0.0352807 0.0345676
FixedParameters: 0 0 0

#Transform 77
Transform: AffineTransform_float_3_3
Parameters: 1 -0.00046747 -0.000457622 0.000467173 0.999999 0.000698786 0.000458028 -0.000699214 0.999999 -0.0062336 0.0690159 0.103583
FixedParameters: 0 0 0

#Transform 78
Transform: AffineTransform_float_3_3
Parameters: 1 -0.000161708 -0.000188559 0.000161908 1 0.000530969 0.000188387 -0.00053103 1 0.000320986 0.00955242 0.124961
FixedParameters: 0 0 0

#Transform 79
Transform: AffineTransform_float_3_3
Parameters: 1 -0.000274394 -0.000181882 0.0002748 1 0.00111795 0.000181268 -0.00111805 1 -0.00705543 -0.0201879 0.0544939
FixedParameters: 0 0 0

#Transform 80
Transform: AffineTransform_float_3_3
Parameters: 1 -8.77716e-05 -4.38422e-05 8.78939e-05 0.999999 0.001398 4.35966e-05 -0.001398 0.999999 -0.0084893 0.0175484 0.072955
FixedParameters: 0 0 0

#Transform 81
Transform: AffineTransform_float_3_3
Parameters: 1 -1.30039e-05 -0.000197575 1.31675e-05 1 0.000413997 0.000197564 -0.000414002 1 -0.00219296 -0.0310708 0.0460812
FixedParameters: 0 0 0

#Transform 82
Transform: AffineTransform_float_3_3
Parameters: 1 -0.000490183 -0.00031348 0.000489943 1 -0.000382154 0.000313854 0.000381846 1 -0.00041763 0.0469201 0.0818588
FixedParameters: 0 0 0

#Transform 83
Transform: AffineTransform_float_3_3
Parameters: 1 0.000213038 0.000287471 -0.000212864 1 -0.000303061 -0.0002876 0.000302939 1 0.00265606 -0.0344277 0.0742843
FixedParameters: 0 0 0

#Transform 84
Transform: AffineTransform_float_3_3
Parameters: 1 3.4422e-05 -0.000383849 -3.48426e-05 1 -0.000547986 0.000383811 0.000548013 1 0.00459935 0.0521933 0.0723763
FixedParameters: 0 0 0

#Transform 85
Transform: AffineTransform_float_3_3
Parameters: 1 0.000169263 -0.000420305 -0.000170072 0.999999 -0.000962868 0.000419978 0.000963132 1 -0.000174707 0.00927794 0.120357
FixedParameters: 0 0 0

#Transform 86
Transform: AffineTransform_float_3_3
Parameters: 0.999999 0.00122395 -0.000769494 -0.00122595 0.999994 -0.00341612 0.000764933 0.00341688 0.999994 0.0123055 0.0346971 0.116088
FixedParameters: 0 0 0

#Transform 87
Transform: AffineTransform_float_3_3
Parameters: 1 0.00053122 -0.00104127 -0.000533732 0.999995 -0.00318444 0.00103963 0.00318456 0.999994 0.000113117 0.091774 0.105105
FixedParameters: 0 0 0

#Transform 88
Transform: AffineTransform_float_3_3
Parameters: 1 0.00107918 -0.000545467 -0.00108043 0.999995 -0.00320947 0.000542405 0.00321053 0.999994 0.000583999 0.0391748 0.126525
FixedParameters: 0 0 0

#Transform 89
Transform: AffineTransform_float_3_3
Parameters: 0.999998 0.00122307 -0.00108427 -0.00122523 0.999997 -0.00199967 0.00108224 0.00200133 0.999998 0.0211907 0.0330121 0.0253015
FixedParameters: 0 0 0

#Transform 90
Transform: AffineTransform_float_3_3
Parameters: 1 0.000920542 -0.000808087 -0.00092239 0.999996 -0.00245725 0.000805431 0.00245874 0.999996 0.000486327 0.119245 0.0639119
FixedParameters: 0 0 0

#Transform 91
Transform: AffineTransform_float_3_3
Parameters: 0.999999 0.00126833 -0.000369299 -0.00126945 0.999998 -0.00169159 0.000367001 0.0016924 0.999998 0.0174874 -0.0257987 0.0544513
FixedParameters: 0 0 0

#Transform 92
Transform: AffineTransform_float_3_3
Parameters: 1 0.000686273 -0.000852372 -0.00068726 0.999999 -0.00120041 0.000851659 0.00120159 0.999999 0.00516164 0.0755748 0.01607
FixedParameters: 0 0 0

#Transform 93
Transform: AffineTransform_float_3_3
Parameters: 1 0.000848922 -0.000617494 -0.000849915 0.999998 -0.00171247 0.00061652 0.00171253 0.999999 0.00206029 0.00089083 0.0824628
FixedParameters: 0 0 0

#Transform 94
Transform: AffineTransform_float_3_3
Parameters: 1 0.00103335 -0.000619684 -0.0010339 0.999998 -0.00134936 0.000618828 0.00135064 0.999999 0.0148515 -0.000506949 0.00805627
FixedParameters: 0 0 0

#Transform 95
Transform: AffineTransform_float_3_3
Parameters: 0.999999 0.00087471 -0.000207321 -0.000874365 0.999998 -0.00173188 0.000205228 0.00173212 0.999998 -0.000465562 0.0670995 0.0927968
FixedParameters: 0 0 0

#Transform 96
Transform: AffineTransform_float_3_3
Parameters: 1 0.00104461 -0.000407892 -0.00104459 0.999998 -0.00127257 0.00040617 0.00127342 0.999999 0.00650642 -0.0413081 0.0168704
FixedParameters: 0 0 0

#Transform 97
Transform: AffineTransform_float_3_3
Parameters: 0.999999 0.00117311 -0.000672002 -0.00117435 0.999997 -0.00175721 0.000669811 0.00175779 0.999999 0.0192878 0.0223947 -0.00862425
FixedParameters: 0 0 0

#Transform 98
Transform: AffineTransform_float_3_3
Parameters: 1 0.00105998 -0.000554329 -0.00106148 0.999996 -0.00236541 0.000551245 0.00236659 0.999997 0.0212936 0.0390912 -0.0227293
FixedParameters: 0 0 0

#Transform 99
Transform: AffineTransform_float_3_3
Parameters: 1 0.000836379 -0.00080217 -0.000837934 0.999996 -0.00295333 0.000800036 0.00295368 0.999996 0.00520181 0.0900556 0.063746
FixedParameters: 0 0 0

#Transform 100
Transform: AffineTransform_float_3_3
Parameters: 1 0.00106026 -0.000392075 -0.00106097 0.999997 -0.00241665 0.000389881 0.00241736 0.999997 0.000913994 -0.0145636 0.0601842
FixedParameters: 0 0 0

#Transform 101
Transform: AffineTransform_float_3_3
Parameters: 0.999999 0.00103771 -0.000839683 -0.00103979 0.999996 -0.00254219 0.000837273 0.00254281 0.999996 0.00911158 0.121608 0.0207949
FixedParameters: 0 0 0

#Transform 102
Transform: AffineTransform_float_3_3
Parameters: 1 0.00106838 -0.000392203 -0.00106887 0.999998 -0.00206164 0.000389732 0.00206236 0.999998 0.0098708 -0.00725776 0.0518683
FixedParameters: 0 0 0

#Transform 103
Transform: AffineTransform_float_3_3
Parameters: 0.999999 0.00096888 -0.000889793 -0.000971211 0.999998 -0.0019412 0.000887961 0.00194181 0.999998 0.0151596 0.0808694 -0.045709
FixedParameters: 0 0 0

#Transform 104
Transform: AffineTransform_float_3_3
Parameters: 0.999999 0.000806105 -0.000375172 -0.000807184 0.999998 -0.0015227 0.000373713 0.0015233 0.999999 -0.00696642 0.0124037 0.00911899
FixedParameters: 0 0 0

#Transform 105
Transform: AffineTransform_float_3_3
Parameters: 0.999999 0.00126313 -0.00047145 -0.00126308 0.999998 -0.00113041 0.000470528 0.0011316 0.999999 0.0152996 -0.03266 -0.0771615
FixedParameters: 0 0 0

#Transform 106
Transform: AffineTransform_float_3_3
Parameters: 0.999998 0.00166442 -0.000155998 -0.00166505 0.999994 -0.00304981 0.000150834 0.0030502 0.999996 0.0278468 0.0446315 -0.0958521
FixedParameters: 0 0 0

#Transform 107
Transform: AffineTransform_float_3_3
Parameters: 0.999999 0.00110941 -0.00060989 -0.00111045 0.999996 -0.00264032 0.000606901 0.00264068 0.999997 0.0231047 0.0866611 -0.0849237
FixedParameters: 0 0 0

#Transform 108
Transform: AffineTransform_float_3_3
Parameters: 1 0.00103203 -1.66137e-05 -0.00103198 0.999997 -0.00250105 1.34478e-05 0.00250095 0.999997 -0.00469945 0.0415791 0.0274441
FixedParameters: 0 0 0

#Transform 109
Transform: AffineTransform_float_3_3
Parameters: 0.999999 0.00119626 -0.000476586 -0.00119721 0.999997 -0.00217949 0.000473303 0.00218051 0.999997 -0.0117388 0.0337346 -0.0417869
FixedParameters: 0 0 0

#Transform 110
Transform: AffineTransform_float_3_3
Parameters: 0.999999 0.00158984 -0.000892248 -0.00159246 0.999993 -0.00336364 0.000887349 0.00336436 0.999994 0.0174002 0.156913 -0.0032722
FixedParameters: 0 0 0

#Transform 111
Transform: AffineTransform_float_3_3
Parameters: 0.999999 0.00174852 -0.000516124 -0.00175028 0.999994 -0.00304716 0.000511387 0.00304884 0.999995 0.0171228 -0.0341853 0.00916389
FixedParameters: 0 0 0

#Transform 112
Transform: AffineTransform_float_3_3
Parameters: 0.999999 0.00119248 -0.000531295 -0.00119428 0.999995 -0.00286443 0.000528388 0.00286557 0.999996 0.0146642 -0.0116485 0.0941221
FixedParameters: 0 0 0

#Transform 113
Transform: AffineTransform_float_3_3
Parameters: 0.999998 0.00148665 -0.000740317 -0.00148764 0.999998 -0.00142396 0.000738016 0.00142504 0.999998 0.018144 0.0266558 0.0360229
FixedParameters: 0 0 0

#Transform 114
Transform: AffineTransform_float_3_3
Parameters: 0.999998 0.00138608 -0.000936611 -0.00138688 0.999998 -0.0015577 0.000934164 0.0015593 0.999999 0.00665054 0.100683 0.103654
FixedParameters: 0 0 0

#Transform 115
Transform: AffineTransform_float_3_3
Parameters: 0.999999 0.00140354 -0.000649913 -0.0014044 0.999999 -0.000705149 0.000648929 0.00070685 0.999999 0.00356329 -0.0518401 0.0508126
FixedParameters: 0 0 0

#Transform 116
Transform: AffineTransform_float_3_3
Parameters: 0.999998 0.00163201 -0.000614462 -0.00163213 0.999998 -0.00101006 0.000613098 0.00101194 1 0.0119155 -0.0369693 -0.0345466
FixedParameters: 0 0 0

#Transform 117
Transform: AffineTransform_float_3_3
Parameters: 0.999998 0.00185579 -0.000576446 -0.00185812 0.999993 -0.00321805 0.000570421 0.00321895 0.999994 0.0129197 0.021642 -0.0640589
FixedParameters: 0 0 0

#Transform 118
Transform: AffineTransform_float_3_3
Parameters: 0.999999 0.00146879 0.000169818 -0.00146864 0.999996 -0.00263232 -0.000173496 0.00263169 0.999997 -0.00413773 0.0567367 -0.11835
FixedParameters: 0 0 0

#Transform 119
Transform: AffineTransform_float_3_3
Parameters: 0.999999 0.00170619 -9.86405e-05 -0.00170648 0.999993 -0.0030989 9.30553e-05 0.0030991 0.999995 0.00791902 0.0928025 -0.0503435
FixedParameters: 0 0 0

#Transform 120
Transform: AffineTransform_float_3_3
Parameters: 0.999998 0.00158542 0.000477952 -0.00158324 0.999991 -0.00396383 -0.0004844 0.00396317 0.999992 -0.0206169 -0.00634998 -0.100493
FixedParameters: 0 0 0

#Transform 121
Transform: AffineTransform_float_3_3
Parameters: 0.999998 0.00196023 0.00119005 -0.00195494 0.999988 -0.00451841 -0.00119939 0.00451559 0.999989 -0.0130881 0.0421914 -0.225937
FixedParameters: 0 0 0

#Transform 122
Transform: AffineTransform_float_3_3
Parameters: 0.999998 0.00210846 0.00100148 -0.0020917 0.999869 -0.0160622 -0.0010349 0.0160598 0.999871 0.0116501 0.0751923 -0.144683
FixedParameters: 0 0 0

#Transform 123
Transform: AffineTransform_float_3_3
Parameters: 0.999996 0.00240027 0.00151128 -0.00237364 0.999852 -0.0170407 -0.00155199 0.0170373 0.999854 0.0118111 0.166101 -0.157647
FixedParameters: 0 0 0

#Transform 124
Transform: AffineTransform_float_3_3
Parameters: 0.999998 0.00172055 0.000754662 -0.00171122 0.999928 -0.0118294 -0.000774682 0.0118276 0.999929 0.00337305 0.264769 -0.197661
FixedParameters: 0 0 0

#Transform 125
Transform: AffineTransform_float_3_3
Parameters: 0.999998 0.00188845 0.000381257 -0.0018852 0.999955 -0.0092328 -0.000398825 0.0092322 0.999958 -0.00583056 0.149743 -0.132104
FixedParameters: 0 0 0

#Transform 126
Transform: AffineTransform_float_3_3
Parameters: 0.999999 0.00151896 0.000401144 -0.00151635 0.999972 -0.00729869 -0.000412074 0.00729832 0.999974 -0.00848047 0.0456309 -0.243806
FixedParameters: 0 0 0

#Transform 127
Transform: AffineTransform_float_3_3
Parameters: 0.999999 0.00136043 2.95734e-05 -0.00136004 0.999957 -0.00916911 -4.24793e-05 0.00916889 0.999958 -0.0185411 0.231755 -0.128075
FixedParameters: 0 0 0

#Transform 128
Transform: AffineTransform_float_3_3
Parameters: 0.999999 0.0017109 -8.86368e-05 -0.00171127 0.999982 -0.00585098 7.85948e-05 0.00585102 0.999983 -0.0260296 0.0198214 -0.114157
FixedParameters: 0 0 0

#Transform 129
Transform: AffineTransform_float_3_3
Parameters: 0.999999 0.00143997 7.538e-05 -0.00143996 0.99999 -0.00408617 -8.10976e-05 0.00408582 0.999991 -0.030336 0.0438642 -0.156229
FixedParameters: 0 0 0

#Transform 130
Transform: AffineTransform_float_3_3
Parameters: 0.999999 0.00136025 -0.000347404 -0.0013618 0.999991 -0.0041426 0.000341056 0.00414341 0.999992 -0.0395258 0.129643 -0.0762102
FixedParameters: 0 0 0

#Transform 131
Transform: AffineTransform_float_3_3
Parameters: 0.999999 0.00146654 -7.01483e-05 -0.00146773 0.999992 -0.00373796 6.42317e-05 0.00373804 0.999993 -0.0364049 -0.0170367 -0.12909
FixedParameters: 0 0 0

#Transform 132
Transform: AffineTransform_float_3_3
Parameters: 0.999998 0.00152963 0.000535692 -0.00152522 0.999967 -0.00799589 -0.000547834 0.00799511 0.999968 -0.0193522 0.0948221 -0.207584
FixedParameters: 0 0 0

#Transform 133
Transform: AffineTransform_float_3_3
Parameters: 1 0.0010167 9.80121e-05 -0.00101638 0.999986 -0.0050601 -0.000103248 0.0050599 0.999987 -0.033821 0.158275 -0.138523
FixedParameters: 0 0 0

#Transform 134
Transform: AffineTransform_float_3_3
Parameters: 0.999997 0.00193556 0.0010698 -0.00192622 0.999965 -0.00807515 -0.00108546 0.00807384 0.999966 -0.0143039 0.035085 -0.192541
FixedParameters: 0 0 0

#Transform 135
Transform: AffineTransform_float_3_3
Parameters: 0.999997 0.00197143 0.00152342 -0.00195519 0.999941 -0.0107551 -0.00154459 0.0107519 0.999941 -0.0314956 0.0987908 -0.316629
FixedParameters: 0 0 0

#Transform 136
Transform: AffineTransform_float_3_3
Parameters: 0.999997 0.00209148 0.00117473 -0.00207173 0.999873 -0.0158486 -0.00120755 0.0158464 0.999873 -0.0234824 0.128937 -0.235958
FixedParameters: 0 0 0

#Transform 137
Transform: AffineTransform_float_3_3
Parameters: 0.999998 0.00178948 0.00106866 -0.00177693 0.99993 -0.011721 -0.00108964 0.011719 0.99993 -0.0294518 0.186501 -0.245928
FixedParameters: 0 0 0

#Transform 138
Transform: AffineTransform_float_3_3
Parameters: 0.999997 0.00217365 0.00166328 -0.00215313 0.999923 -0.0122157 -0.00168983 0.0122123 0.999924 -0.0242074 0.106905 -0.220585
FixedParameters: 0 0 0

#Transform 139
Transform: AffineTransform_float_3_3
Parameters: 0.999996 0.00184984 0.00220469 -0.00181402 0.999866 -0.016242 -0.00223492 0.016238 0.999866 -0.00809602 0.10859 -0.383801
FixedParameters: 0 0 0

#Transform 140
Transform: AffineTransform_float_3_3
Parameters: 0.999995 0.00200814 0.00246224 -0.00195261 0.999749 -0.0223328 -0.00250723 0.0223272 0.999748 -0.00301375 0.131181 -0.365915
FixedParameters: 0 0 0

#Transform 141
Transform: AffineTransform_float_3_3
Parameters: 0.999994 0.00242413 0.00229295 -0.00236734 0.999694 -0.0246015 -0.00235121 0.0245955 0.999695 0.0180414 0.131214 -0.278623
FixedParameters: 0 0 0

#Transform 142
Transform: AffineTransform_float_3_3
Parameters: 0.999998 0.00154735 0.000750655 -0.00153005 0.999764 -0.0216732 -0.000783322 0.0216727 0.999765 0.00192632 0.253988 -0.343875
FixedParameters: 0 0 0

#Transform 143
Transform: AffineTransform_float_3_3
Parameters: 0.999999 0.00142771 0.00101957 -0.00140769 0.999826 -0.0186155 -0.00104618 0.0186145 0.999826 -0.0236235 0.33561 -0.278458
FixedParameters: 0 0 0

#Transform 144
Transform: AffineTransform_float_3_3
Parameters: 0.999998 0.0014065 0.000800536 -0.0013938 0.999876 -0.0156461 -0.000822536 0.0156449 0.999877 -0.0363758 0.154347 -0.217727
FixedParameters: 0 0 0

#Transform 145
Transform: AffineTransform_float_3_3
Parameters: 0.999999 0.00154521 0.000897271 -0.00153336 0.999907 -0.0135535 -0.000918178 0.0135515 0.999907 -0.028901 0.128137 -0.279037
FixedParameters: 0 0 0

#Transform 146
Transform: AffineTransform_float_3_3
Parameters: 0.999998 0.00142744 0.000735183 -0.00141777 0.999913 -0.0131291 -0.0007539 0.0131279 0.999914 -0.0445004 0.217197 -0.235676
FixedParameters: 0 0 0

#Transform 147
Transform: AffineTransform_float_3_3
Parameters: 0.999999 0.00129427 0.000406188 -0.00128914 0.999923 -0.0123065 -0.000422644 0.0123065 0.999924 -0.0430373 0.0867344 -0.170425
FixedParameters: 0 0 0

#Transform 148
Transform: AffineTransform_float_3_3
Parameters: 0.999999 0.00101823 0.000154431 -0.00101694 0.999962 -0.00864322 -0.000162916 0.00864278 0.999962 -0.050131 0.192002 -0.17812
FixedParameters: 0 0 0

#Transform 149
Transform: AffineTransform_float_3_3
Parameters: 0.999999 0.00129433 -0.00017051 -0.00129631 0.999968 -0.00781079 0.000160256 0.00781122 0.99997 -0.0495081 0.071923 -0.158484
FixedParameters: 0 0 0

#Transform 150
Transform: AffineTransform_float_3_3
Parameters: 0.999999 0.00126284 0.000535304 -0.00126055 0.999989 -0.00456668 -0.000540655 0.00456632 0.99999 -0.0652813 0.0246686 -0.292683
FixedParameters: 0 0 0

#Transform 151
Transform: AffineTransform_float_3_3
Parameters: 1 0.00108084 -9.8211e-05 -0.00108064 0.999979 -0.00649296 9.11023e-05 0.00649304 0.999979 -0.0497652 0.160952 -0.264497
FixedParameters: 0 0 0

#Transform 152
Transform: AffineTransform_float_3_3
Parameters: 0.999999 0.00126658 -0.000346057 -0.00126934 0.99998 -0.00628863 0.000339032 0.00628838 0.99998 -0.0478334 0.104469 -0.199311
FixedParameters: 0 0 0

#Transform 153
Transform: AffineTransform_float_3_3
Parameters: 0.999999 0.001506 -0.000248041 -0.00150672 0.99999 -0.0043717 0.000241796 0.00437231 0.999991 -0.0383863 0.0598209 -0.277024
FixedParameters: 0 0 0

#Transform 154
Transform: AffineTransform_float_3_3
Parameters: 0.999998 0.00159311 0.000595155 -0.0015882 0.999975 -0.00689602 -0.000606866 0.00689498 0.999976 -0.0412209 0.0808128 -0.304421
FixedParameters: 0 0 0

#Transform 155
Transform: AffineTransform_float_3_3
Parameters: 0.999999 0.00123105 -0.000970595 -0.00123971 0.999958 -0.0090018 0.000959841 0.00900319 0.999959 -0.0215662 0.134645 -0.274053
FixedParameters: 0 0 0

#Transform 156
Transform: AffineTransform_float_3_3
Parameters: 0.999999 0.00167145 0.000612694 -0.00166544 0.999964 -0.00823709 -0.000626898 0.0082359 0.999966 -0.0473247 0.13302 -0.199277
FixedParameters: 0 0 0

#Transform 157
Transform: AffineTransform_float_3_3
Parameters: 0.999997 0.00238109 0.00122275 -0.00236311 0.999892 -0.014471 -0.00125625 0.014469 0.999895 0.000372272 0.0666556 -0.237457
FixedParameters: 0 0 0

#Transform 158
Transform: AffineTransform_float_3_3
Parameters: 0.999996 0.00262409 0.000821845 -0.00260971 0.999853 -0.0169854 -0.000865789 0.0169836 0.999856 0.0254972 0.122989 -0.282716
FixedParameters: 0 0 0

#Transform 159
Transform: AffineTransform_float_3_3
Parameters: 0.999997 0.00222727 0.00118591 -0.0022071 0.999853 -0.0169837 -0.00122388 0.0169812 0.999855 0.0130709 0.139908 -0.264017
FixedParameters: 0 0 0

#Transform 160
Transform: AffineTransform_float_3_3
Parameters: 0.999998 0.00198781 0.00117882 -0.00196854 0.999857 -0.0168454 -0.00121213 0.0168436 0.999858 0.00315265 0.223062 -0.252349
FixedParameters: 0 0 0

#Transform 161
Transform: AffineTransform_float_3_3
Parameters: 0.999996 0.00272234 0.000919742 -0.00270593 0.999848 -0.0172648 -0.000966386 0.0172623 0.999851 0.0146681 0.128875 -0.176941
FixedParameters: 0 0 0

#Transform 162
Transform: AffineTransform_float_3_3
Parameters: 0.999996 0.00228983 0.00175061 -0.00226163 0.999867 -0.016116 -0.00178713 0.016112 0.999869 0.0133794 0.131097 -0.385988
FixedParameters: 0 0 0

#Transform 163
Transform: AffineTransform_float_3_3
Parameters: 0.999993 0.00278057 0.00258957 -0.00271884 0.999713 -0.0238012 -0.00265449 0.0237938 0.999713 0.0299876 0.149348 -0.473724
FixedParameters: 0 0 0

#Transform 164
Transform: AffineTransform_float_3_3
Parameters: 0.999995 0.00281468 0.00187797 -0.00276634 0.999674 -0.0253714 -0.00194846 0.0253656 0.999676 0.0344167 0.182416 -0.374566
FixedParameters: 0 0 0

#Transform 165
Transform: AffineTransform_float_3_3
Parameters: 0.999997 0.00242062 0.00127426 -0.00239214 0.999763 -0.0216743 -0.00132678 0.0216707 0.999764 0.0136009 0.236597 -0.448027
FixedParameters: 0 0 0

#Transform 166
Transform: AffineTransform_float_3_3
Parameters: 0.999997 0.00249814 0.00112134 -0.00247422 0.99978 -0.020833 -0.00117338 0.02083 0.999783 0.00915112 0.215493 -0.335725
FixedParameters: 0 0 0

#Transform 167
Transform: AffineTransform_float_3_3
Parameters: 0.999995 0.00308745 0.00131481 -0.00305853 0.999771 -0.0211553 -0.00138 0.0211507 0.999775 0.0308868 0.140796 -0.463695
FixedParameters: 0 0 0

#Transform 168
Transform: AffineTransform_float_3_3
Parameters: 0.999994 0.00298791 0.00186314 -0.0029457 0.999743 -0.0224687 -0.00192971 0.0224632 0.999745 0.0242404 0.153718 -0.489631
FixedParameters: 0 0 0

#Transform 169
Transform: AffineTransform_float_3_3
Parameters: 0.999993 0.0033328 0.00206295 -0.00327496 0.999614 -0.0275912 -0.00215353 0.0275838 0.999617 0.0426122 0.172803 -0.359527
FixedParameters: 0 0 0

#Transform 170
Transform: AffineTransform_float_3_3
Parameters: 0.999994 0.00283013 0.00196133 -0.00278193 0.999706 -0.0240947 -0.0020285 0.0240893 0.999708 0.0205007 0.229509 -0.480439
FixedParameters: 0 0 0

#Transform 171
Transform: AffineTransform_float_3_3
Parameters: 0.999997 0.00200712 0.000842959 -0.00198709 0.999728 -0.0232299 -0.000889433 0.0232281 0.999729 -0.00201636 0.321544 -0.41005
FixedParameters: 0 0 0

#Transform 172
Transform: AffineTransform_float_3_3
Parameters: 0.999996 0.00242692 0.00185717 -0.00239066 0.999811 -0.0192775 -0.00190374 0.0192734 0.999813 -0.00966651 0.0899334 -0.466311
FixedParameters: 0 0 0

#Transform 173
Transform: AffineTransform_float_3_3
Parameters: 0.999997 0.0022016 0.00124835 -0.00217848 0.999821 -0.0187698 -0.00128899 0.0187671 0.999823 -0.012693 0.265229 -0.458406
FixedParameters: 0 0 0

#Transform 174
Transform: AffineTransform_float_3_3
Parameters: 0.999995 0.00268819 0.00201968 -0.00265131 0.999833 -0.0181035 -0.00206798 0.0180985 0.999834 -0.0229777 0.166017 -0.366666
FixedParameters: 0 0 0

#Transform 175
Transform: AffineTransform_float_3_3
Parameters: 0.999995 0.00279635 0.000986077 -0.00277933 0.999853 -0.016924 -0.0010333 0.016921 0.999856 0.00668225 0.158843 -0.373293
FixedParameters: 0 0 0

#Transform 176
Transform: AffineTransform_float_3_3
Parameters: 0.999996 0.00240999 0.000915275 -0.00239426 0.999849 -0.0172224 -0.000956932 0.0172206 0.999851 -0.00838425 0.263141 -0.270955
FixedParameters: 0 0 0

#Transform 177
Transform: AffineTransform_float_3_3
Parameters: 0.999996 0.00282524 0.00117765 -0.00280494 0.999854 -0.0168365 -0.00122512 0.0168335 0.999858 -0.00554331 0.0682162 -0.306057
FixedParameters: 0 0 0

#Transform 178
Transform: AffineTransform_float_3_3
Parameters: 0.999996 0.00239576 0.00146305 -0.00237485 0.999897 -0.0141577 -0.00149723 0.0141533 0.999898 -0.00247961 0.167506 -0.402361
FixedParameters: 0 0 0

#Transform 179
Transform: AffineTransform_float_3_3
Parameters: 0.999996 0.00260853 -0.000285385 -0.0026134 0.999817 -0.0189165 0.000235379 0.0189175 0.999821 0.00666513 0.211689 -0.238753
FixedParameters: 0 0 0

#Transform 180
Transform: AffineTransform_float_3_3
Parameters: 0.999995 0.00263205 0.00163356 -0.00260476 0.999865 -0.0162395 -0.00167591 0.0162355 0.999866 -0.00752845 0.0626267 -0.335982
FixedParameters: 0 0 0

#Transform 181
Transform: AffineTransform_float_3_3
Parameters: 0.999993 0.00274481 0.00247223 -0.00269448 0.9998 -0.0198318 -0.00252601 0.0198242 0.9998 -0.000759578 0.15354 -0.390189
FixedParameters: 0 0 0

#Transform 182
Transform: AffineTransform_float_3_3
Parameters: 0.999994 0.00294727 0.00212561 -0.00289174 0.999666 -0.0256744 -0.002201 0.0256676 0.999668 0.0222627 0.20017 -0.341641
FixedParameters: 0 0 0

#Transform 183
Transform: AffineTransform_float_3_3
Parameters: 0.999992 0.00330143 0.00229925 -0.00323883 0.999637 -0.0267518 -0.00238622 0.0267442 0.999639 0.032542 0.160155 -0.326385
FixedParameters: 0 0 0

#Transform 184
Transform: AffineTransform_float_3_3
Parameters: 0.999993 0.00290706 0.00210151 -0.00285 0.999632 -0.0269622 -0.00217903 0.0269567 0.999634 0.00796181 0.215425 -0.337897
FixedParameters: 0 0 0

#Transform 185
Transform: AffineTransform_float_3_3
Parameters: 0.999997 0.00231613 0.00141496 -0.00228154 0.999717 -0.0236914 -0.00146973 0.0236886 0.999718 0.00205348 0.330001 -0.401094
FixedParameters: 0 0 0

#Transform 186
Transform: AffineTransform_float_3_3
Parameters: 0.999995 0.00251821 0.00159922 -0.0024771 0.999693 -0.0246562 -0.00165988 0.0246528 0.999694 0.00788789 0.142758 -0.243771
FixedParameters: 0 0 0

#Transform 187
Transform: AffineTransform_float_3_3
Parameters: 0.999993 0.00296031 0.0025416 -0.00287763 0.999481 -0.0320866 -0.00263567 0.0320784 0.999482 0.0225749 0.189442 -0.127511
FixedParameters: 0 0 0

#Transform 188
Transform: AffineTransform_float_3_3
Parameters: 0.99999 0.00362029 0.00289101 -0.00352321 0.999453 -0.0328956 -0.00300889 0.0328854 0.999455 0.02184 0.174881 -0.123815
FixedParameters: 0 0 0

#Transform 189
Transform: AffineTransform_float_3_3
Parameters: 0.999986 0.00387603 0.00345925 -0.00375925 0.999449 -0.0329744 -0.00358475 0.0329606 0.999451 0.0136087 0.168827 -0.119773
FixedParameters: 0 0 0

#Transform 190
Transform: AffineTransform_float_3_3
Parameters: 0.999986 0.00357126 0.00371755 -0.00344774 0.999455 -0.0328061 -0.00383204 0.0327929 0.999455 0.00650865 0.139784 -0.152292
FixedParameters: 0 0 0

#Transform 191
Transform: AffineTransform_float_3_3
Parameters: 0.999984 0.003785 0.00433547 -0.00363681 0.999427 -0.0336321 -0.00445984 0.0336159 0.999425 0.00534858 0.146535 -0.152512
