# transform file /out/sourcedata/freesurfer/sub-v1s22x0050508_ses-1/mri/transforms/cc_up.lta
# created by oesteban on Mon Mar  9 17:46:38 2026

type      = 0 # LINEAR_VOX_TO_VOX
nxforms   = 1
mean      = 127.0000 108.0000 122.0000
sigma     = 10000.0000
1 4 4
9.968986511230469e-01 -9.690637700259686e-03 -7.809825986623764e-02 1.208007812500000e+01 
9.661036543548107e-03 9.999531507492065e-01 -7.568574510514736e-04 3.588202667236328e+01 
7.810192555189133e-02 0.000000000000000e+00 9.969454407691956e-01 1.059661388397217e+01 
0.000000000000000e+00 0.000000000000000e+00 0.000000000000000e+00 1.000000000000000e+00 
src volume info
valid = 1  # volume info valid
filename = /out/sourcedata/freesurfer/sub-v1s22x0050508_ses-1/mri/norm.mgz
volume = 256 256 256
voxelsize = 1.000000000000000e+00 1.000000000000000e+00 1.000000000000000e+00
xras   = -1.000000000000000e+00 0.000000000000000e+00 0.000000000000000e+00
yras   = 0.000000000000000e+00 0.000000000000000e+00 -1.000000000000000e+00
zras   = 0.000000000000000e+00 1.000000000000000e+00 0.000000000000000e+00
cras   = -1.756362915039062e-01 2.358705139160156e+01 4.329063415527344e+00
dst volume info
valid = 1  # volume info valid
filename = /out/sourcedata/freesurfer/sub-v1s22x0050508_ses-1/mri/norm.mgz
volume = 256 256 256
voxelsize = 1.000000000000000e+00 1.000000000000000e+00 1.000000000000000e+00
xras   = -1.000000000000000e+00 0.000000000000000e+00 0.000000000000000e+00
yras   = 0.000000000000000e+00 0.000000000000000e+00 -1.000000000000000e+00
zras   = 0.000000000000000e+00 1.000000000000000e+00 0.000000000000000e+00
cras   = -1.756362915039062e-01 2.358705139160156e+01 4.329063415527344e+00
