#Insight Transform File V1.0
#Transform 0
Transform: AffineTransform_float_3_3
Parameters: 1 0.000253869 0.000619084 -0.000253583 1 0.000568296 -0.000618929 -0.000568618 0.999999 -0.0208035 0.0613143 0.0982423
FixedParameters: 0 0 0

#Transform 1
Transform: AffineTransform_float_3_3
Parameters: 1 8.62735e-05 0.000637867 -8.62136e-05 1 -4.69802e-05 -0.000637875 4.68702e-05 1 -0.0158896 0.0292073 0.0894957
FixedParameters: 0 0 0

#Transform 2
Transform: AffineTransform_float_3_3
Parameters: 0.999999 0.000447161 0.00074208 -0.00044772 1 0.000376423 -0.000741743 -0.000377087 0.999999 -0.026189 0.0639207 0.101043
FixedParameters: 0 0 0

#Transform 3
Transform: AffineTransform_float_3_3
Parameters: 0.999999 0.000290954 0.000737988 -0.000292007 0.999999 0.00071308 -0.000737572 -0.000713244 1 -0.0201111 0.0243108 0.0563196
FixedParameters: 0 0 0

#Transform 4
Transform: AffineTransform_float_3_3
Parameters: 0.999999 0.000391294 0.000732289 -0.000391954 1 0.000449991 -0.000731936 -0.000450564 0.999999 -0.00976148 0.0601901 0.077432
FixedParameters: 0 0 0

#Transform 5
Transform: AffineTransform_float_3_3
Parameters: 0.999999 0.000287235 0.000746311 -0.000287907 1 0.000450063 -0.000746052 -0.000450492 0.999999 -0.0119366 0.0443337 0.0615431
FixedParameters: 0 0 0

#Transform 6
Transform: AffineTransform_float_3_3
Parameters: 0.999999 0.000104451 0.000774473 -0.000104965 1 0.000332249 -0.000774403 -0.000332411 0.999999 -0.0118176 0.019933 0.0656592
FixedParameters: 0 0 0

#Transform 7
Transform: AffineTransform_float_3_3
Parameters: 1 0.000416474 0.000566411 -0.00041679 1 0.000278191 -0.000566179 -0.000278663 1 -0.00804552 0.0458955 0.0843492
FixedParameters: 0 0 0

#Transform 8
Transform: AffineTransform_float_3_3
Parameters: 1 0.00013322 0.000412039 -0.000132594 1 0.000439777 -0.000412055 -0.000439894 1 -0.0129712 -0.00152461 0.0498182
FixedParameters: 0 0 0

#Transform 9
Transform: AffineTransform_float_3_3
Parameters: 1 4.87487e-05 0.000361506 -4.90017e-05 1 0.000349958 -0.000361472 -0.000349993 1 -0.0101443 0.0439658 0.0484661
FixedParameters: 0 0 0

#Transform 10
Transform: AffineTransform_float_3_3
Parameters: 1 5.7178e-05 0.000424303 -5.75512e-05 1 0.00043987 -0.000424253 -0.000439919 1 0.00534664 0.0022849 0.019569
FixedParameters: 0 0 0

#Transform 11
Transform: AffineTransform_float_3_3
Parameters: 1 -6.1216e-06 -4.51219e-05 6.08058e-06 1 -0.000454551 4.51274e-05 0.000454551 1 0.00500201 0.0203773 0.0445452
FixedParameters: 0 0 0

#Transform 12
Transform: AffineTransform_float_3_3
Parameters: 1 -0.000209914 0.000134522 0.000209798 1 0.000430341 -0.000134702 -0.000430284 1 0.00289549 -0.00530665 0.00954279
FixedParameters: 0 0 0

#Transform 13
Transform: AffineTransform_float_3_3
Parameters: 1 1.40612e-05 0.000104337 -1.4151e-05 1 0.000430311 -0.000104325 -0.000430314 1 0.00906668 0.014451 0.023819
FixedParameters: 0 0 0

#Transform 14
Transform: AffineTransform_float_3_3
Parameters: 1 1.36143e-05 0.000101105 -1.37235e-05 1 0.000540263 -0.00010109 -0.000540265 1 0.0102183 -0.000349877 0.0140852
FixedParameters: 0 0 0

#Transform 15
Transform: AffineTransform_float_3_3
Parameters: 1 -0.000183294 7.74791e-05 0.000183227 1 0.000428754 -7.76362e-05 -0.000428726 1 0.0068665 -0.00321537 0.000507872
FixedParameters: 0 0 0

#Transform 16
Transform: AffineTransform_float_3_3
Parameters: 1 1.52512e-05 0.000112918 -1.52824e-05 1 0.000138439 -0.000112914 -0.000138443 1 0.0122424 0.00936582 0.0154799
FixedParameters: 0 0 0

#Transform 17
Transform: AffineTransform_float_3_3
Parameters: 1 1.43094e-05 0.00010613 -1.43878e-05 1 0.000369338 -0.000106119 -0.000369341 1 0.0146952 -0.0221181 -0.00414585
FixedParameters: 0 0 0

#Transform 18
Transform: AffineTransform_float_3_3
Parameters: 1 -0.000128002 1.60603e-05 0.000128 1 7.49987e-05 -1.60795e-05 -7.49946e-05 1 -0.00305082 0.00113232 0.0197555
FixedParameters: 0 0 0

#Transform 19
Transform: AffineTransform_float_3_3
Parameters: 1 1.57457e-05 0.000116473 -1.57498e-05 1 1.74926e-05 -0.000116473 -1.74963e-05 1 0.0113855 -0.0216195 -0.00234707
FixedParameters: 0 0 0

#Transform 20
Transform: AffineTransform_float_3_3
Parameters: 1 -7.81091e-05 -4.04335e-05 7.81295e-05 1 0.000252609 4.03941e-05 -0.000252616 1 -0.00106564 0.00514235 0.00843963
FixedParameters: 0 0 0

#Transform 21
Transform: AffineTransform_float_3_3
Parameters: 1 2.80068e-05 0.000207497 -2.81008e-05 1 0.000226305 -0.000207484 -0.000226317 1 -0.0140796 -0.0256001 -0.00329177
FixedParameters: 0 0 0

#Transform 22
Transform: AffineTransform_float_3_3
Parameters: 1 -6.23252e-05 0.000121355 6.22751e-05 1 0.000206419 -0.00012138 -0.000206404 1 -0.00348865 -0.00677689 -0.0154752
FixedParameters: 0 0 0

#Transform 23
Transform: AffineTransform_float_3_3
Parameters: 1 1.59012e-05 0.00011759 -1.58964e-05 1 -2.04907e-05 -0.00011759 2.0487e-05 1 -0.0149948 0.00536914 -0.0176705
FixedParameters: 0 0 0

#Transform 24
Transform: AffineTransform_float_3_3
Parameters: 1 8.8021e-06 6.50909e-05 -8.79923e-06 1 -2.20617e-05 -6.50913e-05 2.20606e-05 1 0.000575129 -0.0270402 0.00472646
FixedParameters: 0 0 0

#Transform 25
Transform: AffineTransform_float_3_3
Parameters: 1 8.53421e-06 6.31098e-05 -8.53141e-06 1 -2.2121e-05 -6.31102e-05 2.21199e-05 1 -0.0145043 -0.00585765 -0.000973828
FixedParameters: 0 0 0

#Transform 26
Transform: AffineTransform_float_3_3
Parameters: 1 1.76131e-05 0.000129842 -1.74995e-05 1 -0.000437307 -0.000129857 0.000437303 1 -0.0261416 -0.0354993 0.00952679
FixedParameters: 0 0 0

#Transform 27
Transform: AffineTransform_float_3_3
Parameters: 1 2.73447e-05 0.000201467 -2.71379e-05 1 -0.0005132 -0.000201495 0.000513189 1 -0.0320054 -0.0101404 0.026285
FixedParameters: 0 0 0

#Transform 28
Transform: AffineTransform_float_3_3
Parameters: 1 0.00019964 0.000184468 -0.000199422 1 -0.000592077 -0.000184704 0.000592004 1 -0.00309261 -0.0260592 0.0171425
FixedParameters: 0 0 0

#Transform 29
Transform: AffineTransform_float_3_3
Parameters: 1 0.000119954 0.000103519 -0.00011995 1 -2.05012e-05 -0.000103524 2.04764e-05 1 -0.0101119 -0.0223442 0.00348321
FixedParameters: 0 0 0

#Transform 30
Transform: AffineTransform_float_3_3
Parameters: 1 0.000131455 0.000106347 -0.000131419 1 -0.000167438 -0.000106391 0.00016741 1 -0.0188209 0.00465905 -0.0132886
FixedParameters: 0 0 0

#Transform 31
Transform: AffineTransform_float_3_3
Parameters: 1 9.48843e-05 -0.000111813 -9.48612e-05 1 0.000103146 0.000111833 -0.000103124 1 0.00064945 -0.0211654 -0.0291356
FixedParameters: 0 0 0

#Transform 32
Transform: AffineTransform_float_3_3
Parameters: 1 8.82878e-05 -7.83243e-05 -8.83209e-05 1 -0.000211037 7.82871e-05 0.000211051 1 -0.0141227 0.00156119 -0.0193097
FixedParameters: 0 0 0

#Transform 33
Transform: AffineTransform_float_3_3
Parameters: 1 1.6479e-06 1.2178e-05 -1.64521e-06 1 -0.000110684 -1.21784e-05 0.000110684 1 -0.00380821 -0.0346071 -0.0167875
FixedParameters: 0 0 0

#Transform 34
Transform: AffineTransform_float_3_3
Parameters: 1 1.62247e-05 0.000119911 -1.62009e-05 1 -9.9456e-05 -0.000119914 9.94521e-05 1 -0.0177125 -0.003739 0.00283176
FixedParameters: 0 0 0

#Transform 35
Transform: AffineTransform_float_3_3
Parameters: 1 2.46627e-06 1.82298e-05 -2.46333e-06 1 -8.04897e-05 -1.82302e-05 8.04896e-05 1 -0.0079872 -0.0409189 0.00844437
FixedParameters: 0 0 0

#Transform 36
Transform: AffineTransform_float_3_3
Parameters: 1 1.48594e-05 0.000110097 -1.4911e-05 1 0.000234397 -0.00011009 -0.000234401 1 -0.0218902 -0.00682039 -0.00484836
FixedParameters: 0 0 0

#Transform 37
Transform: AffineTransform_float_3_3
Parameters: 1 3.63315e-07 2.68665e-06 -3.63187e-07 1 -2.39301e-05 -2.68667e-06 2.39301e-05 1 -0.00597327 -0.0156721 0.0038743
FixedParameters: 0 0 0

#Transform 38
Transform: AffineTransform_float_3_3
Parameters: 1 1.51573e-05 0.000112242 -1.51935e-05 1 0.000161429 -0.000112237 -0.000161433 1 -0.00108606 -0.0242888 -0.000758489
FixedParameters: 0 0 0

#Transform 39
Transform: AffineTransform_float_3_3
Parameters: 1 1.6602e-05 0.000122614 -1.6555e-05 1 -0.000191416 -0.00012262 0.000191412 1 -0.00574756 -0.00381841 0.0173353
FixedParameters: 0 0 0

#Transform 40
Transform: AffineTransform_float_3_3
Parameters: 1 -8.33545e-05 -3.44543e-05 8.23845e-05 1 0.00027878 3.45419e-05 -0.000278778 1 0.00750989 -0.036583 -0.00450671
FixedParameters: 0 0 0

#Transform 41
Transform: AffineTransform_float_3_3
Parameters: 1 -1.34339e-05 -9.93393e-05 1.34286e-05 1 -2.69871e-05 9.934e-05 2.69844e-05 1 -0.00168635 0.00924509 0.0194346
FixedParameters: 0 0 0

#Transform 42
Transform: AffineTransform_float_3_3
Parameters: 1 -0.000349141 -5.22791e-05 0.000349153 1 0.00011811 5.21966e-05 -0.000118147 1 -0.00385537 -0.0311714 0.0209067
FixedParameters: 0 0 0

#Transform 43
Transform: AffineTransform_float_3_3
Parameters: 1 -0.000283312 -0.00028172 0.000283293 1 -3.35031e-05 0.000281739 3.33435e-05 1 0.0127607 -0.0198102 0.0266176
FixedParameters: 0 0 0

#Transform 44
Transform: AffineTransform_float_3_3
Parameters: 1 -0.00016299 -3.37251e-05 0.000162988 1 -2.56562e-05 3.37334e-05 2.56452e-05 1 0.00738538 -0.0128854 0.00422685
FixedParameters: 0 0 0

#Transform 45
Transform: AffineTransform_float_3_3
Parameters: 1 -0.000272721 -0.000301423 0.000272945 1 0.000371138 0.00030122 -0.000371303 1 0.0121755 -0.0349357 0.000392083
FixedParameters: 0 0 0

#Transform 46
Transform: AffineTransform_float_3_3
Parameters: 1 -6.00506e-05 -0.000325244 6.01867e-05 1 0.000209272 0.000325219 -0.000209311 1 0.0119454 -0.00243987 1.22027e-06
FixedParameters: 0 0 0

#Transform 47
Transform: AffineTransform_float_3_3
Parameters: 1 -0.000286686 -0.000599999 0.000287237 1 0.000459254 0.000599736 -0.000459598 0.999999 -0.00172015 -0.0513842 -0.0208408
FixedParameters: 0 0 0

#Transform 48
Transform: AffineTransform_float_3_3
Parameters: 1 -3.89012e-05 -0.000455277 3.98001e-05 1 0.00105191 0.000455202 -0.00105194 1 0.00189902 0.00329038 -0.0380591
FixedParameters: 0 0 0

#Transform 49
Transform: AffineTransform_float_3_3
Parameters: 1 -0.000165367 -0.000329632 0.000164924 0.999999 0.000827968 0.000329492 -0.000828069 0.999999 -0.000600655 -0.030077 -0.0418559
FixedParameters: 0 0 0

#Transform 50
Transform: AffineTransform_float_3_3
Parameters: 1 -0.000198177 -0.00043112 0.000198888 0.999999 0.000824818 0.000430793 -0.000824989 0.999999 -0.0090381 -0.0161162 -0.0293568
FixedParameters: 0 0 0

#Transform 51
Transform: AffineTransform_float_3_3
Parameters: 1 -0.000212362 -0.000310343 0.000211619 1 0.000397147 0.000310309 -0.000397271 1 -0.0168063 -0.0453169 -0.0318482
FixedParameters: 0 0 0

#Transform 52
Transform: AffineTransform_float_3_3
Parameters: 1 -6.82696e-05 -0.000267636 6.86705e-05 0.999999 0.000749172 0.000267534 -0.000749209 0.999999 -0.00103539 -0.0165587 -0.0312189
FixedParameters: 0 0 0

#Transform 53
Transform: AffineTransform_float_3_3
Parameters: 1 -0.000116633 -0.000310254 0.000116611 1 -3.56366e-05 0.000310262 3.55642e-05 1 9.9201e-05 -0.0171521 -0.0336679
FixedParameters: 0 0 0

#Transform 54
Transform: AffineTransform_float_3_3
Parameters: 1 -4.15415e-05 -0.000521766 4.10273e-05 1 -0.000492742 0.000521806 0.000492699 0.999999 -0.00886673 0.0125578 0.0127442
FixedParameters: 0 0 0

#Transform 55
Transform: AffineTransform_float_3_3
Parameters: 1 7.0142e-05 0.000464999 -6.97344e-05 1 -0.000438276 -0.000465061 0.000438211 1 -0.0204873 0.0125431 0.0541733
FixedParameters: 0 0 0

#Transform 56
Transform: AffineTransform_float_3_3
Parameters: 1 0.000213213 0.000440419 -0.000212681 1 -0.000603561 -0.000440676 0.000603373 0.999999 -0.0154067 0.0541868 0.0476152
FixedParameters: 0 0 0

#Transform 57
Transform: AffineTransform_float_3_3
Parameters: 1 0.000188805 0.00115705 -0.000187674 0.999999 -0.000890706 -0.00115725 0.000890543 0.999999 -0.0270331 0.0243932 0.0894353
FixedParameters: 0 0 0

#Transform 58
Transform: AffineTransform_float_3_3
Parameters: 0.999999 0.000281573 0.000992176 -0.000281425 1 -0.00110146 -0.000992521 0.00110092 0.999999 -0.0388316 0.0605046 0.185494
FixedParameters: 0 0 0

#Transform 59
Transform: AffineTransform_float_3_3
Parameters: 0.999998 -6.49704e-05 0.0016417 6.51643e-05 1 -0.000382923 -0.00164251 0.000383381 0.999998 -0.0313174 0.0178726 0.141382
FixedParameters: 0 0 0

#Transform 60
Transform: AffineTransform_float_3_3
Parameters: 0.999999 0.00019793 0.000717371 -0.000197877 1 -3.72817e-05 -0.000717385 3.69977e-05 0.999999 -0.0120713 0.0448008 0.0868834
FixedParameters: 0 0 0

#Transform 61
Transform: AffineTransform_float_3_3
Parameters: 1 -0.000154665 0.000326828 0.000154534 1 0.000200133 -0.00032689 -0.000200032 1 0.00251904 -0.00390661 0.0727643
FixedParameters: 0 0 0

#Transform 62
Transform: AffineTransform_float_3_3
Parameters: 1 0.0001027 0.000283033 -0.000101995 1 0.000502917 -0.000283063 -0.000502982 1 -0.0036914 0.0147151 0.09777
FixedParameters: 0 0 0

#Transform 63
Transform: AffineTransform_float_3_3
Parameters: 1 -2.04719e-05 0.000321065 2.08408e-05 0.999999 0.00096592 -0.000321238 -0.000965649 1 0.002078 -0.030429 0.0604408
FixedParameters: 0 0 0

#Transform 64
Transform: AffineTransform_float_3_3
Parameters: 1 0.000401934 0.000236946 -0.000402662 0.999999 0.00141508 -0.000235799 -0.00141527 0.999999 0.00721729 -0.0131849 0.0606801
FixedParameters: 0 0 0

#Transform 65
Transform: AffineTransform_float_3_3
Parameters: 1 0.0002889 0.000319986 -0.000288955 0.999999 0.00154113 -0.000319222 -0.00154132 0.999999 0.00171805 -0.0356562 0.0115371
FixedParameters: 0 0 0

#Transform 66
Transform: AffineTransform_float_3_3
Parameters: 1 5.77445e-05 0.000266493 -5.77002e-05 0.999998 0.00166277 -0.000266427 -0.00166281 0.999998 0.00794294 -0.02744 0.0175242
FixedParameters: 0 0 0

#Transform 67
Transform: AffineTransform_float_3_3
Parameters: 1 0.000213193 0.000258621 -0.000213034 0.999999 0.00122993 -0.000259213 -0.00123007 0.999999 0.0103029 -0.0101616 0.0165091
FixedParameters: 0 0 0

#Transform 68
Transform: AffineTransform_float_3_3
Parameters: 1 -3.29694e-05 -5.0041e-05 3.303e-05 1 0.000605663 5.00011e-05 -0.000605666 1 0.0160155 -0.0542847 0.0230464
FixedParameters: 0 0 0

#Transform 69
Transform: AffineTransform_float_3_3
Parameters: 1 0.000256004 -1.68265e-05 -0.000256023 1 0.00116903 1.7433e-05 -0.00116902 1 0.0196241 -0.010497 0.0386549
FixedParameters: 0 0 0

#Transform 70
Transform: AffineTransform_float_3_3
Parameters: 1 -2.41297e-05 0.000287291 2.33043e-05 0.999999 0.00133395 -0.000287347 -0.00133393 0.999999 0.0160602 -0.0497771 0.0205757
FixedParameters: 0 0 0

#Transform 71
Transform: AffineTransform_float_3_3
Parameters: 1 0.000129601 0.000109031 -0.000129915 1 0.00117222 -0.000108719 -0.00117225 1 0.0149814 -0.00400957 0.0365308
FixedParameters: 0 0 0

#Transform 72
Transform: AffineTransform_float_3_3
Parameters: 1 5.9087e-05 0.000102345 -5.83964e-05 1 0.00117175 -0.000102333 -0.00117177 1 0.0285069 -0.0379965 0.0216853
FixedParameters: 0 0 0

#Transform 73
Transform: AffineTransform_float_3_3
Parameters: 1 5.83428e-05 -0.000264983 -5.76726e-05 0.999999 0.00137506 0.00026515 -0.00137503 0.999999 0.0342947 -0.011328 0.0464638
FixedParameters: 0 0 0

#Transform 74
Transform: AffineTransform_float_3_3
Parameters: 1 -7.81377e-05 -0.000116145 7.83718e-05 0.999999 0.00126182 0.000115956 -0.00126184 0.999999 0.0156371 -0.0662698 0.0229202
FixedParameters: 0 0 0

#Transform 75
Transform: AffineTransform_float_3_3
Parameters: 1 0.00027634 -0.000414503 -0.000275477 1 0.00111051 0.000415124 -0.00111028 1 0.0178853 -0.0212372 0.0557294
FixedParameters: 0 0 0

#Transform 76
Transform: AffineTransform_float_3_3
Parameters: 1 0.000109116 -5.89086e-05 -0.000109028 0.999999 0.00124325 5.91878e-05 -0.00124324 0.999999 0.0191654 -0.0413777 0.029861
FixedParameters: 0 0 0

#Transform 77
Transform: AffineTransform_float_3_3
Parameters: 1 0.000318533 -8.47675e-05 -0.000318528 1 0.00116931 8.45298e-05 -0.00116928 1 0.0238055 -0.0232657 0.0399507
FixedParameters: 0 0 0

#Transform 78
Transform: AffineTransform_float_3_3
Parameters: 1 0.000223968 2.98408e-05 -0.000224152 0.999999 0.000830121 -3.04593e-05 -0.000830163 0.999999 0.0174473 -0.0223381 0.0367566
FixedParameters: 0 0 0

#Transform 79
Transform: AffineTransform_float_3_3
Parameters: 1 0.000131484 -5.75848e-05 -0.000131416 1 0.00109832 5.78815e-05 -0.0010983 1 0.00743161 -0.0350148 0.0430609
FixedParameters: 0 0 0

#Transform 80
Transform: AffineTransform_float_3_3
Parameters: 1 0.00019056 -4.60296e-05 -0.000190519 1 0.000443606 4.61987e-05 -0.000443588 1 0.00808026 -0.0215027 0.0396304
FixedParameters: 0 0 0

#Transform 81
Transform: AffineTransform_float_3_3
Parameters: 1 0.00037499 -0.000235471 -0.000374565 1 0.00102596 0.000236248 -0.00102605 0.999999 0.0194878 -0.0596358 0.0386949
FixedParameters: 0 0 0

#Transform 82
Transform: AffineTransform_float_3_3
Parameters: 1 0.000389384 -9.81899e-05 -0.000389321 0.999999 0.00130226 9.82213e-05 -0.00130221 0.999999 0.0167325 -0.0288571 0.0434633
FixedParameters: 0 0 0

#Transform 83
Transform: AffineTransform_float_3_3
Parameters: 1 0.000236412 -0.000185557 -0.000236052 1 0.00112702 0.000186098 -0.00112693 1 0.0188039 -0.0606908 0.0187941
FixedParameters: 0 0 0

#Transform 84
Transform: AffineTransform_float_3_3
Parameters: 1 0.000371913 -9.30143e-05 -0.000371881 0.999999 0.0012063 9.29289e-05 -0.00120626 1 0.0138541 -0.0182196 0.0288546
FixedParameters: 0 0 0

#Transform 85
Transform: AffineTransform_float_3_3
Parameters: 1 0.000449894 -9.83051e-05 -0.000449884 1 0.00103138 9.82505e-05 -0.00103132 1 0.0131219 -0.0608965 0.0202558
FixedParameters: 0 0 0

#Transform 86
Transform: AffineTransform_float_3_3
Parameters: 1 0.000424462 -9.99073e-05 -0.000424415 0.999999 0.00120131 9.99444e-05 -0.00120125 1 0.000694096 -0.0420999 0.0290415
FixedParameters: 0 0 0

#Transform 87
Transform: AffineTransform_float_3_3
Parameters: 1 0.000322504 -9.28763e-05 -0.000322432 0.999999 0.0014252 9.28128e-05 -0.00142516 0.999999 -0.00179281 -0.0435476 0.0115225
FixedParameters: 0 0 0

#Transform 88
Transform: AffineTransform_float_3_3
Parameters: 1 0.000342686 -0.000100456 -0.000342559 0.999998 0.00159013 0.000100563 -0.00159009 0.999998 -0.0012526 -0.0416351 0.0286663
FixedParameters: 0 0 0

#Transform 89
Transform: AffineTransform_float_3_3
Parameters: 1 0.00052334 4.29868e-05 -0.00052362 1 0.000971718 -4.29819e-05 -0.000970828 1 -0.00631782 -0.0215028 0.0395568
FixedParameters: 0 0 0

#Transform 90
Transform: AffineTransform_float_3_3
Parameters: 1 0.00054253 -4.67114e-05 -0.000542621 0.999999 0.00170353 4.75854e-05 -0.00170351 0.999999 -0.0119686 -0.0599105 0.00965051
FixedParameters: 0 0 0

#Transform 91
Transform: AffineTransform_float_3_3
Parameters: 1 0.00054778 -7.56194e-05 -0.000547808 1 0.00108346 7.58237e-05 -0.0010834 1 -0.00804173 -0.0178964 0.0120302
FixedParameters: 0 0 0

#Transform 92
Transform: AffineTransform_float_3_3
Parameters: 0.999999 0.000708585 7.04365e-05 -0.000708958 0.999999 0.00128838 -6.95927e-05 -0.00128851 0.999999 -0.00846104 -0.0535285 0.030729
FixedParameters: 0 0 0

#Transform 93
Transform: AffineTransform_float_3_3
Parameters: 0.999999 0.00082443 -0.000111759 -0.000824388 0.999999 0.00105052 0.000112508 -0.00105037 1 -0.00485712 -0.0187933 0.0268435
FixedParameters: 0 0 0

#Transform 94
Transform: AffineTransform_float_3_3
Parameters: 1 0.000925166 -0.000534694 -0.000925062 0.999999 0.00114194 0.000535979 -0.00114194 1 -0.0031537 -0.0463816 0.0229965
FixedParameters: 0 0 0

#Transform 95
Transform: AffineTransform_float_3_3
Parameters: 1 0.00104444 -0.0005478 -0.00104343 0.999999 0.00104204 0.000548984 -0.00104093 1 -0.018112 -0.041171 0.0261143
FixedParameters: 0 0 0

#Transform 96
Transform: AffineTransform_float_3_3
Parameters: 1 0.000977314 -0.000536514 -0.000977404 0.999999 0.000963036 0.000537539 -0.000962007 1 -0.0243741 -0.0818761 0.00541295
FixedParameters: 0 0 0

#Transform 97
Transform: AffineTransform_float_3_3
Parameters: 1 0.00109443 -0.000514491 -0.00109412 0.999999 0.00144026 0.000516824 -0.00144038 0.999999 -0.0262024 -0.0650231 0.0110517
FixedParameters: 0 0 0

#Transform 98
Transform: AffineTransform_float_3_3
Parameters: 0.999999 0.00112514 -0.00057167 -0.00112461 0.999998 0.0014958 0.000574215 -0.00149577 0.999999 -0.0271552 -0.0557391 -0.00337458
FixedParameters: 0 0 0

#Transform 99
Transform: AffineTransform_float_3_3
Parameters: 0.999999 0.000767484 -0.000539246 -0.000765548 0.999997 0.00202445 0.000541374 -0.00202365 0.999998 -0.0303034 -0.0681032 -0.00969161
FixedParameters: 0 0 0

#Transform 100
Transform: AffineTransform_float_3_3
Parameters: 1 0.00112137 -0.000486768 -0.00112121 0.999998 0.0015092 0.000488343 -0.00150938 0.999999 -0.0194426 -0.0388085 0.00778881
FixedParameters: 0 0 0

#Transform 101
Transform: AffineTransform_float_3_3
Parameters: 1 0.00071446 -0.000934607 -0.000712782 0.999999 0.00152954 0.000935941 -0.00152849 0.999998 -0.0258319 -0.0756135 0.0123725
FixedParameters: 0 0 0

#Transform 102
Transform: AffineTransform_float_3_3
Parameters: 1 0.00103305 -0.000181327 -0.00103295 1 0.000638092 0.000181655 -0.000638011 1 -0.0116173 -0.02056 0.0403132
FixedParameters: 0 0 0

#Transform 103
Transform: AffineTransform_float_3_3
Parameters: 0.999999 0.000825843 -0.000101233 -0.000825841 0.999999 0.000959657 0.000101835 -0.000959783 0.999999 -0.0274303 -0.0512963 0.0359597
FixedParameters: 0 0 0

#Transform 104
Transform: AffineTransform_float_3_3
Parameters: 0.999999 0.000789179 -0.000375456 -0.000788359 0.999999 0.00160293 0.000376019 -0.00160266 0.999998 -0.0403607 -0.0510686 0.0441773
FixedParameters: 0 0 0

#Transform 105
Transform: AffineTransform_float_3_3
Parameters: 0.999999 0.000793553 -0.000342422 -0.000792839 0.999999 0.00131492 0.000343555 -0.00131537 0.999999 -0.0401983 -0.0405434 0.0193074
FixedParameters: 0 0 0

#Transform 106
Transform: AffineTransform_float_3_3
Parameters: 0.999999 0.000769729 -0.000520326 -0.000768569 0.999999 0.00129472 0.000521365 -0.00129491 0.999999 -0.0399372 -0.0440475 0.0255183
FixedParameters: 0 0 0

#Transform 107
Transform: AffineTransform_float_3_3
Parameters: 1 0.00105647 -0.000187345 -0.00105622 0.999999 0.00101731 0.000188503 -0.00101694 1 -0.0166325 -0.0196577 0.0327506
FixedParameters: 0 0 0

#Transform 108
Transform: AffineTransform_float_3_3
Parameters: 1 0.000902982 -0.0007527 -0.000902442 0.999999 0.0011046 0.000753836 -0.00110326 0.999999 -0.016332 -0.0778037 0.0268871
FixedParameters: 0 0 0

#Transform 109
Transform: AffineTransform_float_3_3
Parameters: 0.999999 0.000926572 -0.000962985 -0.000925924 0.999999 0.00153092 0.000964144 -0.00153014 0.999999 -0.0161439 -0.0353572 0.0284152
FixedParameters: 0 0 0

#Transform 110
Transform: AffineTransform_float_3_3
Parameters: 1 0.00095746 -0.000596582 -0.000956744 0.999998 0.00170154 0.000597999 -0.00170045 0.999999 -0.0162688 -0.061925 0.00377769
FixedParameters: 0 0 0

#Transform 111
Transform: AffineTransform_float_3_3
Parameters: 0.999999 0.000978008 -0.000890951 -0.000976524 0.999997 0.00215447 0.000893493 -0.00215373 0.999998 -0.0150258 -0.0451181 0.0111923
FixedParameters: 0 0 0

#Transform 112
Transform: AffineTransform_float_3_3
Parameters: 0.999999 0.000941289 -0.000877552 -0.000940267 0.999997 0.00189455 0.000879409 -0.00189294 0.999998 -0.0158266 -0.0498296 -0.0124443
FixedParameters: 0 0 0

#Transform 113
Transform: AffineTransform_float_3_3
Parameters: 1 0.000732494 -0.000803415 -0.000730198 0.999997 0.00227985 0.000804947 -0.00227969 0.999997 -0.0203415 -0.0793595 -0.0062437
FixedParameters: 0 0 0

#Transform 114
Transform: AffineTransform_float_3_3
Parameters: 0.999999 0.000991443 -0.000804081 -0.000989674 0.999998 0.00194979 0.000806142 -0.00194947 0.999998 -0.0149528 -0.0489698 0.000671782
FixedParameters: 0 0 0

#Transform 115
Transform: AffineTransform_float_3_3
Parameters: 0.999999 0.000794893 -0.000332788 -0.000794165 0.999999 0.0016712 0.000333478 -0.001671 0.999998 -0.0214368 -0.0576469 0.018518
FixedParameters: 0 0 0

#Transform 116
Transform: AffineTransform_float_3_3
Parameters: 0.999999 0.000987653 -0.00079308 -0.000986448 0.999998 0.00158593 0.000794401 -0.00158564 0.999998 -0.0155836 -0.028513 0.0366533
FixedParameters: 0 0 0

#Transform 117
Transform: AffineTransform_float_3_3
Parameters: 1 0.000936845 -0.000779822 -0.000935842 0.999998 0.00136209 0.000781514 -0.00136065 0.999999 -0.0151702 -0.0849397 0.0347203
FixedParameters: 0 0 0

#Transform 118
Transform: AffineTransform_float_3_3
Parameters: 0.999999 0.000693944 -0.00108839 -0.000691849 0.999999 0.00156717 0.00108872 -0.00156571 0.999998 -0.00524384 -0.0451282 0.0497353
FixedParameters: 0 0 0

#Transform 119
Transform: AffineTransform_float_3_3
Parameters: 0.999999 0.000776818 -0.00109358 -0.000775088 0.999998 0.00136437 0.00109387 -0.00136369 0.999998 -0.00628389 -0.0692781 0.0448082
FixedParameters: 0 0 0

#Transform 120
Transform: AffineTransform_float_3_3
Parameters: 1 0.000734745 -0.000787716 -0.000732137 0.999997 0.00256241 0.000789651 -0.0025613 0.999997 0.00133416 -0.0280982 0.0291225
FixedParameters: 0 0 0

#Transform 121
Transform: AffineTransform_float_3_3
Parameters: 0.999999 0.000695132 -0.00108337 -0.000692901 0.999998 0.00211757 0.00108464 -0.00211707 0.999997 0.00503651 -0.0582582 0.00945656
FixedParameters: 0 0 0

#Transform 122
Transform: AffineTransform_float_3_3
Parameters: 1 0.000819976 -0.000768767 -0.000817599 0.999997 0.00256335 0.00077015 -0.00256217 0.999997 -0.0117758 -0.0408237 0.0147275
FixedParameters: 0 0 0

#Transform 123
Transform: AffineTransform_float_3_3
Parameters: 0.999999 0.000752244 -0.000654706 -0.000750641 0.999997 0.0023162 0.000656362 -0.00231527 0.999997 -0.0107251 -0.0685538 -0.000817732
FixedParameters: 0 0 0

#Transform 124
Transform: AffineTransform_float_3_3
Parameters: 0.999999 0.000697701 -0.00106352 -0.000695583 0.999997 0.00201324 0.00106564 -0.00201247 0.999998 0.000770565 -0.0589805 0.00381056
FixedParameters: 0 0 0

#Transform 125
Transform: AffineTransform_float_3_3
Parameters: 1 0.000715363 -0.000932042 -0.000712433 0.999997 0.00223504 0.000934392 -0.00223373 0.999997 -0.0156031 -0.0272851 0.0152567
FixedParameters: 0 0 0

#Transform 126
Transform: AffineTransform_float_3_3
Parameters: 1 0.000837489 -0.000674992 -0.000835368 0.999996 0.00262516 0.000677589 -0.00262504 0.999997 -0.0196098 -0.0654407 -0.00830417
FixedParameters: 0 0 0

#Transform 127
Transform: AffineTransform_float_3_3
Parameters: 0.999999 0.000735835 -0.000778135 -0.000733685 0.999997 0.0022976 0.000779717 -0.00229747 0.999997 -0.0305615 -0.0477624 0.017852
FixedParameters: 0 0 0

#Transform 128
Transform: AffineTransform_float_3_3
Parameters: 1 0.000739719 -0.000748264 -0.000737918 0.999998 0.00212025 0.000749565 -0.00211946 0.999997 -0.0215898 -0.0634452 -0.00427053
FixedParameters: 0 0 0

#Transform 129
Transform: AffineTransform_float_3_3
Parameters: 0.999999 0.00075164 -0.000659774 -0.000749839 0.999997 0.002493 0.000661701 -0.00249232 0.999996 -0.0190422 -0.0617812 0.00989719
FixedParameters: 0 0 0

#Transform 130
Transform: AffineTransform_float_3_3
Parameters: 1 0.000854885 -0.00065524 -0.000853756 0.999998 0.00186447 0.000656586 -0.0018634 0.999998 -0.0163634 -0.0628074 0.00589854
FixedParameters: 0 0 0

#Transform 131
Transform: AffineTransform_float_3_3
Parameters: 0.999999 0.000773151 -0.000498268 -0.00077194 0.999996 0.00270594 0.000500633 -0.00270522 0.999996 -0.0194932 -0.0484865 0.0388642
FixedParameters: 0 0 0

#Transform 132
Transform: AffineTransform_float_3_3
Parameters: 0.999999 0.000754459 -0.000635569 -0.000753602 0.999999 0.00164835 0.000637213 -0.00164768 0.999998 -0.0200621 -0.025926 0.0129502
FixedParameters: 0 0 0

#Transform 133
Transform: AffineTransform_float_3_3
Parameters: 0.999999 0.000754219 -0.000637661 -0.000753262 0.999998 0.00172145 0.000639414 -0.00172051 0.999999 -0.0105995 -0.0598943 0.0108599
FixedParameters: 0 0 0

#Transform 134
Transform: AffineTransform_float_3_3
Parameters: 1 0.000947573 -0.000731994 -0.000946111 0.999997 0.00189274 0.000733768 -0.00189236 0.999998 -0.0144629 -0.0384408 0.0268226
FixedParameters: 0 0 0

#Transform 135
Transform: AffineTransform_float_3_3
Parameters: 1 0.000743634 -0.000717244 -0.000742332 0.999998 0.00173013 0.000718966 -0.00172908 0.999998 -0.022672 -0.0605471 0.0239618
FixedParameters: 0 0 0

#Transform 136
Transform: AffineTransform_float_3_3
Parameters: 1 0.000967284 -0.000728289 -0.000966693 0.999998 0.00202286 0.000730533 -0.00202272 0.999998 -0.0137475 -0.0442144 0.0499996
FixedParameters: 0 0 0

#Transform 137
Transform: AffineTransform_float_3_3
Parameters: 0.999999 0.000753225 -0.000646342 -0.000751981 0.999997 0.00202432 0.000647557 -0.0020234 0.999997 -0.0194919 -0.0448305 0.020505
FixedParameters: 0 0 0

#Transform 138
Transform: AffineTransform_float_3_3
Parameters: 1 0.000750726 -0.000668147 -0.000748432 0.999996 0.002785 0.000670497 -0.00278405 0.999996 -0.0192021 -0.0529634 0.0037797
FixedParameters: 0 0 0

#Transform 139
Transform: AffineTransform_float_3_3
Parameters: 1 0.000952054 -0.000685121 -0.00095026 0.999997 0.00245017 0.000686967 -0.00244921 0.999997 -0.0150065 -0.0304207 -0.0062923
FixedParameters: 0 0 0

#Transform 140
Transform: AffineTransform_float_3_3
Parameters: 0.999999 0.00124001 -0.000789676 -0.00123686 0.999987 0.00477064 0.000796066 -0.00476979 0.999989 -0.00648562 -0.0708222 0.0171307
FixedParameters: 0 0 0

#Transform 141
Transform: AffineTransform_float_3_3
Parameters: 0.999999 0.00112463 -0.000759917 -0.00112131 0.99999 0.0042576 0.000764894 -0.00425724 0.99999 -0.0267096 -0.0745715 -0.0182431
FixedParameters: 0 0 0

#Transform 142
Transform: AffineTransform_float_3_3
Parameters: 0.999999 0.0013041 -0.000765611 -0.00130158 0.999993 0.00363401 0.000770448 -0.0036324 0.999993 -0.0256251 -0.0476621 -0.00777756
FixedParameters: 0 0 0

#Transform 143
Transform: AffineTransform_float_3_3
Parameters: 1 0.000987887 -0.000723738 -0.000985492 0.999993 0.00362387 0.000727271 -0.0036235 0.999993 -0.0329593 -0.0895187 -0.0259246
FixedParameters: 0 0 0

#Transform 144
Transform: AffineTransform_float_3_3
Parameters: 0.999999 0.00118342 -0.000738656 -0.00118043 0.999994 0.00324704 0.000742541 -0.00324566 0.999994 -0.0313101 -0.0428955 -0.0136951
FixedParameters: 0 0 0

#Transform 145
Transform: AffineTransform_float_3_3
Parameters: 0.999999 0.00103902 -0.000734118 -0.00103642 0.999993 0.00375073 0.000738293 -0.00375053 0.999993 -0.0241616 -0.0781336 -0.0494765
FixedParameters: 0 0 0

#Transform 146
Transform: AffineTransform_float_3_3
Parameters: 0.999999 0.00115978 -0.000751819 -0.00115708 0.999992 0.00381481 0.000756057 -0.00381442 0.999992 -0.0253618 -0.0380044 -0.0108613
FixedParameters: 0 0 0

#Transform 147
Transform: AffineTransform_float_3_3
Parameters: 1 0.000996045 -0.000713941 -0.000993083 0.999994 0.00324688 0.0007176 -0.0032458 0.999994 -0.0132163 -0.0537563 -0.0110633
FixedParameters: 0 0 0

#Transform 148
Transform: AffineTransform_float_3_3
Parameters: 0.999999 0.0010912 -0.000812957 -0.00108812 0.999992 0.00376274 0.000816557 -0.00376232 0.999992 -0.0154006 -0.0592436 -0.00780985
FixedParameters: 0 0 0

#Transform 149
Transform: AffineTransform_float_3_3
Parameters: 1 0.000981466 -0.000726961 -0.000978905 0.999993 0.00376466 0.000730701 -0.00376359 0.999992 -0.0188715 -0.011007 0.0183625
FixedParameters: 0 0 0

#Transform 150
Transform: AffineTransform_float_3_3
Parameters: 1 0.00106168 -0.000593349 -0.00105976 0.999991 0.00411996 0.000598458 -0.00411906 0.999991 -0.0243226 -0.0473008 0.013564
FixedParameters: 0 0 0

#Transform 151
Transform: AffineTransform_float_3_3
Parameters: 0.999999 0.00114149 -0.000735793 -0.00113937 0.999993 0.00334012 0.000739785 -0.0033395 0.999994 -0.0337905 -0.0265441 0.0169722
FixedParameters: 0 0 0

#Transform 152
Transform: AffineTransform_float_3_3
Parameters: 1 0.00105912 -0.000633248 -0.00105687 0.999994 0.00320446 0.000636269 -0.00320445 0.999994 -0.0380542 -0.0637266 0.0196606
FixedParameters: 0 0 0

#Transform 153
Transform: AffineTransform_float_3_3
Parameters: 0.999999 0.00114692 -0.000442102 -0.00114477 0.999993 0.00334845 0.000445883 -0.00334851 0.999995 -0.0309917 -0.043333 0.0409984
FixedParameters: 0 0 0

#Transform 154
Transform: AffineTransform_float_3_3
Parameters: 0.999999 0.00119261 -0.000823841 -0.00118953 0.999993 0.00371289 0.000828085 -0.00371228 0.999993 -0.0404359 -0.0207633 0.0455267
FixedParameters: 0 0 0

#Transform 155
Transform: AffineTransform_float_3_3
Parameters: 0.999999 0.00100424 -0.000875765 -0.00100178 0.999992 0.00367765 0.000878667 -0.00367698 0.999993 -0.0255523 -0.0636227 0.0271125
FixedParameters: 0 0 0

#Transform 156
Transform: AffineTransform_float_3_3
Parameters: 0.999999 0.00101343 -0.000773993 -0.00100999 0.999993 0.00339545 0.000777074 -0.00339398 0.999994 -0.0336155 -0.0185192 0.0290205
FixedParameters: 0 0 0

#Transform 157
Transform: AffineTransform_float_3_3
Parameters: 0.999999 0.00111506 -0.000792022 -0.00111217 0.999993 0.00366239 0.000796539 -0.00366099 0.999993 -0.0298331 -0.0651946 -0.00442592
FixedParameters: 0 0 0

#Transform 158
Transform: AffineTransform_float_3_3
Parameters: 0.999999 0.00107935 -0.000788153 -0.00107641 0.999992 0.00379639 0.000791706 -0.00379508 0.999992 -0.0307851 -0.0622353 0.0147467
FixedParameters: 0 0 0

#Transform 159
Transform: AffineTransform_float_3_3
Parameters: 0.999999 0.0010373 -0.000908652 -0.0010343 0.999992 0.00379291 0.000913003 -0.00379111 0.999993 -0.0319734 -0.0367061 0.0127552
FixedParameters: 0 0 0

#Transform 160
Transform: AffineTransform_float_3_3
Parameters: 1 0.000724749 -0.00086984 -0.000720794 0.999992 0.00386957 0.000872814 -0.00386935 0.999992 -0.0214847 -0.0814936 -0.00250767
FixedParameters: 0 0 0

#Transform 161
Transform: AffineTransform_float_3_3
Parameters: 0.999999 0.00105924 -0.000811969 -0.00105571 0.999991 0.00408487 0.000815985 -0.00408327 0.999992 -0.0315337 -0.0512086 0.00641382
FixedParameters: 0 0 0

#Transform 162
Transform: AffineTransform_float_3_3
Parameters: 0.999999 0.000981773 -0.00090136 -0.000977848 0.999993 0.00379285 0.000905151 -0.00379117 0.999993 -0.0296795 -0.0620694 -0.0101246
FixedParameters: 0 0 0

#Transform 163
Transform: AffineTransform_float_3_3
Parameters: 0.999999 0.00108853 -0.000927698 -0.00108484 0.999991 0.00422167 0.000932422 -0.004221 0.99999 -0.0294728 -0.0827941 -0.0143359
FixedParameters: 0 0 0

#Transform 164
Transform: AffineTransform_float_3_3
Parameters: 0.999999 0.00131878 -0.000747168 -0.00131611 0.999991 0.00394573 0.000751981 -0.00394514 0.999992 -0.0315977 -0.0425537 -0.00983396
FixedParameters: 0 0 0

#Transform 165
Transform: AffineTransform_float_3_3
Parameters: 1 0.00110365 -0.000542087 -0.00110229 0.999991 0.00393567 0.000547159 -0.00393553 0.999992 -0.0307639 -0.078699 -0.0257539
FixedParameters: 0 0 0

#Transform 166
Transform: AffineTransform_float_3_3
Parameters: 0.999999 0.00117341 -0.000649001 -0.00117014 0.99999 0.00414304 0.000653984 -0.00414261 0.999992 -0.0295376 -0.0499587 -0.0111081
FixedParameters: 0 0 0

#Transform 167
Transform: AffineTransform_float_3_3
Parameters: 0.999999 0.00130929 -0.000672529 -0.00130744 0.999993 0.00363665 0.000677414 -0.00363527 0.999993 -0.0212808 -0.048938 -0.022251
FixedParameters: 0 0 0

#Transform 168
Transform: AffineTransform_float_3_3
Parameters: 0.999999 0.00118023 -0.00076579 -0.00117716 0.999991 0.00403258 0.000770673 -0.00403116 0.999991 -0.00898975 -0.0951001 -0.0370841
FixedParameters: 0 0 0

#Transform 169
Transform: AffineTransform_float_3_3
Parameters: 0.999999 0.00129303 -0.000773873 -0.0012892 0.999992 0.00379778 0.000778915 -0.00379617 0.999992 -0.0177978 -0.0367115 -0.0185269
FixedParameters: 0 0 0

#Transform 170
Transform: AffineTransform_float_3_3
Parameters: 0.999999 0.00121004 -0.000614772 -0.00120742 0.999992 0.00380188 0.000619198 -0.00380079 0.999992 -0.0194704 -0.06999 -0.0224679
FixedParameters: 0 0 0

#Transform 171
Transform: AffineTransform_float_3_3
Parameters: 1 0.000746516 -0.000703986 -0.000743854 0.999992 0.00386243 0.000707123 -0.00386241 0.999993 -0.0300691 -0.0698062 -0.0054931
FixedParameters: 0 0 0

#Transform 172
Transform: AffineTransform_float_3_3
Parameters: 0.999999 0.00127268 -0.000721238 -0.00127032 0.999992 0.00374415 0.000726128 -0.0037427 0.999992 -0.0183181 -0.0395313 -0.0168111
FixedParameters: 0 0 0

#Transform 173
Transform: AffineTransform_float_3_3
Parameters: 0.999999 0.00115228 -0.000609201 -0.0011497 0.999992 0.00380178 0.000613188 -0.00380077 0.999992 -0.0206182 -0.0787813 -0.025971
FixedParameters: 0 0 0

#Transform 174
Transform: AffineTransform_float_3_3
Parameters: 0.999999 0.0012612 -0.000885635 -0.00125752 0.999992 0.00379462 0.000890561 -0.00379251 0.999993 0.000570113 -0.0624708 -0.00666644
FixedParameters: 0 0 0

#Transform 175
Transform: AffineTransform_float_3_3
Parameters: 0.999999 0.00139228 -0.000777074 -0.0013899 0.999993 0.00345204 0.000782069 -0.00345122 0.999994 0.00511412 -0.0576564 -0.0214604
FixedParameters: 0 0 0

#Transform 176
Transform: AffineTransform_float_3_3
Parameters: 0.999999 0.00116612 -0.000757205 -0.00116341 0.999992 0.00379767 0.000761421 -0.00379629 0.999992 0.00694811 -0.0937812 -0.0293733
FixedParameters: 0 0 0

#Transform 177
Transform: AffineTransform_float_3_3
Parameters: 0.999999 0.00124246 -0.000767232 -0.00123968 0.999992 0.00379774 0.000772027 -0.00379622 0.999992 -0.00393282 -0.0542775 -0.0232934
FixedParameters: 0 0 0

#Transform 178
Transform: AffineTransform_float_3_3
Parameters: 0.999999 0.00123129 4.68589e-05 -0.00123081 0.999991 0.00410072 -4.19491e-05 -0.00410029 0.999991 -0.014191 -0.0816742 -0.0476777
FixedParameters: 0 0 0

#Transform 179
Transform: AffineTransform_float_3_3
Parameters: 0.999999 0.00144913 -9.16877e-05 -0.00144864 0.99999 0.00410169 9.75603e-05 -0.00410186 0.999991 -0.0116158 -0.0536917 -0.0238184
FixedParameters: 0 0 0

#Transform 180
Transform: AffineTransform_float_3_3
Parameters: 0.999999 0.00133845 -0.000343504 -0.00133687 0.999992 0.00356998 0.000349139 -0.00356943 0.999993 -0.0127937 -0.0688636 -0.0396633
FixedParameters: 0 0 0

#Transform 181
Transform: AffineTransform_float_3_3
Parameters: 0.999998 0.00154712 -0.000513166 -0.00154544 0.999992 0.0038171 0.000519223 -0.0038162 0.999992 -0.00619877 -0.10309 -0.0308729
FixedParameters: 0 0 0

#Transform 182
Transform: AffineTransform_float_3_3
Parameters: 0.999999 0.00178888 -0.000392803 -0.00178728 0.999991 0.00364655 0.000398956 -0.0036456 0.999994 -0.00206465 -0.0603797 -0.0239385
FixedParameters: 0 0 0

#Transform 183
Transform: AffineTransform_float_3_3
Parameters: 0.999999 0.00170639 -0.000598432 -0.00170404 0.999992 0.00377344 0.000605576 -0.00377304 0.999993 -0.0114026 -0.10135 -0.024423
FixedParameters: 0 0 0

#Transform 184
Transform: AffineTransform_float_3_3
Parameters: 0.999999 0.00173357 -0.000391608 -0.00173286 0.999991 0.0038623 0.000398251 -0.00386165 0.999992 -0.0106474 -0.0473548 -0.0249852
FixedParameters: 0 0 0

#Transform 185
Transform: AffineTransform_float_3_3
Parameters: 0.999998 0.00159332 -0.00037659 -0.0015917 0.999991 0.0039823 0.000382402 -0.00398155 0.999992 -0.0186394 -0.0921335 -0.0587047
FixedParameters: 0 0 0

#Transform 186
Transform: AffineTransform_float_3_3
Parameters: 0.999999 0.00140369 -0.000353798 -0.00140207 0.999991 0.00405516 0.000359295 -0.00405459 0.999991 -0.0113218 -0.0703155 -0.0429153
FixedParameters: 0 0 0

#Transform 187
Transform: AffineTransform_float_3_3
Parameters: 0.999998 0.00173339 -0.000392767 -0.0017327 0.999991 0.00390442 0.000399562 -0.0039035 0.999993 -0.0033092 -0.0711395 -0.0688547
FixedParameters: 0 0 0

#Transform 188
Transform: AffineTransform_float_3_3
Parameters: 0.999998 0.00155927 -0.000374616 -0.00155767 0.999991 0.00407011 0.00038044 -0.00406966 0.999991 0.00950676 -0.097225 -0.0560514
FixedParameters: 0 0 0

#Transform 189
Transform: AffineTransform_float_3_3
Parameters: 0.999999 0.00135408 -0.00034758 -0.0013525 0.999991 0.00406513 0.000352702 -0.00406462 0.999991 -0.00384769 -0.0466833 -0.058112
FixedParameters: 0 0 0

#Transform 190
Transform: AffineTransform_float_3_3
