# transform file /out/sourcedata/freesurfer/sub-v1s22x0050435_ses-1/mri/transforms/cc_up.lta
# created by oesteban on Mon Mar  9 13:36:55 2026

type      = 0 # LINEAR_VOX_TO_VOX
nxforms   = 1
mean      = 126.0000 100.0000 121.0000
sigma     = 10000.0000
1 4 4
9.999247789382935e-01 -1.225248724222183e-02 4.088228743057698e-04 2.944285154342651e+00 
1.225248631089926e-02 9.999248981475830e-01 5.009474079997744e-06 4.646163177490234e+01 
-4.088535788469017e-04 -4.547472966763555e-13 9.999998807907104e-01 1.705152702331543e+01 
0.000000000000000e+00 0.000000000000000e+00 0.000000000000000e+00 1.000000000000000e+00 
src volume info
valid = 1  # volume info valid
filename = /out/sourcedata/freesurfer/sub-v1s22x0050435_ses-1/mri/norm.mgz
volume = 256 256 256
voxelsize = 1.000000000000000e+00 1.000000000000000e+00 1.000000000000000e+00
xras   = -1.000000000000000e+00 0.000000000000000e+00 0.000000000000000e+00
yras   = 0.000000000000000e+00 0.000000000000000e+00 -1.000000000000000e+00
zras   = 0.000000000000000e+00 1.000000000000000e+00 0.000000000000000e+00
cras   = 2.923637390136719e+00 4.605679321289062e+01 -2.770217895507812e+00
dst volume info
valid = 1  # volume info valid
filename = /out/sourcedata/freesurfer/sub-v1s22x0050435_ses-1/mri/norm.mgz
volume = 256 256 256
voxelsize = 1.000000000000000e+00 1.000000000000000e+00 1.000000000000000e+00
xras   = -1.000000000000000e+00 0.000000000000000e+00 0.000000000000000e+00
yras   = 0.000000000000000e+00 0.000000000000000e+00 -1.000000000000000e+00
zras   = 0.000000000000000e+00 1.000000000000000e+00 0.000000000000000e+00
cras   = 2.923637390136719e+00 4.605679321289062e+01 -2.770217895507812e+00
