# transform file /out/sourcedata/freesurfer/sub-v1s22x0050509_ses-1/mri/transforms/cc_up.lta
# created by oesteban on Mon Mar  9 17:49:29 2026

type      = 0 # LINEAR_VOX_TO_VOX
nxforms   = 1
mean      = 129.0000 118.0000 114.0000
sigma     = 10000.0000
1 4 4
9.996826648712158e-01 2.518465742468834e-02 5.687181837856770e-04 -4.480356216430664e+00 
-2.518465369939804e-02 9.996827840805054e-01 -1.432751741958782e-05 3.728252029418945e+01 
-5.688986275345087e-04 0.000000000000000e+00 9.999998807907104e-01 2.707345771789551e+01 
0.000000000000000e+00 0.000000000000000e+00 0.000000000000000e+00 1.000000000000000e+00 
src volume info
valid = 1  # volume info valid
filename = /out/sourcedata/freesurfer/sub-v1s22x0050509_ses-1/mri/norm.mgz
volume = 256 256 256
voxelsize = 1.000000000000000e+00 1.000000000000000e+00 1.000000000000000e+00
xras   = -1.000000000000000e+00 0.000000000000000e+00 0.000000000000000e+00
yras   = 0.000000000000000e+00 0.000000000000000e+00 -1.000000000000000e+00
zras   = 0.000000000000000e+00 1.000000000000000e+00 0.000000000000000e+00
cras   = -4.049728393554688e+00 3.985825347900391e+01 -1.439248657226562e+01
dst volume info
valid = 1  # volume info valid
filename = /out/sourcedata/freesurfer/sub-v1s22x0050509_ses-1/mri/norm.mgz
volume = 256 256 256
voxelsize = 1.000000000000000e+00 1.000000000000000e+00 1.000000000000000e+00
xras   = -1.000000000000000e+00 0.000000000000000e+00 0.000000000000000e+00
yras   = 0.000000000000000e+00 0.000000000000000e+00 -1.000000000000000e+00
zras   = 0.000000000000000e+00 1.000000000000000e+00 0.000000000000000e+00
cras   = -4.049728393554688e+00 3.985825347900391e+01 -1.439248657226562e+01
