#Insight Transform File V1.0
#Transform 0
Transform: AffineTransform_float_3_3
Parameters: 1 0.000257257 0.000255301 -0.000258687 0.999996 0.00288293 -0.000254813 -0.00288306 0.999996 0.030616 -0.131852 0.213225
FixedParameters: 0 0 0

#Transform 1
Transform: AffineTransform_float_3_3
Parameters: 1 0.000200583 0.000409011 -0.000201959 0.999996 0.00290692 -0.000407801 -0.00290708 0.999995 0.028416 -0.131963 0.185979
FixedParameters: 0 0 0

#Transform 2
Transform: AffineTransform_float_3_3
Parameters: 1 0.000302837 0.000315198 -0.000303413 0.999997 0.0025049 -0.000313639 -0.00250509 0.999997 0.0469672 -0.104634 0.166056
FixedParameters: 0 0 0

#Transform 3
Transform: AffineTransform_float_3_3
Parameters: 1 0.000192335 0.000163197 -0.000192903 0.999998 0.00174197 -0.000162525 -0.00174203 0.999998 0.0413707 -0.0726839 0.09325
FixedParameters: 0 0 0

#Transform 4
Transform: AffineTransform_float_3_3
Parameters: 1 -3.1662e-06 7.5934e-05 2.93383e-06 0.999999 0.00153 -7.59433e-05 -0.00153 0.999999 0.0459555 -0.0699256 0.0956415
FixedParameters: 0 0 0

#Transform 5
Transform: AffineTransform_float_3_3
Parameters: 1 0.000230542 -3.24901e-05 -0.000230421 0.999999 0.00124001 3.20625e-05 -0.00123999 0.999999 0.050187 -0.0571428 0.0991907
FixedParameters: 0 0 0

#Transform 6
Transform: AffineTransform_float_3_3
Parameters: 1 -2.03187e-06 4.89579e-05 1.90105e-06 0.999999 0.001336 -4.89631e-05 -0.001336 0.999999 0.0203953 -0.0636022 0.14506
FixedParameters: 0 0 0

#Transform 7
Transform: AffineTransform_float_3_3
Parameters: 1 -3.58283e-06 8.69262e-05 3.4001e-06 1 0.001051 -8.69336e-05 -0.001051 1 0.0178467 -0.0215857 0.0815605
FixedParameters: 0 0 0

#Transform 8
Transform: AffineTransform_float_3_3
Parameters: 1 -4.78487e-06 0.000115901 4.5257e-06 1 0.001118 -0.000115912 -0.001118 1 0.0204592 -0.0516794 0.079562
FixedParameters: 0 0 0

#Transform 9
Transform: AffineTransform_float_3_3
Parameters: 1 0.00016409 0.000122847 -0.000164327 0.999999 0.000963979 -0.00012253 -0.000964019 0.999999 0.0190146 -0.0253212 0.0516495
FixedParameters: 0 0 0

#Transform 10
Transform: AffineTransform_float_3_3
Parameters: 1 1.56587e-05 -0.000378676 -1.47612e-05 1 0.00118501 0.000378712 -0.00118499 0.999999 0.0422796 -0.072891 0.0384981
FixedParameters: 0 0 0

#Transform 11
Transform: AffineTransform_float_3_3
Parameters: 1 0.000111178 0.00012063 -0.000111325 1 0.000610986 -0.000120494 -0.000611013 1 0.0180469 -0.0113372 0.0487339
FixedParameters: 0 0 0

#Transform 12
Transform: AffineTransform_float_3_3
Parameters: 1 -0.000172605 0.00010903 0.000172435 0.999999 0.000780018 -0.000109299 -0.000779981 0.999999 0.00416785 -0.0407053 0.0574104
FixedParameters: 0 0 0

#Transform 13
Transform: AffineTransform_float_3_3
Parameters: 1 -0.000208576 0.000107554 0.000208405 0.999999 0.000793022 -0.000107885 -0.000792977 0.999999 -0.00564769 -0.015424 0.0464495
FixedParameters: 0 0 0

#Transform 14
Transform: AffineTransform_float_3_3
Parameters: 1 -4.67337e-06 0.000115906 4.63721e-06 1 0.000156001 -0.000115907 -0.000155999 1 -0.003292 0.0133667 0.0198741
FixedParameters: 0 0 0

#Transform 15
Transform: AffineTransform_float_3_3
Parameters: 1 2.82482e-07 -6.9943e-06 -2.79363e-07 1 0.000223 6.99442e-06 -0.000223 1 0.00197689 -0.00231736 0.0146015
FixedParameters: 0 0 0

#Transform 16
Transform: AffineTransform_float_3_3
Parameters: 1 -6.65934e-05 0.000113425 6.66172e-05 1 -0.000104992 -0.000113411 0.000105008 1 -0.00403294 0.0462427 0.010484
FixedParameters: 0 0 0

#Transform 17
Transform: AffineTransform_float_3_3
Parameters: 1 5.00348e-06 -0.000123899 -4.94921e-06 1 0.000219001 0.000123901 -0.000218999 1 0.00373238 0.0112452 0.00614879
FixedParameters: 0 0 0

#Transform 18
Transform: AffineTransform_float_3_3
Parameters: 1 -4.67754e-06 0.000115906 4.63303e-06 1 0.000192001 -0.000115907 -0.000191999 1 -0.00329172 0.0117555 0.0222236
FixedParameters: 0 0 0

#Transform 19
Transform: AffineTransform_float_3_3
Parameters: 1 -4.6707e-06 0.000115906 4.63987e-06 1 0.000133001 -0.000115907 -0.000132999 1 -0.00329321 0.0298034 0.0100928
FixedParameters: 0 0 0

#Transform 20
Transform: AffineTransform_float_3_3
Parameters: 1 6.52998e-05 0.000118709 -6.52768e-05 1 -9.70077e-05 -0.000118722 9.69922e-05 1 -0.00251737 0.00662928 0.0128587
FixedParameters: 0 0 0

#Transform 21
Transform: AffineTransform_float_3_3
Parameters: 1 -4.66989e-06 0.000115906 4.64068e-06 1 0.000126001 -0.000115907 -0.000125999 1 -0.00329369 0.0291418 0.00589281
FixedParameters: 0 0 0

#Transform 22
Transform: AffineTransform_float_3_3
Parameters: 1 -0.000108322 -6.93714e-05 0.000108282 1 -0.000285007 6.94331e-05 0.000284992 1 0.00320066 0.0527979 -0.0104537
FixedParameters: 0 0 0

#Transform 23
Transform: AffineTransform_float_3_3
Parameters: 1 -9.56328e-07 2.39809e-05 9.69997e-07 1 -0.000285 -2.39804e-05 0.000285 1 0.000651169 0.0513114 0.0313332
FixedParameters: 0 0 0

#Transform 24
Transform: AffineTransform_float_3_3
Parameters: 1 -4.62225e-06 0.000115908 4.68832e-06 1 -0.000284999 -0.000115905 0.000285001 1 -0.00329207 0.0149425 0.0193118
FixedParameters: 0 0 0

#Transform 25
Transform: AffineTransform_float_3_3
Parameters: 1 0.000291006 -0.000169507 -0.000291065 1 -0.000173951 0.000169406 0.000174049 1 0.0127169 0.0590648 0.0112344
FixedParameters: 0 0 0

#Transform 26
Transform: AffineTransform_float_3_3
Parameters: 1 9.1301e-06 -0.000226816 -9.08973e-06 1 8.90021e-05 0.000226818 -8.89979e-05 1 0.0175986 0.00676617 -0.00579084
FixedParameters: 0 0 0

#Transform 27
Transform: AffineTransform_float_3_3
Parameters: 1 6.57476e-06 -0.000164869 -6.66873e-06 1 -0.000284999 0.000164865 0.000285001 1 0.00874459 0.0565626 0.0239113
FixedParameters: 0 0 0

#Transform 28
Transform: AffineTransform_float_3_3
Parameters: 1 -6.20693e-05 -9.95611e-05 6.20388e-05 1 -0.000153006 9.958e-05 0.000152994 1 0.00504755 0.0131628 -0.00247429
FixedParameters: 0 0 0

#Transform 29
Transform: AffineTransform_float_3_3
Parameters: 1 8.40011e-05 -0.000247832 -8.40259e-05 1 -4.99792e-05 0.000247824 5.00208e-05 1 0.013244 0.0289431 -0.00335176
FixedParameters: 0 0 0

#Transform 30
Transform: AffineTransform_float_3_3
Parameters: 1 1.00249e-05 -0.0002508 -1.01212e-05 1 -0.000191997 0.000250796 0.000192003 1 0.0124154 0.0178299 -0.0178339
FixedParameters: 0 0 0

#Transform 31
Transform: AffineTransform_float_3_3
Parameters: 1 1.00314e-05 -0.000250799 -1.01147e-05 1 -0.000165997 0.000250796 0.000166003 1 0.0124084 0.0314696 0.0104719
FixedParameters: 0 0 0

#Transform 32
Transform: AffineTransform_float_3_3
Parameters: 1 1.00016e-05 -0.000250801 -1.01446e-05 1 -0.000284997 0.000250795 0.000285002 1 0.0124177 0.027527 -0.0264667
FixedParameters: 0 0 0

#Transform 33
Transform: AffineTransform_float_3_3
Parameters: 1 -0.000145053 -0.00044821 0.000145207 1 0.000171935 0.00044816 -0.000172065 1 0.0187312 0.00184653 -0.0177295
FixedParameters: 0 0 0

#Transform 34
Transform: AffineTransform_float_3_3
Parameters: 1 1.00016e-05 -0.000250801 -1.01446e-05 1 -0.000284997 0.000250795 0.000285002 1 0.00612072 0.0396964 -0.0182628
FixedParameters: 0 0 0

#Transform 35
Transform: AffineTransform_float_3_3
Parameters: 1 1.00272e-05 -0.0002508 -1.0119e-05 1 -0.000182997 0.000250796 0.000183003 1 0.012413 0.0170776 -0.00826424
FixedParameters: 0 0 0

#Transform 36
Transform: AffineTransform_float_3_3
Parameters: 1 -1.87451e-05 0.000411573 1.63218e-05 0.999985 0.005371 -0.000411681 -0.00537099 0.999985 -0.00788217 -0.238126 0.265679
FixedParameters: 0 0 0

#Transform 37
Transform: AffineTransform_float_3_3
Parameters: 0.999999 -1.04563e-05 0.0013592 -3.34082e-06 0.999947 0.010234 -0.00135971 -0.010234 0.999946 -0.0203399 -0.470838 0.454778
FixedParameters: 0 0 0

#Transform 38
Transform: AffineTransform_float_3_3
Parameters: 0.999999 -0.00015181 0.00088798 0.000146724 0.999984 0.00565313 -0.000888468 -0.00565287 0.999983 -0.0109597 -0.23657 0.280601
FixedParameters: 0 0 0

#Transform 39
Transform: AffineTransform_float_3_3
Parameters: 1 0.000248492 0.000400411 -0.000250817 0.999991 0.0042079 -0.000399269 -0.0042081 0.999991 0.0242272 -0.125917 0.288035
FixedParameters: 0 0 0

#Transform 40
Transform: AffineTransform_float_3_3
Parameters: 1 -0.000188613 9.65354e-06 0.00018849 0.999992 0.004174 -1.02284e-05 -0.004174 0.999992 0.0420219 -0.176622 0.2336
FixedParameters: 0 0 0

#Transform 41
Transform: AffineTransform_float_3_3
Parameters: 1 -0.000143685 -0.000262518 0.000144516 0.999994 0.00349296 0.000261471 -0.00349304 0.999994 0.0702515 -0.121787 0.189127
FixedParameters: 0 0 0

#Transform 42
Transform: AffineTransform_float_3_3
Parameters: 0.999999 -0.000425088 -0.00063584 0.000426621 0.999996 0.00281173 0.000634364 -0.00281227 0.999996 0.0822621 -0.104153 0.14076
FixedParameters: 0 0 0

#Transform 43
Transform: AffineTransform_float_3_3
Parameters: 1 -0.000280713 -0.000434379 0.000281895 0.999996 0.00255888 0.000433898 -0.00255912 0.999996 0.0756851 -0.0925707 0.130495
FixedParameters: 0 0 0

#Transform 44
Transform: AffineTransform_float_3_3
Parameters: 1 -0.000433925 -0.000432907 0.00043504 0.999996 0.00253481 0.000432663 -0.00253519 0.999996 0.0905019 -0.0932056 0.166557
FixedParameters: 0 0 0

#Transform 45
Transform: AffineTransform_float_3_3
Parameters: 0.999999 -0.000360896 -0.000651762 0.000362392 0.999998 0.00194476 0.000651314 -0.00194524 0.999998 0.0939912 -0.0405507 0.146737
FixedParameters: 0 0 0

#Transform 46
Transform: AffineTransform_float_3_3
Parameters: 1 -0.000414898 -0.000886335 0.000416667 0.999997 0.00214859 0.000885466 -0.00214941 0.999998 0.109245 -0.0752715 0.130716
FixedParameters: 0 0 0

#Transform 47
Transform: AffineTransform_float_3_3
Parameters: 0.999999 -0.000366307 -0.00078314 0.000368486 0.999998 0.00203071 0.000781607 -0.00203129 0.999997 0.105869 -0.0707715 0.149399
FixedParameters: 0 0 0

#Transform 48
Transform: AffineTransform_float_3_3
Parameters: 1 -0.000223376 -0.000645832 0.000225173 0.999999 0.00139185 0.000645207 -0.00139214 0.999999 0.0960169 -0.00892591 0.125452
FixedParameters: 0 0 0

#Transform 49
Transform: AffineTransform_float_3_3
Parameters: 1 -0.000509812 -0.000904005 0.000511475 0.999999 0.0014945 0.000903438 -0.0014955 0.999999 0.117598 -0.0746931 0.101589
FixedParameters: 0 0 0

#Transform 50
Transform: AffineTransform_float_3_3
Parameters: 1 -0.000435754 -0.00040425 0.000436496 1 0.000966825 0.000404406 -0.000967177 1 0.0910749 -0.0410258 0.082583
FixedParameters: 0 0 0

#Transform 51
Transform: AffineTransform_float_3_3
Parameters: 0.999999 -0.000420212 -0.000784866 0.000421457 0.999999 0.000818629 0.000785176 -0.00081937 1 0.107366 -0.0343866 0.0779521
FixedParameters: 0 0 0

#Transform 52
Transform: AffineTransform_float_3_3
Parameters: 1 -0.000221853 -0.000397454 0.000221622 0.999999 0.000966872 0.000396985 -0.000967128 1 0.0936481 -0.0421365 0.123617
FixedParameters: 0 0 0

#Transform 53
Transform: AffineTransform_float_3_3
Parameters: 1 -0.00028287 -0.000399911 0.000283505 0.999999 0.000793886 0.000399462 -0.000794112 0.999999 0.0753755 -0.0404611 0.103841
FixedParameters: 0 0 0

#Transform 54
Transform: AffineTransform_float_3_3
Parameters: 1 -0.000291733 -0.000400375 0.000292629 1 0.00111988 0.000399721 -0.00112012 1 0.0927521 -0.0486941 0.117601
FixedParameters: 0 0 0

#Transform 55
Transform: AffineTransform_float_3_3
Parameters: 1 -0.000198888 -0.0003965 0.000199623 0.999999 0.00092692 0.000396131 -0.000927078 0.999999 0.0938589 -0.0206971 0.103062
FixedParameters: 0 0 0

#Transform 56
Transform: AffineTransform_float_3_3
Parameters: 1 -0.000435262 -0.000415284 0.000436106 1 0.00106482 0.000415355 -0.00106518 1 0.0915511 -0.0459364 0.100462
FixedParameters: 0 0 0

#Transform 57
Transform: AffineTransform_float_3_3
Parameters: 1 -0.000118171 -0.00026804 0.000118512 1 0.000635968 0.00026789 -0.000636031 1 0.0768651 -0.000431518 0.118501
FixedParameters: 0 0 0

#Transform 58
Transform: AffineTransform_float_3_3
Parameters: 1 -0.000163111 -0.000635217 0.000164179 0.999999 0.000840856 0.000634941 -0.000841144 1 0.107494 -0.0456319 0.089944
FixedParameters: 0 0 0

#Transform 59
Transform: AffineTransform_float_3_3
Parameters: 1 -5.14963e-05 -0.000576584 5.13123e-05 0.999999 0.00070697 0.000576471 -0.000707029 0.999999 0.108254 -0.0299628 0.104789
FixedParameters: 0 0 0

#Transform 60
Transform: AffineTransform_float_3_3
Parameters: 0.999999 -0.000420476 -0.000780816 0.000421554 0.999999 0.000690629 0.000780234 -0.00069037 1 0.121294 -0.0298299 0.0998707
FixedParameters: 0 0 0

#Transform 61
Transform: AffineTransform_float_3_3
Parameters: 0.999999 -0.000419363 -0.000803887 0.000419782 0.999999 0.000906623 0.000804085 -0.000907377 1 0.124388 -0.039265 0.101643
FixedParameters: 0 0 0

#Transform 62
Transform: AffineTransform_float_3_3
Parameters: 0.999999 -0.000120552 -0.000700494 0.000120425 1 0.000622915 0.000700304 -0.000623084 0.999999 0.113846 -0.0268577 0.113416
FixedParameters: 0 0 0

#Transform 63
Transform: AffineTransform_float_3_3
Parameters: 0.999999 2.23247e-05 -0.000948889 -2.0872e-05 0.999999 0.00129202 0.000948905 -0.00129198 0.999998 0.13127 -0.0733126 0.0896102
FixedParameters: 0 0 0

#Transform 64
Transform: AffineTransform_float_3_3
Parameters: 0.999999 -0.000233803 -0.000830397 0.000234949 0.999999 0.00129181 0.000829751 -0.00129219 0.999999 0.127014 -0.0731651 0.0701034
FixedParameters: 0 0 0

#Transform 65
Transform: AffineTransform_float_3_3
Parameters: 1 -1.36848e-05 -0.000688147 1.40681e-05 1 0.00103299 0.000689077 -0.00103301 0.999999 0.108785 -0.0385811 0.0952147
FixedParameters: 0 0 0

#Transform 66
Transform: AffineTransform_float_3_3
Parameters: 1 -0.000318733 -0.000447587 0.000318851 0.999999 0.00129186 0.000447722 -0.00129214 0.999999 0.0945536 -0.0731564 0.0651722
FixedParameters: 0 0 0

#Transform 67
Transform: AffineTransform_float_3_3
Parameters: 1 -0.000244427 -0.000552547 0.00024464 1 0.00109687 0.00055197 -0.00109714 0.999999 0.0999306 -0.0500462 0.0821529
FixedParameters: 0 0 0

#Transform 68
Transform: AffineTransform_float_3_3
Parameters: 1 -0.000201754 -0.000618809 0.000202919 0.999999 0.000940834 0.000618428 -0.000941165 1 0.103279 -0.0513974 0.0930785
FixedParameters: 0 0 0

#Transform 69
Transform: AffineTransform_float_3_3
Parameters: 1 -0.000181571 -0.000669054 0.000183037 1 0.00109588 0.000668655 -0.00109612 0.999999 0.111392 -0.0559302 0.075977
FixedParameters: 0 0 0

#Transform 70
Transform: AffineTransform_float_3_3
Parameters: 0.999999 -9.58075e-05 -0.00087572 9.70708e-05 0.999999 0.00129192 0.00087543 -0.00129208 0.999999 0.128409 -0.043288 0.0791453
FixedParameters: 0 0 0

#Transform 71
Transform: AffineTransform_float_3_3
Parameters: 0.999999 0.000426367 -0.000694812 -0.0004251 0.999998 0.00160129 0.000695136 -0.0016007 0.999998 0.0930806 -0.0589536 0.192953
FixedParameters: 0 0 0

#Transform 72
Transform: AffineTransform_float_3_3
Parameters: 1 0.000477818 -0.000201225 -0.000478123 0.999998 0.0016221 0.000201736 -0.0016219 0.999998 0.0739387 -0.0814151 0.178827
FixedParameters: 0 0 0

#Transform 73
Transform: AffineTransform_float_3_3
Parameters: 1 0.000441199 -0.000250854 -0.000441616 0.999999 -0.000831889 0.00025012 0.00083211 0.999999 0.0870376 0.0983728 -0.00283988
FixedParameters: 0 0 0

#Transform 74
Transform: AffineTransform_float_3_3
Parameters: 1 -0.000397524 -0.000401919 0.000396828 0.999999 -0.000865159 0.000402607 0.000864839 0.999999 0.0886397 0.0705738 0.0312981
FixedParameters: 0 0 0

#Transform 75
Transform: AffineTransform_float_3_3
Parameters: 1 -0.000459005 -0.000470263 0.000457988 1 -0.00112422 0.000470295 0.00112378 1 0.0934244 0.0915588 0.0436244
FixedParameters: 0 0 0

#Transform 76
Transform: AffineTransform_float_3_3
Parameters: 1 -0.000441816 -0.000241611 0.000441478 0.999999 -0.000698106 0.000242227 0.000697893 0.999999 0.0840171 0.0366746 0.0123461
FixedParameters: 0 0 0

#Transform 77
Transform: AffineTransform_float_3_3
Parameters: 1 -0.000441134 -0.000257685 0.000440916 1 -0.000500113 0.000257127 0.000499886 1 0.0846539 0.0656332 0.0197626
FixedParameters: 0 0 0

#Transform 78
Transform: AffineTransform_float_3_3
Parameters: 1 -0.000442797 -0.000217558 0.000442464 0.999999 -0.000859096 0.000217319 0.000858903 0.999999 0.0829913 0.0624519 0.0262726
FixedParameters: 0 0 0

#Transform 79
Transform: AffineTransform_float_3_3
Parameters: 1 -0.000444782 -0.000166646 0.000444531 0.999999 -0.000750074 0.000167313 0.000749925 0.999999 0.080837 0.0520009 0.0237447
FixedParameters: 0 0 0

#Transform 80
Transform: AffineTransform_float_3_3
Parameters: 1 -0.000441784 -0.000245381 0.000441188 0.999999 -0.00121211 0.000246451 0.00121189 0.999999 0.0841754 0.11089 0.0214012
FixedParameters: 0 0 0

#Transform 81
Transform: AffineTransform_float_3_3
Parameters: 1 -7.05612e-05 -0.000398048 6.95961e-05 1 -0.00121203 0.000398218 0.00121197 0.999999 0.0777686 0.13676 0.0141735
FixedParameters: 0 0 0

#Transform 82
Transform: AffineTransform_float_3_3
Parameters: 1 -5.73313e-05 -0.000477613 5.742e-05 0.999999 -0.000953068 0.000477763 0.000952933 1 0.0948061 0.0524565 0.0173574
FixedParameters: 0 0 0

#Transform 83
Transform: AffineTransform_float_3_3
Parameters: 1 2.27272e-05 -0.000578554 -2.37454e-05 0.999999 -0.000880027 0.000578513 0.000879973 1 0.104445 0.0499653 0.00520738
FixedParameters: 0 0 0

#Transform 84
Transform: AffineTransform_float_3_3
Parameters: 1 -0.000415335 -0.00090523 0.000414664 1 -0.000371375 0.000905538 0.000370624 0.999999 0.112596 0.0283317 -0.0246219
FixedParameters: 0 0 0

#Transform 85
Transform: AffineTransform_float_3_3
Parameters: 0.999999 -6.89226e-05 -0.000947429 6.81367e-05 0.999999 -0.000942105 0.000947598 0.000941895 0.999999 0.118798 0.0875455 -0.0160133
FixedParameters: 0 0 0

#Transform 86
Transform: AffineTransform_float_3_3
Parameters: 1 -0.000227663 -0.0010248 0.000226437 1 -0.000598273 0.00102507 0.000597727 1 0.120114 0.0761414 -0.022362
FixedParameters: 0 0 0

#Transform 87
Transform: AffineTransform_float_3_3
Parameters: 1 -0.000410013 -0.00103224 0.000409792 1 -0.000107463 0.00103233 0.000106537 1 0.118029 0.0487131 -0.0405034
FixedParameters: 0 0 0

#Transform 88
Transform: AffineTransform_float_3_3
Parameters: 1 -0.000507295 -0.00106685 0.000505863 0.999999 -0.00067158 0.00106753 0.000670419 0.999999 0.118231 0.0630808 -0.0653178
FixedParameters: 0 0 0

#Transform 89
Transform: AffineTransform_float_3_3
Parameters: 1 -0.000409632 -0.00106288 0.000408686 1 -0.000914437 0.00106367 0.000914564 0.999999 0.119338 0.0906836 -0.0423433
FixedParameters: 0 0 0

#Transform 90
Transform: AffineTransform_float_3_3
Parameters: 1 -0.000667502 -0.000933216 0.000667643 0.999999 -0.000460664 0.000933871 0.000459337 1 0.110366 0.0366562 -0.0400962
FixedParameters: 0 0 0

#Transform 91
Transform: AffineTransform_float_3_3
Parameters: 1 -0.000567664 -0.00102539 0.000566932 1 -0.000357581 0.00102579 0.000356418 0.999999 0.121977 0.0506967 -0.0345267
FixedParameters: 0 0 0

#Transform 92
Transform: AffineTransform_float_3_3
Parameters: 1 -0.00034793 -0.0010775 0.000347162 0.999999 -0.000838416 0.00107713 0.000838584 0.999999 0.117726 0.0912444 -0.0360997
FixedParameters: 0 0 0

#Transform 93
Transform: AffineTransform_float_3_3
Parameters: 0.999999 -0.00011213 -0.000766965 0.00011148 1 -0.00107409 0.000767245 0.00107491 0.999999 0.10119 0.0824585 -0.035011
FixedParameters: 0 0 0

#Transform 94
Transform: AffineTransform_float_3_3
Parameters: 0.999999 -3.94311e-05 -0.000982308 3.77847e-05 0.999999 -0.000838077 0.000982372 0.000837921 0.999999 0.0980805 0.0299431 -0.0603362
FixedParameters: 0 0 0

#Transform 95
Transform: AffineTransform_float_3_3
Parameters: 0.999999 -7.38037e-05 -0.000792527 7.26997e-05 0.999999 -0.0006961 0.000792629 0.0006969 1 0.112336 0.0382939 -0.0440843
FixedParameters: 0 0 0

#Transform 96
Transform: AffineTransform_float_3_3
Parameters: 0.999999 -9.03033e-05 -0.00070908 8.89204e-05 0.999999 -0.000975103 0.000709255 0.000974896 1 0.0967952 0.0504578 -0.049452
FixedParameters: 0 0 0

#Transform 97
Transform: AffineTransform_float_3_3
Parameters: 0.999999 -8.70325e-05 -0.000863103 8.58258e-05 1 -0.000699115 0.000863224 0.000698885 1 0.102157 0.0383692 -0.0441801
FixedParameters: 0 0 0

#Transform 98
Transform: AffineTransform_float_3_3
Parameters: 1 -0.00010022 -0.000522418 0.000100009 1 -0.000202052 0.000522459 0.000201948 1 0.0879418 0.0360516 -0.0141043
FixedParameters: 0 0 0

#Transform 99
Transform: AffineTransform_float_3_3
Parameters: 0.999999 -0.000517086 -0.000538878 0.00051647 0.999999 -0.00057128 0.000539469 0.000571719 0.999999 0.0781438 0.100465 0.00634642
FixedParameters: 0 0 0

#Transform 100
Transform: AffineTransform_float_3_3
Parameters: 0.999999 -0.000516972 -0.000538987 0.000516584 1 -0.000360278 0.000539359 0.000359721 1 0.0696968 0.0630699 -0.00978148
FixedParameters: 0 0 0

#Transform 101
Transform: AffineTransform_float_3_3
Parameters: 0.999999 -0.000516669 -0.000539278 0.000515888 1 0.000201722 0.000539029 -0.000202278 1 0.0856718 0.0202183 -0.0131745
FixedParameters: 0 0 0

#Transform 102
Transform: AffineTransform_float_3_3
Parameters: 1 -0.000594172 -0.00094682 0.000593768 0.999999 0.000335436 0.00094738 -0.000335564 0.999999 0.0986721 0.0411204 -0.00551927
FixedParameters: 0 0 0

#Transform 103
Transform: AffineTransform_float_3_3
Parameters: 0.999999 -0.000482192 -0.0013857 0.000482383 1 0.00042929 0.00138524 -0.00042971 0.999999 0.121982 0.00961382 -0.00389554
FixedParameters: 0 0 0

#Transform 104
Transform: AffineTransform_float_3_3
Parameters: 1 -0.000556761 -0.000990114 0.000556665 1 -4.85929e-05 0.000990168 4.84071e-05 1 0.100377 0.0509521 0.00847108
FixedParameters: 0 0 0

#Transform 105
Transform: AffineTransform_float_3_3
Parameters: 0.999999 -0.000622612 -0.00106006 0.000622324 0.999999 0.000335299 0.00105961 -0.000335702 1 0.106383 0.0152579 -0.0160738
FixedParameters: 0 0 0

#Transform 106
Transform: AffineTransform_float_3_3
Parameters: 0.999998 -0.000889591 -0.00135046 0.000890462 1 0.000706797 0.00135016 -0.000708204 0.999999 0.115067 -0.00492114 -0.02182
FixedParameters: 0 0 0

#Transform 107
Transform: AffineTransform_float_3_3
Parameters: 1 -0.000803574 -0.000768148 0.000804089 0.999999 0.000335381 0.000767608 -0.000335618 0.999999 0.0915592 0.0191394 -0.00763632
FixedParameters: 0 0 0

#Transform 108
Transform: AffineTransform_float_3_3
Parameters: 0.999999 -0.000845272 -0.00100191 0.000845687 0.999999 0.000207111 0.00100156 -0.000207889 1 0.100868 0.0164671 -0.0143589
FixedParameters: 0 0 0

#Transform 109
Transform: AffineTransform_float_3_3
Parameters: 1 -0.000569218 -0.00099094 0.000570186 0.999999 0.000488394 0.000990384 -0.000488606 1 0.115272 0.00436853 0.00270013
FixedParameters: 0 0 0

#Transform 110
Transform: AffineTransform_float_3_3
Parameters: 0.999999 -0.000765386 -0.00104383 0.000765087 0.999999 0.00033516 0.00104327 -0.000335841 1 0.113181 0.0404184 0.010345
FixedParameters: 0 0 0

#Transform 111
Transform: AffineTransform_float_3_3
Parameters: 0.999999 -0.00083394 -0.00110565 0.000834642 0.999999 0.000335036 0.00110609 -0.000335964 1 0.11874 0.0156992 -0.00174251
FixedParameters: 0 0 0

#Transform 112
Transform: AffineTransform_float_3_3
Parameters: 0.999999 -0.000902486 -0.00103569 0.000902852 1 0.000678064 0.00103543 -0.000678937 1 0.104275 -0.0136549 -0.000675309
FixedParameters: 0 0 0

#Transform 113
Transform: AffineTransform_float_3_3
Parameters: 0.999999 -0.000897372 -0.00115866 0.000898093 1 0.000758959 0.00115826 -0.000760042 0.999999 0.10681 -0.00821897 0.00479447
FixedParameters: 0 0 0

#Transform 114
Transform: AffineTransform_float_3_3
Parameters: 0.999999 -0.000902407 -0.00103576 0.00090293 1 0.000754064 0.00103536 -0.000754937 0.999999 0.101551 -0.0188258 0.0270389
FixedParameters: 0 0 0

#Transform 115
Transform: AffineTransform_float_3_3
Parameters: 1 -0.000524799 -0.00102027 0.000525147 0.999999 0.000679424 0.00102051 -0.000680576 0.999999 0.105937 -0.00551815 0.0464381
FixedParameters: 0 0 0

#Transform 116
Transform: AffineTransform_float_3_3
Parameters: 0.999999 -0.000906013 -0.000940149 0.000907029 0.999999 0.00109315 0.000939126 -0.00109385 0.999999 0.101046 -0.0229787 0.0169372
FixedParameters: 0 0 0

#Transform 117
Transform: AffineTransform_float_3_3
Parameters: 0.999999 -0.000905431 -0.000953182 0.000906568 0.999999 0.00114214 0.000952071 -0.00114286 0.999999 0.0979414 0.00225262 0.0355284
FixedParameters: 0 0 0

#Transform 118
Transform: AffineTransform_float_3_3
Parameters: 0.999999 -0.000902045 -0.00103608 0.000903291 0.999999 0.00110306 0.00103504 -0.00110394 0.999999 0.101532 0.00348301 0.0376018
FixedParameters: 0 0 0

#Transform 119
Transform: AffineTransform_float_3_3
Parameters: 0.999999 -0.000905275 -0.000953329 0.000906722 0.999998 0.00130414 0.000951923 -0.00130586 0.999998 0.0979231 -0.00150905 0.0456748
FixedParameters: 0 0 0

#Transform 120
Transform: AffineTransform_float_3_3
Parameters: 1 -0.000922667 -0.000536496 0.000923802 0.999999 0.0010965 0.00053547 -0.0010965 1 0.0801394 -0.0130964 0.0488767
FixedParameters: 0 0 0

#Transform 121
Transform: AffineTransform_float_3_3
Parameters: 0.999999 -0.000910278 -0.000840081 0.000910791 0.999999 0.000924234 0.000839356 -0.000924767 0.999999 0.0931352 -0.00158438 0.0521401
FixedParameters: 0 0 0

#Transform 122
Transform: AffineTransform_float_3_3
Parameters: 0.999999 -0.000747488 9.75385e-05 0.000746785 0.999972 0.00746407 -0.000103656 -0.00746392 0.999972 0.0524121 -0.372246 0.375043
FixedParameters: 0 0 0

#Transform 123
Transform: AffineTransform_float_3_3
Parameters: 1 -0.000372303 0.000187575 0.00037048 0.999973 0.00724407 -0.000190917 -0.00724393 0.999973 0.0511825 -0.259681 0.387962
FixedParameters: 0 0 0

#Transform 124
Transform: AffineTransform_float_3_3
Parameters: 1 -0.000343774 -0.00114859 0.000349655 0.999988 0.00477256 0.00114708 -0.00477344 0.999988 0.149912 -0.128436 0.0508428
FixedParameters: 0 0 0

#Transform 125
Transform: AffineTransform_float_3_3
Parameters: 0.999999 -0.000618999 -0.00118368 0.0006241 0.999991 0.00432027 0.00118111 -0.00432074 0.99999 0.164479 -0.229149 0.0758536
FixedParameters: 0 0 0

#Transform 126
Transform: AffineTransform_float_3_3
Parameters: 0.999999 -0.00075069 -0.00131966 0.000754674 0.999995 0.00307097 0.00131788 -0.00307204 0.999995 0.148244 -0.142074 0.0654438
FixedParameters: 0 0 0

#Transform 127
Transform: AffineTransform_float_3_3
Parameters: 0.999999 -0.000893895 -0.00119227 0.000896961 0.999997 0.00257893 0.00118952 -0.00258007 0.999996 0.154863 -0.0962156 0.0598865
FixedParameters: 0 0 0

#Transform 128
Transform: AffineTransform_float_3_3
Parameters: 0.999999 -0.000446197 -0.00134913 0.000449284 0.999998 0.00227036 0.00134798 -0.00227165 0.999997 0.1779 -0.0704359 0.0665172
FixedParameters: 0 0 0

#Transform 129
Transform: AffineTransform_float_3_3
Parameters: 0.999998 -0.000744977 -0.00148087 0.000748424 0.999998 0.00220385 0.00147945 -0.00220415 0.999997 0.181865 -0.081487 0.0590473
FixedParameters: 0 0 0

#Transform 130
Transform: AffineTransform_float_3_3
Parameters: 0.999998 -0.000713361 -0.00157344 0.000716577 0.999997 0.00198783 0.00157148 -0.00198916 0.999997 0.183763 -0.0476366 0.0147749
FixedParameters: 0 0 0

#Transform 131
Transform: AffineTransform_float_3_3
Parameters: 0.999998 -0.000881462 -0.00151613 0.000884348 0.999998 0.00162466 0.00151418 -0.00162534 0.999997 0.179143 -0.0524174 0.0144826
FixedParameters: 0 0 0

#Transform 132
Transform: AffineTransform_float_3_3
Parameters: 0.999999 -0.00105188 -0.00152454 0.00105453 0.999997 0.00188035 0.00152245 -0.00188265 0.999997 0.18392 -0.075906 0.00111974
FixedParameters: 0 0 0

#Transform 133
Transform: AffineTransform_float_3_3
Parameters: 0.999998 -0.000991986 -0.00146327 0.000995263 0.999997 0.00217254 0.00146083 -0.00217445 0.999996 0.188955 -0.0834546 0.0541346
FixedParameters: 0 0 0

#Transform 134
Transform: AffineTransform_float_3_3
Parameters: 0.999998 -0.000524223 -0.00182055 0.000527539 0.999999 0.001745 0.00181959 -0.001746 0.999997 0.196836 -0.0490282 0.0595489
FixedParameters: 0 0 0

#Transform 135
Transform: AffineTransform_float_3_3
Parameters: 0.999998 -0.000739168 -0.0019715 0.000744878 0.999996 0.00273645 0.00196923 -0.00273755 0.999995 0.213029 -0.105826 0.105855
FixedParameters: 0 0 0

#Transform 136
Transform: AffineTransform_float_3_3
Parameters: 0.999997 -0.00089165 -0.00196793 0.000896951 0.999996 0.0026372 0.00196501 -0.0026398 0.999994 0.211003 -0.101914 0.0712948
FixedParameters: 0 0 0

#Transform 137
Transform: AffineTransform_float_3_3
Parameters: 0.999998 -0.000835949 -0.00214475 0.000841366 0.999996 0.00268012 0.00214202 -0.00268188 0.999994 0.223748 -0.106764 0.0701825
FixedParameters: 0 0 0

#Transform 138
Transform: AffineTransform_float_3_3
Parameters: 0.999998 -0.000555308 -0.00218764 0.00056108 0.999997 0.0024707 0.00218568 -0.0024723 0.999994 0.22931 -0.101742 0.0783909
FixedParameters: 0 0 0

#Transform 139
Transform: AffineTransform_float_3_3
Parameters: 0.999998 -0.000765274 -0.00194953 0.000769579 0.999996 0.00266346 0.0019472 -0.00266454 0.999994 0.216401 -0.0958355 0.0712419
FixedParameters: 0 0 0

#Transform 140
Transform: AffineTransform_float_3_3
Parameters: 0.999997 -0.00055724 -0.002418 0.000563633 0.999997 0.00257856 0.00241687 -0.00257944 0.999994 0.23898 -0.110008 0.0706753
FixedParameters: 0 0 0

#Transform 141
Transform: AffineTransform_float_3_3
Parameters: 0.999998 -0.000388947 -0.00227453 0.000394161 0.999998 0.00225303 0.00227356 -0.00225397 0.999995 0.235239 -0.0526434 0.0583571
FixedParameters: 0 0 0

#Transform 142
Transform: AffineTransform_float_3_3
Parameters: 0.999998 -0.000757774 -0.00214701 0.000762186 0.999997 0.00220929 0.00214545 -0.00221171 0.999996 0.224994 -0.0777858 0.0633157
FixedParameters: 0 0 0

#Transform 143
Transform: AffineTransform_float_3_3
Parameters: 0.999998 -0.000767194 -0.00194878 0.000769698 0.999999 0.00167846 0.00194704 -0.00167954 0.999996 0.216396 -0.0332341 0.0518614
FixedParameters: 0 0 0

#Transform 144
Transform: AffineTransform_float_3_3
Parameters: 0.999998 -0.000766505 -0.00194905 0.000770385 0.999997 0.00203142 0.00194677 -0.00203258 0.999996 0.218242 -0.0480529 0.0471709
FixedParameters: 0 0 0

#Transform 145
Transform: AffineTransform_float_3_3
Parameters: 0.999998 -0.00112575 -0.00196386 0.00112852 0.999998 0.00174274 0.00196177 -0.00174526 0.999996 0.217986 -0.0495416 0.050556
FixedParameters: 0 0 0

#Transform 146
Transform: AffineTransform_float_3_3
Parameters: 0.999997 -0.000949448 -0.00195671 0.000953108 0.999997 0.00197706 0.00195479 -0.00197894 0.999996 0.230565 -0.0687703 0.0471141
FixedParameters: 0 0 0

#Transform 147
Transform: AffineTransform_float_3_3
Parameters: 0.999997 -0.00131556 -0.00197254 0.00132037 0.999997 0.0022624 0.00196941 -0.0022646 0.999995 0.226389 -0.0897064 0.0504894
FixedParameters: 0 0 0

#Transform 148
Transform: AffineTransform_float_3_3
Parameters: 0.999997 -0.00131602 -0.00197224 0.00131995 0.999997 0.00203036 0.00196872 -0.00203264 0.999996 0.216952 -0.0836315 0.0458142
FixedParameters: 0 0 0

#Transform 149
Transform: AffineTransform_float_3_3
Parameters: 0.999997 -0.00130733 -0.00217805 0.00131206 0.999997 0.0020301 0.00217557 -0.00203289 0.999995 0.224832 -0.071487 0.0592602
FixedParameters: 0 0 0

#Transform 150
Transform: AffineTransform_float_3_3
Parameters: 0.999997 -0.00107621 -0.00196154 0.00107919 0.999998 0.00153384 0.00195911 -0.00153616 0.999997 0.206529 -0.0494721 0.0529119
FixedParameters: 0 0 0

#Transform 151
Transform: AffineTransform_float_3_3
Parameters: 0.999997 -0.00131098 -0.00205226 0.00131657 0.999995 0.00286226 0.00204849 -0.00286474 0.999994 0.197901 -0.216486 0.342059
FixedParameters: 0 0 0

#Transform 152
Transform: AffineTransform_float_3_3
Parameters: 0.999999 -0.000448344 -0.00141172 0.000452152 0.999995 0.00313432 0.00140969 -0.00313468 0.999994 0.252523 -0.136193 0.0121814
FixedParameters: 0 0 0

#Transform 153
Transform: AffineTransform_float_3_3
Parameters: 0.999998 -0.000521932 -0.00191335 0.000524364 0.999999 0.00142892 0.00191273 -0.00143008 0.999997 0.264712 -0.00928535 -0.0754065
FixedParameters: 0 0 0

#Transform 154
Transform: AffineTransform_float_3_3
Parameters: 0.999997 -0.000494178 -0.00235368 0.000497735 0.999998 0.00161271 0.00235292 -0.00161429 0.999996 0.286654 -0.00452167 -0.0845178
FixedParameters: 0 0 0

#Transform 155
Transform: AffineTransform_float_3_3
Parameters: 0.999997 -0.000495087 -0.00235349 0.000497829 0.999999 0.00122771 0.00235315 -0.00122829 0.999997 0.280815 0.0125217 -0.0981427
FixedParameters: 0 0 0

#Transform 156
Transform: AffineTransform_float_3_3
Parameters: 0.999996 -0.000326008 -0.00255145 0.000327752 0.999999 0.000733004 0.00255089 -0.000733996 0.999997 0.286619 0.0158738 -0.114103
FixedParameters: 0 0 0

#Transform 157
Transform: AffineTransform_float_3_3
Parameters: 0.999996 -0.000590835 -0.00283026 0.00059197 0.999999 0.000376162 0.00282977 -0.000377837 0.999996 0.305434 0.0223652 -0.12722
FixedParameters: 0 0 0

#Transform 158
Transform: AffineTransform_float_3_3
Parameters: 0.999997 -0.000598161 -0.00261548 0.000598901 0.999999 0.000522313 0.00261477 -0.000524687 0.999996 0.298265 0.0405098 -0.118357
FixedParameters: 0 0 0

#Transform 159
Transform: AffineTransform_float_3_3
Parameters: 0.999995 -0.000859415 -0.00284121 0.000860955 1 0.000445432 0.0028404 -0.000448567 0.999996 0.306771 0.0459487 -0.117706
FixedParameters: 0 0 0

#Transform 160
Transform: AffineTransform_float_3_3
Parameters: 0.999995 -0.000730353 -0.00283572 0.000730227 0.999999 0.000152766 0.00283546 -0.000155235 0.999996 0.298734 0.0706416 -0.122577
FixedParameters: 0 0 0

#Transform 161
Transform: AffineTransform_float_3_3
Parameters: 0.999996 -0.000729424 -0.00272077 0.000730395 0.999999 0.000360851 0.0027202 -0.000363149 0.999997 0.276691 0.0304449 -0.133654
FixedParameters: 0 0 0

#Transform 162
Transform: AffineTransform_float_3_3
Parameters: 0.999997 -0.000282704 -0.00246374 0.000285034 1 0.00108118 0.00246301 -0.00108182 0.999997 0.210368 -0.0372591 -0.11519
FixedParameters: 0 0 0

#Transform 163
Transform: AffineTransform_float_3_3
Parameters: 0.999998 0.000188997 -0.00160329 -0.000183029 0.999994 0.00341826 0.00160436 -0.00341774 0.999993 0.176328 -0.0956455 -0.0397903
FixedParameters: 0 0 0

#Transform 164
Transform: AffineTransform_float_3_3
Parameters: 0.999999 -0.000572653 0.0004624 0.000570505 0.999985 0.00541527 -0.000465472 -0.00541474 0.999985 0.0953795 -0.235071 0.188356
FixedParameters: 0 0 0

#Transform 165
Transform: AffineTransform_float_3_3
Parameters: 0.999999 -0.0003674 -0.000746403 0.000369288 0.999997 0.00265673 0.000746364 -0.00265728 0.999996 0.131834 -0.0193201 0.0348418
FixedParameters: 0 0 0

#Transform 166
Transform: AffineTransform_float_3_3
Parameters: 0.999999 0.000233714 -0.0014114 -0.00023094 0.999998 0.00203029 0.00141123 -0.00203071 0.999997 0.158394 -0.0259667 -0.000109047
FixedParameters: 0 0 0

#Transform 167
Transform: AffineTransform_float_3_3
Parameters: 0.999999 -0.000372457 -0.00120544 0.00037439 0.999999 0.00123251 0.00120548 -0.00123349 0.999999 0.153907 -0.0181062 -0.0517884
FixedParameters: 0 0 0

#Transform 168
Transform: AffineTransform_float_3_3
Parameters: 0.999999 -0.000146264 -0.00153641 0.000148676 0.999999 0.00143573 0.0015359 -0.00143527 0.999998 0.185826 -0.00707441 -0.032089
FixedParameters: 0 0 0

#Transform 169
Transform: AffineTransform_float_3_3
Parameters: 0.999998 -1.77533e-05 -0.00159411 1.92951e-05 0.999999 0.00143593 0.00159494 -0.00143607 0.999997 0.19002 0.0202605 -0.00967551
FixedParameters: 0 0 0

#Transform 170
Transform: AffineTransform_float_3_3
Parameters: 0.999999 -0.00080073 -0.00153373 0.000803525 0.999999 0.00157577 0.00153212 -0.00157723 0.999997 0.185462 -0.00363993 -0.0234311
FixedParameters: 0 0 0

#Transform 171
Transform: AffineTransform_float_3_3
Parameters: 0.999998 -0.000607448 -0.0014813 0.000608654 0.999999 0.00109506 0.00148089 -0.00109594 0.999999 0.193888 0.0219136 -0.0382613
FixedParameters: 0 0 0

#Transform 172
Transform: AffineTransform_float_3_3
Parameters: 0.999998 -0.000602512 -0.00148402 0.000604356 1 0.000971063 0.00148381 -0.000971938 0.999999 0.180559 -0.00171624 -0.0595498
FixedParameters: 0 0 0

#Transform 173
Transform: AffineTransform_float_3_3
Parameters: 0.999999 -0.000662995 -0.00169213 0.000665269 0.999999 0.00158084 0.00169191 -0.00158217 0.999998 0.194508 -0.0178889 -0.0734784
FixedParameters: 0 0 0

#Transform 174
Transform: AffineTransform_float_3_3
Parameters: 0.999999 -0.000268231 -0.00122398 0.000269978 0.999999 0.000713628 0.00122359 -0.00071337 0.999999 0.159718 0.0356398 -0.0764442
FixedParameters: 0 0 0

#Transform 175
Transform: AffineTransform_float_3_3
Parameters: 0.999999 -0.000544393 -0.00120712 0.000544619 0.999999 0.000507303 0.00120653 -0.000508697 0.999999 0.166165 0.0159729 -0.0581203
FixedParameters: 0 0 0

#Transform 176
Transform: AffineTransform_float_3_3
Parameters: 0.999999 -0.00021222 -0.000911354 0.00021298 1 0.000416806 0.000911177 -0.000417193 0.999999 0.136922 0.0369097 -0.0391434
FixedParameters: 0 0 0

#Transform 177
Transform: AffineTransform_float_3_3
Parameters: 0.999999 -0.000356045 -0.000917216 0.000355924 1 0.000478634 0.000916835 -0.000479367 1 0.15472 0.00264727 -0.0411755
FixedParameters: 0 0 0

#Transform 178
Transform: AffineTransform_float_3_3
Parameters: 0.999999 -0.000474003 -0.00121428 0.00047532 0.999999 0.000542381 0.00121377 -0.000542617 0.999999 0.170706 0.0128245 -0.0511094
FixedParameters: 0 0 0

#Transform 179
Transform: AffineTransform_float_3_3
Parameters: 0.999999 -0.0001325 -0.000908079 0.00013283 1 0.000181879 0.000908031 -0.00018212 0.999999 0.165713 0.0304049 -0.0526052
FixedParameters: 0 0 0

#Transform 180
Transform: AffineTransform_float_3_3
Parameters: 0.999999 -0.000435216 -0.00135681 0.0004366 1 0.000509368 0.00135636 -0.000510631 0.999999 0.176833 0.0328093 -0.0504388
FixedParameters: 0 0 0

#Transform 181
Transform: AffineTransform_float_3_3
Parameters: 0.999999 -0.000530242 -0.00130864 0.000531599 0.999999 0.000518263 0.00130809 -0.000518736 0.999999 0.174762 0.0319055 -0.0414294
FixedParameters: 0 0 0

#Transform 182
Transform: AffineTransform_float_3_3
Parameters: 0.999999 -0.000524478 -0.00136564 0.000525795 1 0.000848281 0.00136471 -0.000848718 0.999998 0.190187 0.0094823 -0.040423
FixedParameters: 0 0 0

#Transform 183
Transform: AffineTransform_float_3_3
Parameters: 0.999999 -0.000366215 -0.00133197 0.000366441 1 0.000474472 0.00133258 -0.000475528 0.999999 0.176161 0.0340044 -0.0408018
FixedParameters: 0 0 0

#Transform 184
Transform: AffineTransform_float_3_3
Parameters: 0.999999 -0.000577593 -0.00127751 0.000578823 0.999999 0.000481219 0.00127696 -0.00048178 0.999999 0.167235 0.00980896 -0.0331507
FixedParameters: 0 0 0

#Transform 185
Transform: AffineTransform_float_3_3
Parameters: 0.999999 -0.000617036 -0.00134363 0.000618136 0.999999 0.00116813 0.00134311 -0.00116887 0.999999 0.180746 -0.0208685 -0.0319981
FixedParameters: 0 0 0

#Transform 186
Transform: AffineTransform_float_3_3
Parameters: 0.999999 -0.000552836 -0.0013318 0.000553163 1 0.000887264 0.00133173 -0.000888737 0.999998 0.168731 -0.00870994 -0.0330069
FixedParameters: 0 0 0

#Transform 187
Transform: AffineTransform_float_3_3
Parameters: 0.999999 -0.000724994 -0.00110682 0.000726402 0.999999 0.0010882 0.0011052 -0.0010888 0.999999 0.176632 -0.0177643 -0.0291906
FixedParameters: 0 0 0

#Transform 188
Transform: AffineTransform_float_3_3
Parameters: 0.999998 -0.000713229 -0.00141507 0.000714325 0.999999 0.000400948 0.0014155 -0.000402052 0.999999 0.18981 0.02609 -0.012348
FixedParameters: 0 0 0

#Transform 189
Transform: AffineTransform_float_3_3
Parameters: 0.999999 -0.000164158 -0.00151797 0.000165282 0.999999 0.000699708 0.0015177 -0.000699291 0.999998 0.182043 0.0211851 -0.0244306
FixedParameters: 0 0 0

#Transform 190
Transform: AffineTransform_float_3_3
Parameters: 0.999999 -0.000497943 -0.00142365 0.000499593 1 0.000944288 0.00142367 -0.000944712 0.999998 0.180718 -0.0027408 -0.0249999
FixedParameters: 0 0 0

#Transform 191
