#Insight Transform File V1.0
#Transform 0
Transform: AffineTransform_float_3_3
Parameters: 0.999999 0.000943166 0.00158074 -0.000941435 0.999999 -0.000525348 -0.00158073 0.000523651 0.999999 0.00444668 -0.0292012 0.056002
FixedParameters: 0 0 0

#Transform 1
Transform: AffineTransform_float_3_3
Parameters: 0.999999 0.00106654 0.00109759 -0.00106599 1 -0.000251176 -0.00109812 0.000249824 1 -0.0275533 -0.00719526 0.0774254
FixedParameters: 0 0 0

#Transform 2
Transform: AffineTransform_float_3_3
Parameters: 0.999999 0.00105725 0.000981654 -0.00105722 1 0.000455958 -0.000981759 -0.000457044 1 -0.0016814 -0.00352628 0.016749
FixedParameters: 0 0 0

#Transform 3
Transform: AffineTransform_float_3_3
Parameters: 0.999999 0.00063034 0.000650582 -0.00063034 1 -4.10088e-07 -0.000650582 -4.10088e-07 1 -0.012381 0.0126636 0.0310448
FixedParameters: 0 0 0

#Transform 4
Transform: AffineTransform_float_3_3
Parameters: 1 0.000626684 0.000805248 -0.000626635 1 -3.051e-05 -0.000805287 3.049e-05 0.999999 0.00803442 0.00175298 -0.0271577
FixedParameters: 0 0 0

#Transform 5
Transform: AffineTransform_float_3_3
Parameters: 1 0.000144812 0.000599078 -0.000145703 0.999999 0.000743912 -0.000598862 -0.000744086 0.999999 -0.0226852 -0.0109541 -0.0513598
FixedParameters: 0 0 0

#Transform 6
Transform: AffineTransform_float_3_3
Parameters: 1 0.000870685 0.000653426 -0.000870714 1 -0.00068557 -0.000653548 0.000684432 1 0.0172431 0.0297061 -0.0322667
FixedParameters: 0 0 0

#Transform 7
Transform: AffineTransform_float_3_3
Parameters: 0.999999 0.000388369 0.000689 -0.000387628 0.999999 -0.00120827 -0.000688867 0.00120773 0.999999 0.0132239 0.0109228 0.0272639
FixedParameters: 0 0 0

#Transform 8
Transform: AffineTransform_float_3_3
Parameters: 1 0.000378306 0.000557527 -0.000377432 0.999999 -0.000783215 -0.000558119 0.000783783 0.999999 0.0140977 0.0335332 0.00716087
FixedParameters: 0 0 0

#Transform 9
Transform: AffineTransform_float_3_3
Parameters: 1 6.64235e-05 0.000356073 -6.60931e-05 1 -0.000464023 -0.000356134 0.000463976 1 0.00591936 0.0242961 0.0114796
FixedParameters: 0 0 0

#Transform 10
Transform: AffineTransform_float_3_3
Parameters: 1 -5.5091e-05 0.000317833 5.46428e-05 0.999999 0.000705017 -0.000317911 -0.000704982 0.999999 -0.00867692 0.0298906 -0.00315434
FixedParameters: 0 0 0

#Transform 11
Transform: AffineTransform_float_3_3
Parameters: 1 0.000355371 0.000246153 -0.000354593 0.999999 -0.00143209 -0.000246172 0.00143191 0.999999 -0.00199862 0.000383734 0.027429
FixedParameters: 0 0 0

#Transform 12
Transform: AffineTransform_float_3_3
Parameters: 1 -5.7709e-05 0.000153726 5.80953e-05 0.999999 -0.00125699 -0.00015358 0.00125701 0.999999 -0.00736765 9.72153e-05 0.0338881
FixedParameters: 0 0 0

#Transform 13
Transform: AffineTransform_float_3_3
Parameters: 1 -6.83745e-05 1.10418e-05 6.8376e-05 1 -6.59992e-05 -1.10328e-05 6.60008e-05 1 -0.0101719 0.0252501 -0.00214915
FixedParameters: 0 0 0

#Transform 14
Transform: AffineTransform_float_3_3
Parameters: 1 -0.000292048 -9.75949e-05 0.000291857 1 -0.00097903 9.81666e-05 0.000978972 1 -0.0129032 0.0114082 0.00276573
FixedParameters: 0 0 0

#Transform 15
Transform: AffineTransform_float_3_3
Parameters: 1 -0.000292734 -0.000147746 0.000293436 0.999999 -0.000751043 0.000147116 0.000750957 0.999999 -0.00707662 0.0100964 0.0076094
FixedParameters: 0 0 0

#Transform 16
Transform: AffineTransform_float_3_3
Parameters: 1 4.68495e-05 -7.16458e-05 -4.69108e-05 1 -0.000427997 7.16057e-05 0.000428003 1 -0.0122908 -0.00289049 0.0367637
FixedParameters: 0 0 0

#Transform 17
Transform: AffineTransform_float_3_3
Parameters: 1 -1.69266e-05 0.00015066 1.61007e-05 1 -0.000568997 -0.000150568 0.000569002 1 -0.00151068 -0.00303109 0.0215612
FixedParameters: 0 0 0

#Transform 18
Transform: AffineTransform_float_3_3
Parameters: 1 -3.88949e-05 0.000152277 3.90115e-05 1 -0.000382994 -0.000152247 0.000383006 1 -0.00658351 -0.00436091 0.0192765
FixedParameters: 0 0 0

#Transform 19
Transform: AffineTransform_float_3_3
Parameters: 1 -5.85422e-05 -0.000154097 5.83486e-05 1 -0.000628009 0.00015417 0.000627991 1 0.0114877 0.0195679 0.018495
FixedParameters: 0 0 0

#Transform 20
Transform: AffineTransform_float_3_3
Parameters: 1 -4.06992e-05 8.72272e-05 4.07444e-05 1 -0.000258996 -8.72061e-05 0.000259004 1 0.00163158 -0.0199368 -0.00361978
FixedParameters: 0 0 0

#Transform 21
Transform: AffineTransform_float_3_3
Parameters: 0.999999 0.000939343 0.000892067 -0.000940371 0.999999 0.000535229 -0.000892058 -0.000535771 1 0.000672314 -0.0163965 0.0103467
FixedParameters: 0 0 0

#Transform 22
Transform: AffineTransform_float_3_3
Parameters: 1 0.000819669 0.000669291 -0.00081884 0.999999 -0.000619548 -0.000670305 0.00061845 0.999999 -0.0123624 0.0258373 0.0455042
FixedParameters: 0 0 0

#Transform 23
Transform: AffineTransform_float_3_3
Parameters: 0.999999 0.000627692 0.000435015 -0.000628423 1 -0.000306273 -0.000435326 0.000305727 1 -0.0163531 0.03572 0.0138802
FixedParameters: 0 0 0

#Transform 24
Transform: AffineTransform_float_3_3
Parameters: 0.999999 0.000261458 0.000733537 -0.000260436 0.999999 -0.00137619 -0.000734182 0.00137581 0.999999 -0.0233135 -0.0267362 0.0433004
FixedParameters: 0 0 0

#Transform 25
Transform: AffineTransform_float_3_3
Parameters: 0.999999 0.000574714 0.00119962 -0.000573096 1 -0.00105969 -0.00119976 0.00105931 0.999998 -0.0252631 0.00125666 0.0371526
FixedParameters: 0 0 0

#Transform 26
Transform: AffineTransform_float_3_3
Parameters: 1 0.000224819 0.000461612 -0.000225027 0.999999 -0.000854103 -0.000461923 0.000853896 0.999999 -0.0195026 0.0124468 0.0502936
FixedParameters: 0 0 0

#Transform 27
Transform: AffineTransform_float_3_3
Parameters: 0.999999 0.000327492 0.000728889 -0.000327046 1 -0.000305244 -0.000729089 0.000305756 0.999999 -0.0206725 0.0190247 0.024471
FixedParameters: 0 0 0

#Transform 28
Transform: AffineTransform_float_3_3
Parameters: 1 0.000315005 0.000562456 -0.000315071 1 5.88228e-05 -0.000562419 -5.91772e-05 1 -0.0205661 0.0188529 0.0239245
FixedParameters: 0 0 0

#Transform 29
Transform: AffineTransform_float_3_3
Parameters: 1 0.000319731 0.000620052 -0.00031884 0.999999 -0.000718197 -0.00062051 0.000717801 0.999999 -0.0179163 0.0264701 0.0336298
FixedParameters: 0 0 0

#Transform 30
Transform: AffineTransform_float_3_3
Parameters: 1 -0.000132723 0.000196442 0.000132245 0.999999 -0.00132397 -0.000196018 0.00132403 0.999999 -0.005584 0.0493805 0.0128206
FixedParameters: 0 0 0

#Transform 31
Transform: AffineTransform_float_3_3
Parameters: 1 -0.000535986 -0.000176773 0.000535853 0.999996 -0.0027751 0.00017768 0.00277491 0.999996 -0.00919853 0.0442489 0.0328341
FixedParameters: 0 0 0

#Transform 32
Transform: AffineTransform_float_3_3
Parameters: 1 -0.000604579 -0.000182726 0.000603508 0.999996 -0.00252211 0.000183779 0.00252288 0.999997 -0.0240678 0.0239395 0.0233991
FixedParameters: 0 0 0

#Transform 33
Transform: AffineTransform_float_3_3
Parameters: 0.999999 -0.000689147 -0.000173139 0.000689041 0.999996 -0.00275012 0.000174861 0.00274988 0.999996 -0.0269759 0.0451343 0.0496591
FixedParameters: 0 0 0

#Transform 34
Transform: AffineTransform_float_3_3
Parameters: 1 -0.00060538 -0.000179554 0.000604333 0.999996 -0.00269511 0.000181817 0.00269489 0.999997 -0.0151757 0.0211215 -0.0104519
FixedParameters: 0 0 0

#Transform 35
Transform: AffineTransform_float_3_3
Parameters: 0.999999 -0.000751559 -0.000350319 0.000750879 0.999998 -0.00218234 0.000351529 0.00218166 0.999997 -0.017944 0.0212259 -0.00248509
FixedParameters: 0 0 0

#Transform 36
Transform: AffineTransform_float_3_3
Parameters: 1 -0.00061343 -0.000178697 0.000613166 0.999995 -0.00310311 0.000180435 0.00310289 0.999995 -0.00573378 0.0361808 0.035337
FixedParameters: 0 0 0

#Transform 37
Transform: AffineTransform_float_3_3
Parameters: 1 -0.000613441 -0.000178658 0.000613155 0.999995 -0.00316611 0.000180474 0.00316589 0.999995 -0.00216434 0.018156 0.0386628
FixedParameters: 0 0 0

#Transform 38
Transform: AffineTransform_float_3_3
Parameters: 1 -0.000613367 -0.000178913 0.00061323 0.999996 -0.00275111 0.000180219 0.00275089 0.999996 -0.0106381 0.027063 0.034985
FixedParameters: 0 0 0

#Transform 39
Transform: AffineTransform_float_3_3
Parameters: 1 -0.000613373 -0.000178893 0.000613224 0.999996 -0.00278311 0.000180239 0.00278289 0.999996 -0.0131168 0.0089005 0.0672479
FixedParameters: 0 0 0

#Transform 40
Transform: AffineTransform_float_3_3
Parameters: 0.999999 -0.000787828 -0.000165774 0.000786831 0.999997 -0.0025502 0.000167795 0.0025498 0.999996 -0.0156149 0.0686371 0.0136126
FixedParameters: 0 0 0

#Transform 41
Transform: AffineTransform_float_3_3
Parameters: 0.999999 -0.000513043 -0.000623702 0.000511136 0.999996 -0.00300833 0.000624642 0.00300868 0.999995 -0.00583585 0.0266226 0.00416983
FixedParameters: 0 0 0

#Transform 42
Transform: AffineTransform_float_3_3
Parameters: 0.999999 -0.000637632 -0.000495861 0.000636542 0.999996 -0.00295839 0.000497489 0.00295761 0.999995 -0.00352322 0.0385395 0.00155949
FixedParameters: 0 0 0

#Transform 43
Transform: AffineTransform_float_3_3
Parameters: 0.999999 -0.000644699 -0.000587531 0.00064302 0.999995 -0.00305638 0.000590322 0.00305562 0.999995 -0.0217024 0.0410882 0.0285311
FixedParameters: 0 0 0

#Transform 44
Transform: AffineTransform_float_3_3
Parameters: 0.999999 -0.000787302 -0.000458196 0.000785247 0.999994 -0.00316136 0.000461099 0.00316064 0.999995 -0.027468 0.0385264 0.0580684
FixedParameters: 0 0 0

#Transform 45
Transform: AffineTransform_float_3_3
Parameters: 0.999999 -0.00063464 -0.000452588 0.000633234 0.999994 -0.0035853 0.000454993 0.00358571 0.999994 -0.0226887 0.0488827 0.0866823
FixedParameters: 0 0 0

#Transform 46
Transform: AffineTransform_float_3_3
Parameters: 1 -0.00105087 -0.000555809 0.00104951 0.999992 -0.00369758 0.000560362 0.00369641 0.999993 -0.0263964 0.0493209 0.0743389
FixedParameters: 0 0 0

#Transform 47
Transform: AffineTransform_float_3_3
Parameters: 0.999999 -0.000939254 -0.000189754 0.000938802 0.999995 -0.00321525 0.000192727 0.00321475 0.999995 -0.00979476 0.017533 0.0234983
FixedParameters: 0 0 0

#Transform 48
Transform: AffineTransform_float_3_3
Parameters: 0.999999 -0.000641209 -0.000536199 0.000639965 0.999992 -0.00380434 0.000538859 0.00380365 0.999992 -0.0220856 0.0495812 0.0739422
FixedParameters: 0 0 0

#Transform 49
Transform: AffineTransform_float_3_3
Parameters: 0.999999 -0.000645244 -0.000586932 0.000643401 0.999992 -0.00398438 0.000589852 0.00398461 0.999992 -0.0217389 0.0620169 0.0744264
FixedParameters: 0 0 0

#Transform 50
Transform: AffineTransform_float_3_3
Parameters: 0.999999 -0.000847027 -0.000903507 0.000844076 0.999992 -0.00371376 0.000906501 0.00371223 0.999992 -0.0253198 0.054939 0.0541645
FixedParameters: 0 0 0

#Transform 51
Transform: AffineTransform_float_3_3
Parameters: 1 -0.00102546 -0.000593172 0.0010232 0.999994 -0.00339261 0.000596984 0.00339238 0.999994 -0.0276108 0.0430519 0.0503237
FixedParameters: 0 0 0

#Transform 52
Transform: AffineTransform_float_3_3
Parameters: 0.999999 -0.00106957 -0.000628506 0.00106751 0.999993 -0.00377575 0.000632364 0.00377425 0.999992 -0.0350438 0.0624158 0.0897599
FixedParameters: 0 0 0

#Transform 53
Transform: AffineTransform_float_3_3
Parameters: 1 -0.000488575 -7.9652e-05 0.000487903 0.999993 -0.00369805 8.22662e-05 0.00369896 0.999993 -0.0212248 0.0467802 0.0470962
FixedParameters: 0 0 0

#Transform 54
Transform: AffineTransform_float_3_3
Parameters: 0.999999 -0.00069173 -0.000515264 0.000689676 0.999992 -0.00377535 0.000518338 0.00377464 0.999992 -0.0108052 0.0496078 0.0441267
FixedParameters: 0 0 0

#Transform 55
Transform: AffineTransform_float_3_3
Parameters: 0.999999 -0.000760071 -0.00029517 0.000758464 0.999991 -0.00401823 0.000298207 0.00401877 0.999992 -0.0130135 0.0554171 0.0515106
FixedParameters: 0 0 0

#Transform 56
Transform: AffineTransform_float_3_3
Parameters: 0.999999 -0.000754868 -0.000227209 0.000753706 0.99999 -0.00423617 0.000230534 0.00423583 0.999991 -0.00526042 0.0256061 0.0814831
FixedParameters: 0 0 0

#Transform 57
Transform: AffineTransform_float_3_3
Parameters: 0.999999 -0.00077515 -0.000293684 0.0007743 0.99999 -0.00444123 0.000297426 0.00444077 0.99999 -0.0219576 0.0392054 0.104875
FixedParameters: 0 0 0

#Transform 58
Transform: AffineTransform_float_3_3
Parameters: 1 -0.00105555 -0.000447056 0.00105387 0.999993 -0.00376655 0.000450864 0.00376545 0.999993 -0.0156706 0.0344636 0.0999498
FixedParameters: 0 0 0

#Transform 59
Transform: AffineTransform_float_3_3
Parameters: 0.999999 -0.00095148 -0.000280397 0.000949951 0.999991 -0.00395727 0.000283859 0.00395673 0.999992 -0.0241105 0.0742175 0.105188
FixedParameters: 0 0 0

#Transform 60
Transform: AffineTransform_float_3_3
Parameters: 0.999999 -0.000632343 -0.00053459 0.000630516 0.99999 -0.00429334 0.000536799 0.00429266 0.99999 0.0067311 0.0525217 0.0656452
FixedParameters: 0 0 0

#Transform 61
Transform: AffineTransform_float_3_3
Parameters: 1 -0.000599881 -0.000116757 0.00059961 0.99999 -0.00445007 0.000119029 0.00444993 0.99999 -0.024596 0.051416 0.0988194
FixedParameters: 0 0 0

#Transform 62
Transform: AffineTransform_float_3_3
Parameters: 1 -0.000979058 -1.31387e-05 0.000978455 0.999986 -0.00532409 1.75766e-05 0.00532391 0.999986 -0.0238603 0.0364733 0.129186
FixedParameters: 0 0 0

#Transform 63
Transform: AffineTransform_float_3_3
Parameters: 0.999999 -0.000551897 0.000494803 0.00055481 0.999987 -0.00519573 -0.000491898 0.00519628 0.999987 -0.0286613 0.0635976 0.145914
FixedParameters: 0 0 0

#Transform 64
Transform: AffineTransform_float_3_3
Parameters: 0.999999 -0.000544861 0.000598391 0.00054654 0.999994 -0.00319567 -0.000596751 0.00319632 0.999994 -0.0130081 0.0616331 0.107527
FixedParameters: 0 0 0

#Transform 65
Transform: AffineTransform_float_3_3
Parameters: 0.999999 5.29311e-05 0.000806314 -5.04622e-05 0.999995 -0.00338604 -0.000806445 0.00338596 0.999994 -0.0220095 0.0335219 0.112012
FixedParameters: 0 0 0

#Transform 66
Transform: AffineTransform_float_3_3
Parameters: 1 -0.000355162 0.000413619 0.000356232 0.999993 -0.00388586 -0.000412703 0.00388615 0.999993 -0.0540256 0.0775331 0.116008
FixedParameters: 0 0 0

#Transform 67
Transform: AffineTransform_float_3_3
Parameters: 1 -0.000458102 0.000171868 0.000458309 0.999992 -0.00394992 -0.000170169 0.00395008 0.999992 -0.0361165 0.076095 0.0868768
FixedParameters: 0 0 0

#Transform 68
Transform: AffineTransform_float_3_3
Parameters: 0.999999 -0.000845755 -0.000172531 0.000845279 0.999993 -0.00360115 0.000175556 0.00360086 0.999994 -0.0416458 0.073354 0.0760279
FixedParameters: 0 0 0

#Transform 69
Transform: AffineTransform_float_3_3
Parameters: 1 -0.000663007 -0.000117261 0.000661882 0.999993 -0.00382716 0.00011934 0.00382784 0.999992 -0.0304044 0.0580404 0.072166
FixedParameters: 0 0 0

#Transform 70
Transform: AffineTransform_float_3_3
Parameters: 0.999999 -0.000949565 -0.000242354 0.000948296 0.999992 -0.00404031 0.00024596 0.00404069 0.999992 -0.045473 0.0752734 0.109264
FixedParameters: 0 0 0

#Transform 71
Transform: AffineTransform_float_3_3
Parameters: 1 -0.000641339 -0.000222604 0.000639939 0.999988 -0.00485514 0.00022576 0.00485486 0.999988 -0.0366139 0.0748923 0.11598
FixedParameters: 0 0 0

#Transform 72
Transform: AffineTransform_float_3_3
Parameters: 0.999999 -0.000915973 -0.000385508 0.000913775 0.999987 -0.00502536 0.000390567 0.00502465 0.999988 -0.0543802 0.074889 0.110501
FixedParameters: 0 0 0

#Transform 73
Transform: AffineTransform_float_3_3
Parameters: 1 -0.000478205 -0.000253514 0.000476669 0.999989 -0.00468413 0.000255919 0.00468487 0.999989 -0.0269609 0.0874332 0.0795822
FixedParameters: 0 0 0

#Transform 74
Transform: AffineTransform_float_3_3
Parameters: 0.999999 -0.000771775 -0.000224773 0.000770561 0.99999 -0.00439418 0.000228485 0.00439383 0.999991 -0.0546036 0.0802681 0.0982964
FixedParameters: 0 0 0

#Transform 75
Transform: AffineTransform_float_3_3
Parameters: 1 -0.000450122 0.000105543 0.000451022 0.999988 -0.00501996 -0.000103014 0.00502005 0.999988 -0.0607212 0.0839955 0.0963538
FixedParameters: 0 0 0

#Transform 76
Transform: AffineTransform_float_3_3
Parameters: 1 -0.00061751 -2.09172e-05 0.000617079 0.999988 -0.00474401 2.37822e-05 0.00474398 0.999988 -0.043361 0.0793322 0.0530006
FixedParameters: 0 0 0

#Transform 77
Transform: AffineTransform_float_3_3
Parameters: 0.999999 -0.000666876 -0.000266713 0.000665021 0.999988 -0.00490418 0.00027018 0.00490382 0.999988 -0.028799 0.0546059 0.0541236
FixedParameters: 0 0 0

#Transform 78
Transform: AffineTransform_float_3_3
Parameters: 0.999999 -0.000863278 -0.000225086 0.000862665 0.999986 -0.0050892 0.000229734 0.0050898 0.999987 -0.0402435 0.0678235 0.0928892
FixedParameters: 0 0 0

#Transform 79
Transform: AffineTransform_float_3_3
Parameters: 0.999999 -0.00107527 -0.00011388 0.00107465 0.999985 -0.0053362 0.000120292 0.0053358 0.999986 -0.0466306 0.0613329 0.102084
FixedParameters: 0 0 0

#Transform 80
Transform: AffineTransform_float_3_3
Parameters: 0.999999 -0.00146203 -5.7179e-05 0.00146177 0.999984 -0.00543416 6.50153e-05 0.00543384 0.999985 -0.0372627 0.0606869 0.109407
FixedParameters: 0 0 0

#Transform 81
Transform: AffineTransform_float_3_3
Parameters: 0.999998 -0.00160656 -0.000261345 0.00160504 0.999983 -0.0054965 0.000270873 0.00549649 0.999985 -0.017174 0.0543163 0.120114
FixedParameters: 0 0 0

#Transform 82
Transform: AffineTransform_float_3_3
Parameters: 0.999999 -0.00176606 1.78901e-05 0.00176654 0.999984 -0.00539005 -7.89831e-06 0.00538995 0.999986 -0.0177823 0.0624936 0.148801
FixedParameters: 0 0 0

#Transform 83
Transform: AffineTransform_float_3_3
Parameters: 0.999999 -0.001259 -0.000625008 0.00125582 0.999985 -0.00535179 0.000632188 0.00535021 0.999986 0.0495799 0.0597824 0.0871256
FixedParameters: 0 0 0

#Transform 84
Transform: AffineTransform_float_3_3
Parameters: 0.999999 -0.00148147 -0.000292948 0.00147996 0.999986 -0.00504351 0.000300755 0.00504249 0.999987 0.0135142 0.0647744 0.0932004
FixedParameters: 0 0 0

#Transform 85
Transform: AffineTransform_float_3_3
Parameters: 0.999999 -0.00142264 -6.5877e-05 0.00142225 0.999982 -0.00573617 7.41437e-05 0.00573582 0.999983 -0.00491935 0.0762907 0.133971
FixedParameters: 0 0 0

#Transform 86
Transform: AffineTransform_float_3_3
Parameters: 0.999999 -0.000837842 4.7991e-05 0.000838065 0.999978 -0.00655503 -4.19918e-05 0.00655496 0.999978 -0.00820131 0.0695004 0.134874
FixedParameters: 0 0 0

#Transform 87
Transform: AffineTransform_float_3_3
Parameters: 1 -0.0011492 -0.000186206 0.00114771 0.999984 -0.00541522 0.000192587 0.00541478 0.999986 -0.00495071 0.0707113 0.0795194
FixedParameters: 0 0 0

#Transform 88
Transform: AffineTransform_float_3_3
Parameters: 0.999999 -0.000862708 -0.000177412 0.000862263 0.999983 -0.00576516 0.000182224 0.00576584 0.999984 -0.0151666 0.0577874 0.0932856
FixedParameters: 0 0 0

#Transform 89
Transform: AffineTransform_float_3_3
Parameters: 1 -0.000971779 -0.000137041 0.000970907 0.999985 -0.00537821 0.000142429 0.00537779 0.999985 -0.026398 0.06159 0.105235
FixedParameters: 0 0 0

#Transform 90
Transform: AffineTransform_float_3_3
Parameters: 1 -0.00110567 6.0633e-05 0.00110583 0.999982 -0.00586501 -5.46437e-05 0.00586499 0.999983 -0.0169386 0.0733139 0.0970925
FixedParameters: 0 0 0

#Transform 91
Transform: AffineTransform_float_3_3
Parameters: 0.999999 -0.00141203 -0.00013523 0.00141098 0.999984 -0.00552227 0.000143764 0.00552173 0.999984 -0.0250389 0.0704814 0.122594
FixedParameters: 0 0 0

#Transform 92
Transform: AffineTransform_float_3_3
Parameters: 0.999999 -0.00133021 -0.000431311 0.00132762 0.999982 -0.00574058 0.00043837 0.00574042 0.999984 -0.0196972 0.0695609 0.117089
FixedParameters: 0 0 0

#Transform 93
Transform: AffineTransform_float_3_3
Parameters: 0.999999 -0.00134025 -0.000292065 0.00133826 0.999982 -0.0057544 0.000299354 0.0057546 0.999984 -0.0212653 0.0829375 0.116431
FixedParameters: 0 0 0

#Transform 94
Transform: AffineTransform_float_3_3
Parameters: 1 -0.000987353 -0.000320039 0.000986204 0.999983 -0.00573732 0.000325158 0.00573669 0.999984 -0.00959944 0.0710067 0.0826965
FixedParameters: 0 0 0

#Transform 95
Transform: AffineTransform_float_3_3
Parameters: 0.999999 -0.00140701 -0.000401367 0.00140396 0.999984 -0.00558465 0.000409938 0.00558435 0.999985 -0.00205985 0.0419456 0.0822442
FixedParameters: 0 0 0

#Transform 96
Transform: AffineTransform_float_3_3
Parameters: 0.999999 -0.00124566 -0.000428031 0.00124323 0.999983 -0.00569561 0.000435005 0.00569538 0.999983 0.000963542 0.0497008 0.0792213
FixedParameters: 0 0 0

#Transform 97
Transform: AffineTransform_float_3_3
Parameters: 0.999999 -0.00100927 -0.000318361 0.00100717 0.999984 -0.0056784 0.000323681 0.0056786 0.999984 -0.0103268 0.0443099 0.0696394
FixedParameters: 0 0 0

#Transform 98
Transform: AffineTransform_float_3_3
Parameters: 1 -0.00114273 -0.000308224 0.00114099 0.999986 -0.00529743 0.000314191 0.00529657 0.999986 -0.0146199 0.0347205 0.0880241
FixedParameters: 0 0 0

#Transform 99
Transform: AffineTransform_float_3_3
Parameters: 1 -0.00114282 -0.000307889 0.0011409 0.999984 -0.00559136 0.000314528 0.00559164 0.999985 0.000567725 0.0633038 0.0841326
FixedParameters: 0 0 0

#Transform 100
Transform: AffineTransform_float_3_3
Parameters: 1 -0.001018 -0.000135473 0.0010168 0.999979 -0.00630514 0.000142245 0.00630486 0.99998 -0.0121001 0.0154745 0.100626
FixedParameters: 0 0 0

#Transform 101
Transform: AffineTransform_float_3_3
Parameters: 0.999999 -0.000854634 0.000252664 0.000856296 0.99998 -0.00618978 -0.000247985 0.00618922 0.999981 -0.017976 -0.00408351 0.113796
FixedParameters: 0 0 0

#Transform 102
Transform: AffineTransform_float_3_3
Parameters: 0.999999 -0.000854503 0.00025311 0.000856426 0.999977 -0.00671079 -0.000247538 0.00671122 0.999978 -0.010437 0.0178074 0.136848
FixedParameters: 0 0 0

#Transform 103
Transform: AffineTransform_float_3_3
Parameters: 0.999999 -0.000996557 -0.000159385 0.000995519 0.999987 -0.00515124 0.000164588 0.00515176 0.999986 -0.0112762 0.0362226 0.0822632
FixedParameters: 0 0 0

#Transform 104
Transform: AffineTransform_float_3_3
Parameters: 1 -0.00111317 -3.45248e-05 0.00111331 0.999984 -0.00545604 4.06154e-05 0.00545596 0.999985 0.00157517 0.0277291 0.0964676
FixedParameters: 0 0 0

#Transform 105
Transform: AffineTransform_float_3_3
Parameters: 0.999999 -0.00127033 0.000211378 0.00127102 0.999985 -0.00528081 -0.000204865 0.00528119 0.999986 -0.0233567 0.00873977 0.114074
FixedParameters: 0 0 0

#Transform 106
Transform: AffineTransform_float_3_3
Parameters: 0.999999 -0.00134487 -0.000114304 0.00134446 0.99999 -0.00413316 0.000119362 0.00413284 0.999992 -0.0228669 0.0501226 0.0835434
FixedParameters: 0 0 0

#Transform 107
Transform: AffineTransform_float_3_3
Parameters: 1 -0.00102016 -0.000235039 0.00102002 0.999992 -0.00387925 0.000238818 0.00387975 0.999993 0.00847081 0.0200992 0.0664873
FixedParameters: 0 0 0

#Transform 108
Transform: AffineTransform_float_3_3
Parameters: 0.999999 -0.00131973 -0.000304008 0.00131829 0.999988 -0.00475948 0.000309436 0.00475951 0.999988 -0.0114486 0.0547049 0.12821
FixedParameters: 0 0 0

#Transform 109
Transform: AffineTransform_float_3_3
Parameters: 1 -0.0010483 -0.000334157 0.00104665 0.999987 -0.00486835 0.000339222 0.00486765 0.999988 -0.00477506 0.09483 0.129105
FixedParameters: 0 0 0

#Transform 110
Transform: AffineTransform_float_3_3
Parameters: 0.999999 -0.00119694 -0.000337807 0.00119533 0.999988 -0.00465641 0.000342815 0.00465559 0.999989 -0.0126809 0.0628056 0.0635481
FixedParameters: 0 0 0

#Transform 111
Transform: AffineTransform_float_3_3
Parameters: 0.999999 -0.00144969 -0.000621145 0.00144657 0.999988 -0.00454091 0.000628092 0.00454009 0.99999 -0.0157851 0.0633589 0.0786016
FixedParameters: 0 0 0

#Transform 112
Transform: AffineTransform_float_3_3
Parameters: 0.999999 -0.0014399 -0.00049306 0.00143655 0.999987 -0.00486879 0.000499936 0.00486821 0.999988 -0.0222864 0.0377958 0.101947
FixedParameters: 0 0 0

#Transform 113
Transform: AffineTransform_float_3_3
Parameters: 0.999999 -0.00138008 -0.000653526 0.00137753 0.999989 -0.00463899 0.000660041 0.00463802 0.999989 -0.00179222 0.0866266 0.107568
FixedParameters: 0 0 0

#Transform 114
Transform: AffineTransform_float_3_3
Parameters: 0.999999 -0.00120461 -0.000829241 0.00120074 0.999986 -0.005062 0.000835066 0.00506099 0.999987 -0.00560529 0.0744483 0.100685
FixedParameters: 0 0 0

#Transform 115
Transform: AffineTransform_float_3_3
Parameters: 0.999999 -0.00119351 -0.000726873 0.00118977 0.999987 -0.00499488 0.000732499 0.00499413 0.999987 -0.0175004 0.0895167 0.119107
FixedParameters: 0 0 0

#Transform 116
Transform: AffineTransform_float_3_3
Parameters: 0.999999 -0.00117957 -0.000555269 0.00117752 0.99999 -0.00426073 0.000561101 0.00425927 0.999991 -0.0185575 0.0828799 0.095242
FixedParameters: 0 0 0

#Transform 117
Transform: AffineTransform_float_3_3
Parameters: 1 -0.00115981 -0.000304908 0.00115837 0.999993 -0.00350043 0.000308959 0.00349957 0.999994 -0.0201983 0.076141 0.0737265
FixedParameters: 0 0 0

#Transform 118
Transform: AffineTransform_float_3_3
Parameters: 0.999999 -0.000779937 -0.000319918 0.00077831 0.999992 -0.00374125 0.000322682 0.00374075 0.999993 0.000929725 0.0680537 0.0367274
FixedParameters: 0 0 0

#Transform 119
Transform: AffineTransform_float_3_3
Parameters: 0.999999 -0.00125363 -0.000182728 0.00125216 0.999994 -0.0031943 0.000186742 0.0031937 0.999995 -0.0243303 0.0617144 0.0706481
FixedParameters: 0 0 0

#Transform 120
Transform: AffineTransform_float_3_3
Parameters: 1 -0.00114651 -0.000132661 0.0011464 0.999994 -0.00328823 0.000137135 0.00328777 0.999994 0.00354152 0.0352045 0.0940981
FixedParameters: 0 0 0

#Transform 121
Transform: AffineTransform_float_3_3
Parameters: 1 -0.00114945 -0.000170382 0.00114897 0.999994 -0.00343427 0.000174212 0.00343373 0.999994 0.00374413 0.0428264 0.104595
FixedParameters: 0 0 0

#Transform 122
Transform: AffineTransform_float_3_3
Parameters: 0.999999 -0.00127222 -0.000177651 0.00127195 0.999995 -0.00290831 0.000181986 0.00290869 0.999995 -7.88431e-05 0.0403885 0.117002
FixedParameters: 0 0 0

#Transform 123
Transform: AffineTransform_float_3_3
Parameters: 0.999999 -0.00138318 -0.000407492 0.00138227 0.999994 -0.00318864 0.000412174 0.00318835 0.999995 -0.00161736 0.0736435 0.174988
FixedParameters: 0 0 0

#Transform 124
Transform: AffineTransform_float_3_3
Parameters: 0.999999 -0.00150756 -0.000471978 0.00150603 0.999994 -0.0033238 0.000476861 0.00332321 0.999995 -0.00506677 0.0717685 0.133876
FixedParameters: 0 0 0

#Transform 125
Transform: AffineTransform_float_3_3
Parameters: 1 -0.00115048 -0.000316135 0.0011493 0.999994 -0.00307537 0.000320142 0.00307463 0.999995 -0.00233497 0.0330402 0.0777393
FixedParameters: 0 0 0

#Transform 126
Transform: AffineTransform_float_3_3
Parameters: 1 -0.00116523 -0.000309341 0.00116466 0.999992 -0.00364537 0.000313699 0.00364563 0.999994 -0.00956252 0.0495794 0.115008
FixedParameters: 0 0 0

#Transform 127
Transform: AffineTransform_float_3_3
Parameters: 0.999999 -0.00117011 -0.000372034 0.00116901 0.999993 -0.00374851 0.000376665 0.00374749 0.999993 0.00500781 0.0291599 0.122353
FixedParameters: 0 0 0

#Transform 128
Transform: AffineTransform_float_3_3
Parameters: 0.999999 -0.00165751 -0.000528145 0.00165519 0.999992 -0.00364596 0.000534091 0.00364504 0.999993 -0.00922044 0.0146804 0.154859
FixedParameters: 0 0 0

#Transform 129
Transform: AffineTransform_float_3_3
Parameters: 0.999999 -0.00165146 -0.000424461 0.00165006 0.999993 -0.00354786 0.00043104 0.00354714 0.999993 -1.56604e-05 0.0539203 0.135303
FixedParameters: 0 0 0

#Transform 130
Transform: AffineTransform_float_3_3
Parameters: 0.999998 -0.00160766 -0.000682517 0.00160533 0.999995 -0.00294718 0.000687848 0.00294582 0.999996 -0.00632275 0.0504146 0.146067
FixedParameters: 0 0 0

#Transform 131
Transform: AffineTransform_float_3_3
Parameters: 0.999998 -0.00153918 -0.000577962 0.00153617 0.999991 -0.00393197 0.000583922 0.00393103 0.999992 -0.00511007 0.0878034 0.147072
FixedParameters: 0 0 0

#Transform 132
Transform: AffineTransform_float_3_3
Parameters: 0.999999 -0.0016374 -0.000789736 0.00163445 0.999992 -0.00347338 0.000794896 0.00347262 0.999993 -0.00624981 0.0557665 0.105855
FixedParameters: 0 0 0

#Transform 133
Transform: AffineTransform_float_3_3
Parameters: 0.999999 -0.00119759 -0.000729104 0.00119496 0.999992 -0.00363788 0.000733598 0.00363712 0.999993 0.0073775 0.0486561 0.128292
FixedParameters: 0 0 0

#Transform 134
Transform: AffineTransform_float_3_3
Parameters: 0.999998 -0.00144581 -0.000772977 0.00144359 0.999992 -0.0037662 0.000778579 0.00376579 0.999992 -0.000307073 0.0489685 0.132549
FixedParameters: 0 0 0

#Transform 135
Transform: AffineTransform_float_3_3
Parameters: 0.999999 -0.00120996 -0.000900639 0.00120772 0.999996 -0.00277817 0.000904142 0.00277683 0.999995 0.0289239 0.0556319 0.0996824
FixedParameters: 0 0 0

#Transform 136
Transform: AffineTransform_float_3_3
Parameters: 0.999998 -0.00154692 -0.000651448 0.00154511 0.999995 -0.00268309 0.000655607 0.00268191 0.999996 0.0139449 0.0422258 0.0971243
FixedParameters: 0 0 0

#Transform 137
Transform: AffineTransform_float_3_3
Parameters: 0.999999 -0.00135461 -0.00115443 0.00135106 0.999993 -0.00353358 0.00115863 0.00353243 0.999993 0.027275 0.0293424 0.118439
FixedParameters: 0 0 0

#Transform 138
Transform: AffineTransform_float_3_3
Parameters: 0.999998 -0.00123028 -0.00116468 0.00122713 0.999995 -0.00293744 0.00116761 0.00293556 0.999995 0.0765922 0.0326774 0.103313
FixedParameters: 0 0 0

#Transform 139
Transform: AffineTransform_float_3_3
Parameters: 0.999999 -0.00119098 -0.000650175 0.00118893 0.999995 -0.00293778 0.000654028 0.00293722 0.999996 0.0388917 0.0360265 0.151864
FixedParameters: 0 0 0

#Transform 140
Transform: AffineTransform_float_3_3
Parameters: 0.999998 -0.00161909 -0.000956717 0.00161616 0.999993 -0.00341863 0.000962495 0.00341736 0.999993 0.0247724 0.0351439 0.168158
FixedParameters: 0 0 0

#Transform 141
Transform: AffineTransform_float_3_3
Parameters: 0.999999 -0.00161209 -0.000863749 0.00160953 0.999992 -0.0035684 0.000869963 0.0035666 0.999993 0.0316432 0.0453374 0.172303
FixedParameters: 0 0 0

#Transform 142
Transform: AffineTransform_float_3_3
Parameters: 0.999998 -0.0015984 -0.000688684 0.00159645 0.999994 -0.00330818 0.000694045 0.00330682 0.999995 0.030146 0.0399447 0.163881
FixedParameters: 0 0 0

#Transform 143
Transform: AffineTransform_float_3_3
Parameters: 0.999998 -0.00198249 -0.0010725 0.00197781 0.999991 -0.00379221 0.00108024 0.00378978 0.999992 0.00847997 0.034219 0.127478
FixedParameters: 0 0 0

#Transform 144
Transform: AffineTransform_float_3_3
Parameters: 0.999997 -0.00187542 -0.001112 0.00187194 0.999994 -0.00315418 0.00111754 0.00315183 0.999995 0.00733929 0.0368051 0.1328
FixedParameters: 0 0 0

#Transform 145
Transform: AffineTransform_float_3_3
Parameters: 0.999998 -0.00199682 -0.00110312 0.00199388 0.999994 -0.00293329 0.00110855 0.00293071 0.999995 0.00990114 0.0348291 0.123285
FixedParameters: 0 0 0

#Transform 146
Transform: AffineTransform_float_3_3
Parameters: 0.999998 -0.00170965 -0.00112506 0.00170666 0.999995 -0.00293301 0.00112979 0.00293099 0.999995 0.0128221 0.0449859 0.113191
FixedParameters: 0 0 0

#Transform 147
Transform: AffineTransform_float_3_3
Parameters: 0.999998 -0.00159927 -0.00113309 0.00159564 0.999993 -0.00319582 0.00113802 0.00319417 0.999994 0.0279358 0.0498963 0.126802
FixedParameters: 0 0 0

#Transform 148
Transform: AffineTransform_float_3_3
Parameters: 0.999998 -0.00175311 -0.00112088 0.00174891 0.999992 -0.00344898 0.00112668 0.00344702 0.999994 0.0113985 0.0390696 0.137964
FixedParameters: 0 0 0

#Transform 149
Transform: AffineTransform_float_3_3
Parameters: 0.999997 -0.00217467 -0.00103322 0.00217092 0.999991 -0.00348634 0.00104109 0.00348366 0.999994 0.0132052 0.0397926 0.137032
FixedParameters: 0 0 0

#Transform 150
Transform: AffineTransform_float_3_3
Parameters: 0.999998 -0.00154475 -0.000422279 0.0015438 0.999994 -0.00312873 0.000427805 0.00312826 0.999995 0.0117644 0.0334246 0.0904527
FixedParameters: 0 0 0

#Transform 151
Transform: AffineTransform_float_3_3
Parameters: 0.999998 -0.00198293 -0.00117933 0.00198078 0.999995 -0.00244343 0.00118373 0.00244058 0.999996 0.026059 0.0312787 0.121424
FixedParameters: 0 0 0

#Transform 152
Transform: AffineTransform_float_3_3
Parameters: 0.999999 -0.00128713 -0.0005033 0.00128577 0.999994 -0.00303765 0.00050698 0.00303734 0.999995 0.061687 0.0296736 0.125062
FixedParameters: 0 0 0

#Transform 153
Transform: AffineTransform_float_3_3
Parameters: 0.999998 -0.00214481 -0.000903765 0.00214248 0.999994 -0.0026951 0.000909111 0.0026929 0.999996 0.0139191 0.0199937 0.16162
FixedParameters: 0 0 0

#Transform 154
Transform: AffineTransform_float_3_3
Parameters: 0.999998 -0.00140194 -0.000951768 0.00139924 0.999997 -0.00234542 0.000955198 0.00234458 0.999996 0.0290162 0.061606 0.160455
FixedParameters: 0 0 0

#Transform 155
Transform: AffineTransform_float_3_3
Parameters: 0.999997 -0.00193934 -0.000911156 0.00193687 0.999995 -0.00228185 0.000915862 0.00228014 0.999997 0.0247032 0.0548247 0.131704
FixedParameters: 0 0 0

#Transform 156
Transform: AffineTransform_float_3_3
Parameters: 0.999999 -0.0016551 -0.000847869 0.00165331 0.999995 -0.00264149 0.000852396 0.00263952 0.999996 0.0200113 0.0513481 0.137635
FixedParameters: 0 0 0

#Transform 157
Transform: AffineTransform_float_3_3
Parameters: 0.999998 -0.00128748 -0.000942757 0.00128476 0.999995 -0.00287022 0.000945929 0.00286878 0.999996 0.0172988 0.0528297 0.143795
FixedParameters: 0 0 0

#Transform 158
Transform: AffineTransform_float_3_3
Parameters: 0.999999 -0.00127868 -0.000817006 0.00127617 0.999992 -0.00374112 0.000821283 0.00373988 0.999992 0.0317604 0.0782841 0.122338
FixedParameters: 0 0 0

#Transform 159
Transform: AffineTransform_float_3_3
Parameters: 0.999999 -0.00102591 -0.000779497 0.001023 0.999993 -0.00358881 0.00078264 0.0035882 0.999993 0.0416332 0.0748162 0.0930214
FixedParameters: 0 0 0

#Transform 160
Transform: AffineTransform_float_3_3
Parameters: 0.999998 -0.0012357 -0.00106498 0.00123129 0.999992 -0.00380132 0.00107007 0.00379968 0.999992 0.000745407 0.0640104 0.157442
FixedParameters: 0 0 0

#Transform 161
Transform: AffineTransform_float_3_3
Parameters: 0.999999 -0.00121718 -0.000821299 0.001214 0.999991 -0.00413501 0.000826071 0.00413399 0.999991 0.0139973 0.0838877 0.165072
FixedParameters: 0 0 0

#Transform 162
Transform: AffineTransform_float_3_3
Parameters: 1 -0.000680931 -0.000938984 0.00067652 0.99999 -0.00438664 0.000942651 0.00438636 0.99999 0.0142801 0.0855195 0.174585
FixedParameters: 0 0 0

#Transform 163
Transform: AffineTransform_float_3_3
Parameters: 0.999999 -0.00106082 -0.000833237 0.00105721 0.99999 -0.00433089 0.000837129 0.00433011 0.99999 -0.00164469 0.080371 0.164798
FixedParameters: 0 0 0

#Transform 164
Transform: AffineTransform_float_3_3
Parameters: 0.999999 -0.00112124 -0.000650387 0.00111746 0.999988 -0.00490481 0.00065616 0.00490419 0.999987 -0.00367546 0.0911368 0.197151
FixedParameters: 0 0 0

#Transform 165
Transform: AffineTransform_float_3_3
Parameters: 0.999999 -0.00112764 -0.000736611 0.00112373 0.99999 -0.00447291 0.000742471 0.00447209 0.999989 0.00240429 0.0914999 0.163732
FixedParameters: 0 0 0

#Transform 166
Transform: AffineTransform_float_3_3
Parameters: 1 -0.000976316 -0.000517456 0.000974016 0.999989 -0.00474158 0.000521496 0.00474042 0.999988 0.00423597 0.0753916 0.173988
FixedParameters: 0 0 0

#Transform 167
Transform: AffineTransform_float_3_3
Parameters: 0.999999 -0.0013827 -0.000992043 0.00137747 0.999987 -0.00487545 0.00099815 0.00487355 0.999987 -0.00296367 0.0910647 0.194733
FixedParameters: 0 0 0

#Transform 168
Transform: AffineTransform_float_3_3
Parameters: 0.999999 -0.00109063 -0.000648267 0.0010875 0.999989 -0.00442771 0.000652704 0.00442728 0.99999 0.0118444 0.1014 0.169321
FixedParameters: 0 0 0

#Transform 169
Transform: AffineTransform_float_3_3
Parameters: 0.999999 -0.0010907 -0.000648162 0.00108744 0.999989 -0.00452379 0.000652808 0.00452321 0.999989 -0.0132048 0.0983806 0.188327
FixedParameters: 0 0 0

#Transform 170
Transform: AffineTransform_float_3_3
Parameters: 0.999999 -0.00116324 -0.000642918 0.0011605 0.99999 -0.00415275 0.00064736 0.00415125 0.999991 -0.00263885 0.0988834 0.167956
FixedParameters: 0 0 0

#Transform 171
Transform: AffineTransform_float_3_3
Parameters: 0.999999 -0.00122315 -0.00063809 0.00122026 0.99999 -0.00430386 0.000643399 0.00430314 0.99999 -0.0176176 0.115408 0.205746
FixedParameters: 0 0 0

#Transform 172
Transform: AffineTransform_float_3_3
Parameters: 0.999999 -0.00109036 -0.00064873 0.00108785 0.999992 -0.00400279 0.000653239 0.00400221 0.999991 -0.00274029 0.103464 0.159213
FixedParameters: 0 0 0

#Transform 173
Transform: AffineTransform_float_3_3
Parameters: 0.999999 -0.0010904 -0.000648664 0.00108781 0.999991 -0.00406279 0.000653304 0.00406221 0.999991 0.000912222 0.085206 0.135254
FixedParameters: 0 0 0

#Transform 174
Transform: AffineTransform_float_3_3
Parameters: 0.999998 -0.00145661 -0.000619577 0.00145348 0.999988 -0.00455891 0.000626639 0.00455809 0.99999 -0.00579196 0.0556955 0.150043
FixedParameters: 0 0 0

#Transform 175
Transform: AffineTransform_float_3_3
Parameters: 0.999998 -0.00155217 -0.00105301 0.00154788 0.99999 -0.00418471 0.00105962 0.00418228 0.99999 0.00379113 0.0761478 0.18577
FixedParameters: 0 0 0

#Transform 176
Transform: AffineTransform_float_3_3
Parameters: 0.999999 -0.00154987 -0.00101972 0.00154534 0.999989 -0.00443466 0.00102709 0.00443234 0.999989 0.00343624 0.0900004 0.193052
FixedParameters: 0 0 0

#Transform 177
Transform: AffineTransform_float_3_3
Parameters: 0.999998 -0.0013384 -0.00099055 0.00133434 0.999988 -0.00483341 0.000997044 0.00483259 0.999988 0.0158655 0.0602246 0.187349
FixedParameters: 0 0 0

#Transform 178
Transform: AffineTransform_float_3_3
Parameters: 0.999998 -0.00162118 -0.00095302 0.00161854 0.999991 -0.00375956 0.000958848 0.00375844 0.999993 -0.0047019 0.049582 0.171081
FixedParameters: 0 0 0

#Transform 179
Transform: AffineTransform_float_3_3
Parameters: 0.999999 -0.00161455 -0.000890027 0.00161373 0.999996 -0.00201945 0.000893332 0.00201756 0.999998 -0.00801245 0.0601238 0.17044
FixedParameters: 0 0 0

#Transform 180
Transform: AffineTransform_float_3_3
Parameters: 0.999998 -0.00161883 -0.000937874 0.00161656 0.999996 -0.00264561 0.000942223 0.0026444 0.999996 -0.000560067 0.0894964 0.168227
FixedParameters: 0 0 0

#Transform 181
Transform: AffineTransform_float_3_3
Parameters: 0.999998 -0.00161996 -0.000959595 0.00161857 0.999997 -0.00216364 0.000963386 0.00216137 0.999997 -0.00141075 0.0850258 0.151421
FixedParameters: 0 0 0

#Transform 182
Transform: AffineTransform_float_3_3
Parameters: 0.999999 -0.00155984 -0.000896801 0.00155726 0.999994 -0.00293541 0.000901741 0.00293459 0.999995 -0.00609268 0.0914092 0.166706
FixedParameters: 0 0 0

#Transform 183
Transform: AffineTransform_float_3_3
Parameters: 0.999998 -0.0016186 -0.000945029 0.00161774 0.999997 -0.00192162 0.000948034 0.00192038 0.999997 0.00462366 0.0722754 0.17767
FixedParameters: 0 0 0

#Transform 184
Transform: AffineTransform_float_3_3
Parameters: 0.999999 -0.00161674 -0.00091328 0.00161505 0.999996 -0.00243949 0.000917949 0.00243752 0.999997 -0.00787576 0.0891844 0.18429
FixedParameters: 0 0 0

#Transform 185
Transform: AffineTransform_float_3_3
Parameters: 0.999999 -0.00160955 -0.00081856 0.00160833 0.999996 -0.0024344 0.000823179 0.0024326 0.999996 -0.0115707 0.0875266 0.161154
FixedParameters: 0 0 0

#Transform 186
Transform: AffineTransform_float_3_3
Parameters: 0.999998 -0.00181263 -0.000652591 0.00181098 0.999996 -0.00250634 0.000656537 0.00250466 0.999996 0.0185635 0.0956967 0.160692
FixedParameters: 0 0 0

#Transform 187
Transform: AffineTransform_float_3_3
Parameters: 0.999997 -0.00222318 -0.000783039 0.00222172 0.999995 -0.0019659 0.00078664 0.0019641 0.999997 0.015405 0.0853431 0.164457
