#Insight Transform File V1.0
#Transform 0
Transform: AffineTransform_float_3_3
Parameters: 0.999999 -0.000825309 0.000209001 0.000825382 0.999999 -0.000174827 -0.000208712 0.000175172 1 0.0241113 0.00565772 0.0437983
FixedParameters: 0 0 0

#Transform 1
Transform: AffineTransform_float_3_3
Parameters: 1 -0.000674851 3.93809e-05 0.000674905 0.999999 -0.000692973 -3.84456e-05 0.000693026 1 0.0291711 0.0126911 -0.00513071
FixedParameters: 0 0 0

#Transform 2
Transform: AffineTransform_float_3_3
Parameters: 1 -0.000674875 3.89828e-05 0.000674883 1 -0.000102974 -3.88438e-05 0.000103026 1 0.0292009 -0.0240535 0.021012
FixedParameters: 0 0 0

#Transform 3
Transform: AffineTransform_float_3_3
Parameters: 1 -0.000674868 3.91016e-05 0.00067489 0.999999 -0.000278974 -3.8725e-05 0.000279026 1 0.00592391 0.00402918 0.0198621
FixedParameters: 0 0 0

#Transform 4
Transform: AffineTransform_float_3_3
Parameters: 1 -0.000674861 3.92264e-05 0.000674897 0.999999 -0.000463973 -3.86001e-05 0.000464026 1 0.00593102 0.00895582 0.00536929
FixedParameters: 0 0 0

#Transform 5
Transform: AffineTransform_float_3_3
Parameters: 1 -0.000571486 0.000267499 0.00057163 1 -0.000269847 -0.00026719 0.000270153 1 0.00260311 -0.00972764 0.0284361
FixedParameters: 0 0 0

#Transform 6
Transform: AffineTransform_float_3_3
Parameters: 0.999999 -0.000662435 0.000254581 0.000662455 1 -3.88314e-05 -0.000254529 3.91686e-05 1 0.00185343 -0.0060179 0.052088
FixedParameters: 0 0 0

#Transform 7
Transform: AffineTransform_float_3_3
Parameters: 1 -0.000448246 2.6013e-05 0.000448265 1 -0.000371988 -2.56795e-05 0.000372011 1 0.00871973 0.00755787 0.0190069
FixedParameters: 0 0 0

#Transform 8
Transform: AffineTransform_float_3_3
Parameters: 1 -0.000359399 2.0791e-05 0.000359407 1 -0.000188993 -2.06551e-05 0.000189007 1 -0.00870938 -0.0122225 0.00941278
FixedParameters: 0 0 0

#Transform 9
Transform: AffineTransform_float_3_3
Parameters: 1 -0.000567047 3.28801e-05 0.000567069 1 -0.000323981 -3.25126e-05 0.000324018 1 0.0127602 -0.00454943 0.0156039
FixedParameters: 0 0 0

#Transform 10
Transform: AffineTransform_float_3_3
Parameters: 1 -0.000324456 1.87953e-05 0.000324466 1 -0.000267994 -1.86214e-05 0.000268006 1 0.0138285 -0.00186696 0.0294905
FixedParameters: 0 0 0

#Transform 11
Transform: AffineTransform_float_3_3
Parameters: 1 -0.000315472 1.82596e-05 0.00031548 1 -0.000219994 -1.81208e-05 0.000220006 1 0.0139265 -0.00447222 0.0157693
FixedParameters: 0 0 0

#Transform 12
Transform: AffineTransform_float_3_3
Parameters: 1 -0.000232613 1.34152e-05 0.000232614 1 -1.19969e-05 -1.34096e-05 1.20031e-05 1 0.00919322 -0.0031383 0.0210475
FixedParameters: 0 0 0

#Transform 13
Transform: AffineTransform_float_3_3
Parameters: 1 -0.000377369 2.18286e-05 0.000377377 1 -0.000183992 -2.16898e-05 0.000184008 1 0.0131243 0.0119655 0.0401163
FixedParameters: 0 0 0

#Transform 14
Transform: AffineTransform_float_3_3
Parameters: 1 -0.000271543 1.57658e-05 0.000271555 1 -0.000398996 -1.55491e-05 0.000399004 1 0.0144608 0.0170392 -0.0102633
FixedParameters: 0 0 0

#Transform 15
Transform: AffineTransform_float_3_3
Parameters: 1 -0.00027155 1.56365e-05 0.000271548 1 7.70042e-05 -1.56783e-05 -7.69957e-05 1 -0.0100839 -0.00185324 0.00166522
FixedParameters: 0 0 0

#Transform 16
Transform: AffineTransform_float_3_3
Parameters: 1 -0.000265582 0.000118572 0.000265658 1 -0.000321968 -0.000118401 0.000322031 1 0.0105276 -0.00969791 0.0091024
FixedParameters: 0 0 0

#Transform 17
Transform: AffineTransform_float_3_3
Parameters: 1 -6.08957e-05 3.56493e-06 6.09019e-05 0.999999 -0.000878999 -3.45787e-06 0.000879 0.999999 0.00989341 0.0259524 -0.00480802
FixedParameters: 0 0 0

#Transform 18
Transform: AffineTransform_float_3_3
Parameters: 1 -0.000175668 -0.000128097 0.000175663 1 -2.00225e-05 0.000128104 1.99775e-05 1 0.00574963 -0.0124616 0.0603472
FixedParameters: 0 0 0

#Transform 19
Transform: AffineTransform_float_3_3
Parameters: 1 -0.000277656 -9.01507e-05 0.000277646 1 -5.8025e-05 9.01829e-05 5.7975e-05 1 -0.00707736 0.0194962 0.0369653
FixedParameters: 0 0 0

#Transform 20
Transform: AffineTransform_float_3_3
Parameters: 1 -7.78702e-05 4.49786e-06 7.78711e-05 1 -0.000101 -4.48213e-06 0.000101 1 -0.00668202 0.0106528 0.00450774
FixedParameters: 0 0 0

#Transform 21
Transform: AffineTransform_float_3_3
Parameters: 1 2.99506e-06 -1.72078e-07 -2.99499e-06 1 0.000205 1.73306e-07 -0.000205 1 -0.00562746 0.0122218 0.0289349
FixedParameters: 0 0 0

#Transform 22
Transform: AffineTransform_float_3_3
Parameters: 1 -0.000271548 1.56707e-05 0.00027155 1 -4.89957e-05 -1.56441e-05 4.90042e-05 1 0.000619203 0.0264738 0.0503507
FixedParameters: 0 0 0

#Transform 23
Transform: AffineTransform_float_3_3
Parameters: 1 8.18629e-05 -4.73932e-06 -8.18651e-05 1 -0.000233 4.70118e-06 0.000233 1 -0.00463912 0.0169668 0.0138669
FixedParameters: 0 0 0

#Transform 24
Transform: AffineTransform_float_3_3
Parameters: 1 -0.000271548 1.56675e-05 0.00027155 1 -3.69957e-05 -1.56474e-05 3.70042e-05 1 -0.00907714 -0.0134864 0.0380127
FixedParameters: 0 0 0

#Transform 25
Transform: AffineTransform_float_3_3
Parameters: 1 -4.69225e-05 2.69786e-06 4.69216e-05 1 0.000163 -2.71316e-06 -0.000163 1 0.00450893 -0.00334323 0.0252158
FixedParameters: 0 0 0

#Transform 26
Transform: AffineTransform_float_3_3
Parameters: 1 -0.000271546 1.5715e-05 0.000271552 1 -0.000211996 -1.55998e-05 0.000212004 1 -0.00908698 0.0220171 0.0254764
FixedParameters: 0 0 0

#Transform 27
Transform: AffineTransform_float_3_3
Parameters: 1 2.69548e-05 -1.56143e-06 -2.69556e-05 1 -0.000267 1.54703e-06 0.000267 1 -0.00531402 0.0153214 0.00166908
FixedParameters: 0 0 0

#Transform 28
Transform: AffineTransform_float_3_3
Parameters: 1 -1.03868e-05 0.000115785 1.13154e-05 1 0.000301001 -0.000115849 -0.000300999 1 -0.00806615 -0.0180369 0.0682276
FixedParameters: 0 0 0

#Transform 29
Transform: AffineTransform_float_3_3
Parameters: 1 -0.000267012 9.44973e-05 0.000266991 1 0.000109025 -9.45555e-05 -0.000108975 1 -0.0105573 0.0321182 0.0501068
FixedParameters: 0 0 0

#Transform 30
Transform: AffineTransform_float_3_3
Parameters: 1 -0.000271551 1.56278e-05 0.000271547 1 0.000109004 -1.5687e-05 -0.000108996 1 -0.00907927 -0.00587913 0.0339044
FixedParameters: 0 0 0

#Transform 31
Transform: AffineTransform_float_3_3
Parameters: 1 -0.000271556 1.5532e-05 0.000271542 1 0.000462004 -1.57829e-05 -0.000461996 1 -0.0111139 0.00446661 0.0456114
FixedParameters: 0 0 0

#Transform 32
Transform: AffineTransform_float_3_3
Parameters: 1 -0.000271551 1.56278e-05 0.000271547 1 0.000109004 -1.5687e-05 -0.000108996 1 -0.00908769 0.0259728 0.0482082
FixedParameters: 0 0 0

#Transform 33
Transform: AffineTransform_float_3_3
Parameters: 1 -5.89036e-05 3.37136e-06 5.89007e-05 1 0.000423 -3.42119e-06 -0.000423 1 -0.00253067 0.024479 0.0282374
FixedParameters: 0 0 0

#Transform 34
Transform: AffineTransform_float_3_3
Parameters: 1 1.8969e-05 -1.08429e-06 -1.89679e-05 1 0.000497 1.10314e-06 -0.000497 1 -0.0117898 0.0206165 0.0482238
FixedParameters: 0 0 0

#Transform 35
Transform: AffineTransform_float_3_3
Parameters: 1 -0.000271563 1.54043e-05 0.000271534 0.999999 0.000932003 -1.59105e-05 -0.000931995 0.999999 -0.00908406 0.0132475 0.0595459
FixedParameters: 0 0 0

#Transform 36
Transform: AffineTransform_float_3_3
Parameters: 1 7.28285e-05 0.000135063 -7.29587e-05 1 0.00048199 -0.000134993 -0.00048201 1 -0.0140781 0.0494978 0.0122199
FixedParameters: 0 0 0

#Transform 37
Transform: AffineTransform_float_3_3
Parameters: 1 -0.000257665 0.00025815 0.000257457 1 0.000404066 -0.000258358 -0.000403933 1 -0.0339137 -0.000231313 0.0698201
FixedParameters: 0 0 0

#Transform 38
Transform: AffineTransform_float_3_3
Parameters: 1 -1.49757e-05 8.53292e-07 1.49745e-05 1 0.000679 -8.73628e-07 -0.000679 1 -0.0190195 0.00330199 0.0813992
FixedParameters: 0 0 0

#Transform 39
Transform: AffineTransform_float_3_3
Parameters: 1 6.84875e-06 0.00017289 -6.08004e-06 1 0.000663999 -0.000172939 -0.000664001 1 -0.0292567 0.01823 0.0998504
FixedParameters: 0 0 0

#Transform 40
Transform: AffineTransform_float_3_3
Parameters: 1 -0.000259788 0.000222134 0.000259537 0.999999 0.000695057 -0.000221496 -0.000694942 0.999999 -0.0332133 0.01169 0.0833328
FixedParameters: 0 0 0

#Transform 41
Transform: AffineTransform_float_3_3
Parameters: 1 -0.000270981 2.55609e-05 0.000270966 1 0.000295007 -2.57208e-05 -0.000294993 1 -0.0196797 0.0124433 0.0523332
FixedParameters: 0 0 0

#Transform 42
Transform: AffineTransform_float_3_3
Parameters: 1 3.07469e-05 0.000188559 -3.1061e-05 0.999999 0.000832994 -0.000188508 -0.000833005 0.999999 -0.0257723 0.00738307 0.0676598
FixedParameters: 0 0 0

#Transform 43
Transform: AffineTransform_float_3_3
Parameters: 1 4.28939e-05 8.46942e-05 -4.29962e-05 1 0.000603996 -8.46423e-05 -0.000604003 1 -0.0270899 0.0153738 0.0699914
FixedParameters: 0 0 0

#Transform 44
Transform: AffineTransform_float_3_3
Parameters: 1 -1.83784e-05 0.000501868 1.89e-05 1 0.000475009 -0.000501943 -0.000474991 1 -0.0296652 0.00446724 0.0365088
FixedParameters: 0 0 0

#Transform 45
Transform: AffineTransform_float_3_3
Parameters: 1 0.000115756 6.24946e-05 -0.000115816 1 0.000484993 -6.23822e-05 -0.000485007 1 -0.0258306 0.00377283 0.0335631
FixedParameters: 0 0 0

#Transform 46
Transform: AffineTransform_float_3_3
Parameters: 1 -5.9098e-06 -6.87755e-05 6.0274e-06 0.999999 0.000854999 6.87653e-05 -0.000855 0.999999 -0.0246949 -0.0100866 0.0455573
FixedParameters: 0 0 0

#Transform 47
Transform: AffineTransform_float_3_3
Parameters: 1 0.000322636 -0.000120627 -0.00032253 1 0.000440039 0.000120911 -0.000439961 1 -0.0199345 0.0149914 0.0173046
FixedParameters: 0 0 0

#Transform 48
Transform: AffineTransform_float_3_3
Parameters: 1 0.000136147 1.62788e-05 -0.000136168 1 0.000658997 -1.60993e-05 -0.000659002 1 -0.0359429 -0.000435791 0.0600513
FixedParameters: 0 0 0

#Transform 49
Transform: AffineTransform_float_3_3
Parameters: 1 1.33489e-05 2.32768e-05 -1.33744e-05 1 0.000549 -2.32621e-05 -0.000549 1 -0.0275653 0.0096378 0.0925371
FixedParameters: 0 0 0

#Transform 50
Transform: AffineTransform_float_3_3
Parameters: 1 0.00013615 1.62521e-05 -0.000136165 1 0.000462998 -1.6126e-05 -0.000463002 1 -0.0210528 0.0357637 0.0649818
FixedParameters: 0 0 0

#Transform 51
Transform: AffineTransform_float_3_3
Parameters: 0.999999 0.000729196 -0.00130927 -0.000742941 0.99995 -0.010028 0.0013018 0.010029 0.999949 0.0125379 -0.00392798 0.160015
FixedParameters: 0 0 0

#Transform 52
Transform: AffineTransform_float_3_3
Parameters: 1 0.00095538 -0.000550902 -0.000958646 0.999986 -0.00505947 0.000546094 0.00506052 0.999987 -0.0200127 -0.00715819 0.411296
FixedParameters: 0 0 0

#Transform 53
Transform: AffineTransform_float_3_3
Parameters: 0.999999 0.000971434 -0.000917644 -0.000976443 0.999986 -0.0050761 0.000912517 0.00507689 0.999986 -0.0167586 0.030534 0.309343
FixedParameters: 0 0 0

#Transform 54
Transform: AffineTransform_float_3_3
Parameters: 0.999999 0.00139733 -0.00107294 -0.0014032 0.999985 -0.00529555 0.00106581 0.00529744 0.999985 -0.00884774 0.0481567 0.285465
FixedParameters: 0 0 0

#Transform 55
Transform: AffineTransform_float_3_3
Parameters: 0.999998 0.00138208 -0.0013201 -0.00138895 0.999987 -0.00503623 0.00131278 0.00503777 0.999986 -0.0143342 0.0237191 0.276793
FixedParameters: 0 0 0

#Transform 56
Transform: AffineTransform_float_3_3
Parameters: 0.999998 0.00141599 -0.000793368 -0.00141865 0.999992 -0.00379393 0.000788429 0.00379506 0.999992 -0.0309161 0.0294929 0.290062
FixedParameters: 0 0 0

#Transform 57
Transform: AffineTransform_float_3_3
Parameters: 0.999999 0.000992864 -0.000794762 -0.000996134 0.999991 -0.00413121 0.000791363 0.00413179 0.999991 -0.0355783 0.0419997 0.314509
FixedParameters: 0 0 0

#Transform 58
Transform: AffineTransform_float_3_3
Parameters: 0.999998 0.00134712 -0.000898813 -0.00135124 0.99999 -0.00413079 0.000892484 0.00413221 0.999991 -0.0107144 0.0394318 0.265713
FixedParameters: 0 0 0

#Transform 59
Transform: AffineTransform_float_3_3
Parameters: 0.999998 0.000931848 -0.00175196 -0.000941861 0.999986 -0.00522629 0.0017467 0.0052277 0.999985 0.00122618 -0.150454 0.192838
FixedParameters: 0 0 0

#Transform 60
Transform: AffineTransform_float_3_3
Parameters: 0.999994 0.00077912 -0.00322463 -0.000810682 0.999953 -0.0096362 0.00321756 0.0096388 0.999948 0.0291101 -0.146427 -0.331962
FixedParameters: 0 0 0

#Transform 61
Transform: AffineTransform_float_3_3
Parameters: 0.999994 0.00189484 -0.00288929 -0.00191352 0.999977 -0.00649237 0.0028775 0.00649762 0.999975 -0.0231919 -0.132564 -0.266395
FixedParameters: 0 0 0

#Transform 62
Transform: AffineTransform_float_3_3
Parameters: 0.999995 0.00176569 -0.00269176 -0.00178084 0.999983 -0.0055351 0.0026823 0.0055399 0.999981 -0.0255265 -0.0986149 -0.0931478
FixedParameters: 0 0 0

#Transform 63
Transform: AffineTransform_float_3_3
Parameters: 0.999996 0.00163036 -0.00249828 -0.00164712 0.999974 -0.00690179 0.00248666 0.00690621 0.999973 -0.0320832 -0.067419 -0.0221068
FixedParameters: 0 0 0

#Transform 64
Transform: AffineTransform_float_3_3
Parameters: 0.999995 0.00234075 -0.00243298 -0.00235472 0.99998 -0.00571628 0.00241936 0.00572171 0.999981 -0.0351059 -0.0768593 0.0895684
FixedParameters: 0 0 0

#Transform 65
Transform: AffineTransform_float_3_3
Parameters: 0.999994 0.0019481 -0.00289846 -0.00196955 0.999971 -0.0073082 0.00288364 0.0073138 0.99997 -0.0309278 -0.0178279 0.0277309
FixedParameters: 0 0 0

#Transform 66
Transform: AffineTransform_float_3_3
Parameters: 0.999996 0.00200033 -0.00224854 -0.00201835 0.999968 -0.00780248 0.00223322 0.00780652 0.999967 -0.0489503 -0.0179071 -0.0123014
FixedParameters: 0 0 0

#Transform 67
Transform: AffineTransform_float_3_3
Parameters: 0.999994 0.00215222 -0.00269191 -0.00217295 0.999968 -0.00758511 0.00267596 0.00759088 0.999968 -0.0386608 -0.0222447 0.0230143
FixedParameters: 0 0 0

#Transform 68
Transform: AffineTransform_float_3_3
Parameters: 0.999995 0.00201424 -0.00268557 -0.00203828 0.999959 -0.0088035 0.00266858 0.0088085 0.999958 -0.0278606 0.00553707 -0.0081529
FixedParameters: 0 0 0

#Transform 69
Transform: AffineTransform_float_3_3
Parameters: 0.999996 0.00147613 -0.00264935 -0.00149852 0.999963 -0.00854094 0.00263665 0.00854407 0.99996 -0.0307651 0.0136592 0.0134978
FixedParameters: 0 0 0

#Transform 70
Transform: AffineTransform_float_3_3
Parameters: 0.999995 0.00148396 -0.00253543 -0.00150582 0.999964 -0.0084261 0.00252306 0.00842991 0.999962 -0.033061 0.0104999 0.041208
FixedParameters: 0 0 0

#Transform 71
Transform: AffineTransform_float_3_3
Parameters: 0.999997 0.00152498 -0.00196212 -0.0015388 0.999976 -0.00675094 0.00195173 0.00675407 0.999976 -0.030098 0.0142327 0.0933298
FixedParameters: 0 0 0

#Transform 72
Transform: AffineTransform_float_3_3
Parameters: 0.999997 0.00153076 -0.00191681 -0.00154114 0.999986 -0.00518205 0.00190836 0.00518495 0.999985 -0.0346536 0.0185924 0.149493
FixedParameters: 0 0 0

#Transform 73
Transform: AffineTransform_float_3_3
Parameters: 0.999997 0.00142359 -0.00191038 -0.00143366 0.999985 -0.00537927 0.00190242 0.00538173 0.999984 -0.0418195 0.00664843 0.115969
FixedParameters: 0 0 0

#Transform 74
Transform: AffineTransform_float_3_3
Parameters: 0.999998 0.0010586 -0.00208396 -0.00107038 0.999984 -0.00555071 0.00207749 0.00555228 0.999982 -0.0381156 0.0297104 0.151149
FixedParameters: 0 0 0

#Transform 75
Transform: AffineTransform_float_3_3
Parameters: 0.999997 0.00130191 -0.00195455 -0.00131181 0.999985 -0.00519838 0.00194737 0.00520161 0.999984 -0.029792 0.0429214 0.160119
FixedParameters: 0 0 0

#Transform 76
Transform: AffineTransform_float_3_3
Parameters: 0.999996 0.00103696 -0.00242239 -0.00105099 0.999984 -0.00565236 0.00241582 0.00565565 0.999981 -0.0403384 0.0760608 0.0334703
FixedParameters: 0 0 0

#Transform 77
Transform: AffineTransform_float_3_3
Parameters: 0.999987 0.00238856 -0.00454899 -0.00240002 0.999994 -0.00261673 0.00454273 0.00262727 0.999986 -0.0476023 0.0858852 -0.305255
FixedParameters: 0 0 0

#Transform 78
Transform: AffineTransform_float_3_3
Parameters: 0.999997 0.00159661 -0.00220312 -0.00160644 0.999989 -0.00437941 0.00219656 0.00438259 0.999988 -0.0152815 -0.0186075 -0.121305
FixedParameters: 0 0 0

#Transform 79
Transform: AffineTransform_float_3_3
Parameters: 0.999997 0.00161988 -0.00182032 -0.00162838 0.999987 -0.00466304 0.00181269 0.00466596 0.999987 -0.03589 0.0633841 -0.163715
FixedParameters: 0 0 0

#Transform 80
Transform: AffineTransform_float_3_3
Parameters: 0.999997 0.00174735 -0.0017588 -0.00175644 0.999985 -0.00502791 0.00175071 0.00503108 0.999986 -0.0305536 0.0906303 -0.13509
FixedParameters: 0 0 0

#Transform 81
Transform: AffineTransform_float_3_3
Parameters: 0.999999 0.0008537 -0.000996003 -0.000859765 0.999984 -0.00570915 0.000990924 0.00570986 0.999983 -0.020116 0.0532191 -0.198497
FixedParameters: 0 0 0

#Transform 82
Transform: AffineTransform_float_3_3
Parameters: 0.999999 0.00107897 -0.000834519 -0.00108393 0.99998 -0.0062291 0.000827745 0.0062299 0.999981 -0.0264134 0.0667314 -0.203678
FixedParameters: 0 0 0

#Transform 83
Transform: AffineTransform_float_3_3
Parameters: 0.999998 0.0010515 -0.00124574 -0.00106003 0.999973 -0.00723768 0.00123793 0.00723832 0.999973 -0.016129 0.0958102 -0.247947
FixedParameters: 0 0 0

#Transform 84
Transform: AffineTransform_float_3_3
Parameters: 0.999996 0.00139553 -0.00271174 -0.00141761 0.999965 -0.00827407 0.00270017 0.00827794 0.999962 -0.0342723 0.12675 -0.364286
FixedParameters: 0 0 0

#Transform 85
Transform: AffineTransform_float_3_3
Parameters: 0.999993 0.00099259 -0.00346971 -0.00101259 0.999984 -0.00567622 0.00346421 0.00567978 0.999978 -0.0312013 0.067371 -0.605773
FixedParameters: 0 0 0

#Transform 86
Transform: AffineTransform_float_3_3
Parameters: 0.999992 0.00168757 -0.00350093 -0.00165914 0.999967 0.00802112 0.00351435 -0.00801488 0.999962 -0.132675 -0.068374 -0.82614
FixedParameters: 0 0 0

#Transform 87
Transform: AffineTransform_float_3_3
Parameters: 0.999992 0.00328215 -0.00258043 -0.00327401 0.999989 0.00344833 0.00259155 -0.00343967 0.999991 -0.132805 -0.0263926 -0.705781
FixedParameters: 0 0 0

#Transform 88
Transform: AffineTransform_float_3_3
Parameters: 0.999993 0.00336214 -0.00200394 -0.00336242 0.999994 -0.000594476 0.0020018 0.000601525 0.999998 -0.145671 0.113315 -0.570499
FixedParameters: 0 0 0

#Transform 89
Transform: AffineTransform_float_3_3
Parameters: 0.999996 0.00257208 -0.00099218 -0.00257462 0.999993 -0.00246462 0.000985363 0.00246738 0.999996 -0.0896321 0.106033 -0.340279
FixedParameters: 0 0 0

#Transform 90
Transform: AffineTransform_float_3_3
Parameters: 0.999999 0.00155245 -0.00101641 -0.00156045 0.999965 -0.00828449 0.00100313 0.00828652 0.999965 -0.0923587 0.14089 -0.370518
FixedParameters: 0 0 0

#Transform 91
Transform: AffineTransform_float_3_3
Parameters: 0.999997 0.00219083 -0.00107024 -0.00219922 0.999968 -0.00770377 0.00105299 0.00770622 0.99997 -0.122476 0.199965 -0.402179
FixedParameters: 0 0 0

#Transform 92
Transform: AffineTransform_float_3_3
Parameters: 0.999992 0.00144476 -0.00369776 -0.00148739 0.999932 -0.0116063 0.00368027 0.0116117 0.999926 -0.0509184 -0.144656 0.284741
FixedParameters: 0 0 0

#Transform 93
Transform: AffineTransform_float_3_3
Parameters: 0.999971 0.00246631 -0.00718415 -0.00256905 0.999892 -0.0144327 0.00714748 0.0144513 0.99987 0.06696 -0.164551 0.600856
FixedParameters: 0 0 0

#Transform 94
Transform: AffineTransform_float_3_3
Parameters: 0.999964 0.00256021 -0.00810606 -0.00269889 0.999848 -0.0172151 0.00806049 0.0172359 0.999819 0.0831709 0.16294 0.238304
FixedParameters: 0 0 0

#Transform 95
Transform: AffineTransform_float_3_3
Parameters: 0.999964 0.00253268 -0.0080963 -0.00266017 0.999873 -0.0157174 0.0080554 0.0157386 0.999844 0.0813071 0.0981735 0.246348
FixedParameters: 0 0 0

#Transform 96
Transform: AffineTransform_float_3_3
Parameters: 0.999962 0.00296555 -0.00821504 -0.00309648 0.999869 -0.0159146 0.00816708 0.0159394 0.99984 0.053214 0.194918 0.11358
FixedParameters: 0 0 0

#Transform 97
Transform: AffineTransform_float_3_3
Parameters: 0.999779 0.00461057 -0.0204836 -0.00452932 0.999981 0.00400985 0.0205015 -0.00391615 0.999782 0.0323958 -0.230731 -0.875137
FixedParameters: 0 0 0

#Transform 98
Transform: AffineTransform_float_3_3
Parameters: 0.999674 0.0115456 -0.0227954 -0.0111679 0.9998 0.0166435 0.022983 -0.0163835 0.999602 0.12197 -0.386984 -1.16326
FixedParameters: 0 0 0

#Transform 99
Transform: AffineTransform_float_3_3
Parameters: 0.999634 0.0183825 -0.0198793 -0.0179929 0.999646 0.0195887 0.0202322 -0.0192233 0.99961 0.0135984 -0.461437 -1.35069
FixedParameters: 0 0 0

#Transform 100
Transform: AffineTransform_float_3_3
Parameters: 0.999695 0.018729 -0.0161101 -0.0185556 0.999769 0.0108278 0.0163089 -0.0105252 0.999811 -0.031444 -0.200563 -1.49878
FixedParameters: 0 0 0

#Transform 101
Transform: AffineTransform_float_3_3
Parameters: 0.999797 0.0179396 -0.0092354 -0.017827 0.999766 0.0121849 0.00945248 -0.0120181 0.999883 -0.0622744 -0.35211 -1.50894
FixedParameters: 0 0 0

#Transform 102
Transform: AffineTransform_float_3_3
Parameters: 0.999757 0.019316 -0.0106815 -0.0192124 0.999768 0.0097276 0.010867 -0.0095194 0.999896 -0.0299267 -0.527445 -2.09884
FixedParameters: 0 0 0

#Transform 103
Transform: AffineTransform_float_3_3
Parameters: 0.999823 0.016845 -0.00837458 -0.0168152 0.999853 0.00359787 0.00843391 -0.00345613 0.999959 -0.0676409 -0.533351 -2.90935
FixedParameters: 0 0 0

#Transform 104
Transform: AffineTransform_float_3_3
Parameters: 0.999815 0.0165403 -0.00981167 -0.016531 0.999863 0.0010608 0.00982762 -0.000898206 0.999952 -0.0546434 -0.0621488 -2.95253
FixedParameters: 0 0 0

#Transform 105
Transform: AffineTransform_float_3_3
Parameters: 0.999828 0.015788 -0.00975453 -0.015752 0.999869 0.00372337 0.00981249 -0.00356962 0.999946 0.0885215 -0.097243 -2.3488
FixedParameters: 0 0 0

#Transform 106
Transform: AffineTransform_float_3_3
Parameters: 0.999826 0.0152675 -0.010703 -0.0152877 0.999882 -0.00183266 0.0106733 0.00199633 0.999941 0.0429615 0.0590992 -2.07097
FixedParameters: 0 0 0

#Transform 107
Transform: AffineTransform_float_3_3
Parameters: 0.999856 0.0138222 -0.00992075 -0.0138639 0.999895 -0.00407518 0.00986279 0.00421181 0.999943 0.0511744 0.0529322 -1.94449
FixedParameters: 0 0 0

#Transform 108
Transform: AffineTransform_float_3_3
Parameters: 0.999873 0.0125228 -0.00987355 -0.0126009 0.99989 -0.00782077 0.00977424 0.00794422 0.99992 0.0526023 0.152147 -1.90503
FixedParameters: 0 0 0

#Transform 109
Transform: AffineTransform_float_3_3
Parameters: 0.99989 0.0111156 -0.00982749 -0.0111963 0.999904 -0.00817906 0.0097353 0.00828792 0.999918 0.0605293 0.122038 -1.66098
FixedParameters: 0 0 0

#Transform 110
Transform: AffineTransform_float_3_3
Parameters: 0.999869 0.0115844 -0.011318 -0.0116979 0.999882 -0.00998659 0.0112016 0.0101184 0.999887 0.0744 0.207152 -1.79259
FixedParameters: 0 0 0

#Transform 111
Transform: AffineTransform_float_3_3
Parameters: 0.999884 0.0104767 -0.0110614 -0.0105794 0.999901 -0.00927514 0.0109632 0.00939088 0.999896 0.126199 0.143985 -1.54476
FixedParameters: 0 0 0

#Transform 112
Transform: AffineTransform_float_3_3
Parameters: 0.999866 0.01126 -0.0119353 -0.011378 0.999886 -0.0098936 0.0118222 0.0100284 0.999879 0.0989237 0.213535 -1.68638
FixedParameters: 0 0 0

#Transform 113
Transform: AffineTransform_float_3_3
Parameters: 0.999874 0.0108406 -0.0116077 -0.0109533 0.999893 -0.00967506 0.0115022 0.00980094 0.999886 0.107157 0.1626 -1.622
FixedParameters: 0 0 0

#Transform 114
Transform: AffineTransform_float_3_3
Parameters: 0.999874 0.0106137 -0.0118098 -0.0107323 0.999892 -0.0100172 0.011702 0.0101428 0.99988 0.110819 0.207694 -1.63948
FixedParameters: 0 0 0

#Transform 115
Transform: AffineTransform_float_3_3
Parameters: 0.999879 0.0104101 -0.0115714 -0.010516 0.999903 -0.00912114 0.0114754 0.00924187 0.999892 0.113179 0.164411 -1.57637
FixedParameters: 0 0 0

#Transform 116
Transform: AffineTransform_float_3_3
Parameters: 0.999878 0.0108299 -0.0113068 -0.010946 0.999887 -0.0102377 0.011195 0.0103603 0.999883 0.101294 0.198029 -1.51815
FixedParameters: 0 0 0

#Transform 117
Transform: AffineTransform_float_3_3
Parameters: 0.999879 0.0104424 -0.0115426 -0.0105628 0.999891 -0.0103801 0.0114336 0.0105009 0.99988 0.10174 0.211531 -1.4755
FixedParameters: 0 0 0

#Transform 118
Transform: AffineTransform_float_3_3
Parameters: 0.999893 0.0100445 -0.010657 -0.0101573 0.999892 -0.0106139 0.0105491 0.0107211 0.999887 0.110932 0.195189 -1.31852
FixedParameters: 0 0 0

#Transform 119
Transform: AffineTransform_float_3_3
Parameters: 0.999947 0.00923918 -0.00449719 -0.00922271 0.999951 0.00372667 0.00453152 -0.00368433 0.999983 0.0446834 0.115996 -0.295669
FixedParameters: 0 0 0

#Transform 120
Transform: AffineTransform_float_3_3
Parameters: 0.99994 0.0105521 0.00273286 -0.0106531 0.999136 0.0401743 -0.00230686 -0.0402007 0.999189 -0.0746561 -0.528576 1.11144
FixedParameters: 0 0 0

#Transform 121
Transform: AffineTransform_float_3_3
Parameters: 0.999938 0.0109685 0.00155193 -0.0110203 0.999195 0.0385809 -0.00112776 -0.0385951 0.999254 0.00181069 -0.557409 1.14458
FixedParameters: 0 0 0

#Transform 122
Transform: AffineTransform_float_3_3
Parameters: 0.999937 0.011195 -0.000930585 -0.0111553 0.999318 0.035229 0.00132372 -0.035216 0.999379 0.0434462 -0.387448 0.41751
FixedParameters: 0 0 0

#Transform 123
Transform: AffineTransform_float_3_3
Parameters: 0.999867 0.0157419 -0.00426721 -0.0155696 0.999161 0.0379018 0.00486036 -0.0378302 0.999272 -0.078049 -0.511956 0.331696
FixedParameters: 0 0 0

#Transform 124
Transform: AffineTransform_float_3_3
Parameters: 0.999793 0.0170147 -0.0111069 -0.0164586 0.998698 0.0482999 0.0119141 -0.0481071 0.998771 -0.123415 -0.763894 -0.194804
FixedParameters: 0 0 0

#Transform 125
Transform: AffineTransform_float_3_3
Parameters: 0.999717 0.0195519 -0.0134963 -0.0188928 0.998698 0.0473945 0.014405 -0.0471266 0.998785 -0.186924 -0.843146 -0.804729
FixedParameters: 0 0 0

#Transform 126
Transform: AffineTransform_float_3_3
Parameters: 0.999742 0.0204479 -0.00987935 -0.0201792 0.999444 0.0265086 0.0104159 -0.0263023 0.9996 -0.166964 -0.455153 -0.702397
FixedParameters: 0 0 0

#Transform 127
Transform: AffineTransform_float_3_3
Parameters: 0.999879 0.0152092 -0.00331448 -0.0151373 0.999669 0.0207763 0.00362991 -0.0207237 0.999779 -0.22443 -0.173422 0.147209
FixedParameters: 0 0 0

#Transform 128
Transform: AffineTransform_float_3_3
Parameters: 0.999874 0.0150461 -0.00514882 -0.0149265 0.999637 0.0224248 0.00548515 -0.0223452 0.999736 -0.117071 -0.163074 0.0482705
FixedParameters: 0 0 0

#Transform 129
Transform: AffineTransform_float_3_3
Parameters: 0.999841 0.0157464 -0.00836945 -0.0155146 0.999513 0.0270718 0.00879151 -0.0269382 0.999598 -0.0473967 -0.16785 -0.385033
FixedParameters: 0 0 0

#Transform 130
Transform: AffineTransform_float_3_3
Parameters: 0.999841 0.0163395 -0.00705588 -0.0161577 0.999556 0.0250165 0.00746184 -0.0248985 0.999662 -0.112747 -0.26418 -0.28496
FixedParameters: 0 0 0

#Transform 131
Transform: AffineTransform_float_3_3
Parameters: 0.99984 0.016305 -0.00734193 -0.016131 0.999603 0.0230838 0.00771619 -0.0229622 0.999707 -0.154395 -0.219152 -0.189559
FixedParameters: 0 0 0

#Transform 132
Transform: AffineTransform_float_3_3
Parameters: 0.999842 0.0162669 -0.00726277 -0.0161043 0.99963 0.0219201 0.00761632 -0.0217999 0.999733 -0.167254 -0.143804 -0.115906
FixedParameters: 0 0 0

#Transform 133
Transform: AffineTransform_float_3_3
Parameters: 0.999862 0.0154725 -0.00608508 -0.0153542 0.999702 0.019012 0.00637709 -0.018916 0.999801 -0.185168 -0.0919689 -0.0769173
FixedParameters: 0 0 0

#Transform 134
Transform: AffineTransform_float_3_3
Parameters: 0.999869 0.0146358 -0.00687916 -0.014505 0.999721 0.0186262 0.00714955 -0.0185238 0.999802 -0.155566 -0.0683781 -0.0333044
FixedParameters: 0 0 0

#Transform 135
Transform: AffineTransform_float_3_3
Parameters: 0.999877 0.014343 -0.0063112 -0.0142236 0.999728 0.0184911 0.00657457 -0.0183989 0.999809 -0.141276 -0.15066 0.0623702
FixedParameters: 0 0 0

#Transform 136
Transform: AffineTransform_float_3_3
Parameters: 0.999876 0.0144151 -0.00632568 -0.0143005 0.999738 0.0179016 0.00658271 -0.0178084 0.99982 -0.165535 -0.0808521 -0.00712517
FixedParameters: 0 0 0

#Transform 137
Transform: AffineTransform_float_3_3
Parameters: 0.999883 0.0140003 -0.00626845 -0.0138882 0.999748 0.0175985 0.00651313 -0.0175096 0.999826 -0.133149 -0.120088 0.0697743
FixedParameters: 0 0 0

#Transform 138
Transform: AffineTransform_float_3_3
Parameters: 0.999879 0.0141528 -0.00643167 -0.0140395 0.999752 0.0172536 0.0066739 -0.0171604 0.99983 -0.146181 -0.0807608 0.101297
FixedParameters: 0 0 0

#Transform 139
Transform: AffineTransform_float_3_3
Parameters: 0.999879 0.0142295 -0.00618127 -0.0141127 0.999727 0.0185856 0.00644416 -0.0184964 0.999808 -0.150454 -0.128268 0.0990696
FixedParameters: 0 0 0

#Transform 140
Transform: AffineTransform_float_3_3
Parameters: 0.999876 0.0145292 -0.00609885 -0.0144177 0.999735 0.017913 0.00635811 -0.017823 0.999821 -0.176824 -0.0922406 0.110712
FixedParameters: 0 0 0

#Transform 141
Transform: AffineTransform_float_3_3
Parameters: 0.999877 0.0144368 -0.00621398 -0.0143352 0.999766 0.016162 0.00644626 -0.016071 0.99985 -0.178474 -0.0623231 0.0688718
FixedParameters: 0 0 0

#Transform 142
Transform: AffineTransform_float_3_3
Parameters: 0.999878 0.0140493 -0.00674936 -0.0139436 0.999782 0.0155364 0.00696576 -0.0154406 0.999856 -0.148291 -0.0521394 0.0533478
FixedParameters: 0 0 0

#Transform 143
Transform: AffineTransform_float_3_3
Parameters: 0.999878 0.014249 -0.0063171 -0.014148 0.999775 0.0157604 0.00653986 -0.0156696 0.999856 -0.165184 -0.0879818 0.092413
FixedParameters: 0 0 0

#Transform 144
Transform: AffineTransform_float_3_3
Parameters: 0.999873 0.0145313 -0.00647308 -0.0144284 0.999772 0.0156933 0.00669979 -0.0155977 0.999856 -0.1823 -0.0516538 0.0958038
FixedParameters: 0 0 0

#Transform 145
Transform: AffineTransform_float_3_3
Parameters: 0.999879 0.0141899 -0.00634692 -0.0141023 0.999809 0.0135283 0.00653806 -0.0134377 0.999889 -0.167387 -0.0479188 0.0614857
FixedParameters: 0 0 0

#Transform 146
Transform: AffineTransform_float_3_3
Parameters: 0.999871 0.0147095 -0.00634603 -0.0146117 0.999779 0.0151194 0.00656722 -0.0150246 0.999865 -0.185638 0.000427115 0.0372973
FixedParameters: 0 0 0

#Transform 147
Transform: AffineTransform_float_3_3
Parameters: 0.999873 0.0145806 -0.00633833 -0.0144821 0.999779 0.0152675 0.00656 -0.0151735 0.999863 -0.167251 -0.0962146 0.056914
FixedParameters: 0 0 0

#Transform 148
Transform: AffineTransform_float_3_3
Parameters: 0.999878 0.0140507 -0.00679496 -0.0139405 0.999773 0.0160611 0.00701926 -0.0159649 0.999848 -0.156146 -0.0385662 0.0549257
FixedParameters: 0 0 0

#Transform 149
Transform: AffineTransform_float_3_3
Parameters: 0.999881 0.0138337 -0.00689689 -0.0137302 0.999795 0.0148661 0.00710102 -0.0147699 0.999866 -0.138557 -0.0631752 0.0522269
FixedParameters: 0 0 0

#Transform 150
Transform: AffineTransform_float_3_3
Parameters: 0.999877 0.0140342 -0.00696642 -0.0139314 0.999796 0.0145953 0.00716984 -0.0144967 0.999869 -0.133118 -0.0599794 0.0613181
FixedParameters: 0 0 0

#Transform 151
Transform: AffineTransform_float_3_3
Parameters: 0.999882 0.0137435 -0.00682625 -0.0136503 0.999814 0.0135625 0.00701161 -0.0134675 0.999885 -0.138304 -0.00841052 0.0156843
FixedParameters: 0 0 0

#Transform 152
Transform: AffineTransform_float_3_3
Parameters: 0.999883 0.0135969 -0.00697603 -0.0135035 0.99982 0.0132676 0.00715541 -0.0131714 0.999888 -0.137493 -0.0206838 0.0423737
FixedParameters: 0 0 0

#Transform 153
Transform: AffineTransform_float_3_3
Parameters: 0.999887 0.0133545 -0.00693356 -0.0132691 0.999838 0.0121444 0.00709526 -0.0120506 0.999903 -0.141198 -0.00257638 0.0584396
FixedParameters: 0 0 0

#Transform 154
Transform: AffineTransform_float_3_3
Parameters: 0.999895 0.0128035 -0.00688981 -0.0127388 0.999875 0.00937018 0.00700857 -0.00928183 0.999933 -0.129298 0.0452024 0.0238313
FixedParameters: 0 0 0

#Transform 155
Transform: AffineTransform_float_3_3
Parameters: 0.999886 0.0133418 -0.00700509 -0.0132667 0.999855 0.0106772 0.00714607 -0.0105838 0.999918 -0.133448 0.0237142 0.0884168
FixedParameters: 0 0 0

#Transform 156
Transform: AffineTransform_float_3_3
Parameters: 0.999895 0.0127314 -0.00700145 -0.0126157 0.999786 0.0164295 0.0072092 -0.0163395 0.99984 -0.0869325 -0.101003 0.342239
FixedParameters: 0 0 0

#Transform 157
Transform: AffineTransform_float_3_3
Parameters: 0.999903 0.0121059 -0.00679683 -0.0119777 0.999756 0.0185821 0.00702042 -0.0184989 0.999804 -0.0739739 -0.0901398 0.670824
FixedParameters: 0 0 0

#Transform 158
Transform: AffineTransform_float_3_3
Parameters: 0.999903 0.0119641 -0.00720577 -0.011795 0.999665 0.0230704 0.00747925 -0.0229836 0.999708 -0.0171613 -0.266293 1.15178
FixedParameters: 0 0 0

#Transform 159
Transform: AffineTransform_float_3_3
Parameters: 0.999841 0.0139316 -0.011131 -0.0136294 0.999549 0.0267517 0.0114991 -0.0265963 0.99958 0.0339154 -0.237243 0.858722
FixedParameters: 0 0 0

#Transform 160
Transform: AffineTransform_float_3_3
Parameters: 0.9996 0.0194895 -0.0205214 -0.0186617 0.999033 0.0398117 0.0212771 -0.0394133 0.998997 -0.248401 -0.357855 -0.369428
FixedParameters: 0 0 0

#Transform 161
Transform: AffineTransform_float_3_3
Parameters: 0.99974 0.0183633 -0.0135177 -0.0179277 0.999338 0.0316738 0.0140902 -0.0314233 0.999407 -0.270108 -0.372986 0.0234939
FixedParameters: 0 0 0

#Transform 162
Transform: AffineTransform_float_3_3
Parameters: 0.999736 0.0178632 -0.0144155 -0.0174641 0.999474 0.0273263 0.0148957 -0.0270667 0.999523 -0.217969 -0.179596 -0.0940902
FixedParameters: 0 0 0

#Transform 163
Transform: AffineTransform_float_3_3
Parameters: 0.999779 0.0167255 -0.012774 -0.016401 0.999551 0.0250963 0.013188 -0.0248807 0.999603 -0.189195 -0.13272 -0.043071
FixedParameters: 0 0 0

#Transform 164
Transform: AffineTransform_float_3_3
Parameters: 0.999778 0.0167262 -0.0127677 -0.0163922 0.99953 0.0258743 0.0131948 -0.0256587 0.999583 -0.171972 -0.159355 -0.00451081
FixedParameters: 0 0 0

#Transform 165
Transform: AffineTransform_float_3_3
Parameters: 0.999774 0.0168097 -0.0129802 -0.0164694 0.999529 0.0258909 0.0134093 -0.025672 0.99958 -0.166657 -0.171633 -0.024565
FixedParameters: 0 0 0

#Transform 166
Transform: AffineTransform_float_3_3
Parameters: 0.999788 0.0162286 -0.0127146 -0.0159391 0.999618 0.0225811 0.0130759 -0.0223729 0.999664 -0.160772 -0.130634 0.0390113
FixedParameters: 0 0 0

#Transform 167
Transform: AffineTransform_float_3_3
Parameters: 0.999785 0.0167592 -0.0122655 -0.0164674 0.999589 0.0234779 0.0126545 -0.0232711 0.999649 -0.167018 -0.201084 0.218285
FixedParameters: 0 0 0

#Transform 168
Transform: AffineTransform_float_3_3
Parameters: 0.999792 0.0163725 -0.0122195 -0.0161 0.999626 0.0220935 0.0125769 -0.0218915 0.999681 -0.170627 -0.0855507 0.206748
FixedParameters: 0 0 0

#Transform 169
Transform: AffineTransform_float_3_3
Parameters: 0.9998 0.016202 -0.0117166 -0.015928 0.999605 0.0231393 0.0120874 -0.0229487 0.999664 -0.185044 -0.185406 0.304812
FixedParameters: 0 0 0

#Transform 170
Transform: AffineTransform_float_3_3
Parameters: 0.999799 0.0161395 -0.0119122 -0.0158728 0.999627 0.0221987 0.0122657 -0.0220053 0.999682 -0.179934 -0.0891414 0.245352
FixedParameters: 0 0 0

#Transform 171
Transform: AffineTransform_float_3_3
Parameters: 0.999799 0.0160265 -0.0120515 -0.0157522 0.999621 0.0225498 0.0124084 -0.0223552 0.999673 -0.166143 -0.123555 0.32512
FixedParameters: 0 0 0

#Transform 172
Transform: AffineTransform_float_3_3
Parameters: 0.999806 0.0159617 -0.0115301 -0.015699 0.999623 0.0225325 0.0118853 -0.0223475 0.99968 -0.163313 -0.170447 0.272834
FixedParameters: 0 0 0

#Transform 173
Transform: AffineTransform_float_3_3
Parameters: 0.9998 0.0159751 -0.0120211 -0.0156966 0.999614 0.0229487 0.0123835 -0.0227553 0.999665 -0.158329 -0.133752 0.266552
FixedParameters: 0 0 0

#Transform 174
Transform: AffineTransform_float_3_3
Parameters: 0.999803 0.0162829 -0.0114117 -0.0160316 0.999635 0.021789 0.0117628 -0.021601 0.999697 -0.205711 -0.0721258 0.147688
FixedParameters: 0 0 0

#Transform 175
Transform: AffineTransform_float_3_3
Parameters: 0.999811 0.0156977 -0.0114478 -0.0154379 0.999629 0.0224673 0.0117971 -0.0222857 0.999682 -0.17302 -0.146955 0.183245
FixedParameters: 0 0 0

#Transform 176
Transform: AffineTransform_float_3_3
Parameters: 0.999797 0.0160606 -0.0121786 -0.0157944 0.999641 0.0216512 0.012521 -0.0214538 0.999691 -0.156793 -0.0982796 0.0894019
FixedParameters: 0 0 0

#Transform 177
Transform: AffineTransform_float_3_3
Parameters: 0.999755 0.0161435 -0.0151275 -0.0158641 0.999704 0.0184441 0.0154207 -0.018199 0.999716 -0.0922947 -0.0129429 -0.32058
FixedParameters: 0 0 0

#Transform 178
Transform: AffineTransform_float_3_3
Parameters: 0.999825 0.0147366 -0.0114587 -0.0145577 0.999773 0.0155606 0.011686 -0.0153914 0.999813 -0.0274544 -0.131843 -0.498528
FixedParameters: 0 0 0

#Transform 179
Transform: AffineTransform_float_3_3
Parameters: 0.999848 0.0137906 -0.0106874 -0.0135553 0.99967 0.0217987 0.0109837 -0.0216513 0.999705 0.00152354 -0.0846491 -0.131979
FixedParameters: 0 0 0

#Transform 180
Transform: AffineTransform_float_3_3
Parameters: 0.999869 0.0134115 -0.00898177 -0.0130952 0.999324 0.0343571 0.00943659 -0.0342349 0.999369 0.0213017 -0.26588 0.241213
FixedParameters: 0 0 0

#Transform 181
Transform: AffineTransform_float_3_3
Parameters: 0.999843 0.0149124 -0.00949198 -0.0146005 0.999378 0.0321156 0.00996515 -0.0319714 0.999439 0.00658804 -0.191258 0.241981
FixedParameters: 0 0 0

#Transform 182
Transform: AffineTransform_float_3_3
Parameters: 0.999832 0.0152017 -0.0102909 -0.0148832 0.999429 0.0303584 0.0107468 -0.0302006 0.999486 0.00344251 -0.149501 0.170486
FixedParameters: 0 0 0

#Transform 183
Transform: AffineTransform_float_3_3
Parameters: 0.999833 0.0151605 -0.0102541 -0.0148513 0.99945 0.0296274 0.0106973 -0.0294706 0.999509 -0.00185592 -0.158615 0.0972869
FixedParameters: 0 0 0

#Transform 184
Transform: AffineTransform_float_3_3
Parameters: 0.999838 0.0152501 -0.00963147 -0.0149607 0.999455 0.0294226 0.0100743 -0.0292734 0.999521 -0.013736 -0.198669 0.109187
FixedParameters: 0 0 0

#Transform 185
Transform: AffineTransform_float_3_3
Parameters: 0.999837 0.0152296 -0.0096318 -0.0149477 0.999476 0.0287183 0.010064 -0.0285707 0.999541 -0.0276021 -0.144169 0.109726
FixedParameters: 0 0 0

#Transform 186
Transform: AffineTransform_float_3_3
Parameters: 0.999842 0.0151333 -0.00932113 -0.0148573 0.999468 0.0290248 0.00975491 -0.0288823 0.999535 -0.0289527 -0.212038 0.147159
FixedParameters: 0 0 0

#Transform 187
Transform: AffineTransform_float_3_3
Parameters: 0.999842 0.0150671 -0.00945143 -0.0147863 0.999467 0.0290812 0.00988512 -0.0289368 0.999533 -0.0349564 -0.156426 0.147345
FixedParameters: 0 0 0

#Transform 188
Transform: AffineTransform_float_3_3
Parameters: 0.999836 0.0154295 -0.0095072 -0.015146 0.999459 0.0291853 0.00995209 -0.0290357 0.999529 -0.038325 -0.146521 0.152649
FixedParameters: 0 0 0

#Transform 189
Transform: AffineTransform_float_3_3
Parameters: 0.999847 0.0148057 -0.00933655 -0.0145329 0.999486 0.028572 0.00975493 -0.028432 0.999548 -0.0446163 -0.154457 0.214486
FixedParameters: 0 0 0

#Transform 190
Transform: AffineTransform_float_3_3
Parameters: 0.999833 0.0148098 -0.0106611 -0.0145079 0.999507 0.027863 0.0110686 -0.027703 0.999555 -0.0416417 -0.074849 0.189421
FixedParameters: 0 0 0

#Transform 191
Transform: AffineTransform_float_3_3
Parameters: 0.999814 0.0151185 -0.0120349 -0.0147764 0.999499 0.0280023 0.0124525 -0.0278197 0.999535 -0.0118842 -0.134968 0.286317
FixedParameters: 0 0 0

#Transform 192
Transform: AffineTransform_float_3_3
Parameters: 0.999832 0.0154702 -0.00976877 -0.015188 0.999483 0.0283427 0.0102021 -0.0281893 0.999551 -0.0570092 -0.249646 0.47841
FixedParameters: 0 0 0

#Transform 193
