#Insight Transform File V1.0
#Transform 0
Transform: AffineTransform_float_3_3
Parameters: 0.999985 0.00456394 -0.00310332 -0.00457792 0.999978 -0.00475732 0.00308226 0.00477169 0.999984 0.0544599 0.12215 -0.455007
FixedParameters: 0 0 0

#Transform 1
Transform: AffineTransform_float_3_3
Parameters: 0.999992 0.00327527 -0.00196914 -0.00328025 0.999993 -0.00209752 0.00196187 0.00210448 0.999996 -0.0149624 -0.0903073 0.0446567
FixedParameters: 0 0 0

#Transform 2
Transform: AffineTransform_float_3_3
Parameters: 0.999985 0.00508207 -0.00209256 -0.00508146 0.999987 0.000151453 0.00209405 -0.000140542 0.999998 -0.01204 -0.0913029 0.0273883
FixedParameters: 0 0 0

#Transform 3
Transform: AffineTransform_float_3_3
Parameters: 0.999992 0.00360719 -0.00185114 -0.00360665 0.999994 0.00014853 0.00185219 -0.000141468 0.999999 -0.0133957 -0.0418874 0.0510356
FixedParameters: 0 0 0

#Transform 4
Transform: AffineTransform_float_3_3
Parameters: 0.999997 0.00219897 -0.00160126 -0.00219878 0.999998 6.12583e-05 0.00160153 -5.77413e-05 0.999999 -0.0240394 0.0101729 -0.00959261
FixedParameters: 0 0 0

#Transform 5
Transform: AffineTransform_float_3_3
Parameters: 1 0.00104781 -0.000477746 -0.00104744 0.999999 -0.000843649 0.000476774 0.000843351 0.999999 -0.0126058 0.0273908 -0.0550134
FixedParameters: 0 0 0

#Transform 6
Transform: AffineTransform_float_3_3
Parameters: 0.999999 0.000602018 -0.000847665 -0.000602754 0.999999 -0.00112445 0.000847105 0.00112455 0.999999 -0.00218446 -0.000576836 -0.0501528
FixedParameters: 0 0 0

#Transform 7
Transform: AffineTransform_float_3_3
Parameters: 0.999999 0.000874993 -0.00104608 -0.000875196 1 -0.000566234 0.00104491 0.000566766 0.999999 0.00391049 -0.0278836 -0.0422077
FixedParameters: 0 0 0

#Transform 8
Transform: AffineTransform_float_3_3
Parameters: 0.999999 0.000537301 -0.000821503 -0.000537956 0.999999 -0.000398523 0.000821074 0.000398476 0.999999 -0.00714911 -0.0122192 -0.0198624
FixedParameters: 0 0 0

#Transform 9
Transform: AffineTransform_float_3_3
Parameters: 0.999999 0.000558181 -0.000711613 -0.00055905 1 -0.000610752 0.000710931 0.000610248 0.999999 -0.00686003 -0.0130941 -0.0120805
FixedParameters: 0 0 0

#Transform 10
Transform: AffineTransform_float_3_3
Parameters: 0.999999 0.00053655 -0.000825431 -0.000537208 0.999999 -0.000398521 0.000825004 0.000398478 0.999999 0.00503208 0.044864 -0.0225596
FixedParameters: 0 0 0

#Transform 11
Transform: AffineTransform_float_3_3
Parameters: 0.999999 0.00119856 -0.00095199 -0.00119932 0.999999 -0.000398008 0.000951035 0.000398991 0.999999 0.00227018 0.00124191 -0.0573065
FixedParameters: 0 0 0

#Transform 12
Transform: AffineTransform_float_3_3
Parameters: 1 0.000758893 -0.000867551 -0.000758858 0.999999 2.06583e-05 0.000867581 -1.93416e-05 0.999999 -0.00245766 -0.0256714 -0.0431585
FixedParameters: 0 0 0

#Transform 13
Transform: AffineTransform_float_3_3
Parameters: 0.999999 0.00113002 -0.00093722 -0.00112955 0.999999 0.000876095 0.000938403 -0.000874906 1 -0.0301829 -0.0295877 -0.0200152
FixedParameters: 0 0 0

#Transform 14
Transform: AffineTransform_float_3_3
Parameters: 0.999998 0.00172813 -0.00122527 -0.001728 0.999999 0.00013182 0.00122474 -0.000130182 0.999999 -0.0477898 -0.0236094 -0.0177958
FixedParameters: 0 0 0

#Transform 15
Transform: AffineTransform_float_3_3
Parameters: 0.999998 0.00185484 -0.00125978 -0.00185472 0.999998 4.70036e-05 0.00125995 -4.39961e-05 0.999999 -0.0555174 0.0131429 -0.0304542
FixedParameters: 0 0 0

#Transform 16
Transform: AffineTransform_float_3_3
Parameters: 0.999999 0.00124346 -0.000932988 -0.00124293 0.999999 0.000387011 0.000932967 -0.000385989 0.999999 -0.0323245 0.030641 -0.109323
FixedParameters: 0 0 0

#Transform 17
Transform: AffineTransform_float_3_3
Parameters: 0.999999 0.000700739 -0.000415269 -0.000700502 0.999999 0.000511326 0.000415004 -0.000511674 1 0.010772 0.0146191 -0.121213
FixedParameters: 0 0 0

#Transform 18
Transform: AffineTransform_float_3_3
Parameters: 1 0.000127881 -0.000600538 -0.000127572 1 0.000257077 0.000600604 -0.000256923 1 0.0117189 0.0342714 -0.0813898
FixedParameters: 0 0 0

#Transform 19
Transform: AffineTransform_float_3_3
Parameters: 1 -5.19003e-05 -0.000272094 5.1909e-05 1 1.59859e-05 0.000272093 -1.60141e-05 1 0.00818439 0.0099766 -0.0448151
FixedParameters: 0 0 0

#Transform 20
Transform: AffineTransform_float_3_3
Parameters: 1 -0.000244138 -0.000292422 0.000244104 1 -5.80714e-05 0.00029245 5.79286e-05 1 -0.00579172 0.00632079 0.00372632
FixedParameters: 0 0 0

#Transform 21
Transform: AffineTransform_float_3_3
Parameters: 1 -0.000352289 -0.000266631 0.000352147 1 -0.000267094 0.000266819 0.000266906 1 0.0071974 0.0114181 0.01813
FixedParameters: 0 0 0

#Transform 22
Transform: AffineTransform_float_3_3
Parameters: 0.999999 -0.000782418 6.15693e-05 0.000782367 0.999999 -0.00111295 -6.081e-05 0.00111305 1 0.0203143 0.0549141 -0.0281398
FixedParameters: 0 0 0

#Transform 23
Transform: AffineTransform_float_3_3
Parameters: 1 -0.000305574 -2.19467e-05 0.000305546 1 -0.000619006 2.2325e-05 0.000618993 1 0.028139 0.0205547 -0.00364851
FixedParameters: 0 0 0

#Transform 24
Transform: AffineTransform_float_3_3
Parameters: 0.999999 -0.000714715 5.64523e-06 0.000714538 1 -0.00088318 -5.36549e-06 0.00088282 0.999999 0.0300786 0.031641 -0.00591528
FixedParameters: 0 0 0

#Transform 25
Transform: AffineTransform_float_3_3
Parameters: 1 -0.000631471 -0.000161473 0.000631437 1 -0.000104102 0.000161604 0.000103898 1 0.0247085 0.0322996 -0.00510378
FixedParameters: 0 0 0

#Transform 26
Transform: AffineTransform_float_3_3
Parameters: 1 -0.000619516 3.98025e-05 0.000619518 1 -1.89753e-05 -3.9779e-05 1.90246e-05 1 0.023909 -0.00541115 0.0154632
FixedParameters: 0 0 0

#Transform 27
Transform: AffineTransform_float_3_3
Parameters: 0.999999 -0.000749272 -0.000139356 0.000749384 0.999999 0.000404896 0.000138749 -0.000405104 1 0.023301 -0.032257 0.00454126
FixedParameters: 0 0 0

#Transform 28
Transform: AffineTransform_float_3_3
Parameters: 1 -0.000634635 -0.000216075 0.000634758 1 0.000284863 0.000215713 -0.000285137 1 0.0315416 0.0110873 0.015474
FixedParameters: 0 0 0

#Transform 29
Transform: AffineTransform_float_3_3
Parameters: 1 -0.000608271 9.33548e-05 0.000608186 0.999999 0.000451057 -9.39034e-05 -0.000450943 1 0.0285114 0.0429843 -0.025481
FixedParameters: 0 0 0

#Transform 30
Transform: AffineTransform_float_3_3
Parameters: 0.999999 -0.000748206 -4.28875e-05 0.000748433 0.999999 0.000450968 4.31948e-05 -0.000451032 1 0.0295922 0.0278246 -0.0434944
FixedParameters: 0 0 0

#Transform 31
Transform: AffineTransform_float_3_3
Parameters: 0.999999 -0.000831621 -5.84024e-05 0.000831837 0.999999 0.000245951 5.89755e-05 -0.000246049 1 0.0246726 -0.00340066 -0.0620513
FixedParameters: 0 0 0

#Transform 32
Transform: AffineTransform_float_3_3
Parameters: 0.999999 -0.000732324 4.04786e-05 0.000732272 0.999999 0.000636029 -4.14101e-05 -0.000635969 1 0.0263161 0.0127861 -0.0992778
FixedParameters: 0 0 0

#Transform 33
Transform: AffineTransform_float_3_3
Parameters: 0.999999 -0.000698393 0.000218704 0.000698372 1 4.91527e-05 -0.000218772 -4.88472e-05 1 0.0118552 0.0214373 -0.0511075
FixedParameters: 0 0 0

#Transform 34
Transform: AffineTransform_float_3_3
Parameters: 0.999999 -0.000679098 0.00031988 0.000679066 1 4.92172e-05 -0.000319947 -4.87827e-05 1 0.0284055 0.0264382 -0.0521897
FixedParameters: 0 0 0

#Transform 35
Transform: AffineTransform_float_3_3
Parameters: 0.999999 -0.000779228 -0.000204307 0.00077906 0.999999 -0.000411194 0.000204948 0.000411805 1 0.0149294 -0.0069143 -0.0224015
FixedParameters: 0 0 0

#Transform 36
Transform: AffineTransform_float_3_3
Parameters: 0.999999 -0.000779766 -0.00020735 0.000779459 0.999999 -0.000287197 0.000206816 0.000287804 1 0.0362103 0.0209168 -0.0323526
FixedParameters: 0 0 0

#Transform 37
Transform: AffineTransform_float_3_3
Parameters: 0.999999 -0.00075725 -8.94454e-05 0.00075719 0.999999 -0.000336068 8.99542e-05 0.000335932 1 0.0217 0.00575564 -0.0272733
FixedParameters: 0 0 0

#Transform 38
Transform: AffineTransform_float_3_3
Parameters: 0.999999 -0.000740168 -2.26594e-07 0.000739981 0.999999 -0.000115 -5.85474e-07 0.000115 1 0.0212403 0.00826761 -0.0117233
FixedParameters: 0 0 0

#Transform 39
Transform: AffineTransform_float_3_3
Parameters: 0.999999 -0.000727076 6.81873e-05 0.000727215 0.999999 0.00035905 -6.77271e-05 -0.000358951 1 0.0284265 0.0318094 -0.0331656
FixedParameters: 0 0 0

#Transform 40
Transform: AffineTransform_float_3_3
Parameters: 1 -0.000410598 0.000303068 0.000410283 1 0.000519124 -0.000303494 -0.000518875 1 0.0316268 0.0504081 -0.0471162
FixedParameters: 0 0 0

#Transform 41
Transform: AffineTransform_float_3_3
Parameters: 1 -0.000527344 0.000271217 0.000527913 1 -0.00105186 -0.000270107 0.00105214 1 0.0336758 0.0719213 -0.020861
FixedParameters: 0 0 0

#Transform 42
Transform: AffineTransform_float_3_3
Parameters: 0.999999 -0.000808164 0.000288331 0.000808513 0.999999 -0.000930951 -0.000287808 0.000931049 0.999999 0.0260508 0.0327436 0.00270783
FixedParameters: 0 0 0

#Transform 43
Transform: AffineTransform_float_3_3
Parameters: 0.999999 -0.000769649 0.000361547 0.000770273 0.999999 -0.00112272 -0.0003608 0.00112328 1 0.0257979 0.0365825 0.0152597
FixedParameters: 0 0 0

#Transform 44
Transform: AffineTransform_float_3_3
Parameters: 0.999999 -0.00076669 0.000377743 0.000767047 0.999999 -0.00047171 -0.000377019 0.000472289 1 0.0180515 0.0371867 0.0427365
FixedParameters: 0 0 0

#Transform 45
Transform: AffineTransform_float_3_3
Parameters: 0.999999 -0.00080492 0.000177786 0.000805082 0.999999 -0.000983041 -0.000177186 0.000982959 0.999999 0.0283106 0.0680259 0.0325663
FixedParameters: 0 0 0

#Transform 46
Transform: AffineTransform_float_3_3
Parameters: 0.999999 -0.000878026 0.000395939 0.000878834 0.999999 -0.0014948 -0.000395278 0.0014942 0.999999 0.0183417 0.0333957 0.0107267
FixedParameters: 0 0 0

#Transform 47
Transform: AffineTransform_float_3_3
Parameters: 0.999999 -0.000804955 0.000177632 0.000805048 1 -0.000791041 -0.00017734 0.000790959 0.999999 0.0107846 0.060735 0.0729353
FixedParameters: 0 0 0

#Transform 48
Transform: AffineTransform_float_3_3
Parameters: 0.999999 -0.000715776 0.000645477 0.000715651 0.999999 9.6497e-05 -0.000645615 -9.65028e-05 1 0.0332595 0.0622793 0.0274441
FixedParameters: 0 0 0

#Transform 49
Transform: AffineTransform_float_3_3
Parameters: 1 -0.000954262 0.000606527 0.000954231 1 2.63947e-05 -0.000606576 -2.56053e-05 1 0.0465478 0.0513621 0.0243978
FixedParameters: 0 0 0

#Transform 50
Transform: AffineTransform_float_3_3
Parameters: 0.999999 -0.00121628 0.000252497 0.00121566 0.999996 0.00232231 -0.000255197 -0.00232169 0.999998 0.0340839 0.0620017 0.00428111
FixedParameters: 0 0 0

#Transform 51
Transform: AffineTransform_float_3_3
Parameters: 0.999999 -0.000793362 0.000240108 0.00079209 0.999994 0.00340519 -0.000243542 -0.00340481 0.999994 0.0355219 0.0551308 0.0045898
FixedParameters: 0 0 0

#Transform 52
Transform: AffineTransform_float_3_3
Parameters: 0.999999 -0.000783104 0.000293554 0.000782301 0.999998 0.00168008 -0.000295202 -0.00168092 0.999998 0.0340937 0.0598537 0.026443
FixedParameters: 0 0 0

#Transform 53
Transform: AffineTransform_float_3_3
Parameters: 0.999999 -0.000872264 0.00036496 0.000871701 0.999999 0.00102735 -0.00036577 -0.00102765 1 0.0366006 0.0469181 0.0325583
FixedParameters: 0 0 0

#Transform 54
Transform: AffineTransform_float_3_3
Parameters: 0.999999 -0.0012181 0.000430563 0.0012174 0.999998 0.00102756 -0.000432084 -0.00102744 1 0.0426316 0.070329 0.0330638
FixedParameters: 0 0 0

#Transform 55
Transform: AffineTransform_float_3_3
Parameters: 1 -0.0010092 0.000233279 0.00100896 0.999999 0.000926236 -0.000234166 -0.000925765 1 0.0446364 0.0231454 0.0205725
FixedParameters: 0 0 0

#Transform 56
Transform: AffineTransform_float_3_3
Parameters: 1 -0.00119349 0.000168635 0.0011934 0.999999 0.000823017 -0.000169617 -0.000822982 0.999999 0.0349089 0.0418119 0.00858301
FixedParameters: 0 0 0

#Transform 57
Transform: AffineTransform_float_3_3
Parameters: 0.999999 -0.00080169 0.000295874 0.000801978 0.999999 -0.000488727 -0.000295091 0.000488272 1 0.0510248 0.0612764 0.0273029
FixedParameters: 0 0 0

#Transform 58
Transform: AffineTransform_float_3_3
Parameters: 1 -0.000976149 0.000406222 0.000976239 1 -0.000110788 -0.000406005 0.000111212 1 0.052017 0.046594 0.0611074
FixedParameters: 0 0 0

#Transform 59
Transform: AffineTransform_float_3_3
Parameters: 0.999998 -0.00189758 0.000411068 0.00189767 0.999998 -0.000110588 -0.000410646 0.000111411 1 0.0578298 0.0158091 0.0627748
FixedParameters: 0 0 0

#Transform 60
Transform: AffineTransform_float_3_3
Parameters: 0.999999 -0.000792735 9.73864e-05 0.000792706 0.999999 0.00110708 -9.81592e-05 -0.00110692 1 0.0235236 0.0257901 0.0503494
FixedParameters: 0 0 0

#Transform 61
Transform: AffineTransform_float_3_3
Parameters: 0.999952 0.00817609 -0.00536126 -0.00815498 0.999959 0.00398185 0.00539338 -0.00393816 0.999978 -0.153926 0.0818167 0.000654772
FixedParameters: 0 0 0

#Transform 62
Transform: AffineTransform_float_3_3
Parameters: 0.999948 0.00603116 -0.00814624 -0.00597948 0.999962 0.00637509 0.00818459 -0.00632591 0.999947 -0.147947 -0.11083 1.65505
FixedParameters: 0 0 0

#Transform 63
Transform: AffineTransform_float_3_3
Parameters: 0.999972 0.00167104 -0.0073117 -0.00160938 0.999963 0.00836342 0.00732525 -0.00835158 0.999939 0.0601137 -0.174834 0.922341
FixedParameters: 0 0 0

#Transform 64
Transform: AffineTransform_float_3_3
Parameters: 0.999992 -0.000436609 -0.00382779 0.000453337 0.999991 0.00426281 0.00382602 -0.0042642 0.999984 0.0329746 0.0145564 0.298933
FixedParameters: 0 0 0

#Transform 65
Transform: AffineTransform_float_3_3
Parameters: 0.999994 -0.000682252 -0.00340853 0.000682307 1 -0.000137222 0.00340853 0.00013478 0.999994 -0.00187107 0.0713059 0.0308801
FixedParameters: 0 0 0

#Transform 66
Transform: AffineTransform_float_3_3
Parameters: 0.999992 -0.000153184 -0.00399975 0.00016925 0.999992 0.0040439 0.0039985 -0.0040441 0.999984 0.0409073 0.0123699 0.243823
FixedParameters: 0 0 0

#Transform 67
Transform: AffineTransform_float_3_3
Parameters: 0.999998 -0.000594569 -0.0018072 0.000599448 0.999997 0.00243825 0.00180504 -0.00243875 0.999996 0.0496798 0.0573873 0.21463
FixedParameters: 0 0 0

#Transform 68
Transform: AffineTransform_float_3_3
Parameters: 0.999999 -0.000464941 -0.00141437 0.00046756 0.999998 0.00224853 0.001414 -0.00224948 0.999997 0.0145693 0.100243 0.0325197
FixedParameters: 0 0 0

#Transform 69
Transform: AffineTransform_float_3_3
Parameters: 0.999983 0.00480967 -0.0035085 -0.00474692 0.999832 0.0177124 0.00359301 -0.0176956 0.999837 -0.0143652 0.046642 -0.109968
FixedParameters: 0 0 0

#Transform 70
Transform: AffineTransform_float_3_3
Parameters: 0.9999 0.0117016 -0.00793159 -0.0116761 0.999927 0.00317397 0.0079686 -0.00308102 0.999964 -0.292319 0.0558348 0.0560467
FixedParameters: 0 0 0

#Transform 71
Transform: AffineTransform_float_3_3
Parameters: 0.999699 0.0221238 -0.0106695 -0.0218975 0.999541 0.020952 0.0111284 -0.0207121 0.999724 -0.201666 0.010705 -0.268563
FixedParameters: 0 0 0

#Transform 72
Transform: AffineTransform_float_3_3
Parameters: 0.999909 0.0106786 -0.0081873 -0.0105868 0.999882 0.0111095 0.00830454 -0.0110215 0.999905 -0.19279 -0.00493478 0.0657639
FixedParameters: 0 0 0

#Transform 73
Transform: AffineTransform_float_3_3
Parameters: 0.999762 0.0183353 -0.0118736 -0.0181993 0.999769 0.0114226 0.0120806 -0.0112034 0.999864 -0.285319 -0.00976625 -0.110766
FixedParameters: 0 0 0

#Transform 74
Transform: AffineTransform_float_3_3
Parameters: 0.999529 0.0265552 -0.0154171 -0.0263527 0.999565 0.013209 0.0157611 -0.012796 0.999794 -0.387652 -0.0367094 -0.0404231
FixedParameters: 0 0 0

#Transform 75
Transform: AffineTransform_float_3_3
Parameters: 0.998695 0.0484102 -0.0163133 -0.0481362 0.9987 0.016749 0.0171036 -0.015942 0.999727 -0.320408 -0.0919151 -0.239815
FixedParameters: 0 0 0

#Transform 76
Transform: AffineTransform_float_3_3
Parameters: 0.999089 0.0409751 -0.0119156 -0.0408082 0.99907 0.0139152 0.0124751 -0.0134168 0.999833 0.0749779 0.187818 -1.1777
FixedParameters: 0 0 0

#Transform 77
Transform: AffineTransform_float_3_3
Parameters: 0.999022 0.0413749 -0.0156326 -0.041042 0.998935 0.0210863 0.0164887 -0.0204247 0.999656 0.101469 -0.15852 0.0831868
FixedParameters: 0 0 0

#Transform 78
Transform: AffineTransform_float_3_3
Parameters: 0.998514 0.0498914 -0.0219262 -0.0497134 0.998727 0.00862678 0.0223287 -0.00752324 0.999723 -0.126273 -0.377072 0.462725
FixedParameters: 0 0 0

#Transform 79
Transform: AffineTransform_float_3_3
Parameters: 0.998793 0.0444804 -0.0208002 -0.0443349 0.998989 0.0074012 0.0211084 -0.00646979 0.999756 -0.071165 -0.303866 0.685059
FixedParameters: 0 0 0

#Transform 80
Transform: AffineTransform_float_3_3
Parameters: 0.998954 0.0421385 -0.0177487 -0.0419823 0.999077 0.00909469 0.0181152 -0.00834033 0.999801 -0.0981986 -0.259504 0.55275
FixedParameters: 0 0 0

#Transform 81
Transform: AffineTransform_float_3_3
Parameters: 0.999255 0.036675 -0.0120073 -0.0366434 0.999324 0.00290233 0.0121054 -0.00246069 0.999924 -0.0992538 -0.158323 0.151806
FixedParameters: 0 0 0

#Transform 82
Transform: AffineTransform_float_3_3
Parameters: 0.999632 0.0258706 -0.00824218 -0.0258655 0.999666 0.000643437 0.00825542 -0.000430575 0.999965 -0.119467 -0.128953 0.0399555
FixedParameters: 0 0 0

#Transform 83
Transform: AffineTransform_float_3_3
Parameters: 0.999944 0.00992115 -0.00383294 -0.00991821 0.99995 0.000878012 0.00384152 -0.000839988 0.999992 -0.131397 -0.000164297 0.0555135
FixedParameters: 0 0 0

#Transform 84
Transform: AffineTransform_float_3_3
Parameters: 0.999941 0.00985335 -0.00460459 -0.00984659 0.99995 0.00137983 0.00461715 -0.00133417 0.999988 -0.12942 -0.00711693 0.0973043
FixedParameters: 0 0 0

#Transform 85
Transform: AffineTransform_float_3_3
Parameters: 0.999939 0.00950398 -0.00559428 -0.00949658 0.999954 0.00134389 0.00560748 -0.0012901 0.999984 -0.0980591 0.0242774 0.177501
FixedParameters: 0 0 0

#Transform 86
Transform: AffineTransform_float_3_3
Parameters: 0.999946 0.00891713 -0.0053627 -0.00890206 0.999956 0.00280961 0.0053877 -0.00276239 0.999981 -0.0903079 -0.00066651 0.110659
FixedParameters: 0 0 0

#Transform 87
Transform: AffineTransform_float_3_3
Parameters: 0.999948 0.00904232 -0.004848 -0.00902935 0.999955 0.0028051 0.00487249 -0.00276191 0.999985 -0.0960336 0.019264 0.0507074
FixedParameters: 0 0 0

#Transform 88
Transform: AffineTransform_float_3_3
Parameters: 0.999952 0.00859499 -0.00483374 -0.00859019 0.999962 0.00113564 0.00484285 -0.00109437 0.999988 -0.0723097 0.0725335 0.0552617
FixedParameters: 0 0 0

#Transform 89
Transform: AffineTransform_float_3_3
Parameters: 0.999954 0.0077827 -0.00558572 -0.00775787 0.99996 0.00434643 0.00561977 -0.00430257 0.999975 -0.0538814 0.0202375 0.0829392
FixedParameters: 0 0 0

#Transform 90
Transform: AffineTransform_float_3_3
Parameters: 0.999966 0.00649828 -0.00494031 -0.00648902 0.999977 0.00191239 0.0049525 -0.00188061 0.999986 -0.0243316 0.0411419 0.103699
FixedParameters: 0 0 0

#Transform 91
Transform: AffineTransform_float_3_3
Parameters: 0.999969 0.0061204 -0.00486407 -0.00610834 0.999978 0.00260754 0.00487996 -0.00257746 0.999985 -0.0266682 0.0097141 0.170124
FixedParameters: 0 0 0

#Transform 92
Transform: AffineTransform_float_3_3
Parameters: 0.999972 0.00583199 -0.00465826 -0.00581964 0.99998 0.00275105 0.00467435 -0.00272395 0.999986 -0.0494195 0.00418867 0.188336
FixedParameters: 0 0 0

#Transform 93
Transform: AffineTransform_float_3_3
Parameters: 0.999965 0.00676514 -0.00487503 -0.00675177 0.999973 0.00279387 0.00489382 -0.00276012 0.999984 -0.0492676 -0.00169905 0.197236
FixedParameters: 0 0 0

#Transform 94
Transform: AffineTransform_float_3_3
Parameters: 0.999963 0.00699814 -0.00503672 -0.00698993 0.999974 0.00165783 0.00504801 -0.00162217 0.999986 -0.0302519 0.0554339 0.15217
FixedParameters: 0 0 0

#Transform 95
Transform: AffineTransform_float_3_3
Parameters: 0.999967 0.00660442 -0.00468998 -0.00659555 0.999977 0.00186682 0.0047018 -0.00183618 0.999987 -0.0264361 0.0495662 0.0934136
FixedParameters: 0 0 0

#Transform 96
Transform: AffineTransform_float_3_3
Parameters: 0.999968 0.00620995 -0.00506224 -0.00620173 0.999979 0.00172727 0.00507301 -0.00169573 0.999986 -0.0106313 -0.000558209 0.209947
FixedParameters: 0 0 0

#Transform 97
Transform: AffineTransform_float_3_3
Parameters: 0.99997 0.00604297 -0.00485485 -0.00603339 0.99998 0.00183809 0.00486621 -0.0018089 0.999986 -0.0152819 -0.00840036 0.208897
FixedParameters: 0 0 0

#Transform 98
Transform: AffineTransform_float_3_3
Parameters: 0.999973 0.00577773 -0.00466603 -0.00576654 0.99998 0.00249802 0.0046797 -0.00247098 0.999986 -0.0251253 0.0147495 0.178087
FixedParameters: 0 0 0

#Transform 99
Transform: AffineTransform_float_3_3
Parameters: 0.999975 0.00545516 -0.0046485 -0.00544433 0.999982 0.00242775 0.00466177 -0.00240225 0.999986 -0.0258039 0.0181866 0.196846
FixedParameters: 0 0 0

#Transform 100
Transform: AffineTransform_float_3_3
Parameters: 0.999975 0.00574635 -0.0042402 -0.00573796 0.999982 0.00198014 0.00425116 -0.00195587 0.999989 -0.00784856 0.0655742 0.105612
FixedParameters: 0 0 0

#Transform 101
Transform: AffineTransform_float_3_3
Parameters: 0.999973 0.00563114 -0.00467364 -0.00562512 0.999983 0.00146638 0.00468229 -0.00144063 0.999988 -0.008279 0.0577505 0.102481
FixedParameters: 0 0 0

#Transform 102
Transform: AffineTransform_float_3_3
Parameters: 0.999974 0.00554612 -0.00459405 -0.00553906 0.999984 0.00137068 0.00460199 -0.00134532 0.999989 -0.00979473 0.00450738 0.126912
FixedParameters: 0 0 0

#Transform 103
Transform: AffineTransform_float_3_3
Parameters: 0.999976 0.00537272 -0.00451516 -0.00536317 0.999983 0.00222761 0.0045267 -0.00220339 0.999987 -0.0152682 0.00488834 0.177338
FixedParameters: 0 0 0

#Transform 104
Transform: AffineTransform_float_3_3
Parameters: 0.999977 0.00505124 -0.00463238 -0.00503914 0.999984 0.00244611 0.00464469 -0.00242288 0.999986 -0.0185672 0.0123175 0.200665
FixedParameters: 0 0 0

#Transform 105
Transform: AffineTransform_float_3_3
Parameters: 0.999978 0.00514017 -0.00416654 -0.00512748 0.999983 0.00283088 0.00418129 -0.00281011 0.999988 -0.0273018 0.0190375 0.144902
FixedParameters: 0 0 0

#Transform 106
Transform: AffineTransform_float_3_3
Parameters: 0.999977 0.00540554 -0.00423547 -0.00539637 0.999984 0.002052 0.00424685 -0.002029 0.999989 -0.0165676 0.0487883 0.11533
FixedParameters: 0 0 0

#Transform 107
Transform: AffineTransform_float_3_3
Parameters: 0.999975 0.0055089 -0.00442881 -0.00550292 0.999984 0.00127853 0.00443662 -0.00125346 0.999989 -0.000863863 0.0547292 0.039458
FixedParameters: 0 0 0

#Transform 108
Transform: AffineTransform_float_3_3
Parameters: 0.999975 0.00547447 -0.00446528 -0.00546722 0.999983 0.0015618 0.00447433 -0.0015372 0.999989 0.00156683 0.0477607 0.0171301
FixedParameters: 0 0 0

#Transform 109
Transform: AffineTransform_float_3_3
Parameters: 0.999976 0.00505931 -0.00457832 -0.00505028 0.999986 0.00186484 0.00458737 -0.00184116 0.999988 0.00623192 0.0238965 0.0361312
FixedParameters: 0 0 0

#Transform 110
Transform: AffineTransform_float_3_3
Parameters: 0.999974 0.00489211 -0.00526059 -0.0048743 0.999982 0.00334628 0.0052771 -0.00331972 0.999981 -0.000822245 -0.000529347 0.341254
FixedParameters: 0 0 0

#Transform 111
Transform: AffineTransform_float_3_3
Parameters: 0.999974 0.00490872 -0.00526638 -0.00489756 0.999986 0.00203025 0.00527587 -0.00200475 0.999984 0.0118001 0.0722251 0.191361
FixedParameters: 0 0 0

#Transform 112
Transform: AffineTransform_float_3_3
Parameters: 0.99998 0.00362922 -0.00517327 -0.00362495 0.999994 0.000761287 0.00517634 -0.000742711 0.999986 0.0155829 0.0102987 0.340431
FixedParameters: 0 0 0

#Transform 113
Transform: AffineTransform_float_3_3
Parameters: 0.999978 0.0043255 -0.0049106 -0.00433014 0.99999 -0.000977124 0.0049072 0.00099788 0.999987 0.0276595 0.0471643 0.27378
FixedParameters: 0 0 0

#Transform 114
Transform: AffineTransform_float_3_3
Parameters: 0.999981 0.00384945 -0.00477917 -0.00384273 0.999991 0.00146451 0.00478461 -0.00144649 0.999988 -0.00276094 0.0458745 0.21067
FixedParameters: 0 0 0

#Transform 115
Transform: AffineTransform_float_3_3
Parameters: 0.999961 0.00444945 -0.00755441 -0.00445818 0.999989 -0.00116811 0.00754923 0.00120189 0.99997 -0.0433794 0.103766 0.220054
FixedParameters: 0 0 0

#Transform 116
Transform: AffineTransform_float_3_3
Parameters: 0.999382 0.0232774 -0.0263666 -0.02308 0.999703 0.00777581 0.02654 -0.00716219 0.999622 -0.185873 0.111351 0.0923429
FixedParameters: 0 0 0

#Transform 117
Transform: AffineTransform_float_3_3
Parameters: 0.999232 0.0336883 -0.0200409 -0.0334253 0.999352 0.0133274 0.0204766 -0.0126476 0.99971 -0.2315 0.110323 0.079001
FixedParameters: 0 0 0

#Transform 118
Transform: AffineTransform_float_3_3
Parameters: 0.999746 0.0189977 -0.0121053 -0.0188693 0.999766 0.0105968 0.0123036 -0.0103652 0.999871 -0.118363 0.116283 0.162353
FixedParameters: 0 0 0

#Transform 119
Transform: AffineTransform_float_3_3
Parameters: 0.99984 0.0151009 -0.00964875 -0.0150247 0.999856 0.00788382 0.00976613 -0.00773819 0.999922 -0.0519242 0.0942277 0.0984811
FixedParameters: 0 0 0

#Transform 120
Transform: AffineTransform_float_3_3
Parameters: 0.999861 0.0136522 -0.00959554 -0.0135968 0.999891 0.00576603 0.00967371 -0.00563497 0.999937 -0.0786151 0.0857082 0.175162
FixedParameters: 0 0 0

#Transform 121
Transform: AffineTransform_float_3_3
Parameters: 0.999905 0.0105676 -0.00887396 -0.0105369 0.999938 0.00348766 0.00890962 -0.00339334 0.999955 -0.027263 0.0888678 0.200608
FixedParameters: 0 0 0

#Transform 122
Transform: AffineTransform_float_3_3
Parameters: 0.999933 0.00831346 -0.00814057 -0.00830166 0.999964 0.00152111 0.00815341 -0.00145389 0.999966 0.0108769 0.119983 -0.169704
FixedParameters: 0 0 0

#Transform 123
Transform: AffineTransform_float_3_3
Parameters: 0.999951 0.00702864 -0.00695322 -0.00702098 0.999974 0.00111918 0.00696089 -0.00107082 0.999975 -0.0387806 0.0411083 0.579337
FixedParameters: 0 0 0

#Transform 124
Transform: AffineTransform_float_3_3
Parameters: 0.999972 0.00554683 -0.00500689 -0.00557477 0.999968 -0.00574276 0.0049749 0.00577024 0.999971 0.00297186 -0.153252 0.45561
FixedParameters: 0 0 0

#Transform 125
Transform: AffineTransform_float_3_3
Parameters: 0.999985 0.00327906 -0.00450386 -0.00328864 0.999993 -0.00211788 0.00449724 0.00213312 0.999988 0.0103842 0.0748674 -0.0454098
FixedParameters: 0 0 0

#Transform 126
Transform: AffineTransform_float_3_3
Parameters: 0.99998 0.00420395 -0.00460026 -0.00421001 0.99999 -0.00119891 0.00459524 0.00121809 0.999989 -0.00787823 -0.0711926 0.238622
FixedParameters: 0 0 0

#Transform 127
Transform: AffineTransform_float_3_3
Parameters: 0.999986 0.00321951 -0.00422174 -0.00323135 0.99999 -0.00294509 0.00421242 0.00295891 0.999987 0.029543 -0.00661632 0.224954
FixedParameters: 0 0 0

#Transform 128
Transform: AffineTransform_float_3_3
Parameters: 0.999983 0.00409463 -0.00412032 -0.00410153 0.999991 -0.00146667 0.00411435 0.00148333 0.999991 -0.00433327 0.0591532 0.10547
FixedParameters: 0 0 0

#Transform 129
Transform: AffineTransform_float_3_3
Parameters: 0.999975 0.00472013 -0.00523596 -0.0047248 0.999988 -0.00101055 0.00523125 0.00103546 0.999986 -0.00860353 0.0637151 0.104986
FixedParameters: 0 0 0

#Transform 130
Transform: AffineTransform_float_3_3
Parameters: 0.999975 0.00418393 -0.00560778 -0.00419692 0.999988 -0.00240005 0.0055971 0.00242395 0.999981 0.0281879 0.120745 -0.153953
FixedParameters: 0 0 0

#Transform 131
Transform: AffineTransform_float_3_3
Parameters: 0.999967 0.00501846 -0.0064851 -0.00508239 0.999939 -0.00984513 0.00643547 0.00987787 0.99993 0.00254886 0.0262231 0.0105242
FixedParameters: 0 0 0

#Transform 132
Transform: AffineTransform_float_3_3
Parameters: 0.999961 0.00535418 -0.00704326 -0.00545902 0.999873 -0.0149627 0.006962 0.0150003 0.999863 0.0548033 -0.0738171 -0.326748
FixedParameters: 0 0 0

#Transform 133
Transform: AffineTransform_float_3_3
Parameters: 0.999923 0.00513056 -0.0113091 -0.00488633 0.999756 0.0215254 0.0114174 -0.0214686 0.999704 -0.21124 -0.813074 2.07669
FixedParameters: 0 0 0

#Transform 134
Transform: AffineTransform_float_3_3
Parameters: 0.999973 0.00128783 -0.0072032 -0.00123887 0.999976 0.00683742 0.00721159 -0.00682859 0.999951 -0.105583 -0.112949 0.766755
FixedParameters: 0 0 0

#Transform 135
Transform: AffineTransform_float_3_3
Parameters: 0.999982 0.00105588 -0.00589302 -0.00104674 0.999998 0.00150919 0.00589375 -0.00150281 0.999982 -0.0195112 0.021627 0.212261
FixedParameters: 0 0 0

#Transform 136
Transform: AffineTransform_float_3_3
Parameters: 0.999987 0.000857481 -0.0049959 -0.000870243 0.999996 -0.00264753 0.0049938 0.00265147 0.999984 -0.0132865 0.117932 -0.380195
FixedParameters: 0 0 0

#Transform 137
Transform: AffineTransform_float_3_3
Parameters: 0.999957 0.00612531 -0.00696659 -0.00612367 0.999981 0.000236121 0.00696745 -0.000193881 0.999976 -0.120941 0.00721706 -0.438178
FixedParameters: 0 0 0

#Transform 138
Transform: AffineTransform_float_3_3
Parameters: 0.999641 0.021105 -0.0165377 -0.0209975 0.999758 0.00664486 0.0166738 -0.00629514 0.999841 -0.237117 0.0938046 -0.320737
FixedParameters: 0 0 0

#Transform 139
Transform: AffineTransform_float_3_3
Parameters: 0.999604 0.0246155 -0.0136777 -0.0246969 0.999678 -0.00584539 0.0135294 0.00618062 0.999889 -0.180279 -0.17698 0.770981
FixedParameters: 0 0 0

#Transform 140
Transform: AffineTransform_float_3_3
Parameters: 0.999759 0.0199351 -0.00917506 -0.0199799 0.999788 -0.00483816 0.00907654 0.00502084 0.999946 -0.114768 -0.191863 0.562283
FixedParameters: 0 0 0

#Transform 141
Transform: AffineTransform_float_3_3
Parameters: 0.999673 0.0210002 -0.0146212 -0.0210129 0.999779 -0.000710776 0.0146029 0.00101822 0.999893 -0.251516 -0.0725176 0.373713
FixedParameters: 0 0 0

#Transform 142
Transform: AffineTransform_float_3_3
Parameters: 0.999807 0.0152185 -0.0124819 -0.0151884 0.999881 0.00251746 0.0125186 -0.00232754 0.999919 -0.141159 -0.0487371 0.310298
FixedParameters: 0 0 0

#Transform 143
Transform: AffineTransform_float_3_3
Parameters: 0.99987 0.0122095 -0.0105376 -0.0121591 0.999914 0.00485876 0.0105959 -0.00473024 0.999932 -0.109789 0.0911393 0.170908
FixedParameters: 0 0 0

#Transform 144
Transform: AffineTransform_float_3_3
Parameters: 0.999909 0.0111405 -0.00762129 -0.0110415 0.999856 0.0128675 0.00776372 -0.0127825 0.999888 -0.0108803 0.140728 -0.0550448
FixedParameters: 0 0 0

#Transform 145
Transform: AffineTransform_float_3_3
Parameters: 0.999899 0.0110879 -0.00888743 -0.011035 0.999921 0.00600332 0.00895299 -0.00590468 0.999942 -0.0289609 0.173778 -0.139859
FixedParameters: 0 0 0

#Transform 146
Transform: AffineTransform_float_3_3
Parameters: 0.999912 0.0110402 -0.00725294 -0.0108887 0.999728 0.0206338 0.00747907 -0.0205532 0.99976 -0.0104247 0.443414 -0.606712
FixedParameters: 0 0 0

#Transform 147
Transform: AffineTransform_float_3_3
Parameters: 0.999914 0.0105143 -0.00782007 -0.0105162 0.999945 -0.00024537 0.00781662 0.000327627 0.999969 -0.0783592 0.157519 0.0253592
FixedParameters: 0 0 0

#Transform 148
Transform: AffineTransform_float_3_3
Parameters: 0.999931 0.00899701 -0.00762442 -0.0089793 0.999957 0.00232529 0.00764447 -0.00225672 0.999969 -0.0730171 0.112891 0.125566
FixedParameters: 0 0 0

#Transform 149
Transform: AffineTransform_float_3_3
Parameters: 0.999939 0.00861012 -0.00681656 -0.00859146 0.999959 0.00275923 0.00684061 -0.00270077 0.999973 -0.0887555 0.110614 0.0955949
FixedParameters: 0 0 0

#Transform 150
Transform: AffineTransform_float_3_3
Parameters: 0.999591 0.0196588 -0.0207697 -0.019557 0.999795 0.00511853 0.0208661 -0.00470948 0.999771 -0.26778 0.183545 -0.06099
FixedParameters: 0 0 0

#Transform 151
Transform: AffineTransform_float_3_3
Parameters: 0.999314 0.0289582 -0.0230847 -0.0287822 0.999555 0.00792713 0.0233034 -0.00725689 0.999702 -0.25034 0.122245 0.151532
FixedParameters: 0 0 0

#Transform 152
Transform: AffineTransform_float_3_3
Parameters: 0.999759 0.0161699 -0.0148081 -0.0160858 0.999854 0.00576266 0.0148992 -0.00552333 0.999874 -0.387035 -0.334034 2.09533
FixedParameters: 0 0 0

#Transform 153
Transform: AffineTransform_float_3_3
Parameters: 0.99985 0.0153039 -0.00802217 -0.0153748 0.999843 -0.00884111 0.0078852 0.00896289 0.999929 -0.394322 -0.399472 3.71034
FixedParameters: 0 0 0

#Transform 154
Transform: AffineTransform_float_3_3
Parameters: 0.999052 0.0344611 -0.0265715 -0.0348192 0.999308 -0.013126 0.0261013 0.014039 0.999561 -0.640066 0.216124 -0.545231
FixedParameters: 0 0 0

#Transform 155
Transform: AffineTransform_float_3_3
Parameters: 0.998546 0.0471172 -0.0261853 -0.0470854 0.998889 0.00181623 0.0262421 -0.000580746 0.999655 -0.420113 -0.190576 -0.270446
FixedParameters: 0 0 0

#Transform 156
Transform: AffineTransform_float_3_3
Parameters: 0.999202 0.0341863 -0.0206538 -0.0340901 0.999406 0.00499845 0.0208123 -0.00429055 0.999774 -0.501852 -0.00472367 -0.146534
FixedParameters: 0 0 0

#Transform 157
Transform: AffineTransform_float_3_3
Parameters: 0.999355 0.0289791 -0.0212318 -0.0288742 0.999569 0.0052255 0.0213735 -0.00460851 0.99976 -0.520223 0.134268 -0.323821
FixedParameters: 0 0 0

#Transform 158
Transform: AffineTransform_float_3_3
Parameters: 0.9996 0.0230607 -0.0164041 -0.0229814 0.999724 0.00499685 0.0165154 -0.00461814 0.999853 -0.406001 0.0957909 -0.453964
FixedParameters: 0 0 0

#Transform 159
Transform: AffineTransform_float_3_3
Parameters: 0.999701 0.0194494 -0.0147736 -0.0193875 0.999803 0.00437918 0.0148556 -0.00409185 0.999882 -0.36075 0.144995 -0.407864
FixedParameters: 0 0 0

#Transform 160
Transform: AffineTransform_float_3_3
Parameters: 0.999779 0.0162438 -0.0133832 -0.0161926 0.999861 0.00394143 0.013445 -0.00372358 0.999903 -0.34334 0.128257 -0.36567
FixedParameters: 0 0 0

#Transform 161
Transform: AffineTransform_float_3_3
Parameters: 0.999767 0.0167143 -0.0136426 -0.0166635 0.999854 0.0038607 0.0137052 -0.0036323 0.999899 -0.364993 0.116842 -0.388605
FixedParameters: 0 0 0

#Transform 162
Transform: AffineTransform_float_3_3
Parameters: 0.999764 0.0168209 -0.0137858 -0.0167819 0.999854 0.00301249 0.013834 -0.00278053 0.9999 -0.352379 0.177092 -0.478124
FixedParameters: 0 0 0

#Transform 163
Transform: AffineTransform_float_3_3
Parameters: 0.999701 0.0182981 -0.0162056 -0.0181763 0.999806 0.00759515 0.0163415 -0.00729885 0.99984 -0.387214 0.125866 -0.418406
FixedParameters: 0 0 0

#Transform 164
Transform: AffineTransform_float_3_3
Parameters: 0.999731 0.0176912 -0.0149982 -0.0176161 0.999832 0.00511633 0.0150856 -0.00485168 0.999874 -0.364594 0.11962 -0.311792
FixedParameters: 0 0 0

#Transform 165
Transform: AffineTransform_float_3_3
Parameters: 0.999758 0.0172319 -0.0136837 -0.0171577 0.999837 0.00554489 0.0137767 -0.00530811 0.99989 -0.396076 0.116821 -0.291123
FixedParameters: 0 0 0

#Transform 166
Transform: AffineTransform_float_3_3
Parameters: 0.99977 0.0168448 -0.0132229 -0.016768 0.999842 0.00588737 0.0133197 -0.00566462 0.999895 -0.382794 0.11365 -0.272415
FixedParameters: 0 0 0

#Transform 167
Transform: AffineTransform_float_3_3
Parameters: 0.99978 0.0167164 -0.0127241 -0.0166379 0.999842 0.00621099 0.0128254 -0.00599801 0.9999 -0.37858 0.129404 -0.279158
FixedParameters: 0 0 0

#Transform 168
Transform: AffineTransform_float_3_3
Parameters: 0.999776 0.0169293 -0.0126581 -0.0168681 0.999845 0.00497363 0.0127408 -0.00475937 0.999907 -0.37613 0.199832 -0.382512
FixedParameters: 0 0 0

#Transform 169
Transform: AffineTransform_float_3_3
Parameters: 0.999787 0.0161569 -0.0128612 -0.0161032 0.999861 0.0042151 0.0129275 -0.00400689 0.999908 -0.372909 0.160464 -0.374073
FixedParameters: 0 0 0

#Transform 170
Transform: AffineTransform_float_3_3
Parameters: 0.999781 0.0161647 -0.0132428 -0.0160962 0.999856 0.00527524 0.0133259 -0.00506077 0.999899 -0.406414 0.16523 -0.438878
FixedParameters: 0 0 0

#Transform 171
Transform: AffineTransform_float_3_3
Parameters: 0.999822 0.0167093 -0.00879029 -0.0166969 0.99986 0.00142526 0.00881318 -0.00127773 0.99996 -0.277518 0.258552 -0.456304
FixedParameters: 0 0 0

#Transform 172
Transform: AffineTransform_float_3_3
Parameters: 0.999904 0.011655 -0.00741821 -0.011691 0.99992 -0.00477215 0.00736218 0.00485885 0.999962 -0.303176 -0.0329451 0.464306
FixedParameters: 0 0 0

#Transform 173
Transform: AffineTransform_float_3_3
Parameters: 0.999937 0.00905009 -0.00666302 -0.00904665 0.999959 0.000505703 0.00666709 -0.000446298 0.999978 -0.233051 -0.0592999 0.165448
FixedParameters: 0 0 0

#Transform 174
Transform: AffineTransform_float_3_3
Parameters: 0.999974 0.00416948 -0.00590265 -0.00418428 0.999989 -0.00244882 0.00589261 0.00247318 0.999979 -0.122646 0.0686459 0.0842726
FixedParameters: 0 0 0

#Transform 175
Transform: AffineTransform_float_3_3
Parameters: 0.999978 0.00398274 -0.00542214 -0.00399767 0.999988 -0.00278798 0.00541112 0.00281002 0.999981 -0.101394 0.086835 0.0564081
FixedParameters: 0 0 0

#Transform 176
Transform: AffineTransform_float_3_3
Parameters: 0.99996 0.00565173 -0.00683727 -0.00566308 0.999983 -0.00160945 0.00682796 0.00164755 0.999975 -0.117862 0.118899 -0.0146193
FixedParameters: 0 0 0

#Transform 177
Transform: AffineTransform_float_3_3
Parameters: 0.999936 0.00759427 -0.00847283 -0.00759922 0.999971 -0.000489562 0.00846925 0.000553437 0.999964 -0.183546 0.135852 -0.0221857
FixedParameters: 0 0 0

#Transform 178
Transform: AffineTransform_float_3_3
Parameters: 0.99976 0.0163641 -0.0145255 -0.016434 0.999854 -0.00471121 0.0144464 0.00494879 0.999883 -0.259438 0.0487817 -0.0175017
FixedParameters: 0 0 0

#Transform 179
Transform: AffineTransform_float_3_3
Parameters: 0.998631 0.0357753 -0.0381553 -0.0366258 0.99909 -0.0218348 0.0373396 0.0232022 0.999033 -0.625351 0.0538298 0.266199
FixedParameters: 0 0 0

#Transform 180
Transform: AffineTransform_float_3_3
Parameters: 0.998242 0.0460001 -0.0373606 -0.0463243 0.998895 -0.00785647 0.0369576 0.00957351 0.999271 -0.580155 0.272148 0.00575293
FixedParameters: 0 0 0

#Transform 181
Transform: AffineTransform_float_3_3
Parameters: 0.997718 0.0566045 -0.0367887 -0.0567392 0.998386 -0.00263974 0.0365803 0.0047213 0.999319 -0.519851 0.361177 0.206351
FixedParameters: 0 0 0

#Transform 182
Transform: AffineTransform_float_3_3
Parameters: 0.997976 0.0547754 -0.0323113 -0.0547206 0.998498 0.0025883 0.0324045 -0.000815706 0.999474 -0.586676 0.246717 0.0825185
FixedParameters: 0 0 0

#Transform 183
Transform: AffineTransform_float_3_3
Parameters: 0.99764 0.0604946 -0.0324794 -0.0604768 0.998168 0.0015249 0.0325126 0.000442939 0.999471 -0.356858 0.145707 -0.357861
FixedParameters: 0 0 0

#Transform 184
Transform: AffineTransform_float_3_3
Parameters: 0.997211 0.0626459 -0.040564 -0.062164 0.997981 0.0130528 0.0413001 -0.0104942 0.999092 -0.702818 0.304346 -0.784587
FixedParameters: 0 0 0

#Transform 185
Transform: AffineTransform_float_3_3
Parameters: 0.996886 0.0698311 -0.0366184 -0.0694928 0.997528 0.0104352 0.0372568 -0.00785782 0.999275 -0.639648 0.36821 -0.505138
FixedParameters: 0 0 0

#Transform 186
Transform: AffineTransform_float_3_3
Parameters: 0.998118 0.052706 -0.0313377 -0.0527117 0.998609 0.000661669 0.0313286 0.00099163 0.999509 -0.546496 0.228972 -0.367756
FixedParameters: 0 0 0

#Transform 187
Transform: AffineTransform_float_3_3
Parameters: 0.996285 0.0651852 -0.0562658 -0.0655162 0.997843 -0.0040667 0.0558785 0.00773728 0.998407 -1.09543 -0.183631 -0.685301
FixedParameters: 0 0 0

#Transform 188
Transform: AffineTransform_float_3_3
Parameters: 0.995084 0.0842413 -0.0520685 -0.0847403 0.996375 -0.00744514 0.0512527 0.0118209 0.998616 -0.620224 -0.13391 -0.646125
FixedParameters: 0 0 0

#Transform 189
Transform: AffineTransform_float_3_3
Parameters: 0.996247 0.0805424 -0.031717 -0.0802059 0.996709 0.0117476 0.0325588 -0.00916037 0.999428 -0.323827 -0.0643196 -0.695533
FixedParameters: 0 0 0

#Transform 190
