# transform file /out/sourcedata/freesurfer/sub-v1s22x0050514_ses-1/mri/transforms/cc_up.lta
# created by oesteban on Mon Mar  9 17:59:02 2026

type      = 0 # LINEAR_VOX_TO_VOX
nxforms   = 1
mean      = 125.0000 115.0000 109.0000
sigma     = 10000.0000
1 4 4
9.922707676887512e-01 1.868890784680843e-02 -1.226754412055016e-01 1.392619037628174e+01 
-1.854769699275494e-02 9.998252987861633e-01 2.293070545420051e-03 2.911464309692383e+01 
1.226968690752983e-01 0.000000000000000e+00 9.924441576004028e-01 1.538177776336670e+01 
0.000000000000000e+00 0.000000000000000e+00 0.000000000000000e+00 1.000000000000000e+00 
src volume info
valid = 1  # volume info valid
filename = /out/sourcedata/freesurfer/sub-v1s22x0050514_ses-1/mri/norm.mgz
volume = 256 256 256
voxelsize = 1.000000000000000e+00 1.000000000000000e+00 1.000000000000000e+00
xras   = -1.000000000000000e+00 7.450580596923828e-09 0.000000000000000e+00
yras   = 0.000000000000000e+00 0.000000000000000e+00 -1.000000000000000e+00
zras   = 0.000000000000000e+00 1.000000000000000e+00 0.000000000000000e+00
cras   = -3.788017272949219e+00 4.967353057861328e+01 -6.189666748046875e+00
dst volume info
valid = 1  # volume info valid
filename = /out/sourcedata/freesurfer/sub-v1s22x0050514_ses-1/mri/norm.mgz
volume = 256 256 256
voxelsize = 1.000000000000000e+00 1.000000000000000e+00 1.000000000000000e+00
xras   = -1.000000000000000e+00 7.450580596923828e-09 0.000000000000000e+00
yras   = 0.000000000000000e+00 0.000000000000000e+00 -1.000000000000000e+00
zras   = 0.000000000000000e+00 1.000000000000000e+00 0.000000000000000e+00
cras   = -3.788017272949219e+00 4.967353057861328e+01 -6.189666748046875e+00
