# transform file /out/sourcedata/freesurfer/sub-v1s22x0050442_ses-1/mri/transforms/cc_up.lta
# created by oesteban on Thu Mar 12 17:17:51 2026

type      = 0 # LINEAR_VOX_TO_VOX
nxforms   = 1
mean      = 131.0000 112.0000 116.0000
sigma     = 10000.0000
1 4 4
9.987857937812805e-01 -4.013176541775465e-03 -4.909812659025192e-02 4.245142936706543e+00 
4.008335992693901e-03 9.999918937683105e-01 -1.970410376088694e-04 3.050657653808594e+01 
4.909852147102356e-02 0.000000000000000e+00 9.987938404083252e-01 1.982328796386719e+01 
0.000000000000000e+00 0.000000000000000e+00 0.000000000000000e+00 1.000000000000000e+00 
src volume info
valid = 1  # volume info valid
filename = /out/sourcedata/freesurfer/sub-v1s22x0050442_ses-1/mri/norm.mgz
volume = 256 256 256
voxelsize = 1.000000000000000e+00 1.000000000000000e+00 1.000000000000000e+00
xras   = -1.000000000000000e+00 0.000000000000000e+00 0.000000000000000e+00
yras   = 0.000000000000000e+00 0.000000000000000e+00 -1.000000000000000e+00
zras   = 0.000000000000000e+00 1.000000000000000e+00 0.000000000000000e+00
cras   = 3.698455810546875e+00 4.532965087890625e+01 3.290634155273438e-01
dst volume info
valid = 1  # volume info valid
filename = /out/sourcedata/freesurfer/sub-v1s22x0050442_ses-1/mri/norm.mgz
volume = 256 256 256
voxelsize = 1.000000000000000e+00 1.000000000000000e+00 1.000000000000000e+00
xras   = -1.000000000000000e+00 0.000000000000000e+00 0.000000000000000e+00
yras   = 0.000000000000000e+00 0.000000000000000e+00 -1.000000000000000e+00
zras   = 0.000000000000000e+00 1.000000000000000e+00 0.000000000000000e+00
cras   = 3.698455810546875e+00 4.532965087890625e+01 3.290634155273438e-01
