# transform file /out/sourcedata/freesurfer/sub-v1s22x0050466_ses-1/mri/transforms/cc_up.lta
# created by oesteban on Mon Mar  9 14:20:35 2026

type      = 0 # LINEAR_VOX_TO_VOX
nxforms   = 1
mean      = 128.0000 96.0000 112.0000
sigma     = 10000.0000
1 4 4
9.982956647872925e-01 -3.381202742457390e-02 4.756887257099152e-02 -6.071906685829163e-01 
3.377370908856392e-02 9.994283318519592e-01 1.609319937415421e-03 4.460385131835938e+01 
-4.759608954191208e-02 1.164153357047226e-10 9.988667964935303e-01 3.114215087890625e+01 
0.000000000000000e+00 0.000000000000000e+00 0.000000000000000e+00 1.000000000000000e+00 
src volume info
valid = 1  # volume info valid
filename = /out/sourcedata/freesurfer/sub-v1s22x0050466_ses-1/mri/norm.mgz
volume = 256 256 256
voxelsize = 1.000000000000000e+00 1.000000000000000e+00 1.000000000000000e+00
xras   = -1.000000119209290e+00 3.328750608488917e-10 1.862645149230957e-09
yras   = 1.862645149230957e-09 0.000000000000000e+00 -1.000000000000000e+00
zras   = 1.529770088382065e-09 1.000000000000000e+00 -5.820766091346741e-11
cras   = 5.273193359375000e+00 4.605856323242188e+01 -3.539154052734375e+01
dst volume info
valid = 1  # volume info valid
filename = /out/sourcedata/freesurfer/sub-v1s22x0050466_ses-1/mri/norm.mgz
volume = 256 256 256
voxelsize = 1.000000000000000e+00 1.000000000000000e+00 1.000000000000000e+00
xras   = -1.000000119209290e+00 3.328750608488917e-10 1.862645149230957e-09
yras   = 1.862645149230957e-09 0.000000000000000e+00 -1.000000000000000e+00
zras   = 1.529770088382065e-09 1.000000000000000e+00 -5.820766091346741e-11
cras   = 5.273193359375000e+00 4.605856323242188e+01 -3.539154052734375e+01
