# transform file transforms/talairach.lta
# created by oesteban on Mon Mar  9 13:09:20 2026

type      = 0 # LINEAR_VOX_TO_VOX
nxforms   = 1
mean      = 127.0000 99.0000 112.0000
sigma     = 10000.0000
1 4 4
1.053448557853699e+00 -3.168911859393120e-02 7.992964237928391e-02 -1.299260807037354e+01 
9.225260466337204e-03 1.200252294540405e+00 3.135788142681122e-01 -2.728712463378906e+01 
-8.282895386219025e-02 -2.489187121391296e-01 9.695090055465698e-01 3.694480895996094e+01 
0.000000000000000e+00 0.000000000000000e+00 0.000000000000000e+00 1.000000000000000e+00 
src volume info
valid = 1  # volume info valid
filename = nu.mgz
volume = 256 256 256
voxelsize = 1.000000000000000e+00 1.000000000000000e+00 1.000000000000000e+00
xras   = -1.000000119209290e+00 3.328750608488917e-10 1.862645149230957e-09
yras   = 1.862645149230957e-09 0.000000000000000e+00 -1.000000000000000e+00
zras   = 1.529770088382065e-09 1.000000000000000e+00 -5.820766091346741e-11
cras   = 5.273193359375000e+00 4.605856323242188e+01 -3.539154052734375e+01
dst volume info
valid = 1  # volume info valid
filename = /opt/freesurfer/average/RB_all_2020-01-02.gca
volume = 256 256 256
voxelsize = 1.000000000000000e+00 1.000000000000000e+00 1.000000000000000e+00
xras   = -1.000000000000000e+00 0.000000000000000e+00 0.000000000000000e+00
yras   = 0.000000000000000e+00 0.000000000000000e+00 -1.000000000000000e+00
zras   = 0.000000000000000e+00 1.000000000000000e+00 0.000000000000000e+00
cras   = 0.000000000000000e+00 0.000000000000000e+00 0.000000000000000e+00
