# transform file /out/sourcedata/freesurfer/sub-v1s22x0050480_ses-1/mri/transforms/cc_up.lta
# created by oesteban on Mon Mar  9 15:33:14 2026

type      = 0 # LINEAR_VOX_TO_VOX
nxforms   = 1
mean      = 130.0000 121.0000 117.0000
sigma     = 10000.0000
1 4 4
9.937252998352051e-01 -5.305921658873558e-02 9.846390783786774e-02 -3.832457065582275e+00 
5.280065536499023e-02 9.985915422439575e-01 5.231786984950304e-03 1.278972625732422e+01 
-9.860280156135559e-02 0.000000000000000e+00 9.951270222663879e-01 3.924946212768555e+01 
0.000000000000000e+00 0.000000000000000e+00 0.000000000000000e+00 1.000000000000000e+00 
src volume info
valid = 1  # volume info valid
filename = /out/sourcedata/freesurfer/sub-v1s22x0050480_ses-1/mri/norm.mgz
volume = 256 256 256
voxelsize = 1.000000000000000e+00 1.000000000000000e+00 1.000000000000000e+00
xras   = -9.999999403953552e-01 0.000000000000000e+00 0.000000000000000e+00
yras   = -4.656612873077393e-10 0.000000000000000e+00 -9.999999403953552e-01
zras   = 0.000000000000000e+00 1.000000000000000e+00 0.000000000000000e+00
cras   = 3.701927185058594e+00 3.598414611816406e+01 2.649299621582031e+00
dst volume info
valid = 1  # volume info valid
filename = /out/sourcedata/freesurfer/sub-v1s22x0050480_ses-1/mri/norm.mgz
volume = 256 256 256
voxelsize = 1.000000000000000e+00 1.000000000000000e+00 1.000000000000000e+00
xras   = -9.999999403953552e-01 0.000000000000000e+00 0.000000000000000e+00
yras   = -4.656612873077393e-10 0.000000000000000e+00 -9.999999403953552e-01
zras   = 0.000000000000000e+00 1.000000000000000e+00 0.000000000000000e+00
cras   = 3.701927185058594e+00 3.598414611816406e+01 2.649299621582031e+00
