#Insight Transform File V1.0
#Transform 0
Transform: AffineTransform_float_3_3
Parameters: 0.999999 0.000242354 -0.000924178 -0.000238102 0.999987 0.00495715 0.000925205 -0.00495685 0.999988 0.0819664 -0.076398 0.0589752
FixedParameters: 0 0 0

#Transform 1
Transform: AffineTransform_float_3_3
Parameters: 1 0.000309294 -0.000425696 -0.000307211 0.99999 0.00461813 0.000426406 -0.00461787 0.999989 0.061243 -0.0108671 -0.0656649
FixedParameters: 0 0 0

#Transform 2
Transform: AffineTransform_float_3_3
Parameters: 1 1.4736e-05 -0.000195445 -1.42885e-05 0.999993 0.003696 0.000195481 -0.003696 0.999993 0.0394781 -0.0731055 -0.089784
FixedParameters: 0 0 0

#Transform 3
Transform: AffineTransform_float_3_3
Parameters: 1 5.28142e-05 -0.000693993 -4.97025e-05 0.999991 0.00439704 0.000694229 -0.00439697 0.99999 0.0418879 -0.0985284 0.0241482
FixedParameters: 0 0 0

#Transform 4
Transform: AffineTransform_float_3_3
Parameters: 1 5.264e-05 -0.000694006 -4.98767e-05 0.999992 0.00414604 0.000694217 -0.00414597 0.999991 0.0377207 -0.0722559 0.0148254
FixedParameters: 0 0 0

#Transform 5
Transform: AffineTransform_float_3_3
Parameters: 1 0.000118359 -6.62211e-05 -0.000117718 0.999991 0.00429501 6.62376e-05 -0.00429499 0.999991 0.027976 -0.0921974 0.0931027
FixedParameters: 0 0 0

#Transform 6
Transform: AffineTransform_float_3_3
Parameters: 1 4.4714e-07 -5.98332e-06 -4.10825e-07 0.999996 0.003034 5.98592e-06 -0.003034 0.999996 0.0198364 -0.0427049 0.107263
FixedParameters: 0 0 0

#Transform 7
Transform: AffineTransform_float_3_3
Parameters: 1 0 0 0 0.999994 0.003284 0 -0.003284 0.999994 0.022979 -0.0600452 0.0576143
FixedParameters: 0 0 0

#Transform 8
Transform: AffineTransform_float_3_3
Parameters: 1 0.000114825 -0.000367436 -0.000113349 0.999995 0.00336304 0.000368132 -0.00336296 0.999995 0.0286415 0.0152071 -0.0128275
FixedParameters: 0 0 0

#Transform 9
Transform: AffineTransform_float_3_3
Parameters: 1 -0.000138261 -8.33609e-05 0.000138563 0.999999 0.00182199 8.28565e-05 -0.00182201 0.999999 0.0208332 -0.0598544 -0.112274
FixedParameters: 0 0 0

#Transform 10
Transform: AffineTransform_float_3_3
Parameters: 1 4.49346e-05 -0.000611351 -4.37187e-05 0.999999 0.00181003 0.00061144 -0.00180997 0.999998 0.0372812 0.0244363 -0.0351953
FixedParameters: 0 0 0

#Transform 11
Transform: AffineTransform_float_3_3
Parameters: 1 1.80285e-05 -0.000244336 -1.80027e-05 0.999998 0.002094 0.00024434 -0.00209399 0.999998 0.0269163 -0.0943261 -0.0121812
FixedParameters: 0 0 0

#Transform 12
Transform: AffineTransform_float_3_3
Parameters: 1 4.4885e-05 -0.000611355 -4.37683e-05 0.999998 0.00172896 0.000611436 -0.00172904 0.999999 0.02029 -0.0161013 -0.0264493
FixedParameters: 0 0 0

#Transform 13
Transform: AffineTransform_float_3_3
Parameters: 1 0.000310292 0.000285986 -0.000310411 1 0.000208911 -0.000285856 -0.000209089 1 0.013577 -0.0310417 0.0171487
FixedParameters: 0 0 0

#Transform 14
Transform: AffineTransform_float_3_3
Parameters: 1 0.000102001 0.000270935 -0.000101772 1 -0.000421027 -0.000271021 0.000420972 1 0.00111329 -0.0176889 -0.0331822
FixedParameters: 0 0 0

#Transform 15
Transform: AffineTransform_float_3_3
Parameters: 1 -1.87868e-05 0.000262328 1.88209e-05 1 -6.49951e-05 -0.000262326 6.50049e-05 1 -0.00190332 -0.00328838 -0.130102
FixedParameters: 0 0 0

#Transform 16
Transform: AffineTransform_float_3_3
Parameters: 1 -0.000251689 -0.000405029 0.000251682 1 -8.10194e-06 0.000405033 7.89806e-06 1 0.0231795 0.0743989 -0.13206
FixedParameters: 0 0 0

#Transform 17
Transform: AffineTransform_float_3_3
Parameters: 1 -0.000244528 0.000123741 0.000244431 1 0.00039203 -0.000123933 -0.00039197 1 -0.00462001 -0.0723564 -0.158111
FixedParameters: 0 0 0

#Transform 18
Transform: AffineTransform_float_3_3
Parameters: 1 -1.65394e-06 2.29405e-05 1.63494e-06 1 0.000414 -2.29418e-05 -0.000414 1 0.00418311 -0.00233594 -0.0863262
FixedParameters: 0 0 0

#Transform 19
Transform: AffineTransform_float_3_3
Parameters: 1 2.77593e-05 -0.000385 -2.74367e-05 1 0.00041901 0.000385024 -0.000418989 1 0.00914235 -0.042015 -0.0792967
FixedParameters: 0 0 0

#Transform 20
Transform: AffineTransform_float_3_3
Parameters: 1 -2.36448e-06 3.29152e-05 2.35435e-06 1 0.000154 -3.29159e-05 -0.000154 1 0.00387251 -0.007015 0.017918
FixedParameters: 0 0 0

#Transform 21
Transform: AffineTransform_float_3_3
Parameters: 1 -2.83704e-06 3.98993e-05 2.88276e-06 1 -0.000573 -3.9896e-05 0.000573 1 0.0037465 0.000621637 0.00572836
FixedParameters: 0 0 0

#Transform 22
Transform: AffineTransform_float_3_3
Parameters: 1 -0.000309138 0.000104454 0.000309411 1 -0.000962896 -0.000104856 0.000963104 0.999999 -0.0116458 0.0593936 0.00906917
FixedParameters: 0 0 0

#Transform 23
Transform: AffineTransform_float_3_3
Parameters: 1 -0.00021581 5.9765e-05 0.000215834 1 -0.000198987 -5.96791e-05 0.000199013 1 -0.00241924 -0.0022943 -0.120027
FixedParameters: 0 0 0

#Transform 24
Transform: AffineTransform_float_3_3
Parameters: 1 -0.000347457 5.04731e-05 0.000347512 1 -0.000542982 -5.00957e-05 0.000543017 1 -0.0123727 0.0756705 -0.135431
FixedParameters: 0 0 0

#Transform 25
Transform: AffineTransform_float_3_3
Parameters: 1 -0.000424236 4.52653e-05 0.000424339 1 -0.00114598 -4.42929e-05 0.00114602 1 -0.00765928 0.00960899 -0.222465
FixedParameters: 0 0 0

#Transform 26
Transform: AffineTransform_float_3_3
Parameters: 1 -0.000401489 -0.000402463 0.000400978 0.999999 -0.000634161 0.000402972 0.000633838 0.999999 0.00348355 0.0188264 -0.0667644
FixedParameters: 0 0 0

#Transform 27
Transform: AffineTransform_float_3_3
Parameters: 1 -0.000555323 -0.000413079 0.000554428 0.999999 -0.00117023 0.00041338 0.00116977 0.999999 -0.000356476 0.00871134 -0.0543311
FixedParameters: 0 0 0

#Transform 28
Transform: AffineTransform_float_3_3
Parameters: 1 -0.000564716 -0.000279473 0.000564196 1 -0.00105916 0.000279672 0.00105884 1 -0.0037851 0.0247896 -0.00154843
FixedParameters: 0 0 0

#Transform 29
Transform: AffineTransform_float_3_3
Parameters: 1 -0.000580326 -5.83046e-05 0.00058033 0.999999 -0.000577034 5.79769e-05 0.000576966 1 -0.00414698 0.0162041 -0.0508725
FixedParameters: 0 0 0

#Transform 30
Transform: AffineTransform_float_3_3
Parameters: 1 -5.02447e-05 0.000170867 5.04419e-05 1 -0.000576991 -0.000170809 0.000577008 1 -0.00852232 -0.0163229 -0.0376003
FixedParameters: 0 0 0

#Transform 31
Transform: AffineTransform_float_3_3
Parameters: 1 -0.000592009 0.000111886 0.000592885 0.999995 -0.00330586 -0.000109963 0.00330614 0.999994 -0.00218551 0.0692533 -0.130769
FixedParameters: 0 0 0

#Transform 32
Transform: AffineTransform_float_3_3
Parameters: 1 -0.000586498 3.08198e-05 0.000586814 0.999995 -0.00287198 -2.94449e-05 0.00287202 0.999996 -0.0116979 0.129093 -0.0342178
FixedParameters: 0 0 0

#Transform 33
Transform: AffineTransform_float_3_3
Parameters: 1 -0.000582432 -2.83905e-05 0.000582445 0.999997 -0.00227202 2.90422e-05 0.00227198 0.999998 -0.0101545 -0.0114658 -0.0137845
FixedParameters: 0 0 0

#Transform 34
Transform: AffineTransform_float_3_3
Parameters: 1 -0.000592185 0.000110948 0.000592637 0.999999 -0.00172286 -0.000109904 0.00172314 0.999998 -0.0183696 0.0431421 0.0189105
FixedParameters: 0 0 0

#Transform 35
Transform: AffineTransform_float_3_3
Parameters: 1 -0.00044539 3.29857e-05 0.000445572 0.999999 -0.00168691 -3.24801e-05 0.00168709 0.999998 -0.0108202 0.0283335 0.00914904
FixedParameters: 0 0 0

#Transform 36
Transform: AffineTransform_float_3_3
Parameters: 1 -0.000343838 0.000128201 0.000344187 0.999999 -0.00136696 -0.00012726 0.00136704 0.999999 -0.00755553 0.00480851 -0.164808
FixedParameters: 0 0 0

#Transform 37
Transform: AffineTransform_float_3_3
Parameters: 1 -0.000274841 0.000133384 0.00027561 0.999996 -0.00261696 -0.000132941 0.00261703 0.999996 -0.0058062 0.0374997 -0.441717
FixedParameters: 0 0 0

#Transform 38
Transform: AffineTransform_float_3_3
Parameters: 1 -0.000176147 0.000465063 0.000177185 0.999994 -0.00326392 -0.000464053 0.00326408 0.999994 -0.0110063 -0.0224798 -0.532954
FixedParameters: 0 0 0

#Transform 39
Transform: AffineTransform_float_3_3
Parameters: 1 -0.000264844 0.000456446 0.00026675 0.999987 -0.00521188 -0.000455884 0.00521213 0.999987 -0.00198585 0.0245857 -0.616781
FixedParameters: 0 0 0

#Transform 40
Transform: AffineTransform_float_3_3
Parameters: 0.999999 -0.000101738 0.00071993 0.000106741 0.999977 -0.00688893 -0.000719849 0.00688908 0.999976 -0.0153187 -0.00936545 -0.729643
FixedParameters: 0 0 0

#Transform 41
Transform: AffineTransform_float_3_3
Parameters: 0.999999 0.000249647 0.000742637 -0.000245288 0.999975 -0.00705118 -0.000744561 0.00705082 0.999975 -0.00642202 -0.0158134 -0.680514
FixedParameters: 0 0 0

#Transform 42
Transform: AffineTransform_float_3_3
Parameters: 0.999999 -5.25454e-05 0.000728124 5.78251e-05 0.999979 -0.00636703 -0.000727707 0.00636697 0.99998 -0.0301047 -0.0181955 -0.659457
FixedParameters: 0 0 0

#Transform 43
Transform: AffineTransform_float_3_3
Parameters: 1 1.8865e-05 -8.99673e-05 -1.90832e-05 0.999977 -0.006763 8.97821e-05 0.006763 0.999977 -0.0124382 0.0396707 -0.625641
FixedParameters: 0 0 0

#Transform 44
Transform: AffineTransform_float_3_3
Parameters: 1 -0.000227301 0.000284604 0.000228466 0.999985 -0.00543894 -0.000283265 0.00543907 0.999985 0.00894661 0.0532732 -0.628636
FixedParameters: 0 0 0

#Transform 45
Transform: AffineTransform_float_3_3
Parameters: 0.999996 -0.00280581 -3.04237e-05 0.00280595 0.999996 -0.00116481 3.39691e-05 0.0011652 1 0.11998 0.240318 -0.345315
FixedParameters: 0 0 0

#Transform 46
Transform: AffineTransform_float_3_3
Parameters: 1 -0.00111379 0.000105166 0.00111366 0.999995 -0.00319781 -0.000101106 0.00319819 0.999995 0.040899 0.247094 -0.417583
FixedParameters: 0 0 0

#Transform 47
Transform: AffineTransform_float_3_3
Parameters: 0.999998 -0.00196407 0.000567449 0.00196399 0.999998 -0.000740811 -0.000565605 0.000742189 1 0.0308743 0.150968 -0.430548
FixedParameters: 0 0 0

#Transform 48
Transform: AffineTransform_float_3_3
Parameters: 0.999999 -0.000920068 0.0015705 0.000924096 0.999995 -0.00280262 -0.00156868 0.00280438 0.999995 0.0136507 0.19164 -0.44572
FixedParameters: 0 0 0

#Transform 49
Transform: AffineTransform_float_3_3
Parameters: 0.999999 -0.000310744 0.00128609 0.000316663 0.99999 -0.00460259 -0.00128463 0.00460241 0.999988 0.0152468 0.214208 -0.514245
FixedParameters: 0 0 0

#Transform 50
Transform: AffineTransform_float_3_3
Parameters: 0.999999 -0.000770647 0.00115926 0.000774929 0.999993 -0.00347817 -0.00115716 0.00347883 0.999993 0.00343383 0.180443 -0.448548
FixedParameters: 0 0 0

#Transform 51
Transform: AffineTransform_float_3_3
Parameters: 0.999999 -0.000700267 0.00116435 0.00070467 0.999992 -0.00394326 -0.00116216 0.00394475 0.999992 0.00278193 0.212924 -0.519507
FixedParameters: 0 0 0

#Transform 52
Transform: AffineTransform_float_3_3
Parameters: 0.999999 -0.000433924 0.00118237 0.000439305 0.999993 -0.00390348 -0.00118124 0.00390452 0.999991 -0.00179673 0.182531 -0.515555
FixedParameters: 0 0 0

#Transform 53
Transform: AffineTransform_float_3_3
Parameters: 0.999999 -0.000728345 0.00116237 0.00073245 0.999993 -0.00382215 -0.00116013 0.00382286 0.999992 0.00482607 0.19982 -0.466154
FixedParameters: 0 0 0

#Transform 54
Transform: AffineTransform_float_3_3
Parameters: 0.999999 -0.000633419 0.00139872 0.000641533 0.99998 -0.00639918 -0.00139427 0.00639983 0.999979 0.0110559 0.140163 -0.811028
FixedParameters: 0 0 0

#Transform 55
Transform: AffineTransform_float_3_3
Parameters: 0.999996 -0.00126965 0.0022811 0.00129987 0.999909 -0.0134342 -0.00226382 0.0134378 0.999907 0.0183685 0.108553 -1.14866
FixedParameters: 0 0 0

#Transform 56
Transform: AffineTransform_float_3_3
Parameters: 0.999996 -0.00127765 0.00227912 0.00130477 0.999926 -0.0121152 -0.00226387 0.0121178 0.999924 0.00763712 0.112291 -1.14722
FixedParameters: 0 0 0

#Transform 57
Transform: AffineTransform_float_3_3
Parameters: 0.999998 -0.00153452 0.0017574 0.00155635 0.999921 -0.0124373 -0.00173855 0.0124396 0.999921 -0.00921221 0.111799 -1.04209
FixedParameters: 0 0 0

#Transform 58
Transform: AffineTransform_float_3_3
Parameters: 0.999997 -0.0015913 0.00179263 0.00161286 0.999925 -0.0121152 -0.00177341 0.0121178 0.999925 -0.00828707 0.145392 -1.0307
FixedParameters: 0 0 0

#Transform 59
Transform: AffineTransform_float_3_3
Parameters: 0.999988 -0.00136315 0.00474381 0.00134555 0.999992 0.00382967 -0.00474982 -0.00382333 0.999981 -0.0571145 0.338556 -1.01141
FixedParameters: 0 0 0

#Transform 60
Transform: AffineTransform_float_3_3
Parameters: 0.999991 -0.00167774 0.00406127 0.00172143 0.999943 -0.0105476 -0.00404344 0.0105544 0.999936 -0.0250602 0.279903 -1.02204
FixedParameters: 0 0 0

#Transform 61
Transform: AffineTransform_float_3_3
Parameters: 0.999993 -0.0012322 0.00370809 0.0012725 0.99994 -0.0108598 -0.00369478 0.0108642 0.999934 -0.0162011 0.149053 -0.915472
FixedParameters: 0 0 0

#Transform 62
Transform: AffineTransform_float_3_3
Parameters: 0.999992 -0.000695571 0.00396784 0.000745815 0.999922 -0.0124577 -0.00395838 0.0124613 0.999915 0.00426401 0.170957 -1.05338
FixedParameters: 0 0 0

#Transform 63
Transform: AffineTransform_float_3_3
Parameters: 0.999995 -0.00112028 0.00313 0.00115521 0.999939 -0.0110627 -0.0031173 0.0110663 0.999934 0.0022523 0.110145 -0.985626
FixedParameters: 0 0 0

#Transform 64
Transform: AffineTransform_float_3_3
Parameters: 0.99999 -0.00112254 0.00427698 0.00117006 0.999938 -0.0110817 -0.00426497 0.0110863 0.99993 -0.0113259 0.1177 -1.05538
FixedParameters: 0 0 0

#Transform 65
Transform: AffineTransform_float_3_3
Parameters: 0.999991 -0.00123845 0.0039373 0.00129379 0.999901 -0.0140225 -0.00391975 0.0140275 0.999894 -0.00864777 0.215328 -0.968821
FixedParameters: 0 0 0

#Transform 66
Transform: AffineTransform_float_3_3
Parameters: 0.999992 -0.00135728 0.00377401 0.00140615 0.999915 -0.0129783 -0.00375568 0.0129827 0.999909 -0.00496623 0.192043 -1.01056
FixedParameters: 0 0 0

#Transform 67
Transform: AffineTransform_float_3_3
Parameters: 0.999993 -0.00135056 0.00333258 0.00139085 0.999926 -0.0120568 -0.00331642 0.0120612 0.999921 -0.00520204 0.197951 -0.91692
FixedParameters: 0 0 0

#Transform 68
Transform: AffineTransform_float_3_3
Parameters: 0.999992 -0.00106152 0.00381206 0.00110915 0.999921 -0.0125834 -0.00379822 0.0125877 0.999914 -0.0064341 0.229561 -0.9944
FixedParameters: 0 0 0

#Transform 69
Transform: AffineTransform_float_3_3
Parameters: 0.999994 -0.000938532 0.00314246 0.000979881 0.999915 -0.0129953 -0.00313043 0.0129977 0.999911 0.00793936 0.172395 -0.944213
FixedParameters: 0 0 0

#Transform 70
Transform: AffineTransform_float_3_3
Parameters: 0.999994 -0.00149615 0.00331153 0.00153194 0.999938 -0.0110003 -0.00329489 0.0110057 0.999934 -0.00996223 0.195901 -0.859532
FixedParameters: 0 0 0

#Transform 71
Transform: AffineTransform_float_3_3
Parameters: 0.999994 -0.00134975 0.00311763 0.00138884 0.999922 -0.0123781 -0.00310048 0.0123829 0.999919 -0.00191736 0.21868 -0.925053
FixedParameters: 0 0 0

#Transform 72
Transform: AffineTransform_float_3_3
Parameters: 0.999992 -0.00134006 0.00392926 0.0013876 0.999926 -0.0120452 -0.00391279 0.0120508 0.99992 -0.0314565 0.25464 -0.864588
FixedParameters: 0 0 0

#Transform 73
Transform: AffineTransform_float_3_3
Parameters: 0.999993 -0.00150633 0.00347288 0.00154878 0.999923 -0.0122951 -0.00345441 0.0123009 0.999918 -0.0184151 0.20708 -0.917709
FixedParameters: 0 0 0

#Transform 74
Transform: AffineTransform_float_3_3
Parameters: 0.999993 -0.00157359 0.00358658 0.00161609 0.999928 -0.0119127 -0.00356768 0.0119183 0.999923 -0.0108762 0.194335 -0.882215
FixedParameters: 0 0 0

#Transform 75
Transform: AffineTransform_float_3_3
Parameters: 0.999992 -0.00144433 0.00357538 0.00148721 0.999927 -0.0120092 -0.00355827 0.0120148 0.999922 -0.0126991 0.231014 -0.852591
FixedParameters: 0 0 0

#Transform 76
Transform: AffineTransform_float_3_3
Parameters: 0.999991 -0.00130717 0.00385677 0.0013559 0.999919 -0.0126874 -0.00383952 0.0126926 0.999912 -0.0161616 0.201308 -0.954591
FixedParameters: 0 0 0

#Transform 77
Transform: AffineTransform_float_3_3
Parameters: 0.999992 -0.00144848 0.00368174 0.00149131 0.999932 -0.0115281 -0.00366488 0.0115329 0.999927 -0.0168818 0.188186 -0.92663
FixedParameters: 0 0 0

#Transform 78
Transform: AffineTransform_float_3_3
Parameters: 0.999994 -0.00108027 0.00347471 0.00112913 0.9999 -0.0141136 -0.00345907 0.0141174 0.999894 -0.00303262 0.198713 -1.13314
FixedParameters: 0 0 0

#Transform 79
Transform: AffineTransform_float_3_3
Parameters: 0.999992 -0.00155772 0.00352279 0.00160856 0.999895 -0.0144159 -0.0035008 0.0144212 0.99989 -0.0100554 0.126979 -1.31343
FixedParameters: 0 0 0

#Transform 80
Transform: AffineTransform_float_3_3
Parameters: 0.999992 -0.00162931 0.00351598 0.00167248 0.99992 -0.0125136 -0.0034959 0.0125194 0.999916 -0.027067 0.100151 -1.14113
FixedParameters: 0 0 0

#Transform 81
Transform: AffineTransform_float_3_3
Parameters: 0.999991 -0.00151703 0.00413803 0.00156627 0.999927 -0.0119902 -0.00411966 0.0119968 0.99992 -0.0208186 0.0512735 -1.2092
FixedParameters: 0 0 0

#Transform 82
Transform: AffineTransform_float_3_3
Parameters: 0.99999 -0.00102058 0.00439909 0.00107977 0.999911 -0.013362 -0.00438421 0.013367 0.999901 -0.0321939 0.111573 -1.22335
FixedParameters: 0 0 0

#Transform 83
Transform: AffineTransform_float_3_3
Parameters: 0.999996 -0.00171402 0.0019993 0.00173918 0.99992 -0.0124856 -0.00197798 0.0124894 0.99992 0.00643964 0.137332 -1.24393
FixedParameters: 0 0 0

#Transform 84
Transform: AffineTransform_float_3_3
Parameters: 0.999994 -0.00184005 0.00311805 0.0018873 0.999886 -0.0150444 -0.00308933 0.0150496 0.999881 -0.0062699 0.180343 -1.24266
FixedParameters: 0 0 0

#Transform 85
Transform: AffineTransform_float_3_3
Parameters: 0.999989 -0.00155329 0.00426634 0.00162114 0.999871 -0.0160009 -0.00424148 0.0160072 0.999863 -0.0261889 0.206005 -1.18193
FixedParameters: 0 0 0

#Transform 86
Transform: AffineTransform_float_3_3
Parameters: 0.999986 -0.0018875 0.004838 0.00196498 0.999867 -0.0162105 -0.00480725 0.0162196 0.999857 -0.0333043 0.179423 -1.20235
FixedParameters: 0 0 0

#Transform 87
Transform: AffineTransform_float_3_3
Parameters: 0.999986 -0.00214316 0.00482459 0.00222336 0.99986 -0.0166132 -0.00478881 0.0166238 0.99985 -0.0455402 0.185273 -1.14993
FixedParameters: 0 0 0

#Transform 88
Transform: AffineTransform_float_3_3
Parameters: 0.999986 -0.00215137 0.00482094 0.00222292 0.999886 -0.0149121 -0.0047889 0.0149218 0.999877 -0.0549768 0.217322 -1.09275
FixedParameters: 0 0 0

#Transform 89
Transform: AffineTransform_float_3_3
Parameters: 0.999987 -0.00202877 0.00483 0.00210613 0.999868 -0.0161108 -0.00479701 0.0161202 0.999858 -0.0518077 0.175163 -1.06864
FixedParameters: 0 0 0

#Transform 90
Transform: AffineTransform_float_3_3
Parameters: 0.999984 -0.00217454 0.00534266 0.00226019 0.999868 -0.0160841 -0.00530652 0.0160959 0.999856 -0.051721 0.211088 -1.1251
FixedParameters: 0 0 0

#Transform 91
Transform: AffineTransform_float_3_3
Parameters: 0.999982 -0.00196815 0.00554996 0.00204969 0.999892 -0.0145919 -0.0055211 0.0146031 0.999879 -0.0534865 0.158599 -1.16334
FixedParameters: 0 0 0

#Transform 92
Transform: AffineTransform_float_3_3
Parameters: 0.999987 -0.00223182 0.0045376 0.00230796 0.999856 -0.0167664 -0.00449995 0.0167766 0.99985 -0.0351959 0.240155 -1.19204
FixedParameters: 0 0 0

#Transform 93
Transform: AffineTransform_float_3_3
Parameters: 0.999984 -0.00182333 0.00549088 0.00191319 0.999863 -0.0164228 -0.00546001 0.0164322 0.99985 -0.0461831 0.176728 -1.23232
FixedParameters: 0 0 0

#Transform 94
Transform: AffineTransform_float_3_3
Parameters: 0.999984 -0.00227418 0.00529056 0.00235853 0.999872 -0.0158306 -0.00525319 0.0158423 0.999861 -0.0542532 0.195033 -1.15156
FixedParameters: 0 0 0

#Transform 95
Transform: AffineTransform_float_3_3
Parameters: 0.999985 -0.00178242 0.00513101 0.0018645 0.99987 -0.0160425 -0.00510143 0.0160525 0.999858 -0.0370074 0.216344 -1.13871
FixedParameters: 0 0 0

#Transform 96
Transform: AffineTransform_float_3_3
Parameters: 0.999985 -0.00211037 0.00519594 0.00219128 0.999878 -0.0155067 -0.005163 0.0155173 0.999866 -0.0626126 0.163628 -1.05206
FixedParameters: 0 0 0

#Transform 97
Transform: AffineTransform_float_3_3
Parameters: 0.999984 -0.00229786 0.00505803 0.00237768 0.999871 -0.015907 -0.00502048 0.0159191 0.999861 -0.0576313 0.234143 -1.04453
FixedParameters: 0 0 0

#Transform 98
Transform: AffineTransform_float_3_3
Parameters: 0.999985 -0.00210876 0.00515744 0.00218738 0.999882 -0.0152118 -0.00512471 0.0152232 0.999871 -0.0531057 0.172695 -1.0673
FixedParameters: 0 0 0

#Transform 99
Transform: AffineTransform_float_3_3
Parameters: 0.99998 -0.00486049 0.0039929 0.00487229 0.999983 -0.00309743 -0.00397763 0.00311657 0.999987 0.11114 0.396105 -1.05383
FixedParameters: 0 0 0

#Transform 100
Transform: AffineTransform_float_3_3
Parameters: 0.999989 -0.0028595 0.00373053 0.00290803 0.999909 -0.0131806 -0.00369311 0.0131914 0.999907 0.0116089 0.272818 -1.13632
FixedParameters: 0 0 0

#Transform 101
Transform: AffineTransform_float_3_3
Parameters: 0.999989 -0.00282507 0.00391664 0.00287778 0.999905 -0.0134832 -0.00387756 0.0134938 0.999901 -0.00791706 0.229635 -1.10036
FixedParameters: 0 0 0

#Transform 102
Transform: AffineTransform_float_3_3
Parameters: 0.999988 -0.00224794 0.0043171 0.00230492 0.999911 -0.0131237 -0.0042874 0.0131333 0.999904 -0.0151693 0.155458 -1.13747
FixedParameters: 0 0 0

#Transform 103
Transform: AffineTransform_float_3_3
Parameters: 0.999986 -0.00269048 0.00458866 0.0027414 0.999936 -0.0110271 -0.00455838 0.0110399 0.999929 -0.0236896 0.151443 -1.09539
FixedParameters: 0 0 0

#Transform 104
Transform: AffineTransform_float_3_3
Parameters: 0.999985 -0.0013783 0.00543468 0.00142815 0.999957 -0.00920643 -0.00542246 0.00921458 0.999943 -0.0180599 0.0703621 -1.14502
FixedParameters: 0 0 0

#Transform 105
Transform: AffineTransform_float_3_3
Parameters: 0.99999 -0.00105419 0.00450162 0.0010934 0.999963 -0.00862687 -0.00449286 0.00863114 0.999953 0.00263684 0.149907 -1.19777
FixedParameters: 0 0 0

#Transform 106
Transform: AffineTransform_float_3_3
Parameters: 0.999985 -0.00180062 0.00502648 0.00187369 0.999893 -0.0144856 -0.00500047 0.0144954 0.999882 -0.0294773 0.151355 -1.19145
FixedParameters: 0 0 0

#Transform 107
Transform: AffineTransform_float_3_3
Parameters: 0.999984 -0.00243404 0.00499779 0.00250098 0.999908 -0.0133114 -0.00496585 0.0133236 0.999899 -0.0386842 0.221322 -1.08873
FixedParameters: 0 0 0

#Transform 108
Transform: AffineTransform_float_3_3
Parameters: 0.999987 -0.0020001 0.00454126 0.00206369 0.999902 -0.0138784 -0.00451335 0.0138876 0.999893 -0.0214905 0.216936 -1.16775
FixedParameters: 0 0 0

#Transform 109
Transform: AffineTransform_float_3_3
Parameters: 0.999987 -0.00199778 0.00454228 0.00206309 0.999894 -0.0143884 -0.00451355 0.0143976 0.999886 -0.0187686 0.231695 -1.0662
FixedParameters: 0 0 0

#Transform 110
Transform: AffineTransform_float_3_3
Parameters: 0.999987 -0.00151599 0.00499206 0.00155783 0.999965 -0.00822117 -0.00497969 0.00822884 0.999954 -0.0371996 0.0951365 -1.17258
FixedParameters: 0 0 0

#Transform 111
Transform: AffineTransform_float_3_3
Parameters: 0.999988 -0.00207421 0.00448394 0.00211629 0.999953 -0.00946622 -0.00446435 0.00947577 0.999945 -0.0266352 0.187317 -1.16838
FixedParameters: 0 0 0

#Transform 112
Transform: AffineTransform_float_3_3
Parameters: 0.999988 -0.00217535 0.004517 0.00222122 0.999946 -0.0101357 -0.00449472 0.0101463 0.999938 -0.0305277 0.133428 -1.10248
FixedParameters: 0 0 0

#Transform 113
Transform: AffineTransform_float_3_3
Parameters: 0.999986 -0.00266808 0.00470026 0.00272161 0.99993 -0.011462 -0.00466938 0.011475 0.999924 -0.0445837 0.235079 -1.16339
FixedParameters: 0 0 0

#Transform 114
Transform: AffineTransform_float_3_3
Parameters: 0.999984 -0.00316501 0.00472817 0.00321211 0.999945 -0.00996448 -0.004696 0.00997953 0.999939 -0.0461338 0.207904 -1.06032
FixedParameters: 0 0 0

#Transform 115
Transform: AffineTransform_float_3_3
Parameters: 0.999986 -0.00275215 0.0045611 0.00279535 0.999951 -0.00949689 -0.00453454 0.0095101 0.999944 -0.0376645 0.198238 -1.08845
FixedParameters: 0 0 0

#Transform 116
Transform: AffineTransform_float_3_3
Parameters: 0.999989 -0.00280401 0.00391853 0.00284279 0.999948 -0.00984128 -0.00389072 0.00985173 0.999944 -0.0358646 0.251013 -1.1027
FixedParameters: 0 0 0

#Transform 117
Transform: AffineTransform_float_3_3
Parameters: 0.999989 -0.00283795 0.00391775 0.00287873 0.999942 -0.0103471 -0.0038875 0.0103579 0.999939 -0.0362058 0.168689 -1.11181
FixedParameters: 0 0 0

#Transform 118
Transform: AffineTransform_float_3_3
Parameters: 0.999988 -0.0021701 0.00452623 0.00221094 0.999956 -0.00901878 -0.00450666 0.00902922 0.99995 -0.04448 0.230051 -1.12841
FixedParameters: 0 0 0

#Transform 119
Transform: AffineTransform_float_3_3
Parameters: 0.999989 -0.00268961 0.00381864 0.00272937 0.999943 -0.010348 -0.0037914 0.010358 0.99994 -0.0362457 0.211944 -1.11693
FixedParameters: 0 0 0

#Transform 120
Transform: AffineTransform_float_3_3
Parameters: 0.99999 -0.00278488 0.00367705 0.00282217 0.999945 -0.010153 -0.00364781 0.010163 0.999942 -0.0313681 0.223998 -1.0386
FixedParameters: 0 0 0

#Transform 121
Transform: AffineTransform_float_3_3
Parameters: 0.999991 -0.00288324 0.00328965 0.00291878 0.999935 -0.0110366 -0.00325829 0.0110464 0.999934 -0.0332601 0.241967 -1.06059
FixedParameters: 0 0 0

#Transform 122
Transform: AffineTransform_float_3_3
Parameters: 0.999991 -0.00234595 0.00352722 0.00238177 0.999943 -0.010401 -0.00350276 0.010409 0.99994 -0.0144448 0.206634 -0.998076
FixedParameters: 0 0 0

#Transform 123
Transform: AffineTransform_float_3_3
Parameters: 0.999995 -0.00245756 0.00227573 0.0024919 0.999884 -0.0150005 -0.00223895 0.0150065 0.999885 -0.00470013 0.281206 -1.11452
FixedParameters: 0 0 0

#Transform 124
Transform: AffineTransform_float_3_3
Parameters: 0.999993 -0.00250553 0.00281419 0.0025396 0.999923 -0.01214 -0.00278342 0.0121469 0.999922 -0.017909 0.184705 -1.07687
FixedParameters: 0 0 0

#Transform 125
Transform: AffineTransform_float_3_3
Parameters: 0.999992 -0.0026058 0.00297451 0.00264838 0.999896 -0.0141973 -0.00293795 0.0142057 0.999895 -0.0194286 0.293952 -1.18368
FixedParameters: 0 0 0

#Transform 126
Transform: AffineTransform_float_3_3
Parameters: 0.999992 -0.00269483 0.00291644 0.00274015 0.999877 -0.0154342 -0.00287479 0.0154418 0.999877 -0.0255018 0.282574 -1.12075
FixedParameters: 0 0 0

#Transform 127
Transform: AffineTransform_float_3_3
Parameters: 0.99999 -0.00331983 0.00306898 0.00346192 0.998867 -0.0474628 -0.00290843 0.0474732 0.998868 0.0575554 0.791311 -1.09405
FixedParameters: 0 0 0

#Transform 128
Transform: AffineTransform_float_3_3
Parameters: 0.999991 -0.00292522 0.00329142 0.00304965 0.999264 -0.0382404 -0.00317792 0.0382495 0.999263 -0.00191374 0.721245 -1.00138
FixedParameters: 0 0 0

#Transform 129
Transform: AffineTransform_float_3_3
Parameters: 0.999995 -0.00232153 0.00245959 0.00237275 0.999779 -0.0208923 -0.00241124 0.0208977 0.999779 0.0110064 0.379222 -1.23394
FixedParameters: 0 0 0

#Transform 130
Transform: AffineTransform_float_3_3
Parameters: 0.999993 -0.00223782 0.00277191 0.00229103 0.999811 -0.0193059 -0.00272836 0.0193121 0.99981 -0.0128271 0.373331 -1.19594
FixedParameters: 0 0 0

#Transform 131
Transform: AffineTransform_float_3_3
Parameters: 0.999993 -0.00245369 0.00259616 0.00250552 0.999787 -0.0204977 -0.00254444 0.0205043 0.999787 -0.0397466 0.438231 -1.10362
FixedParameters: 0 0 0

#Transform 132
Transform: AffineTransform_float_3_3
Parameters: 0.999992 -0.00247557 0.00297073 0.00253635 0.999784 -0.0205818 -0.002919 0.0205892 0.999784 -0.0238776 0.405535 -1.16141
FixedParameters: 0 0 0

#Transform 133
Transform: AffineTransform_float_3_3
Parameters: 0.999997 -0.00259514 0.000623158 0.00259908 0.999976 -0.00632518 -0.000606616 0.00632682 0.999979 -0.0306148 0.526712 -0.685023
FixedParameters: 0 0 0

#Transform 134
Transform: AffineTransform_float_3_3
Parameters: 0.999993 -0.00290619 0.00265545 0.00294907 0.999863 -0.0162633 -0.00260737 0.0162717 0.999864 -0.0131043 0.489984 -0.895731
FixedParameters: 0 0 0

#Transform 135
Transform: AffineTransform_float_3_3
Parameters: 0.999985 -0.00360125 0.0042729 0.00380668 0.998793 -0.0489837 -0.00409084 0.0489993 0.998791 0.0334775 0.622081 -1.0526
FixedParameters: 0 0 0

#Transform 136
Transform: AffineTransform_float_3_3
Parameters: 0.99998 -0.00400526 0.00489568 0.00426391 0.99853 -0.0540265 -0.00467158 0.0540465 0.998528 0.0370561 0.724165 -1.56871
FixedParameters: 0 0 0

#Transform 137
Transform: AffineTransform_float_3_3
Parameters: 0.999988 -0.00288497 0.00377966 0.00302655 0.999269 -0.0381062 -0.00366674 0.0381178 0.999266 0.0226351 0.506538 -1.33461
FixedParameters: 0 0 0

#Transform 138
Transform: AffineTransform_float_3_3
Parameters: 0.999986 -0.00305035 0.00437519 0.0031672 0.999634 -0.0268939 -0.00429144 0.0269071 0.999628 0.019128 0.419831 -1.20438
FixedParameters: 0 0 0

#Transform 139
Transform: AffineTransform_float_3_3
Parameters: 0.999987 -0.00303041 0.00394961 0.00314467 0.999565 -0.0293262 -0.00385888 0.0293378 0.999562 0.00906069 0.396962 -1.20346
FixedParameters: 0 0 0

#Transform 140
Transform: AffineTransform_float_3_3
Parameters: 0.999987 -0.00304313 0.00414149 0.00316054 0.999582 -0.0287137 -0.00405194 0.0287263 0.999579 -0.00936627 0.49131 -1.17538
FixedParameters: 0 0 0

#Transform 141
Transform: AffineTransform_float_3_3
Parameters: 0.999986 -0.00346287 0.00396544 0.00357496 0.999581 -0.0287404 -0.00386443 0.0287537 0.999579 -0.00832914 0.442198 -1.15985
FixedParameters: 0 0 0

#Transform 142
Transform: AffineTransform_float_3_3
Parameters: 0.999988 -0.00295559 0.00408704 0.00306162 0.999653 -0.0261362 -0.00400846 0.0261488 0.99965 0.00171561 0.491067 -1.1216
FixedParameters: 0 0 0

#Transform 143
Transform: AffineTransform_float_3_3
Parameters: 0.99999 -0.00253668 0.00387909 0.00263459 0.999674 -0.0253954 -0.00381386 0.0254056 0.99967 0.0164648 0.347785 -1.21894
FixedParameters: 0 0 0

#Transform 144
Transform: AffineTransform_float_3_3
Parameters: 0.999986 -0.00329017 0.00401643 0.00339788 0.99963 -0.0269909 -0.0039267 0.0270041 0.999627 -0.00193236 0.408473 -1.13564
FixedParameters: 0 0 0

#Transform 145
Transform: AffineTransform_float_3_3
Parameters: 0.999987 -0.0028046 0.00427361 0.00292436 0.999597 -0.0282522 -0.00419244 0.0282648 0.999592 0.0058113 0.468699 -1.2336
FixedParameters: 0 0 0

#Transform 146
Transform: AffineTransform_float_3_3
Parameters: 0.999985 -0.00346573 0.00425058 0.00359154 0.999545 -0.0299575 -0.00414433 0.0299715 0.999542 -0.00285486 0.409629 -1.19964
FixedParameters: 0 0 0

#Transform 147
Transform: AffineTransform_float_3_3
Parameters: 0.999988 -0.00308681 0.00383526 0.00319715 0.999574 -0.0290293 -0.00374385 0.0290407 0.999572 0.00912113 0.447178 -1.17686
FixedParameters: 0 0 0

#Transform 148
Transform: AffineTransform_float_3_3
Parameters: 0.99999 -0.002832 0.00339912 0.0029204 0.999652 -0.0262035 -0.0033238 0.0262135 0.999651 0.0290293 0.58499 -1.27815
FixedParameters: 0 0 0

#Transform 149
Transform: AffineTransform_float_3_3
Parameters: 0.999989 -0.00352385 0.00292443 0.00359802 0.999664 -0.0256636 -0.00283309 0.0256734 0.999666 0.0343346 0.337084 -1.11036
FixedParameters: 0 0 0

#Transform 150
Transform: AffineTransform_float_3_3
Parameters: 0.999984 -0.00375266 0.00436193 0.0037334 0.999983 0.00437207 -0.0043782 -0.00435492 0.999981 0.000150133 0.333121 -1.2256
FixedParameters: 0 0 0

#Transform 151
Transform: AffineTransform_float_3_3
Parameters: 0.999987 -0.00345189 0.00378979 0.00352978 0.999783 -0.020498 -0.00371824 0.0205109 0.999782 0.0181058 0.419813 -0.94708
FixedParameters: 0 0 0

#Transform 152
Transform: AffineTransform_float_3_3
Parameters: 0.999986 -0.00347054 0.0039717 0.00355968 0.999733 -0.0228304 -0.0038918 0.0228446 0.999732 0.0169579 0.452908 -1.04514
FixedParameters: 0 0 0

#Transform 153
Transform: AffineTransform_float_3_3
Parameters: 0.999984 -0.00310368 0.00470862 0.00321067 0.999733 -0.0228937 -0.00463684 0.0229082 0.999727 -0.00625621 0.443419 -1.08692
FixedParameters: 0 0 0

#Transform 154
Transform: AffineTransform_float_3_3
Parameters: 0.999984 -0.00304533 0.00472055 0.00315437 0.999724 -0.023277 -0.00464816 0.023291 0.999718 -0.0119626 0.510244 -1.09071
FixedParameters: 0 0 0

#Transform 155
Transform: AffineTransform_float_3_3
Parameters: 0.999984 -0.00375544 0.0043867 0.00385978 0.999703 -0.0240677 -0.00429505 0.0240843 0.9997 -0.0185689 0.459724 -1.18516
FixedParameters: 0 0 0

#Transform 156
Transform: AffineTransform_float_3_3
Parameters: 0.999984 -0.00373019 0.00429014 0.00382933 0.999721 -0.0233141 -0.00420211 0.0233298 0.999719 -0.0439106 0.478125 -0.994669
FixedParameters: 0 0 0

#Transform 157
Transform: AffineTransform_float_3_3
Parameters: 0.999986 -0.00372992 0.00389083 0.00381858 0.999726 -0.0230726 -0.00380418 0.0230864 0.999726 -0.0365503 0.482381 -1.02712
FixedParameters: 0 0 0

#Transform 158
Transform: AffineTransform_float_3_3
Parameters: 0.999983 -0.00404112 0.00421175 0.00413827 0.999721 -0.0232331 -0.00411675 0.0232509 0.999721 -0.0456242 0.462436 -0.948957
FixedParameters: 0 0 0

#Transform 159
Transform: AffineTransform_float_3_3
Parameters: 0.999985 -0.00352419 0.00420807 0.00362091 0.999728 -0.0230413 -0.00412538 0.0230567 0.999725 -0.0381486 0.478171 -0.926608
FixedParameters: 0 0 0

#Transform 160
Transform: AffineTransform_float_3_3
Parameters: 0.999984 -0.00342775 0.00461942 0.0035339 0.999727 -0.0230985 -0.00453929 0.0231135 0.999723 -0.024497 0.41694 -1.00557
FixedParameters: 0 0 0

#Transform 161
Transform: AffineTransform_float_3_3
Parameters: 0.999983 -0.00245052 0.00514993 0.00256077 0.999764 -0.0215369 -0.00509499 0.021549 0.999755 -0.0282899 0.438596 -1.14552
FixedParameters: 0 0 0

#Transform 162
Transform: AffineTransform_float_3_3
Parameters: 0.999983 -0.00298302 0.00497213 0.00310031 0.999714 -0.0237416 -0.00489919 0.0237564 0.999705 -0.0319899 0.468701 -1.03977
FixedParameters: 0 0 0

#Transform 163
Transform: AffineTransform_float_3_3
Parameters: 0.999984 -0.00289697 0.00486352 0.00301154 0.99971 -0.0238933 -0.00479277 0.0239077 0.999702 -0.0241662 0.485398 -1.07691
FixedParameters: 0 0 0

#Transform 164
Transform: AffineTransform_float_3_3
Parameters: 0.999982 -0.00347619 0.00477432 0.00358578 0.999727 -0.0231217 -0.00469299 0.0231383 0.999721 -0.0291882 0.437303 -1.0487
FixedParameters: 0 0 0

#Transform 165
Transform: AffineTransform_float_3_3
Parameters: 0.999983 -0.00307219 0.00480771 0.00317258 0.999776 -0.0209307 -0.00474223 0.0209453 0.99977 -0.025233 0.483826 -1.03072
FixedParameters: 0 0 0

#Transform 166
Transform: AffineTransform_float_3_3
Parameters: 0.999984 -0.00288897 0.00473271 0.00299319 0.999753 -0.0219967 -0.00466777 0.0220102 0.999747 -0.0125908 0.415281 -1.05283
FixedParameters: 0 0 0

#Transform 167
Transform: AffineTransform_float_3_3
Parameters: 0.999985 -0.00296371 0.00475324 0.00306766 0.999751 -0.0220723 -0.0046867 0.0220857 0.999745 -0.00980124 0.575324 -1.0104
FixedParameters: 0 0 0

#Transform 168
Transform: AffineTransform_float_3_3
Parameters: 0.999986 -0.00287291 0.00439013 0.00296918 0.999753 -0.0220137 -0.00432548 0.0220263 0.999748 -0.00501285 0.487648 -1.01037
FixedParameters: 0 0 0

#Transform 169
Transform: AffineTransform_float_3_3
Parameters: 0.999987 -0.00277363 0.0044502 0.0028621 0.999794 -0.02008 -0.0043935 0.020093 0.999788 -0.00310417 0.494814 -1.11332
FixedParameters: 0 0 0

#Transform 170
Transform: AffineTransform_float_3_3
Parameters: 0.999987 -0.00277101 0.00445183 0.00286278 0.999782 -0.020668 -0.004393 0.020681 0.999776 -0.0227966 0.461574 -1.14252
FixedParameters: 0 0 0

#Transform 171
Transform: AffineTransform_float_3_3
Parameters: 0.999982 -0.00238591 0.00550585 0.00249935 0.999783 -0.0207055 -0.00545591 0.0207185 0.99977 -0.00315185 0.51033 -1.13769
FixedParameters: 0 0 0

#Transform 172
Transform: AffineTransform_float_3_3
Parameters: 0.999987 -0.0027696 0.00445271 0.00286227 0.999775 -0.020985 -0.00439328 0.0209969 0.99977 -0.00524154 0.446926 -1.1776
FixedParameters: 0 0 0

#Transform 173
Transform: AffineTransform_float_3_3
Parameters: 0.999984 -0.00308629 0.00477908 0.00318456 0.999783 -0.0206206 -0.00471486 0.0206354 0.999776 -0.0108066 0.461145 -1.06398
FixedParameters: 0 0 0

#Transform 174
Transform: AffineTransform_float_3_3
Parameters: 0.999986 -0.00283465 0.00445067 0.00292433 0.999789 -0.0203157 -0.00439221 0.0203293 0.999784 -0.00182103 0.494599 -1.03931
FixedParameters: 0 0 0

#Transform 175
Transform: AffineTransform_float_3_3
Parameters: 0.999986 -0.00278685 0.00450828 0.00287242 0.999812 -0.0191728 -0.00445404 0.0191852 0.999806 0.00267184 0.426896 -1.08798
FixedParameters: 0 0 0

#Transform 176
Transform: AffineTransform_float_3_3
Parameters: 0.999976 -0.00528064 0.0043299 0.005466 0.999011 -0.0441231 -0.00409231 0.0441459 0.999017 0.0454493 0.564654 -1.13413
FixedParameters: 0 0 0

#Transform 177
Transform: AffineTransform_float_3_3
Parameters: 0.999983 -0.00441872 0.00383357 0.00460446 0.998741 -0.049956 -0.00360835 0.049973 0.998744 0.0388213 0.634233 -0.933045
FixedParameters: 0 0 0

#Transform 178
Transform: AffineTransform_float_3_3
Parameters: 0.999983 -0.00434249 0.00404425 0.004474 0.999441 -0.0331375 -0.00389873 0.0331555 0.999443 -0.00835894 0.51398 -0.970915
FixedParameters: 0 0 0

#Transform 179
Transform: AffineTransform_float_3_3
Parameters: 0.999982 -0.00255115 0.00554403 0.00257202 0.999989 -0.00380582 -0.00553404 0.00382018 0.999978 0.0297006 0.43741 -1.26886
FixedParameters: 0 0 0

#Transform 180
Transform: AffineTransform_float_3_3
Parameters: 0.999983 -0.00235588 0.00538009 0.00242833 0.999907 -0.0133611 -0.00534729 0.0133739 0.999897 -0.000606761 0.356851 -1.28108
FixedParameters: 0 0 0

#Transform 181
Transform: AffineTransform_float_3_3
Parameters: 0.999985 -0.00238592 0.00479858 0.00246084 0.999872 -0.0158361 -0.00475936 0.0158479 0.999863 0.00985259 0.397835 -1.11442
FixedParameters: 0 0 0

#Transform 182
Transform: AffineTransform_float_3_3
Parameters: 0.999985 -0.00264631 0.00492191 0.00273289 0.999838 -0.0177885 -0.00487458 0.0178015 0.999829 0.00320168 0.400593 -1.14259
FixedParameters: 0 0 0

#Transform 183
Transform: AffineTransform_float_3_3
Parameters: 0.999986 -0.00280186 0.00451908 0.0028832 0.999829 -0.0182227 -0.00446746 0.0182353 0.999824 -0.0131191 0.410181 -1.05159
FixedParameters: 0 0 0

#Transform 184
Transform: AffineTransform_float_3_3
Parameters: 0.999983 -0.00236828 0.00533042 0.00246515 0.99983 -0.018262 -0.00528617 0.018275 0.999819 -0.0211971 0.426184 -1.11174
FixedParameters: 0 0 0

#Transform 185
Transform: AffineTransform_float_3_3
Parameters: 0.999986 -0.00233191 0.00480001 0.0024273 0.999799 -0.0199023 -0.00475316 0.0199137 0.99979 -0.00825937 0.44831 -1.07025
FixedParameters: 0 0 0

#Transform 186
Transform: AffineTransform_float_3_3
Parameters: 0.999985 -0.00234011 0.00491072 0.00243506 0.999809 -0.019412 -0.00486489 0.019424 0.999799 -0.00688199 0.353899 -1.13348
FixedParameters: 0 0 0

#Transform 187
Transform: AffineTransform_float_3_3
Parameters: 0.999984 -0.00294677 0.00479801 0.0030376 0.999813 -0.0190633 -0.00474154 0.0190777 0.999807 -0.0152377 0.367958 -1.10181
FixedParameters: 0 0 0

#Transform 188
Transform: AffineTransform_float_3_3
Parameters: 0.999985 -0.00364893 0.00426089 0.00371415 0.999875 -0.0153867 -0.00420433 0.0154023 0.999873 -0.0175662 0.428036 -1.05039
FixedParameters: 0 0 0

#Transform 189
Transform: AffineTransform_float_3_3
Parameters: 0.999988 -0.00475349 -0.00016202 0.00475435 0.999977 0.00478514 0.00013854 -0.00478486 0.999988 0.0490417 0.137384 -1.21424
FixedParameters: 0 0 0

#Transform 190
Transform: AffineTransform_float_3_3
Parameters: 0.999995 -0.00290404 0.000364702 0.0029054 0.999992 -0.00257673 -0.000356784 0.00257727 0.999997 0.0631651 0.177485 -1.23342
FixedParameters: 0 0 0

#Transform 191
Transform: AffineTransform_float_3_3
