# transform file /out/sourcedata/freesurfer/sub-v1s22x0050495_ses-1/mri/transforms/cc_up.lta
# created by oesteban on Mon Mar  9 17:18:35 2026

type      = 0 # LINEAR_VOX_TO_VOX
nxforms   = 1
mean      = 129.0000 104.0000 110.0000
sigma     = 10000.0000
1 4 4
9.991638660430908e-01 1.298048160970211e-02 -3.876970335841179e-02 3.198808670043945e+00 
-1.297072134912014e-02 9.999157786369324e-01 5.032918415963650e-04 4.461296463012695e+01 
3.877297043800354e-02 0.000000000000000e+00 9.992480874061584e-01 2.812836074829102e+01 
0.000000000000000e+00 0.000000000000000e+00 0.000000000000000e+00 1.000000000000000e+00 
src volume info
valid = 1  # volume info valid
filename = /out/sourcedata/freesurfer/sub-v1s22x0050495_ses-1/mri/norm.mgz
volume = 256 256 256
voxelsize = 1.000000000000000e+00 1.000000000000000e+00 1.000000000000000e+00
xras   = -1.000000000000000e+00 1.862645149230957e-09 0.000000000000000e+00
yras   = 0.000000000000000e+00 0.000000000000000e+00 -1.000000000000000e+00
zras   = -1.862645149230957e-09 1.000000000000000e+00 0.000000000000000e+00
cras   = 5.235717773437500e+00 5.149501037597656e+01 -4.233764648437500e+00
dst volume info
valid = 1  # volume info valid
filename = /out/sourcedata/freesurfer/sub-v1s22x0050495_ses-1/mri/norm.mgz
volume = 256 256 256
voxelsize = 1.000000000000000e+00 1.000000000000000e+00 1.000000000000000e+00
xras   = -1.000000000000000e+00 1.862645149230957e-09 0.000000000000000e+00
yras   = 0.000000000000000e+00 0.000000000000000e+00 -1.000000000000000e+00
zras   = -1.862645149230957e-09 1.000000000000000e+00 0.000000000000000e+00
cras   = 5.235717773437500e+00 5.149501037597656e+01 -4.233764648437500e+00
