# transform file transforms/talairach.lta
# created by oesteban on Mon Mar  9 15:55:13 2026

type      = 0 # LINEAR_VOX_TO_VOX
nxforms   = 1
mean      = 129.0000 106.0000 110.0000
sigma     = 10000.0000
1 4 4
1.085865974426270e+00 -2.611966803669930e-02 -1.347939949482679e-02 -9.608465194702148e+00 
2.703779935836792e-02 1.097648501396179e+00 2.270808517932892e-01 -1.827763938903809e+01 
8.388551883399487e-03 -1.921184659004211e-01 1.022792577743530e+00 1.812789154052734e+01 
0.000000000000000e+00 0.000000000000000e+00 0.000000000000000e+00 1.000000000000000e+00 
src volume info
valid = 1  # volume info valid
filename = nu.mgz
volume = 256 256 256
voxelsize = 1.000000000000000e+00 1.000000000000000e+00 1.000000000000000e+00
xras   = -1.000000000000000e+00 1.862645149230957e-09 0.000000000000000e+00
yras   = 0.000000000000000e+00 0.000000000000000e+00 -1.000000000000000e+00
zras   = -1.862645149230957e-09 1.000000000000000e+00 0.000000000000000e+00
cras   = 5.235717773437500e+00 5.149501037597656e+01 -4.233764648437500e+00
dst volume info
valid = 1  # volume info valid
filename = /opt/freesurfer/average/RB_all_2020-01-02.gca
volume = 256 256 256
voxelsize = 1.000000000000000e+00 1.000000000000000e+00 1.000000000000000e+00
xras   = -1.000000000000000e+00 0.000000000000000e+00 0.000000000000000e+00
yras   = 0.000000000000000e+00 0.000000000000000e+00 -1.000000000000000e+00
zras   = 0.000000000000000e+00 1.000000000000000e+00 0.000000000000000e+00
cras   = 0.000000000000000e+00 0.000000000000000e+00 0.000000000000000e+00
