#Insight Transform File V1.0
#Transform 0
Transform: AffineTransform_float_3_3
Parameters: 1 -6.43831e-05 -0.000488778 6.43157e-05 1 -6.90314e-05 0.000488787 6.89685e-05 1 0.00609395 -0.0230267 -0.16943
FixedParameters: 0 0 0

#Transform 1
Transform: AffineTransform_float_3_3
Parameters: 1 0.000238648 -0.000473595 -0.000239765 0.999999 -0.00131689 0.000473956 0.00131711 0.999999 -0.00724805 0.149232 -0.222611
FixedParameters: 0 0 0

#Transform 2
Transform: AffineTransform_float_3_3
Parameters: 1 0.000602639 -0.000904658 -0.000604692 0.999999 -0.00175545 0.000903398 0.00175655 0.999998 0.0443238 -0.0873087 -0.270812
FixedParameters: 0 0 0

#Transform 3
Transform: AffineTransform_float_3_3
Parameters: 0.999999 0.000465017 -0.00119835 -0.000467323 0.999998 -0.00225844 0.00119684 0.00225956 0.999996 0.0473411 0.0620085 -0.367028
FixedParameters: 0 0 0

#Transform 4
Transform: AffineTransform_float_3_3
Parameters: 0.999999 0.000442348 -0.00115499 -0.000443793 0.999999 -0.000625341 0.00115443 0.000625657 0.999999 0.0693931 -0.0670374 -0.324299
FixedParameters: 0 0 0

#Transform 5
Transform: AffineTransform_float_3_3
Parameters: 0.999997 0.000836044 -0.00196941 -0.000835002 1 0.000516809 0.00197041 -0.000515191 0.999998 0.0744884 0.00215039 -0.286487
FixedParameters: 0 0 0

#Transform 6
Transform: AffineTransform_float_3_3
Parameters: 0.999996 0.00118911 -0.00265028 -0.00118301 0.999996 0.00237147 0.00265272 -0.00236853 0.999994 0.077759 -0.10204 -0.333408
FixedParameters: 0 0 0

#Transform 7
Transform: AffineTransform_float_3_3
Parameters: 1 -0.000582264 -0.000813871 0.000580334 0.999997 -0.00232247 0.000815318 0.00232153 0.999997 -0.00389834 0.0435175 -0.110529
FixedParameters: 0 0 0

#Transform 8
Transform: AffineTransform_float_3_3
Parameters: 0.999999 -0.000446499 -0.000720122 0.000445209 0.999997 -0.00218119 0.000720814 0.00218081 0.999998 0.0036082 0.0297951 -0.189437
FixedParameters: 0 0 0

#Transform 9
Transform: AffineTransform_float_3_3
Parameters: 0.999999 -0.000825518 -0.000315633 0.000824231 0.999995 -0.00298126 0.000317446 0.00298074 0.999996 -0.0250372 0.0231409 -0.2267
FixedParameters: 0 0 0

#Transform 10
Transform: AffineTransform_float_3_3
Parameters: 0.999999 -0.000164783 -0.00074485 0.000164487 1 -0.000199123 0.000744916 0.000198877 0.999999 0.000528933 0.0312452 -0.147175
FixedParameters: 0 0 0

#Transform 11
Transform: AffineTransform_float_3_3
Parameters: 1 0.000278193 -0.00104747 -0.000279166 1 -0.000464562 0.00104721 0.000464438 1 0.0419393 -0.0268788 -0.100773
FixedParameters: 0 0 0

#Transform 12
Transform: AffineTransform_float_3_3
Parameters: 0.999999 0.000120104 -0.000850214 -0.000121061 1 -0.0011459 0.000849807 0.0011461 0.999999 0.0436682 0.112794 -0.0913294
FixedParameters: 0 0 0

#Transform 13
Transform: AffineTransform_float_3_3
Parameters: 1 0.000254824 -0.000582444 -0.000254542 1 -0.000608852 0.000582003 0.000609148 0.999999 0.018802 -0.05438 -0.101096
FixedParameters: 0 0 0

#Transform 14
Transform: AffineTransform_float_3_3
Parameters: 1 0.000383015 -0.000412961 -0.00038272 1 -0.00100084 0.000413055 0.00100116 1 0.0396125 0.0797107 -0.126085
FixedParameters: 0 0 0

#Transform 15
Transform: AffineTransform_float_3_3
Parameters: 1 -0.000112766 -0.000347161 0.000111823 0.999999 -0.00135804 0.000347466 0.00135796 0.999999 0.0239232 0.0246729 -0.114461
FixedParameters: 0 0 0

#Transform 16
Transform: AffineTransform_float_3_3
Parameters: 1 -0.000112766 -0.000347161 0.000111823 0.999999 -0.00135804 0.000347466 0.00135796 0.999999 -0.00715964 0.0192621 -0.09597
FixedParameters: 0 0 0

#Transform 17
Transform: AffineTransform_float_3_3
Parameters: 1 0.000367609 -0.000411468 -0.000368382 0.999998 -0.00230585 0.000410632 0.00230615 0.999998 0.0572963 0.132921 -0.132801
FixedParameters: 0 0 0

#Transform 18
Transform: AffineTransform_float_3_3
Parameters: 1 8.2861e-05 -0.000373415 -8.40426e-05 0.999995 -0.00308297 0.000373762 0.00308303 0.999995 0.0362016 0.0334013 -0.181947
FixedParameters: 0 0 0

#Transform 19
Transform: AffineTransform_float_3_3
Parameters: 1 -2.2081e-05 -0.000359191 2.20645e-05 1 -2.30079e-05 0.000359192 2.29921e-05 1 -0.00504577 0.0236186 -0.116106
FixedParameters: 0 0 0

#Transform 20
Transform: AffineTransform_float_3_3
Parameters: 1 -5.59218e-05 8.098e-05 5.58921e-05 1 0.000183005 -8.10004e-05 -0.000182995 1 -0.000263779 -0.0126055 0.0187353
FixedParameters: 0 0 0

#Transform 21
Transform: AffineTransform_float_3_3
Parameters: 1 -6.12857e-05 4.02996e-05 6.12313e-05 1 0.000675002 -4.03823e-05 -0.000674997 1 -0.00543951 -0.0266739 -0.245767
FixedParameters: 0 0 0

#Transform 22
Transform: AffineTransform_float_3_3
Parameters: 1 -6.12653e-05 4.03307e-05 6.12518e-05 1 0.000167002 -4.03512e-05 -0.000166998 1 -0.0246556 0.0027741 -0.278427
FixedParameters: 0 0 0

#Transform 23
Transform: AffineTransform_float_3_3
Parameters: 1 -0.000534029 0.000438039 0.000534774 1 -0.000998767 -0.000437962 0.000999235 1 0.00838681 -0.0141339 -0.156775
FixedParameters: 0 0 0

#Transform 24
Transform: AffineTransform_float_3_3
Parameters: 0.999999 -0.000806525 0.000482359 0.000806475 0.999999 -0.00111159 -0.000481427 0.00111141 1 -0.0126725 0.0385046 -0.126705
FixedParameters: 0 0 0

#Transform 25
Transform: AffineTransform_float_3_3
Parameters: 1 -0.000599164 6.87937e-05 0.00059926 0.999999 -0.00165609 -6.78006e-05 0.00165591 0.999998 -0.0647588 0.0546594 -0.134426
FixedParameters: 0 0 0

#Transform 26
Transform: AffineTransform_float_3_3
Parameters: 1 -0.000129323 6.13348e-06 0.000129341 0.999999 -0.001558 -5.73048e-06 0.001558 0.999999 0.00594034 0.0376366 -0.138658
FixedParameters: 0 0 0

#Transform 27
Transform: AffineTransform_float_3_3
Parameters: 1 -0.000425584 0.000182809 0.000426152 0.999998 -0.0015579 -0.000181482 0.00155709 0.999999 -0.00836863 0.0191176 -0.120833
FixedParameters: 0 0 0

#Transform 28
Transform: AffineTransform_float_3_3
Parameters: 1 -0.000599121 6.917e-05 0.000599302 0.999997 -0.00228396 -6.74242e-05 0.00228404 0.999998 -0.0199926 0.176156 -0.10464
FixedParameters: 0 0 0

#Transform 29
Transform: AffineTransform_float_3_3
Parameters: 1 -0.000599175 6.86972e-05 0.000599248 0.999998 -0.00149496 -6.7897e-05 0.00149504 0.999999 -0.0464088 -0.0827489 -0.066328
FixedParameters: 0 0 0

#Transform 30
Transform: AffineTransform_float_3_3
Parameters: 1 -0.000305741 2.98763e-05 0.000306868 0.999998 -0.00232399 -2.85831e-05 0.00232401 0.999998 -0.00262369 0.170418 -0.082075
FixedParameters: 0 0 0

#Transform 31
Transform: AffineTransform_float_3_3
Parameters: 1 -0.000255189 2.314e-05 0.000255301 0.999997 -0.00247299 -2.18775e-05 0.00247301 0.999997 -0.000785954 -0.00144153 -0.0843878
FixedParameters: 0 0 0

#Transform 32
Transform: AffineTransform_float_3_3
Parameters: 1 0.000237361 -4.31493e-05 -0.000237514 0.999994 -0.00331299 4.25675e-05 0.00331301 0.999994 -0.0100913 0.200751 -0.0768441
FixedParameters: 0 0 0

#Transform 33
Transform: AffineTransform_float_3_3
Parameters: 1 -5.76388e-05 -0.000377711 5.79463e-05 1 0.000406978 0.000377664 -0.000407022 1 0.0252224 -0.0993603 -0.274614
FixedParameters: 0 0 0

#Transform 34
Transform: AffineTransform_float_3_3
Parameters: 1 -0.000358976 0.000410777 0.000358776 0.999999 0.00144915 -0.000411947 -0.00144885 0.999999 -0.0159347 -0.0301359 -0.295851
FixedParameters: 0 0 0

#Transform 35
Transform: AffineTransform_float_3_3
Parameters: 1 -0.000169632 0.000386096 0.000168398 0.999998 0.00159706 -0.000386636 -0.00159693 0.999998 -0.0189836 -0.104182 -0.307984
FixedParameters: 0 0 0

#Transform 36
Transform: AffineTransform_float_3_3
Parameters: 0.999999 -0.00011781 -0.000826686 0.000117024 1 -0.0010751 0.000826808 0.0010749 0.999999 0.00224213 0.0318639 -0.168914
FixedParameters: 0 0 0

#Transform 37
Transform: AffineTransform_float_3_3
Parameters: 1 -0.000472458 -0.000430869 0.000472147 1 -0.000361203 0.00043121 0.000360796 1 -0.00639656 0.0362801 -0.176345
FixedParameters: 0 0 0

#Transform 38
Transform: AffineTransform_float_3_3
Parameters: 1 -1.3078e-05 -3.76027e-05 1.29661e-05 0.999999 -0.001488 3.76415e-05 0.001488 0.999999 -0.0240029 0.0409675 -0.071536
FixedParameters: 0 0 0

#Transform 39
Transform: AffineTransform_float_3_3
Parameters: 1 -0.000229475 -0.00036583 0.000228918 0.999998 -0.00193808 0.000365596 0.00193792 0.999998 0.0178116 0.0605522 -0.110114
FixedParameters: 0 0 0

#Transform 40
Transform: AffineTransform_float_3_3
Parameters: 1 -5.97183e-05 -0.000388519 5.87383e-05 0.999999 -0.00126102 0.000388668 0.00126098 0.999999 0.0275694 0.0522683 -0.114121
FixedParameters: 0 0 0

#Transform 41
Transform: AffineTransform_float_3_3
Parameters: 0.999999 -0.000453784 -0.000606548 0.00045244 1 -0.00110728 0.000607551 0.00110673 0.999999 0.0162658 0.00507511 -0.0155954
FixedParameters: 0 0 0

#Transform 42
Transform: AffineTransform_float_3_3
Parameters: 0.999999 -0.000112125 -0.000786084 0.000111014 1 -0.000706958 0.000786242 0.000707042 1 -0.00510783 0.0756004 -0.10199
FixedParameters: 0 0 0

#Transform 43
Transform: AffineTransform_float_3_3
Parameters: 1 -5.9416e-05 -0.000388565 5.90406e-05 1 -0.000483023 0.000388622 0.000482977 1 0.00298903 0.0391192 -0.0853798
FixedParameters: 0 0 0

#Transform 44
Transform: AffineTransform_float_3_3
Parameters: 1 -0.000362738 -0.000348519 0.000363344 1 -0.000367127 0.000347664 0.000366874 1 0.0151806 -0.0529892 -0.119626
FixedParameters: 0 0 0

#Transform 45
Transform: AffineTransform_float_3_3
Parameters: 1 -6.93749e-05 -0.000460876 6.81385e-05 0.999999 -0.00134103 0.000461061 0.00134097 0.999999 -0.00820451 0.0954683 -0.140585
FixedParameters: 0 0 0

#Transform 46
Transform: AffineTransform_float_3_3
Parameters: 1 -5.97315e-05 -0.000388517 5.87251e-05 0.999999 -0.00129502 0.00038867 0.00129498 0.999999 0.00710527 -0.00663945 -0.145947
FixedParameters: 0 0 0

#Transform 47
Transform: AffineTransform_float_3_3
Parameters: 1 8.98325e-05 -0.000408446 -9.11268e-05 0.999998 -0.00158496 0.000408159 0.00158504 0.999998 0.00465982 0.049318 -0.109432
FixedParameters: 0 0 0

#Transform 48
Transform: AffineTransform_float_3_3
Parameters: 1 0.000314296 -0.000177197 -0.000314861 0.999998 -0.00196294 0.000176954 0.00196306 0.999998 -0.00102277 0.0564378 -0.112911
FixedParameters: 0 0 0

#Transform 49
Transform: AffineTransform_float_3_3
Parameters: 1 0.000179623 -0.000420643 -0.000180786 0.999996 -0.00256392 0.000419588 0.00256407 0.999996 0.0596594 0.0579012 -0.0867378
FixedParameters: 0 0 0

#Transform 50
Transform: AffineTransform_float_3_3
Parameters: 1 -3.56432e-05 -0.000206094 3.47797e-05 0.999998 -0.00209401 0.000206241 0.00209399 0.999998 0.0173542 0.0519784 -0.0808425
FixedParameters: 0 0 0

#Transform 51
Transform: AffineTransform_float_3_3
Parameters: 0.999999 0.0005555 -0.000628313 -0.000557083 0.999997 -0.00225763 0.000627653 0.00225737 0.999998 0.0496449 0.0967947 -0.121829
FixedParameters: 0 0 0

#Transform 52
Transform: AffineTransform_float_3_3
Parameters: 0.999999 0.000147103 -0.000825704 -0.000148832 0.999999 -0.00172588 0.000826054 0.00172612 0.999998 0.0147495 -0.0160446 -0.091706
FixedParameters: 0 0 0

#Transform 53
Transform: AffineTransform_float_3_3
Parameters: 0.999999 0.000244245 -0.000838662 -0.000246013 0.999999 -0.0017228 0.000838678 0.00172321 0.999998 0.0345358 0.0887835 -0.125047
FixedParameters: 0 0 0

#Transform 54
Transform: AffineTransform_float_3_3
Parameters: 0.999999 4.72952e-05 -0.000754941 -4.85048e-05 0.999998 -0.00211484 0.000754478 0.00211517 0.999998 0.046278 0.0513608 -0.119284
FixedParameters: 0 0 0

#Transform 55
Transform: AffineTransform_float_3_3
Parameters: 0.999999 -0.000114316 -0.00079082 0.00011211 0.999997 -0.00264809 0.000791159 0.00264791 0.999996 0.0315177 0.0570413 -0.234807
FixedParameters: 0 0 0

#Transform 56
Transform: AffineTransform_float_3_3
Parameters: 0.999999 -0.000107733 -0.000740244 0.00010538 0.999995 -0.00292795 0.000740607 0.00292805 0.999996 -0.00155166 0.0781116 -0.122684
FixedParameters: 0 0 0

#Transform 57
Transform: AffineTransform_float_3_3
Parameters: 1 -4.84979e-05 -0.000307299 4.85526e-05 1 8.89851e-05 0.000307291 -8.90149e-05 1 0.0299388 -0.0817345 -0.244781
FixedParameters: 0 0 0

#Transform 58
Transform: AffineTransform_float_3_3
Parameters: 1 -0.000444329 3.42499e-05 0.000444322 1 8.90152e-05 -3.4329e-05 -8.89847e-05 1 -0.0229004 0.0711476 -0.248769
FixedParameters: 0 0 0

#Transform 59
Transform: AffineTransform_float_3_3
Parameters: 1 -0.000339593 -0.000320539 0.00033986 1 0.000415891 0.000320256 -0.000416109 1 0.0180858 -0.065144 -0.275576
FixedParameters: 0 0 0

#Transform 60
Transform: AffineTransform_float_3_3
Parameters: 1 -0.000502632 -5.55256e-05 0.000502554 0.999999 -0.000698028 5.62272e-05 0.000697971 1 0.00229454 0.0296034 -0.28179
FixedParameters: 0 0 0

#Transform 61
Transform: AffineTransform_float_3_3
Parameters: 1 -8.33424e-05 -0.000110991 8.30814e-05 1 -0.00117501 0.000111187 0.00117499 1 -0.0054485 0.0353514 -0.284197
FixedParameters: 0 0 0

#Transform 62
Transform: AffineTransform_float_3_3
Parameters: 1 -0.000502646 -5.53979e-05 0.00050254 1 -0.000952157 5.63548e-05 0.000951842 0.999999 -0.0016946 -0.0312379 -0.322767
FixedParameters: 0 0 0

#Transform 63
Transform: AffineTransform_float_3_3
Parameters: 1 -0.000470045 0.000189775 0.000469539 0.999998 -0.00162691 -0.000189108 0.00162709 0.999998 -0.0251591 0.0943415 -0.292941
FixedParameters: 0 0 0

#Transform 64
Transform: AffineTransform_float_3_3
Parameters: 1 -0.000840749 0.000792518 0.000840746 0.999999 2.66631e-06 -0.000792521 -1.33369e-06 0.999999 -0.073997 -0.135598 -0.281286
FixedParameters: 0 0 0

#Transform 65
Transform: AffineTransform_float_3_3
Parameters: 0.999999 -0.000672998 0.000577389 0.000672817 1 -0.000814613 -0.000577153 0.00081539 1 -0.0433773 0.1054 -0.26714
FixedParameters: 0 0 0

#Transform 66
Transform: AffineTransform_float_3_3
Parameters: 0.999999 -0.000411048 0.00063281 0.000411975 0.999999 -0.00151674 -0.000631431 0.00151726 0.999998 -0.0466371 -0.0165263 -0.295156
FixedParameters: 0 0 0

#Transform 67
Transform: AffineTransform_float_3_3
Parameters: 0.999999 -0.000718776 0.000584565 0.000720105 0.999998 -0.00221058 -0.000583236 0.00221142 0.999998 -0.0547645 0.0897331 -0.510139
FixedParameters: 0 0 0

#Transform 68
Transform: AffineTransform_float_3_3
Parameters: 0.999995 -0.00125004 -0.00264569 0.00125961 0.999993 0.00358504 0.00264196 -0.00358896 0.99999 0.0317339 -0.132382 -0.568471
FixedParameters: 0 0 0

#Transform 69
Transform: AffineTransform_float_3_3
Parameters: 0.999999 0.000555657 -0.000581927 -0.000557166 0.999998 -0.00226368 0.000580268 0.00226432 0.999998 0.0243343 -0.0219489 -0.206554
FixedParameters: 0 0 0

#Transform 70
Transform: AffineTransform_float_3_3
Parameters: 0.999994 0.00258656 0.00231677 -0.00257674 0.999988 -0.00418497 -0.00232701 0.00417903 0.999988 -0.0611029 0.148451 -0.25874
FixedParameters: 0 0 0

#Transform 71
Transform: AffineTransform_float_3_3
Parameters: 0.999999 -0.000138154 -0.000989425 0.000137509 0.999999 -0.000827007 0.000989523 0.000826993 0.999999 0.024003 0.0748171 0.304119
FixedParameters: 0 0 0

#Transform 72
Transform: AffineTransform_float_3_3
Parameters: 1 -7.39354e-05 0.000257873 7.40149e-05 1 -0.000153981 -0.00025785 0.000154019 1 -0.0269166 -0.00839142 -0.215815
FixedParameters: 0 0 0

#Transform 73
Transform: AffineTransform_float_3_3
Parameters: 1 -9.96674e-05 6.25812e-05 9.97102e-05 1 -0.000341994 -6.2513e-05 0.000342006 1 0.0019391 0.0680026 -0.213857
FixedParameters: 0 0 0

#Transform 74
Transform: AffineTransform_float_3_3
Parameters: 1 -9.96326e-05 6.26366e-05 9.97449e-05 0.999999 -0.000897993 -6.24575e-05 0.000898005 0.999999 -0.0150632 -0.0205817 -0.183833
FixedParameters: 0 0 0

#Transform 75
Transform: AffineTransform_float_3_3
Parameters: 1 0.000285002 1.16487e-05 -0.000284981 0.999999 -0.000892003 -1.21571e-05 0.000891996 0.999999 0.0159106 -0.00325788 -0.186318
FixedParameters: 0 0 0

#Transform 76
Transform: AffineTransform_float_3_3
Parameters: 1 0.000167108 -0.000460842 -0.000167467 1 -0.000389923 0.000460712 0.000390077 1 0.00395111 0.0473722 -0.131329
FixedParameters: 0 0 0

#Transform 77
Transform: AffineTransform_float_3_3
Parameters: 1 0.000524706 -0.000135952 -0.000524728 0.999999 -0.000559928 0.000136356 0.000560071 1 0.0187823 -0.0666599 -0.174921
FixedParameters: 0 0 0

#Transform 78
Transform: AffineTransform_float_3_3
Parameters: 1 0.000539774 -2.21114e-05 -0.000539811 0.999999 -0.000868987 2.11732e-05 0.000869011 0.999999 0.0160419 0.0900737 -0.185441
FixedParameters: 0 0 0

#Transform 79
Transform: AffineTransform_float_3_3
Parameters: 1 0.000539777 -2.20412e-05 -0.000539809 0.999999 -0.000738988 2.12434e-05 0.000739011 0.999999 0.0194885 -0.021512 -0.175306
FixedParameters: 0 0 0

#Transform 80
Transform: AffineTransform_float_3_3
Parameters: 1 0.000539774 -2.21103e-05 -0.000539811 0.999999 -0.000866987 2.11743e-05 0.000867011 0.999999 0.0237331 0.0325429 -0.194933
FixedParameters: 0 0 0

#Transform 81
Transform: AffineTransform_float_3_3
Parameters: 1 -0.000262549 -0.000588938 0.000262642 0.999999 0.000920975 0.000588585 -0.000921025 1 0.0394897 -0.0624161 0.0781387
FixedParameters: 0 0 0

#Transform 82
Transform: AffineTransform_float_3_3
Parameters: 1 -0.000601747 -4.26908e-05 0.000601728 1 -0.000221026 4.29568e-05 0.000220974 1 -0.0197141 0.0294669 -0.202584
FixedParameters: 0 0 0

#Transform 83
Transform: AffineTransform_float_3_3
Parameters: 1 -0.000130756 -0.000496064 0.000130016 0.999999 -0.00174507 0.000496389 0.00174494 0.999999 -0.0251489 0.0667024 -0.185592
FixedParameters: 0 0 0

#Transform 84
Transform: AffineTransform_float_3_3
Parameters: 1 0.000104593 0.000185756 -0.000103743 0.999998 -0.00228502 -0.000186232 0.00228498 0.999998 -0.00665111 0.0431899 -0.197649
FixedParameters: 0 0 0

#Transform 85
Transform: AffineTransform_float_3_3
Parameters: 1 0.000271756 -8.781e-05 -0.000271992 0.999998 -0.00209098 8.76644e-05 0.00209102 0.999998 0.0223919 -0.0026064 -0.233807
FixedParameters: 0 0 0

#Transform 86
Transform: AffineTransform_float_3_3
Parameters: 1 5.62602e-05 0.000633037 -5.69615e-05 0.999999 0.00133696 -0.000633016 -0.00133704 0.999999 -0.00446628 -0.062479 -0.312204
FixedParameters: 0 0 0

#Transform 87
Transform: AffineTransform_float_3_3
Parameters: 0.999999 -0.000342863 -0.00119138 0.000342039 1 -0.000346278 0.00119161 0.000345721 0.999999 0.0162759 0.00665124 -0.17426
FixedParameters: 0 0 0

#Transform 88
Transform: AffineTransform_float_3_3
Parameters: 0.999999 -0.000739477 -0.00113899 0.000739572 0.999999 -0.00039373 0.00113945 0.00039327 0.999999 0.0103754 -0.030593 -0.193377
FixedParameters: 0 0 0

#Transform 89
Transform: AffineTransform_float_3_3
Parameters: 0.999999 -0.000346696 -0.00119027 0.000342169 0.999993 -0.00356528 0.0011922 0.00356472 0.999993 -0.0146277 0.203726 -0.292595
FixedParameters: 0 0 0

#Transform 90
Transform: AffineTransform_float_3_3
Parameters: 0.999999 0.000535573 -0.000613129 -0.000535527 1 3.73454e-05 0.000613169 -3.76546e-05 1 0.0360032 -0.0772861 -0.158955
FixedParameters: 0 0 0

#Transform 91
Transform: AffineTransform_float_3_3
Parameters: 0.999999 0.000484128 -0.000606255 -0.000483861 1 0.00022031 0.000606468 -0.000220689 1 0.023906 0.0552567 -0.215685
FixedParameters: 0 0 0

#Transform 92
Transform: AffineTransform_float_3_3
Parameters: 0.999999 0.000601555 -0.0010802 -0.000602854 0.999999 -0.000601203 0.00107948 0.000601796 1 0.0558413 -0.00515228 -0.179408
FixedParameters: 0 0 0

#Transform 93
Transform: AffineTransform_float_3_3
Parameters: 0.999998 0.000503364 -0.00154596 -0.00050579 0.999998 -0.00146807 0.00154521 0.00146893 0.999998 0.0785826 0.0430417 -0.198362
FixedParameters: 0 0 0

#Transform 94
Transform: AffineTransform_float_3_3
Parameters: 0.999998 0.000406395 -0.00153258 -0.000407574 0.999999 -0.000707246 0.00153188 0.000708752 0.999998 0.0549397 0.0256106 -0.159802
FixedParameters: 0 0 0

#Transform 95
Transform: AffineTransform_float_3_3
Parameters: 0.999999 0.000207762 -0.00082971 -0.000207198 0.999998 0.0016143 0.00082965 -0.0016137 0.999999 0.0691075 -0.0797612 -0.166369
FixedParameters: 0 0 0

#Transform 96
Transform: AffineTransform_float_3_3
Parameters: 0.999999 -0.000242376 -0.000784588 0.000239739 0.999993 -0.00357306 0.000785919 0.00357294 0.999994 -0.0112934 0.162328 -0.144358
FixedParameters: 0 0 0

#Transform 97
Transform: AffineTransform_float_3_3
Parameters: 1 0.000117564 -0.000239513 -0.00011795 0.999999 -0.000806971 0.000239323 0.000807028 0.999999 0.0338712 0.0496826 -0.259308
FixedParameters: 0 0 0

#Transform 98
Transform: AffineTransform_float_3_3
Parameters: 1 0.000160882 8.76634e-05 -0.000160779 1 -0.000589014 -8.78529e-05 0.000588986 1 -0.0116328 -0.0966451 -0.268738
FixedParameters: 0 0 0

#Transform 99
Transform: AffineTransform_float_3_3
Parameters: 1 9.38251e-05 -0.000414131 -9.47515e-05 0.999998 -0.00231696 0.000413564 0.00231704 0.999997 0.0267464 0.12181 -0.258255
FixedParameters: 0 0 0

#Transform 100
Transform: AffineTransform_float_3_3
Parameters: 1 0.000577577 9.43618e-05 -0.000577089 0.999998 -0.00188606 -9.55481e-05 0.00188595 0.999998 -0.00627172 -0.00224094 -0.203821
FixedParameters: 0 0 0

#Transform 101
Transform: AffineTransform_float_3_3
Parameters: 1 0.00116701 0.000306979 -0.00116645 0.999997 -0.00208051 -0.00030972 0.00208049 0.999997 0.0348368 0.0902558 -0.160219
FixedParameters: 0 0 0

#Transform 102
Transform: AffineTransform_float_3_3
Parameters: 1 0.000114715 -0.000257574 -0.00011498 0.999997 -0.00269097 0.000257817 0.00269103 0.999997 0.0442564 0.076387 -0.17266
FixedParameters: 0 0 0

#Transform 103
Transform: AffineTransform_float_3_3
Parameters: 1 0.000590091 0.000209375 -0.0005899 0.999997 -0.00250014 -0.000211204 0.00250086 0.999997 -0.0047621 0.0654495 -0.215605
FixedParameters: 0 0 0

#Transform 104
Transform: AffineTransform_float_3_3
Parameters: 0.999999 0.000158194 -0.00141438 -0.000165392 0.999988 -0.00474062 0.00141405 0.00474037 0.999988 0.0483185 0.0915983 -0.158256
FixedParameters: 0 0 0

#Transform 105
Transform: AffineTransform_float_3_3
Parameters: 1 -0.000618033 -0.000336439 0.000617314 0.999999 0.000404792 0.000336069 -0.000405208 1 -0.0155331 -0.0350999 -0.208986
FixedParameters: 0 0 0

#Transform 106
Transform: AffineTransform_float_3_3
Parameters: 1 -0.000543653 -0.000753105 0.000543221 0.999999 -0.00085828 0.000752915 0.00085772 1 -0.0120781 0.0897817 -0.238643
FixedParameters: 0 0 0

#Transform 107
Transform: AffineTransform_float_3_3
Parameters: 0.999999 -0.000457578 -0.000764431 0.000456785 1 -0.00108235 0.000764299 0.00108165 0.999999 0.00427091 -0.0177544 -0.243027
FixedParameters: 0 0 0

#Transform 108
Transform: AffineTransform_float_3_3
Parameters: 0.999999 -0.000352691 -0.000673443 0.000352226 1 -0.00108124 0.000674075 0.00108076 0.999999 0.0104407 0.0265468 -0.227659
FixedParameters: 0 0 0

#Transform 109
Transform: AffineTransform_float_3_3
Parameters: 0.999999 -0.000546258 -0.000632428 0.000545241 0.999998 -0.00148434 0.000632926 0.00148365 0.999998 0.000463789 0.0515112 -0.219344
FixedParameters: 0 0 0

#Transform 110
Transform: AffineTransform_float_3_3
Parameters: 0.999999 -0.000642322 0.000388845 0.000641945 0.999998 0.00192325 -0.000390453 -0.00192275 0.999998 -0.010402 -0.0499058 -0.201564
FixedParameters: 0 0 0

#Transform 111
Transform: AffineTransform_float_3_3
Parameters: 0.999999 -0.000910302 -0.000821862 0.00091078 1 0.000814253 0.000821499 -0.000815749 1 -0.0474435 0.00128714 -0.230219
FixedParameters: 0 0 0

#Transform 112
Transform: AffineTransform_float_3_3
Parameters: 0.999999 -0.000867596 -0.00131528 0.000866674 0.999999 -0.00105503 0.00131586 0.00105397 0.999999 0.0489688 -0.0238775 -0.313879
FixedParameters: 0 0 0

#Transform 113
Transform: AffineTransform_float_3_3
Parameters: 1 -0.000613267 -0.000902565 0.000610894 0.999997 -0.00226855 0.000903098 0.00226745 0.999997 -0.0391993 0.0901448 -0.318955
FixedParameters: 0 0 0

#Transform 114
Transform: AffineTransform_float_3_3
Parameters: 1 3.83301e-05 -0.000277321 -3.89109e-05 0.999999 0.00074001 0.000277508 -0.000739989 0.999999 0.0352336 -0.126668 -0.182488
FixedParameters: 0 0 0

#Transform 115
Transform: AffineTransform_float_3_3
Parameters: 1 0.000304472 -0.000312803 -0.000304183 1 -0.00112491 0.000311988 0.0011251 1 -0.0416754 0.166147 -0.256253
FixedParameters: 0 0 0

#Transform 116
Transform: AffineTransform_float_3_3
Parameters: 1 1.84146e-05 -0.000274731 -1.81773e-05 1 0.000432005 0.000274746 -0.000431995 1 0.0246421 -0.130589 -0.302806
FixedParameters: 0 0 0

#Transform 117
Transform: AffineTransform_float_3_3
Parameters: 1 0.000171214 -0.000294703 -0.000170743 0.999999 0.00079905 0.000294976 -0.000798949 0.999999 0.012751 0.0418095 -0.354159
FixedParameters: 0 0 0

#Transform 118
Transform: AffineTransform_float_3_3
Parameters: 1 -0.000339671 -0.00103767 0.000340982 1 0.000631776 0.00103724 -0.000632223 1 0.0363313 -0.0710305 -0.331828
FixedParameters: 0 0 0

#Transform 119
Transform: AffineTransform_float_3_3
Parameters: 0.999999 -0.000743582 -0.00165841 0.00074783 0.999997 0.00243787 0.00165628 -0.00243912 0.999995 0.0319376 -0.0193037 -0.55947
FixedParameters: 0 0 0

#Transform 120
Transform: AffineTransform_float_3_3
Parameters: 1 -0.000113605 -0.000391284 0.000112554 0.999993 -0.00387405 0.000391899 0.00387396 0.999993 0.0118863 -0.0279886 -0.150099
FixedParameters: 0 0 0

#Transform 121
Transform: AffineTransform_float_3_3
Parameters: 0.999999 0.000706903 0.00038371 -0.000707176 0.999997 0.00260473 -0.00038227 -0.00260527 0.999997 0.0148497 -0.0497085 -0.207083
FixedParameters: 0 0 0

#Transform 122
Transform: AffineTransform_float_3_3
Parameters: 1 -0.00104576 -0.000490606 0.00104596 0.999997 0.00196049 0.000488748 -0.00196151 0.999998 -0.0326159 0.00901273 -0.204826
FixedParameters: 0 0 0

#Transform 123
Transform: AffineTransform_float_3_3
Parameters: 0.999997 -0.000703596 -0.00227604 0.000693851 0.999991 -0.00404222 0.00227853 0.00404078 0.999989 0.000440638 0.0276201 -0.13513
FixedParameters: 0 0 0

#Transform 124
Transform: AffineTransform_float_3_3
Parameters: 0.999996 -0.000712785 -0.0025382 0.000702232 0.999992 -0.00397942 0.00254054 0.00397757 0.999989 0.0349487 -0.00206456 -0.133046
FixedParameters: 0 0 0

#Transform 125
Transform: AffineTransform_float_3_3
Parameters: 0.999998 -0.000591991 -0.00190358 0.000583265 0.99999 -0.00430487 0.00190561 0.00430412 0.999989 0.0242226 0.0293711 -0.127656
FixedParameters: 0 0 0

#Transform 126
Transform: AffineTransform_float_3_3
Parameters: 0.999997 -0.0013946 -0.00202886 0.00139032 0.999997 -0.00221262 0.00203238 0.00221038 0.999996 -0.000782005 0.0365551 -0.208557
FixedParameters: 0 0 0

#Transform 127
Transform: AffineTransform_float_3_3
Parameters: 0.999998 -0.00134991 -0.00191213 0.0013448 0.999995 -0.00278737 0.00191589 0.00278563 0.999994 -0.0189533 0.0222695 -0.246297
FixedParameters: 0 0 0

#Transform 128
Transform: AffineTransform_float_3_3
Parameters: 0.999998 -0.00140439 -0.00186485 0.00139985 0.999996 -0.00243954 0.00186806 0.00243746 0.999995 0.0105319 -0.0316879 -0.212841
FixedParameters: 0 0 0

#Transform 129
Transform: AffineTransform_float_3_3
Parameters: 0.999997 -0.0013945 -0.00194404 0.0013903 0.999996 -0.0022875 0.00194777 0.0022855 0.999996 -0.00177161 0.118196 -0.216011
FixedParameters: 0 0 0

#Transform 130
Transform: AffineTransform_float_3_3
Parameters: 1 -1.65161e-06 0.00037336 1.8947e-06 0.999999 0.00100213 -0.000373494 -0.00100187 1 0.0124559 -0.0285289 -0.0935581
FixedParameters: 0 0 0

#Transform 131
Transform: AffineTransform_float_3_3
Parameters: 1 -9.36317e-05 0.000146513 9.37319e-05 1 -0.000341986 -0.000146449 0.000342014 1 -0.0579952 0.0951632 0.533549
FixedParameters: 0 0 0

#Transform 132
Transform: AffineTransform_float_3_3
Parameters: 1 0.000181854 -0.000302498 -0.000182331 0.999999 -0.000788944 0.000302211 0.000789054 0.999999 0.00251229 0.0180511 -0.392786
FixedParameters: 0 0 0

#Transform 133
Transform: AffineTransform_float_3_3
Parameters: 1 -8.71419e-05 -0.000224525 8.6969e-05 1 -0.000385019 0.000224592 0.00038498 1 0.00224019 0.00168665 -0.522514
FixedParameters: 0 0 0

#Transform 134
Transform: AffineTransform_float_3_3
Parameters: 1 -8.66291e-05 -0.000666396 8.58238e-05 0.999999 -0.00134806 0.000666498 0.00134794 0.999999 0.0209266 0.00218771 -0.14326
FixedParameters: 0 0 0

#Transform 135
Transform: AffineTransform_float_3_3
Parameters: 1 -0.000361163 -0.000989915 0.000359558 0.999999 -0.00181136 0.000990959 0.00181064 0.999998 0.0196189 0.12031 -0.215194
FixedParameters: 0 0 0

#Transform 136
Transform: AffineTransform_float_3_3
Parameters: 0.999999 -0.000121609 -0.000926051 0.000120231 0.999999 -0.00181511 0.000926229 0.00181489 0.999998 0.013809 0.000637881 -0.239635
FixedParameters: 0 0 0

#Transform 137
Transform: AffineTransform_float_3_3
Parameters: 0.999999 -0.00017099 -0.00129073 0.000167909 0.999997 -0.00234509 0.00129113 0.00234491 0.999997 0.0293677 0.108283 -0.275624
FixedParameters: 0 0 0

#Transform 138
Transform: AffineTransform_float_3_3
Parameters: 0.999999 -9.26409e-05 -0.000707967 9.17677e-05 0.999998 -0.00201706 0.000708078 0.00201693 0.999997 0.0330378 -0.0388615 -0.280837
FixedParameters: 0 0 0

#Transform 139
Transform: AffineTransform_float_3_3
Parameters: 0.999998 -0.000615046 -0.00200641 0.000606458 0.99999 -0.00429698 0.0020085 0.00429601 0.999988 0.0344512 0.172699 -0.25484
FixedParameters: 0 0 0

#Transform 140
Transform: AffineTransform_float_3_3
Parameters: 1 -0.000449148 -0.000278876 0.000449306 1 0.000283858 0.000278622 -0.000283142 1 0.0296049 -0.0904351 -0.212966
FixedParameters: 0 0 0

#Transform 141
Transform: AffineTransform_float_3_3
Parameters: 1 -0.000413055 3.43771e-05 0.000413082 1 -0.000406986 -3.40408e-05 0.000407014 1 -0.00803634 0.0576452 -0.289876
FixedParameters: 0 0 0

#Transform 142
Transform: AffineTransform_float_3_3
Parameters: 0.999999 -0.000612627 -0.000393349 0.000612553 1 -9.42409e-05 0.000393464 9.3759e-05 1 -0.018051 -0.00728966 -0.278592
FixedParameters: 0 0 0

#Transform 143
Transform: AffineTransform_float_3_3
Parameters: 1 -0.000346372 0.000549931 0.000344879 0.999997 0.00237521 -0.000550712 -0.00237579 0.999997 -0.00137681 -0.102421 -0.279818
FixedParameters: 0 0 0

#Transform 144
Transform: AffineTransform_float_3_3
Parameters: 0.999999 -0.000601866 -0.00138787 0.000600734 0.999999 -0.00107571 0.00138791 0.0010743 0.999999 -0.0142325 0.0510972 -0.151586
FixedParameters: 0 0 0

#Transform 145
Transform: AffineTransform_float_3_3
Parameters: 0.999999 -0.000576207 -0.00118718 0.00057366 0.999998 -0.00185255 0.00118806 0.00185145 0.999998 0.0146062 0.0579629 -0.202318
FixedParameters: 0 0 0

#Transform 146
Transform: AffineTransform_float_3_3
Parameters: 0.999999 -0.000603965 -0.00138696 0.000600618 0.999996 -0.00258772 0.00138856 0.00258727 0.999995 -0.00643469 0.123299 -0.304355
FixedParameters: 0 0 0

#Transform 147
Transform: AffineTransform_float_3_3
Parameters: 0.999999 -0.000649767 -0.0017206 0.000644774 0.999995 -0.00313987 0.00172289 0.00313913 0.999994 0.0362039 0.0636019 -0.260113
FixedParameters: 0 0 0

#Transform 148
Transform: AffineTransform_float_3_3
Parameters: 1 -1.31612e-07 -0.000247081 3.73754e-07 1 0.00049 0.000247081 -0.00049 1 0.00863556 -0.0595578 -0.239645
FixedParameters: 0 0 0

#Transform 149
Transform: AffineTransform_float_3_3
Parameters: 1 1.78912e-05 -0.00010927 -1.78897e-05 1 7.00195e-06 0.00010927 -6.99805e-06 1 -0.00886027 0.0675172 -0.271439
FixedParameters: 0 0 0

#Transform 150
Transform: AffineTransform_float_3_3
Parameters: 1 0.000231957 -0.000337176 -0.000231995 1 -5.59218e-05 0.00033715 5.60782e-05 1 0.0237019 -0.0317157 -0.278395
FixedParameters: 0 0 0

#Transform 151
Transform: AffineTransform_float_3_3
Parameters: 1 0.000246218 -0.000174776 -0.000246405 1 -0.000536957 0.000174512 0.000537043 1 0.0306476 0.0778311 -0.274326
FixedParameters: 0 0 0

#Transform 152
Transform: AffineTransform_float_3_3
Parameters: 1 0.000218729 -0.000276029 -0.000218985 1 -0.000463939 0.000275825 0.00046406 1 0.0216519 -0.0787842 -0.278631
FixedParameters: 0 0 0

#Transform 153
Transform: AffineTransform_float_3_3
Parameters: 1 0.000366245 -0.00018976 -0.000366439 1 -0.00085606 0.000190124 0.00085594 0.999999 0.00682425 0.0681853 -0.321583
FixedParameters: 0 0 0

#Transform 154
Transform: AffineTransform_float_3_3
Parameters: 0.999999 0.000200719 -0.000749114 -0.000202276 0.999998 -0.00170172 0.000748298 0.00170228 0.999999 0.0520022 0.0585554 -0.281081
FixedParameters: 0 0 0

#Transform 155
Transform: AffineTransform_float_3_3
Parameters: 0.999999 0.00029682 -0.000761957 -0.000297523 0.999999 -0.00176377 0.000760647 0.00176423 0.999998 0.0428708 -0.00287948 -0.284433
FixedParameters: 0 0 0

#Transform 156
Transform: AffineTransform_float_3_3
Parameters: 0.999999 0.000377757 -0.000772971 -0.000379054 0.999998 -0.00220769 0.000772031 0.00220731 0.999998 0.0376532 0.0929325 -0.318484
FixedParameters: 0 0 0

#Transform 157
Transform: AffineTransform_float_3_3
Parameters: 0.999999 0.000483957 -0.000787081 -0.000485023 0.999998 -0.0020216 0.000785853 0.0020214 0.999997 0.0489357 -0.00506892 -0.33107
FixedParameters: 0 0 0

#Transform 158
Transform: AffineTransform_float_3_3
Parameters: 1 0.000833031 -0.000683915 -0.000833895 0.999998 -0.00145341 0.000682353 0.00145359 0.999999 0.06833 0.0857778 -0.298478
FixedParameters: 0 0 0

#Transform 159
Transform: AffineTransform_float_3_3
Parameters: 0.999994 0.000452614 -0.00349884 -0.000464001 0.999995 -0.00309957 0.00349766 0.00310143 0.999989 0.244271 -0.0307567 -0.386178
FixedParameters: 0 0 0

#Transform 160
Transform: AffineTransform_float_3_3
Parameters: 0.999995 -0.0013141 0.00312515 0.00131776 0.999998 -0.00110241 -0.00312384 0.00110658 0.999995 -0.23969 0.0723056 -0.127284
FixedParameters: 0 0 0

#Transform 161
Transform: AffineTransform_float_3_3
Parameters: 0.999999 0.00045141 -0.00172959 -0.000450772 1 0.000184926 0.00172976 -0.000184073 0.999998 0.0589219 0.0388044 -0.241073
FixedParameters: 0 0 0

#Transform 162
Transform: AffineTransform_float_3_3
Parameters: 0.999998 0.000487216 -0.00184063 -0.000487691 1 -0.000397827 0.00184011 0.000399173 0.999999 0.0380748 0.0255712 -0.175949
FixedParameters: 0 0 0

#Transform 163
Transform: AffineTransform_float_3_3
Parameters: 0.999997 -4.24313e-05 -0.00265799 4.42097e-05 0.999999 0.00070742 0.00265819 -0.000707581 0.999996 0.127412 0.0118532 -0.200311
FixedParameters: 0 0 0

#Transform 164
Transform: AffineTransform_float_3_3
Parameters: 0.999999 0.000528111 -0.000635015 -0.000529443 0.999996 -0.00271765 0.000632872 0.00271735 0.999996 0.0411885 -0.028814 -0.13602
FixedParameters: 0 0 0

#Transform 165
Transform: AffineTransform_float_3_3
Parameters: 1 -2.28553e-06 -0.000108641 2.11345e-06 0.999999 -0.000792 0.000108644 0.000791999 0.999999 -0.0442301 0.119842 -0.138889
FixedParameters: 0 0 0

#Transform 166
Transform: AffineTransform_float_3_3
Parameters: 1 0.000136834 6.55323e-05 -0.00013666 0.999999 -0.00132201 -6.58938e-05 0.00132199 0.999999 0.0365186 0.0472987 -0.11219
FixedParameters: 0 0 0

#Transform 167
Transform: AffineTransform_float_3_3
Parameters: 1 -0.000133986 0.000251849 0.000134609 0.999999 -0.00123797 -0.000251516 0.00123803 0.999999 -0.0205633 0.0615717 -0.139556
FixedParameters: 0 0 0

#Transform 168
Transform: AffineTransform_float_3_3
Parameters: 1 -0.000438199 -0.000139478 0.00043772 0.999999 -0.00124708 0.000139579 0.00124792 0.999999 -0.0127375 0.0550857 -0.137489
FixedParameters: 0 0 0

#Transform 169
Transform: AffineTransform_float_3_3
Parameters: 1 -0.000679314 0.000103299 0.000679407 0.999999 -0.00108793 -0.000102813 0.00108807 1 0.00195993 0.0514733 -0.167827
FixedParameters: 0 0 0

#Transform 170
Transform: AffineTransform_float_3_3
Parameters: 0.999999 -0.000850268 0.00028166 0.000849955 0.999998 -0.00144076 -0.000280071 0.00144124 0.999999 -0.0410908 0.0533151 -0.156596
FixedParameters: 0 0 0

#Transform 171
Transform: AffineTransform_float_3_3
Parameters: 1 -0.000661862 0.000241632 0.000662555 0.999999 -0.00170797 -0.000240362 0.00170803 0.999998 -0.0368234 0.0738801 -0.130096
FixedParameters: 0 0 0

#Transform 172
Transform: AffineTransform_float_3_3
Parameters: 0.999999 -0.000654014 0.000398933 0.000654204 0.999999 -0.00164785 -0.000397639 0.00164715 0.999998 -0.0136127 0.0369409 -0.162134
FixedParameters: 0 0 0

#Transform 173
Transform: AffineTransform_float_3_3
Parameters: 0.999999 -0.000677211 0.000224666 0.000676951 0.999998 -0.00192585 -0.000222918 0.00192615 0.999998 -0.0446548 0.0868797 -0.1281
FixedParameters: 0 0 0

#Transform 174
Transform: AffineTransform_float_3_3
Parameters: 0.999999 -0.000709661 -1.80555e-05 0.000709322 0.999997 -0.00209601 1.90468e-05 0.00209599 0.999998 -0.0280395 0.0537987 -0.142089
FixedParameters: 0 0 0

#Transform 175
Transform: AffineTransform_float_3_3
Parameters: 0.999999 -0.000992714 0.000166673 0.000992936 1 -0.000667964 -0.000165347 0.000668035 1 -0.0294583 0.0186968 -0.177484
FixedParameters: 0 0 0

#Transform 176
Transform: AffineTransform_float_3_3
Parameters: 0.999999 -0.000620758 0.000661691 0.000619011 0.999999 0.00141841 -0.000662458 -0.00141759 0.999999 -0.0480223 -0.0342744 -0.0283654
FixedParameters: 0 0 0

#Transform 177
Transform: AffineTransform_float_3_3
Parameters: 1 -0.000101269 -0.000461635 0.000100011 0.999997 -0.00243505 0.000461994 0.00243495 0.999997 0.00875418 0.156402 -0.28118
FixedParameters: 0 0 0

#Transform 178
Transform: AffineTransform_float_3_3
Parameters: 0.999999 4.9729e-05 -0.000934988 -5.20217e-05 0.999996 -0.00288582 0.000935294 0.00288618 0.999996 0.0333409 -0.0182982 -0.300816
FixedParameters: 0 0 0

#Transform 179
Transform: AffineTransform_float_3_3
Parameters: 1 -0.000222424 -0.00117581 0.000218294 0.999994 -0.00338726 0.00117579 0.00338674 0.999993 0.0143176 0.133164 -0.305923
FixedParameters: 0 0 0

#Transform 180
Transform: AffineTransform_float_3_3
Parameters: 1 -0.000517637 -0.000323167 0.000517592 1 -6.91673e-05 0.000323238 6.88327e-05 1 -0.000249372 -0.0217213 -0.236542
FixedParameters: 0 0 0

#Transform 181
Transform: AffineTransform_float_3_3
Parameters: 1 -0.00024569 5.6687e-05 0.00024575 1 -0.000529986 -5.64265e-05 0.000530014 1 0.0122093 0.013501 -0.281301
FixedParameters: 0 0 0

#Transform 182
Transform: AffineTransform_float_3_3
Parameters: 1 -0.000342268 5.85747e-05 0.000342401 1 -0.00114898 -5.7788e-05 0.00114902 1 -0.00751336 0.0593847 -0.249597
FixedParameters: 0 0 0

#Transform 183
Transform: AffineTransform_float_3_3
Parameters: 1 -0.000180346 0.000329497 0.000180756 1 -0.00062294 -0.000329272 0.000623059 1 0.00443415 -0.0327421 -0.283498
FixedParameters: 0 0 0

#Transform 184
Transform: AffineTransform_float_3_3
Parameters: 1 -7.50523e-05 0.000315646 7.48723e-05 0.999999 -0.00128598 -0.000315322 0.00128602 0.999999 -0.0115754 0.0851754 -0.25542
FixedParameters: 0 0 0

#Transform 185
Transform: AffineTransform_float_3_3
Parameters: 1 3.5519e-05 -0.000186382 -3.64647e-05 0.999997 -0.00253799 0.0001862 0.00253801 0.999997 0.0358342 0.0484109 -0.233575
FixedParameters: 0 0 0

#Transform 186
Transform: AffineTransform_float_3_3
Parameters: 1 0.000459892 -0.000169895 -0.000459606 0.999999 0.00122608 0.000170031 -0.00122592 0.999999 0.0345346 -0.0672554 -0.194555
FixedParameters: 0 0 0

#Transform 187
Transform: AffineTransform_float_3_3
Parameters: 0.999994 0.000351445 -0.00348169 -0.000351671 1 -3.19482e-05 0.00348166 3.30514e-05 0.999994 0.253662 0.0367279 -0.231952
FixedParameters: 0 0 0

#Transform 188
Transform: AffineTransform_float_3_3
Parameters: 0.999999 -0.00130281 0.000707927 0.00130263 0.999999 0.00013081 -0.000708267 -0.00013019 1 -0.162473 0.0150967 -0.166189
FixedParameters: 0 0 0

#Transform 189
Transform: AffineTransform_float_3_3
Parameters: 0.999997 -0.00216749 0.00154176 0.00216703 0.999998 0.000150134 -0.0015424 -0.000146865 0.999999 -0.129887 0.00692117 -0.0792202
FixedParameters: 0 0 0

#Transform 190
Transform: AffineTransform_float_3_3
