#Insight Transform File V1.0
#Transform 0
Transform: AffineTransform_float_3_3
Parameters: 1 1.39063e-05 0.000208537 -1.37962e-05 1 -0.000264003 -0.000208544 0.000263997 1 -0.00586224 -0.00936297 0.0337546
FixedParameters: 0 0 0

#Transform 1
Transform: AffineTransform_float_3_3
Parameters: 1 -1.807e-24 -8.01755e-21 -6.39983e-25 1 -8e-05 8e-21 8e-05 1 0 -0.0174922 0.00793876
FixedParameters: 0 0 0

#Transform 2
Transform: AffineTransform_float_3_3
Parameters: 1 -1.39309e-33 1.33429e-33 -4.92681e-33 1 2.03403e-18 9.78922e-34 1.46859e-17 1 0 1.42109e-14 0
FixedParameters: 0 0 0

#Transform 3
Transform: AffineTransform_float_3_3
Parameters: 1 -1.39309e-33 1.33429e-33 -4.92681e-33 1 2.03403e-18 9.78922e-34 1.46859e-17 1 0 -0.0162302 0.00107801
FixedParameters: 0 0 0

#Transform 4
Transform: AffineTransform_float_3_3
Parameters: 1 -6.57662e-06 -9.87813e-05 6.54561e-06 1 -0.000157001 9.87834e-05 0.000156999 1 0.00273638 -0.0162374 0.0059355
FixedParameters: 0 0 0

#Transform 5
Transform: AffineTransform_float_3_3
Parameters: 1 6.90815e-06 0.00010377 -6.87682e-06 1 -0.000151001 -0.000103772 0.000150999 1 0.00549948 -0.0128204 0.00514609
FixedParameters: 0 0 0

#Transform 6
Transform: AffineTransform_float_3_3
Parameters: 1 -0.000209535 1.39718e-05 0.000209542 1 -0.000258997 -1.38632e-05 0.000259003 1 0.0162019 -0.0103662 0.00831897
FixedParameters: 0 0 0

#Transform 7
Transform: AffineTransform_float_3_3
Parameters: 1 -0.000212657 0.000524277 0.000211792 1 -0.000126889 -0.000524157 0.000127111 1 0.000941148 -0.0125787 0.0174367
FixedParameters: 0 0 0

#Transform 8
Transform: AffineTransform_float_3_3
Parameters: 1 2.00292e-05 0.000300333 -1.98677e-05 1 -0.000269006 -0.000300344 0.000268994 1 0.0139938 -0.00448203 0.00777729
FixedParameters: 0 0 0

#Transform 9
Transform: AffineTransform_float_3_3
Parameters: 1 1.83579e-05 0.000276391 -1.83579e-05 1 -5.07395e-09 -0.000276391 -5.07395e-09 1 -0.00635429 -0.017306 0.000709831
FixedParameters: 0 0 0

#Transform 10
Transform: AffineTransform_float_3_3
Parameters: 1 -5.40655e-05 0.000212049 5.40655e-05 1 1.14646e-08 -0.000212049 1.14646e-08 1 0.00143569 -0.0137841 0.00529418
FixedParameters: 0 0 0

#Transform 11
Transform: AffineTransform_float_3_3
Parameters: 1 -0.000119593 0.000236446 0.000119593 1 2.82772e-08 -0.000236446 2.82772e-08 1 0.00438278 -0.00556723 0.00712675
FixedParameters: 0 0 0

#Transform 12
Transform: AffineTransform_float_3_3
Parameters: 1 2.08824e-05 0.000313305 -2.07376e-05 1 -0.000231006 -0.000313314 0.000230993 1 -0.00896829 0.00254425 0.0223441
FixedParameters: 0 0 0

#Transform 13
Transform: AffineTransform_float_3_3
Parameters: 1 1.16642e-05 0.000175613 -1.16642e-05 1 -2.04839e-09 -0.000175613 -2.04839e-09 1 -0.00307047 -0.0150982 0.0203098
FixedParameters: 0 0 0

#Transform 14
Transform: AffineTransform_float_3_3
Parameters: 1 5.29015e-25 7.51645e-21 -5.62516e-25 1 7.5e-05 -7.5e-21 -7.5e-05 1 0.00323 0.000872547 0.00241431
FixedParameters: 0 0 0

#Transform 15
Transform: AffineTransform_float_3_3
Parameters: 1 1.70338e-05 0.000257437 -1.71635e-05 1 0.000251996 -0.000257428 -0.000252004 1 -0.00585062 -0.00328465 -0.00618898
FixedParameters: 0 0 0

#Transform 16
Transform: AffineTransform_float_3_3
Parameters: 1 -0.000217518 1.44921e-05 0.000217524 1 -0.000203997 -1.44033e-05 0.000204003 1 -0.0072746 -0.0127247 0.00831463
FixedParameters: 0 0 0

#Transform 17
Transform: AffineTransform_float_3_3
Parameters: 1 8.2244e-06 0.000123727 -8.21153e-06 1 -5.2001e-05 -0.000123728 5.1999e-05 1 0.00435495 0.0125211 0.00182921
FixedParameters: 0 0 0

#Transform 18
Transform: AffineTransform_float_3_3
Parameters: 1 4.08943e-25 3.80834e-21 -1.44408e-25 1 3.8e-05 -3.8e-21 -3.8e-05 1 0.004259 0.00990049 -0.000345475
FixedParameters: 0 0 0

#Transform 19
Transform: AffineTransform_float_3_3
Parameters: 1 -3.06021e-25 1.6436e-20 -2.68964e-24 1 0.000164 -1.64e-20 -0.000164 1 -1.9e-05 0.00613668 -0.00381814
FixedParameters: 0 0 0

#Transform 20
Transform: AffineTransform_float_3_3
Parameters: 1 5.70427e-06 8.58106e-05 -5.69484e-06 1 -5.50005e-05 -8.58112e-05 5.49995e-05 1 0.0025496 0.00452112 0.00658504
FixedParameters: 0 0 0

#Transform 21
Transform: AffineTransform_float_3_3
Parameters: 1 3.71671e-25 3.30724e-21 -1.08907e-25 1 3.3e-05 -3.3e-21 -3.3e-05 1 0.022442 -0.00598962 0.00394899
FixedParameters: 0 0 0

#Transform 22
Transform: AffineTransform_float_3_3
Parameters: 1 -0.000161644 1.0727e-05 0.000161643 1 5.80017e-05 -1.07457e-05 -5.79983e-05 1 0.017651 0.00885714 -0.0106124
FixedParameters: 0 0 0

#Transform 23
Transform: AffineTransform_float_3_3
Parameters: 1 6.02021e-06 9.08006e-05 -6.04164e-06 1 0.000117999 -9.07992e-05 -0.000118001 1 0.0198845 -0.0100302 -0.00417261
FixedParameters: 0 0 0

#Transform 24
Transform: AffineTransform_float_3_3
Parameters: 1 6.30076e-06 9.47908e-05 -6.29128e-06 1 -5.00006e-05 -9.47915e-05 4.99994e-05 1 0.0197863 -0.00053728 0.00282161
FixedParameters: 0 0 0

#Transform 25
Transform: AffineTransform_float_3_3
Parameters: 1 -4.96822e-06 -7.48353e-05 4.97286e-06 1 3.09996e-05 7.4835e-05 -3.10004e-05 1 0.0245275 -0.00792272 0.00123005
FixedParameters: 0 0 0

#Transform 26
Transform: AffineTransform_float_3_3
Parameters: 1 -0.000393136 2.60742e-05 0.000393131 1 9.60102e-05 -2.61497e-05 -9.59897e-05 1 0.0108309 -0.0574675 0.00249886
FixedParameters: 0 0 0

#Transform 27
Transform: AffineTransform_float_3_3
Parameters: 1 -0.000213409 -6.01137e-05 0.000213481 1 0.000597987 5.98584e-05 -0.000598013 1 0.0182616 -0.0303041 -0.0140601
FixedParameters: 0 0 0

#Transform 28
Transform: AffineTransform_float_3_3
Parameters: 1 -0.000174447 -0.000227969 0.000174532 1 0.00018596 0.000227905 -0.00018604 1 0.0193258 -0.0194412 -0.0145404
FixedParameters: 0 0 0

#Transform 29
Transform: AffineTransform_float_3_3
Parameters: 1 -0.000112352 -0.000321313 0.000112723 1 0.000576964 0.000321183 -0.000577036 1 0.0146339 -0.0207304 -0.0111412
FixedParameters: 0 0 0

#Transform 30
Transform: AffineTransform_float_3_3
Parameters: 1 -0.000371369 -2.34524e-05 0.000371371 1 3.49913e-05 2.34264e-05 -3.50087e-05 1 0.0127591 -0.0203071 0.00197319
FixedParameters: 0 0 0

#Transform 31
Transform: AffineTransform_float_3_3
Parameters: 1 -0.00055078 6.42682e-06 0.000550778 1 0.000163004 -6.60638e-06 -0.000162996 1 0.00479488 -0.0124076 -0.00251102
FixedParameters: 0 0 0

#Transform 32
Transform: AffineTransform_float_3_3
Parameters: 1 -0.000554954 -5.63443e-05 0.000554954 1 -1.03127e-06 5.63454e-05 9.68731e-07 1 0.008683 -0.00746623 0.00217545
FixedParameters: 0 0 0

#Transform 33
Transform: AffineTransform_float_3_3
Parameters: 1 -0.000200377 -0.000271346 0.000200466 1 0.000162946 0.000271281 -0.000163054 1 0.0248936 -0.0272037 -0.00105202
FixedParameters: 0 0 0

#Transform 34
Transform: AffineTransform_float_3_3
Parameters: 1 -0.000345699 -0.000255657 0.000345708 1 1.79072e-05 0.000255645 -1.70928e-05 1 0.0204478 -0.00835515 0.00195518
FixedParameters: 0 0 0

#Transform 35
Transform: AffineTransform_float_3_3
Parameters: 1 -0.000547069 6.23803e-05 0.000547066 1 2.40341e-05 -6.24066e-05 -2.39659e-05 1 0.00539328 -0.00823496 0.00127422
FixedParameters: 0 0 0

#Transform 36
Transform: AffineTransform_float_3_3
Parameters: 1 -0.000394477 0.000186611 0.00039453 1 -0.000141926 -0.000186499 0.000142074 1 0.0115391 -0.0205192 0.00678849
FixedParameters: 0 0 0

#Transform 37
Transform: AffineTransform_float_3_3
Parameters: 1 -0.00021263 -0.000108154 0.000212639 1 4.0977e-05 0.000108137 -4.1023e-05 1 0.0196439 -0.0171834 -0.00250047
FixedParameters: 0 0 0

#Transform 38
Transform: AffineTransform_float_3_3
Parameters: 1 -0.000122561 -0.000203422 0.000121929 0.999999 0.000898974 0.000203269 -0.000899024 0.999999 0.0250941 -0.0404538 -0.0135381
FixedParameters: 0 0 0

#Transform 39
Transform: AffineTransform_float_3_3
Parameters: 1 -0.000554557 -5.03503e-05 0.000554556 1 -1.40279e-05 5.03658e-05 1.39721e-05 1 0.00856612 -0.022805 0.00346118
FixedParameters: 0 0 0

#Transform 40
Transform: AffineTransform_float_3_3
Parameters: 1 -0.000547993 4.84456e-05 0.000547997 1 -3.89735e-05 -4.84029e-05 3.90265e-05 1 0.00575763 -0.0252296 0.000302619
FixedParameters: 0 0 0

#Transform 41
Transform: AffineTransform_float_3_3
Parameters: 1 -0.000553028 -2.74899e-05 0.000553036 1 0.000146985 2.73273e-05 -0.000147015 1 0.00786155 -0.0161472 -0.00167769
FixedParameters: 0 0 0

#Transform 42
Transform: AffineTransform_float_3_3
Parameters: 1 -0.000553231 -3.04059e-05 0.000553231 1 6.98318e-06 3.03982e-05 -7.01682e-06 1 0.00796007 -0.0124727 0.00218598
FixedParameters: 0 0 0

#Transform 43
Transform: AffineTransform_float_3_3
Parameters: 1 -0.000500391 -0.000125116 0.000500393 1 6.93739e-06 0.000125109 -7.0626e-06 1 0.0243218 -0.0241008 0.00318307
FixedParameters: 0 0 0

#Transform 44
Transform: AffineTransform_float_3_3
Parameters: 1 -0.000557273 -9.12718e-05 0.000557274 1 6.94914e-06 9.1264e-05 -7.05086e-06 1 0.0268102 -0.0195997 -0.00606181
FixedParameters: 0 0 0

#Transform 45
Transform: AffineTransform_float_3_3
Parameters: 1 -0.000549652 2.34754e-05 0.000549652 1 7.0129e-06 -2.34831e-05 -6.98709e-06 1 0.0223744 -0.0187199 -0.00801947
FixedParameters: 0 0 0

#Transform 46
Transform: AffineTransform_float_3_3
Parameters: 1 -0.000548006 4.83081e-05 0.000547985 1 0.000212026 -4.85404e-05 -0.000211973 1 0.0282216 -0.0400303 -0.00221821
FixedParameters: 0 0 0

#Transform 47
Transform: AffineTransform_float_3_3
Parameters: 1 -0.000550312 1.36399e-05 0.000550318 1 -0.000251992 -1.33625e-05 0.000252007 1 0.0291257 -0.00359585 0.0143636
FixedParameters: 0 0 0

#Transform 48
Transform: AffineTransform_float_3_3
Parameters: 1 -0.000351709 9.15078e-05 0.000351708 1 7.03218e-06 -9.15127e-05 -6.96781e-06 1 0.0102871 -0.0273758 0.00289701
FixedParameters: 0 0 0

#Transform 49
Transform: AffineTransform_float_3_3
Parameters: 1 -0.000308207 0.000158671 0.000308103 1 0.000327049 -0.000158872 -0.000326951 1 0.026589 -0.0264736 0.00401819
FixedParameters: 0 0 0

#Transform 50
Transform: AffineTransform_float_3_3
Parameters: 1 -0.000241276 0.00029251 0.000240998 1 0.00047507 -0.000292739 -0.000474929 1 0.0293749 -0.0284829 0.00258141
FixedParameters: 0 0 0

#Transform 51
Transform: AffineTransform_float_3_3
Parameters: 1 -0.000246921 0.000160671 0.000246862 1 0.00018104 -0.00016076 -0.00018096 1 0.0271296 -0.0159844 0.0275785
FixedParameters: 0 0 0

#Transform 52
Transform: AffineTransform_float_3_3
Parameters: 1 -0.00019428 -4.3271e-05 0.000194303 1 0.000269992 4.31661e-05 -0.000270008 1 0.0314894 -0.0181503 0.00602121
FixedParameters: 0 0 0

#Transform 53
Transform: AffineTransform_float_3_3
Parameters: 1 -5.06779e-05 0.000232871 5.06784e-05 1 -9.88198e-07 -0.000232871 1.0118e-06 1 0.0248646 0.00627259 0.0266862
FixedParameters: 0 0 0

#Transform 54
Transform: AffineTransform_float_3_3
Parameters: 1 -0.000181598 0.000179333 0.000181418 1 0.000501032 -0.000179515 -0.000500967 1 0.0145945 -0.0160389 0.0291724
FixedParameters: 0 0 0

#Transform 55
Transform: AffineTransform_float_3_3
Parameters: 1 -9.67289e-05 0.000113616 9.66312e-05 1 0.000430011 -0.000113699 -0.000429989 1 0.0194038 -0.00377522 0.0173648
FixedParameters: 0 0 0

#Transform 56
Transform: AffineTransform_float_3_3
Parameters: 1 1.57589e-05 1.09844e-05 -1.57657e-05 1 0.000312 -1.09746e-05 -0.000312 1 0.0225145 0.00723064 0.00396084
FixedParameters: 0 0 0

#Transform 57
Transform: AffineTransform_float_3_3
Parameters: 1 -9.79701e-05 0.000277052 9.77318e-05 1 0.000430027 -0.000277136 -0.000429973 1 0.028264 -0.0226243 -0.0053009
FixedParameters: 0 0 0

#Transform 58
Transform: AffineTransform_float_3_3
Parameters: 1 -0.000253111 9.786e-05 0.00025308 1 0.000501025 -9.71158e-05 -0.000500975 1 0.034907 -0.0254675 -0.0110712
FixedParameters: 0 0 0

#Transform 59
Transform: AffineTransform_float_3_3
Parameters: 1 -0.000188363 0.00018281 0.000188224 1 0.000379034 -0.000182952 -0.000378965 1 0.0165041 -0.00207434 0.0161535
FixedParameters: 0 0 0

#Transform 60
Transform: AffineTransform_float_3_3
Parameters: 1 0.000116087 0.000179746 -0.000116242 1 0.000429979 -0.000179646 -0.000430021 1 0.0142858 -0.00346453 0.00865731
FixedParameters: 0 0 0

#Transform 61
Transform: AffineTransform_float_3_3
Parameters: 1 -9.35683e-05 0.000161511 9.34294e-05 1 0.000430015 -0.000161592 -0.000429985 1 0.023223 -0.00431417 0.0106763
FixedParameters: 0 0 0

#Transform 62
Transform: AffineTransform_float_3_3
Parameters: 1 -0.000107727 0.000251608 0.000107386 1 0.000679027 -0.000251754 -0.000678973 0.999999 0.02043 -0.020093 -0.0158257
FixedParameters: 0 0 0

#Transform 63
Transform: AffineTransform_float_3_3
Parameters: 1 -0.000106728 0.000144341 0.000106603 1 0.000430015 -0.000144432 -0.000429985 1 0.0167061 -0.00549103 -0.00787294
FixedParameters: 0 0 0

#Transform 64
Transform: AffineTransform_float_3_3
Parameters: 1 9.22447e-05 7.71291e-05 -9.2374e-05 0.999999 0.000838992 -7.69742e-05 -0.000839007 0.999999 0.018089 -0.0170326 -0.0183621
FixedParameters: 0 0 0

#Transform 65
Transform: AffineTransform_float_3_3
Parameters: 1 -0.000225899 5.48669e-05 0.000225791 0.999999 0.000982011 -5.53105e-05 -0.000981987 0.999999 0.0220064 -0.0310087 -0.00569519
FixedParameters: 0 0 0

#Transform 66
Transform: AffineTransform_float_3_3
Parameters: 1 -0.000444453 0.000175506 0.000444261 0.999999 0.000738078 -0.000175164 -0.000737922 0.999999 0.017214 -0.0311461 -0.0143002
FixedParameters: 0 0 0

#Transform 67
Transform: AffineTransform_float_3_3
Parameters: 1 -0.000306088 0.000268594 0.000306617 0.999999 0.000872082 -0.000269195 -0.000871917 0.999999 0.023794 -0.0333387 -0.00269052
FixedParameters: 0 0 0

#Transform 68
Transform: AffineTransform_float_3_3
Parameters: 1 -0.000290519 0.000246503 0.000290047 1 0.000957005 -0.000247058 -0.000956994 0.999999 0.0192569 -0.0260453 -0.00562228
FixedParameters: 0 0 0

#Transform 69
Transform: AffineTransform_float_3_3
Parameters: 1 -0.000356577 0.000171599 0.00035719 1 0.00111806 -0.000172463 -0.00111794 1 0.0196111 -0.0306149 -0.00994465
FixedParameters: 0 0 0

#Transform 70
Transform: AffineTransform_float_3_3
Parameters: 1 -0.000140454 -0.000203337 0.000141088 0.999999 0.00156097 0.000202897 -0.00156103 0.999999 0.0367926 -0.0398911 -0.0555768
FixedParameters: 0 0 0

#Transform 71
Transform: AffineTransform_float_3_3
Parameters: 1 -7.53718e-05 0.000182256 7.57822e-05 0.999998 0.00161001 -0.000182565 -0.00160999 0.999998 0.0270633 -0.0265725 -0.0726402
FixedParameters: 0 0 0

#Transform 72
Transform: AffineTransform_float_3_3
Parameters: 1 4.36669e-05 0.000117427 -4.40804e-05 0.999999 0.001762 -0.000117273 -0.00176201 0.999999 0.0173994 -0.0471157 -0.0822667
FixedParameters: 0 0 0

#Transform 73
Transform: AffineTransform_float_3_3
Parameters: 1 0.000365522 -0.000498676 -0.000364968 0.999998 0.00162218 0.000498929 -0.00162182 0.999998 0.0189979 -0.0230856 -0.0824367
FixedParameters: 0 0 0

#Transform 74
Transform: AffineTransform_float_3_3
Parameters: 1 4.68175e-05 -0.000312695 -4.59305e-05 0.999999 0.00141801 0.000312826 -0.00141799 0.999999 0.0195361 -0.0313722 -0.0427881
FixedParameters: 0 0 0

#Transform 75
Transform: AffineTransform_float_3_3
Parameters: 1 -7.95229e-05 0.000179536 8.00112e-05 0.999999 0.00141801 -0.000179828 -0.00141799 0.999999 0.0195445 -0.0186705 -0.0175796
FixedParameters: 0 0 0

#Transform 76
Transform: AffineTransform_float_3_3
Parameters: 1 -0.000131149 7.8715e-05 0.000131973 1 0.00110101 -7.9071e-05 -0.00110099 1 0.00278791 0.00175493 0.0010301
FixedParameters: 0 0 0

#Transform 77
Transform: AffineTransform_float_3_3
Parameters: 1 -0.000104543 0.000333501 0.000103693 0.999999 0.00127404 -0.000333766 -0.00127397 0.999999 -0.00405104 -0.0127737 0.0282486
FixedParameters: 0 0 0

#Transform 78
Transform: AffineTransform_float_3_3
Parameters: 1 0.000185653 0.000189375 -0.000185231 0.999999 0.00152196 -0.000188877 -0.00152203 0.999999 -0.00182163 0.00588611 0.0171878
FixedParameters: 0 0 0

#Transform 79
Transform: AffineTransform_float_3_3
Parameters: 1 0.00033464 0.000199744 -0.000334242 0.999999 0.00150493 -0.000198804 -0.00150507 0.999999 -0.0047645 -0.00170275 -0.0213363
FixedParameters: 0 0 0

#Transform 80
Transform: AffineTransform_float_3_3
Parameters: 1 0.000334915 0.000204814 -0.000334698 0.999999 0.00174493 -0.00020471 -0.00174507 0.999999 -0.0259745 -0.016629 -0.0447377
FixedParameters: 0 0 0

#Transform 81
Transform: AffineTransform_float_3_3
Parameters: 1 0.000350614 0.000450438 -0.000351538 0.999997 0.00213684 -0.000449004 -0.00213616 0.999997 -0.0260174 -0.0312199 -0.0384398
FixedParameters: 0 0 0

#Transform 82
Transform: AffineTransform_float_3_3
Parameters: 1 0.000343151 0.000330442 -0.000343163 0.999999 0.00142789 -0.000330526 -0.00142811 0.999999 -0.0133269 -0.0331468 -0.0240442
FixedParameters: 0 0 0

#Transform 83
Transform: AffineTransform_float_3_3
Parameters: 1 0.000342373 0.000316332 -0.000342019 1 0.00101889 -0.000315701 -0.00101911 1 -0.0181783 -0.0169498 -0.0221466
FixedParameters: 0 0 0

#Transform 84
Transform: AffineTransform_float_3_3
Parameters: 1 0.00031961 -3.18052e-05 -0.00031952 0.999999 0.00139101 3.26942e-05 -0.00139099 0.999999 -0.0109085 -0.0220978 -0.0322061
FixedParameters: 0 0 0

#Transform 85
Transform: AffineTransform_float_3_3
Parameters: 1 0.000444623 -0.000143232 -0.000444341 0.999999 0.00121406 0.000143313 -0.00121394 1 0.00445245 -0.00955986 -0.0277075
FixedParameters: 0 0 0

#Transform 86
Transform: AffineTransform_float_3_3
Parameters: 1 0.00031127 -0.000160474 -0.000310761 0.999998 0.00158205 0.000161458 -0.00158195 0.999998 0.00134723 0.0198428 -0.0250071
FixedParameters: 0 0 0

#Transform 87
Transform: AffineTransform_float_3_3
Parameters: 1 0.000337125 0.000240897 -0.000337192 0.999998 0.00221492 -0.00023947 -0.00221508 0.999998 0.00213804 2.52819e-05 -0.0426168
FixedParameters: 0 0 0

#Transform 88
Transform: AffineTransform_float_3_3
Parameters: 1 0.000315594 -9.44319e-05 -0.000315184 0.999997 0.00215303 9.579e-05 -0.00215297 0.999997 0.0158036 -0.00179507 -0.0283274
FixedParameters: 0 0 0

#Transform 89
Transform: AffineTransform_float_3_3
Parameters: 1 0.00019329 0.000137822 -0.000193782 0.999999 0.00178897 -0.000137129 -0.00178903 0.999999 -0.0079266 0.00877519 -0.0257492
FixedParameters: 0 0 0

#Transform 90
Transform: AffineTransform_float_3_3
Parameters: 1 0.000332617 0.00016884 -0.000332157 0.999998 0.00159894 -0.000167844 -0.00159905 0.999998 -0.00513749 0.0143099 -0.0203287
FixedParameters: 0 0 0

#Transform 91
Transform: AffineTransform_float_3_3
Parameters: 1 0.000328137 0.000100041 -0.000327491 0.999999 0.00176997 -9.89469e-05 -0.00177003 0.999999 0.003147 -0.0178751 -0.0255013
FixedParameters: 0 0 0

#Transform 92
Transform: AffineTransform_float_3_3
Parameters: 1 0.000318284 -5.25391e-05 -0.000318062 0.999998 0.00208802 5.38678e-05 -0.00208798 0.999998 0.0116578 -0.000425008 -0.0332673
FixedParameters: 0 0 0

#Transform 93
Transform: AffineTransform_float_3_3
Parameters: 1 0.000320132 -2.37747e-05 -0.000320058 0.999999 0.00153901 2.47599e-05 -0.00153899 0.999999 0.0265924 0.0146659 -0.0367217
FixedParameters: 0 0 0

#Transform 94
Transform: AffineTransform_float_3_3
Parameters: 1 0.000328846 0.000111021 -0.000328241 0.999999 0.00177796 -0.000109919 -0.00177704 0.999999 0.0127441 -0.0173169 -0.0381256
FixedParameters: 0 0 0

#Transform 95
Transform: AffineTransform_float_3_3
Parameters: 1 0.000202443 -0.000344607 -0.000201695 0.999997 0.00252907 0.000345695 -0.00252893 0.999996 0.0228901 -0.032944 -0.0420455
FixedParameters: 0 0 0

#Transform 96
Transform: AffineTransform_float_3_3
Parameters: 1 0.000267784 -0.000434019 -0.000266843 0.999998 0.00230912 0.000434322 -0.00230889 0.999997 0.0272959 -0.0263111 -0.0412206
FixedParameters: 0 0 0

#Transform 97
Transform: AffineTransform_float_3_3
Parameters: 1 0.00040577 -0.000313599 -0.000405384 0.999998 0.00230913 0.000314541 -0.00230887 0.999998 0.0182578 -0.0265706 -0.0418828
FixedParameters: 0 0 0

#Transform 98
Transform: AffineTransform_float_3_3
Parameters: 1 0.000538424 -0.000230695 -0.000537304 0.999996 0.00270913 0.000231614 -0.00270987 0.999997 0.0146448 -0.0239587 -0.0400056
FixedParameters: 0 0 0

#Transform 99
Transform: AffineTransform_float_3_3
Parameters: 1 0.000399658 0.000106591 -0.000399115 0.999997 0.00215296 -0.000104938 -0.00215304 0.999997 0.0148609 -0.0137349 -0.02476
FixedParameters: 0 0 0

#Transform 100
Transform: AffineTransform_float_3_3
Parameters: 1 0.000382019 -8.97527e-05 -0.000381731 0.999998 0.00197003 9.02595e-05 -0.00196997 0.999998 0.0202103 -0.0191561 -0.0379265
FixedParameters: 0 0 0

#Transform 101
Transform: AffineTransform_float_3_3
Parameters: 1 0.000205491 0.000110029 -0.000205941 0.999998 0.00204998 -0.000109185 -0.00205002 0.999998 0.0162135 -0.0245785 -0.0307186
FixedParameters: 0 0 0

#Transform 102
Transform: AffineTransform_float_3_3
Parameters: 1 0.000129977 -5.14199e-05 -0.000130804 0.999998 0.00230901 5.10905e-05 -0.00230899 0.999998 0.0184125 -0.0319021 -0.0278639
FixedParameters: 0 0 0

#Transform 103
Transform: AffineTransform_float_3_3
Parameters: 1 0.000222608 -0.000121633 -0.000222265 0.999998 0.00168203 0.000121384 -0.00168197 0.999998 -0.00573217 -0.000677827 -0.0298683
FixedParameters: 0 0 0

#Transform 104
Transform: AffineTransform_float_3_3
Parameters: 1 0.000310615 -0.000171348 -0.000309957 0.999998 0.00191305 0.000172535 -0.00191295 0.999998 -0.00177821 -0.0211082 -0.0167212
FixedParameters: 0 0 0

#Transform 105
Transform: AffineTransform_float_3_3
Parameters: 1 0.000172637 -0.000120323 -0.000173189 0.999997 0.00212802 0.000120127 -0.00212798 0.999997 -0.000283076 0.00815278 -0.0178622
FixedParameters: 0 0 0

#Transform 106
Transform: AffineTransform_float_3_3
Parameters: 1 0.000273706 9.56183e-05 -0.000273099 0.999998 0.00205197 -9.45625e-05 -0.00205203 0.999998 0.012649 -0.0175402 -0.0620149
FixedParameters: 0 0 0

#Transform 107
Transform: AffineTransform_float_3_3
Parameters: 1 0.000445418 -0.000258002 -0.000444268 0.999997 0.00235212 0.000259097 -0.00235189 0.999997 0.0216978 -0.0081771 -0.0507163
FixedParameters: 0 0 0

#Transform 108
Transform: AffineTransform_float_3_3
Parameters: 1 0.000252742 -0.00015341 -0.000252943 0.999996 0.00258504 0.000154783 -0.00258496 0.999996 0.0266098 -0.0324404 -0.0610929
FixedParameters: 0 0 0

#Transform 109
Transform: AffineTransform_float_3_3
Parameters: 1 0.000234015 0.000164338 -0.0002338 0.999997 0.00217996 -0.000164382 -0.00218004 0.999997 0.0218585 -0.0123324 -0.0238659
FixedParameters: 0 0 0

#Transform 110
Transform: AffineTransform_float_3_3
Parameters: 1 -0.000118531 -0.000221827 0.000119364 0.999998 0.00187897 0.00022138 -0.00187903 0.999998 0.0120832 0.0160407 -0.0335045
FixedParameters: 0 0 0

#Transform 111
Transform: AffineTransform_float_3_3
Parameters: 1 5.53428e-05 -0.00010576 -5.58621e-05 0.999998 0.00225901 0.000106078 -0.002259 0.999998 0.0319398 0.0101559 -0.0293164
FixedParameters: 0 0 0

#Transform 112
Transform: AffineTransform_float_3_3
Parameters: 1 -0.000118416 -0.000221889 0.000119479 0.999997 0.00239897 0.000221318 -0.00239903 0.999997 0.0315917 0.00625614 -0.0349919
FixedParameters: 0 0 0

#Transform 113
Transform: AffineTransform_float_3_3
Parameters: 1 -0.000118352 -0.000221923 0.000119544 0.999997 0.00268998 0.000221283 -0.00269003 0.999997 0.0248197 -0.0187002 -0.0621129
FixedParameters: 0 0 0

#Transform 114
Transform: AffineTransform_float_3_3
Parameters: 0.999998 0.000666766 -0.00180887 -0.000661243 0.999996 0.00294127 0.00181111 -0.00293973 0.999994 0.0154262 -0.0128056 -0.0685734
FixedParameters: 0 0 0

#Transform 115
Transform: AffineTransform_float_3_3
Parameters: 0.99999 0.00189949 -0.00398999 -0.00188454 0.999992 0.00356593 0.00399635 -0.00355908 0.999986 0.0410484 0.0177464 -0.073598
FixedParameters: 0 0 0

#Transform 116
Transform: AffineTransform_float_3_3
Parameters: 0.999987 0.00212404 -0.00452724 -0.00210773 0.999991 0.0035221 0.00453414 -0.0035129 0.999984 -0.0351439 0.0167181 -0.102637
FixedParameters: 0 0 0

#Transform 117
Transform: AffineTransform_float_3_3
Parameters: 0.999981 0.00305346 -0.00531963 -0.00302886 0.999985 0.00456374 0.00533389 -0.00454825 0.999975 -0.0766616 -0.0054539 -0.124691
FixedParameters: 0 0 0

#Transform 118
Transform: AffineTransform_float_3_3
Parameters: 0.999981 0.00320332 -0.00513003 -0.00318283 0.999987 0.00413188 0.00514379 -0.00411513 0.999979 -0.0660596 -0.00873504 -0.0871314
FixedParameters: 0 0 0

#Transform 119
Transform: AffineTransform_float_3_3
Parameters: 0.999988 0.00266784 -0.00411993 -0.00265524 0.999992 0.00305722 0.00412798 -0.00304578 0.999986 -0.0414321 0.0404244 -0.0328547
FixedParameters: 0 0 0

#Transform 120
Transform: AffineTransform_float_3_3
Parameters: 0.999992 0.00257221 -0.00300556 -0.00256321 0.999992 0.00308977 0.00301302 -0.00308224 0.999991 -0.0640958 0.0571117 -0.00680182
FixedParameters: 0 0 0

#Transform 121
Transform: AffineTransform_float_3_3
Parameters: 0.999992 0.00265652 -0.00275683 -0.00264707 0.99999 0.00364129 0.0027668 -0.00363371 0.99999 -0.0656611 0.0544329 -0.0244256
FixedParameters: 0 0 0

#Transform 122
Transform: AffineTransform_float_3_3
Parameters: 0.999994 0.00261508 -0.00234743 -0.00260662 0.999991 0.00364004 0.00235697 -0.00363397 0.999991 -0.0523546 0.0409787 -0.0573825
FixedParameters: 0 0 0

#Transform 123
Transform: AffineTransform_float_3_3
Parameters: 0.999995 0.00263157 -0.00209597 -0.00262347 0.999989 0.00400142 0.00210654 -0.00399659 0.99999 -0.0425145 0.0132983 -0.0810134
FixedParameters: 0 0 0

#Transform 124
Transform: AffineTransform_float_3_3
Parameters: 0.999993 0.0024294 -0.0028101 -0.00241703 0.999986 0.00464385 0.00282148 -0.00463714 0.999985 -0.0334878 -0.00863101 -0.143475
FixedParameters: 0 0 0

#Transform 125
Transform: AffineTransform_float_3_3
Parameters: 0.999985 0.00299117 -0.00453522 -0.00296883 0.999983 0.00488886 0.00454974 -0.00487513 0.999977 -0.012526 -0.014137 -0.154633
FixedParameters: 0 0 0

#Transform 126
Transform: AffineTransform_float_3_3
Parameters: 0.999984 0.00301813 -0.00489593 -0.00299627 0.999986 0.00447515 0.00490923 -0.00446086 0.999978 -0.0157573 -0.00515356 -0.143051
FixedParameters: 0 0 0

#Transform 127
Transform: AffineTransform_float_3_3
Parameters: 0.999982 0.00334834 -0.00483495 -0.00332955 0.999987 0.00400251 0.00484891 -0.0039865 0.999981 -0.0478679 0.0345373 -0.100282
FixedParameters: 0 0 0

#Transform 128
Transform: AffineTransform_float_3_3
Parameters: 0.999982 0.00354979 -0.00479099 -0.00353185 0.999987 0.00385327 0.00480444 -0.00383674 0.999981 -0.0549378 0.0366194 -0.0740687
FixedParameters: 0 0 0

#Transform 129
Transform: AffineTransform_float_3_3
Parameters: 0.999981 0.00352276 -0.00509871 -0.00350296 0.999986 0.00390228 0.00511236 -0.00388472 0.999979 -0.0618172 0.0455755 -0.0975529
FixedParameters: 0 0 0

#Transform 130
Transform: AffineTransform_float_3_3
Parameters: 0.999983 0.00305483 -0.00494342 -0.00303761 0.999989 0.00354148 0.00495411 -0.00352652 0.999981 -0.0524894 0.0657382 -0.0695679
FixedParameters: 0 0 0

#Transform 131
Transform: AffineTransform_float_3_3
Parameters: 0.999986 0.00321575 -0.00421434 -0.00319995 0.999988 0.00375373 0.00422641 -0.00374027 0.999984 -0.0700021 0.0615793 -0.0409731
FixedParameters: 0 0 0

#Transform 132
Transform: AffineTransform_float_3_3
Parameters: 0.999986 0.00316213 -0.00418631 -0.00314607 0.999988 0.00393642 0.0041982 -0.00392359 0.999984 -0.0721891 0.0682937 -0.0563942
FixedParameters: 0 0 0

#Transform 133
Transform: AffineTransform_float_3_3
Parameters: 0.999988 0.00326962 -0.00346131 -0.00325187 0.999983 0.00488329 0.00347715 -0.0048717 0.999982 -0.052358 0.0263433 -0.0942357
FixedParameters: 0 0 0

#Transform 134
Transform: AffineTransform_float_3_3
Parameters: 0.999989 0.00339302 -0.00306881 -0.00337261 0.999972 0.00665533 0.00309112 -0.00664566 0.999973 -0.071161 -0.0689285 0.00615692
FixedParameters: 0 0 0

#Transform 135
Transform: AffineTransform_float_3_3
Parameters: 0.999992 0.0031477 -0.00229364 -0.00312511 0.99995 0.00944907 0.00232322 -0.00944193 0.999953 -0.108362 -0.144128 0.0863122
FixedParameters: 0 0 0

#Transform 136
Transform: AffineTransform_float_3_3
Parameters: 0.999993 0.00314024 -0.00230386 -0.00312586 0.999976 0.00620001 0.00232359 -0.00619199 0.999978 -0.0937543 -0.0342507 0.0574299
FixedParameters: 0 0 0

#Transform 137
Transform: AffineTransform_float_3_3
Parameters: 0.999993 0.00314083 -0.00230305 -0.00312533 0.999974 0.00645808 0.0023234 -0.00645092 0.999976 -0.0932881 -0.0262414 0.00699847
FixedParameters: 0 0 0

#Transform 138
Transform: AffineTransform_float_3_3
Parameters: 0.999993 0.00315629 -0.00204729 -0.00314288 0.999974 0.00652624 0.00206722 -0.00651976 0.999977 -0.0887437 -0.0208819 0.00406424
FixedParameters: 0 0 0

#Transform 139
Transform: AffineTransform_float_3_3
Parameters: 0.999994 0.00295562 -0.00189135 -0.00294335 0.999972 0.00674343 0.00191096 -0.00673856 0.999975 -0.0919604 -0.0490008 0.0100637
FixedParameters: 0 0 0

#Transform 140
Transform: AffineTransform_float_3_3
Parameters: 0.999993 0.00292717 -0.00205901 -0.00291242 0.999971 0.00705488 0.0020791 -0.00704914 0.999973 -0.0812145 -0.0520967 -0.0224504
FixedParameters: 0 0 0

#Transform 141
Transform: AffineTransform_float_3_3
Parameters: 0.999995 0.00271841 -0.00187483 -0.00270575 0.999973 0.00687294 0.00189394 -0.00686807 0.999975 -0.0928447 -0.0737421 -0.0158573
FixedParameters: 0 0 0

#Transform 142
Transform: AffineTransform_float_3_3
Parameters: 0.999994 0.00301814 -0.00174717 -0.00300622 0.999974 0.00663205 0.00176681 -0.00662695 0.999976 -0.0851309 -0.0565572 0.0060917
FixedParameters: 0 0 0

#Transform 143
Transform: AffineTransform_float_3_3
Parameters: 0.999993 0.00267182 -0.00266027 -0.00265308 0.999972 0.00693907 0.00267837 -0.00693193 0.999972 -0.0835031 -0.0840302 -0.00818734
FixedParameters: 0 0 0

#Transform 144
Transform: AffineTransform_float_3_3
Parameters: 0.999985 0.00314022 -0.00462773 -0.0031056 0.999968 0.00747282 0.00465061 -0.00745819 0.999962 -0.0636291 -0.0725933 -0.0229131
FixedParameters: 0 0 0

#Transform 145
Transform: AffineTransform_float_3_3
Parameters: 0.999981 0.00377873 -0.00472658 -0.00375082 0.999975 0.00596505 0.00474927 -0.00594695 0.999971 -0.0775658 0.015167 -0.0232599
FixedParameters: 0 0 0

#Transform 146
Transform: AffineTransform_float_3_3
Parameters: 0.999981 0.00373366 -0.00475229 -0.00370529 0.999976 0.00586992 0.00477466 -0.00585206 0.999971 -0.0776406 0.0172636 -0.0324511
FixedParameters: 0 0 0

#Transform 147
Transform: AffineTransform_float_3_3
Parameters: 0.999979 0.00388855 -0.00518453 -0.00385988 0.999977 0.00561042 0.00520584 -0.00559059 0.999971 -0.0801718 0.0255687 -0.0109728
FixedParameters: 0 0 0

#Transform 148
Transform: AffineTransform_float_3_3
Parameters: 0.999982 0.00378144 -0.00461052 -0.00375777 0.999981 0.00498156 0.00462945 -0.00496444 0.999977 -0.0876044 0.0164154 0.00999352
FixedParameters: 0 0 0

#Transform 149
Transform: AffineTransform_float_3_3
Parameters: 0.999985 0.00365736 -0.00390083 -0.0036363 0.999978 0.00542825 0.00392074 -0.00541374 0.999977 -0.0868748 0.0341236 0.0305756
FixedParameters: 0 0 0

#Transform 150
Transform: AffineTransform_float_3_3
Parameters: 0.999986 0.00352177 -0.00389145 -0.0034995 0.999977 0.00572376 0.00391203 -0.00571024 0.999976 -0.0909673 0.0189915 0.0539385
FixedParameters: 0 0 0

#Transform 151
Transform: AffineTransform_float_3_3
Parameters: 0.999987 0.00389796 -0.00333049 -0.00388142 0.999981 0.00492179 0.00334977 -0.00490922 0.999983 -0.0772956 0.0334954 0.024639
FixedParameters: 0 0 0

#Transform 152
Transform: AffineTransform_float_3_3
Parameters: 0.999992 0.00327607 -0.0025347 -0.00326214 0.999979 0.00553915 0.0025528 -0.00553085 0.999981 -0.0502929 0.00730803 -0.0459231
FixedParameters: 0 0 0

#Transform 153
Transform: AffineTransform_float_3_3
Parameters: 0.999991 0.00321897 -0.00253016 -0.00320348 0.999978 0.00585499 0.00254964 -0.00584601 0.99998 -0.0568261 0.0013221 -0.0339908
FixedParameters: 0 0 0

#Transform 154
Transform: AffineTransform_float_3_3
Parameters: 0.999989 0.00322373 -0.0033702 -0.00320021 0.999971 0.00696384 0.00339241 -0.00695316 0.99997 -0.046698 -0.045781 -0.0823075
FixedParameters: 0 0 0

#Transform 155
Transform: AffineTransform_float_3_3
Parameters: 0.999979 0.00351016 -0.00543146 -0.00346949 0.999965 0.00758549 0.00545805 -0.00756651 0.999956 0.0155127 -0.0524199 -0.0960076
FixedParameters: 0 0 0

#Transform 156
Transform: AffineTransform_float_3_3
Parameters: 0.999975 0.00368944 -0.00600021 -0.00364869 0.99997 0.00678476 0.00602556 -0.00676224 0.999959 0.000273416 -0.0117645 -0.0743172
FixedParameters: 0 0 0

#Transform 157
Transform: AffineTransform_float_3_3
Parameters: 0.999973 0.00370991 -0.00644626 -0.0036631 0.999967 0.00726466 0.00647279 -0.00724035 0.999953 0.00480175 -0.0253702 -0.0755928
FixedParameters: 0 0 0

#Transform 158
Transform: AffineTransform_float_3_3
Parameters: 0.999971 0.00372766 -0.00656653 -0.00368572 0.999973 0.00628929 0.0065897 -0.00626471 0.999959 0.00443647 -0.0113177 -0.0720984
FixedParameters: 0 0 0

#Transform 159
Transform: AffineTransform_float_3_3
Parameters: 0.999972 0.0042477 -0.00626475 -0.00421082 0.999973 0.0059542 0.00629045 -0.0059278 0.999963 -0.0341615 0.0131654 -0.035364
FixedParameters: 0 0 0

#Transform 160
Transform: AffineTransform_float_3_3
Parameters: 0.99997 0.00430028 -0.00642796 -0.00426182 0.999973 0.00600923 0.00645381 -0.00598177 0.999961 -0.024524 -0.00888085 -0.0571061
FixedParameters: 0 0 0

#Transform 161
Transform: AffineTransform_float_3_3
Parameters: 0.999968 0.00433591 -0.00662631 -0.00429812 0.999975 0.00562039 0.00665109 -0.00559161 0.999962 -0.0412327 0.00491447 -0.0770954
FixedParameters: 0 0 0

#Transform 162
Transform: AffineTransform_float_3_3
Parameters: 0.999972 0.00393164 -0.00646819 -0.00389372 0.999975 0.00592114 0.00649093 -0.00589587 0.999962 -0.0459846 -0.0118439 -0.0826492
FixedParameters: 0 0 0

#Transform 163
Transform: AffineTransform_float_3_3
Parameters: 0.999972 0.00370685 -0.00641714 -0.00367147 0.999978 0.00552248 0.0064371 -0.00549852 0.999964 -0.0340541 0.0149525 -0.0839601
FixedParameters: 0 0 0

#Transform 164
Transform: AffineTransform_float_3_3
Parameters: 0.999968 0.00350446 -0.00716872 -0.00346234 0.999976 0.00590618 0.00718855 -0.00588082 0.999956 -0.0146416 -0.0103362 -0.040316
FixedParameters: 0 0 0

#Transform 165
Transform: AffineTransform_float_3_3
Parameters: 0.999962 0.00366865 -0.00791966 -0.00361502 0.999971 0.00671941 0.00794394 -0.00669058 0.999946 0.00928024 -0.00883664 -0.0576208
FixedParameters: 0 0 0

#Transform 166
Transform: AffineTransform_float_3_3
Parameters: 0.999963 0.00406082 -0.0076534 -0.00401078 0.999971 0.00653215 0.00767925 -0.00650185 0.999949 -0.00325465 -0.00268251 -0.03347
FixedParameters: 0 0 0

#Transform 167
Transform: AffineTransform_float_3_3
Parameters: 0.99996 0.00449818 -0.00774467 -0.00445111 0.999971 0.00613687 0.00777255 -0.00610212 0.999951 -0.0144971 0.0273415 0.00226591
FixedParameters: 0 0 0

#Transform 168
Transform: AffineTransform_float_3_3
Parameters: 0.999951 0.00448537 -0.00881707 -0.0044266 0.999968 0.00669414 0.00884641 -0.00665487 0.999939 0.0355534 0.0114233 -0.00359118
FixedParameters: 0 0 0

#Transform 169
Transform: AffineTransform_float_3_3
Parameters: 0.999959 0.00450554 -0.00786462 -0.00445798 0.999972 0.00607954 0.00789107 -0.00604447 0.999951 0.0270494 0.0171276 -0.0102305
FixedParameters: 0 0 0

#Transform 170
Transform: AffineTransform_float_3_3
Parameters: 0.999959 0.0044419 -0.00782466 -0.00439461 0.999972 0.00608886 0.00785143 -0.00605415 0.999951 -0.00384783 0.004867 -0.00673401
FixedParameters: 0 0 0

#Transform 171
Transform: AffineTransform_float_3_3
Parameters: 0.999951 0.00451779 -0.00880245 -0.00446128 0.999969 0.00640029 0.00883139 -0.0063607 0.99994 -0.0056262 0.026491 0.00131384
FixedParameters: 0 0 0

#Transform 172
Transform: AffineTransform_float_3_3
Parameters: 0.999957 0.00466631 -0.0079481 -0.00461773 0.99997 0.00614719 0.00797619 -0.00610981 0.99995 -0.0350637 0.0298044 -0.0485042
FixedParameters: 0 0 0

#Transform 173
Transform: AffineTransform_float_3_3
Parameters: 0.999955 0.00461939 -0.00831296 -0.00456492 0.999969 0.00653562 0.00834333 -0.00649738 0.999944 -0.0203503 0.0189463 -0.0494459
FixedParameters: 0 0 0

#Transform 174
Transform: AffineTransform_float_3_3
Parameters: 0.999953 0.00484649 -0.00832334 -0.0047976 0.999971 0.00582758 0.00835147 -0.00578741 0.999949 -0.0103797 0.0541129 -0.0454002
FixedParameters: 0 0 0

#Transform 175
Transform: AffineTransform_float_3_3
Parameters: 0.999952 0.00465877 -0.00854247 -0.00460953 0.999972 0.00581223 0.0085694 -0.00577277 0.999947 -0.00845206 0.0460658 -0.0572283
FixedParameters: 0 0 0

#Transform 176
Transform: AffineTransform_float_3_3
Parameters: 0.999951 0.00493745 -0.00849536 -0.00488713 0.999971 0.0059742 0.00852517 -0.00593281 0.999946 -0.00466811 0.0594375 -0.0417613
FixedParameters: 0 0 0

#Transform 177
Transform: AffineTransform_float_3_3
Parameters: 0.999949 0.00477459 -0.00895839 -0.00472309 0.999972 0.00578633 0.00898552 -0.00574367 0.999943 -0.0166189 0.0627569 -0.0727549
FixedParameters: 0 0 0

#Transform 178
Transform: AffineTransform_float_3_3
Parameters: 0.999943 0.00511555 -0.00938217 -0.00506029 0.999969 0.00589769 0.00941154 -0.0058503 0.999939 -0.0226594 0.0612243 -0.0426064
FixedParameters: 0 0 0

#Transform 179
Transform: AffineTransform_float_3_3
Parameters: 0.999942 0.00504828 -0.00953322 -0.00499538 0.999972 0.00557096 0.00956038 -0.00552205 0.999939 -0.0142469 0.0543376 -0.0475819
FixedParameters: 0 0 0

#Transform 180
Transform: AffineTransform_float_3_3
Parameters: 0.999944 0.00515069 -0.00924912 -0.00509381 0.999968 0.00623721 0.00928057 -0.0061898 0.999938 0.000827223 0.0750369 -0.0434602
FixedParameters: 0 0 0

#Transform 181
Transform: AffineTransform_float_3_3
Parameters: 0.999951 0.004811 -0.00864705 -0.00475902 0.999971 0.00596596 0.00867526 -0.00592404 0.999944 -0.00268025 0.0893533 -0.0199135
FixedParameters: 0 0 0

#Transform 182
Transform: AffineTransform_float_3_3
Parameters: 0.999961 0.00455258 -0.00757104 -0.00450498 0.99997 0.00625444 0.00759859 -0.00621957 0.999952 -0.015326 0.0857062 -0.0348458
FixedParameters: 0 0 0

#Transform 183
Transform: AffineTransform_float_3_3
Parameters: 0.999962 0.00499531 -0.00717138 -0.00494881 0.999966 0.0065375 0.00720427 -0.00650151 0.999953 -0.00584055 0.0798183 -0.0794783
FixedParameters: 0 0 0

#Transform 184
Transform: AffineTransform_float_3_3
Parameters: 0.999965 0.0042067 -0.00730823 -0.00415402 0.999965 0.00723969 0.00733808 -0.00720932 0.999947 -0.00907876 0.0430503 -0.124081
FixedParameters: 0 0 0

#Transform 185
Transform: AffineTransform_float_3_3
Parameters: 0.999964 0.00434439 -0.00731641 -0.00429172 0.999965 0.00723068 0.00734818 -0.00719933 0.999947 -0.00533922 0.0248856 -0.114863
FixedParameters: 0 0 0

#Transform 186
Transform: AffineTransform_float_3_3
Parameters: 0.999964 0.00454399 -0.00707663 -0.0044969 0.999967 0.00665593 0.00710672 -0.00662406 0.999953 -0.0069786 0.0616415 -0.0845799
FixedParameters: 0 0 0

#Transform 187
Transform: AffineTransform_float_3_3
Parameters: 0.999969 0.00422575 -0.00663942 -0.00418194 0.99997 0.00653569 0.00666604 -0.0065083 0.999956 -0.010287 0.0651203 -0.0898062
FixedParameters: 0 0 0

#Transform 188
Transform: AffineTransform_float_3_3
Parameters: 0.99997 0.00412836 -0.00663193 -0.00408183 0.999968 0.00690207 0.00665941 -0.00687493 0.999954 -0.00467005 0.0534128 -0.11331
FixedParameters: 0 0 0

#Transform 189
Transform: AffineTransform_float_3_3
Parameters: 0.999968 0.004749 -0.00641088 -0.00469959 0.999958 0.00778791 0.0064476 -0.00775809 0.999949 -0.00838967 0.0258359 -0.13788
FixedParameters: 0 0 0

#Transform 190
Transform: AffineTransform_float_3_3
Parameters: 0.999964 0.00509131 -0.00688516 -0.00503774 0.999958 0.00771052 0.00692449 -0.00767547 0.999946 -0.00271993 0.0270396 -0.106893
FixedParameters: 0 0 0

#Transform 191
Transform: AffineTransform_float_3_3
