# transform file /out/sourcedata/freesurfer/sub-v1s22x0050456_ses-1/mri/transforms/cc_up.lta
# created by oesteban on Mon Mar  9 14:04:41 2026

type      = 0 # LINEAR_VOX_TO_VOX
nxforms   = 1
mean      = 130.0000 107.0000 110.0000
sigma     = 10000.0000
1 4 4
9.980195164680481e-01 7.399281486868858e-03 6.246695667505264e-02 -6.962617397308350e+00 
-7.384830154478550e-03 9.999725818634033e-01 -4.622233100235462e-04 3.999621582031250e+01 
-6.246866658329964e-02 2.910382698728675e-11 9.980468750000000e-01 4.723228454589844e+01 
0.000000000000000e+00 0.000000000000000e+00 0.000000000000000e+00 1.000000000000000e+00 
src volume info
valid = 1  # volume info valid
filename = /out/sourcedata/freesurfer/sub-v1s22x0050456_ses-1/mri/norm.mgz
volume = 256 256 256
voxelsize = 1.000000000000000e+00 1.000000000000000e+00 1.000000000000000e+00
xras   = -9.999999403953552e-01 0.000000000000000e+00 0.000000000000000e+00
yras   = 0.000000000000000e+00 0.000000000000000e+00 -1.000000000000000e+00
zras   = -1.862645149230957e-09 9.999999403953552e-01 0.000000000000000e+00
cras   = -4.036834716796875e+00 4.836535644531250e+01 -2.369030761718750e+01
dst volume info
valid = 1  # volume info valid
filename = /out/sourcedata/freesurfer/sub-v1s22x0050456_ses-1/mri/norm.mgz
volume = 256 256 256
voxelsize = 1.000000000000000e+00 1.000000000000000e+00 1.000000000000000e+00
xras   = -9.999999403953552e-01 0.000000000000000e+00 0.000000000000000e+00
yras   = 0.000000000000000e+00 0.000000000000000e+00 -1.000000000000000e+00
zras   = -1.862645149230957e-09 9.999999403953552e-01 0.000000000000000e+00
cras   = -4.036834716796875e+00 4.836535644531250e+01 -2.369030761718750e+01
