# transform file transforms/talairach.lta
# created by oesteban on Mon Mar  9 12:47:17 2026

type      = 0 # LINEAR_VOX_TO_VOX
nxforms   = 1
mean      = 130.0000 109.0000 110.0000
sigma     = 10000.0000
1 4 4
1.024098157882690e+00 -8.048500865697861e-03 8.164545148611069e-02 -1.306803894042969e+01 
-1.560584548860788e-02 1.119010567665100e+00 3.327290415763855e-01 -2.721289443969727e+01 
-1.174506992101669e-01 -2.876414656639099e-01 9.299575686454773e-01 5.466596221923828e+01 
0.000000000000000e+00 0.000000000000000e+00 0.000000000000000e+00 1.000000000000000e+00 
src volume info
valid = 1  # volume info valid
filename = nu.mgz
volume = 256 256 256
voxelsize = 1.000000000000000e+00 1.000000000000000e+00 1.000000000000000e+00
xras   = -9.999999403953552e-01 0.000000000000000e+00 0.000000000000000e+00
yras   = 0.000000000000000e+00 0.000000000000000e+00 -1.000000000000000e+00
zras   = -1.862645149230957e-09 9.999999403953552e-01 0.000000000000000e+00
cras   = -4.036834716796875e+00 4.836535644531250e+01 -2.369030761718750e+01
dst volume info
valid = 1  # volume info valid
filename = /opt/freesurfer/average/RB_all_2020-01-02.gca
volume = 256 256 256
voxelsize = 1.000000000000000e+00 1.000000000000000e+00 1.000000000000000e+00
xras   = -1.000000000000000e+00 0.000000000000000e+00 0.000000000000000e+00
yras   = 0.000000000000000e+00 0.000000000000000e+00 -1.000000000000000e+00
zras   = 0.000000000000000e+00 1.000000000000000e+00 0.000000000000000e+00
cras   = 0.000000000000000e+00 0.000000000000000e+00 0.000000000000000e+00
