# transform file /out/sourcedata/freesurfer/sub-v1s22x0050522_ses-1/mri/transforms/cc_up.lta
# created by oesteban on Mon Mar  9 18:05:13 2026

type      = 0 # LINEAR_VOX_TO_VOX
nxforms   = 1
mean      = 129.0000 115.0000 109.0000
sigma     = 10000.0000
1 4 4
9.974203705787659e-01 5.250027030706406e-02 -4.895010963082314e-02 -2.341818809509277e-02 
-5.243716016411781e-02 9.986208081245422e-01 2.573443576693535e-03 3.564640426635742e+01 
4.901770874857903e-02 0.000000000000000e+00 9.987978339195251e-01 2.479789733886719e+01 
0.000000000000000e+00 0.000000000000000e+00 0.000000000000000e+00 1.000000000000000e+00 
src volume info
valid = 1  # volume info valid
filename = /out/sourcedata/freesurfer/sub-v1s22x0050522_ses-1/mri/norm.mgz
volume = 256 256 256
voxelsize = 1.000000000000000e+00 1.000000000000000e+00 1.000000000000000e+00
xras   = -1.000000000000000e+00 0.000000000000000e+00 0.000000000000000e+00
yras   = 0.000000000000000e+00 0.000000000000000e+00 -1.000000000000000e+00
zras   = 0.000000000000000e+00 1.000000000000000e+00 0.000000000000000e+00
cras   = -1.756362915039062e-01 3.753378295898438e+01 -1.426658630371094e+01
dst volume info
valid = 1  # volume info valid
filename = /out/sourcedata/freesurfer/sub-v1s22x0050522_ses-1/mri/norm.mgz
volume = 256 256 256
voxelsize = 1.000000000000000e+00 1.000000000000000e+00 1.000000000000000e+00
xras   = -1.000000000000000e+00 0.000000000000000e+00 0.000000000000000e+00
yras   = 0.000000000000000e+00 0.000000000000000e+00 -1.000000000000000e+00
zras   = 0.000000000000000e+00 1.000000000000000e+00 0.000000000000000e+00
cras   = -1.756362915039062e-01 3.753378295898438e+01 -1.426658630371094e+01
