# transform file /out/sourcedata/freesurfer/sub-v1s22x0050483_ses-1/mri/transforms/cc_up.lta
# created by oesteban on Mon Mar  9 16:05:53 2026

type      = 0 # LINEAR_VOX_TO_VOX
nxforms   = 1
mean      = 128.0000 101.0000 110.0000
sigma     = 10000.0000
1 4 4
9.986602067947388e-01 -1.825534505769610e-03 5.171548575162888e-02 -6.003663063049316e+00 
1.823091646656394e-03 9.999983906745911e-01 9.440855501452461e-05 4.475706481933594e+01 
-5.171557143330574e-02 0.000000000000000e+00 9.986618757247925e-01 3.175742721557617e+01 
0.000000000000000e+00 0.000000000000000e+00 0.000000000000000e+00 1.000000000000000e+00 
src volume info
valid = 1  # volume info valid
filename = /out/sourcedata/freesurfer/sub-v1s22x0050483_ses-1/mri/norm.mgz
volume = 256 256 256
voxelsize = 1.000000000000000e+00 1.000000000000000e+00 1.000000000000000e+00
xras   = -1.000000000000000e+00 0.000000000000000e+00 0.000000000000000e+00
yras   = 0.000000000000000e+00 0.000000000000000e+00 -1.000000000000000e+00
zras   = 0.000000000000000e+00 1.000000000000000e+00 0.000000000000000e+00
cras   = -5.599365234375000e+00 3.753378295898438e+01 -5.743576049804688e+00
dst volume info
valid = 1  # volume info valid
filename = /out/sourcedata/freesurfer/sub-v1s22x0050483_ses-1/mri/norm.mgz
volume = 256 256 256
voxelsize = 1.000000000000000e+00 1.000000000000000e+00 1.000000000000000e+00
xras   = -1.000000000000000e+00 0.000000000000000e+00 0.000000000000000e+00
yras   = 0.000000000000000e+00 0.000000000000000e+00 -1.000000000000000e+00
zras   = 0.000000000000000e+00 1.000000000000000e+00 0.000000000000000e+00
cras   = -5.599365234375000e+00 3.753378295898438e+01 -5.743576049804688e+00
