# transform file /out/sourcedata/freesurfer/sub-v1s22x0050496_ses-1/mri/transforms/cc_up.lta
# created by oesteban on Mon Mar  9 16:48:16 2026

type      = 0 # LINEAR_VOX_TO_VOX
nxforms   = 1
mean      = 133.0000 100.0000 124.0000
sigma     = 10000.0000
1 4 4
9.984807968139648e-01 2.796359173953533e-02 4.747740179300308e-02 -1.250076770782471e+01 
-2.793203294277191e-02 9.996089339256287e-01 -1.328158075921237e-03 4.489640426635742e+01 
-4.749597609043121e-02 0.000000000000000e+00 9.988713860511780e-01 2.344223976135254e+01 
0.000000000000000e+00 0.000000000000000e+00 0.000000000000000e+00 1.000000000000000e+00 
src volume info
valid = 1  # volume info valid
filename = /out/sourcedata/freesurfer/sub-v1s22x0050496_ses-1/mri/norm.mgz
volume = 256 256 256
voxelsize = 1.000000000000000e+00 1.000000000000000e+00 1.000000000000000e+00
xras   = -1.000000000000000e+00 2.793967723846436e-09 0.000000000000000e+00
yras   = 0.000000000000000e+00 -1.164153218269348e-10 -1.000000000000000e+00
zras   = 9.385985322296619e-10 9.999998807907104e-01 0.000000000000000e+00
cras   = -1.419082641601562e+00 3.364105224609375e+01 -1.440620422363281e+01
dst volume info
valid = 1  # volume info valid
filename = /out/sourcedata/freesurfer/sub-v1s22x0050496_ses-1/mri/norm.mgz
volume = 256 256 256
voxelsize = 1.000000000000000e+00 1.000000000000000e+00 1.000000000000000e+00
xras   = -1.000000000000000e+00 2.793967723846436e-09 0.000000000000000e+00
yras   = 0.000000000000000e+00 -1.164153218269348e-10 -1.000000000000000e+00
zras   = 9.385985322296619e-10 9.999998807907104e-01 0.000000000000000e+00
cras   = -1.419082641601562e+00 3.364105224609375e+01 -1.440620422363281e+01
