# transform file transforms/talairach.lta
# created by oesteban on Mon Mar  9 15:49:21 2026

type      = 0 # LINEAR_VOX_TO_VOX
nxforms   = 1
mean      = 133.0000 99.0000 125.0000
sigma     = 10000.0000
1 4 4
1.118071675300598e+00 1.928671076893806e-02 4.499210044741631e-02 -2.894225692749023e+01 
-4.022818803787231e-02 1.111897587776184e+00 2.575215399265289e-01 -2.003098487854004e+01 
-5.548186600208282e-02 -3.405448198318481e-01 8.683262467384338e-01 4.634420013427734e+01 
0.000000000000000e+00 0.000000000000000e+00 0.000000000000000e+00 1.000000000000000e+00 
src volume info
valid = 1  # volume info valid
filename = nu.mgz
volume = 256 256 256
voxelsize = 1.000000000000000e+00 1.000000000000000e+00 1.000000000000000e+00
xras   = -1.000000000000000e+00 2.793967723846436e-09 0.000000000000000e+00
yras   = 0.000000000000000e+00 -1.164153218269348e-10 -1.000000000000000e+00
zras   = 9.385985322296619e-10 9.999998807907104e-01 0.000000000000000e+00
cras   = -1.419082641601562e+00 3.364105224609375e+01 -1.440620422363281e+01
dst volume info
valid = 1  # volume info valid
filename = /opt/freesurfer/average/RB_all_2020-01-02.gca
volume = 256 256 256
voxelsize = 1.000000000000000e+00 1.000000000000000e+00 1.000000000000000e+00
xras   = -1.000000000000000e+00 0.000000000000000e+00 0.000000000000000e+00
yras   = 0.000000000000000e+00 0.000000000000000e+00 -1.000000000000000e+00
zras   = 0.000000000000000e+00 1.000000000000000e+00 0.000000000000000e+00
cras   = 0.000000000000000e+00 0.000000000000000e+00 0.000000000000000e+00
