# transform file /out/sourcedata/freesurfer/sub-v1s22x0050436_ses-1/mri/transforms/cc_up.lta
# created by oesteban on Mon Mar  9 13:18:01 2026

type      = 0 # LINEAR_VOX_TO_VOX
nxforms   = 1
mean      = 129.0000 97.0000 126.0000
sigma     = 10000.0000
1 4 4
9.979657530784607e-01 -4.159554839134216e-02 4.831308498978615e-02 -1.281334161758423e+00 
4.154688864946365e-02 9.991345405578613e-01 2.011350123211741e-03 4.655197525024414e+01 
-4.835493490099907e-02 -2.328306436538696e-10 9.988302588462830e-01 1.627910995483398e+01 
0.000000000000000e+00 0.000000000000000e+00 0.000000000000000e+00 1.000000000000000e+00 
src volume info
valid = 1  # volume info valid
filename = /out/sourcedata/freesurfer/sub-v1s22x0050436_ses-1/mri/norm.mgz
volume = 256 256 256
voxelsize = 1.000000000000000e+00 1.000000000000000e+00 1.000000000000000e+00
xras   = -1.000000000000000e+00 0.000000000000000e+00 9.313225746154785e-10
yras   = 0.000000000000000e+00 0.000000000000000e+00 -9.999999403953552e-01
zras   = 0.000000000000000e+00 1.000000000000000e+00 0.000000000000000e+00
cras   = -1.712799072265625e-01 3.520932769775391e+01 7.297187805175781e+00
dst volume info
valid = 1  # volume info valid
filename = /out/sourcedata/freesurfer/sub-v1s22x0050436_ses-1/mri/norm.mgz
volume = 256 256 256
voxelsize = 1.000000000000000e+00 1.000000000000000e+00 1.000000000000000e+00
xras   = -1.000000000000000e+00 0.000000000000000e+00 9.313225746154785e-10
yras   = 0.000000000000000e+00 0.000000000000000e+00 -9.999999403953552e-01
zras   = 0.000000000000000e+00 1.000000000000000e+00 0.000000000000000e+00
cras   = -1.712799072265625e-01 3.520932769775391e+01 7.297187805175781e+00
