# transform file /out/sourcedata/freesurfer/sub-v1s22x0050474_ses-1/mri/transforms/cc_up.lta
# created by oesteban on Mon Mar  9 15:16:59 2026

type      = 0 # LINEAR_VOX_TO_VOX
nxforms   = 1
mean      = 129.0000 97.0000 113.0000
sigma     = 10000.0000
1 4 4
9.992532730102539e-01 3.644728288054466e-02 -1.282745413482189e-02 -2.133771181106567e+00 
-3.644428029656410e-02 9.993355870246887e-01 4.678366822190583e-04 5.469431304931641e+01 
1.283598318696022e-02 -2.910383045673370e-11 9.999176263809204e-01 2.035614395141602e+01 
0.000000000000000e+00 0.000000000000000e+00 0.000000000000000e+00 1.000000000000000e+00 
src volume info
valid = 1  # volume info valid
filename = /out/sourcedata/freesurfer/sub-v1s22x0050474_ses-1/mri/norm.mgz
volume = 256 256 256
voxelsize = 1.000000000000000e+00 1.000000000000000e+00 1.000000000000000e+00
xras   = -1.000000000000000e+00 0.000000000000000e+00 -9.313225746154785e-10
yras   = 0.000000000000000e+00 0.000000000000000e+00 -9.999999403953552e-01
zras   = 0.000000000000000e+00 1.000000000000000e+00 0.000000000000000e+00
cras   = -1.800537109375000e-01 4.295751190185547e+01 -1.438728332519531e+01
dst volume info
valid = 1  # volume info valid
filename = /out/sourcedata/freesurfer/sub-v1s22x0050474_ses-1/mri/norm.mgz
volume = 256 256 256
voxelsize = 1.000000000000000e+00 1.000000000000000e+00 1.000000000000000e+00
xras   = -1.000000000000000e+00 0.000000000000000e+00 -9.313225746154785e-10
yras   = 0.000000000000000e+00 0.000000000000000e+00 -9.999999403953552e-01
zras   = 0.000000000000000e+00 1.000000000000000e+00 0.000000000000000e+00
cras   = -1.800537109375000e-01 4.295751190185547e+01 -1.438728332519531e+01
