# transform file /out/sourcedata/freesurfer/sub-v1s22x0050452_ses-1/mri/transforms/cc_up.lta
# created by oesteban on Mon Mar  9 13:54:27 2026

type      = 0 # LINEAR_VOX_TO_VOX
nxforms   = 1
mean      = 125.0000 111.0000 111.0000
sigma     = 10000.0000
1 4 4
9.966324567794800e-01 6.972046103328466e-03 -8.170272409915924e-02 1.052035999298096e+01 
-6.948735564947128e-03 9.999758005142212e-01 5.696489824913442e-04 3.381678771972656e+01 
8.170470595359802e-02 0.000000000000000e+00 9.966566562652588e-01 2.310453987121582e+01 
0.000000000000000e+00 0.000000000000000e+00 0.000000000000000e+00 1.000000000000000e+00 
src volume info
valid = 1  # volume info valid
filename = /out/sourcedata/freesurfer/sub-v1s22x0050452_ses-1/mri/norm.mgz
volume = 256 256 256
voxelsize = 1.000000000000000e+00 1.000000000000000e+00 1.000000000000000e+00
xras   = -1.000000000000000e+00 -3.725290298461914e-09 0.000000000000000e+00
yras   = 0.000000000000000e+00 0.000000000000000e+00 -1.000000000000000e+00
zras   = 3.725290298461914e-09 1.000000000000000e+00 0.000000000000000e+00
cras   = 8.318511962890625e+00 4.500475311279297e+01 -2.257456970214844e+01
dst volume info
valid = 1  # volume info valid
filename = /out/sourcedata/freesurfer/sub-v1s22x0050452_ses-1/mri/norm.mgz
volume = 256 256 256
voxelsize = 1.000000000000000e+00 1.000000000000000e+00 1.000000000000000e+00
xras   = -1.000000000000000e+00 -3.725290298461914e-09 0.000000000000000e+00
yras   = 0.000000000000000e+00 0.000000000000000e+00 -1.000000000000000e+00
zras   = 3.725290298461914e-09 1.000000000000000e+00 0.000000000000000e+00
cras   = 8.318511962890625e+00 4.500475311279297e+01 -2.257456970214844e+01
