# transform file transforms/talairach.lta
# created by oesteban on Mon Mar  9 12:39:24 2026

type      = 0 # LINEAR_VOX_TO_VOX
nxforms   = 1
mean      = 126.0000 113.0000 111.0000
sigma     = 10000.0000
1 4 4
1.080125927925110e+00 -1.294001378118992e-02 -6.686752289533615e-02 -2.350943088531494e+00 
3.304094076156616e-02 1.045154333114624e+00 2.969140708446503e-01 -2.706043624877930e+01 
7.323740422725677e-02 -3.004193305969238e-01 9.121689796447754e-01 3.215950012207031e+01 
0.000000000000000e+00 0.000000000000000e+00 0.000000000000000e+00 1.000000000000000e+00 
src volume info
valid = 1  # volume info valid
filename = nu.mgz
volume = 256 256 256
voxelsize = 1.000000000000000e+00 1.000000000000000e+00 1.000000000000000e+00
xras   = -1.000000000000000e+00 -3.725290298461914e-09 0.000000000000000e+00
yras   = 0.000000000000000e+00 0.000000000000000e+00 -1.000000000000000e+00
zras   = 3.725290298461914e-09 1.000000000000000e+00 0.000000000000000e+00
cras   = 8.318511962890625e+00 4.500475311279297e+01 -2.257456970214844e+01
dst volume info
valid = 1  # volume info valid
filename = /opt/freesurfer/average/RB_all_2020-01-02.gca
volume = 256 256 256
voxelsize = 1.000000000000000e+00 1.000000000000000e+00 1.000000000000000e+00
xras   = -1.000000000000000e+00 0.000000000000000e+00 0.000000000000000e+00
yras   = 0.000000000000000e+00 0.000000000000000e+00 -1.000000000000000e+00
zras   = 0.000000000000000e+00 1.000000000000000e+00 0.000000000000000e+00
cras   = 0.000000000000000e+00 0.000000000000000e+00 0.000000000000000e+00
