#Insight Transform File V1.0
#Transform 0
Transform: AffineTransform_float_3_3
Parameters: 0.999999 -0.000253847 0.000967698 0.000255688 0.999999 -0.0014678 -0.000967001 0.0014672 0.999999 -0.0275735 0.000906406 0.114113
FixedParameters: 0 0 0

#Transform 1
Transform: AffineTransform_float_3_3
Parameters: 0.999999 -3.53799e-05 0.000729142 3.64885e-05 0.999997 -0.00213002 -0.00072909 0.00212998 0.999998 0.00130076 0.102352 0.146109
FixedParameters: 0 0 0

#Transform 2
Transform: AffineTransform_float_3_3
Parameters: 1 -0.000400759 0.00109651 0.000402178 1 -0.00110256 -0.00109567 0.00110344 0.999999 -0.0538441 -0.00694814 0.0485682
FixedParameters: 0 0 0

#Transform 3
Transform: AffineTransform_float_3_3
Parameters: 1 -0.000608542 0.00104825 0.000612012 0.999995 -0.00303836 -0.00104669 0.00303864 0.999995 -0.0604323 0.118493 0.204469
FixedParameters: 0 0 0

#Transform 4
Transform: AffineTransform_float_3_3
Parameters: 0.999999 -0.000758897 0.00107143 0.000761359 0.999997 -0.00205923 -0.0010694 0.00205977 0.999998 -0.0561724 0.00802206 0.150637
FixedParameters: 0 0 0

#Transform 5
Transform: AffineTransform_float_3_3
Parameters: 0.999999 -0.000681368 0.00107762 0.000684289 0.999996 -0.00272526 -0.00107505 0.00272574 0.999995 -0.0612408 0.0900402 0.148709
FixedParameters: 0 0 0

#Transform 6
Transform: AffineTransform_float_3_3
Parameters: 0.999998 -0.000822862 0.0014911 0.000822143 0.999999 0.000241181 -0.00149149 -0.000240818 0.999999 -0.0601708 -0.0423025 0.212115
FixedParameters: 0 0 0

#Transform 7
Transform: AffineTransform_float_3_3
Parameters: 0.999999 -0.00121544 0.000441822 0.00121446 0.999998 0.00105054 -0.000443376 -0.00105046 1 -0.0153405 -0.0996319 0.199102
FixedParameters: 0 0 0

#Transform 8
Transform: AffineTransform_float_3_3
Parameters: 0.999999 -0.000617554 0.000473594 0.000617924 0.999999 -0.000390707 -0.000473111 0.000391292 1 0.00240479 -0.0168043 0.189419
FixedParameters: 0 0 0

#Transform 9
Transform: AffineTransform_float_3_3
Parameters: 0.999999 -0.000498284 0.000704319 0.000499245 0.999999 -0.00135565 -0.000704016 0.00135635 0.999999 -0.0209722 0.00177461 0.171315
FixedParameters: 0 0 0

#Transform 10
Transform: AffineTransform_float_3_3
Parameters: 1 -0.000495535 0.000479898 0.000496256 0.999999 -0.000751759 -0.000479152 0.00075124 0.999999 -0.0114598 -0.00344659 0.0866585
FixedParameters: 0 0 0

#Transform 11
Transform: AffineTransform_float_3_3
Parameters: 1 -0.000482768 0.000480327 0.000483056 1 -0.000298768 -0.000480038 0.000299232 1 -0.0278395 0.00221925 0.0511723
FixedParameters: 0 0 0

#Transform 12
Transform: AffineTransform_float_3_3
Parameters: 1 -0.000482675 0.000480421 0.000483149 1 -0.000493768 -0.000479944 0.000494232 1 -0.0368343 0.0222994 0.0488114
FixedParameters: 0 0 0

#Transform 13
Transform: AffineTransform_float_3_3
Parameters: 0.999999 -0.000796629 5.19085e-05 0.000796648 0.999999 -0.000183959 -5.16154e-05 0.000184041 1 -0.0283879 0.0262047 0.0230724
FixedParameters: 0 0 0

#Transform 14
Transform: AffineTransform_float_3_3
Parameters: 1 -0.000303345 0.00052257 0.000303283 1 -0.000896843 -0.000522077 0.000897159 1 -0.058591 0.0843816 -0.0168192
FixedParameters: 0 0 0

#Transform 15
Transform: AffineTransform_float_3_3
Parameters: 1 -0.000288008 0.00029087 0.000288155 1 -0.000252916 -0.000290725 0.000253084 1 -0.039335 0.0361309 0.0465133
FixedParameters: 0 0 0

#Transform 16
Transform: AffineTransform_float_3_3
Parameters: 0.999999 -0.000352055 0.000779113 0.00035169 1 0.000234277 -0.000779278 -0.000234723 0.999999 -0.0806421 -0.00722018 0.0762388
FixedParameters: 0 0 0

#Transform 17
Transform: AffineTransform_float_3_3
Parameters: 1 -0.000508504 0.000998859 0.000508838 0.999999 -0.00066754 -0.00099823 0.00066746 1 -0.0927572 0.0472552 0.0181001
FixedParameters: 0 0 0

#Transform 18
Transform: AffineTransform_float_3_3
Parameters: 0.999999 -0.000241187 0.00075789 0.000241106 1 -0.000604817 -0.000757649 0.000605183 0.999999 -0.0494529 0.0389774 0.0292892
FixedParameters: 0 0 0

#Transform 19
Transform: AffineTransform_float_3_3
Parameters: 1 5.19629e-07 0.000320451 -5.8583e-08 0.999999 0.000838999 -0.0003204 -0.000839 0.999999 0.00587721 -0.0669919 0.112179
FixedParameters: 0 0 0

#Transform 20
Transform: AffineTransform_float_3_3
Parameters: 1 0.000118224 -2.09996e-05 -0.000118208 1 0.000393002 2.10925e-05 -0.000392997 1 0.00976419 -0.0212383 0.00316838
FixedParameters: 0 0 0

#Transform 21
Transform: AffineTransform_float_3_3
Parameters: 1 -0.000223194 0.000203346 0.000223966 0.999999 -0.00177496 -0.000203551 0.00177505 0.999999 -0.0252914 0.0889578 0.0373029
FixedParameters: 0 0 0

#Transform 22
Transform: AffineTransform_float_3_3
Parameters: 1 -3.0284e-05 0.00027486 3.0601e-05 0.999997 -0.00239399 -0.000274765 0.00239401 0.999997 -0.0233071 0.0901343 0.00731285
FixedParameters: 0 0 0

#Transform 23
Transform: AffineTransform_float_3_3
Parameters: 1 0.000321193 0.00103408 -0.000316953 0.999992 -0.00402938 -0.00103486 0.00402862 0.999992 -0.0464808 0.198274 0.0562675
FixedParameters: 0 0 0

#Transform 24
Transform: AffineTransform_float_3_3
Parameters: 1 -0.000533614 0.000999478 0.00053776 0.999989 -0.00452751 -0.000996878 0.00452749 0.999989 -0.0597185 0.128223 0.0125239
FixedParameters: 0 0 0

#Transform 25
Transform: AffineTransform_float_3_3
Parameters: 1 0.000316721 0.00113162 -0.00031051 0.999988 -0.00499236 -0.00113301 0.00499264 0.999987 -0.0642944 0.199845 -0.0333936
FixedParameters: 0 0 0

#Transform 26
Transform: AffineTransform_float_3_3
Parameters: 0.999998 -0.000195841 0.00209424 0.000205561 0.999988 -0.00493168 -0.00209382 0.00493232 0.999985 -0.116552 0.156338 0.167576
FixedParameters: 0 0 0

#Transform 27
Transform: AffineTransform_float_3_3
Parameters: 0.999999 2.49154e-07 0.000859178 -1.8193e-06 0.999999 0.001495 -0.000859125 -0.001495 0.999998 0.0760942 -0.178444 0.0213507
FixedParameters: 0 0 0

#Transform 28
Transform: AffineTransform_float_3_3
Parameters: 0.999991 -0.00118369 0.00391219 0.00115953 0.999981 0.0061082 -0.00391929 -0.00610381 0.999974 -0.121266 -0.434295 0.169623
FixedParameters: 0 0 0

#Transform 29
Transform: AffineTransform_float_3_3
Parameters: 0.999994 -0.00114054 0.00306546 0.0011288 0.999992 0.00384429 -0.00307058 -0.00384071 0.999988 -0.148201 -0.298742 0.171505
FixedParameters: 0 0 0

#Transform 30
Transform: AffineTransform_float_3_3
Parameters: 0.99999 -0.00378166 -0.0021137 0.00380541 0.999924 0.0117213 0.00206951 -0.0117297 0.999929 -0.00411434 -0.530644 0.102348
FixedParameters: 0 0 0

#Transform 31
Transform: AffineTransform_float_3_3
Parameters: 0.999992 -0.00310875 -0.00226663 0.00313469 0.999932 0.0112771 0.00223099 -0.0112849 0.999934 -0.0146513 -0.412363 -0.090705
FixedParameters: 0 0 0

#Transform 32
Transform: AffineTransform_float_3_3
Parameters: 0.999997 -0.00170736 -0.00145932 0.001718 0.999971 0.0073245 0.0014467 -0.00732749 0.999972 -9.51678e-05 -0.218897 -0.143886
FixedParameters: 0 0 0

#Transform 33
Transform: AffineTransform_float_3_3
Parameters: 0.999997 -0.00227574 -0.00097748 0.00227969 0.999988 0.00434088 0.000967485 -0.00434312 0.99999 -0.0592968 -0.148748 -0.117001
FixedParameters: 0 0 0

#Transform 34
Transform: AffineTransform_float_3_3
Parameters: 0.999998 -0.00209858 -0.000882183 0.00210187 0.999993 0.0032113 0.000875581 -0.0032127 0.999994 -0.0707639 -0.0983603 -0.110206
FixedParameters: 0 0 0

#Transform 35
Transform: AffineTransform_float_3_3
Parameters: 0.999999 -0.00149187 -0.000815329 0.00149573 0.999991 0.00378783 0.000809901 -0.00378916 0.999992 -0.0579903 -0.0976752 -0.158732
FixedParameters: 0 0 0

#Transform 36
Transform: AffineTransform_float_3_3
Parameters: 0.999998 -0.00196176 -0.00101794 0.00196671 0.999987 0.0046621 0.00100941 -0.00466389 0.999988 -0.0592844 -0.122197 -0.192539
FixedParameters: 0 0 0

#Transform 37
Transform: AffineTransform_float_3_3
Parameters: 0.999999 -0.00120682 -0.000222093 0.00120798 0.999994 0.00308373 0.000218642 -0.00308327 0.999995 -0.0780674 -0.0960042 -0.0422321
FixedParameters: 0 0 0

#Transform 38
Transform: AffineTransform_float_3_3
Parameters: 0.999998 -0.00170287 6.15585e-06 0.00170249 0.999991 0.00394007 -1.35807e-05 -0.00393993 0.999992 -0.0636619 -0.221956 0.434895
FixedParameters: 0 0 0

#Transform 39
Transform: AffineTransform_float_3_3
Parameters: 0.999997 -0.00223289 0.000926517 0.00222905 0.999989 0.00399018 -0.000936123 -0.00398781 0.999991 -0.141639 -0.0773026 -0.0133885
FixedParameters: 0 0 0

#Transform 40
Transform: AffineTransform_float_3_3
Parameters: 0.999997 -0.00188363 0.00150837 0.00188 0.999996 0.00181285 -0.00151209 -0.00181015 0.999997 -0.150484 -0.0685293 0.0355732
FixedParameters: 0 0 0

#Transform 41
Transform: AffineTransform_float_3_3
Parameters: 0.999998 -0.00168354 0.0015182 0.00168056 0.999996 0.00222657 -0.00152149 -0.00222444 0.999997 -0.123252 -0.104903 0.143391
FixedParameters: 0 0 0

#Transform 42
Transform: AffineTransform_float_3_3
Parameters: 0.999999 -0.00137237 0.000291767 0.00137184 0.999997 0.00234246 -0.000295148 -0.00234255 0.999997 -0.070417 -0.0829315 0.0593441
FixedParameters: 0 0 0

#Transform 43
Transform: AffineTransform_float_3_3
Parameters: 0.999999 -0.000910486 0.000317743 0.000911057 1 0.000671343 -0.000318916 -0.000671657 0.999999 -0.0519586 -0.0363062 0.0404827
FixedParameters: 0 0 0

#Transform 44
Transform: AffineTransform_float_3_3
Parameters: 0.999999 -0.000733042 0.000326145 0.000731907 0.999999 0.00165829 -0.000327575 -0.00165771 0.999998 -0.0651075 -0.01815 0.11655
FixedParameters: 0 0 0

#Transform 45
Transform: AffineTransform_float_3_3
Parameters: 0.999999 -0.00162221 0.000924707 0.0016244 0.999998 -0.00164745 -0.000922402 0.00164955 0.999998 -0.100162 0.0794221 0.0398649
FixedParameters: 0 0 0

#Transform 46
Transform: AffineTransform_float_3_3
Parameters: 0.999993 -0.00069679 0.0034886 0.000698949 0.999999 -0.000737864 -0.00348772 0.000740136 0.999993 -0.185841 0.0245306 -0.101082
FixedParameters: 0 0 0

#Transform 47
Transform: AffineTransform_float_3_3
Parameters: 0.999986 -0.00151451 0.00494739 0.00150113 0.999995 0.00264687 -0.00495071 -0.00264012 0.999984 -0.270401 -0.1495 -0.0370013
FixedParameters: 0 0 0

#Transform 48
Transform: AffineTransform_float_3_3
Parameters: 0.999996 -0.00140811 0.00269981 0.00138716 0.999971 0.00747164 -0.00270969 -0.00746836 0.999969 -0.197044 -0.279254 -0.256714
FixedParameters: 0 0 0

#Transform 49
Transform: AffineTransform_float_3_3
Parameters: 0.999996 -0.00135798 0.00217257 0.00136028 0.999999 -0.00119409 -0.00217147 0.00119691 0.999997 -0.195378 0.0670434 -0.0987956
FixedParameters: 0 0 0

#Transform 50
Transform: AffineTransform_float_3_3
Parameters: 0.999996 -0.000921044 0.00239657 0.000927748 0.999996 -0.00261693 -0.00239503 0.00261907 0.999994 -0.202518 0.165597 -0.136774
FixedParameters: 0 0 0

#Transform 51
Transform: AffineTransform_float_3_3
Parameters: 0.999997 -0.00215465 -0.00104858 0.00215814 0.999993 0.00327384 0.00104129 -0.00327616 0.999994 -0.090008 -0.0840892 -0.210477
FixedParameters: 0 0 0

#Transform 52
Transform: AffineTransform_float_3_3
Parameters: 0.999998 -0.00227892 0.000279012 0.00227841 0.999995 0.00223275 -0.000284142 -0.00223226 0.999998 -0.22054 -0.0219646 -0.147774
FixedParameters: 0 0 0

#Transform 53
Transform: AffineTransform_float_3_3
Parameters: 0.999995 -0.00237007 0.00210632 0.00237112 0.999997 -0.000233994 -0.0021062 0.000239006 0.999997 -0.293019 0.114509 -0.313856
FixedParameters: 0 0 0

#Transform 54
Transform: AffineTransform_float_3_3
Parameters: 0.999996 -0.00162669 0.00231074 0.00163017 0.999998 -0.00137733 -0.0023084 0.00138167 0.999997 -0.261992 0.138115 -0.282629
FixedParameters: 0 0 0

#Transform 55
Transform: AffineTransform_float_3_3
Parameters: 0.999997 -0.00179481 0.0017555 0.00179825 0.999997 -0.00178984 -0.00175221 0.00179316 0.999997 -0.237876 0.160363 -0.260541
FixedParameters: 0 0 0

#Transform 56
Transform: AffineTransform_float_3_3
Parameters: 0.999996 -0.00182177 0.002398 0.00183122 0.999992 -0.00357672 -0.00239132 0.00358128 0.999991 -0.252491 0.210462 -0.314008
FixedParameters: 0 0 0

#Transform 57
Transform: AffineTransform_float_3_3
Parameters: 0.999996 -0.00161233 0.00241136 0.0016215 0.999991 -0.0039112 -0.0024052 0.00391481 0.99999 -0.253318 0.241827 -0.247286
FixedParameters: 0 0 0

#Transform 58
Transform: AffineTransform_float_3_3
Parameters: 0.999996 -0.00217411 0.0016718 0.00217546 0.999997 -0.00126931 -0.00166842 0.00127269 0.999997 -0.216572 0.0995463 -0.115507
FixedParameters: 0 0 0

#Transform 59
Transform: AffineTransform_float_3_3
Parameters: 0.999995 -0.00226131 0.00209582 0.00226434 0.999996 -0.00164125 -0.00209158 0.00164575 0.999997 -0.267687 0.14439 -0.135099
FixedParameters: 0 0 0

#Transform 60
Transform: AffineTransform_float_3_3
Parameters: 0.999994 -0.00197322 0.00268018 0.00197686 0.999997 -0.0014038 -0.00267683 0.0014092 0.999996 -0.248834 0.0842181 0.0431368
FixedParameters: 0 0 0

#Transform 61
Transform: AffineTransform_float_3_3
Parameters: 0.999994 -0.00227736 0.0024297 0.00228114 0.999996 -0.0017635 -0.00242589 0.0017685 0.999996 -0.254888 0.0886055 0.00996362
FixedParameters: 0 0 0

#Transform 62
Transform: AffineTransform_float_3_3
Parameters: 0.999995 -0.00213826 0.00204087 0.00214342 0.999994 -0.00267163 -0.00203472 0.00267637 0.999994 -0.212619 0.16573 -0.0750123
FixedParameters: 0 0 0

#Transform 63
Transform: AffineTransform_float_3_3
Parameters: 0.999998 -0.00160114 0.00112644 0.00160468 0.999993 -0.00324019 -0.00112125 0.00324181 0.999994 -0.126771 0.202018 -0.167507
FixedParameters: 0 0 0

#Transform 64
Transform: AffineTransform_float_3_3
Parameters: 0.999995 -0.0015956 0.0029583 0.00161043 0.999986 -0.00498345 -0.00295006 0.00498854 0.999983 -0.264562 0.27643 0.0663598
FixedParameters: 0 0 0

#Transform 65
Transform: AffineTransform_float_3_3
Parameters: 0.99999 -0.002351 0.00378134 0.00237196 0.999981 -0.00573432 -0.00376738 0.00574368 0.999976 -0.308347 0.265268 0.0359782
FixedParameters: 0 0 0

#Transform 66
Transform: AffineTransform_float_3_3
Parameters: 0.999995 -0.00171717 0.00265503 0.00173235 0.99998 -0.00598057 -0.00264424 0.00598543 0.999979 -0.242956 0.299288 -0.0502551
FixedParameters: 0 0 0

#Transform 67
Transform: AffineTransform_float_3_3
Parameters: 0.99999 -0.00233642 0.00361806 0.0023638 0.999968 -0.0076827 -0.00360038 0.0076913 0.999963 -0.314483 0.347104 -0.00377147
FixedParameters: 0 0 0

#Transform 68
Transform: AffineTransform_float_3_3
Parameters: 0.999987 -0.00178901 0.00480528 0.00182518 0.999971 -0.00744687 -0.00479216 0.00745514 0.999961 -0.385287 0.353851 0.00914133
FixedParameters: 0 0 0

#Transform 69
Transform: AffineTransform_float_3_3
Parameters: 0.999986 -0.00173409 0.00498623 0.00177616 0.999963 -0.00837285 -0.00497093 0.00838115 0.999953 -0.398696 0.363519 0.00562448
FixedParameters: 0 0 0

#Transform 70
Transform: AffineTransform_float_3_3
Parameters: 0.999983 -0.00189822 0.00561967 0.00194751 0.999959 -0.00885795 -0.00560315 0.00886807 0.999945 -0.426477 0.37754 0.0669591
FixedParameters: 0 0 0

#Transform 71
Transform: AffineTransform_float_3_3
Parameters: 0.999986 -0.00179813 0.0050079 0.0018385 0.999967 -0.00796549 -0.00499292 0.00797451 0.999956 -0.408926 0.360993 0.09283
FixedParameters: 0 0 0

#Transform 72
Transform: AffineTransform_float_3_3
Parameters: 0.999984 -0.00165369 0.00531071 0.00170124 0.999959 -0.00893574 -0.00529613 0.00894426 0.999946 -0.410362 0.357277 0.107135
FixedParameters: 0 0 0

#Transform 73
Transform: AffineTransform_float_3_3
Parameters: 0.999987 -0.00175358 0.00493307 0.00179731 0.999959 -0.00882984 -0.00491691 0.00883816 0.999949 -0.376101 0.367164 0.103209
FixedParameters: 0 0 0

#Transform 74
Transform: AffineTransform_float_3_3
Parameters: 0.999984 -0.00199253 0.00533204 0.00204418 0.999951 -0.00973889 -0.00531236 0.00974911 0.999938 -0.371277 0.408233 0.1015
FixedParameters: 0 0 0

#Transform 75
Transform: AffineTransform_float_3_3
Parameters: 0.999997 -0.000896583 0.00218336 0.000907432 0.999988 -0.00495813 -0.00217896 0.00495987 0.999986 -0.136411 0.196638 0.0569848
FixedParameters: 0 0 0

#Transform 76
Transform: AffineTransform_float_3_3
Parameters: 0.999995 -0.00323445 -0.000842636 0.00324082 0.999965 0.00760555 0.000818096 -0.00760744 0.999971 -0.144234 -0.279811 0.366099
FixedParameters: 0 0 0

#Transform 77
Transform: AffineTransform_float_3_3
Parameters: 0.999992 -0.00397331 -0.000835994 0.00397607 0.999984 0.00396211 0.000820314 -0.0039649 0.999992 -0.234561 -0.0904293 0.185095
FixedParameters: 0 0 0

#Transform 78
Transform: AffineTransform_float_3_3
Parameters: 0.999995 -0.00318583 0.000459945 0.00318601 0.999994 0.000780677 -0.000462867 -0.000779322 1 -0.240094 0.0601845 0.105448
FixedParameters: 0 0 0

#Transform 79
Transform: AffineTransform_float_3_3
Parameters: 0.999997 -0.00255433 0.000750481 0.00255518 0.999997 0.000100075 -0.000750936 -9.79255e-05 0.999999 -0.207055 0.104737 0.120567
FixedParameters: 0 0 0

#Transform 80
Transform: AffineTransform_float_3_3
Parameters: 0.999995 -0.00257563 0.00154328 0.00257886 0.999995 -0.00224492 -0.00153789 0.00224908 0.999996 -0.264443 0.201991 -0.12109
FixedParameters: 0 0 0

#Transform 81
Transform: AffineTransform_float_3_3
Parameters: 0.999997 -0.00214564 0.000954404 0.0021482 0.999995 -0.00225885 -0.000949795 0.00226115 0.999997 -0.250614 0.2142 -0.169216
FixedParameters: 0 0 0

#Transform 82
Transform: AffineTransform_float_3_3
Parameters: 0.99999 -0.003354 0.00313919 0.00336183 0.999991 -0.00245345 -0.00313107 0.00246455 0.999992 -0.300444 0.132754 0.0214912
FixedParameters: 0 0 0

#Transform 83
Transform: AffineTransform_float_3_3
Parameters: 0.999972 -0.00461177 0.00579399 0.00459878 0.999987 0.00212731 -0.00580386 -0.00210068 0.999981 -0.39 -0.138356 -0.0102895
FixedParameters: 0 0 0

#Transform 84
Transform: AffineTransform_float_3_3
Parameters: 0.999975 -0.00377618 0.00587028 0.00372603 0.999957 0.00847253 -0.00590222 -0.00845047 0.999947 -0.453579 -0.363235 -0.218389
FixedParameters: 0 0 0

#Transform 85
Transform: AffineTransform_float_3_3
Parameters: 0.999979 -0.00331101 0.00547667 0.00332424 0.999991 -0.00235341 -0.00546865 0.00237159 0.999983 -0.441318 0.0545992 0.0428358
FixedParameters: 0 0 0

#Transform 86
Transform: AffineTransform_float_3_3
Parameters: 0.99999 -0.00210326 0.00399044 0.00211561 0.999993 -0.00300892 -0.00398433 0.00301807 0.999988 -0.369982 0.16847 -0.223792
FixedParameters: 0 0 0

#Transform 87
Transform: AffineTransform_float_3_3
Parameters: 0.999995 -0.00132151 0.00310502 0.00133475 0.999991 -0.00419207 -0.00309854 0.00419593 0.999987 -0.271677 0.261557 -0.286201
FixedParameters: 0 0 0

#Transform 88
Transform: AffineTransform_float_3_3
Parameters: 0.999996 -0.00101929 0.0026952 0.00103478 0.999981 -0.00597043 -0.00268978 0.00597357 0.999979 -0.23168 0.357904 -0.175592
FixedParameters: 0 0 0

#Transform 89
Transform: AffineTransform_float_3_3
Parameters: 0.999996 -0.00202461 0.00160361 0.00202389 0.999998 0.000522255 -0.00160467 -0.000518745 0.999999 -0.174894 0.0593233 -0.0297619
FixedParameters: 0 0 0

#Transform 90
Transform: AffineTransform_float_3_3
Parameters: 0.999997 -0.00150763 0.00181645 0.00151478 0.999991 -0.0038103 -0.00181128 0.00381369 0.999991 -0.189081 0.232393 -0.191269
FixedParameters: 0 0 0

#Transform 91
Transform: AffineTransform_float_3_3
Parameters: 0.999995 -0.00154795 0.00277387 0.0015633 0.999985 -0.00539984 -0.00276581 0.00540417 0.999982 -0.234182 0.312352 -0.136511
FixedParameters: 0 0 0

#Transform 92
Transform: AffineTransform_float_3_3
Parameters: 0.999994 -0.00155235 0.00290146 0.00156981 0.999981 -0.00586267 -0.002893 0.00586733 0.999979 -0.258624 0.29349 -0.133
FixedParameters: 0 0 0

#Transform 93
Transform: AffineTransform_float_3_3
Parameters: 0.999993 -0.00156995 0.00334608 0.00159214 0.999977 -0.00653995 -0.00333549 0.00654504 0.999973 -0.288959 0.316725 -0.0198761
FixedParameters: 0 0 0

#Transform 94
Transform: AffineTransform_float_3_3
Parameters: 0.999989 -0.00203505 0.00418936 0.00206632 0.99997 -0.00759076 -0.00417386 0.00759925 0.999962 -0.330729 0.358562 0.0125995
FixedParameters: 0 0 0

#Transform 95
Transform: AffineTransform_float_3_3
Parameters: 0.999987 -0.00201521 0.0048125 0.00205607 0.999961 -0.0085357 -0.00479483 0.00854529 0.999952 -0.363055 0.369232 0.0112741
FixedParameters: 0 0 0

#Transform 96
Transform: AffineTransform_float_3_3
Parameters: 0.999986 -0.00186485 0.00507137 0.0019123 0.999955 -0.00933503 -0.0050545 0.00934498 0.999944 -0.369202 0.39238 -0.0991475
FixedParameters: 0 0 0

#Transform 97
Transform: AffineTransform_float_3_3
Parameters: 0.999986 -0.00162679 0.00489231 0.0016707 0.99996 -0.00882348 -0.00487736 0.00883151 0.999949 -0.348041 0.379415 -0.0435315
FixedParameters: 0 0 0

#Transform 98
Transform: AffineTransform_float_3_3
Parameters: 0.999985 -0.00194532 0.00510678 0.0019974 0.999945 -0.0103105 -0.00508581 0.0103205 0.999934 -0.370927 0.424487 -0.0276535
FixedParameters: 0 0 0

#Transform 99
Transform: AffineTransform_float_3_3
Parameters: 0.999989 -0.00217079 0.00418821 0.00221642 0.999938 -0.0109432 -0.00416453 0.0109528 0.999931 -0.309967 0.436694 0.0211521
FixedParameters: 0 0 0

#Transform 100
Transform: AffineTransform_float_3_3
Parameters: 0.999994 -0.00176867 0.00293932 0.00178965 0.999971 -0.00738693 -0.00292617 0.00739208 0.999969 -0.254841 0.362504 0.125287
FixedParameters: 0 0 0

#Transform 101
Transform: AffineTransform_float_3_3
Parameters: 0.99999 -0.00195059 0.00388958 0.00197836 0.999974 -0.00695866 -0.00387658 0.00696634 0.999968 -0.318559 0.334991 0.138095
FixedParameters: 0 0 0

#Transform 102
Transform: AffineTransform_float_3_3
Parameters: 0.999996 -0.00156755 0.0024209 0.001581 0.999983 -0.00559029 -0.00241199 0.00559372 0.999982 -0.211399 0.288272 0.0640681
FixedParameters: 0 0 0

#Transform 103
Transform: AffineTransform_float_3_3
Parameters: 0.999986 -0.00284691 0.00430857 0.0028696 0.999982 -0.00533598 -0.00429323 0.00534802 0.999976 -0.371876 0.227497 0.185665
FixedParameters: 0 0 0

#Transform 104
Transform: AffineTransform_float_3_3
Parameters: 0.999982 -0.00273581 0.00546097 0.00277188 0.999974 -0.00661561 -0.00544235 0.0066304 0.999964 -0.356441 0.256631 -0.109947
FixedParameters: 0 0 0

#Transform 105
Transform: AffineTransform_float_3_3
Parameters: 0.999988 -0.00366509 0.00327282 0.00364838 0.99998 0.00515203 -0.00329157 -0.00513996 0.999981 -0.429817 -0.177676 -0.147491
FixedParameters: 0 0 0

#Transform 106
Transform: AffineTransform_float_3_3
Parameters: 0.999988 -0.00263615 0.00429665 0.00264121 0.999996 -0.00103699 -0.00429335 0.001048 0.99999 -0.40399 0.0689595 -0.10699
FixedParameters: 0 0 0

#Transform 107
Transform: AffineTransform_float_3_3
Parameters: 0.999988 -0.00305639 0.00382132 0.00305999 0.999995 -0.000712489 -0.00381902 0.000724507 0.999992 -0.365782 0.0825022 0.0504317
FixedParameters: 0 0 0

#Transform 108
Transform: AffineTransform_float_3_3
Parameters: 0.999991 -0.00335502 0.00284761 0.00334426 0.999988 0.00353358 -0.00285876 -0.00352442 0.99999 -0.359945 -0.0821912 0.0343125
FixedParameters: 0 0 0

#Transform 109
Transform: AffineTransform_float_3_3
Parameters: 0.999989 -0.00284861 0.0037764 0.00284295 0.999995 0.00125658 -0.00377932 -0.00124642 0.999992 -0.414331 0.0488612 -0.0260675
FixedParameters: 0 0 0

#Transform 110
Transform: AffineTransform_float_3_3
Parameters: 0.999987 -0.00251692 0.00445933 0.00252259 0.999996 -0.00128614 -0.00445612 0.00129686 0.999989 -0.424811 0.160533 0.00212708
FixedParameters: 0 0 0

#Transform 111
Transform: AffineTransform_float_3_3
Parameters: 0.999989 -0.00240892 0.00385118 0.00241087 0.999996 -0.000502 -0.00384984 0.000510999 0.999992 -0.378558 0.1466 -0.0586521
FixedParameters: 0 0 0

#Transform 112
Transform: AffineTransform_float_3_3
Parameters: 0.999992 -0.00222763 0.00313099 0.00223082 0.999997 -0.000809205 -0.00312946 0.000815793 0.999995 -0.351558 0.138371 -0.0439285
FixedParameters: 0 0 0

#Transform 113
Transform: AffineTransform_float_3_3
Parameters: 0.99999 -0.00253631 0.00385908 0.00253957 0.999996 -0.00104449 -0.003857 0.00105451 0.999993 -0.401747 0.140351 -0.0340414
FixedParameters: 0 0 0

#Transform 114
Transform: AffineTransform_float_3_3
Parameters: 0.99999 -0.00213942 0.00395186 0.00214382 0.999997 -0.00104587 -0.00394956 0.00105413 0.999992 -0.377513 0.127386 -0.127028
FixedParameters: 0 0 0

#Transform 115
Transform: AffineTransform_float_3_3
Parameters: 0.999988 -0.00266143 0.00393008 0.00266398 0.999996 -0.000686765 -0.00392855 0.000697236 0.999992 -0.360406 0.102033 -0.00615435
FixedParameters: 0 0 0

#Transform 116
Transform: AffineTransform_float_3_3
Parameters: 0.999981 -0.0035409 0.00504338 0.00355305 0.99999 -0.00244454 -0.00503462 0.00246246 0.999985 -0.488409 0.223758 -0.231176
FixedParameters: 0 0 0

#Transform 117
Transform: AffineTransform_float_3_3
Parameters: 0.999987 -0.00279401 0.00442674 0.00279603 0.999996 -0.000549004 -0.00442579 0.000561 0.99999 -0.440457 0.129467 -0.336505
FixedParameters: 0 0 0

#Transform 118
Transform: AffineTransform_float_3_3
Parameters: 0.99999 -0.00196598 0.00382798 0.00196739 0.999998 -0.000304757 -0.00382782 0.000312243 0.999993 -0.363851 0.154458 -0.544429
FixedParameters: 0 0 0

#Transform 119
Transform: AffineTransform_float_3_3
Parameters: 0.999988 -0.00216808 0.00437315 0.00216411 0.999997 0.000909093 -0.00437587 -0.000899904 0.99999 -0.341336 0.0819781 -0.198277
FixedParameters: 0 0 0

#Transform 120
Transform: AffineTransform_float_3_3
Parameters: 0.999967 0.00132371 0.00810089 -0.00137244 0.999982 0.00599853 -0.00809326 -0.00600947 0.999949 -0.338144 -0.0746524 -2.03465
FixedParameters: 0 0 0

#Transform 121
Transform: AffineTransform_float_3_3
Parameters: 0.999993 0.00190694 0.00303351 -0.00193489 0.999956 0.00924007 -0.00301661 -0.00924593 0.999953 -0.132522 -0.323388 -0.386787
FixedParameters: 0 0 0

#Transform 122
Transform: AffineTransform_float_3_3
Parameters: 0.999966 0.00336945 0.00752143 -0.00364707 0.999303 0.0371628 -0.00739164 -0.0371892 0.999281 -0.425945 -1.15996 -1.02677
FixedParameters: 0 0 0

#Transform 123
Transform: AffineTransform_float_3_3
Parameters: 0.999932 0.000306018 0.0116437 -0.000348719 0.999993 0.00363977 -0.0116422 -0.00364322 0.999926 -0.581489 -0.129714 -0.508841
FixedParameters: 0 0 0

#Transform 124
Transform: AffineTransform_float_3_3
Parameters: 0.999991 -0.00119487 0.00407483 0.00116983 0.999981 0.00609543 -0.00408198 -0.00609057 0.999973 -0.312029 -0.226169 0.0375786
FixedParameters: 0 0 0

#Transform 125
Transform: AffineTransform_float_3_3
Parameters: 0.999998 -0.00113073 0.00116972 0.00112674 0.999994 0.00333933 -0.00117406 -0.00333867 0.999993 -0.202094 -0.0957614 -0.117453
FixedParameters: 0 0 0

#Transform 126
Transform: AffineTransform_float_3_3
Parameters: 0.999998 -0.00113252 0.0012801 0.00113194 1 0.000226455 -0.00128061 -0.000225545 0.999999 -0.207861 0.105043 -0.12461
FixedParameters: 0 0 0

#Transform 127
Transform: AffineTransform_float_3_3
Parameters: 0.999999 -0.000776714 0.00119173 0.000778756 0.999997 -0.00209412 -0.00118962 0.00209488 0.999997 -0.202648 0.200503 -0.210482
FixedParameters: 0 0 0

#Transform 128
Transform: AffineTransform_float_3_3
Parameters: 0.999998 -0.00113882 0.00149421 0.00114314 0.999995 -0.00273534 -0.00149116 0.00273666 0.999995 -0.210658 0.226173 -0.198775
FixedParameters: 0 0 0

#Transform 129
Transform: AffineTransform_float_3_3
Parameters: 0.999999 -0.000902094 0.00155061 0.000902142 0.999999 -0.000320647 -0.00155108 0.000321354 0.999998 -0.168596 0.16086 -0.516991
FixedParameters: 0 0 0

#Transform 130
Transform: AffineTransform_float_3_3
Parameters: 0.999998 -0.00146753 -0.00143008 0.00146753 0.999999 -2.1038e-06 0.00143008 -1.03802e-07 0.999999 -0.0344516 0.105689 -0.621478
FixedParameters: 0 0 0

#Transform 131
Transform: AffineTransform_float_3_3
Parameters: 0.999998 -0.000393419 -0.00197893 0.000387253 0.999995 -0.00308388 0.00198064 0.00308312 0.999994 0.00563146 0.23104 -0.409764
FixedParameters: 0 0 0

#Transform 132
Transform: AffineTransform_float_3_3
Parameters: 1 0.000254147 -4.40261e-05 -0.000254875 0.999973 -0.00725898 4.23285e-05 0.00725901 0.999973 -0.0580117 0.410386 -0.290381
FixedParameters: 0 0 0

#Transform 133
Transform: AffineTransform_float_3_3
Parameters: 1 -0.000409806 0.000965434 0.000419665 0.999942 -0.0107466 -0.000960072 0.0107464 0.999942 -0.134199 0.537524 -0.20293
FixedParameters: 0 0 0

#Transform 134
Transform: AffineTransform_float_3_3
Parameters: 0.999999 -0.000808245 -0.000924054 0.00081042 0.999997 0.00231425 0.000922203 -0.00231575 0.999997 -0.0445738 0.00213502 -0.191167
FixedParameters: 0 0 0

#Transform 135
Transform: AffineTransform_float_3_3
Parameters: 1 -0.000817619 -0.000777471 0.000817817 0.999999 0.000127362 0.000777262 -0.000127638 0.999999 -0.0657543 0.106678 -0.148336
FixedParameters: 0 0 0

#Transform 136
Transform: AffineTransform_float_3_3
Parameters: 0.999999 -0.000596586 -0.00071613 0.000595433 0.999998 -0.00153648 0.000717013 0.00153652 0.999999 -0.0512428 0.154351 -0.0955403
FixedParameters: 0 0 0

#Transform 137
Transform: AffineTransform_float_3_3
Parameters: 1 5.08816e-05 -4.07561e-05 -5.13985e-05 0.999984 -0.005692 4.11727e-05 0.005692 0.999984 -0.0980441 0.32616 -0.248868
FixedParameters: 0 0 0

#Transform 138
Transform: AffineTransform_float_3_3
Parameters: 1 -0.000459561 -6.40063e-05 0.000459004 0.999987 -0.00503403 6.66329e-05 0.00503397 0.999988 -0.110256 0.310233 -0.0650721
FixedParameters: 0 0 0

#Transform 139
Transform: AffineTransform_float_3_3
Parameters: 1 -0.000459609 -6.36606e-05 0.000458954 0.999983 -0.00578603 6.69781e-05 0.00578597 0.999984 -0.127055 0.333485 -0.155068
FixedParameters: 0 0 0

#Transform 140
Transform: AffineTransform_float_3_3
Parameters: 0.999999 -0.00025572 0.00137451 0.000267874 0.999962 -0.00877164 -0.00137152 0.00877236 0.99996 -0.183279 0.465446 -0.322375
FixedParameters: 0 0 0

#Transform 141
Transform: AffineTransform_float_3_3
Parameters: 0.999985 0.000991803 0.00537073 -0.000959943 0.999982 -0.00588097 -0.00537678 0.00587504 0.999969 -0.5431 0.314973 -0.237343
FixedParameters: 0 0 0

#Transform 142
Transform: AffineTransform_float_3_3
Parameters: 0.999978 -0.00104542 0.00652115 0.00112059 0.999933 -0.011555 -0.00650895 0.011562 0.999912 -0.58986 0.533425 -0.336099
FixedParameters: 0 0 0

#Transform 143
Transform: AffineTransform_float_3_3
Parameters: 0.999988 -0.000205486 0.00504082 0.000262056 0.999936 -0.0112595 -0.00503844 0.0112605 0.999924 -0.449715 0.553202 -0.268327
FixedParameters: 0 0 0

#Transform 144
Transform: AffineTransform_float_3_3
Parameters: 0.999988 -0.000980135 0.00468488 0.00102596 0.999952 -0.00976385 -0.00467461 0.00976815 0.999941 -0.429273 0.468081 -0.0188
FixedParameters: 0 0 0

#Transform 145
Transform: AffineTransform_float_3_3
Parameters: 0.999993 -0.00102091 0.00344634 0.00104703 0.99997 -0.00766568 -0.00343785 0.00766931 0.999964 -0.352257 0.328445 0.157315
FixedParameters: 0 0 0

#Transform 146
Transform: AffineTransform_float_3_3
Parameters: 1 -0.00100385 0.000483654 0.00100368 0.999999 0.000181485 -0.000484018 -0.000180514 1 -0.160703 0.130051 -0.0643415
FixedParameters: 0 0 0

#Transform 147
Transform: AffineTransform_float_3_3
Parameters: 0.999999 -0.000449438 -0.000592477 0.000450809 0.999998 0.00204373 0.000591585 -0.00204427 0.999997 -0.106954 0.0343568 -0.172194
FixedParameters: 0 0 0

#Transform 148
Transform: AffineTransform_float_3_3
Parameters: 1 -0.000539571 -4.20586e-05 0.000539576 0.999999 -0.000543025 4.16464e-05 0.000543975 1 -0.13759 0.159507 -0.128177
FixedParameters: 0 0 0

#Transform 149
Transform: AffineTransform_float_3_3
Parameters: 1 -0.000335375 -0.000410834 0.000334846 0.999998 -0.00185614 0.000412129 0.00185586 0.999998 -0.107001 0.17392 -0.157814
FixedParameters: 0 0 0

#Transform 150
Transform: AffineTransform_float_3_3
Parameters: 0.999999 -4.05323e-05 0.00138957 4.91256e-05 0.99998 -0.00634699 -0.00138846 0.00634701 0.999979 -0.188459 0.41683 -0.21391
FixedParameters: 0 0 0

#Transform 151
Transform: AffineTransform_float_3_3
Parameters: 0.999996 -0.00240665 -0.00185952 0.00242134 0.999967 0.00773562 0.00184048 -0.00774037 0.999968 -0.0657082 -0.162856 -0.0590703
FixedParameters: 0 0 0

#Transform 152
Transform: AffineTransform_float_3_3
Parameters: 0.999997 -0.00215373 -0.000945033 0.00215645 0.999994 0.00266207 0.000939446 -0.00266394 0.999996 -0.143227 0.0196456 0.0633869
FixedParameters: 0 0 0

#Transform 153
Transform: AffineTransform_float_3_3
Parameters: 0.999999 -0.00170355 -0.000465691 0.00170498 0.999995 0.00284331 0.000459943 -0.00284369 0.999996 -0.136947 0.00187479 0.0188199
FixedParameters: 0 0 0

#Transform 154
Transform: AffineTransform_float_3_3
Parameters: 0.999999 -0.00172829 -3.29969e-07 0.00172824 0.999998 0.00109505 -2.45622e-06 -0.00109495 1 -0.172212 0.0873896 -0.0113427
FixedParameters: 0 0 0

#Transform 155
Transform: AffineTransform_float_3_3
Parameters: 0.999998 -0.0017153 -0.000252444 0.00171564 0.999998 0.000775669 0.00025078 -0.00077633 0.999999 -0.161169 0.0876953 -0.0541519
FixedParameters: 0 0 0

#Transform 156
Transform: AffineTransform_float_3_3
Parameters: 1 -0.0010761 -0.000144956 0.00107597 0.999999 -0.000622106 0.000145296 0.000621895 1 -0.149182 0.162824 -0.101475
FixedParameters: 0 0 0

#Transform 157
Transform: AffineTransform_float_3_3
Parameters: 0.999999 -0.00121592 -0.000328128 0.00121602 0.999999 0.000154652 0.000327751 -0.000155348 1 -0.142729 0.127146 -0.0837707
FixedParameters: 0 0 0

#Transform 158
Transform: AffineTransform_float_3_3
Parameters: 0.999999 -0.0014318 -0.000357615 0.00143166 0.999999 -0.000194462 0.000358171 0.000193538 1 -0.149351 0.107939 -0.0633595
FixedParameters: 0 0 0

#Transform 159
Transform: AffineTransform_float_3_3
Parameters: 1 -0.000990211 -0.000360906 0.000989742 1 -0.00064931 0.000362192 0.00064969 1 -0.130194 0.122861 -0.0487478
FixedParameters: 0 0 0

#Transform 160
Transform: AffineTransform_float_3_3
Parameters: 0.999994 0.00015907 0.00328286 -0.000155123 0.999999 -0.00120977 -0.00328344 0.00120923 0.999994 -0.297619 0.180506 -0.0558415
FixedParameters: 0 0 0

#Transform 161
Transform: AffineTransform_float_3_3
Parameters: 0.999997 -0.000253806 0.00237842 0.000257481 0.999998 -0.00161254 -0.0023778 0.00161246 0.999996 -0.317265 0.165326 -0.0712679
FixedParameters: 0 0 0

#Transform 162
Transform: AffineTransform_float_3_3
Parameters: 0.999998 -0.000166405 0.00161985 0.000169902 0.999998 -0.00231278 -0.00161928 0.00231322 0.999996 -0.225455 0.232567 -0.143701
FixedParameters: 0 0 0

#Transform 163
Transform: AffineTransform_float_3_3
Parameters: 0.999999 -0.000128174 0.00136946 0.000132698 0.999995 -0.00311087 -0.00136885 0.00311113 0.999994 -0.178439 0.242556 -0.104091
FixedParameters: 0 0 0

#Transform 164
Transform: AffineTransform_float_3_3
Parameters: 1 -0.000128473 0.00100306 0.000132371 0.999994 -0.00341087 -0.00100332 0.00341113 0.999993 -0.172885 0.259657 -0.0916816
FixedParameters: 0 0 0

#Transform 165
Transform: AffineTransform_float_3_3
Parameters: 0.999999 -0.000128408 0.00088598 0.000131529 0.999992 -0.00401788 -0.000885138 0.00401811 0.999991 -0.168061 0.294436 -0.184437
FixedParameters: 0 0 0

#Transform 166
Transform: AffineTransform_float_3_3
Parameters: 1 6.82947e-05 0.000677947 -6.62445e-05 0.999993 -0.00372005 -0.000678599 0.00371995 0.999993 -0.147168 0.283706 -0.223052
FixedParameters: 0 0 0

#Transform 167
Transform: AffineTransform_float_3_3
Parameters: 1 -0.000403495 0.00051708 0.000403773 0.999997 -0.00220384 -0.000515402 0.00220416 0.999998 -0.10633 0.19206 -0.00619596
FixedParameters: 0 0 0

#Transform 168
Transform: AffineTransform_float_3_3
Parameters: 0.999999 -0.000394893 0.000819956 0.000397045 0.999997 -0.00250067 -0.000819075 0.00250033 0.999996 -0.142284 0.176374 0.103115
FixedParameters: 0 0 0

#Transform 169
Transform: AffineTransform_float_3_3
Parameters: 1 -0.000140444 0.00121674 0.000144998 0.999994 -0.00351487 -0.00121594 0.00351413 0.999993 -0.152572 0.239296 0.0269957
FixedParameters: 0 0 0

#Transform 170
Transform: AffineTransform_float_3_3
Parameters: 1 0.000282106 0.000904153 -0.000278055 0.999993 -0.00392225 -0.000905503 0.00392175 0.999992 -0.145344 0.261419 0.0199003
FixedParameters: 0 0 0

#Transform 171
Transform: AffineTransform_float_3_3
Parameters: 0.999999 0.000210493 0.00131571 -0.000202863 0.999982 -0.00597233 -0.00131658 0.00597168 0.999982 -0.189263 0.362045 -0.139826
FixedParameters: 0 0 0

#Transform 172
Transform: AffineTransform_float_3_3
Parameters: 1 -0.000129483 0.00101515 0.000134575 0.999988 -0.00494291 -0.00101509 0.00494209 0.999987 -0.164949 0.321095 -0.099994
FixedParameters: 0 0 0

#Transform 173
Transform: AffineTransform_float_3_3
Parameters: 0.999999 -0.000630182 -0.000552893 0.00062842 0.999997 -0.0025853 0.000554199 0.0025847 0.999996 -0.044687 0.213496 -0.108636
FixedParameters: 0 0 0

#Transform 174
Transform: AffineTransform_float_3_3
Parameters: 0.999983 -0.00167024 -0.00559969 0.00172737 0.999947 0.0101068 0.00558252 -0.0101162 0.999933 -0.0370828 -0.0793894 -0.720046
FixedParameters: 0 0 0

#Transform 175
Transform: AffineTransform_float_3_3
Parameters: 0.999992 -0.00121873 -0.00382104 0.001233 0.999992 0.00386701 0.00381679 -0.003872 0.999986 0.0109806 -0.0288288 -0.0935402
FixedParameters: 0 0 0

#Transform 176
Transform: AffineTransform_float_3_3
Parameters: 0.999995 -0.00148599 -0.00270821 0.00148779 0.999998 0.000340808 0.00270819 -0.00034419 0.999997 -0.0591436 0.12878 -0.0950325
FixedParameters: 0 0 0

#Transform 177
Transform: AffineTransform_float_3_3
Parameters: 0.999996 -0.00141237 -0.00213091 0.0014126 0.999999 -0.000180069 0.00213147 0.000176932 0.999998 -0.0880073 0.15213 -0.0958448
FixedParameters: 0 0 0

#Transform 178
Transform: AffineTransform_float_3_3
Parameters: 0.999998 -0.000646441 -0.0019489 0.000649032 1 0.000933681 0.00194863 -0.000934317 0.999997 -0.0858831 0.152785 -0.282972
FixedParameters: 0 0 0

#Transform 179
Transform: AffineTransform_float_3_3
Parameters: 0.999999 -0.000560215 -0.00135212 0.000560408 1 7.11892e-05 0.00135204 -7.18106e-05 0.999999 -0.0875638 0.190032 -0.261541
FixedParameters: 0 0 0

#Transform 180
Transform: AffineTransform_float_3_3
Parameters: 0.999998 -0.000303485 -0.00167355 0.000303958 1 0.000141438 0.00167347 -0.000141561 0.999998 -0.0879256 0.168565 -0.263275
FixedParameters: 0 0 0

#Transform 181
Transform: AffineTransform_float_3_3
Parameters: 0.999998 -0.000204836 -0.00167959 0.000204746 1 0.000270603 0.00167943 -0.000270397 0.999998 -0.0688553 0.184043 -0.28063
FixedParameters: 0 0 0

#Transform 182
Transform: AffineTransform_float_3_3
Parameters: 0.999994 0.00144518 -0.00312704 -0.00144298 0.999999 0.000665324 0.00312785 -0.000660675 0.999995 0.0742204 0.139632 -0.263673
FixedParameters: 0 0 0

#Transform 183
Transform: AffineTransform_float_3_3
Parameters: 0.999999 0.000221018 -0.00127064 -0.000222149 0.999999 -0.00121077 0.0012712 0.00121123 0.999999 -0.0669408 0.224403 -0.222605
FixedParameters: 0 0 0

#Transform 184
Transform: AffineTransform_float_3_3
Parameters: 0.999998 0.000266019 -0.00205435 -0.000268563 1 -0.00109255 0.00205487 0.00109345 0.999998 -0.00769752 0.244928 -0.25174
FixedParameters: 0 0 0

#Transform 185
Transform: AffineTransform_float_3_3
Parameters: 0.999996 0.000136898 -0.00285772 -0.000143606 0.999997 -0.0023968 0.0028574 0.0023972 0.999993 0.0230841 0.228383 -0.247455
FixedParameters: 0 0 0

#Transform 186
Transform: AffineTransform_float_3_3
Parameters: 0.999997 0.000283671 -0.00246918 -0.000288859 0.999998 -0.00226444 0.00246818 0.00226456 0.999995 0.0278181 0.245692 -0.248998
FixedParameters: 0 0 0

#Transform 187
Transform: AffineTransform_float_3_3
Parameters: 0.999996 0.000883826 -0.00295094 -0.000890881 0.999997 -0.00254058 0.00294783 0.00254342 0.999993 0.0404999 0.283306 -0.439686
FixedParameters: 0 0 0

#Transform 188
Transform: AffineTransform_float_3_3
