#Insight Transform File V1.0
#Transform 0
Transform: AffineTransform_float_3_3
Parameters: 0.999991 -1.46548e-05 0.00424897 3.44974e-07 0.999994 0.00344903 -0.00424903 -0.00344897 0.999985 -0.143494 -0.130321 -0.0196843
FixedParameters: 0 0 0

#Transform 1
Transform: AffineTransform_float_3_3
Parameters: 0.999992 -1.37835e-05 0.00386197 2.16326e-07 0.999993 0.00356903 -0.00386202 -0.00356897 0.999986 -0.143981 -0.144628 -0.0233858
FixedParameters: 0 0 0

#Transform 2
Transform: AffineTransform_float_3_3
Parameters: 0.999993 -1.33316e-05 0.00386198 -3.31793e-07 0.999994 0.00345202 -0.00386202 -0.00345197 0.999986 -0.137972 -0.14041 -0.0188064
FixedParameters: 0 0 0

#Transform 3
Transform: AffineTransform_float_3_3
Parameters: 0.999994 -1.11147e-05 0.00342198 -1.14777e-07 0.999994 0.00324802 -0.00342202 -0.00324798 0.999989 -0.121256 -0.126859 -0.0372661
FixedParameters: 0 0 0

#Transform 4
Transform: AffineTransform_float_3_3
Parameters: 0.999995 -0.000777407 0.0030994 0.00077059 0.999997 0.0020684 -0.0031016 -0.0020656 0.999993 -0.106344 -0.292934 -0.0672706
FixedParameters: 0 0 0

#Transform 5
Transform: AffineTransform_float_3_3
Parameters: 0.999994 -0.00189304 0.00270297 0.00189296 0.999998 1.61167e-05 -0.00270303 -1.08831e-05 0.999997 -0.102526 -0.0441151 0.0261208
FixedParameters: 0 0 0

#Transform 6
Transform: AffineTransform_float_3_3
Parameters: 0.999997 -0.00133278 0.0017454 0.00133222 0.999999 0.000449327 -0.0017466 -0.000447673 0.999999 -0.0729365 -0.0975405 -0.0206547
FixedParameters: 0 0 0

#Transform 7
Transform: AffineTransform_float_3_3
Parameters: 0.999998 -0.00115138 0.00131366 0.00115062 1 0.000291512 -0.00131333 -0.000289488 0.999999 -0.0584553 -0.073507 -0.0133429
FixedParameters: 0 0 0

#Transform 8
Transform: AffineTransform_float_3_3
Parameters: 0.999999 -0.000508005 0.0016864 0.000505995 0.999999 0.00118886 -0.0016876 -0.00118814 0.999998 -0.0566706 -0.135725 0.0121328
FixedParameters: 0 0 0

#Transform 9
Transform: AffineTransform_float_3_3
Parameters: 0.999997 -0.000708983 0.00237611 0.000706015 0.999999 0.00125668 -0.00237689 -0.00125432 0.999997 -0.0902147 -0.079113 -0.00494869
FixedParameters: 0 0 0

#Transform 10
Transform: AffineTransform_float_3_3
Parameters: 0.999999 -0.000707123 0.00141344 0.000705877 1 0.000794999 -0.00141356 -0.000794002 0.999998 -0.0424997 -0.0827811 -0.016345
FixedParameters: 0 0 0

#Transform 11
Transform: AffineTransform_float_3_3
Parameters: 0.999999 -0.000706648 0.00132465 0.000706352 0.999999 0.000489936 -0.00132435 -0.000489065 0.999999 -0.0394548 -0.0837034 -0.0113519
FixedParameters: 0 0 0

#Transform 12
Transform: AffineTransform_float_3_3
Parameters: 1 -0.00060625 0.000956843 0.000605751 1 0.00026058 -0.000957159 -0.00026042 1 -0.0386759 -0.0668164 -0.00324878
FixedParameters: 0 0 0

#Transform 13
Transform: AffineTransform_float_3_3
Parameters: 0.999999 -0.000313196 0.000755918 0.000312803 1 0.000260236 -0.000755081 -0.000259763 0.999999 -0.0100993 -0.0674921 -0.0152139
FixedParameters: 0 0 0

#Transform 14
Transform: AffineTransform_float_3_3
Parameters: 1 -0.000286973 0.000517015 0.000287027 1 -5.18516e-05 -0.000516985 5.21484e-05 1 -0.028226 -0.0377892 -0.0102976
FixedParameters: 0 0 0

#Transform 15
Transform: AffineTransform_float_3_3
Parameters: 1 -0.000103003 0.000230999 0.000102997 1 1.10238e-05 -0.000231001 -1.09762e-05 1 -0.022192 -0.0330173 -0.021608
FixedParameters: 0 0 0

#Transform 16
Transform: AffineTransform_float_3_3
Parameters: 1 -0.000122946 0.000205032 0.000123054 1 -0.000262975 -0.000204968 0.000263025 1 -0.0278225 -0.0147979 0.00715497
FixedParameters: 0 0 0

#Transform 17
Transform: AffineTransform_float_3_3
Parameters: 1 -0.00010693 0.000205037 0.00010707 1 -0.000341978 -0.000204963 0.000342022 1 -0.0289175 -0.00502136 -0.0147959
FixedParameters: 0 0 0

#Transform 18
Transform: AffineTransform_float_3_3
Parameters: 1 -0.000312958 0.000205064 0.000312042 1 -0.000203936 -0.000204936 0.000204064 1 -0.0321298 -0.0162739 -8.11134e-06
FixedParameters: 0 0 0

#Transform 19
Transform: AffineTransform_float_3_3
Parameters: 1 -0.00022298 -0.000126035 0.00022302 1 0.000155972 0.000125965 -0.000156028 1 -0.0161106 -0.0365035 -0.0018694
FixedParameters: 0 0 0

#Transform 20
Transform: AffineTransform_float_3_3
Parameters: 1 -0.00027299 0.000205013 0.00027301 1 -4.8944e-05 -0.000204987 4.9056e-05 1 -0.0178403 -0.0026617 -0.00297202
FixedParameters: 0 0 0

#Transform 21
Transform: AffineTransform_float_3_3
Parameters: 1 -0.000237001 -0.000208999 0.000236999 1 -4.04953e-06 0.000209001 3.95047e-06 1 0.00175381 -0.00293304 0.00516082
FixedParameters: 0 0 0

#Transform 22
Transform: AffineTransform_float_3_3
Parameters: 1 -0.00024402 -0.000208976 0.000243979 1 -9.8051e-05 0.000209024 9.7949e-05 1 7.12328e-05 0.00383603 0.00117127
FixedParameters: 0 0 0

#Transform 23
Transform: AffineTransform_float_3_3
Parameters: 1 -0.000482042 0.000368946 0.000481958 1 0.000112178 -0.000369054 -0.000112822 1 -0.0055763 0.00766401 -0.00188689
FixedParameters: 0 0 0

#Transform 24
Transform: AffineTransform_float_3_3
Parameters: 1 -0.000145116 0.000202917 0.000144883 1 0.000574029 -0.000203083 -0.00057397 1 -0.0142814 -0.0317032 -0.0241205
FixedParameters: 0 0 0

#Transform 25
Transform: AffineTransform_float_3_3
Parameters: 1 1.38665e-05 0.000356005 -1.41335e-05 1 0.000374995 -0.000355995 -0.000375005 1 -0.0213262 -0.0283345 0.000788231
FixedParameters: 0 0 0

#Transform 26
Transform: AffineTransform_float_3_3
Parameters: 1 0.000188777 0.000408103 -0.000189223 1 0.000545923 -0.000407897 -0.000546077 1 -0.0159571 -0.0361533 -0.0343502
FixedParameters: 0 0 0

#Transform 27
Transform: AffineTransform_float_3_3
Parameters: 0.999999 0.000667733 0.00048137 -0.000668266 0.999999 0.000553678 -0.000480629 -0.000554321 0.999999 -0.0116838 -0.0403809 -0.059421
FixedParameters: 0 0 0

#Transform 28
Transform: AffineTransform_float_3_3
Parameters: 0.999999 0.000667574 0.00055651 -0.000668424 0.999999 0.000763628 -0.000555489 -0.00076437 0.999999 -0.0124063 -0.0243912 -0.0604895
FixedParameters: 0 0 0

#Transform 29
Transform: AffineTransform_float_3_3
Parameters: 0.999999 0.00066771 0.00037951 -0.000668289 1 0.000763747 -0.000378489 -0.000764253 0.999999 -0.0186597 -0.0481817 -0.0614604
FixedParameters: 0 0 0

#Transform 30
Transform: AffineTransform_float_3_3
Parameters: 0.999999 0.00133363 0.000479018 -0.00133437 0.999999 0.000763361 -0.00047798 -0.000764638 0.999999 -0.0161797 -0.076495 -0.0614541
FixedParameters: 0 0 0

#Transform 31
Transform: AffineTransform_float_3_3
Parameters: 0.999999 0.00128843 0.000744984 -0.00128957 0.999999 0.00076304 -0.000744016 -0.00076396 1 -0.017033 -0.0548669 -0.0493053
FixedParameters: 0 0 0

#Transform 32
Transform: AffineTransform_float_3_3
Parameters: 0.999999 0.00112369 0.000744469 -0.00112431 1 0.000417163 -0.000743531 -0.000417836 0.999999 -0.028364 -0.0505316 -0.0474312
FixedParameters: 0 0 0

#Transform 33
Transform: AffineTransform_float_3_3
Parameters: 1 0.000949803 0.000746804 -0.000952199 0.999995 0.00294829 -0.000744196 -0.00294871 0.999996 -0.0648678 -0.212127 -0.376168
FixedParameters: 0 0 0

#Transform 34
Transform: AffineTransform_float_3_3
Parameters: 1 -0.000200141 0.00110208 0.000194859 0.999989 0.00466322 -0.00110292 -0.00466278 0.999988 -0.0948365 -0.255932 -0.393908
FixedParameters: 0 0 0

#Transform 35
Transform: AffineTransform_float_3_3
Parameters: 1 -0.000512131 0.000442848 0.000511868 1 0.000297227 -0.000443152 -0.000296773 1 -0.00320686 -0.0434497 -0.173259
FixedParameters: 0 0 0

#Transform 36
Transform: AffineTransform_float_3_3
Parameters: 0.999997 0.000277788 0.00211356 -0.000282212 0.999998 0.00199341 -0.00211244 -0.00199359 0.999996 0.0210329 -0.118114 0.0974819
FixedParameters: 0 0 0

#Transform 37
Transform: AffineTransform_float_3_3
Parameters: 0.999994 0.000799149 0.00316948 -0.000804851 0.999998 0.00184546 -0.00316752 -0.00184754 0.999994 -0.0394358 -0.060863 0.186606
FixedParameters: 0 0 0

#Transform 38
Transform: AffineTransform_float_3_3
Parameters: 0.999995 0.000596714 0.00316824 -0.000598286 0.999999 0.000405106 -0.00316776 -0.000406892 0.999995 -0.0450343 0.0216715 0.217388
FixedParameters: 0 0 0

#Transform 39
Transform: AffineTransform_float_3_3
Parameters: 0.999995 0.000804453 0.00287115 -0.000805544 0.999999 0.000188688 -0.00287085 -0.00019131 0.999996 -0.0392545 0.0108804 0.155723
FixedParameters: 0 0 0

#Transform 40
Transform: AffineTransform_float_3_3
Parameters: 0.999996 0.000805379 0.00269389 -0.000805622 0.999999 -0.000141171 -0.00269411 0.000139831 0.999997 -0.0627347 0.00959451 0.114246
FixedParameters: 0 0 0

#Transform 41
Transform: AffineTransform_float_3_3
Parameters: 0.999996 0.000807095 0.00274939 -0.000804904 1 -0.000763216 -0.00275061 0.000760783 0.999996 -0.0619144 0.0406397 0.13563
FixedParameters: 0 0 0

#Transform 42
Transform: AffineTransform_float_3_3
Parameters: 0.999996 0.000807787 0.00296124 -0.000805213 0.999999 -0.000942389 -0.00296176 0.000939612 0.999995 -0.0706543 0.0417641 0.141795
FixedParameters: 0 0 0

#Transform 43
Transform: AffineTransform_float_3_3
Parameters: 0.999994 0.000808566 0.00316709 -0.000805435 0.999999 -0.00112656 -0.00316791 0.00112444 0.999995 -0.0768443 0.0433017 0.16415
FixedParameters: 0 0 0

#Transform 44
Transform: AffineTransform_float_3_3
Parameters: 0.999996 0.000807967 0.00263709 -0.000805033 0.999999 -0.00112613 -0.00263791 0.00112387 0.999996 -0.0511534 0.0597714 0.161028
FixedParameters: 0 0 0

#Transform 45
Transform: AffineTransform_float_3_3
Parameters: 0.999996 0.000880558 0.00265882 -0.000876442 0.999998 -0.00133933 -0.00265917 0.00133666 0.999995 -0.0526737 0.0660472 0.158739
FixedParameters: 0 0 0

#Transform 46
Transform: AffineTransform_float_3_3
Parameters: 0.999996 0.000808447 0.00267596 -0.000805552 0.999999 -0.00128916 -0.00267704 0.00128684 0.999995 -0.0620371 0.0646833 0.150877
FixedParameters: 0 0 0

#Transform 47
Transform: AffineTransform_float_3_3
Parameters: 0.999997 0.000806301 0.00235956 -0.0008057 1 -0.000551903 -0.00236044 0.000550099 0.999997 -0.0607049 0.042412 0.115271
FixedParameters: 0 0 0

#Transform 48
Transform: AffineTransform_float_3_3
Parameters: 0.999996 0.000806894 0.00272044 -0.000805107 1 -0.000697193 -0.00272056 0.000694808 0.999996 -0.0810975 0.0493396 0.105449
FixedParameters: 0 0 0

#Transform 49
Transform: AffineTransform_float_3_3
Parameters: 0.999997 0.000394983 0.00264571 -0.000393017 0.999999 -0.000750042 -0.0026463 0.000748957 0.999996 -0.0950932 0.0703033 0.113716
FixedParameters: 0 0 0

#Transform 50
Transform: AffineTransform_float_3_3
Parameters: 0.999996 0.000485463 0.00252472 -0.000483536 0.999999 -0.000580222 -0.00252528 0.000578776 0.999996 -0.0879836 0.0770911 0.10345
FixedParameters: 0 0 0

#Transform 51
Transform: AffineTransform_float_3_3
Parameters: 0.999996 0.000394631 0.00259975 -0.000393368 0.999999 -0.000628025 -0.00260025 0.000626976 0.999997 -0.0937764 0.066596 0.115724
FixedParameters: 0 0 0

#Transform 52
Transform: AffineTransform_float_3_3
Parameters: 0.999996 0.000992352 0.00256509 -0.00099065 0.999999 -0.000917545 -0.00256591 0.000915458 0.999997 -0.0802201 0.0739409 0.133941
FixedParameters: 0 0 0

#Transform 53
Transform: AffineTransform_float_3_3
Parameters: 0.999994 -0.000183233 0.00324921 0.000186768 1 -0.0011594 -0.00324878 0.0011596 0.999994 -0.0902037 0.0626608 0.202447
FixedParameters: 0 0 0

#Transform 54
Transform: AffineTransform_float_3_3
Parameters: 0.999992 8.51557e-05 0.00381187 -7.88428e-05 0.999998 -0.00161531 -0.00381213 0.00161469 0.999992 -0.123582 0.116029 0.226813
FixedParameters: 0 0 0

#Transform 55
Transform: AffineTransform_float_3_3
Parameters: 0.999995 -8.43322e-05 0.00309513 8.86668e-05 0.999999 -0.00150773 -0.00309487 0.00150827 0.999994 -0.0934705 0.125295 0.184126
FixedParameters: 0 0 0

#Transform 56
Transform: AffineTransform_float_3_3
Parameters: 0.999997 0.000210455 0.00219667 -0.000206543 0.999998 -0.00157346 -0.00219733 0.00157254 0.999997 -0.0528134 0.144272 0.191499
FixedParameters: 0 0 0

#Transform 57
Transform: AffineTransform_float_3_3
Parameters: 0.999999 -0.000183267 0.00180938 0.000186733 0.999998 -0.00206367 -0.00180862 0.00206334 0.999996 -0.038738 0.173165 0.230629
FixedParameters: 0 0 0

#Transform 58
Transform: AffineTransform_float_3_3
Parameters: 0.999999 -0.000183432 0.00172938 0.000187568 0.999998 -0.00206268 -0.00172962 0.00206332 0.999997 -0.020889 0.180649 0.217485
FixedParameters: 0 0 0

#Transform 59
Transform: AffineTransform_float_3_3
Parameters: 0.999998 -0.000464417 0.00157876 0.000466582 0.999998 -0.00163627 -0.00157724 0.00163673 0.999998 -0.0302401 0.168454 0.180899
FixedParameters: 0 0 0

#Transform 60
Transform: AffineTransform_float_3_3
Parameters: 0.999998 -0.000611428 0.0018252 0.000614571 0.999998 -0.00195688 -0.0018238 0.00195812 0.999997 -0.0597009 0.168051 0.202183
FixedParameters: 0 0 0

#Transform 61
Transform: AffineTransform_float_3_3
Parameters: 0.999998 -0.000603155 0.00147417 0.000605844 0.999998 -0.00193011 -0.00147283 0.00193089 0.999997 -0.0448333 0.172456 0.21334
FixedParameters: 0 0 0

#Transform 62
Transform: AffineTransform_float_3_3
Parameters: 0.999998 -0.000184087 0.00160334 0.000186912 0.999999 -0.0018167 -0.00160266 0.0018173 0.999997 -0.0216929 0.184318 0.199695
FixedParameters: 0 0 0

#Transform 63
Transform: AffineTransform_float_3_3
Parameters: 0.999999 -0.000400919 0.00131863 0.00040308 0.999998 -0.00157747 -0.00131837 0.00157853 0.999998 -0.0262086 0.177695 0.184212
FixedParameters: 0 0 0

#Transform 64
Transform: AffineTransform_float_3_3
Parameters: 0.999999 -0.00018547 0.00132822 0.00018753 1 -0.00115175 -0.00132779 0.00115225 0.999999 -0.00893474 0.164383 0.150991
FixedParameters: 0 0 0

#Transform 65
Transform: AffineTransform_float_3_3
Parameters: 1 -0.00018569 0.00115621 0.00018731 1 -0.00113278 -0.00115579 0.00113322 0.999998 -0.0253014 0.160094 0.154178
FixedParameters: 0 0 0

#Transform 66
Transform: AffineTransform_float_3_3
Parameters: 0.999999 -0.000329814 0.00138152 0.000332185 0.999998 -0.00158154 -0.00138148 0.00158246 0.999998 -0.0351188 0.191015 0.199791
FixedParameters: 0 0 0

#Transform 67
Transform: AffineTransform_float_3_3
Parameters: 0.999999 -0.000294779 0.00135748 0.000296221 0.999998 -0.0016366 -0.00135652 0.0016364 0.999997 -0.0302827 0.196326 0.177848
FixedParameters: 0 0 0

#Transform 68
Transform: AffineTransform_float_3_3
Parameters: 0.999999 -0.000237804 0.00134239 0.000239198 0.999998 -0.00163668 -0.00134261 0.00163632 0.999998 -0.0259208 0.196191 0.180087
FixedParameters: 0 0 0

#Transform 69
Transform: AffineTransform_float_3_3
Parameters: 0.999999 -0.000184701 0.0014053 0.000187299 0.999998 -0.00163674 -0.00140469 0.00163626 0.999997 -0.022393 0.20124 0.179693
FixedParameters: 0 0 0

#Transform 70
Transform: AffineTransform_float_3_3
Parameters: 0.999999 -9.215e-05 0.00139412 9.38497e-05 0.999999 -0.00132687 -0.00139388 0.00132713 0.999998 -0.0142087 0.186871 0.156098
FixedParameters: 0 0 0

#Transform 71
Transform: AffineTransform_float_3_3
Parameters: 0.999999 -0.000315425 0.00121967 0.000317576 0.999997 -0.00211161 -0.00121933 0.00211239 0.999997 -0.0108009 0.205112 0.176189
FixedParameters: 0 0 0

#Transform 72
Transform: AffineTransform_float_3_3
Parameters: 0.999999 -0.000184749 0.00124534 0.000187251 0.999999 -0.00180777 -0.00124466 0.00180823 0.999997 -0.00640085 0.209302 0.168727
FixedParameters: 0 0 0

#Transform 73
Transform: AffineTransform_float_3_3
Parameters: 0.999999 -0.000121762 0.00123022 0.000124237 0.999999 -0.00181885 -0.00122978 0.00181915 0.999997 -0.00344935 0.189203 0.186883
FixedParameters: 0 0 0

#Transform 74
Transform: AffineTransform_float_3_3
Parameters: 0.999999 -2.25168e-05 0.000906038 2.44847e-05 0.999998 -0.00163698 -0.000906961 0.00163702 0.999998 0.0101867 0.184728 0.180382
FixedParameters: 0 0 0

#Transform 75
Transform: AffineTransform_float_3_3
Parameters: 0.999999 -9.34364e-05 0.000955154 9.45631e-05 0.999998 -0.00163691 -0.000954846 0.00163709 0.999998 0.0059821 0.170415 0.175741
FixedParameters: 0 0 0

#Transform 76
Transform: AffineTransform_float_3_3
Parameters: 0.999999 -0.000184815 0.00143828 0.000187187 0.999999 -0.00151973 -0.00143872 0.00151927 0.999998 -0.0122411 0.158498 0.179154
FixedParameters: 0 0 0

#Transform 77
Transform: AffineTransform_float_3_3
Parameters: 0.999999 -0.000236378 0.000991388 0.000237622 0.999998 -0.00163676 -0.000990612 0.00163623 0.999998 -0.000694775 0.162117 0.210577
FixedParameters: 0 0 0

#Transform 78
Transform: AffineTransform_float_3_3
Parameters: 0.999999 -0.000185414 0.000897329 0.000187586 0.999999 -0.00176783 -0.000896669 0.00176817 0.999998 0.00407177 0.164172 0.205349
FixedParameters: 0 0 0

#Transform 79
Transform: AffineTransform_float_3_3
Parameters: 1 -0.000185436 0.000957305 0.000187563 0.999998 -0.00163382 -0.000956695 0.00163418 0.999998 0.00234068 0.160173 0.189647
FixedParameters: 0 0 0

#Transform 80
Transform: AffineTransform_float_3_3
Parameters: 1 -0.000184661 0.00117837 0.000187338 0.999998 -0.00198478 -0.00117763 0.00198522 0.999998 -0.00433185 0.178663 0.196692
FixedParameters: 0 0 0

#Transform 81
Transform: AffineTransform_float_3_3
Parameters: 1 -0.000280349 0.000842551 0.000281652 0.999998 -0.00195976 -0.00084245 0.00196024 0.999997 0.0020583 0.200826 0.208276
FixedParameters: 0 0 0

#Transform 82
Transform: AffineTransform_float_3_3
Parameters: 1 -4.63996e-05 0.00104607 4.76003e-05 0.999999 -0.00152995 -0.00104593 0.00153005 0.999999 0.00518498 0.191199 0.203412
FixedParameters: 0 0 0

#Transform 83
Transform: AffineTransform_float_3_3
Parameters: 0.999999 -0.000185209 0.000962346 0.000186792 0.999999 -0.00186082 -0.000962653 0.00186118 0.999998 0.00212627 0.190024 0.225591
FixedParameters: 0 0 0

#Transform 84
Transform: AffineTransform_float_3_3
Parameters: 1 -7.00486e-05 0.000641104 7.09511e-05 0.999999 -0.00148395 -0.000640895 0.00148404 0.999998 0.0163383 0.162647 0.19821
FixedParameters: 0 0 0

#Transform 85
Transform: AffineTransform_float_3_3
Parameters: 1 5.07541e-05 0.00101391 -4.92457e-05 0.999998 -0.00173005 -0.00101409 0.00172995 0.999998 0.00998306 0.181596 0.170419
FixedParameters: 0 0 0

#Transform 86
Transform: AffineTransform_float_3_3
Parameters: 1 0.000120417 0.000521904 -0.000119583 0.999999 -0.000798062 -0.000522095 0.000798937 0.999999 0.0201456 0.148062 0.131477
FixedParameters: 0 0 0

#Transform 87
Transform: AffineTransform_float_3_3
Parameters: 1 0.000281564 0.000640753 -0.000281436 0.999999 -0.000880181 -0.000641248 0.00088082 1 0.0302647 0.146943 0.138219
FixedParameters: 0 0 0

#Transform 88
Transform: AffineTransform_float_3_3
Parameters: 0.999999 0.000542645 0.000662472 -0.000542355 1 -0.00097436 -0.000662528 0.000973642 1 0.0399159 0.146519 0.134605
FixedParameters: 0 0 0

#Transform 89
Transform: AffineTransform_float_3_3
Parameters: 0.999999 0.000438685 0.000620516 -0.000438315 1 -0.00110327 -0.000621484 0.00110273 0.999999 0.0303833 0.150044 0.136864
FixedParameters: 0 0 0

#Transform 90
Transform: AffineTransform_float_3_3
Parameters: 0.999999 0.000270167 0.00085163 -0.000268834 0.999999 -0.00137023 -0.000851368 0.00136977 0.999998 0.00256986 0.165981 0.144726
FixedParameters: 0 0 0

#Transform 91
Transform: AffineTransform_float_3_3
Parameters: 0.999999 7.70901e-05 0.00076389 -7.59111e-05 0.999999 -0.00142706 -0.000763109 0.00142694 0.999998 -0.00777885 0.117769 0.163081
FixedParameters: 0 0 0

#Transform 92
Transform: AffineTransform_float_3_3
Parameters: 0.999999 0.000157604 0.000912724 -0.000155396 0.999999 -0.00175614 -0.000913274 0.00175686 0.999998 -0.00918746 0.150286 0.156546
FixedParameters: 0 0 0

#Transform 93
Transform: AffineTransform_float_3_3
Parameters: 0.999999 0.000156795 0.000810846 -0.000155204 0.999999 -0.000981126 -0.000811153 0.000980873 0.999999 -0.0084954 0.186231 0.14837
FixedParameters: 0 0 0

#Transform 94
Transform: AffineTransform_float_3_3
Parameters: 0.999999 -0.000188138 0.00129227 0.000189864 0.999999 -0.00144176 -0.00129273 0.00144124 0.999998 -0.0341958 0.157296 0.160614
FixedParameters: 0 0 0

#Transform 95
Transform: AffineTransform_float_3_3
Parameters: 1 -0.000245751 0.0010233 0.000247249 0.999999 -0.00122075 -0.0010227 0.00122125 0.999998 -0.0209684 0.191593 0.139834
FixedParameters: 0 0 0

#Transform 96
Transform: AffineTransform_float_3_3
Parameters: 0.999999 -0.000405717 0.000944551 0.000407283 0.999999 -0.00135762 -0.000944447 0.00135838 0.999998 -0.0324622 0.220697 0.0147927
FixedParameters: 0 0 0

#Transform 97
Transform: AffineTransform_float_3_3
Parameters: 0.999999 2.65005e-05 0.000919986 -2.54995e-05 1 -0.000544024 -0.000920014 0.000543976 1 -0.0147448 0.144613 -0.0443945
FixedParameters: 0 0 0

#Transform 98
Transform: AffineTransform_float_3_3
Parameters: 0.99999 -0.000688427 0.0043998 0.000660573 0.999981 0.00623197 -0.0044042 -0.00622903 0.999971 -0.0341704 -0.132054 0.113803
FixedParameters: 0 0 0

#Transform 99
Transform: AffineTransform_float_3_3
Parameters: 0.99999 -0.00142972 0.00428483 0.00140528 0.999983 0.00576608 -0.00429317 -0.00575992 0.999974 -0.0740682 0.0105407 0.0819097
FixedParameters: 0 0 0

#Transform 100
Transform: AffineTransform_float_3_3
Parameters: 0.999992 -0.00113712 0.00400106 0.00111588 0.999985 0.00527751 -0.00400694 -0.00527249 0.999978 -0.0884394 -0.0126038 0.00870872
FixedParameters: 0 0 0

#Transform 101
Transform: AffineTransform_float_3_3
Parameters: 0.999995 -0.000381931 0.00335333 0.00036707 0.99999 0.00445225 -0.00335467 -0.00445074 0.999984 -0.0375419 0.055567 0.00127283
FixedParameters: 0 0 0

#Transform 102
Transform: AffineTransform_float_3_3
Parameters: 0.999994 -0.000620508 0.00319202 0.000604492 0.999988 0.00485696 -0.00319497 -0.00485504 0.999983 -0.0500355 0.00446006 -0.0493689
FixedParameters: 0 0 0

#Transform 103
Transform: AffineTransform_float_3_3
Parameters: 0.999995 -0.000423566 0.00297524 0.000410429 0.999991 0.00422324 -0.00297776 -0.00422176 0.999986 -0.0358395 0.0231765 -0.0556045
FixedParameters: 0 0 0

#Transform 104
Transform: AffineTransform_float_3_3
Parameters: 0.999997 -0.000339941 0.00240689 0.000332056 0.999994 0.00329981 -0.00240811 -0.00329819 0.999991 -0.0270904 0.0125063 -0.0464787
FixedParameters: 0 0 0

#Transform 105
Transform: AffineTransform_float_3_3
Parameters: 0.999997 -0.000377937 0.00240577 0.000370059 0.999994 0.0032999 -0.00240723 -0.0032981 0.999991 -0.0374646 0.0583 -0.0513269
FixedParameters: 0 0 0

#Transform 106
Transform: AffineTransform_float_3_3
Parameters: 0.999997 -0.000283131 0.00246219 0.00027587 0.999996 0.00289569 -0.00246281 -0.00289531 0.999993 -0.0304117 0.0662421 -0.0257733
FixedParameters: 0 0 0

#Transform 107
Transform: AffineTransform_float_3_3
Parameters: 0.999997 -0.000304828 0.00211517 0.000299171 0.999996 0.00275564 -0.00211583 -0.00275436 0.999994 -0.0198639 0.0796423 0.0105426
FixedParameters: 0 0 0

#Transform 108
Transform: AffineTransform_float_3_3
Parameters: 0.999998 -0.000375707 0.00202295 0.000369293 0.999996 0.00282075 -0.00202405 -0.00282025 0.999994 -0.012098 0.0749651 0.00823554
FixedParameters: 0 0 0

#Transform 109
Transform: AffineTransform_float_3_3
Parameters: 0.999999 -0.000295204 0.00183217 0.000289795 0.999996 0.00284054 -0.00183283 -0.00283946 0.999995 -0.00954294 0.0742258 0.00786996
FixedParameters: 0 0 0

#Transform 110
Transform: AffineTransform_float_3_3
Parameters: 0.999999 -0.000373932 0.00177818 0.000370069 0.999998 0.00221066 -0.00177882 -0.00221034 0.999996 -0.0189197 0.113244 0.0226159
FixedParameters: 0 0 0

#Transform 111
Transform: AffineTransform_float_3_3
Parameters: 0.999999 -0.000203104 0.00182555 0.000198898 0.999997 0.00224737 -0.00182545 -0.00224763 0.999996 -0.016077 0.103933 0.00270074
FixedParameters: 0 0 0

#Transform 112
Transform: AffineTransform_float_3_3
Parameters: 0.999999 -8.21033e-05 0.00155784 7.88962e-05 0.999998 0.00199212 -0.00155816 -0.00199187 0.999997 0.00881272 0.114119 0.0418281
FixedParameters: 0 0 0

#Transform 113
Transform: AffineTransform_float_3_3
Parameters: 0.999999 -0.000239081 0.00155753 0.000236917 0.999998 0.00197837 -0.00155847 -0.00197763 0.999997 0.0111337 0.115505 0.062738
FixedParameters: 0 0 0

#Transform 114
Transform: AffineTransform_float_3_3
Parameters: 1 -0.000298765 0.0010435 0.000297236 0.999998 0.00169131 -0.0010435 -0.00169069 0.999998 0.0375211 0.118188 0.0548176
FixedParameters: 0 0 0

#Transform 115
Transform: AffineTransform_float_3_3
Parameters: 1 -0.000373039 0.00104292 0.000369963 0.999995 0.00291339 -0.00104308 -0.00291261 0.999995 0.0288136 0.194259 0.013004
FixedParameters: 0 0 0

#Transform 116
Transform: AffineTransform_float_3_3
Parameters: 1 -0.000463193 0.00104303 0.000460807 0.999997 0.00210148 -0.00104397 -0.00210152 0.999997 0.0332957 0.137775 0.0387366
FixedParameters: 0 0 0

#Transform 117
Transform: AffineTransform_float_3_3
Parameters: 0.999999 -0.000719248 0.00104245 0.000716753 0.999998 0.00215575 -0.00104355 -0.00215425 0.999997 0.017376 0.151543 0.0365924
FixedParameters: 0 0 0

#Transform 118
Transform: AffineTransform_float_3_3
Parameters: 0.999999 -0.00091093 0.000848933 0.000909069 0.999997 0.00227177 -0.000851067 -0.00227023 0.999997 0.0239548 0.131652 0.0399008
FixedParameters: 0 0 0

#Transform 119
Transform: AffineTransform_float_3_3
Parameters: 0.999999 -0.000824991 0.00104243 0.000823009 0.999998 0.00190986 -0.00104357 -0.00190814 0.999997 0.0054121 0.162013 0.0677885
FixedParameters: 0 0 0

#Transform 120
Transform: AffineTransform_float_3_3
Parameters: 0.999998 -0.00128177 0.00104182 0.00128023 0.999997 0.00170134 -0.00104318 -0.00169966 0.999998 0.00980437 0.181318 0.0444658
FixedParameters: 0 0 0

#Transform 121
Transform: AffineTransform_float_3_3
Parameters: 0.999999 -0.000372358 0.00119327 0.000369643 0.999998 0.00197544 -0.00119373 -0.00197556 0.999998 0.0103854 0.153755 0.0409093
FixedParameters: 0 0 0

#Transform 122
Transform: AffineTransform_float_3_3
Parameters: 0.999999 0.000247948 0.00123621 -0.000249052 0.999999 0.000850692 -0.00123579 -0.000851307 0.999999 -0.00865174 0.161328 0.0800502
FixedParameters: 0 0 0

#Transform 123
Transform: AffineTransform_float_3_3
Parameters: 1 7.70727e-05 0.001118 -7.69273e-05 1 -6.50861e-05 -0.00111801 6.49139e-05 1 -0.0105474 0.160229 0.124337
FixedParameters: 0 0 0

#Transform 124
Transform: AffineTransform_float_3_3
Parameters: 1 0.000257364 0.00105516 -0.000258636 1 0.000602727 -0.00105484 -0.000603272 1 0.000232454 0.171627 0.0981113
FixedParameters: 0 0 0

#Transform 125
Transform: AffineTransform_float_3_3
Parameters: 0.999999 0.00027266 0.000940098 -0.000272339 1 0.000360744 -0.000939901 -0.000361256 0.999999 0.010294 0.190758 0.124072
FixedParameters: 0 0 0

#Transform 126
Transform: AffineTransform_float_3_3
Parameters: 0.999999 0.000108889 0.000861014 -0.000109112 1 0.000129906 -0.000860985 -0.000129094 0.999999 0.0126622 0.192456 0.137786
FixedParameters: 0 0 0

#Transform 127
Transform: AffineTransform_float_3_3
Parameters: 0.999999 1.38838e-05 0.000861001 -1.41162e-05 1 0.000134988 -0.000860997 -0.000135012 0.999999 0.0131395 0.204106 0.137788
FixedParameters: 0 0 0

#Transform 128
Transform: AffineTransform_float_3_3
Parameters: 0.999999 -0.000573804 0.000459245 0.000574196 0.999999 -0.000426736 -0.000459755 0.000427264 1 0.0433769 0.219194 0.143964
FixedParameters: 0 0 0

#Transform 129
Transform: AffineTransform_float_3_3
Parameters: 0.999999 -0.00154176 0.000124039 0.00154224 0.999997 -0.00197081 -0.00012096 0.00197119 0.999998 0.0342167 0.274253 0.196793
FixedParameters: 0 0 0

#Transform 130
Transform: AffineTransform_float_3_3
Parameters: 0.999999 0.00110382 0.0013158 -0.00110018 0.999995 -0.00290245 -0.0013192 0.00290055 0.999995 -0.012776 0.272885 0.237424
FixedParameters: 0 0 0

#Transform 131
Transform: AffineTransform_float_3_3
Parameters: 0.999997 0.00145025 0.00160808 -0.00144675 0.999997 -0.00201833 -0.00161092 0.00201567 0.999996 -0.0179323 0.254464 0.198353
FixedParameters: 0 0 0

#Transform 132
Transform: AffineTransform_float_3_3
Parameters: 0.999997 0.00182029 0.00163134 -0.00181771 0.999997 -0.00201297 -0.00163566 0.00201003 0.999996 0.0280675 0.488045 0.0644249
FixedParameters: 0 0 0

#Transform 133
Transform: AffineTransform_float_3_3
Parameters: 1 1.17627e-05 0.000532984 -1.12373e-05 0.999999 -0.00143101 -0.000533016 0.00143099 0.999999 0.0654596 0.417502 0.096839
FixedParameters: 0 0 0

#Transform 134
Transform: AffineTransform_float_3_3
Parameters: 1 0.000927635 0.000749752 -0.000925365 0.999994 -0.0035067 -0.000753249 0.0035063 0.999993 0.0484747 0.40983 0.158136
FixedParameters: 0 0 0

#Transform 135
Transform: AffineTransform_float_3_3
Parameters: 0.999999 0.000912556 0.000905435 -0.000911446 0.999998 -0.00171683 -0.000906566 0.00171617 0.999998 0.0717914 0.413497 0.110654
FixedParameters: 0 0 0

#Transform 136
Transform: AffineTransform_float_3_3
Parameters: 1 -0.000260222 0.000499406 0.000260777 0.999999 -0.00155787 -0.000498594 0.00155813 0.999998 0.0659685 0.38985 0.121605
FixedParameters: 0 0 0

#Transform 137
Transform: AffineTransform_float_3_3
Parameters: 0.999999 -0.00108678 0.00058826 0.00108822 0.999997 -0.00207836 -0.00058574 0.00207864 0.999997 0.0539814 0.415948 0.134697
FixedParameters: 0 0 0

#Transform 138
Transform: AffineTransform_float_3_3
Parameters: 1 -0.000714041 0.000909332 0.000716959 0.999995 -0.00325835 -0.000906669 0.00325965 0.999995 0.0366036 0.404258 0.172564
FixedParameters: 0 0 0

#Transform 139
Transform: AffineTransform_float_3_3
Parameters: 0.999999 -0.00115119 0.000771708 0.00115281 0.999996 -0.00235011 -0.000769292 0.00235089 0.999997 0.0377506 0.410875 0.156341
FixedParameters: 0 0 0

#Transform 140
Transform: AffineTransform_float_3_3
Parameters: 0.999999 -0.00114778 0.0009447 0.00115022 0.999996 -0.00234991 -0.000941299 0.00235108 0.999997 0.0408444 0.378251 0.160201
FixedParameters: 0 0 0

#Transform 141
Transform: AffineTransform_float_3_3
Parameters: 0.999999 -0.00140049 0.000642294 0.00140251 0.999997 -0.0023501 -0.000638705 0.0023509 0.999997 0.0399608 0.355858 0.164649
FixedParameters: 0 0 0

#Transform 142
Transform: AffineTransform_float_3_3
Parameters: 0.999999 -0.00114846 0.000582048 0.00114954 0.999996 -0.00265133 -0.000578955 0.00265167 0.999997 0.0517436 0.389665 0.172947
FixedParameters: 0 0 0

#Transform 143
Transform: AffineTransform_float_3_3
Parameters: 0.999998 -0.00155653 0.000694296 0.00155846 0.999996 -0.00211592 -0.000690703 0.00211708 0.999998 0.0321953 0.349214 0.170361
FixedParameters: 0 0 0

#Transform 144
Transform: AffineTransform_float_3_3
Parameters: 0.999999 -0.00131487 0.00056165 0.00131613 0.999997 -0.00201426 -0.00055835 0.00201474 0.999998 0.050475 0.354352 0.176672
FixedParameters: 0 0 0

#Transform 145
Transform: AffineTransform_float_3_3
Parameters: 0.999995 -0.0025665 0.0014877 0.0025645 0.999996 0.00167782 -0.0014923 -0.00167418 0.999998 0.0221718 0.163814 0.143387
FixedParameters: 0 0 0

#Transform 146
Transform: AffineTransform_float_3_3
Parameters: 0.999994 -0.00208296 0.00281012 0.00207504 0.999994 0.00283085 -0.00281588 -0.00282515 0.999992 -0.0646603 0.127353 0.00170582
FixedParameters: 0 0 0

#Transform 147
Transform: AffineTransform_float_3_3
Parameters: 0.999989 -0.00275098 0.00360865 0.00274001 0.999991 0.00304492 -0.00361734 -0.00303508 0.999989 -0.0343387 0.0191189 0.2628
FixedParameters: 0 0 0

#Transform 148
Transform: AffineTransform_float_3_3
Parameters: 0.999986 -0.00263205 0.004617 0.00260195 0.999976 0.00650311 -0.004634 -0.0064909 0.999968 -0.0256981 -0.0552673 0.230669
FixedParameters: 0 0 0

#Transform 149
Transform: AffineTransform_float_3_3
Parameters: 0.999992 -0.0023652 0.0031997 0.0023578 0.999994 0.00225056 -0.00320531 -0.00224344 0.999993 0.0192328 0.171015 0.181176
FixedParameters: 0 0 0

#Transform 150
Transform: AffineTransform_float_3_3
Parameters: 0.999993 -0.00248627 0.00275615 0.00248173 0.999995 0.00155185 -0.00275985 -0.00154515 0.999995 0.00732181 0.216556 0.163755
FixedParameters: 0 0 0

#Transform 151
Transform: AffineTransform_float_3_3
Parameters: 0.999995 -0.00234608 0.00202075 0.00234492 0.999997 0.000536741 -0.00202225 -0.000532258 0.999998 0.0239926 0.260411 0.163063
FixedParameters: 0 0 0

#Transform 152
Transform: AffineTransform_float_3_3
Parameters: 0.999995 -0.00217492 0.00195609 0.00217508 0.999997 -3.97455e-05 -0.00195591 4.42541e-05 0.999998 0.0170141 0.253612 0.178835
FixedParameters: 0 0 0

#Transform 153
Transform: AffineTransform_float_3_3
Parameters: 0.999996 -0.00219963 0.00182965 0.00220137 0.999998 -0.000746976 -0.00182835 0.000751025 0.999998 0.0138866 0.268045 0.19402
FixedParameters: 0 0 0

#Transform 154
Transform: AffineTransform_float_3_3
Parameters: 0.999997 -0.00223454 0.00150217 0.00223646 0.999997 -0.000968644 -0.00149983 0.000972355 0.999999 0.00585776 0.278748 0.206938
FixedParameters: 0 0 0

#Transform 155
Transform: AffineTransform_float_3_3
Parameters: 0.999997 -0.00219297 0.00162375 0.00219503 0.999997 -0.00125044 -0.00162125 0.00125356 0.999998 0.000844061 0.308799 0.217816
FixedParameters: 0 0 0

#Transform 156
Transform: AffineTransform_float_3_3
Parameters: 0.999997 -0.002236 0.00141218 0.00223801 0.999997 -0.00142085 -0.00140882 0.00142416 0.999998 0.00548519 0.313944 0.225048
FixedParameters: 0 0 0

#Transform 157
Transform: AffineTransform_float_3_3
Parameters: 0.999997 -0.00223622 0.0014228 0.00223778 0.999996 -0.00125082 -0.0014202 0.00125418 0.999998 0.00518965 0.308839 0.218233
FixedParameters: 0 0 0

#Transform 158
Transform: AffineTransform_float_3_3
Parameters: 0.999998 -0.00211383 0.000794121 0.00211417 0.999996 -0.00147532 -0.000790881 0.00147667 0.999998 0.0318435 0.298662 0.204811
FixedParameters: 0 0 0

#Transform 159
Transform: AffineTransform_float_3_3
Parameters: 0.999996 -0.00237499 0.00108838 0.002377 0.999996 -0.00184442 -0.00108361 0.00184758 0.999997 0.0189865 0.324393 0.210093
FixedParameters: 0 0 0

#Transform 160
Transform: AffineTransform_float_3_3
Parameters: 0.999997 -0.00245976 0.00112092 0.00246224 0.999995 -0.00199825 -0.00111608 0.00200075 0.999998 0.0318761 0.336103 0.236841
FixedParameters: 0 0 0

#Transform 161
Transform: AffineTransform_float_3_3
Parameters: 0.999997 -0.0024387 0.000673737 0.0024403 0.999995 -0.00194136 -0.000669262 0.00194264 0.999998 0.027315 0.327459 0.245784
FixedParameters: 0 0 0

#Transform 162
Transform: AffineTransform_float_3_3
Parameters: 0.999996 -0.00273874 0.000736715 0.00273926 0.999995 -0.00171999 -0.000732287 0.00172201 0.999998 0.028728 0.327286 0.231954
FixedParameters: 0 0 0

#Transform 163
Transform: AffineTransform_float_3_3
Parameters: 0.999996 -0.00273858 0.000805832 0.00273942 0.999994 -0.0017628 -0.000801169 0.0017652 0.999998 0.0393069 0.341221 0.21667
FixedParameters: 0 0 0

#Transform 164
Transform: AffineTransform_float_3_3
Parameters: 0.999996 -0.00273826 0.000827782 0.00273974 0.999994 -0.00210974 -0.000822218 0.00211226 0.999998 0.0386717 0.333277 0.243463
FixedParameters: 0 0 0

#Transform 165
Transform: AffineTransform_float_3_3
Parameters: 0.999996 -0.00273864 0.000659676 0.00273936 0.999994 -0.0020712 -0.000653323 0.0020738 0.999997 0.0437591 0.332119 0.230433
FixedParameters: 0 0 0

#Transform 166
Transform: AffineTransform_float_3_3
Parameters: 0.999996 -0.0027383 0.000785947 0.0027397 0.999994 -0.00216986 -0.000780054 0.00217215 0.999998 0.0466385 0.329569 0.25097
FixedParameters: 0 0 0

#Transform 167
Transform: AffineTransform_float_3_3
Parameters: 0.999996 -0.00273866 0.000708216 0.00273934 0.999995 -0.00190307 -0.000702786 0.00190493 0.999998 0.0597085 0.318804 0.248886
FixedParameters: 0 0 0

#Transform 168
Transform: AffineTransform_float_3_3
Parameters: 0.999996 -0.00273912 0.000504817 0.00273988 0.999994 -0.00175762 -0.000500185 0.00175838 0.999999 0.0657989 0.326956 0.235261
FixedParameters: 0 0 0

#Transform 169
Transform: AffineTransform_float_3_3
Parameters: 0.999996 -0.00261552 0.000347627 0.00261648 0.999995 -0.00138609 -0.000343373 0.0013869 0.999999 0.0641444 0.327682 0.197706
FixedParameters: 0 0 0

#Transform 170
Transform: AffineTransform_float_3_3
Parameters: 0.999997 -0.00223507 -4.88127e-05 0.00223493 0.999997 -0.00142611 5.11869e-05 0.00142589 0.999999 0.0824606 0.337533 0.176081
FixedParameters: 0 0 0

#Transform 171
Transform: AffineTransform_float_3_3
Parameters: 0.999998 -0.00208099 5.64591e-06 0.00208101 0.999997 -0.00175199 -1.35407e-06 0.00175201 0.999999 0.0713207 0.32205 0.193635
FixedParameters: 0 0 0

#Transform 172
Transform: AffineTransform_float_3_3
Parameters: 0.999998 -0.00209973 0.000127561 0.00209927 0.999996 -0.00217174 -0.000122442 0.00217126 0.999997 0.0658902 0.347362 0.225364
FixedParameters: 0 0 0

#Transform 173
Transform: AffineTransform_float_3_3
Parameters: 0.999997 -0.00240374 0.000122202 0.00240426 0.999995 -0.00216371 -0.000117797 0.00216429 0.999997 0.0569786 0.329865 0.212342
FixedParameters: 0 0 0

#Transform 174
Transform: AffineTransform_float_3_3
Parameters: 0.999997 -0.00249884 8.85353e-05 0.00249916 0.999995 -0.00181479 -8.34639e-05 0.00181522 0.999999 0.0460294 0.354945 0.201089
FixedParameters: 0 0 0

#Transform 175
Transform: AffineTransform_float_3_3
Parameters: 0.999996 -0.00255977 0.000585374 0.00256022 0.999994 -0.00209851 -0.000580628 0.00209949 0.999997 0.0402061 0.372933 0.215352
FixedParameters: 0 0 0

#Transform 176
Transform: AffineTransform_float_3_3
Parameters: 0.999997 -0.00232703 0.000479751 0.00232797 0.999995 -0.00204089 -0.000474248 0.00204211 0.999998 0.0484398 0.366143 0.153263
FixedParameters: 0 0 0

#Transform 177
Transform: AffineTransform_float_3_3
Parameters: 0.999996 -0.00273873 0.000522682 0.00273927 0.999994 -0.00243858 -0.000515319 0.00244042 0.999997 0.0378529 0.413065 0.09256
FixedParameters: 0 0 0

#Transform 178
Transform: AffineTransform_float_3_3
Parameters: 0.999995 -0.00310592 0.000510627 0.00310708 0.999993 -0.00213242 -0.000503371 0.00213457 0.999997 0.0260671 0.366327 0.159108
FixedParameters: 0 0 0

#Transform 179
Transform: AffineTransform_float_3_3
Parameters: 0.999995 -0.0031708 0.000105249 0.0031712 0.999993 -0.00197068 -9.87524e-05 0.00197032 0.999998 0.0353392 0.328476 0.219295
FixedParameters: 0 0 0

#Transform 180
Transform: AffineTransform_float_3_3
Parameters: 0.999995 -0.00293002 0.000487885 0.00293097 0.999993 -0.00200758 -0.000482113 0.00200942 0.999998 0.0338858 0.368566 0.219821
FixedParameters: 0 0 0

#Transform 181
Transform: AffineTransform_float_3_3
Parameters: 0.999996 -0.00280601 0.000518372 0.00280699 0.999994 -0.00191355 -0.000513629 0.00191445 0.999998 0.0352094 0.373055 0.216127
FixedParameters: 0 0 0

#Transform 182
Transform: AffineTransform_float_3_3
Parameters: 0.999996 -0.00277662 0.000216881 0.00277738 0.999994 -0.0017574 -0.000212117 0.0017586 0.999999 0.0470748 0.342521 0.193701
FixedParameters: 0 0 0

#Transform 183
Transform: AffineTransform_float_3_3
Parameters: 0.999996 -0.00269881 0.000638046 0.00269919 0.999994 -0.00186828 -0.000632957 0.00186971 0.999998 0.0419614 0.361372 0.197226
FixedParameters: 0 0 0

#Transform 184
Transform: AffineTransform_float_3_3
Parameters: 0.999996 -0.00268152 0.000220851 0.00268247 0.999994 -0.00218141 -0.000215146 0.00218258 0.999997 0.047742 0.364759 0.200444
FixedParameters: 0 0 0

#Transform 185
Transform: AffineTransform_float_3_3
Parameters: 0.999996 -0.00275017 0.000353507 0.00275083 0.999994 -0.00236504 -0.000347494 0.00236597 0.999997 0.046254 0.351978 0.204129
FixedParameters: 0 0 0

#Transform 186
Transform: AffineTransform_float_3_3
Parameters: 0.999995 -0.00285601 0.000663273 0.00285699 0.999995 -0.00149511 -0.000659726 0.00149689 0.999998 0.0142053 0.387415 0.12913
FixedParameters: 0 0 0

#Transform 187
Transform: AffineTransform_float_3_3
Parameters: 0.999993 -0.0036399 0.000684857 0.0036411 0.999992 -0.00160752 -0.000679146 0.00160948 0.999999 -0.0210609 0.356924 0.0221333
FixedParameters: 0 0 0

#Transform 188
Transform: AffineTransform_float_3_3
