#Insight Transform File V1.0
#Transform 0
Transform: AffineTransform_float_3_3
Parameters: 1 -1.22097e-18 -6.97702e-18 -1.1415e-18 1 -5.21957e-17 -2.77065e-18 2.85795e-17 1 1.42109e-14 -1.42109e-14 0
FixedParameters: 0 0 0

#Transform 1
Transform: AffineTransform_float_3_3
Parameters: 1 -1.83718e-05 -0.00015614 1.82647e-05 1 -0.000342903 0.000156153 0.000342898 1 0.0116029 0.053002 0.0522435
FixedParameters: 0 0 0

#Transform 2
Transform: AffineTransform_float_3_3
Parameters: 1 5.91061e-06 -1.01213e-06 -5.91111e-06 1 -0.000248928 1.00919e-06 0.000248928 1 0.00777297 -0.00402974 -0.00589464
FixedParameters: 0 0 0

#Transform 3
Transform: AffineTransform_float_3_3
Parameters: 1 2.56343e-05 8.99623e-05 -2.55591e-05 1 -0.000417881 -8.99837e-05 0.000417876 1 0.0186603 0.0472008 0.0084305
FixedParameters: 0 0 0

#Transform 4
Transform: AffineTransform_float_3_3
Parameters: 1 -0.000284469 -8.31376e-05 0.000284401 1 -0.000404555 8.33678e-05 0.000404508 1 0.0250821 0.0128389 -0.0322375
FixedParameters: 0 0 0

#Transform 5
Transform: AffineTransform_float_3_3
Parameters: 1 -0.00032277 -0.000352464 0.000322283 0.999999 -0.000689538 0.000352909 0.00068931 0.999999 0.0298755 0.0218462 -0.0118853
FixedParameters: 0 0 0

#Transform 6
Transform: AffineTransform_float_3_3
Parameters: 1 -0.000244344 -0.00030299 0.000243658 0.999999 -0.00085388 0.000302422 0.000853741 0.999999 0.0317386 0.0195903 -0.00468551
FixedParameters: 0 0 0

#Transform 7
Transform: AffineTransform_float_3_3
Parameters: 0.999999 -0.000568078 -0.000464459 0.000567301 0.999999 -0.000868967 0.000465489 0.000869714 1 0.0559815 0.0677839 0.101187
FixedParameters: 0 0 0

#Transform 8
Transform: AffineTransform_float_3_3
Parameters: 1 -0.000489957 8.38809e-05 0.000489993 1 -0.000209991 -8.36751e-05 0.000210073 1 0.0519333 -0.0382785 0.0553827
FixedParameters: 0 0 0

#Transform 9
Transform: AffineTransform_float_3_3
Parameters: 1 -0.000526411 -0.000156317 0.000526285 1 -0.000403058 0.000156741 0.000402894 1 0.0536058 0.0311922 0.0649462
FixedParameters: 0 0 0

#Transform 10
Transform: AffineTransform_float_3_3
Parameters: 1 -0.000515284 -0.000104406 0.00051518 0.999999 -0.000495003 0.000104916 0.000494895 1 0.036378 0.0177526 0.0207479
FixedParameters: 0 0 0

#Transform 11
Transform: AffineTransform_float_3_3
Parameters: 1 -0.000483907 8.29716e-05 0.000483984 1 -0.000463918 -8.25225e-05 0.000463998 1 0.0350816 0.00264589 -0.0529436
FixedParameters: 0 0 0

#Transform 12
Transform: AffineTransform_float_3_3
Parameters: 0.999999 -0.000761837 -0.000281964 0.000761181 1 -0.000919439 0.000282423 0.00091996 1 0.0326184 0.0499703 -0.0150126
FixedParameters: 0 0 0

#Transform 13
Transform: AffineTransform_float_3_3
Parameters: 1 -0.000479262 8.22713e-05 0.00047937 0.999999 -0.000658862 -8.16397e-05 0.000658941 1 0.039028 -0.00761887 -0.0702878
FixedParameters: 0 0 0

#Transform 14
Transform: AffineTransform_float_3_3
Parameters: 1 -0.000499006 -7.85516e-05 0.000498851 1 -0.000983013 7.95323e-05 0.000982602 0.999999 0.0478556 0.0630967 -0.0161839
FixedParameters: 0 0 0

#Transform 15
Transform: AffineTransform_float_3_3
Parameters: 1 -0.00062211 0.000159585 0.000622335 0.999999 -0.000707522 -0.000158704 0.00070772 0.999999 0.0368471 -0.0024702 -0.0750292
FixedParameters: 0 0 0

#Transform 16
Transform: AffineTransform_float_3_3
Parameters: 1 -0.000544358 -0.000374008 0.000543316 0.999999 -0.00120997 0.000374383 0.00121051 0.999999 0.0522843 0.0667584 -0.0344466
FixedParameters: 0 0 0

#Transform 17
Transform: AffineTransform_float_3_3
Parameters: 1 -0.000542226 -0.000329838 0.000541585 1 -0.000982988 0.000330951 0.000982629 1 0.0645428 -0.00666097 -0.103051
FixedParameters: 0 0 0

#Transform 18
Transform: AffineTransform_float_3_3
Parameters: 1 -0.00102884 -0.000308705 0.00102881 0.999998 -0.00136389 0.000310358 0.00136324 0.999999 0.0618156 0.042648 -0.0612933
FixedParameters: 0 0 0

#Transform 19
Transform: AffineTransform_float_3_3
Parameters: 0.999999 -0.000894267 -2.34657e-05 0.000894068 0.999999 -0.00128455 2.48225e-05 0.00128545 0.999999 0.0502956 -0.0147835 -0.0820312
FixedParameters: 0 0 0

#Transform 20
Transform: AffineTransform_float_3_3
Parameters: 1 -0.00111797 -0.000263615 0.00111677 0.999998 -0.00164038 0.000265311 0.00163947 0.999998 0.0562014 0.0557179 -0.0563197
FixedParameters: 0 0 0

#Transform 21
Transform: AffineTransform_float_3_3
Parameters: 0.999999 -0.00123866 -0.000293906 0.00123856 0.999999 -0.00131115 0.000295012 0.00131103 0.999999 0.057867 0.0136764 -0.0739334
FixedParameters: 0 0 0

#Transform 22
Transform: AffineTransform_float_3_3
Parameters: 0.999999 -0.00133023 -0.000486072 0.00132974 0.999998 -0.00137184 0.000488563 0.00137114 0.999999 0.0630053 0.0319305 -0.107905
FixedParameters: 0 0 0

#Transform 23
Transform: AffineTransform_float_3_3
Parameters: 0.999998 -0.00147808 -0.000582825 0.00147773 0.999997 -0.00174815 0.000585726 0.00174828 0.999998 0.0678081 0.0647541 -0.0541165
FixedParameters: 0 0 0

#Transform 24
Transform: AffineTransform_float_3_3
Parameters: 0.999999 -0.001404 -0.000246132 0.001404 0.999998 -0.00131222 0.000247677 0.00131119 0.999999 0.0604484 -0.0141936 -0.102168
FixedParameters: 0 0 0

#Transform 25
Transform: AffineTransform_float_3_3
Parameters: 0.999998 -0.00155976 -0.000550317 0.00155923 0.999997 -0.00183538 0.000552793 0.00183425 0.999998 0.0739467 0.0592414 -0.0533189
FixedParameters: 0 0 0

#Transform 26
Transform: AffineTransform_float_3_3
Parameters: 0.999999 -0.00137437 -0.000377044 0.00137403 0.999998 -0.00132919 0.000378555 0.00132876 0.999999 0.0745741 0.00297771 -0.102552
FixedParameters: 0 0 0

#Transform 27
Transform: AffineTransform_float_3_3
Parameters: 0.999999 -0.00139144 -0.000583726 0.00139118 0.999998 -0.00164199 0.000586031 0.00164127 0.999999 0.0698201 0.0456228 -0.10126
FixedParameters: 0 0 0

#Transform 28
Transform: AffineTransform_float_3_3
Parameters: 0.999999 -0.00135086 -0.000317057 0.00135064 0.999998 -0.00141281 0.000318732 0.00141256 0.999999 0.0699042 0.0187101 -0.126591
FixedParameters: 0 0 0

#Transform 29
Transform: AffineTransform_float_3_3
Parameters: 0.999999 -0.00144238 -0.000464056 0.00144135 0.999998 -0.00183274 0.000467246 0.001832 0.999998 0.0737953 0.0274835 -0.113334
FixedParameters: 0 0 0

#Transform 30
Transform: AffineTransform_float_3_3
Parameters: 0.999999 -0.00139318 -0.000574498 0.00139311 0.999998 -0.00150118 0.00057637 0.00150016 0.999998 0.0756487 0.0200703 -0.107425
FixedParameters: 0 0 0

#Transform 31
Transform: AffineTransform_float_3_3
Parameters: 0.999999 -0.0013717 -0.000455367 0.00137096 0.999998 -0.00153997 0.000457448 0.00153932 0.999998 0.0748363 0.0251302 -0.119071
FixedParameters: 0 0 0

#Transform 32
Transform: AffineTransform_float_3_3
Parameters: 0.999999 -0.0014112 -0.00065483 0.00141112 0.999998 -0.00132436 0.000656255 0.00132309 0.999999 0.0763607 0.0583778 -0.0959168
FixedParameters: 0 0 0

#Transform 33
Transform: AffineTransform_float_3_3
Parameters: 0.999999 -0.0014711 -0.000156078 0.00147067 0.999998 -0.000871953 0.000157608 0.000872111 0.999999 0.0771148 0.0170371 -0.157057
FixedParameters: 0 0 0

#Transform 34
Transform: AffineTransform_float_3_3
Parameters: 0.999999 -0.00139047 -0.000603945 0.00138992 0.999997 -0.00183096 0.000606772 0.00183019 0.999998 0.0964923 0.0924197 -0.0770484
FixedParameters: 0 0 0

#Transform 35
Transform: AffineTransform_float_3_3
Parameters: 0.999999 -0.00139654 -0.000543951 0.00139614 0.999999 -0.00113623 0.000545966 0.0011353 0.999999 0.0795217 0.00282865 -0.144545
FixedParameters: 0 0 0

#Transform 36
Transform: AffineTransform_float_3_3
Parameters: 0.999999 -0.00135124 -0.000355194 0.00135073 0.999998 -0.00167262 0.000357619 0.0016726 0.999999 0.0937315 0.0459174 -0.139153
FixedParameters: 0 0 0

#Transform 37
Transform: AffineTransform_float_3_3
Parameters: 0.999999 -0.00141047 -0.000644862 0.00140949 0.999999 -0.00128233 0.000646335 0.00128111 0.999999 0.0951412 0.050007 -0.137496
FixedParameters: 0 0 0

#Transform 38
Transform: AffineTransform_float_3_3
Parameters: 0.999999 -0.00132432 -0.000180421 0.00132441 0.999998 -0.00153756 0.000182355 0.00153674 0.999999 0.0922483 0.0187948 -0.163781
FixedParameters: 0 0 0

#Transform 39
Transform: AffineTransform_float_3_3
Parameters: 0.999999 -0.00139736 -0.000614198 0.00139704 0.999998 -0.00161404 0.000616444 0.00161324 0.999999 0.094911 0.0349868 -0.139766
FixedParameters: 0 0 0

#Transform 40
Transform: AffineTransform_float_3_3
Parameters: 0.999999 -0.0017022 -0.00053665 0.00170141 0.999996 -0.00197893 0.000539102 0.00197864 0.999998 0.089337 0.0447116 -0.134813
FixedParameters: 0 0 0

#Transform 41
Transform: AffineTransform_float_3_3
Parameters: 0.999998 -0.00160383 -0.000486086 0.0016027 0.999998 -0.00169155 0.00048843 0.0016906 0.999999 0.090368 0.020189 -0.143506
FixedParameters: 0 0 0

#Transform 42
Transform: AffineTransform_float_3_3
Parameters: 0.999999 -0.00172613 -0.000426562 0.00172541 0.999997 -0.0016228 0.000429972 0.0016216 0.999998 0.0810641 0.0392388 -0.137694
FixedParameters: 0 0 0

#Transform 43
Transform: AffineTransform_float_3_3
Parameters: 0.999998 -0.00178936 -0.000515513 0.00178783 0.999996 -0.00196004 0.000519396 0.00195881 0.999998 0.088166 0.0455101 -0.122212
FixedParameters: 0 0 0

#Transform 44
Transform: AffineTransform_float_3_3
Parameters: 0.999999 -0.00163078 -0.00061994 0.00162971 0.999998 -0.00139979 0.000622312 0.00139837 0.999999 0.0839173 0.0134845 -0.12672
FixedParameters: 0 0 0

#Transform 45
Transform: AffineTransform_float_3_3
Parameters: 0.999998 -0.00194366 -0.000597255 0.00194256 0.999996 -0.00204285 0.000600909 0.00204173 0.999997 0.0862316 0.0261111 -0.119064
FixedParameters: 0 0 0

#Transform 46
Transform: AffineTransform_float_3_3
Parameters: 0.999998 -0.00187769 -0.000585016 0.00187727 0.999997 -0.00165 0.000587911 0.00164933 0.999999 0.0914259 0.0239209 -0.121267
FixedParameters: 0 0 0

#Transform 47
Transform: AffineTransform_float_3_3
Parameters: 0.999998 -0.0020383 -0.000427497 0.00203744 0.999997 -0.00160636 0.000430865 0.00160584 0.999998 0.0831751 0.0216773 -0.132657
FixedParameters: 0 0 0

#Transform 48
Transform: AffineTransform_float_3_3
Parameters: 0.999998 -0.00209784 -0.000824385 0.00209688 0.999996 -0.00199299 0.000828289 0.00199104 0.999998 0.100059 0.0582355 -0.0848065
FixedParameters: 0 0 0

#Transform 49
Transform: AffineTransform_float_3_3
Parameters: 0.999998 -0.0018662 -0.000333515 0.00186585 0.999997 -0.0015444 0.000337085 0.00154436 0.999998 0.0931807 -0.00102012 -0.139332
FixedParameters: 0 0 0

#Transform 50
Transform: AffineTransform_float_3_3
Parameters: 0.999997 -0.00223378 -0.000742923 0.00223295 0.999996 -0.00156634 0.000746569 0.00156455 0.999999 0.120059 0.0757436 -0.0375401
FixedParameters: 0 0 0

#Transform 51
Transform: AffineTransform_float_3_3
Parameters: 0.999998 -0.00216744 -0.000644587 0.00216741 0.999997 -0.000683659 0.000646292 0.0006824 1 0.10825 -0.00323545 -0.0895411
FixedParameters: 0 0 0

#Transform 52
Transform: AffineTransform_float_3_3
Parameters: 0.999998 -0.00220929 -0.000601021 0.00220891 0.999996 -0.00156601 0.000604592 0.00156488 0.999999 0.101216 0.0586508 -0.100989
FixedParameters: 0 0 0

#Transform 53
Transform: AffineTransform_float_3_3
Parameters: 0.999997 -0.00223238 -0.000723054 0.00223177 0.999996 -0.00147835 0.000726302 0.00147759 0.999999 0.103541 0.0402078 -0.0989072
FixedParameters: 0 0 0

#Transform 54
Transform: AffineTransform_float_3_3
Parameters: 0.999998 -0.00221137 -0.00064482 0.00221038 0.999996 -0.00180021 0.000648446 0.00179856 0.999998 0.11131 0.0433726 -0.0997891
FixedParameters: 0 0 0

#Transform 55
Transform: AffineTransform_float_3_3
Parameters: 0.999997 -0.00222656 -0.000725525 0.00222538 0.999996 -0.00174644 0.000728962 0.00174535 0.999998 0.0910897 0.0478395 -0.0545975
FixedParameters: 0 0 0

#Transform 56
Transform: AffineTransform_float_3_3
Parameters: 0.999998 -0.00192805 -0.000337545 0.00192785 0.999998 -0.00127878 0.000340285 0.00127774 0.999999 0.0897924 0.00914146 -0.164917
FixedParameters: 0 0 0

#Transform 57
Transform: AffineTransform_float_3_3
Parameters: 0.999998 -0.0021504 -0.00078526 0.00214893 0.999997 -0.00179847 0.000788655 0.00179724 0.999998 0.100475 0.0932552 -0.0975991
FixedParameters: 0 0 0

#Transform 58
Transform: AffineTransform_float_3_3
Parameters: 0.999998 -0.00190346 -0.00068296 0.00190163 0.999997 -0.00170638 0.000686323 0.00170438 0.999999 0.100052 0.00946837 -0.146415
FixedParameters: 0 0 0

#Transform 59
Transform: AffineTransform_float_3_3
Parameters: 0.999998 -0.00220149 -0.000587668 0.00220071 0.999996 -0.00180007 0.000591258 0.00179869 0.999998 0.0986304 0.063552 -0.145986
FixedParameters: 0 0 0

#Transform 60
Transform: AffineTransform_float_3_3
Parameters: 0.999997 -0.00222514 -0.000724641 0.00222406 0.999996 -0.00180042 0.000729299 0.00179933 0.999998 0.101295 0.0693078 -0.138576
FixedParameters: 0 0 0

#Transform 61
Transform: AffineTransform_float_3_3
Parameters: 0.999998 -0.00217595 -0.00043986 0.00217471 0.999996 -0.00179971 0.000443526 0.00179902 0.999998 0.105478 0.0335585 -0.185856
FixedParameters: 0 0 0

#Transform 62
Transform: AffineTransform_float_3_3
Parameters: 0.999997 -0.00233662 -0.000671887 0.00233477 0.999995 -0.00224433 0.000677099 0.00224239 0.999997 0.111024 0.0929391 -0.142102
FixedParameters: 0 0 0

#Transform 63
Transform: AffineTransform_float_3_3
Parameters: 0.999998 -0.00219526 -0.000539211 0.00219491 0.999997 -0.001709 0.000543365 0.00170782 0.999999 0.114082 0.0170703 -0.198537
FixedParameters: 0 0 0

#Transform 64
Transform: AffineTransform_float_3_3
Parameters: 0.999996 -0.00245434 -0.000687746 0.00245227 0.999994 -0.00236323 0.000694067 0.002362 0.999997 0.115739 0.0688317 -0.143149
FixedParameters: 0 0 0

#Transform 65
Transform: AffineTransform_float_3_3
Parameters: 0.999998 -0.00221802 -0.000689247 0.00221683 0.999996 -0.00184332 0.000693086 0.00184241 0.999998 0.113833 0.0309803 -0.179687
FixedParameters: 0 0 0

#Transform 66
Transform: AffineTransform_float_3_3
Parameters: 0.999998 -0.00220395 -0.000659399 0.00220235 0.999995 -0.00222511 0.000664916 0.0022234 0.999997 0.120882 0.041336 -0.175069
FixedParameters: 0 0 0

#Transform 67
Transform: AffineTransform_float_3_3
Parameters: 0.999997 -0.00243422 -0.000657452 0.00243216 0.999994 -0.00247783 0.000664284 0.00247677 0.999997 0.118151 0.069779 -0.144885
FixedParameters: 0 0 0

#Transform 68
Transform: AffineTransform_float_3_3
Parameters: 0.999997 -0.00215509 -0.000303633 0.00215458 0.999997 -0.00168645 0.00030777 0.00168635 0.999999 0.115395 0.0235642 -0.192852
FixedParameters: 0 0 0

#Transform 69
Transform: AffineTransform_float_3_3
Parameters: 0.999996 -0.0024605 -0.000667024 0.00245917 0.999994 -0.00251048 0.000672994 0.00250933 0.999997 0.122243 0.113416 -0.120536
FixedParameters: 0 0 0

#Transform 70
Transform: AffineTransform_float_3_3
Parameters: 0.999998 -0.00219657 -0.000572083 0.00219573 0.999996 -0.00189501 0.000576072 0.0018937 0.999998 0.11666 0.0355084 -0.174594
FixedParameters: 0 0 0

#Transform 71
Transform: AffineTransform_float_3_3
Parameters: 0.999997 -0.00260568 -0.000455894 0.00260466 0.999995 -0.00220537 0.000461081 0.00220387 0.999998 0.119925 0.0898228 -0.178339
FixedParameters: 0 0 0

#Transform 72
Transform: AffineTransform_float_3_3
Parameters: 0.999996 -0.00240788 -0.000907276 0.00240606 0.999995 -0.0021997 0.00091242 0.00219746 0.999997 0.120618 0.0741268 -0.215306
FixedParameters: 0 0 0

#Transform 73
Transform: AffineTransform_float_3_3
Parameters: 0.999996 -0.00264076 -0.000643936 0.00263923 0.999994 -0.00209778 0.00064969 0.00209652 0.999998 0.131821 0.0426524 -0.23083
FixedParameters: 0 0 0

#Transform 74
Transform: AffineTransform_float_3_3
Parameters: 0.999997 -0.00248026 -0.00103971 0.00247767 0.999993 -0.00269828 0.00104654 0.00269651 0.999996 0.139503 0.108946 -0.197824
FixedParameters: 0 0 0

#Transform 75
Transform: AffineTransform_float_3_3
Parameters: 0.999996 -0.00241678 -0.000832807 0.00241537 0.999995 -0.00213601 0.000837685 0.00213316 0.999998 0.129035 0.0204497 -0.231497
FixedParameters: 0 0 0

#Transform 76
Transform: AffineTransform_float_3_3
Parameters: 0.999996 -0.0026703 -0.000824357 0.00266872 0.999994 -0.00217128 0.000829471 0.00216901 0.999997 0.136294 0.0907303 -0.179446
FixedParameters: 0 0 0

#Transform 77
Transform: AffineTransform_float_3_3
Parameters: 0.999996 -0.00268326 -0.000874346 0.002681 0.999994 -0.00198449 0.000879664 0.00198288 0.999998 0.132965 0.0603108 -0.216481
FixedParameters: 0 0 0

#Transform 78
Transform: AffineTransform_float_3_3
Parameters: 0.999997 -0.0024258 -0.000422463 0.0024244 0.999995 -0.00205402 0.00042826 0.00205285 0.999997 0.12894 0.06526 -0.241387
FixedParameters: 0 0 0

#Transform 79
Transform: AffineTransform_float_3_3
Parameters: 0.999996 -0.00242788 -0.00075769 0.00242575 0.999995 -0.00218942 0.000763041 0.00218789 0.999997 0.127273 0.0671944 -0.221387
FixedParameters: 0 0 0

#Transform 80
Transform: AffineTransform_float_3_3
Parameters: 0.999996 -0.00244272 -0.000893994 0.00244085 0.999994 -0.0022616 0.000899592 0.00225936 0.999997 0.131366 0.0621429 -0.24644
FixedParameters: 0 0 0

#Transform 81
Transform: AffineTransform_float_3_3
Parameters: 0.999996 -0.00256297 -0.00105042 0.0025609 0.999994 -0.00240638 0.00105615 0.0024031 0.999997 0.129593 0.0439367 -0.240142
FixedParameters: 0 0 0

#Transform 82
Transform: AffineTransform_float_3_3
Parameters: 0.999995 -0.00272304 -0.00118853 0.00271984 0.999993 -0.00262427 0.00119625 0.00262178 0.999996 0.133341 0.0908159 -0.20077
FixedParameters: 0 0 0

#Transform 83
Transform: AffineTransform_float_3_3
Parameters: 0.999996 -0.00267394 -0.00085401 0.00267228 0.999994 -0.00223651 0.000860472 0.00223373 0.999997 0.128164 0.0378462 -0.214951
FixedParameters: 0 0 0

#Transform 84
Transform: AffineTransform_float_3_3
Parameters: 0.999997 -0.0024616 -0.000890142 0.00245929 0.999994 -0.00251414 0.000897068 0.00251188 0.999997 0.124889 0.0939572 -0.202798
FixedParameters: 0 0 0

#Transform 85
Transform: AffineTransform_float_3_3
Parameters: 0.999997 -0.00242388 -0.000897273 0.00242099 0.999994 -0.00226711 0.000902932 0.00226491 0.999997 0.123225 0.0744265 -0.19195
FixedParameters: 0 0 0

#Transform 86
Transform: AffineTransform_float_3_3
Parameters: 0.999995 -0.00259452 -0.0012885 0.00259122 0.999993 -0.00283496 0.00129648 0.00283129 0.999995 0.131599 0.0894111 -0.132206
FixedParameters: 0 0 0

#Transform 87
Transform: AffineTransform_float_3_3
Parameters: 0.999996 -0.00266505 -0.000806758 0.00266356 0.999994 -0.00226637 0.000813341 0.00226386 0.999997 0.108769 0.0428129 -0.181823
FixedParameters: 0 0 0

#Transform 88
Transform: AffineTransform_float_3_3
Parameters: 0.999996 -0.00271979 -0.00118975 0.00271602 0.999993 -0.00277719 0.00119725 0.00277377 0.999995 0.134537 0.107235 -0.0995694
FixedParameters: 0 0 0

#Transform 89
Transform: AffineTransform_float_3_3
Parameters: 0.999997 -0.00252991 -0.000743141 0.00252865 0.999995 -0.00175383 0.000747626 0.00175221 0.999998 0.12705 0.016085 -0.209725
FixedParameters: 0 0 0

#Transform 90
Transform: AffineTransform_float_3_3
Parameters: 0.999995 -0.00270559 -0.00107212 0.00270324 0.999993 -0.00250393 0.00107906 0.00250118 0.999996 0.138998 0.0850497 -0.152803
FixedParameters: 0 0 0

#Transform 91
Transform: AffineTransform_float_3_3
Parameters: 0.999996 -0.00268769 -0.000938804 0.00268541 0.999994 -0.00227774 0.000944562 0.00227449 0.999997 0.127232 0.0221335 -0.20257
FixedParameters: 0 0 0

#Transform 92
Transform: AffineTransform_float_3_3
Parameters: 0.999996 -0.0026016 -0.000979133 0.00259917 0.999994 -0.00226338 0.000984424 0.00226042 0.999997 0.136197 0.063899 -0.212469
FixedParameters: 0 0 0

#Transform 93
Transform: AffineTransform_float_3_3
Parameters: 0.999995 -0.00271524 -0.00110936 0.00271202 0.999994 -0.00236506 0.00111576 0.00236211 0.999997 0.136003 0.0459262 -0.225019
FixedParameters: 0 0 0

#Transform 94
Transform: AffineTransform_float_3_3
Parameters: 0.999995 -0.00270532 -0.00105521 0.00270231 0.999994 -0.0023879 0.00106168 0.00238526 0.999997 0.133983 0.0681197 -0.226951
FixedParameters: 0 0 0

#Transform 95
Transform: AffineTransform_float_3_3
Parameters: 0.999997 -0.00256654 -0.000791627 0.00256431 0.999994 -0.00215476 0.000797358 0.00215284 0.999997 0.139357 0.0386145 -0.241572
FixedParameters: 0 0 0

#Transform 96
Transform: AffineTransform_float_3_3
Parameters: 0.999996 -0.00261377 -0.00117622 0.00261076 0.999993 -0.00255951 0.00118299 0.00255641 0.999996 0.142298 0.0729081 -0.22978
FixedParameters: 0 0 0

#Transform 97
Transform: AffineTransform_float_3_3
Parameters: 0.999996 -0.00266753 -0.00083051 0.00266567 0.999994 -0.00233644 0.00083649 0.00233475 0.999996 0.139835 0.0287113 -0.255675
FixedParameters: 0 0 0

#Transform 98
Transform: AffineTransform_float_3_3
Parameters: 0.999996 -0.00272998 -0.00126181 0.00272654 0.999992 -0.00288039 0.00126977 0.00287653 0.999995 0.147146 0.0846325 -0.179896
FixedParameters: 0 0 0

#Transform 99
Transform: AffineTransform_float_3_3
Parameters: 0.999996 -0.00264643 -0.000678442 0.00264474 0.999994 -0.00211087 0.000684288 0.00210942 0.999998 0.13739 0.0238423 -0.248978
FixedParameters: 0 0 0

#Transform 100
Transform: AffineTransform_float_3_3
Parameters: 0.999995 -0.00259547 -0.00134032 0.00259196 0.999993 -0.00274287 0.00134684 0.00273895 0.999995 0.150432 0.0805619 -0.217337
FixedParameters: 0 0 0

#Transform 101
Transform: AffineTransform_float_3_3
Parameters: 0.999996 -0.00244379 -0.000960955 0.00244176 0.999995 -0.0021905 0.00096621 0.00218793 0.999997 0.137553 0.0280493 -0.285359
FixedParameters: 0 0 0

#Transform 102
Transform: AffineTransform_float_3_3
Parameters: 0.999996 -0.0025111 -0.00140311 0.00250794 0.999994 -0.00255645 0.00140922 0.00255277 0.999996 0.138392 0.0999064 -0.254133
FixedParameters: 0 0 0

#Transform 103
Transform: AffineTransform_float_3_3
Parameters: 0.999997 -0.00215691 -0.00124698 0.00215447 0.999995 -0.00225256 0.00125112 0.00224995 0.999997 0.136279 0.0336166 -0.304583
FixedParameters: 0 0 0

#Transform 104
Transform: AffineTransform_float_3_3
Parameters: 0.999996 -0.00243503 -0.00143865 0.00243169 0.999994 -0.00255648 0.00144436 0.00255284 0.999996 0.147645 0.102569 -0.282717
FixedParameters: 0 0 0

#Transform 105
Transform: AffineTransform_float_3_3
Parameters: 0.999996 -0.00235375 -0.00092774 0.00235178 0.999995 -0.00223534 0.000932813 0.0022331 0.999997 0.134271 0.033863 -0.305112
FixedParameters: 0 0 0

#Transform 106
Transform: AffineTransform_float_3_3
Parameters: 0.999995 -0.00245456 -0.00155796 0.00245046 0.999994 -0.00260881 0.00156402 0.00260547 0.999995 0.138587 0.0939504 -0.284951
FixedParameters: 0 0 0

#Transform 107
Transform: AffineTransform_float_3_3
Parameters: 0.999997 -0.00239075 -0.00113956 0.00238885 0.999995 -0.00222275 0.00114457 0.00221973 0.999997 0.135314 0.0433669 -0.321555
FixedParameters: 0 0 0

#Transform 108
Transform: AffineTransform_float_3_3
Parameters: 0.999996 -0.00255366 -0.00155257 0.00254908 0.999992 -0.00276617 0.00155995 0.00276193 0.999995 0.159272 0.0988223 -0.261941
FixedParameters: 0 0 0

#Transform 109
Transform: AffineTransform_float_3_3
Parameters: 0.999997 -0.00242708 -0.00113293 0.00242645 0.999997 -0.00058635 0.00113348 0.000583008 0.999999 0.151088 0.0308738 -0.206935
FixedParameters: 0 0 0

#Transform 110
Transform: AffineTransform_float_3_3
Parameters: 0.999997 -0.00209028 -0.00114376 0.00208738 0.999995 -0.0022971 0.00114894 0.0022951 0.999997 0.126362 0.0626701 -0.248497
FixedParameters: 0 0 0

#Transform 111
Transform: AffineTransform_float_3_3
Parameters: 0.999997 -0.00212077 -0.00132066 0.00211791 0.999996 -0.00203761 0.00132582 0.00203445 0.999997 0.124745 0.07343 -0.24471
FixedParameters: 0 0 0

#Transform 112
Transform: AffineTransform_float_3_3
Parameters: 0.999996 -0.00242723 -0.00133178 0.00242404 0.999994 -0.0023954 0.00133778 0.00239231 0.999996 0.121411 0.0705586 -0.274456
FixedParameters: 0 0 0

#Transform 113
Transform: AffineTransform_float_3_3
Parameters: 0.999998 -0.00203922 -0.000896353 0.00203792 0.999996 -0.00203644 0.000900197 0.00203524 0.999998 0.117893 0.0484103 -0.271207
FixedParameters: 0 0 0

#Transform 114
Transform: AffineTransform_float_3_3
Parameters: 0.999996 -0.00238883 -0.00146953 0.00238519 0.999995 -0.00232218 0.00147499 0.00231854 0.999996 0.135022 0.103982 -0.233508
FixedParameters: 0 0 0

#Transform 115
Transform: AffineTransform_float_3_3
Parameters: 0.999997 -0.00195343 -0.000864898 0.00195178 0.999996 -0.00182529 0.000868723 0.00182343 0.999998 0.117272 0.0371845 -0.278193
FixedParameters: 0 0 0

#Transform 116
Transform: AffineTransform_float_3_3
Parameters: 0.999996 -0.00244946 -0.00145887 0.00244568 0.999994 -0.00238774 0.00146493 0.00238397 0.999996 0.130208 0.101936 -0.262393
FixedParameters: 0 0 0

#Transform 117
Transform: AffineTransform_float_3_3
Parameters: 0.999998 -0.00170351 -0.00109251 0.00170166 0.999997 -0.00199853 0.00109589 0.00199758 0.999997 0.114254 0.0463192 -0.277436
FixedParameters: 0 0 0

#Transform 118
Transform: AffineTransform_float_3_3
Parameters: 0.999996 -0.00214883 -0.00133774 0.00214523 0.999995 -0.00222815 0.00134289 0.00222519 0.999997 0.129041 0.0983146 -0.25299
FixedParameters: 0 0 0

#Transform 119
Transform: AffineTransform_float_3_3
Parameters: 0.999997 -0.00210996 -0.00107809 0.00210726 0.999996 -0.00196178 0.00108306 0.0019597 0.999998 0.112339 0.0489472 -0.28233
FixedParameters: 0 0 0

#Transform 120
Transform: AffineTransform_float_3_3
Parameters: 0.999997 -0.0021003 -0.00110393 0.00209677 0.999994 -0.00257763 0.00110936 0.00257451 0.999996 0.129836 0.0948413 -0.265707
FixedParameters: 0 0 0

#Transform 121
Transform: AffineTransform_float_3_3
Parameters: 0.999998 -0.00195812 -0.00121275 0.00195544 0.999996 -0.00207377 0.00121641 0.00207148 0.999997 0.114564 0.0478306 -0.27594
FixedParameters: 0 0 0

#Transform 122
Transform: AffineTransform_float_3_3
Parameters: 0.999997 -0.00210643 -0.00110339 0.0021037 0.999995 -0.00230558 0.00110869 0.00230372 0.999997 0.12418 0.0661996 -0.276127
FixedParameters: 0 0 0

#Transform 123
Transform: AffineTransform_float_3_3
Parameters: 0.999997 -0.00203505 -0.00136943 0.00203182 0.999995 -0.00233928 0.00137338 0.00233648 0.999996 0.122037 0.0868833 -0.264806
FixedParameters: 0 0 0

#Transform 124
Transform: AffineTransform_float_3_3
Parameters: 0.999997 -0.00210775 -0.00110327 0.00210514 0.999995 -0.0022476 0.00110833 0.00224573 0.999997 0.132817 0.0472877 -0.288594
FixedParameters: 0 0 0

#Transform 125
Transform: AffineTransform_float_3_3
Parameters: 0.999997 -0.00214769 -0.00124086 0.00214538 0.999996 -0.00154329 0.00124413 0.00154043 0.999998 0.122273 0.0705272 -0.304083
FixedParameters: 0 0 0

#Transform 126
Transform: AffineTransform_float_3_3
Parameters: 0.999997 -0.00218419 -0.00155673 0.00218009 0.999995 -0.00234286 0.00156133 0.00233944 0.999996 0.143073 0.0810049 -0.292483
FixedParameters: 0 0 0

#Transform 127
Transform: AffineTransform_float_3_3
Parameters: 0.999997 -0.00201977 -0.00125189 0.00201704 0.999996 -0.00202721 0.00125562 0.00202461 0.999997 0.127505 0.0421074 -0.311091
FixedParameters: 0 0 0

#Transform 128
Transform: AffineTransform_float_3_3
Parameters: 0.999996 -0.00221005 -0.00123759 0.00220759 0.999995 -0.0023441 0.00124336 0.00234106 0.999997 0.136667 0.10389 -0.242981
FixedParameters: 0 0 0

#Transform 129
Transform: AffineTransform_float_3_3
Parameters: 0.999997 -0.00191262 -0.00134186 0.00191029 0.999996 -0.00180009 0.00134527 0.0017968 0.999998 0.128689 0.0324655 -0.309677
FixedParameters: 0 0 0

#Transform 130
Transform: AffineTransform_float_3_3
Parameters: 0.999996 -0.00215089 -0.00136456 0.00214669 0.999995 -0.00234234 0.00136923 0.00233894 0.999996 0.143335 0.0702623 -0.313646
FixedParameters: 0 0 0

#Transform 131
Transform: AffineTransform_float_3_3
Parameters: 0.999996 -0.00215763 -0.001364 0.00215441 0.999996 -0.00204144 0.00136834 0.00203801 0.999997 0.126122 0.0612321 -0.33616
FixedParameters: 0 0 0

#Transform 132
Transform: AffineTransform_float_3_3
Parameters: 0.999997 -0.00217565 -0.00150746 0.00217194 0.999995 -0.00234274 0.00151301 0.00233956 0.999996 0.150687 0.0978385 -0.293187
FixedParameters: 0 0 0

#Transform 133
Transform: AffineTransform_float_3_3
Parameters: 0.999998 -0.00165651 -0.000901415 0.00165539 0.999997 -0.00155066 0.000904235 0.00154953 0.999999 0.138689 0.0484416 -0.322154
FixedParameters: 0 0 0

#Transform 134
Transform: AffineTransform_float_3_3
Parameters: 0.999996 -0.0025427 -0.00129556 0.00253928 0.999993 -0.00280164 0.00130209 0.00279809 0.999995 0.151284 0.110112 -0.234388
FixedParameters: 0 0 0

#Transform 135
Transform: AffineTransform_float_3_3
Parameters: 0.999997 -0.00222158 -0.00135304 0.00221852 0.999996 -0.00200209 0.00135741 0.00199947 0.999997 0.132635 0.0257792 -0.306153
FixedParameters: 0 0 0

#Transform 136
Transform: AffineTransform_float_3_3
Parameters: 0.999997 -0.00234095 -0.00133209 0.00233846 0.999995 -0.002129 0.00133643 0.00212648 0.999997 0.142891 0.0731331 -0.301947
FixedParameters: 0 0 0

#Transform 137
Transform: AffineTransform_float_3_3
Parameters: 0.999997 -0.00219626 -0.00112489 0.002194 0.999995 -0.00204887 0.00112943 0.00204638 0.999997 0.132514 0.072681 -0.302424
FixedParameters: 0 0 0

#Transform 138
Transform: AffineTransform_float_3_3
Parameters: 0.999997 -0.00235356 -0.00135004 0.00234982 0.999995 -0.00220245 0.00135495 0.0021995 0.999997 0.140668 0.0703832 -0.319795
FixedParameters: 0 0 0

#Transform 139
Transform: AffineTransform_float_3_3
Parameters: 0.999996 -0.00220855 -0.00137522 0.00220481 0.999995 -0.00216359 0.00137936 0.00216125 0.999997 0.146035 0.074941 -0.31863
FixedParameters: 0 0 0

#Transform 140
Transform: AffineTransform_float_3_3
Parameters: 0.999997 -0.00227742 -0.00136294 0.00227422 0.999995 -0.00234558 0.001368 0.00234275 0.999996 0.164198 0.0779576 -0.334347
FixedParameters: 0 0 0

#Transform 141
Transform: AffineTransform_float_3_3
Parameters: 0.999996 -0.00231616 -0.0015262 0.00231292 0.999995 -0.00210803 0.00153034 0.00210467 0.999997 0.155425 0.0759441 -0.341479
FixedParameters: 0 0 0

#Transform 142
Transform: AffineTransform_float_3_3
Parameters: 0.999995 -0.00273255 -0.00195569 0.00272707 0.999994 -0.00243511 0.0019622 0.00243 0.999995 0.16684 0.0752792 -0.368137
FixedParameters: 0 0 0

#Transform 143
Transform: AffineTransform_float_3_3
Parameters: 0.999996 -0.00265466 -0.00148848 0.00265084 0.999993 -0.00229484 0.001494 0.00229033 0.999996 0.163213 0.0631751 -0.365664
FixedParameters: 0 0 0

#Transform 144
Transform: AffineTransform_float_3_3
Parameters: 0.999995 -0.00245869 -0.00155986 0.00245455 0.999994 -0.0023498 0.00156578 0.00234551 0.999996 0.173685 0.0815487 -0.340976
FixedParameters: 0 0 0

#Transform 145
Transform: AffineTransform_float_3_3
Parameters: 0.999995 -0.00265198 -0.00152551 0.00264777 0.999992 -0.00269887 0.00153303 0.00269508 0.999995 0.16447 0.0702701 -0.33535
FixedParameters: 0 0 0

#Transform 146
Transform: AffineTransform_float_3_3
Parameters: 0.999995 -0.00247409 -0.00155813 0.00247149 0.999995 -0.00192095 0.00156299 0.00191789 0.999997 0.174196 0.0615896 -0.364906
FixedParameters: 0 0 0

#Transform 147
Transform: AffineTransform_float_3_3
Parameters: 0.999995 -0.0027819 -0.00174367 0.00277761 0.999993 -0.00262489 0.00175033 0.00262043 0.999995 0.190515 0.0954771 -0.323705
FixedParameters: 0 0 0

#Transform 148
Transform: AffineTransform_float_3_3
Parameters: 0.999996 -0.00243583 -0.00156458 0.00243196 0.999995 -0.00200197 0.00156985 0.00199902 0.999997 0.169633 0.036342 -0.379677
FixedParameters: 0 0 0

#Transform 149
Transform: AffineTransform_float_3_3
Parameters: 0.999996 -0.00242815 -0.00156513 0.002424 0.999994 -0.00234885 0.00157095 0.00234496 0.999997 0.177276 0.0956364 -0.346323
FixedParameters: 0 0 0

#Transform 150
Transform: AffineTransform_float_3_3
Parameters: 0.999995 -0.0026196 -0.00166287 0.00261597 0.999993 -0.0023536 0.0016694 0.00234952 0.999996 0.187042 0.0678928 -0.382573
FixedParameters: 0 0 0

#Transform 151
Transform: AffineTransform_float_3_3
Parameters: 0.999996 -0.0026281 -0.00153047 0.00262509 0.999993 -0.00235402 0.00153705 0.0023506 0.999996 0.180035 0.0666321 -0.38257
FixedParameters: 0 0 0

#Transform 152
Transform: AffineTransform_float_3_3
Parameters: 0.999995 -0.00291238 -0.00167199 0.00290852 0.999993 -0.00236122 0.0016789 0.00235673 0.999996 0.190848 0.102464 -0.329624
FixedParameters: 0 0 0

#Transform 153
Transform: AffineTransform_float_3_3
Parameters: 0.999995 -0.00249052 -0.00155516 0.00248771 0.999995 -0.00198136 0.00156038 0.00197732 0.999997 0.170135 0.0433589 -0.341835
FixedParameters: 0 0 0

#Transform 154
Transform: AffineTransform_float_3_3
Parameters: 0.999993 -0.0030026 -0.00187073 0.00299759 0.999992 -0.00264138 0.00187864 0.00263537 0.999995 0.193055 0.0984541 -0.33339
FixedParameters: 0 0 0

#Transform 155
Transform: AffineTransform_float_3_3
Parameters: 0.999996 -0.00261923 -0.0015426 0.00261619 0.999995 -0.00175775 0.00154723 0.00175401 0.999997 0.169401 0.0472491 -0.379243
FixedParameters: 0 0 0

#Transform 156
Transform: AffineTransform_float_3_3
Parameters: 0.999994 -0.00288151 -0.00189213 0.00287708 0.999992 -0.00250005 0.00189957 0.0024947 0.999995 0.183042 0.107124 -0.321949
FixedParameters: 0 0 0

#Transform 157
Transform: AffineTransform_float_3_3
Parameters: 0.999995 -0.0025373 -0.0014677 0.00253342 0.999995 -0.00207184 0.00147275 0.0020678 0.999997 0.171542 0.0418255 -0.37983
FixedParameters: 0 0 0

#Transform 158
Transform: AffineTransform_float_3_3
Parameters: 0.999993 -0.00300442 -0.00187064 0.00299988 0.999992 -0.00255841 0.00187904 0.00255239 0.999995 0.187801 0.114253 -0.306829
FixedParameters: 0 0 0

#Transform 159
Transform: AffineTransform_float_3_3
Parameters: 0.999996 -0.00257684 -0.00122446 0.00257418 0.999995 -0.00205238 0.00123051 0.00204912 0.999997 0.16514 0.0304308 -0.363766
FixedParameters: 0 0 0

#Transform 160
Transform: AffineTransform_float_3_3
Parameters: 0.999993 -0.00300914 -0.00187043 0.00300544 0.999993 -0.00234151 0.0018775 0.00233641 0.999995 0.176465 0.11262 -0.342956
FixedParameters: 0 0 0

#Transform 161
Transform: AffineTransform_float_3_3
Parameters: 0.999996 -0.00270726 -0.00127019 0.00270453 0.999994 -0.00233469 0.00127716 0.00233179 0.999996 0.16581 0.0598487 -0.366218
FixedParameters: 0 0 0

#Transform 162
Transform: AffineTransform_float_3_3
Parameters: 0.999996 -0.00266095 -0.0015101 0.0026577 0.999994 -0.00213596 0.00151579 0.00213225 0.999996 0.177986 0.0956888 -0.366762
FixedParameters: 0 0 0

#Transform 163
Transform: AffineTransform_float_3_3
Parameters: 0.999995 -0.00276586 -0.00140922 0.00276231 0.999994 -0.00233596 0.00141548 0.00233216 0.999996 0.180859 0.0673851 -0.365136
FixedParameters: 0 0 0

#Transform 164
Transform: AffineTransform_float_3_3
Parameters: 0.999996 -0.00266257 -0.00148146 0.00265948 0.999994 -0.00211501 0.00148704 0.0021105 0.999997 0.169702 0.0693278 -0.347199
FixedParameters: 0 0 0

#Transform 165
Transform: AffineTransform_float_3_3
Parameters: 0.999995 -0.00289411 -0.00119738 0.0028917 0.999993 -0.00226843 0.00120384 0.00226549 0.999997 0.176837 0.0830178 -0.345966
FixedParameters: 0 0 0

#Transform 166
Transform: AffineTransform_float_3_3
Parameters: 0.999996 -0.00244042 -0.00147867 0.002438 0.999995 -0.00195038 0.0014835 0.00194653 0.999996 0.161958 0.0634874 -0.377391
FixedParameters: 0 0 0

#Transform 167
Transform: AffineTransform_float_3_3
Parameters: 0.999996 -0.00255777 -0.00127986 0.00255482 0.999994 -0.00233073 0.00128517 0.00232757 0.999996 0.180061 0.095864 -0.350378
FixedParameters: 0 0 0

#Transform 168
Transform: AffineTransform_float_3_3
Parameters: 0.999996 -0.00248339 -0.000652041 0.00248194 0.999995 -0.00202791 0.000656835 0.00202682 0.999998 0.168911 0.0696698 -0.342521
FixedParameters: 0 0 0

#Transform 169
Transform: AffineTransform_float_3_3
Parameters: 0.999996 -0.00255748 -0.000928881 0.00255638 0.999996 -0.0018613 0.000933888 0.00185961 0.999998 0.161037 0.0795289 -0.336867
FixedParameters: 0 0 0

#Transform 170
Transform: AffineTransform_float_3_3
Parameters: 0.999996 -0.00279621 -0.00104506 0.00279363 0.999994 -0.00219928 0.00105082 0.00219618 0.999997 0.16972 0.0785279 -0.343627
FixedParameters: 0 0 0

#Transform 171
Transform: AffineTransform_float_3_3
Parameters: 0.999996 -0.00248771 -0.00121261 0.00248506 0.999995 -0.00199815 0.00121705 0.00199519 0.999997 0.166986 0.0643216 -0.373266
FixedParameters: 0 0 0

#Transform 172
Transform: AffineTransform_float_3_3
Parameters: 0.999995 -0.00290402 -0.00112341 0.00290179 0.999993 -0.00233978 0.00113034 0.00233725 0.999997 0.184927 0.109188 -0.325181
FixedParameters: 0 0 0

#Transform 173
Transform: AffineTransform_float_3_3
Parameters: 0.999996 -0.00271885 -0.00115553 0.00271647 0.999994 -0.0023351 0.00116156 0.00233187 0.999997 0.17449 0.0608691 -0.342729
FixedParameters: 0 0 0

#Transform 174
Transform: AffineTransform_float_3_3
Parameters: 0.999996 -0.00276417 -0.00114767 0.00276181 0.999994 -0.00233624 0.00115392 0.00233295 0.999997 0.176077 0.0868489 -0.332519
FixedParameters: 0 0 0

#Transform 175
Transform: AffineTransform_float_3_3
Parameters: 0.999995 -0.00296443 -0.00111333 0.00296257 0.999993 -0.00219626 0.00111969 0.00219365 0.999997 0.178274 0.0677148 -0.336975
FixedParameters: 0 0 0

#Transform 176
Transform: AffineTransform_float_3_3
Parameters: 0.999995 -0.00304572 -0.0013867 0.00304454 0.999995 -0.000691558 0.00138855 0.000687151 0.999999 0.172722 0.0632194 -0.28487
FixedParameters: 0 0 0

#Transform 177
Transform: AffineTransform_float_3_3
Parameters: 0.999996 -0.00250756 -0.00137569 0.00250477 0.999996 -0.00151608 0.00137894 0.0015126 0.999998 0.156392 0.0332777 -0.305485
FixedParameters: 0 0 0

#Transform 178
Transform: AffineTransform_float_3_3
Parameters: 0.999995 -0.00238716 -0.00165891 0.00238411 0.999996 -0.00168648 0.00166347 0.00168228 0.999998 0.158158 0.0881913 -0.292315
FixedParameters: 0 0 0

#Transform 179
Transform: AffineTransform_float_3_3
Parameters: 0.999996 -0.00259779 -0.00101352 0.00259559 0.999995 -0.00176012 0.00101826 0.00175794 0.999997 0.156923 0.0693722 -0.297959
FixedParameters: 0 0 0

#Transform 180
Transform: AffineTransform_float_3_3
Parameters: 0.999997 -0.00212487 -0.000531633 0.00212456 0.999997 -0.000934905 0.000533411 0.000934189 1 0.134397 0.0685763 -0.320783
FixedParameters: 0 0 0

#Transform 181
Transform: AffineTransform_float_3_3
Parameters: 0.999997 -0.00231632 -0.00097416 0.0023157 0.999996 -0.00161018 0.000978094 0.00160778 0.999998 0.157512 0.127914 -0.238084
FixedParameters: 0 0 0

#Transform 182
Transform: AffineTransform_float_3_3
Parameters: 0.999997 -0.00216832 -0.00100048 0.00216756 0.999997 -0.00122619 0.00100343 0.00122431 0.999999 0.145746 0.1082 -0.162834
FixedParameters: 0 0 0

#Transform 183
Transform: AffineTransform_float_3_3
Parameters: 0.999999 -0.00170154 -0.000461931 0.00170109 0.999998 -0.00120484 0.00046384 0.00120387 0.999999 0.118466 0.0577672 -0.296899
FixedParameters: 0 0 0

#Transform 184
Transform: AffineTransform_float_3_3
Parameters: 0.999997 -0.00239699 -0.000708238 0.00239586 0.999996 -0.00175364 0.000712306 0.00175239 0.999998 0.132175 0.149602 -0.253049
FixedParameters: 0 0 0

#Transform 185
Transform: AffineTransform_float_3_3
Parameters: 0.999999 -0.00177921 -0.000285149 0.00177917 0.999997 -0.00122514 0.000287319 0.00122472 0.999999 0.130082 0.0754415 -0.334492
FixedParameters: 0 0 0

#Transform 186
Transform: AffineTransform_float_3_3
Parameters: 0.999997 -0.00236466 -0.00050604 0.00236435 0.999996 -0.00164217 0.00050947 0.00164192 0.999999 0.138315 0.1352 -0.332746
FixedParameters: 0 0 0

#Transform 187
Transform: AffineTransform_float_3_3
Parameters: 0.999998 -0.00192135 -0.000352202 0.00192123 0.999997 -0.00111137 0.000354282 0.00111062 1 0.142088 0.0811275 -0.368238
FixedParameters: 0 0 0

#Transform 188
Transform: AffineTransform_float_3_3
