# transform file /out/sourcedata/freesurfer/sub-v1s22x0050441_ses-1/mri/transforms/cc_up.lta
# created by oesteban on Mon Mar  9 13:34:12 2026

type      = 0 # LINEAR_VOX_TO_VOX
nxforms   = 1
mean      = 127.0000 111.0000 125.0000
sigma     = 10000.0000
1 4 4
9.998706579208374e-01 1.390278525650501e-02 8.088958449661732e-03 -2.554876089096069e+00 
-1.390232983976603e-02 9.999033808708191e-01 -1.124699047068134e-04 4.080665969848633e+01 
-8.089740760624409e-03 -7.275957614183426e-12 9.999673366546631e-01 1.304248237609863e+01 
0.000000000000000e+00 0.000000000000000e+00 0.000000000000000e+00 1.000000000000000e+00 
src volume info
valid = 1  # volume info valid
filename = /out/sourcedata/freesurfer/sub-v1s22x0050441_ses-1/mri/norm.mgz
volume = 256 256 256
voxelsize = 1.000000000000000e+00 1.000000000000000e+00 1.000000000000000e+00
xras   = -1.000000000000000e+00 0.000000000000000e+00 0.000000000000000e+00
yras   = 0.000000000000000e+00 0.000000000000000e+00 -1.000000000000000e+00
zras   = 0.000000000000000e+00 1.000000000000000e+00 0.000000000000000e+00
cras   = -1.756362915039062e-01 3.133523559570312e+01 1.878700256347656e+00
dst volume info
valid = 1  # volume info valid
filename = /out/sourcedata/freesurfer/sub-v1s22x0050441_ses-1/mri/norm.mgz
volume = 256 256 256
voxelsize = 1.000000000000000e+00 1.000000000000000e+00 1.000000000000000e+00
xras   = -1.000000000000000e+00 0.000000000000000e+00 0.000000000000000e+00
yras   = 0.000000000000000e+00 0.000000000000000e+00 -1.000000000000000e+00
zras   = 0.000000000000000e+00 1.000000000000000e+00 0.000000000000000e+00
cras   = -1.756362915039062e-01 3.133523559570312e+01 1.878700256347656e+00
