#Insight Transform File V1.0
#Transform 0
Transform: AffineTransform_float_3_3
Parameters: 0.999999 -4.17806e-07 -0.001318 -4.17806e-07 1 -0.000317 0.001318 0.000317 0.999999 0.00767941 0.104965 0.0130305
FixedParameters: 0 0 0

#Transform 1
Transform: AffineTransform_float_3_3
Parameters: 0.999999 -9.96809e-07 -0.00149 3.189e-09 1 -0.000669 0.00149 0.000668999 0.999998 0.0196733 0.102263 -0.0165921
FixedParameters: 0 0 0

#Transform 2
Transform: AffineTransform_float_3_3
Parameters: 1 3.23475e-07 -0.001135 3.23475e-07 1 0.000285 0.001135 -0.000285 1 0.0238017 0.0778044 0.021123
FixedParameters: 0 0 0

#Transform 3
Transform: AffineTransform_float_3_3
Parameters: 0.999999 -0.000315646 -0.000907123 0.000316355 1 0.000390713 0.000907876 -0.000390287 0.999999 0.00940832 0.0366847 -0.00162652
FixedParameters: 0 0 0

#Transform 4
Transform: AffineTransform_float_3_3
Parameters: 0.999999 -0.000128088 -0.000775985 0.000127912 1 -0.000113099 0.000776014 0.000112901 0.999999 0.012286 0.118555 0.0161656
FixedParameters: 0 0 0

#Transform 5
Transform: AffineTransform_float_3_3
Parameters: 1 -2.40408e-07 -0.001134 -2.40408e-07 1 -0.000212 0.001134 0.000212 1 0.0237554 0.0864272 0.0499797
FixedParameters: 0 0 0

#Transform 6
Transform: AffineTransform_float_3_3
Parameters: 0.999999 -1.92284e-07 -0.000906999 -1.92284e-07 1 -0.000212 0.000906999 0.000212 0.999999 0.0112858 0.0535964 -0.0170175
FixedParameters: 0 0 0

#Transform 7
Transform: AffineTransform_float_3_3
Parameters: 1 -2.8808e-07 -0.00104 -2.8808e-07 1 -0.000277 0.00104 0.000277 1 0.00984527 0.105325 0.00336292
FixedParameters: 0 0 0

#Transform 8
Transform: AffineTransform_float_3_3
Parameters: 0.999999 -0.000272582 -0.000907125 0.000273417 1 0.000459752 0.000907874 -0.000460248 1 0.001751 0.0297333 -0.0371873
FixedParameters: 0 0 0

#Transform 9
Transform: AffineTransform_float_3_3
Parameters: 0.999999 -1.45856e-07 -0.000847999 -1.45856e-07 1 -0.000172 0.000847999 0.000172 0.999999 0.0107026 0.0928591 -0.0183159
FixedParameters: 0 0 0

#Transform 10
Transform: AffineTransform_float_3_3
Parameters: 1 -6.17705e-07 -0.001021 3.82294e-07 1 -0.000605001 0.001021 0.000605 1 0.0214241 0.101947 0.0296348
FixedParameters: 0 0 0

#Transform 11
Transform: AffineTransform_float_3_3
Parameters: 0.999999 -0.000214642 -0.00127389 0.000213358 1 -0.000504272 0.00127411 0.000503727 0.999999 0.0202494 0.0506961 -0.00522204
FixedParameters: 0 0 0

#Transform 12
Transform: AffineTransform_float_3_3
Parameters: 0.999999 7.28299e-05 -0.000939091 -7.41708e-05 0.999999 -0.00124693 0.000938908 0.00124607 0.999999 0.0155985 0.065476 -0.00602773
FixedParameters: 0 0 0

#Transform 13
Transform: AffineTransform_float_3_3
Parameters: 1 -6.73064e-07 -0.000475999 3.26935e-07 0.999999 -0.001414 0.000476001 0.001414 0.999999 0.0100308 0.0859125 0.00241867
FixedParameters: 0 0 0

#Transform 14
Transform: AffineTransform_float_3_3
Parameters: 1 -2.0435e-08 -6.7e-05 -2.0435e-08 1 -0.000305 6.7e-05 0.000305 1 0.00149773 0.0300273 -0.0319272
FixedParameters: 0 0 0

#Transform 15
Transform: AffineTransform_float_3_3
Parameters: 1 0.000372612 -0.0002895 -0.000372389 0.999999 -0.00134089 0.000289501 0.00134011 0.999999 0.0174153 0.0237139 -0.0462269
FixedParameters: 0 0 0

#Transform 16
Transform: AffineTransform_float_3_3
Parameters: 1 0.000412003 1.18888e-05 -0.000411997 1 -0.000270005 -1.21112e-05 0.000269995 1 0.0124578 0.0184928 -0.0136241
FixedParameters: 0 0 0

#Transform 17
Transform: AffineTransform_float_3_3
Parameters: 1 0.000156988 -6.7027e-05 -0.000157012 1 -0.000171989 6.6973e-05 0.000172011 1 0.00633497 0.000399085 -0.0250531
FixedParameters: 0 0 0

#Transform 18
Transform: AffineTransform_float_3_3
Parameters: 1 -1.90115e-05 -6.69967e-05 1.89885e-05 1 -0.000172001 6.70033e-05 0.000171999 1 0.00100561 -0.0117015 -0.00364055
FixedParameters: 0 0 0

#Transform 19
Transform: AffineTransform_float_3_3
Parameters: 1 0.000137935 -6.71334e-05 -0.000138065 0.999999 -0.00096699 6.68665e-05 0.000967008 0.999999 0.00582036 0.0482898 0.00125879
FixedParameters: 0 0 0

#Transform 20
Transform: AffineTransform_float_3_3
Parameters: 1 -2.59993e-05 -6.70003e-05 2.60007e-05 1 1.09983e-05 6.69997e-05 -1.10017e-05 1 0.000885802 0.00751032 -0.00813041
FixedParameters: 0 0 0

#Transform 21
Transform: AffineTransform_float_3_3
Parameters: 1 -2.62685e-05 0.000382982 2.57315e-05 1 0.00070101 -0.000383018 -0.00070099 0.999999 0.0116326 0.00841568 0.0054413
FixedParameters: 0 0 0

#Transform 22
Transform: AffineTransform_float_3_3
Parameters: 1 -2.59841e-05 0.000418001 2.60159e-05 1 -3.79891e-05 -0.000417999 3.80109e-05 1 0.0109241 0.0532077 0.0714644
FixedParameters: 0 0 0

#Transform 23
Transform: AffineTransform_float_3_3
Parameters: 1 -2.61478e-05 0.000461992 2.58522e-05 1 0.000320012 -0.000462008 -0.000319988 1 0.0100396 -0.00376776 0.060457
FixedParameters: 0 0 0

#Transform 24
Transform: AffineTransform_float_3_3
Parameters: 1 -0.00029101 3.09069e-05 0.00029099 1 0.000320009 -3.10931e-05 -0.000319991 1 0.00191059 -0.00311698 0.00607847
FixedParameters: 0 0 0

#Transform 25
Transform: AffineTransform_float_3_3
Parameters: 1 -2.59954e-05 5.40022e-05 2.60046e-05 1 -8.59986e-05 -5.39978e-05 8.60014e-05 1 0.018559 0.0353968 0.0473306
FixedParameters: 0 0 0

#Transform 26
Transform: AffineTransform_float_3_3
Parameters: 1 0.000140074 0.0001029 -0.000139926 0.999999 -0.000715014 -0.0001031 0.000714985 0.999999 0.0124378 0.0337883 0.101615
FixedParameters: 0 0 0

#Transform 27
Transform: AffineTransform_float_3_3
Parameters: 1 5.3973e-05 -0.000214007 -5.4027e-05 1 -0.000125988 0.000213993 0.000126012 1 0.00669096 -0.0292762 0.0337831
FixedParameters: 0 0 0

#Transform 28
Transform: AffineTransform_float_3_3
Parameters: 1 -6.06206e-06 -0.000213998 5.93794e-06 1 -0.000290001 0.000214002 0.000289999 1 0.00876159 -0.0257002 0.0633471
FixedParameters: 0 0 0

#Transform 29
Transform: AffineTransform_float_3_3
Parameters: 1 9.40099e-05 2.49629e-05 -9.39901e-05 1 -0.000395002 -2.50371e-05 0.000394998 1 0.0093622 0.0295981 0.065941
FixedParameters: 0 0 0

#Transform 30
Transform: AffineTransform_float_3_3
Parameters: 1 2.72264e-05 0.000399985 -2.67736e-05 1 -0.000566011 -0.000400015 0.000565989 1 0.0128776 0.0301502 0.120827
FixedParameters: 0 0 0

#Transform 31
Transform: AffineTransform_float_3_3
Parameters: 1 9.39821e-05 -6.20272e-05 -9.40179e-05 1 -0.000288994 6.19728e-05 0.000289006 1 0.00508441 -0.020008 0.0643971
FixedParameters: 0 0 0

#Transform 32
Transform: AffineTransform_float_3_3
Parameters: 1 1.99954e-05 0.000384 -2.00046e-05 1 1.19923e-05 -0.000384 -1.20077e-05 1 -0.00870345 0.00794105 0.0100113
FixedParameters: 0 0 0

#Transform 33
Transform: AffineTransform_float_3_3
Parameters: 1 9.38679e-05 -0.000256048 -9.41321e-05 1 -0.000515976 0.000255951 0.000516024 1 0.000823798 -0.0185024 -0.00511602
FixedParameters: 0 0 0

#Transform 34
Transform: AffineTransform_float_3_3
Parameters: 1 0.000467223 -0.000495732 -0.000467776 0.999998 -0.00156677 0.000495267 0.00156723 0.999998 0.0170695 0.0170892 0.0370438
FixedParameters: 0 0 0

#Transform 35
Transform: AffineTransform_float_3_3
Parameters: 1 -8.44799e-05 -0.000379894 8.452e-05 0.999999 -0.00126303 0.000380107 0.00126297 0.999999 -0.00195723 -0.0139544 0.012218
FixedParameters: 0 0 0

#Transform 36
Transform: AffineTransform_float_3_3
Parameters: 1 2.81964e-05 0.000119954 -2.78035e-05 0.999998 -0.001637 -0.000120046 0.001637 0.999998 -0.00909637 0.0244305 0.0810133
FixedParameters: 0 0 0

#Transform 37
Transform: AffineTransform_float_3_3
Parameters: 1 0.000190503 -0.000347273 -0.000190497 0.999999 -0.00143193 0.000346728 0.00143207 0.999999 -0.00321706 -0.0330368 0.0245844
FixedParameters: 0 0 0

#Transform 38
Transform: AffineTransform_float_3_3
Parameters: 1 0.000344225 0.000163526 -0.000343774 0.999999 -0.00137606 -0.000164473 0.00137594 0.999999 -0.00040473 0.0159812 0.0467916
FixedParameters: 0 0 0

#Transform 39
Transform: AffineTransform_float_3_3
Parameters: 0.999999 0.000343097 -0.000624496 -0.000343902 0.999999 -0.00144579 0.000623503 0.00144621 0.999999 0.00578348 -0.0117382 0.0191062
FixedParameters: 0 0 0

#Transform 40
Transform: AffineTransform_float_3_3
Parameters: 1 0.000343464 -0.000371496 -0.000343535 0.999999 -0.00144387 0.000370504 0.00144413 0.999999 -0.00922142 0.0270478 0.0323311
FixedParameters: 0 0 0

#Transform 41
Transform: AffineTransform_float_3_3
Parameters: 1 0.000172828 -0.00108319 -0.000174173 1 -0.00108181 0.00108381 0.00108219 0.999999 -0.00418441 0.0158929 0.0414232
FixedParameters: 0 0 0

#Transform 42
Transform: AffineTransform_float_3_3
Parameters: 0.999999 6.15789e-05 -0.000861029 -6.2421e-05 1 -0.000488946 0.000860969 0.000489053 0.999999 -0.0228253 -0.0331494 0.0311751
FixedParameters: 0 0 0

#Transform 43
Transform: AffineTransform_float_3_3
Parameters: 1 0.000447781 -0.000231424 -0.000447219 1 -0.000946897 0.000230576 0.000947103 0.999999 -0.026669 -0.000200051 0.0488937
FixedParameters: 0 0 0

#Transform 44
Transform: AffineTransform_float_3_3
Parameters: 0.999999 0.000461553 -0.000541381 -0.000461448 1 -0.00082675 0.000541618 0.00082725 0.999999 -0.0171532 0.0140974 0.0753199
FixedParameters: 0 0 0

#Transform 45
Transform: AffineTransform_float_3_3
Parameters: 0.999999 0.000343605 -0.000651208 -0.000343395 1 -0.000606776 0.000650791 0.000607223 0.999999 -0.0242281 -0.0159064 0.0596037
FixedParameters: 0 0 0

#Transform 46
Transform: AffineTransform_float_3_3
Parameters: 1 0.00034387 -0.000345129 -0.00034413 1 -0.000375881 0.000344871 0.000376119 1 -0.0273938 0.0105709 0.0187598
FixedParameters: 0 0 0

#Transform 47
Transform: AffineTransform_float_3_3
Parameters: 1 0.000343944 -0.000163118 -0.000344056 1 -0.000341944 0.000162882 0.000342056 1 -0.0384493 -0.0255733 0.00720489
FixedParameters: 0 0 0

#Transform 48
Transform: AffineTransform_float_3_3
Parameters: 1 0.000343972 -0.000182053 -0.000344028 1 -0.000153937 0.000181947 0.000154063 1 -0.030774 -0.0197584 0.00161133
FixedParameters: 0 0 0

#Transform 49
Transform: AffineTransform_float_3_3
Parameters: 0.999999 0.000343189 -0.000672414 -0.00034381 0.999999 -0.00120577 0.000671586 0.00120623 0.999999 -0.0206135 -0.0496358 0.00762736
FixedParameters: 0 0 0

#Transform 50
Transform: AffineTransform_float_3_3
Parameters: 1 0.000588522 -0.000326861 -0.000589477 0.999999 -0.00146281 0.000326138 0.00146319 0.999999 -0.0139871 -0.010941 0.0416408
FixedParameters: 0 0 0

#Transform 51
Transform: AffineTransform_float_3_3
Parameters: 1 0.000343982 -6.80905e-05 -0.000344018 1 -0.000262977 6.79095e-05 0.000263023 1 -0.0276955 -0.00561796 0.0047658
FixedParameters: 0 0 0

#Transform 52
Transform: AffineTransform_float_3_3
Parameters: 1 5.42177e-05 -0.00039297 -5.47823e-05 1 0.000554021 0.00039303 -0.000553979 1 -0.0184195 -0.0479329 -0.0346078
FixedParameters: 0 0 0

#Transform 53
Transform: AffineTransform_float_3_3
Parameters: 1 0.000136973 -6.8054e-05 -0.000137027 1 -0.000393991 6.7946e-05 0.000394009 1 -0.0262044 0.0101623 -0.0102121
FixedParameters: 0 0 0

#Transform 54
Transform: AffineTransform_float_3_3
Parameters: 1 0.000112379 -0.000478911 -0.000112621 0.999999 0.000792053 0.000479089 -0.000791946 0.999999 -0.0314737 -0.0315038 -0.0380562
FixedParameters: 0 0 0

#Transform 55
Transform: AffineTransform_float_3_3
Parameters: 1 0.000288008 -6.79654e-05 -0.000287992 1 0.00012002 6.80346e-05 -0.00011998 1 -0.0348655 0.0206653 -0.0193851
FixedParameters: 0 0 0

#Transform 56
Transform: AffineTransform_float_3_3
Parameters: 1 0.000344005 -6.79745e-05 -0.000343995 1 7.40234e-05 6.80254e-05 -7.39766e-05 1 -0.0331803 -0.00994925 -0.00526634
FixedParameters: 0 0 0

#Transform 57
Transform: AffineTransform_float_3_3
Parameters: 1 0.000343994 -6.80306e-05 -0.000344006 1 -8.89766e-05 6.79694e-05 8.90234e-05 1 -0.0331839 -0.0255651 -0.0307728
FixedParameters: 0 0 0

#Transform 58
Transform: AffineTransform_float_3_3
Parameters: 1 0.000343934 -6.83336e-05 -0.000344066 1 -0.000969977 6.76662e-05 0.000970023 0.999999 -0.0307193 0.0284766 0.0429395
FixedParameters: 0 0 0

#Transform 59
Transform: AffineTransform_float_3_3
Parameters: 1 0.000343866 -0.000272169 -0.000344134 1 -0.000492906 0.00027183 0.000493093 1 -0.0289427 -0.0296735 0.00986967
FixedParameters: 0 0 0

#Transform 60
Transform: AffineTransform_float_3_3
Parameters: 1 0.00012884 -0.000461045 -0.00012916 1 -0.00034694 0.000460955 0.000347059 1 -0.0234557 -0.011721 -0.0133251
FixedParameters: 0 0 0

#Transform 61
Transform: AffineTransform_float_3_3
Parameters: 1 0.000343612 -0.000471283 -0.000343388 0.999999 -0.000823838 0.000470717 0.000823161 0.999999 -0.0151485 0.00399729 0.0313517
FixedParameters: 0 0 0

#Transform 62
Transform: AffineTransform_float_3_3
Parameters: 1 -7.41377e-05 -0.000533981 7.48622e-05 1 -0.00025804 0.000534019 0.00025796 1 -0.0361418 -0.04867 -0.0582242
FixedParameters: 0 0 0

#Transform 63
Transform: AffineTransform_float_3_3
Parameters: 1 0.000222494 -0.00047124 -0.000222507 1 -0.0010749 0.000471761 0.00107511 1 -0.0254627 -0.0127166 -0.013985
FixedParameters: 0 0 0

#Transform 64
Transform: AffineTransform_float_3_3
Parameters: 1 0.000162657 -0.000553101 -0.000162343 1 -0.00061991 0.000552899 0.00062009 0.999999 -0.0173864 -0.0331131 -0.0461263
FixedParameters: 0 0 0

#Transform 65
Transform: AffineTransform_float_3_3
Parameters: 0.999999 -6.17977e-05 -0.000717932 6.02023e-05 1 -0.00111104 0.000718067 0.00111096 0.999999 -0.0179125 -0.0187262 -0.0526898
FixedParameters: 0 0 0

#Transform 66
Transform: AffineTransform_float_3_3
Parameters: 0.999999 -0.000109368 -0.000881831 0.000107632 0.999999 -0.0015511 0.000882168 0.0015509 0.999999 -0.0173131 0.0014936 -0.0387663
FixedParameters: 0 0 0

#Transform 67
Transform: AffineTransform_float_3_3
Parameters: 1 -0.000134884 -0.000638814 0.000134115 0.999999 -0.00138409 0.000639186 0.00138391 0.999999 -0.0357483 -0.0233065 -0.0446153
FixedParameters: 0 0 0

#Transform 68
Transform: AffineTransform_float_3_3
Parameters: 1 -6.62335e-05 -0.000204925 6.57665e-05 1 -0.00113901 0.000205075 0.00113899 1 -0.0427042 -0.00727755 -0.0242748
FixedParameters: 0 0 0

#Transform 69
Transform: AffineTransform_float_3_3
Parameters: 0.999999 -0.000234787 -0.00121166 0.000233213 0.999999 -0.00147528 0.00121135 0.00147472 0.999998 -0.0134068 -0.0164741 -0.0198885
FixedParameters: 0 0 0

#Transform 70
Transform: AffineTransform_float_3_3
Parameters: 0.999998 -0.000641954 -0.00149573 0.000639045 0.999998 -0.00197496 0.00149726 0.00197404 0.999997 -0.0105715 0.0362622 -0.0246227
FixedParameters: 0 0 0

#Transform 71
Transform: AffineTransform_float_3_3
Parameters: 0.999998 -0.00103779 -0.00167966 0.00103421 0.999997 -0.00225674 0.00168134 0.00225526 0.999996 0.00533573 0.0364152 -0.0201161
FixedParameters: 0 0 0

#Transform 72
Transform: AffineTransform_float_3_3
Parameters: 0.999998 -0.00112097 -0.00175283 0.00111603 0.999996 -0.00283296 0.00175617 0.00283104 0.999995 -0.00161583 0.0592747 -0.021093
FixedParameters: 0 0 0

#Transform 73
Transform: AffineTransform_float_3_3
Parameters: 0.999998 -0.00121273 -0.00200655 0.00120727 0.999995 -0.00285443 0.00200945 0.00285157 0.999994 0.0122865 0.04465 -0.00971337
FixedParameters: 0 0 0

#Transform 74
Transform: AffineTransform_float_3_3
Parameters: 0.999998 -0.000994495 -0.00204389 0.000986505 0.999991 -0.00415303 0.00204812 0.00415097 0.99999 -0.014502 0.0825993 0.0447726
FixedParameters: 0 0 0

#Transform 75
Transform: AffineTransform_float_3_3
Parameters: 0.999997 -0.000899005 -0.00201389 0.000891993 0.999993 -0.0034768 0.00201711 0.00347519 0.999992 -0.018652 0.0359364 0.00834073
FixedParameters: 0 0 0

#Transform 76
Transform: AffineTransform_float_3_3
Parameters: 0.999999 -0.000705217 -0.00139337 0.000699784 0.999993 -0.00374098 0.00139563 0.00374002 0.999992 -0.0258377 0.0459713 0.0684533
FixedParameters: 0 0 0

#Transform 77
Transform: AffineTransform_float_3_3
Parameters: 0.999999 4.49394e-05 -0.00135318 -5.00636e-05 0.999993 -0.00373994 0.00135382 0.00374006 0.999992 -0.0123118 -0.00137714 0.0488159
FixedParameters: 0 0 0

#Transform 78
Transform: AffineTransform_float_3_3
Parameters: 1 9.53002e-05 -0.00116639 -0.000100702 0.999992 -0.00402989 0.0011666 0.00403011 0.999991 -0.0104946 0.0352502 0.0660373
FixedParameters: 0 0 0

#Transform 79
Transform: AffineTransform_float_3_3
Parameters: 0.999999 -0.000444942 -0.000745439 0.000444058 0.999999 -0.00126233 0.000746561 0.00126267 0.999999 -0.0347448 0.00566708 -0.000333304
FixedParameters: 0 0 0

#Transform 80
Transform: AffineTransform_float_3_3
Parameters: 1 -0.000434629 -0.000929241 0.000432373 0.999999 -0.0017514 0.000929759 0.0017516 0.999998 -0.0417328 0.0482483 -0.000545224
FixedParameters: 0 0 0

#Transform 81
Transform: AffineTransform_float_3_3
Parameters: 0.999999 -0.000446148 -0.000929449 0.000444853 0.999999 -0.00123441 0.000929549 0.00123459 0.999999 -0.0296496 0.0173917 -0.0172568
FixedParameters: 0 0 0

#Transform 82
Transform: AffineTransform_float_3_3
Parameters: 0.999999 -0.000108465 -0.00131488 0.000106535 1 -0.00111414 0.00131512 0.00111386 0.999998 -0.00900077 0.0115746 -0.0391883
FixedParameters: 0 0 0

#Transform 83
Transform: AffineTransform_float_3_3
Parameters: 1 -0.000448867 -0.000929583 0.000448134 1 -0.000932418 0.000929419 0.000931584 0.999999 -0.027354 0.00649733 -0.0370975
FixedParameters: 0 0 0

#Transform 84
Transform: AffineTransform_float_3_3
Parameters: 1 -0.000548939 -0.00100749 0.000548061 1 -0.000932553 0.00100751 0.000931448 0.999999 -0.028824 -0.00308211 -0.0571188
FixedParameters: 0 0 0

#Transform 85
Transform: AffineTransform_float_3_3
Parameters: 0.999999 -0.00041526 -0.00130028 0.000413739 0.999999 -0.00173754 0.00130172 0.00173746 0.999997 -0.0186538 0.0337834 -0.0043021
FixedParameters: 0 0 0

#Transform 86
Transform: AffineTransform_float_3_3
Parameters: 0.999999 -0.00037451 -0.00118452 0.000373489 0.999999 -0.00127544 0.00118548 0.00127456 0.999998 -0.0197584 -0.0244452 -0.0791701
FixedParameters: 0 0 0

#Transform 87
Transform: AffineTransform_float_3_3
Parameters: 1 -0.000390915 -0.00100426 0.000389086 0.999998 -0.00190639 0.00100474 0.00190561 0.999997 -0.0240396 0.00523663 -0.0428892
FixedParameters: 0 0 0

#Transform 88
Transform: AffineTransform_float_3_3
Parameters: 1 -0.000448372 -0.000962362 0.000447627 0.999999 -0.00142543 0.000963639 0.00142457 0.999998 -0.0232813 -0.00464158 -0.0460447
FixedParameters: 0 0 0

#Transform 89
Transform: AffineTransform_float_3_3
Parameters: 0.999999 -0.00056748 -0.00112225 0.000565519 0.999999 -0.00131964 0.00112275 0.00131836 0.999999 -0.0268931 -0.0065704 -0.0795366
FixedParameters: 0 0 0

#Transform 90
Transform: AffineTransform_float_3_3
Parameters: 0.999999 -0.000517076 -0.00126815 0.000515923 0.999998 -0.00163765 0.00126885 0.00163634 0.999998 -0.022407 0.0277268 -0.0324696
FixedParameters: 0 0 0

#Transform 91
Transform: AffineTransform_float_3_3
Parameters: 1 -0.000516187 -0.000934346 0.000515814 0.999999 -0.00126948 0.000934656 0.00126952 0.999999 -0.029304 -0.0106918 -0.0393884
FixedParameters: 0 0 0

#Transform 92
Transform: AffineTransform_float_3_3
Parameters: 1 -0.000516553 -0.000934143 0.000515447 0.999998 -0.00166248 0.000934858 0.00166152 0.999998 -0.0292974 -0.00211611 -0.0511392
FixedParameters: 0 0 0

#Transform 93
Transform: AffineTransform_float_3_3
Parameters: 0.999999 -0.000296531 -0.0012394 0.00029447 0.999998 -0.00204137 0.0012396 0.00204163 0.999997 -0.0162218 0.00781272 -0.0383458
FixedParameters: 0 0 0

#Transform 94
Transform: AffineTransform_float_3_3
Parameters: 0.999999 -0.000755555 -0.00111094 0.000754444 0.999998 -0.00139984 0.00111206 0.00139916 0.999999 -0.035048 -0.0310715 -0.071548
FixedParameters: 0 0 0

#Transform 95
Transform: AffineTransform_float_3_3
Parameters: 0.999999 -0.000283702 -0.00140446 0.000280296 0.999998 -0.0019244 0.00140554 0.0019236 0.999997 -0.0180395 0.0215635 -0.0312942
FixedParameters: 0 0 0

#Transform 96
Transform: AffineTransform_float_3_3
Parameters: 0.999999 -0.000578928 -0.00130114 0.000576072 0.999998 -0.00148175 0.00130186 0.00148125 0.999998 -0.0233148 -0.00426791 -0.0530184
FixedParameters: 0 0 0

#Transform 97
Transform: AffineTransform_float_3_3
Parameters: 0.999999 -0.000505785 -0.001404 0.000502216 0.999998 -0.00198271 0.001405 0.00198229 0.999997 -0.018981 0.0270504 -0.0109811
FixedParameters: 0 0 0

#Transform 98
Transform: AffineTransform_float_3_3
Parameters: 0.999999 -0.000373638 -0.0014043 0.00037036 0.999998 -0.00187852 0.0014057 0.00187748 0.999997 -0.0149558 0.00508493 -0.0360173
FixedParameters: 0 0 0

#Transform 99
Transform: AffineTransform_float_3_3
Parameters: 0.999999 -0.000448786 -0.00127903 0.000446214 0.999997 -0.00217757 0.00127997 0.00217743 0.999997 -0.0199354 0.0202298 -0.00504209
FixedParameters: 0 0 0

#Transform 100
Transform: AffineTransform_float_3_3
Parameters: 0.999999 -0.00052276 -0.00126686 0.000519242 0.999997 -0.00217766 0.00126713 0.00217734 0.999997 -0.022447 0.0401854 -0.00504874
FixedParameters: 0 0 0

#Transform 101
Transform: AffineTransform_float_3_3
Parameters: 0.999998 -0.000383548 -0.00162917 0.000380452 0.999997 -0.00217762 0.00162983 0.00217738 0.999997 -0.0223012 0.0144129 -0.00627658
FixedParameters: 0 0 0

#Transform 102
Transform: AffineTransform_float_3_3
Parameters: 1 -0.000249333 -0.00107146 0.000246666 0.999998 -0.00217727 0.00107254 0.00217674 0.999997 -0.0239524 0.0187007 -0.00546882
FixedParameters: 0 0 0

#Transform 103
Transform: AffineTransform_float_3_3
Parameters: 0.999999 -0.000248844 -0.00180734 0.000244155 0.999997 -0.00267945 0.00180866 0.00267955 0.999995 -0.014441 0.02478 -0.0107664
FixedParameters: 0 0 0

#Transform 104
Transform: AffineTransform_float_3_3
Parameters: 0.999999 -0.00025515 -0.00149046 0.000251852 0.999997 -0.00211238 0.00149053 0.00211262 0.999996 -0.0262476 0.0174581 -0.00647519
FixedParameters: 0 0 0

#Transform 105
Transform: AffineTransform_float_3_3
Parameters: 0.999999 -0.000321985 -0.00130126 0.000319017 0.999998 -0.00229242 0.00130173 0.00229258 0.999996 -0.0155674 0.0454859 -0.0165939
FixedParameters: 0 0 0

#Transform 106
Transform: AffineTransform_float_3_3
Parameters: 0.999999 -0.000432219 -0.00167792 0.00042778 0.999996 -0.00251472 0.00167908 0.00251328 0.999996 -0.0109083 0.0504438 -0.0159531
FixedParameters: 0 0 0

#Transform 107
Transform: AffineTransform_float_3_3
Parameters: 0.999998 -0.000340244 -0.00199394 0.000333754 0.999995 -0.00313167 0.00199505 0.00313033 0.999993 -0.00152396 0.0630855 0.00222434
FixedParameters: 0 0 0

#Transform 108
Transform: AffineTransform_float_3_3
Parameters: 0.999998 -0.000586659 -0.00186823 0.000581342 0.999995 -0.00302809 0.00186977 0.00302691 0.999993 -0.0116151 0.0616022 -0.00068436
FixedParameters: 0 0 0

#Transform 109
Transform: AffineTransform_float_3_3
Parameters: 0.999999 -0.000280367 -0.00138933 0.000277635 0.999997 -0.00242239 0.00138968 0.00242261 0.999996 -0.0187135 0.0481038 0.00274286
FixedParameters: 0 0 0

#Transform 110
Transform: AffineTransform_float_3_3
Parameters: 0.999999 -0.000580724 -0.0014299 0.000578276 0.999998 -0.00190483 0.0014311 0.00190417 0.999997 -0.0341046 0.0349891 -0.0239643
FixedParameters: 0 0 0

#Transform 111
Transform: AffineTransform_float_3_3
Parameters: 0.999999 -0.000405772 -0.00143022 0.000403229 0.999998 -0.00193758 0.00143078 0.00193742 0.999997 -0.0278773 0.0220217 -0.0118545
FixedParameters: 0 0 0

#Transform 112
Transform: AffineTransform_float_3_3
Parameters: 0.999999 -0.000128292 -0.00101984 0.000126707 0.999999 -0.00126713 0.00102016 0.00126687 0.999998 -0.0433265 0.00604226 -0.0210239
FixedParameters: 0 0 0

#Transform 113
Transform: AffineTransform_float_3_3
Parameters: 0.999999 -5.89606e-05 -0.00143088 5.60391e-05 0.999998 -0.00206908 0.00143112 0.00206892 0.999997 -0.0324982 0.0656335 0.0490914
FixedParameters: 0 0 0

#Transform 114
Transform: AffineTransform_float_3_3
Parameters: 0.999999 -4.3215e-05 -0.00133593 4.07848e-05 0.999998 -0.00165805 0.00133607 0.00165794 0.999997 -0.0306245 0.0172025 0.00437949
FixedParameters: 0 0 0

#Transform 115
Transform: AffineTransform_float_3_3
Parameters: 0.999999 -0.000347789 -0.00130953 0.00034621 0.999999 -0.00136645 0.00131047 0.00136555 0.999998 -0.0437136 0.0354848 -0.0243017
FixedParameters: 0 0 0

#Transform 116
Transform: AffineTransform_float_3_3
Parameters: 0.999999 6.71844e-05 -0.00134914 -6.98165e-05 0.999998 -0.00208791 0.00134886 0.00208709 0.999997 -0.0304306 0.0526024 0.0168181
FixedParameters: 0 0 0

#Transform 117
Transform: AffineTransform_float_3_3
Parameters: 1 -4.24429e-05 -0.00110395 4.0557e-05 0.999999 -0.00130705 0.00110405 0.00130695 0.999998 -0.0347776 0.00763491 -0.0266414
FixedParameters: 0 0 0

#Transform 118
Transform: AffineTransform_float_3_3
Parameters: 0.999999 -4.08658e-05 -0.000871006 4.11341e-05 1 0.000153964 0.000870993 -0.000154036 0.999999 -0.030208 -0.0131442 0.0515838
FixedParameters: 0 0 0

#Transform 119
Transform: AffineTransform_float_3_3
Parameters: 1 -4.00957e-05 -0.00117903 4.09043e-05 0.999999 0.000766952 0.00117897 -0.000767048 0.999999 -0.0207972 0.0124629 0.0381708
FixedParameters: 0 0 0

#Transform 120
Transform: AffineTransform_float_3_3
Parameters: 0.999999 -0.000116322 -0.00125006 0.000117679 1 0.000542853 0.00124994 -0.000542146 0.999999 -0.0268493 0.00822544 0.0300894
FixedParameters: 0 0 0

#Transform 121
Transform: AffineTransform_float_3_3
Parameters: 0.999999 -0.000320168 -0.0013562 0.000321831 1 0.000612564 0.0013558 -0.000613434 0.999999 -0.017016 -0.00344934 -0.0129181
FixedParameters: 0 0 0

#Transform 122
Transform: AffineTransform_float_3_3
Parameters: 0.999999 -4.1574e-05 -0.00128998 4.14259e-05 1 -0.000445054 0.00129002 0.000444947 0.999999 0.00202146 0.0474511 0.00430093
FixedParameters: 0 0 0

#Transform 123
Transform: AffineTransform_float_3_3
Parameters: 1 -0.000121252 -0.00118997 0.000121748 1 -0.000212145 0.00119003 0.000211856 1 -0.0035702 -0.0119296 -0.0252605
FixedParameters: 0 0 0

#Transform 124
Transform: AffineTransform_float_3_3
Parameters: 0.999999 -4.09886e-05 -0.001414 4.10113e-05 1 7.94202e-06 0.001414 -8.05797e-06 0.999999 -0.00688617 0.00146427 -0.0298596
FixedParameters: 0 0 0

#Transform 125
Transform: AffineTransform_float_3_3
Parameters: 1 -0.000242241 -0.00119195 0.000241759 1 -0.000202288 0.00119205 0.000201711 1 -0.0237662 0.00643184 -0.0120463
FixedParameters: 0 0 0

#Transform 126
Transform: AffineTransform_float_3_3
Parameters: 0.999999 -0.000252866 -0.00125683 0.000252134 0.999999 -0.000689317 0.00125717 0.000688682 0.999999 -0.0184091 0.0166444 -0.014904
FixedParameters: 0 0 0

#Transform 127
Transform: AffineTransform_float_3_3
Parameters: 0.999999 -4.15385e-05 -0.000825973 4.14614e-05 1 -0.000652035 0.000826027 0.000651966 1 -0.0248322 0.0484055 0.0544316
FixedParameters: 0 0 0

#Transform 128
Transform: AffineTransform_float_3_3
Parameters: 1 -4.13127e-05 -0.00117999 4.06873e-05 1 -0.000265048 0.00118001 0.000264951 1 -0.0312644 -0.0109287 -0.00276922
FixedParameters: 0 0 0

#Transform 129
Transform: AffineTransform_float_3_3
Parameters: 1 -4.18912e-05 -0.00120597 4.11087e-05 0.999999 -0.00073905 0.00120603 0.00073895 0.999999 -0.0263229 0.0375794 -0.00133966
FixedParameters: 0 0 0

#Transform 130
Transform: AffineTransform_float_3_3
Parameters: 0.999999 -0.000201174 -0.00134297 0.000200825 1 -0.00013027 0.00134303 0.00012973 0.999999 -0.0385005 -0.0011425 -0.0197472
FixedParameters: 0 0 0

#Transform 131
Transform: AffineTransform_float_3_3
Parameters: 1 -4.20762e-05 -0.00116596 4.09237e-05 0.999999 -0.000923048 0.00116604 0.000922951 0.999999 -0.0193631 0.0512932 0.0173473
FixedParameters: 0 0 0

#Transform 132
Transform: AffineTransform_float_3_3
Parameters: 0.999998 -0.000277469 -0.00159174 0.00027653 0.999999 -0.000923441 0.00159226 0.000922559 0.999999 -0.0075253 0.0299121 -8.52019e-05
FixedParameters: 0 0 0

#Transform 133
Transform: AffineTransform_float_3_3
Parameters: 0.999998 -0.000493067 -0.00154834 0.000490931 0.999999 -0.00133576 0.00154966 0.00133424 0.999998 -0.00856254 0.0679555 0.00369685
FixedParameters: 0 0 0

#Transform 134
Transform: AffineTransform_float_3_3
Parameters: 0.999998 -0.000497615 -0.00157149 0.000495384 1 -0.00102878 0.00157151 0.00102722 0.999998 -0.000946336 0.0370671 0.00445668
FixedParameters: 0 0 0

#Transform 135
Transform: AffineTransform_float_3_3
Parameters: 0.999998 -0.000503482 -0.00160454 0.000502518 1 -0.000923808 0.00160546 0.000923194 0.999999 -0.0141097 0.0668003 -0.00225775
FixedParameters: 0 0 0

#Transform 136
Transform: AffineTransform_float_3_3
Parameters: 0.999999 -0.000343146 -0.00138347 0.000340854 0.999998 -0.00155147 0.00138353 0.00155053 0.999998 -0.0138064 0.0480376 0.00173118
FixedParameters: 0 0 0

#Transform 137
Transform: AffineTransform_float_3_3
Parameters: 0.999999 -0.000586078 -0.00116496 0.000583923 0.999998 -0.00178268 0.00116604 0.00178232 0.999997 -0.025812 0.0755735 0.0493851
FixedParameters: 0 0 0

#Transform 138
Transform: AffineTransform_float_3_3
Parameters: 0.999999 -4.39611e-05 -0.00147391 4.10386e-05 0.999998 -0.00200906 0.00147409 0.00200894 0.999997 -0.00288746 0.0355727 0.0301462
FixedParameters: 0 0 0

#Transform 139
Transform: AffineTransform_float_3_3
Parameters: 0.999999 -4.44789e-05 -0.00130289 4.05208e-05 0.999997 -0.00267006 0.00130311 0.00266994 0.999995 -0.00651432 0.0821021 0.0767437
FixedParameters: 0 0 0

#Transform 140
Transform: AffineTransform_float_3_3
Parameters: 0.999998 -0.000200226 -0.00165761 0.000196773 0.999998 -0.00194633 0.00165838 0.00194567 0.999996 -0.0155584 0.0362634 0.00198585
FixedParameters: 0 0 0

#Transform 141
Transform: AffineTransform_float_3_3
Parameters: 0.999999 -0.000361267 -0.00150246 0.000358734 0.999999 -0.00150854 0.00150254 0.00150846 0.999997 -0.00936994 0.0427728 0.0115305
FixedParameters: 0 0 0

#Transform 142
Transform: AffineTransform_float_3_3
Parameters: 0.999999 -0.000482812 -0.00142772 0.000482187 0.999999 -0.000569689 0.00142827 0.000568311 0.999999 -0.0171771 0.006943 0.0340127
FixedParameters: 0 0 0

#Transform 143
Transform: AffineTransform_float_3_3
Parameters: 0.999999 -0.000545344 -0.000734744 0.000544655 0.999999 -0.0004684 0.000735255 0.000468599 0.999999 -0.0190268 0.0534636 0.025908
FixedParameters: 0 0 0

#Transform 144
Transform: AffineTransform_float_3_3
Parameters: 0.999999 -0.000545264 -0.000819823 0.000544735 1 -0.000323447 0.000820175 0.000322553 0.999999 -0.0199525 0.060128 0.0250379
FixedParameters: 0 0 0

#Transform 145
Transform: AffineTransform_float_3_3
Parameters: 0.999999 -0.000545322 -0.00126586 0.000544678 1 -0.00025469 0.00126614 0.00025431 0.999999 -0.0171862 0.0263627 0.000722876
FixedParameters: 0 0 0

#Transform 146
Transform: AffineTransform_float_3_3
Parameters: 1 -0.000545558 -0.000984691 0.000544441 0.999999 -0.000567536 0.000985309 0.000566463 1 -0.0136506 0.0735107 0.0194284
FixedParameters: 0 0 0

#Transform 147
Transform: AffineTransform_float_3_3
Parameters: 0.999999 -0.000722365 -0.00105344 0.000722634 0.999999 0.000602239 0.00105257 -0.000602761 1 -0.0321438 0.0221799 -0.0448111
FixedParameters: 0 0 0

#Transform 148
Transform: AffineTransform_float_3_3
Parameters: 0.999999 -0.000618975 -0.00075402 0.000619024 1 3.25332e-05 0.000753979 -3.24667e-05 0.999999 -0.0209062 0.0713446 -0.000610566
FixedParameters: 0 0 0

#Transform 149
Transform: AffineTransform_float_3_3
Parameters: 1 -0.000735696 -0.000759294 0.000736303 0.999999 0.000399441 0.000758705 -0.000400558 0.999999 -0.0233602 0.0407751 -0.0366838
FixedParameters: 0 0 0

#Transform 150
Transform: AffineTransform_float_3_3
Parameters: 0.999999 -0.000545317 -0.00123186 0.000544682 1 -0.000258671 0.00123214 0.000257328 0.999999 -0.00773926 0.0737631 0.000479173
FixedParameters: 0 0 0

#Transform 151
Transform: AffineTransform_float_3_3
Parameters: 0.999999 -0.000482564 -0.00123639 0.000481435 0.999999 -0.0012656 0.00123761 0.0012644 0.999999 -0.00191307 0.0759078 0.00230738
FixedParameters: 0 0 0

#Transform 152
Transform: AffineTransform_float_3_3
Parameters: 0.999999 -0.000636651 -0.00129268 0.000635349 0.999999 -0.000503822 0.00129232 0.000503178 0.999999 -0.0186374 0.0791467 -0.0178405
FixedParameters: 0 0 0

#Transform 153
Transform: AffineTransform_float_3_3
Parameters: 0.999998 -0.000622906 -0.00182235 0.000621094 1 -0.00104613 0.00182365 0.00104487 0.999998 -0.0129796 0.0783894 -0.0174263
FixedParameters: 0 0 0

#Transform 154
Transform: AffineTransform_float_3_3
Parameters: 0.999999 -0.000607534 -0.00172876 0.000604466 0.999997 -0.00204405 0.00173024 0.00204295 0.999997 -0.0145412 0.0637546 0.0127111
FixedParameters: 0 0 0

#Transform 155
Transform: AffineTransform_float_3_3
Parameters: 0.999999 -0.000477368 -0.00132151 0.000476631 1 -0.00103563 0.00132249 0.00103437 0.999998 -0.0134912 0.0629328 0.00754727
FixedParameters: 0 0 0

#Transform 156
Transform: AffineTransform_float_3_3
Parameters: 0.999999 -0.000207243 -0.00088871 0.000205757 0.999999 -0.00139918 0.000888288 0.00139882 0.999998 -0.0201255 0.0698419 0.000135257
FixedParameters: 0 0 0

#Transform 157
Transform: AffineTransform_float_3_3
Parameters: 0.999999 -0.000131965 -0.00148774 0.000129034 0.999998 -0.00199319 0.00148826 0.00199281 0.999997 -0.00518274 0.0372259 0.0507236
FixedParameters: 0 0 0

#Transform 158
Transform: AffineTransform_float_3_3
Parameters: 0.999999 -0.000165353 -0.00176769 0.000162646 0.999998 -0.00189729 0.00176831 0.00189671 0.999996 -0.000218072 0.0590894 0.0514214
FixedParameters: 0 0 0

#Transform 159
Transform: AffineTransform_float_3_3
Parameters: 0.999999 -0.000570761 -0.00134368 0.000570237 0.999999 -0.000567767 0.00134432 0.000566233 0.999999 -0.0214077 0.0322054 0.0511013
FixedParameters: 0 0 0

#Transform 160
Transform: AffineTransform_float_3_3
Parameters: 1 -0.000614543 -0.000888625 0.000614457 0.999999 -0.000611546 0.000888376 0.000610454 1 -0.032248 0.0625499 0.0187384
FixedParameters: 0 0 0

#Transform 161
Transform: AffineTransform_float_3_3
Parameters: 0.999999 -0.00062626 -0.00134488 0.00062574 1 -0.000193842 0.00134412 0.000193158 0.999999 -0.0144567 0.0517142 0.0116491
FixedParameters: 0 0 0

#Transform 162
Transform: AffineTransform_float_3_3
Parameters: 0.999999 -0.000651423 -0.00139133 0.000649577 1 -0.0010229 0.00139166 0.00102209 0.999998 -0.013009 0.0823514 0.0330895
FixedParameters: 0 0 0

#Transform 163
Transform: AffineTransform_float_3_3
Parameters: 0.999998 -0.000665675 -0.00149726 0.000664325 0.999999 -0.001119 0.00149774 0.001118 0.999999 -0.00570521 0.0656434 0.0158069
FixedParameters: 0 0 0

#Transform 164
Transform: AffineTransform_float_3_3
Parameters: 0.999998 -0.00131988 -0.0019117 0.00131812 0.999998 -0.000984522 0.0019133 0.000982477 0.999997 0.00345902 0.0721041 0.0551724
FixedParameters: 0 0 0

#Transform 165
Transform: AffineTransform_float_3_3
Parameters: 0.999997 -0.0014526 -0.0019821 0.00144941 0.999998 -0.00130988 0.0019839 0.00130712 0.999997 0.00928007 0.0983439 0.0652296
FixedParameters: 0 0 0

#Transform 166
Transform: AffineTransform_float_3_3
Parameters: 0.999997 -0.00145492 -0.00224547 0.00145108 0.999998 -0.00174527 0.00224853 0.00174174 0.999996 0.0218369 0.0712712 0.0711761
FixedParameters: 0 0 0

#Transform 167
Transform: AffineTransform_float_3_3
Parameters: 0.999998 -0.00112412 -0.00163987 0.00112088 0.999997 -0.00190084 0.00164213 0.00189916 0.999997 0.000359781 0.10367 0.0517462
FixedParameters: 0 0 0

#Transform 168
Transform: AffineTransform_float_3_3
Parameters: 0.999998 -0.000898006 -0.00130162 0.000896995 0.999999 -0.00154117 0.00130238 0.00153983 0.999998 -0.00467534 0.0626707 0.0254318
FixedParameters: 0 0 0

#Transform 169
Transform: AffineTransform_float_3_3
Parameters: 0.999999 -0.000440749 -0.00130174 0.000437252 0.999996 -0.00287957 0.00130226 0.00287843 0.999995 0.00379426 0.111627 0.0729651
FixedParameters: 0 0 0

#Transform 170
Transform: AffineTransform_float_3_3
Parameters: 0.999999 -0.000322155 -0.00175524 0.000317845 0.999997 -0.00236756 0.00175576 0.00236644 0.999995 0.000917733 0.0795153 0.0341798
FixedParameters: 0 0 0

#Transform 171
Transform: AffineTransform_float_3_3
Parameters: 0.999999 -0.000527678 -0.00145267 0.000524322 0.999996 -0.00253176 0.00145333 0.00253023 0.999995 -0.00414523 0.0981301 0.035526
FixedParameters: 0 0 0

#Transform 172
Transform: AffineTransform_float_3_3
Parameters: 0.999999 -0.000500728 -0.00122129 0.000499273 0.999999 -0.00141461 0.00122171 0.00141439 0.999999 -0.00590811 0.0535525 -0.0115723
FixedParameters: 0 0 0

#Transform 173
Transform: AffineTransform_float_3_3
Parameters: 0.999999 -0.000441079 -0.00147508 0.000437919 0.999997 -0.00208665 0.00147692 0.00208635 0.999996 0.00562961 0.0952802 0.0307862
FixedParameters: 0 0 0

#Transform 174
Transform: AffineTransform_float_3_3
Parameters: 0.999998 -0.000381033 -0.0016513 0.000377966 0.999998 -0.00183663 0.0016527 0.00183637 0.999997 0.00536708 0.051721 -0.00360038
FixedParameters: 0 0 0

#Transform 175
Transform: AffineTransform_float_3_3
Parameters: 0.999999 -0.000290161 -0.0015154 0.000287839 0.999998 -0.00208644 0.0015156 0.00208556 0.999996 0.0170187 0.0897502 0.0230278
FixedParameters: 0 0 0

#Transform 176
Transform: AffineTransform_float_3_3
Parameters: 0.999998 -0.000807242 -0.00155884 0.000805757 0.999998 -0.00143826 0.00156016 0.00143774 0.999998 0.0116258 0.0826732 -0.0224562
FixedParameters: 0 0 0

#Transform 177
Transform: AffineTransform_float_3_3
Parameters: 0.999999 -0.000806613 -0.001296 0.000805386 0.999999 -0.00124505 0.001297 0.00124396 0.999999 0.00607133 0.107744 -0.00570026
FixedParameters: 0 0 0

#Transform 178
Transform: AffineTransform_float_3_3
Parameters: 0.999998 -0.000806989 -0.00170506 0.00080501 0.999999 -0.00116737 0.00170594 0.00116563 0.999998 0.0147421 0.0843496 -0.0170783
FixedParameters: 0 0 0

#Transform 179
Transform: AffineTransform_float_3_3
Parameters: 0.999998 -0.000806807 -0.00138195 0.000805192 0.999999 -0.00130811 0.00138305 0.00130689 0.999998 0.00166451 0.0860935 0.0295154
FixedParameters: 0 0 0

#Transform 180
Transform: AffineTransform_float_3_3
Parameters: 0.999999 -0.000636756 -0.00139875 0.000633244 0.999998 -0.00197089 0.00139925 0.00196911 0.999997 -0.00930867 0.0671123 0.0250279
FixedParameters: 0 0 0

#Transform 181
Transform: AffineTransform_float_3_3
Parameters: 0.999998 -0.00012821 -0.0017727 0.000124793 0.999997 -0.00237422 0.0017723 0.00237478 0.999995 0.0147635 0.0961255 0.0382503
FixedParameters: 0 0 0

#Transform 182
Transform: AffineTransform_float_3_3
Parameters: 0.999999 -0.000732765 -0.00132102 0.000731234 0.999999 -0.00133697 0.00132198 0.00133503 0.999998 -0.00798964 0.101468 0.00751836
FixedParameters: 0 0 0

#Transform 183
Transform: AffineTransform_float_3_3
Parameters: 0.999998 -0.000761732 -0.00189891 0.000758267 0.999998 -0.00143944 0.00190009 0.00143756 0.999997 -0.00484072 0.0892318 -0.00571585
FixedParameters: 0 0 0

#Transform 184
Transform: AffineTransform_float_3_3
Parameters: 0.999998 -0.00105666 -0.00126561 0.00105533 0.999998 -0.00131634 0.00126639 0.00131466 0.999999 -0.0123064 0.114485 0.0123623
FixedParameters: 0 0 0

#Transform 185
Transform: AffineTransform_float_3_3
Parameters: 0.999998 -0.000862242 -0.00142164 0.000859759 0.999999 -0.00157722 0.00142236 0.00157578 0.999997 -0.00989036 0.0815093 -0.00772082
FixedParameters: 0 0 0

#Transform 186
Transform: AffineTransform_float_3_3
Parameters: 0.999999 -0.000808713 -0.00110875 0.000807287 0.999998 -0.0015449 0.00110925 0.0015441 0.999998 -0.0169446 0.105632 0.0254396
FixedParameters: 0 0 0

#Transform 187
Transform: AffineTransform_float_3_3
Parameters: 0.999999 -0.000769175 -0.00164799 0.000766825 0.999999 -0.00132027 0.00164901 0.00131873 0.999998 -0.00291352 0.0831212 0.00384478
FixedParameters: 0 0 0

#Transform 188
Transform: AffineTransform_float_3_3
Parameters: 0.999999 -0.000892033 -0.00130361 0.000889968 0.999999 -0.00155916 0.00130439 0.00155784 0.999998 -0.00760198 0.0938897 0.01022
FixedParameters: 0 0 0

#Transform 189
Transform: AffineTransform_float_3_3
