#Insight Transform File V1.0
#Transform 0
Transform: AffineTransform_float_3_3
Parameters: 0.999999 -0.000410064 -0.000673463 0.00040887 0.999998 -0.00155727 0.00067365 0.00155672 0.999998 0.0320681 0.0146023 0.00518191
FixedParameters: 0 0 0

#Transform 1
Transform: AffineTransform_float_3_3
Parameters: 0.999999 -0.000350358 -0.000679084 0.000349181 0.999998 -0.00159824 0.000680109 0.00159776 0.999998 0.0333618 0.0258132 -0.00594454
FixedParameters: 0 0 0

#Transform 2
Transform: AffineTransform_float_3_3
Parameters: 1 -0.000438159 -0.000930004 0.000436497 0.999999 -0.00142841 0.00093116 0.00142759 0.999998 0.0291415 0.0157655 -0.0149851
FixedParameters: 0 0 0

#Transform 3
Transform: AffineTransform_float_3_3
Parameters: 0.999999 -6.64988e-05 -0.000705874 6.54784e-05 0.999999 -0.00142805 0.00070597 0.00142795 0.999998 0.0179734 -0.00287778 -0.0140818
FixedParameters: 0 0 0

#Transform 4
Transform: AffineTransform_float_3_3
Parameters: 1 -0.000422772 -0.000957536 0.000421745 0.999998 -0.00152831 0.000957646 0.00152769 0.999999 0.03268 0.026871 0.0152464
FixedParameters: 0 0 0

#Transform 5
Transform: AffineTransform_float_3_3
Parameters: 0.999999 -0.000323361 -0.000681676 0.000322409 0.999999 -0.00142822 0.000682506 0.00142778 0.999998 0.016105 0.0238284 0.0282916
FixedParameters: 0 0 0

#Transform 6
Transform: AffineTransform_float_3_3
Parameters: 0.999999 -0.000269382 -0.000686826 0.00026885 1 -0.00111219 0.000687332 0.00111182 0.999999 0.00837504 0.0331218 -0.000793999
FixedParameters: 0 0 0

#Transform 7
Transform: AffineTransform_float_3_3
Parameters: 0.999999 -6.60484e-05 -0.000705917 6.59288e-05 0.999999 -0.000789955 0.000705929 0.000790046 1 0.0210266 0.0223855 -0.00962524
FixedParameters: 0 0 0

#Transform 8
Transform: AffineTransform_float_3_3
Parameters: 1 -5.34728e-05 -0.000571503 5.25686e-05 0.999999 -0.00079103 0.000571587 0.000790969 0.999999 0.00722358 0.0235757 0.00428184
FixedParameters: 0 0 0

#Transform 9
Transform: AffineTransform_float_3_3
Parameters: 0.999999 -6.62059e-05 -0.000705902 6.57714e-05 1 -0.00101305 0.000705943 0.00101295 0.999999 0.0122936 0.0166718 0.0263559
FixedParameters: 0 0 0

#Transform 10
Transform: AffineTransform_float_3_3
Parameters: 1 2.73337e-05 -0.00055299 -2.76657e-05 0.999999 -0.00128299 0.000553823 0.00128302 0.999999 0.0117664 0.0312315 0.0518265
FixedParameters: 0 0 0

#Transform 11
Transform: AffineTransform_float_3_3
Parameters: 1 -3.11874e-05 -0.000331536 3.03313e-05 0.999999 -0.00129101 0.000331616 0.00129099 0.999999 0.00281901 0.032727 0.00775041
FixedParameters: 0 0 0

#Transform 12
Transform: AffineTransform_float_3_3
Parameters: 1 -2.72539e-05 -0.000289721 2.65057e-05 0.999999 -0.00129101 0.00028979 0.00129099 0.999999 0.00354273 0.0176378 0.0104232
FixedParameters: 0 0 0

#Transform 13
Transform: AffineTransform_float_3_3
Parameters: 1 0.000156171 -0.000283829 -0.000155766 1 -0.00104196 0.000283411 0.00104205 1 0.00174957 0.0183145 0.0318021
FixedParameters: 0 0 0

#Transform 14
Transform: AffineTransform_float_3_3
Parameters: 1 0.000195919 -0.000106698 -0.000195074 0.999999 -0.000707979 0.000106329 0.00070802 0.999999 -0.00397563 0.0178427 0.00136535
FixedParameters: 0 0 0

#Transform 15
Transform: AffineTransform_float_3_3
Parameters: 1 8.17952e-06 8.7619e-05 -8.0777e-06 1 -0.000581001 -8.76285e-05 0.000580999 1 -0.0112228 0.0161574 0.0215324
FixedParameters: 0 0 0

#Transform 16
Transform: AffineTransform_float_3_3
Parameters: 1 -1.19543e-05 -0.000128445 1.18773e-05 1 -0.000300001 0.000128452 0.000299998 1 -0.00425329 -0.00393872 0.0056896
FixedParameters: 0 0 0

#Transform 17
Transform: AffineTransform_float_3_3
Parameters: 1 1.55278e-05 0.000167281 -1.55087e-05 1 -5.70026e-05 -0.000167283 5.69974e-05 1 -0.00282082 0.00179586 -0.0203082
FixedParameters: 0 0 0

#Transform 18
Transform: AffineTransform_float_3_3
Parameters: 1 9.62404e-06 0.000103554 -9.58904e-06 1 -0.000169001 -0.000103557 0.000168999 1 0.0145306 0.00342912 -0.0226644
FixedParameters: 0 0 0

#Transform 19
Transform: AffineTransform_float_3_3
Parameters: 1 1.55278e-05 0.000167281 -1.55087e-05 1 -5.70026e-05 -0.000167283 5.69974e-05 1 -1.71055e-05 -0.00418801 0.00243686
FixedParameters: 0 0 0

#Transform 20
Transform: AffineTransform_float_3_3
Parameters: 1 1.55278e-05 0.000167281 -1.55087e-05 1 -5.70026e-05 -0.000167283 5.69974e-05 1 -0.0011985 0.00345208 -0.000645386
FixedParameters: 0 0 0

#Transform 21
Transform: AffineTransform_float_3_3
Parameters: 1 1.55109e-05 0.000167282 -1.55256e-05 1 4.39974e-05 -0.000167281 -4.40026e-05 1 -0.00602532 0.00085113 0.000707578
FixedParameters: 0 0 0

#Transform 22
Transform: AffineTransform_float_3_3
Parameters: 1 1.55278e-05 0.000167281 -1.55087e-05 1 -5.70026e-05 -0.000167283 5.69974e-05 1 -0.0143365 0.00713895 0.0229603
FixedParameters: 0 0 0

#Transform 23
Transform: AffineTransform_float_3_3
Parameters: 1 1.55278e-05 0.000167281 -1.55087e-05 1 -5.70026e-05 -0.000167283 5.69974e-05 1 -0.0136223 0.0030657 -0.0232502
FixedParameters: 0 0 0

#Transform 24
Transform: AffineTransform_float_3_3
Parameters: 1 1.54651e-05 0.000167287 -1.55715e-05 1 0.000317997 -0.000167277 -0.000318003 1 -0.0138044 0.00545725 -0.0243854
FixedParameters: 0 0 0

#Transform 25
Transform: AffineTransform_float_3_3
Parameters: 1 1.54656e-05 0.000167287 -1.55709e-05 1 0.000314997 -0.000167277 -0.000315003 1 -0.0173076 0.000723682 -0.0307034
FixedParameters: 0 0 0

#Transform 26
Transform: AffineTransform_float_3_3
Parameters: 1 4.11957e-05 0.000445098 -4.13836e-05 1 0.000210982 -0.00044508 -0.000211018 1 -0.0240225 0.00968924 -0.0124086
FixedParameters: 0 0 0

#Transform 27
Transform: AffineTransform_float_3_3
Parameters: 1 1.5485e-05 0.000167285 -1.55515e-05 1 0.000198997 -0.000167279 -0.000199003 1 -0.026202 -0.00237969 -0.00316675
FixedParameters: 0 0 0

#Transform 28
Transform: AffineTransform_float_3_3
Parameters: 1 1.54935e-05 0.000167284 -1.5543e-05 1 0.000147997 -0.000167279 -0.000148003 1 -0.0158874 -0.0116362 -0.0222686
FixedParameters: 0 0 0

#Transform 29
Transform: AffineTransform_float_3_3
Parameters: 1 1.54273e-05 0.00016729 -1.56093e-05 1 0.000543997 -0.000167273 -0.000544002 1 -0.0223805 -0.00953696 -0.0351035
FixedParameters: 0 0 0

#Transform 30
Transform: AffineTransform_float_3_3
Parameters: 1 0.000101057 0.000159397 -0.000101244 1 0.000585984 -0.000159279 -0.000586016 1 -0.014374 0.00153139 0.0202384
FixedParameters: 0 0 0

#Transform 31
Transform: AffineTransform_float_3_3
Parameters: 1 1.54642e-05 0.000167287 -1.55723e-05 1 0.000322997 -0.000167277 -0.000323003 1 -0.0263234 0.000221644 0.0538834
FixedParameters: 0 0 0

#Transform 32
Transform: AffineTransform_float_3_3
Parameters: 1 2.31408e-05 0.000249931 -2.32293e-05 1 0.000176994 -0.000249923 -0.000177006 1 -0.0342103 0.0104869 0.0796271
FixedParameters: 0 0 0

#Transform 33
Transform: AffineTransform_float_3_3
Parameters: 1 1.54875e-05 0.000167285 -1.5549e-05 1 0.000183997 -0.000167279 -0.000184003 1 -0.027766 0.00534388 0.0202447
FixedParameters: 0 0 0

#Transform 34
Transform: AffineTransform_float_3_3
Parameters: 1 0.000167787 0.000153233 -0.000168034 1 0.000500974 -0.000154061 -0.000501026 1 -0.026419 0.00119271 -0.00798453
FixedParameters: 0 0 0

#Transform 35
Transform: AffineTransform_float_3_3
Parameters: 1 0.000179726 0.000152143 -0.000179992 1 0.000568972 -0.000152934 -0.000569027 1 -0.0308916 0.000782664 0.0238694
FixedParameters: 0 0 0

#Transform 36
Transform: AffineTransform_float_3_3
Parameters: 1 0.000246416 0.000146037 -0.000246729 0.999999 0.000752964 -0.000146662 -0.000753036 0.999999 -0.0373326 -0.007548 0.0361018
FixedParameters: 0 0 0

#Transform 37
Transform: AffineTransform_float_3_3
Parameters: 1 0.000100083 0.000159475 -0.000100227 1 0.000449984 -0.000159385 -0.000450016 1 -0.0398629 -0.00935337 0.0798365
FixedParameters: 0 0 0

#Transform 38
Transform: AffineTransform_float_3_3
Parameters: 1 1.5443e-05 0.000167289 -1.55935e-05 1 0.000449997 -0.000167275 -0.000450002 1 -0.0380005 -0.00657982 0.0125332
FixedParameters: 0 0 0

#Transform 39
Transform: AffineTransform_float_3_3
Parameters: 1 1.54871e-05 0.000167285 -1.55494e-05 1 0.000185997 -0.000167279 -0.000186003 1 -0.0338341 0.00605684 0.0136367
FixedParameters: 0 0 0

#Transform 40
Transform: AffineTransform_float_3_3
Parameters: 1 2.1627e-05 0.000235007 -2.19719e-05 0.999999 0.000733994 -0.000234975 -0.000734005 0.999999 -0.0294639 -0.0135985 0.0264668
FixedParameters: 0 0 0

#Transform 41
Transform: AffineTransform_float_3_3
Parameters: 1 1.53593e-05 0.000167296 -1.56772e-05 0.999999 0.000949997 -0.000167267 -0.000950002 0.999999 -0.0231448 -0.00216057 0.046121
FixedParameters: 0 0 0

#Transform 42
Transform: AffineTransform_float_3_3
Parameters: 1 3.05037e-05 0.000330596 -3.08303e-05 1 0.00049399 -0.000330565 -0.00049401 1 -0.0278858 0.000588899 0.0484049
FixedParameters: 0 0 0

#Transform 43
Transform: AffineTransform_float_3_3
Parameters: 1 4.69251e-05 0.000509845 -4.76623e-05 0.999999 0.000722975 -0.000509776 -0.000723024 0.999999 -0.0285637 0.00279399 0.0287457
FixedParameters: 0 0 0

#Transform 44
Transform: AffineTransform_float_3_3
Parameters: 1 -0.000291561 0.000464733 0.00029204 1 0.000555144 -0.00046515 -0.000555856 1 -0.0367555 -0.0104762 0.0331629
FixedParameters: 0 0 0

#Transform 45
Transform: AffineTransform_float_3_3
Parameters: 1 3.91791e-05 0.000426203 -3.989e-05 0.999999 0.000833982 -0.000426137 -0.000834016 0.999999 -0.030716 -0.000107323 0.0324327
FixedParameters: 0 0 0

#Transform 46
Transform: AffineTransform_float_3_3
Parameters: 1 4.66661e-05 0.000508865 -4.6741e-05 1 0.00105198 -0.000508859 -0.00105202 1 -0.0331131 -0.00538839 0.0450583
FixedParameters: 0 0 0

#Transform 47
Transform: AffineTransform_float_3_3
Parameters: 1 2.5468e-05 0.000277835 -2.60748e-05 1 0.00109199 -0.000277779 -0.00109201 1 -0.0263506 -0.026678 0.0290381
FixedParameters: 0 0 0

#Transform 48
Transform: AffineTransform_float_3_3
Parameters: 1 8.85698e-05 0.000232904 -8.9195e-05 0.999999 0.00134298 -0.000232666 -0.00134302 0.999999 -0.0240881 -0.0253154 0.0245725
FixedParameters: 0 0 0

#Transform 49
Transform: AffineTransform_float_3_3
Parameters: 1 -0.000102769 0.000522551 0.000101546 1 0.00117005 -0.00052279 -0.00116995 0.999999 -0.0231448 -0.0287009 0.010588
FixedParameters: 0 0 0

#Transform 50
Transform: AffineTransform_float_3_3
Parameters: 1 3.43838e-05 0.000376433 -3.44527e-05 0.999999 0.00141399 -0.000376428 -0.00141401 0.999999 -0.0167478 -0.0143467 0.0105838
FixedParameters: 0 0 0

#Transform 51
Transform: AffineTransform_float_3_3
Parameters: 1 0.000103181 0.000206481 -0.00010382 0.999999 0.00154698 -0.000206161 -0.00154702 0.999999 -0.0110421 -0.023016 0.0456519
FixedParameters: 0 0 0

#Transform 52
Transform: AffineTransform_float_3_3
Parameters: 1 4.64142e-05 0.000508887 -4.69928e-05 0.999999 0.00154698 -0.000508835 -0.00154702 0.999998 -0.0331173 -0.013483 0.0611009
FixedParameters: 0 0 0

#Transform 53
Transform: AffineTransform_float_3_3
Parameters: 1 2.24442e-05 0.000244974 -2.30022e-05 1 0.001139 -0.000244922 -0.00113901 1 -0.0289031 -0.0108387 0.0600947
FixedParameters: 0 0 0

#Transform 54
Transform: AffineTransform_float_3_3
Parameters: 1 2.27926e-05 0.000250967 -2.37621e-05 0.999998 0.00193199 -0.000250877 -0.00193201 0.999998 -0.0255858 -0.00868659 0.0461552
FixedParameters: 0 0 0

#Transform 55
Transform: AffineTransform_float_3_3
Parameters: 1 -0.000369893 0.00039223 0.000368793 0.999998 0.00151915 -0.000392357 -0.00151985 0.999999 -0.035589 0.00243232 0.0243091
FixedParameters: 0 0 0

#Transform 56
Transform: AffineTransform_float_3_3
Parameters: 1 -0.000355784 0.000545669 0.000354451 0.999999 0.00130619 -0.000545601 -0.00130581 0.999999 -0.0400844 0.00955941 0.0334864
FixedParameters: 0 0 0

#Transform 57
Transform: AffineTransform_float_3_3
Parameters: 1 -0.000355922 0.000545579 0.000355309 0.999998 0.00155819 -0.000545784 -0.00155781 0.999998 -0.042779 0.0253281 -0.0048709
FixedParameters: 0 0 0

#Transform 58
Transform: AffineTransform_float_3_3
Parameters: 1 -0.00035596 0.000545553 0.000355271 0.999998 0.00162919 -0.000545809 -0.0016288 0.999998 -0.0400768 0.014762 0.0417448
FixedParameters: 0 0 0

#Transform 59
Transform: AffineTransform_float_3_3
Parameters: 1 -0.000382558 0.000253751 0.000381713 0.999998 0.0016601 -0.00025502 -0.00166089 0.999998 -0.0271241 0.0205817 0.0485558
FixedParameters: 0 0 0

#Transform 60
Transform: AffineTransform_float_3_3
Parameters: 1 -0.000355799 0.000545659 0.000354437 0.999999 0.00133319 -0.00054561 -0.00133281 0.999999 -0.040088 0.00165514 0.00343643
FixedParameters: 0 0 0

#Transform 61
Transform: AffineTransform_float_3_3
Parameters: 1 -0.000383913 0.000238822 0.000383223 0.999998 0.00163609 -0.000239081 -0.00163591 0.999998 -0.0236183 -0.00894072 -0.0156086
FixedParameters: 0 0 0

#Transform 62
Transform: AffineTransform_float_3_3
Parameters: 1 -0.000281563 0.00024952 0.000281644 0.999999 0.00183007 -0.000250643 -0.00182993 0.999999 -0.029998 -0.0105042 0.0314326
FixedParameters: 0 0 0

#Transform 63
Transform: AffineTransform_float_3_3
Parameters: 1 -0.000267995 0.000122747 0.000268612 0.999998 0.00191703 -0.000122872 -0.00191697 0.999998 -0.0259038 -0.00269269 0.00277368
FixedParameters: 0 0 0

#Transform 64
Transform: AffineTransform_float_3_3
Parameters: 1 -3.88881e-05 0.000101959 3.85968e-05 0.999999 0.001428 -0.00010207 -0.001428 0.999999 -0.0218919 -0.0107493 0.00745107
FixedParameters: 0 0 0

#Transform 65
Transform: AffineTransform_float_3_3
Parameters: 1 0.00016003 0.000300683 -0.000159854 0.999999 0.00136295 -0.000300339 -0.00136305 0.999999 -0.0251074 -0.0169974 0.0206006
FixedParameters: 0 0 0

#Transform 66
Transform: AffineTransform_float_3_3
Parameters: 1 -0.000111979 0.000214081 0.000111398 0.999999 0.00135502 -0.000214384 -0.00135498 0.999999 -0.0264159 -0.00207024 0.0142374
FixedParameters: 0 0 0

#Transform 67
Transform: AffineTransform_float_3_3
Parameters: 1 0.000243262 0.000211758 -0.000243969 0.999999 0.00144895 -0.000212048 -0.00144905 0.999999 -0.0211529 -0.019281 0.0124914
FixedParameters: 0 0 0

#Transform 68
Transform: AffineTransform_float_3_3
Parameters: 1 0.000131995 0.000368541 -0.000133184 0.999998 0.00161395 -0.000368113 -0.00161405 0.999998 -0.0275996 -0.0214064 -0.00666185
FixedParameters: 0 0 0

#Transform 69
Transform: AffineTransform_float_3_3
Parameters: 1 0.000175002 5.84072e-05 -0.000175223 0.999998 0.00190899 -5.77386e-05 -0.00190901 0.999998 -0.0174114 -0.0252165 0.0137465
FixedParameters: 0 0 0

#Transform 70
Transform: AffineTransform_float_3_3
Parameters: 1 -3.14466e-05 0.00015146 3.08268e-05 0.999998 0.002045 -0.000151587 -0.00204499 0.999998 -0.0324373 -0.0276511 0.0301289
FixedParameters: 0 0 0

#Transform 71
Transform: AffineTransform_float_3_3
Parameters: 1 -9.68379e-06 0.000381423 8.91855e-06 0.999998 0.002308 -0.000381558 -0.002308 0.999998 -0.0454323 -0.0368618 -0.0110103
FixedParameters: 0 0 0

#Transform 72
Transform: AffineTransform_float_3_3
Parameters: 1 0.000284343 0.000258531 -0.000285809 0.999997 0.00265793 -0.000258011 -0.00265808 0.999997 -0.0273281 -0.0350373 0.0156604
FixedParameters: 0 0 0

#Transform 73
Transform: AffineTransform_float_3_3
Parameters: 1 0.000203807 -1.12915e-05 -0.000203835 0.999996 0.002856 1.146e-05 -0.002856 0.999996 -0.0265292 -0.0256081 0.0433879
FixedParameters: 0 0 0

#Transform 74
Transform: AffineTransform_float_3_3
Parameters: 1 0.000296948 0.000353778 -0.000297909 0.999997 0.0026359 -0.000353298 -0.00263611 0.999997 -0.0428866 -0.0237135 0.0464669
FixedParameters: 0 0 0

#Transform 75
Transform: AffineTransform_float_3_3
Parameters: 1 0.000478355 3.82962e-05 -0.000478751 0.999996 0.00278798 -3.76192e-05 -0.00278802 0.999996 -0.0371166 -0.0262881 0.0235395
FixedParameters: 0 0 0

#Transform 76
Transform: AffineTransform_float_3_3
Parameters: 1 0.000307839 0.000352847 -0.000308924 0.999996 0.00281989 -0.000352196 -0.00282011 0.999996 -0.0441954 -0.0268475 0.0212163
FixedParameters: 0 0 0

#Transform 77
Transform: AffineTransform_float_3_3
Parameters: 1 0.000133273 0.000197849 -0.000133453 0.999996 0.00273598 -0.000198208 -0.00273603 0.999996 -0.0397888 -0.0274579 -0.0149881
FixedParameters: 0 0 0

#Transform 78
Transform: AffineTransform_float_3_3
Parameters: 1 0.000272251 0.000191364 -0.000273389 0.999996 0.00273595 -0.000190867 -0.00273605 0.999996 -0.02899 -0.0279015 -0.0149412
FixedParameters: 0 0 0

#Transform 79
Transform: AffineTransform_float_3_3
Parameters: 1 0.000347091 9.73712e-05 -0.000346772 0.999996 0.00301597 -9.63666e-05 -0.00301604 0.999996 -0.027958 -0.0340466 -0.0189832
FixedParameters: 0 0 0

#Transform 80
Transform: AffineTransform_float_3_3
Parameters: 1 0.000148318 0.000367243 -0.000148818 0.999994 0.00326494 -0.000367453 -0.00326505 0.999994 -0.0352499 -0.0458129 -0.0462467
FixedParameters: 0 0 0

#Transform 81
Transform: AffineTransform_float_3_3
Parameters: 1 0.000148537 0.000367155 -0.000149595 0.999997 0.00266895 -0.000367447 -0.00266906 0.999997 -0.0331064 -0.0371003 -0.0073775
FixedParameters: 0 0 0

#Transform 82
Transform: AffineTransform_float_3_3
Parameters: 1 -5.89172e-06 0.000381059 4.74478e-06 0.999996 0.002811 -0.000381182 -0.002811 0.999996 -0.0359655 -0.0427649 -0.00920736
FixedParameters: 0 0 0

#Transform 83
Transform: AffineTransform_float_3_3
Parameters: 1 -7.65994e-05 0.00038742 7.54295e-05 0.999996 0.00279303 -0.000387937 -0.00279297 0.999996 -0.0312004 -0.0410672 0.00823112
FixedParameters: 0 0 0

#Transform 84
Transform: AffineTransform_float_3_3
Parameters: 1 0.000148479 0.000367178 -0.000149653 0.999996 0.00282795 -0.000367423 -0.00282805 0.999996 -0.0273296 -0.0297736 -0.0108724
FixedParameters: 0 0 0

#Transform 85
Transform: AffineTransform_float_3_3
Parameters: 1 -6.66554e-05 0.000386522 6.5459e-05 0.999996 0.00283403 -0.000386988 -0.00283397 0.999996 -0.0418787 -0.026211 0.021397
FixedParameters: 0 0 0

#Transform 86
Transform: AffineTransform_float_3_3
Parameters: 1 0.000165007 0.00055247 -0.000166396 0.999996 0.00306191 -0.00055164 -0.00306209 0.999995 -0.0565999 -0.02991 0.0588819
FixedParameters: 0 0 0

#Transform 87
Transform: AffineTransform_float_3_3
Parameters: 0.999999 0.00019394 0.000875176 -0.000196323 0.999996 0.00306983 -0.000874255 -0.00307017 0.999995 -0.053468 -0.0355395 0.0686912
FixedParameters: 0 0 0

#Transform 88
Transform: AffineTransform_float_3_3
Parameters: 0.999999 -0.000189451 0.000852383 0.000187659 0.999996 0.00285716 -0.000852741 -0.00285684 0.999995 -0.05832 -0.0193133 0.0502685
FixedParameters: 0 0 0

#Transform 89
Transform: AffineTransform_float_3_3
Parameters: 0.999999 -0.000220628 0.000886281 0.000217468 0.999995 0.00295729 -0.000886765 -0.0029577 0.999996 -0.0485321 -0.0200346 0.0385641
FixedParameters: 0 0 0

#Transform 90
Transform: AffineTransform_float_3_3
Parameters: 0.999999 -0.000230733 0.000773733 0.000228239 0.999995 0.00295728 -0.00077428 -0.00295772 0.999996 -0.0528437 -0.0134517 0.019241
FixedParameters: 0 0 0

#Transform 91
Transform: AffineTransform_float_3_3
Parameters: 1 -0.000165854 0.000915484 0.000163401 0.999996 0.00302115 -0.00091576 -0.00302085 0.999995 -0.0485667 -0.00130906 0.0250747
FixedParameters: 0 0 0

#Transform 92
Transform: AffineTransform_float_3_3
Parameters: 0.999999 -0.000219823 0.000895244 0.000216515 0.999995 0.0029573 -0.00089672 -0.0029577 0.999996 -0.0487865 0.00306599 0.050058
FixedParameters: 0 0 0

#Transform 93
Transform: AffineTransform_float_3_3
Parameters: 0.999999 -0.000189789 0.00121811 0.000186788 0.999998 0.00208732 -0.00121809 -0.00208668 0.999997 -0.045988 0.0162671 0.086259
FixedParameters: 0 0 0

#Transform 94
Transform: AffineTransform_float_3_3
Parameters: 0.999997 0.000164744 0.00267719 -0.000165258 1 0.000467927 -0.00267722 -0.000468075 0.999997 -0.0708298 0.0446327 0.120198
FixedParameters: 0 0 0

#Transform 95
Transform: AffineTransform_float_3_3
Parameters: 0.999998 -8.78291e-05 0.00230479 8.61074e-05 1 0.000589484 -0.00230499 -0.000589515 0.999997 -0.0630677 0.0187332 0.121619
FixedParameters: 0 0 0

#Transform 96
Transform: AffineTransform_float_3_3
Parameters: 0.999997 -0.000100488 0.00217729 9.81849e-05 1 0.00100741 -0.00217668 -0.00100759 0.999997 -0.0594225 0.027631 0.101582
FixedParameters: 0 0 0

#Transform 97
Transform: AffineTransform_float_3_3
Parameters: 0.999997 0.000145189 0.00214267 -0.000148891 0.999999 0.00156096 -0.00214249 -0.00156104 0.999997 -0.0612021 -0.00387702 0.0866268
FixedParameters: 0 0 0

#Transform 98
Transform: AffineTransform_float_3_3
Parameters: 0.999997 0.000324112 0.00210226 -0.000327977 0.999998 0.00162959 -0.00210148 -0.00163041 0.999997 -0.0608258 0.00733995 0.0919272
FixedParameters: 0 0 0

#Transform 99
Transform: AffineTransform_float_3_3
Parameters: 0.999997 0.000538074 0.0020918 -0.000541939 0.999998 0.00161515 -0.00209132 -0.00161685 0.999997 -0.052864 0.00354715 0.100647
FixedParameters: 0 0 0

#Transform 100
Transform: AffineTransform_float_3_3
Parameters: 0.999997 0.00061911 0.00205734 -0.000623199 0.999999 0.0016969 -0.0020565 -0.0016981 0.999997 -0.0507365 0.00144845 0.0995245
FixedParameters: 0 0 0

#Transform 101
Transform: AffineTransform_float_3_3
Parameters: 0.999997 0.000597089 0.00205834 -0.000600225 0.999998 0.00170604 -0.00205766 -0.00170796 0.999997 -0.0534851 0.0139447 0.141683
FixedParameters: 0 0 0

#Transform 102
Transform: AffineTransform_float_3_3
Parameters: 0.999997 0.000472978 0.00212203 -0.000478045 0.999997 0.00234517 -0.00212126 -0.00234583 0.999995 -0.0647675 -0.0165987 0.0958688
FixedParameters: 0 0 0

#Transform 103
Transform: AffineTransform_float_3_3
Parameters: 0.999997 0.00047033 0.00208313 -0.00047548 0.999997 0.00240919 -0.00208231 -0.00240981 0.999995 -0.0483196 0.00243595 0.0781843
FixedParameters: 0 0 0

#Transform 104
Transform: AffineTransform_float_3_3
Parameters: 0.999998 0.000604001 0.00185117 -0.000609028 0.999997 0.00240905 -0.00184961 -0.00240995 0.999996 -0.0564898 0.00347666 0.0936155
FixedParameters: 0 0 0

#Transform 105
Transform: AffineTransform_float_3_3
Parameters: 0.999999 0.000665765 0.0017375 -0.00067079 0.999995 0.00311292 -0.00173589 -0.00311408 0.999993 -0.0541018 -0.0166477 0.0997479
FixedParameters: 0 0 0

#Transform 106
Transform: AffineTransform_float_3_3
Parameters: 0.999997 0.000468859 0.00208346 -0.000474959 0.999995 0.00311519 -0.00208216 -0.00311581 0.999993 -0.0722917 -0.0139677 0.0823801
FixedParameters: 0 0 0

#Transform 107
Transform: AffineTransform_float_3_3
Parameters: 0.999998 0.000453422 0.00191014 -0.000459245 0.999995 0.00306431 -0.00190889 -0.00306569 0.999994 -0.0631236 -0.0172747 0.0177371
FixedParameters: 0 0 0

#Transform 108
Transform: AffineTransform_float_3_3
Parameters: 0.999999 0.000430694 0.00165411 -0.000435396 0.999995 0.00292747 -0.00165203 -0.00292853 0.999995 -0.0656164 -0.0137203 0.0520508
FixedParameters: 0 0 0

#Transform 109
Transform: AffineTransform_float_3_3
Parameters: 0.999999 0.000443237 0.00179761 -0.000448459 0.999995 0.00311529 -0.00179539 -0.00311671 0.999993 -0.0736292 -0.00353984 0.0756142
FixedParameters: 0 0 0

#Transform 110
Transform: AffineTransform_float_3_3
Parameters: 0.999999 0.000432793 0.00168108 -0.000438379 0.999995 0.00311536 -0.00167982 -0.00311664 0.999993 -0.080811 -0.00625937 0.0994438
FixedParameters: 0 0 0

#Transform 111
Transform: AffineTransform_float_3_3
Parameters: 0.999999 0.000597136 0.00166635 -0.000602721 0.999995 0.00311508 -0.00166506 -0.00311591 0.999993 -0.0771449 -0.0157953 0.100247
FixedParameters: 0 0 0

#Transform 112
Transform: AffineTransform_float_3_3
Parameters: 0.999999 0.000433437 0.00168091 -0.000437738 0.999996 0.00273335 -0.00167999 -0.00273365 0.999995 -0.0829068 0.00361631 0.0850882
FixedParameters: 0 0 0

#Transform 113
Transform: AffineTransform_float_3_3
Parameters: 1 0.000378429 0.00107451 -0.000381137 0.999995 0.00311559 -0.00107251 -0.00311641 0.999994 -0.062931 -0.0117229 0.132914
FixedParameters: 0 0 0

#Transform 114
Transform: AffineTransform_float_3_3
Parameters: 0.999998 0.00082293 0.00149114 -0.000828322 0.999992 0.00405576 -0.00148807 -0.00405724 0.99999 -0.0743087 -0.0324103 0.150362
FixedParameters: 0 0 0

#Transform 115
Transform: AffineTransform_float_3_3
Parameters: 0.999998 0.000698447 0.00145868 -0.000703802 0.999993 0.00348106 -0.00145625 -0.00348194 0.999993 -0.0752369 -0.0125727 0.0895564
FixedParameters: 0 0 0

#Transform 116
Transform: AffineTransform_float_3_3
Parameters: 0.999998 0.000897965 0.00143283 -0.000903179 0.999993 0.00346279 -0.00143004 -0.0034642 0.999993 -0.0840108 -0.0226421 0.0810937
FixedParameters: 0 0 0

#Transform 117
Transform: AffineTransform_float_3_3
Parameters: 0.999999 0.000804777 0.00156861 -0.000810635 0.999994 0.00339782 -0.00156557 -0.00339918 0.999993 -0.0931238 -0.0132063 0.0885984
FixedParameters: 0 0 0

#Transform 118
Transform: AffineTransform_float_3_3
Parameters: 0.999999 0.000793623 0.00164902 -0.000799637 0.999993 0.00355286 -0.0016469 -0.00355414 0.999993 -0.0922846 -0.0324214 0.05801
FixedParameters: 0 0 0

#Transform 119
Transform: AffineTransform_float_3_3
Parameters: 0.999998 0.000941008 0.00169049 -0.000947999 0.999991 0.00405157 -0.00168646 -0.00405243 0.999991 -0.0991058 -0.0291081 0.0977845
FixedParameters: 0 0 0

#Transform 120
Transform: AffineTransform_float_3_3
Parameters: 0.999998 0.000920419 0.00163804 -0.00092675 0.999991 0.00397956 -0.00163432 -0.00398043 0.99999 -0.0930173 -0.00967817 0.121145
FixedParameters: 0 0 0

#Transform 121
Transform: AffineTransform_float_3_3
Parameters: 0.999998 0.000901111 0.00163993 -0.000908218 0.999991 0.0042116 -0.00163594 -0.0042134 0.999989 -0.0956088 -0.0234759 0.0939282
FixedParameters: 0 0 0

#Transform 122
Transform: AffineTransform_float_3_3
Parameters: 0.999998 0.000915918 0.00170174 -0.000921977 0.999991 0.00404261 -0.00169803 -0.00404439 0.999991 -0.0912518 -0.0159938 0.074116
FixedParameters: 0 0 0

#Transform 123
Transform: AffineTransform_float_3_3
Parameters: 0.999998 0.000904898 0.00163969 -0.000911499 0.99999 0.0043326 -0.00163654 -0.00433441 0.999989 -0.0915296 -0.0516688 0.0638363
FixedParameters: 0 0 0

#Transform 124
Transform: AffineTransform_float_3_3
Parameters: 0.999997 0.00106601 0.00184142 -0.00107389 0.999989 0.0044782 -0.00183665 -0.0044798 0.999988 -0.0947967 -0.0392559 0.059684
FixedParameters: 0 0 0

#Transform 125
Transform: AffineTransform_float_3_3
Parameters: 0.999998 0.00119911 0.0016141 -0.00120684 0.999988 0.00472714 -0.00160844 -0.00472887 0.999988 -0.0878856 -0.0381392 0.0618648
FixedParameters: 0 0 0

#Transform 126
Transform: AffineTransform_float_3_3
Parameters: 0.999997 0.00131207 0.00195305 -0.00132038 0.99999 0.00433151 -0.00194646 -0.00433449 0.999988 -0.0930057 -0.0320898 0.0867421
FixedParameters: 0 0 0

#Transform 127
Transform: AffineTransform_float_3_3
Parameters: 0.999998 0.0011081 0.00162173 -0.00111554 0.99999 0.00433228 -0.00161672 -0.00433472 0.999989 -0.081948 -0.0239032 0.0869527
FixedParameters: 0 0 0

#Transform 128
Transform: AffineTransform_float_3_3
Parameters: 0.999997 0.00103174 0.00193494 -0.00104114 0.999988 0.00465216 -0.00193011 -0.00465384 0.999987 -0.0935901 -0.0365801 0.112017
FixedParameters: 0 0 0

#Transform 129
Transform: AffineTransform_float_3_3
Parameters: 0.999997 0.00103549 0.00215947 -0.00104591 0.999989 0.00463792 -0.00215472 -0.00464008 0.999987 -0.095316 -0.0290212 0.122484
FixedParameters: 0 0 0

#Transform 130
Transform: AffineTransform_float_3_3
Parameters: 0.999997 0.000973215 0.00191419 -0.00098334 0.999987 0.00489429 -0.00190943 -0.0048957 0.999986 -0.0850725 -0.00991126 0.095546
FixedParameters: 0 0 0

#Transform 131
Transform: AffineTransform_float_3_3
Parameters: 0.999997 0.000995237 0.0019505 -0.00100518 0.999987 0.00501222 -0.00194538 -0.00501378 0.999986 -0.0858672 -0.0369572 0.0944074
FixedParameters: 0 0 0

#Transform 132
Transform: AffineTransform_float_3_3
Parameters: 0.999998 0.000918596 0.00189142 -0.000929231 0.999984 0.00561642 -0.00188604 -0.00561758 0.999983 -0.0851992 -0.0568546 0.0692974
FixedParameters: 0 0 0

#Transform 133
Transform: AffineTransform_float_3_3
Parameters: 0.999997 0.000725739 0.00205767 -0.000737292 0.999985 0.00540567 -0.00205376 -0.00540733 0.999983 -0.100948 -0.0347405 0.0949631
FixedParameters: 0 0 0

#Transform 134
Transform: AffineTransform_float_3_3
Parameters: 0.999998 0.000944735 0.00204757 -0.000955185 0.999985 0.00538523 -0.00204243 -0.00538678 0.999984 -0.0961777 -0.0238338 0.128858
FixedParameters: 0 0 0

#Transform 135
Transform: AffineTransform_float_3_3
Parameters: 0.999997 0.00106785 0.0021383 -0.00107984 0.999984 0.00549697 -0.00213258 -0.00549903 0.999983 -0.101592 -0.0254123 0.134709
FixedParameters: 0 0 0

#Transform 136
Transform: AffineTransform_float_3_3
Parameters: 0.999998 0.00102963 0.0018154 -0.0010391 0.999984 0.00550329 -0.00181001 -0.00550471 0.999983 -0.096476 -0.0290843 0.0718344
FixedParameters: 0 0 0

#Transform 137
Transform: AffineTransform_float_3_3
Parameters: 0.999997 0.00109028 0.00209619 -0.00110179 0.999984 0.00549096 -0.00209023 -0.00549304 0.999983 -0.105446 -0.0213266 0.0919687
FixedParameters: 0 0 0

#Transform 138
Transform: AffineTransform_float_3_3
Parameters: 0.999998 0.000882846 0.00192587 -0.000894037 0.999982 0.00591936 -0.00192044 -0.00592063 0.99998 -0.101012 -0.0425603 0.0786585
FixedParameters: 0 0 0

#Transform 139
Transform: AffineTransform_float_3_3
Parameters: 0.999998 0.00110126 0.00205619 -0.00111538 0.999977 0.00669789 -0.00204861 -0.00670011 0.999976 -0.101177 -0.0493063 0.0895687
FixedParameters: 0 0 0

#Transform 140
Transform: AffineTransform_float_3_3
Parameters: 0.999999 0.000830388 0.00164785 -0.000840724 0.999977 0.0066307 -0.00164286 -0.00663229 0.999976 -0.079034 -0.0439134 0.0775634
FixedParameters: 0 0 0

#Transform 141
Transform: AffineTransform_float_3_3
Parameters: 0.999998 0.0011193 0.001945 -0.00113197 0.999978 0.00645399 -0.00193765 -0.00645701 0.999977 -0.083798 -0.0539833 0.0749435
FixedParameters: 0 0 0

#Transform 142
Transform: AffineTransform_float_3_3
Parameters: 0.999997 0.00130738 0.00195035 -0.00131945 0.999981 0.00600252 -0.00194265 -0.00600548 0.99998 -0.1084 -0.045446 0.0870929
FixedParameters: 0 0 0

#Transform 143
Transform: AffineTransform_float_3_3
Parameters: 0.999997 0.00128787 0.0020856 -0.0013008 0.999981 0.00605947 -0.00207808 -0.00606154 0.99998 -0.0953392 -0.046947 0.0868161
FixedParameters: 0 0 0

#Transform 144
Transform: AffineTransform_float_3_3
Parameters: 0.999998 0.00133755 0.00187153 -0.00134893 0.999981 0.00607156 -0.00186329 -0.00607443 0.999979 -0.10188 -0.0481045 0.0799713
FixedParameters: 0 0 0

#Transform 145
Transform: AffineTransform_float_3_3
Parameters: 0.999997 0.00133795 0.00197624 -0.0013509 0.999979 0.00637642 -0.00196825 -0.00637957 0.999977 -0.090334 -0.0552556 0.0981288
FixedParameters: 0 0 0

#Transform 146
Transform: AffineTransform_float_3_3
Parameters: 0.999997 0.00128839 0.0020019 -0.00130168 0.999977 0.00665249 -0.00199293 -0.00665551 0.999976 -0.0997789 -0.0444161 0.0923008
FixedParameters: 0 0 0

#Transform 147
Transform: AffineTransform_float_3_3
Parameters: 0.999997 0.00131936 0.0020081 -0.00133222 0.999978 0.00650151 -0.00200012 -0.0065035 0.999977 -0.106563 -0.0530029 0.069505
FixedParameters: 0 0 0

#Transform 148
Transform: AffineTransform_float_3_3
Parameters: 0.999997 0.00152145 0.00185483 -0.00153345 0.99998 0.00624625 -0.00184581 -0.00624877 0.999979 -0.104369 -0.037037 0.0733683
FixedParameters: 0 0 0

#Transform 149
Transform: AffineTransform_float_3_3
Parameters: 0.999997 0.00145374 0.00203533 -0.00146592 0.999979 0.00624619 -0.00202635 -0.00624881 0.999979 -0.107541 -0.0712524 0.0813768
FixedParameters: 0 0 0

#Transform 150
Transform: AffineTransform_float_3_3
Parameters: 0.999997 0.00154972 0.00186844 -0.00156189 0.999979 0.00624626 -0.00185907 -0.00624874 0.999979 -0.101011 -0.069492 0.0810827
FixedParameters: 0 0 0

#Transform 151
Transform: AffineTransform_float_3_3
Parameters: 0.999997 0.00141933 0.00193109 -0.00143177 0.999978 0.00639441 -0.00192202 -0.00639659 0.999978 -0.0985719 -0.059826 0.121294
FixedParameters: 0 0 0

#Transform 152
Transform: AffineTransform_float_3_3
Parameters: 0.999997 0.00138391 0.00189513 -0.00139627 0.999978 0.00649444 -0.00188623 -0.00649656 0.999977 -0.104119 -0.0745279 0.0982494
FixedParameters: 0 0 0

#Transform 153
Transform: AffineTransform_float_3_3
Parameters: 0.999996 0.00165577 0.00207731 -0.00166919 0.999979 0.00640162 -0.00206627 -0.00640538 0.999977 -0.10598 -0.0593051 0.0804396
FixedParameters: 0 0 0

#Transform 154
Transform: AffineTransform_float_3_3
Parameters: 0.999997 0.00144152 0.00224215 -0.00145518 0.999979 0.00624591 -0.00223241 -0.00624908 0.999978 -0.113928 -0.054366 0.0854169
FixedParameters: 0 0 0

#Transform 155
Transform: AffineTransform_float_3_3
Parameters: 0.999996 0.00171867 0.00227841 -0.00173306 0.999979 0.00624513 -0.00226819 -0.00624887 0.999977 -0.111126 -0.056731 0.0695786
FixedParameters: 0 0 0

#Transform 156
Transform: AffineTransform_float_3_3
Parameters: 0.999995 0.00158478 0.00269261 -0.0015976 0.999987 0.00485297 -0.00268542 -0.00485803 0.999985 -0.10264 -0.0763707 0.162946
FixedParameters: 0 0 0

#Transform 157
Transform: AffineTransform_float_3_3
Parameters: 0.999995 0.00201896 0.00265724 -0.00203614 0.999977 0.00640786 -0.00264486 -0.00641314 0.999976 -0.10616 -0.0934345 0.136472
FixedParameters: 0 0 0

#Transform 158
Transform: AffineTransform_float_3_3
Parameters: 0.999994 0.00231736 0.00263108 -0.00233426 0.999977 0.00621502 -0.00261667 -0.00622096 0.999977 -0.102668 -0.0859463 0.164355
FixedParameters: 0 0 0

#Transform 159
Transform: AffineTransform_float_3_3
Parameters: 0.999993 0.0024103 0.00262364 -0.00242762 0.999976 0.00648779 -0.00260784 -0.0064932 0.999975 -0.110522 -0.0759431 0.137502
FixedParameters: 0 0 0

#Transform 160
Transform: AffineTransform_float_3_3
Parameters: 0.999994 0.00229401 0.00263423 -0.00231191 0.999975 0.00676008 -0.00261878 -0.00676592 0.999974 -0.123681 -0.106388 0.119282
FixedParameters: 0 0 0

#Transform 161
Transform: AffineTransform_float_3_3
Parameters: 0.999995 0.00221788 0.00217787 -0.00223217 0.999975 0.00666122 -0.00216364 -0.00666578 0.999975 -0.105983 -0.101666 0.169095
FixedParameters: 0 0 0

#Transform 162
Transform: AffineTransform_float_3_3
Parameters: 0.999995 0.00250278 0.00220401 -0.00251548 0.999979 0.00599344 -0.00218924 -0.00599857 0.99998 -0.102487 -0.112857 0.155517
FixedParameters: 0 0 0

#Transform 163
Transform: AffineTransform_float_3_3
Parameters: 0.999993 0.00309738 0.00234717 -0.00311105 0.999977 0.00599158 -0.00232835 -0.00599841 0.999979 -0.0951126 -0.113597 0.164432
FixedParameters: 0 0 0

#Transform 164
Transform: AffineTransform_float_3_3
Parameters: 0.999994 0.00258846 0.00260663 -0.00260295 0.99998 0.00579029 -0.00259207 -0.00579672 0.99998 -0.0855143 -0.149849 0.179196
FixedParameters: 0 0 0

#Transform 165
Transform: AffineTransform_float_3_3
Parameters: 0.999994 0.00250576 0.0026147 -0.00252235 0.999978 0.00617649 -0.00259914 -0.00618351 0.999977 -0.0868653 -0.145707 0.158761
FixedParameters: 0 0 0

#Transform 166
Transform: AffineTransform_float_3_3
Parameters: 0.999994 0.00241348 0.00240998 -0.00242989 0.999975 0.00666923 -0.00239317 -0.00667478 0.999975 -0.0820116 -0.154998 0.130167
FixedParameters: 0 0 0

#Transform 167
Transform: AffineTransform_float_3_3
Parameters: 0.999993 0.0024319 0.00262204 -0.00244893 0.999975 0.00660674 -0.00260647 -0.00661226 0.999975 -0.0974527 -0.140599 0.141801
FixedParameters: 0 0 0

#Transform 168
Transform: AffineTransform_float_3_3
Parameters: 0.999994 0.00241275 0.00240854 -0.00242935 0.999973 0.00689923 -0.00239172 -0.00690477 0.999973 -0.0850335 -0.151612 0.161762
FixedParameters: 0 0 0

#Transform 169
Transform: AffineTransform_float_3_3
Parameters: 0.999995 0.00202081 0.00265852 -0.00204035 0.999972 0.00721076 -0.00264402 -0.00721624 0.99997 -0.118917 -0.156602 0.13242
FixedParameters: 0 0 0

#Transform 170
Transform: AffineTransform_float_3_3
Parameters: 0.999993 0.00236741 0.00262818 -0.00238596 0.999974 0.00688191 -0.00261215 -0.0068881 0.999973 -0.111256 -0.136518 0.155672
FixedParameters: 0 0 0

#Transform 171
Transform: AffineTransform_float_3_3
Parameters: 0.999994 0.00232986 0.00263116 -0.00234775 0.999974 0.006766 -0.00261519 -0.006772 0.999974 -0.117853 -0.134576 0.125532
FixedParameters: 0 0 0

#Transform 172
Transform: AffineTransform_float_3_3
Parameters: 0.999993 0.00243046 0.00262337 -0.00244946 0.999971 0.00715476 -0.00260622 -0.00716125 0.999971 -0.11338 -0.145351 0.134299
FixedParameters: 0 0 0

#Transform 173
Transform: AffineTransform_float_3_3
Parameters: 0.999994 0.00243749 0.00270183 -0.00245703 0.999972 0.00704753 -0.00268509 -0.00705347 0.999971 -0.11559 -0.142194 0.134537
FixedParameters: 0 0 0

#Transform 174
Transform: AffineTransform_float_3_3
Parameters: 0.999993 0.00243058 0.00262327 -0.00244935 0.999972 0.00711166 -0.00260632 -0.00711834 0.999971 -0.113376 -0.144279 0.132953
FixedParameters: 0 0 0

#Transform 175
Transform: AffineTransform_float_3_3
Parameters: 0.999993 0.00237438 0.00262841 -0.00239303 0.999971 0.0072658 -0.00261162 -0.00727221 0.99997 -0.114377 -0.167737 0.143938
FixedParameters: 0 0 0

#Transform 176
Transform: AffineTransform_float_3_3
Parameters: 0.999994 0.0023458 0.00262979 -0.00236367 0.999974 0.00676596 -0.00261361 -0.00677204 0.999974 -0.114824 -0.138978 0.113668
FixedParameters: 0 0 0

#Transform 177
Transform: AffineTransform_float_3_3
Parameters: 0.999993 0.00242998 0.00262382 -0.00244894 0.99997 0.00733775 -0.00260587 -0.00734424 0.99997 -0.113561 -0.182132 0.0972267
FixedParameters: 0 0 0

#Transform 178
Transform: AffineTransform_float_3_3
Parameters: 0.999995 0.00228623 0.00246528 -0.00230331 0.999971 0.00724449 -0.0024488 -0.00724951 0.999971 -0.112807 -0.16883 0.111853
FixedParameters: 0 0 0

#Transform 179
Transform: AffineTransform_float_3_3
Parameters: 0.999994 0.00197187 0.00266278 -0.00199171 0.999972 0.00725688 -0.0026488 -0.00726212 0.99997 -0.12132 -0.150953 0.105267
FixedParameters: 0 0 0

#Transform 180
Transform: AffineTransform_float_3_3
Parameters: 0.999994 0.00197259 0.00266225 -0.00199189 0.999974 0.00698687 -0.00264824 -0.00699212 0.999972 -0.121382 -0.152437 0.0834605
FixedParameters: 0 0 0

#Transform 181
Transform: AffineTransform_float_3_3
Parameters: 0.999994 0.0021484 0.00264757 -0.00216776 0.999972 0.00719045 -0.00263231 -0.00719656 0.999971 -0.126224 -0.178808 0.0782692
FixedParameters: 0 0 0

#Transform 182
Transform: AffineTransform_float_3_3
Parameters: 0.999994 0.00228045 0.00233267 -0.00229756 0.99997 0.00742973 -0.00231633 -0.00743528 0.99997 -0.125611 -0.164069 0.0982226
FixedParameters: 0 0 0

#Transform 183
Transform: AffineTransform_float_3_3
Parameters: 0.999995 0.00227745 0.00250529 -0.0022954 0.999971 0.00730133 -0.00248867 -0.00730667 0.99997 -0.135282 -0.139515 0.0629152
FixedParameters: 0 0 0

#Transform 184
Transform: AffineTransform_float_3_3
Parameters: 0.999994 0.00197237 0.00266241 -0.00199111 0.999973 0.00706697 -0.00264818 -0.00707203 0.999971 -0.138656 -0.1476 0.0407669
FixedParameters: 0 0 0

#Transform 185
Transform: AffineTransform_float_3_3
Parameters: 0.999993 0.00240385 0.00284227 -0.00242518 0.999969 0.00754228 -0.00282389 -0.00754872 0.999967 -0.144117 -0.213853 -0.00696675
FixedParameters: 0 0 0

#Transform 186
Transform: AffineTransform_float_3_3
Parameters: 0.999991 0.00262174 0.00350342 -0.0026501 0.999964 0.00807918 -0.00348249 -0.00808783 0.999962 -0.161357 -0.199338 -0.12303
FixedParameters: 0 0 0

#Transform 187
Transform: AffineTransform_float_3_3
Parameters: 0.999991 0.00204349 0.00355299 -0.00207392 0.999962 0.0084472 -0.00353599 -0.0084548 0.999958 -0.165285 -0.208897 -0.0675511
FixedParameters: 0 0 0

#Transform 188
Transform: AffineTransform_float_3_3
Parameters: 0.999992 0.00204318 0.00355317 -0.00207425 0.999961 0.0085381 -0.0035358 -0.00854489 0.999957 -0.161112 -0.210674 -0.0450355
FixedParameters: 0 0 0

#Transform 189
Transform: AffineTransform_float_3_3
