#Insight Transform File V1.0
#Transform 0
Transform: AffineTransform_float_3_3
Parameters: 1 -0.000200542 0.000327756 0.000201156 1 -0.000937074 -0.000327379 0.000936926 0.999999 0.000599863 -0.100066 -0.0604937
FixedParameters: 0 0 0

#Transform 1
Transform: AffineTransform_float_3_3
Parameters: 1 1.51735e-05 0.000105919 -1.49794e-05 0.999999 -0.000916001 -0.000105946 0.000915998 0.999999 0.0272375 -0.0872203 -0.0621664
FixedParameters: 0 0 0

#Transform 2
Transform: AffineTransform_float_3_3
Parameters: 1 3.26303e-05 0.000228684 -3.24661e-05 1 -0.000359007 -0.000228707 0.000358992 1 0.0302013 -0.117679 -0.0796045
FixedParameters: 0 0 0

#Transform 3
Transform: AffineTransform_float_3_3
Parameters: 1 1.13295e-05 7.91937e-05 -1.12147e-05 0.999999 -0.000725001 -7.921e-05 0.000724999 0.999999 0.0306652 -0.0912017 -0.0606559
FixedParameters: 0 0 0

#Transform 4
Transform: AffineTransform_float_3_3
Parameters: 1 -3.25835e-06 -2.2768e-05 3.2231e-06 0.999999 -0.000774 2.2773e-05 0.000773999 0.999999 0.0390676 -0.0922059 -0.0338969
FixedParameters: 0 0 0

#Transform 5
Transform: AffineTransform_float_3_3
Parameters: 1 -3.26359e-06 -2.27673e-05 3.21786e-06 0.999999 -0.001004 2.27738e-05 0.001004 0.999999 0.012683 -0.102219 -0.0468443
FixedParameters: 0 0 0

#Transform 6
Transform: AffineTransform_float_3_3
Parameters: 1 0.00018777 -5.0203e-05 -0.000187758 0.999999 -0.00126999 5.07161e-05 0.00127001 0.999999 0.0281501 -0.108434 -0.0585131
FixedParameters: 0 0 0

#Transform 7
Transform: AffineTransform_float_3_3
Parameters: 1 -0.000321035 2.2504e-05 0.000321041 1 -0.000140993 -2.24135e-05 0.000141007 1 0.0141125 -0.102702 -0.089524
FixedParameters: 0 0 0

#Transform 8
Transform: AffineTransform_float_3_3
Parameters: 1 -3.27126e-06 -2.27662e-05 3.21019e-06 0.999999 -0.001341 2.27749e-05 0.001341 0.999999 -0.00216331 0.00281424 -0.00591934
FixedParameters: 0 0 0

#Transform 9
Transform: AffineTransform_float_3_3
Parameters: 1 0.000403531 -8.13158e-05 -0.000403646 0.999998 -0.00157297 8.10361e-05 0.00157303 0.999999 0.00404216 -0.0395064 -0.0605756
FixedParameters: 0 0 0

#Transform 10
Transform: AffineTransform_float_3_3
Parameters: 1 -3.26801e-06 -2.27667e-05 3.21345e-06 1 -0.001198 2.27744e-05 0.001198 1 0.0158403 -0.0694235 -0.0666996
FixedParameters: 0 0 0

#Transform 11
Transform: AffineTransform_float_3_3
Parameters: 1 -2.43253e-05 -0.000169261 2.38628e-05 0.999999 -0.001366 0.000169327 0.001366 0.999999 0.020322 -0.0675299 -0.0126736
FixedParameters: 0 0 0

#Transform 12
Transform: AffineTransform_float_3_3
Parameters: 1 2.11726e-05 0.000147488 -2.08159e-05 1 -0.001209 -0.000147539 0.001209 1 0.0004783 -0.0760399 -0.0165476
FixedParameters: 0 0 0

#Transform 13
Transform: AffineTransform_float_3_3
Parameters: 1 3.05647e-05 0.000213827 -3.03046e-05 1 -0.000608006 -0.000213864 0.000607993 1 -0.00104339 -0.0976889 -0.0472606
FixedParameters: 0 0 0

#Transform 14
Transform: AffineTransform_float_3_3
Parameters: 1 3.88006e-05 0.000271239 -3.84132e-05 0.999999 -0.00071401 -0.000271294 0.000713989 0.999999 0.00193778 -0.0708576 -0.0543844
FixedParameters: 0 0 0

#Transform 15
Transform: AffineTransform_float_3_3
Parameters: 1 -0.000480767 -9.76331e-05 0.000481502 0.999999 -0.00129905 9.87422e-05 0.00129895 0.999999 0.0148384 -0.0688355 -0.0421876
FixedParameters: 0 0 0

#Transform 16
Transform: AffineTransform_float_3_3
Parameters: 1 -0.000339771 -0.000121973 0.000339488 1 -0.00115804 0.00012276 0.00115796 1 0.00451405 -0.0641031 -0.0520093
FixedParameters: 0 0 0

#Transform 17
Transform: AffineTransform_float_3_3
Parameters: 1 -0.000234661 -0.000100734 0.000234469 0.999999 -0.000950023 0.000101179 0.000949975 0.999999 0.000526322 -0.0634105 -0.0578457
FixedParameters: 0 0 0

#Transform 18
Transform: AffineTransform_float_3_3
Parameters: 1 2.06612e-05 0.000144531 -2.0482e-05 1 -0.000620003 -0.000144556 0.000619997 1 -0.0139689 -0.0702713 -0.0477924
FixedParameters: 0 0 0

#Transform 19
Transform: AffineTransform_float_3_3
Parameters: 1 -2.44025e-05 -0.00017127 2.43494e-05 1 -0.000155004 0.000171278 0.000154996 1 -0.0380785 -0.105895 -0.0736966
FixedParameters: 0 0 0

#Transform 20
Transform: AffineTransform_float_3_3
Parameters: 1 -2.81795e-05 -0.000198005 2.8181e-05 1 3.99442e-06 0.000198005 -4.00558e-06 1 0.00233234 -0.00539604 -0.00138464
FixedParameters: 0 0 0

#Transform 21
Transform: AffineTransform_float_3_3
Parameters: 1 -2.83564e-05 -0.000197979 2.8004e-05 0.999999 -0.000890005 0.00019803 0.000889994 0.999999 0.00678063 -0.0404096 0.0273933
FixedParameters: 0 0 0

#Transform 22
Transform: AffineTransform_float_3_3
Parameters: 1 -2.83109e-05 -0.000197986 2.80495e-05 1 -0.000660005 0.000198023 0.000659994 1 -0.00600578 -0.0332119 0.00825067
FixedParameters: 0 0 0

#Transform 23
Transform: AffineTransform_float_3_3
Parameters: 1 -7.61143e-05 -0.000532588 7.54954e-05 1 -0.00058104 0.000532676 0.000580959 0.999999 0.00563285 -0.0571707 0.00884134
FixedParameters: 0 0 0

#Transform 24
Transform: AffineTransform_float_3_3
Parameters: 0.999999 -0.000130146 -0.000910748 0.000130103 1 -0.000566979 0.000910755 0.000567021 1 0.00946276 -0.0334277 0.0342432
FixedParameters: 0 0 0

#Transform 25
Transform: AffineTransform_float_3_3
Parameters: 1 -0.000361407 -0.000563515 0.000360663 0.999999 -0.000660203 0.000563992 0.000659796 0.999999 -0.00479596 -0.0455642 0.0325022
FixedParameters: 0 0 0

#Transform 26
Transform: AffineTransform_float_3_3
Parameters: 1 -0.000439954 -0.000307886 0.000439646 1 -0.000499135 0.000308325 0.000498864 1 -0.00996632 -0.043319 -0.016342
FixedParameters: 0 0 0

#Transform 27
Transform: AffineTransform_float_3_3
Parameters: 1 -0.000465259 -0.000315395 0.000464821 1 -0.000470146 0.000314842 0.000469853 1 -0.0135022 -0.0325322 -0.00806171
FixedParameters: 0 0 0

#Transform 28
Transform: AffineTransform_float_3_3
Parameters: 1 -0.000442668 -0.000347872 0.000443254 0.999999 -0.000581154 0.000348246 0.000580846 1 0.0156021 -0.0463676 0.00767792
FixedParameters: 0 0 0

#Transform 29
Transform: AffineTransform_float_3_3
Parameters: 1 -0.000222907 -0.000202485 0.00022264 1 -0.000660045 0.000202779 0.000659955 1 0.0296967 -0.0478031 -0.0119427
FixedParameters: 0 0 0

#Transform 30
Transform: AffineTransform_float_3_3
Parameters: 1 -3.27502e-05 -0.000229677 3.2628e-05 1 -0.000266007 0.000229694 0.000265992 1 0.0272038 -0.0687628 -0.00817639
FixedParameters: 0 0 0

#Transform 31
Transform: AffineTransform_float_3_3
Parameters: 1 -0.000162436 -0.000211186 0.000162329 1 -0.000254034 0.000211269 0.000253966 1 0.0236723 -0.0757021 -0.0335101
FixedParameters: 0 0 0

#Transform 32
Transform: AffineTransform_float_3_3
Parameters: 1 -0.000380227 -0.000180145 0.000380147 1 -0.000221068 0.000180313 0.000220931 1 0.0231086 -0.0668254 -0.0205699
FixedParameters: 0 0 0

#Transform 33
Transform: AffineTransform_float_3_3
Parameters: 1 -0.000396944 0.000284605 0.000396729 1 0.000378113 -0.000284905 -0.000377887 1 0.031898 -0.0962503 -0.0283181
FixedParameters: 0 0 0

#Transform 34
Transform: AffineTransform_float_3_3
Parameters: 1 -0.000389865 0.000192536 0.000389711 0.999999 0.000767075 -0.000192144 -0.000766925 0.999999 0.0506506 -0.105852 -0.0356185
FixedParameters: 0 0 0

#Transform 35
Transform: AffineTransform_float_3_3
Parameters: 1 -0.000596263 -0.000109357 0.000596369 0.999999 0.000486935 0.000108776 -0.000487065 1 0.0205471 -0.0828208 -0.0853229
FixedParameters: 0 0 0

#Transform 36
Transform: AffineTransform_float_3_3
Parameters: 1 -0.000610738 -4.78649e-05 0.000610808 0.999999 0.00073797 4.69634e-05 -0.000738028 0.999999 0.0263995 -0.10871 -0.105756
FixedParameters: 0 0 0

#Transform 37
Transform: AffineTransform_float_3_3
Parameters: 0.999999 -0.00070292 -0.00010621 0.00070298 0.999999 0.000282925 0.000105812 -0.000283074 1 0.0344134 -0.0989898 -0.0495748
FixedParameters: 0 0 0

#Transform 38
Transform: AffineTransform_float_3_3
Parameters: 1 -0.000504101 -6.48626e-05 0.000504165 0.999999 0.000497967 6.43605e-05 -0.000498032 1 0.0442189 -0.141302 -0.0567816
FixedParameters: 0 0 0

#Transform 39
Transform: AffineTransform_float_3_3
Parameters: 1 -0.000384197 0.000168456 0.000384039 0.999999 0.000888064 -0.000168148 -0.000887935 0.999999 0.0351799 -0.171897 -0.0769281
FixedParameters: 0 0 0

#Transform 40
Transform: AffineTransform_float_3_3
Parameters: 1 -0.000414221 -4.51802e-05 0.000414603 0.999996 0.00270798 4.39258e-05 -0.00270802 0.999997 0.0631684 -0.193872 -0.0883496
FixedParameters: 0 0 0

#Transform 41
Transform: AffineTransform_float_3_3
Parameters: 1 -0.000427759 -0.000140851 0.0004284 0.999999 0.00177694 0.00014032 -0.00177706 0.999999 0.065231 -0.0871366 0.0422428
FixedParameters: 0 0 0

#Transform 42
Transform: AffineTransform_float_3_3
Parameters: 0.999999 -0.000753517 -0.000328591 0.000753972 0.999999 0.000692732 0.000327547 -0.000692266 0.999999 0.0621225 -0.0895763 -0.00950233
FixedParameters: 0 0 0

#Transform 43
Transform: AffineTransform_float_3_3
Parameters: 1 -0.000449262 -0.000292034 0.000450013 1 0.00104487 0.000292084 -0.00104513 1 0.0686174 -0.0987774 -0.0399201
FixedParameters: 0 0 0

#Transform 44
Transform: AffineTransform_float_3_3
Parameters: 0.999999 -0.00083217 0.000107299 0.000832048 0.999999 0.00122209 -0.000108343 -0.00122191 0.999999 0.0767533 -0.111437 0.000616586
FixedParameters: 0 0 0

#Transform 45
Transform: AffineTransform_float_3_3
Parameters: 1 -0.000622257 7.76191e-05 0.000622191 0.999999 0.00132705 -7.82805e-05 -0.00132695 0.999999 0.062447 -0.111959 0.00820618
FixedParameters: 0 0 0

#Transform 46
Transform: AffineTransform_float_3_3
Parameters: 1 -0.000374885 0.000234686 0.000374472 0.999999 0.00118009 -0.00023458 -0.00117991 1 0.0680489 -0.0830902 0.0361538
FixedParameters: 0 0 0

#Transform 47
Transform: AffineTransform_float_3_3
Parameters: 1 -0.000401433 4.65542e-05 0.000401465 0.999999 0.00117002 -4.65036e-05 -0.00116998 1 0.0946874 -0.0747546 0.0310528
FixedParameters: 0 0 0

#Transform 48
Transform: AffineTransform_float_3_3
Parameters: 1 -0.000528101 -0.000149659 0.000527595 0.999999 0.00114792 0.000149578 -0.00114808 1 0.0966182 -0.0778216 0.00782818
FixedParameters: 0 0 0

#Transform 49
Transform: AffineTransform_float_3_3
Parameters: 1 -0.000401439 4.6504e-05 0.00040146 0.999999 0.00129502 -4.65538e-05 -0.00129498 0.999999 0.0894564 -0.105169 0.00451504
FixedParameters: 0 0 0

#Transform 50
Transform: AffineTransform_float_3_3
Parameters: 1 -0.000413015 0.000329855 0.000412243 0.999999 0.00138414 -0.000330007 -0.00138386 0.999999 0.111001 -0.081274 0.00675474
FixedParameters: 0 0 0

#Transform 51
Transform: AffineTransform_float_3_3
Parameters: 1 -0.000569746 7.04689e-05 0.000569761 1 0.000892041 -7.04953e-05 -0.000891961 1 0.113671 -0.0947884 0.018803
FixedParameters: 0 0 0

#Transform 52
Transform: AffineTransform_float_3_3
Parameters: 1 -0.000401427 4.66056e-05 0.000401471 1 0.00104202 -4.64522e-05 -0.00104198 1 0.088372 -0.117224 -0.000802999
FixedParameters: 0 0 0

#Transform 53
Transform: AffineTransform_float_3_3
Parameters: 1 -0.00042479 -0.000118739 0.00042517 1 0.00100893 0.000118872 -0.00100807 1 0.0589114 -0.10599 -0.0446314
FixedParameters: 0 0 0

#Transform 54
Transform: AffineTransform_float_3_3
Parameters: 0.999999 -0.000775822 -8.75287e-05 0.000776186 0.999999 0.00128293 8.65275e-05 -0.00128307 0.999999 0.0553434 -0.118404 -0.0369954
FixedParameters: 0 0 0

#Transform 55
Transform: AffineTransform_float_3_3
Parameters: 0.999999 -0.000761669 0.000148885 0.000761455 0.999999 0.00118811 -0.000149704 -0.00118789 1 0.0495826 -0.111815 -0.052524
FixedParameters: 0 0 0

#Transform 56
Transform: AffineTransform_float_3_3
Parameters: 1 -0.000414287 -4.45725e-05 0.000414538 0.999999 0.00124098 4.45339e-05 -0.00124102 0.999999 0.0572866 -0.0943944 -0.0524765
FixedParameters: 0 0 0

#Transform 57
Transform: AffineTransform_float_3_3
Parameters: 0.999999 -0.000756592 -8.29402e-06 0.00075675 0.999999 0.00109099 7.63299e-06 -0.00109101 1 0.0581393 -0.108806 -0.0463539
FixedParameters: 0 0 0

#Transform 58
Transform: AffineTransform_float_3_3
Parameters: 1 -0.000404648 2.37726e-05 0.00040459 0.999999 0.00118801 -2.4734e-05 -0.00118799 1 0.05579 -0.110522 -0.0486673
FixedParameters: 0 0 0

#Transform 59
Transform: AffineTransform_float_3_3
Parameters: 1 -0.000322047 8.67634e-05 0.000321937 0.999999 0.00144703 -8.67052e-05 -0.00144697 0.999999 0.0700569 -0.111419 -0.0324601
FixedParameters: 0 0 0

#Transform 60
Transform: AffineTransform_float_3_3
Parameters: 1 6.01643e-05 3.29584e-05 -6.0292e-05 0.999998 0.001943 -3.27243e-05 -0.001943 0.999998 0.0792031 -0.124573 -0.0391845
FixedParameters: 0 0 0

#Transform 61
Transform: AffineTransform_float_3_3
Parameters: 1 0.000157226 1.92337e-05 -0.000157275 0.999999 0.001276 -1.88324e-05 -0.001276 0.999999 0.104232 -0.104883 -0.00427592
FixedParameters: 0 0 0

#Transform 62
Transform: AffineTransform_float_3_3
Parameters: 1 8.23428e-05 0.000562008 -8.26712e-05 1 0.00117295 -0.000561955 -0.00117305 0.999999 0.0887839 -0.102414 -0.000671914
FixedParameters: 0 0 0

#Transform 63
Transform: AffineTransform_float_3_3
Parameters: 1 6.42105e-05 0.000476704 -6.44064e-05 0.999999 0.00124397 -0.000476685 -0.00124403 0.999999 0.0622039 -0.0914656 -0.0180209
FixedParameters: 0 0 0

#Transform 64
Transform: AffineTransform_float_3_3
Parameters: 0.999999 -0.000132476 0.000785907 0.000130688 0.999997 0.0024871 -0.000785853 -0.0024869 0.999996 0.11567 -0.0884578 0.0515056
FixedParameters: 0 0 0

#Transform 65
Transform: AffineTransform_float_3_3
Parameters: 1 -0.000236454 0.000588596 0.000235238 0.999998 0.00187214 -0.00058962 -0.00187186 0.999998 0.113451 -0.0766754 0.0422355
FixedParameters: 0 0 0

#Transform 66
Transform: AffineTransform_float_3_3
Parameters: 1 -0.000154565 0.000654809 0.000153009 0.999998 0.0020521 -0.000654591 -0.0020519 0.999997 0.118446 -0.0929166 0.0293797
FixedParameters: 0 0 0

#Transform 67
Transform: AffineTransform_float_3_3
Parameters: 0.999999 -0.000103772 0.000848733 0.000103028 0.999998 0.00160423 -0.000849347 -0.00160377 0.999999 0.114675 -0.0750071 0.0504009
FixedParameters: 0 0 0

#Transform 68
Transform: AffineTransform_float_3_3
Parameters: 0.999999 -0.000362076 0.000607249 0.000360801 0.999998 0.00186224 -0.000608736 -0.00186276 0.999998 0.135745 -0.115022 0.0259855
FixedParameters: 0 0 0

#Transform 69
Transform: AffineTransform_float_3_3
Parameters: 1 7.25627e-05 0.000538138 -7.35259e-05 0.999999 0.00181496 -0.000538014 -0.00181504 0.999998 0.110634 -0.122303 -0.0160908
FixedParameters: 0 0 0

#Transform 70
Transform: AffineTransform_float_3_3
Parameters: 1 -0.000248731 0.000583018 0.000247703 0.999996 0.00257714 -0.000584579 -0.00257685 0.999996 0.128289 -0.130977 0.0423711
FixedParameters: 0 0 0

#Transform 71
Transform: AffineTransform_float_3_3
Parameters: 1 0.000358607 0.000456803 -0.000360183 0.999997 0.00265684 -0.000456024 -0.00265717 0.999997 0.0672547 -0.121474 0.0152417
FixedParameters: 0 0 0

#Transform 72
Transform: AffineTransform_float_3_3
Parameters: 0.999999 0.000587497 0.000556827 -0.000590666 0.999981 0.00604165 -0.000553243 -0.00604134 0.999981 0.105138 -0.229317 -0.0414052
FixedParameters: 0 0 0

#Transform 73
Transform: AffineTransform_float_3_3
Parameters: 1 0.000110111 0.000378602 -0.000112653 0.999982 0.00597996 -0.000377552 -0.00598004 0.999982 0.120793 -0.141938 -0.00635678
FixedParameters: 0 0 0

#Transform 74
Transform: AffineTransform_float_3_3
Parameters: 1 -0.000127245 0.000462613 0.000125819 0.999988 0.00490006 -0.000463285 -0.00489994 0.999988 0.112922 -0.122327 -0.0150467
FixedParameters: 0 0 0

#Transform 75
Transform: AffineTransform_float_3_3
Parameters: 1 -3.59594e-05 0.000471329 3.39758e-05 0.99999 0.00435616 -0.000470925 -0.00435584 0.999991 0.0941379 -0.146955 -0.0594893
FixedParameters: 0 0 0

#Transform 76
Transform: AffineTransform_float_3_3
Parameters: 0.999999 -0.000216403 0.000988671 0.000212154 0.999989 0.00479321 -0.000989449 -0.00479279 0.999988 0.09748 -0.148899 -0.0876662
FixedParameters: 0 0 0

#Transform 77
Transform: AffineTransform_float_3_3
Parameters: 0.999999 -0.00035296 0.000805927 0.000349762 0.999992 0.0039983 -0.00080718 -0.0039987 0.999992 0.139308 -0.150546 -0.0426665
FixedParameters: 0 0 0

#Transform 78
Transform: AffineTransform_float_3_3
Parameters: 1 -0.000170988 0.00106857 0.000167143 0.999993 0.0037162 -0.0010694 -0.0037168 0.999992 0.137099 -0.128025 -0.0142184
FixedParameters: 0 0 0

#Transform 79
Transform: AffineTransform_float_3_3
Parameters: 0.999999 -0.000299218 0.000847255 0.000295926 0.999994 0.00327739 -0.000847507 -0.00327661 0.999995 0.148906 -0.149918 0.00066868
FixedParameters: 0 0 0

#Transform 80
Transform: AffineTransform_float_3_3
Parameters: 0.999999 -0.000384195 0.000904471 0.000381278 0.999995 0.00332837 -0.000906452 -0.00332863 0.999994 0.121466 -0.148727 -0.0307477
FixedParameters: 0 0 0

#Transform 81
Transform: AffineTransform_float_3_3
Parameters: 1 -0.000249812 0.00107965 0.000245732 0.999995 0.00332829 -0.00108073 -0.00332871 0.999994 0.109532 -0.158294 -0.0439807
FixedParameters: 0 0 0

#Transform 82
Transform: AffineTransform_float_3_3
Parameters: 1 -0.000323254 0.00108979 0.000318812 0.999994 0.00346251 -0.00109144 -0.00346249 0.999994 0.119578 -0.133234 -0.0469435
FixedParameters: 0 0 0

#Transform 83
Transform: AffineTransform_float_3_3
Parameters: 0.999999 -0.000656909 0.000661158 0.000655611 0.999996 0.00268844 -0.000662988 -0.00268757 0.999996 0.128496 -0.108191 -0.0345539
FixedParameters: 0 0 0

#Transform 84
Transform: AffineTransform_float_3_3
Parameters: 1 -0.000226899 0.00119969 0.000222385 0.999995 0.00317643 -0.00120055 -0.00317657 0.999995 0.129624 -0.135475 0.00126433
FixedParameters: 0 0 0

#Transform 85
Transform: AffineTransform_float_3_3
Parameters: 0.999999 -0.000248549 0.0012031 0.000246277 0.999998 0.00223632 -0.00120364 -0.00223668 0.999997 0.14602 -0.140086 0.0146856
FixedParameters: 0 0 0

#Transform 86
Transform: AffineTransform_float_3_3
Parameters: 0.999999 -0.000318765 0.00070104 0.000317943 0.999997 0.00209822 -0.000701667 -0.00209778 0.999997 0.15152 -0.113093 -0.00182318
FixedParameters: 0 0 0

#Transform 87
Transform: AffineTransform_float_3_3
Parameters: 0.999999 -0.000319054 0.000700909 0.000317655 0.999996 0.00250924 -0.000701798 -0.00250976 0.999996 0.140488 -0.109224 0.00165974
FixedParameters: 0 0 0

#Transform 88
Transform: AffineTransform_float_3_3
Parameters: 1 -0.000668833 0.000933891 0.000667167 0.999997 0.00210178 -0.000935 -0.00210122 0.999998 0.139509 -0.153284 0.0115883
FixedParameters: 0 0 0

#Transform 89
Transform: AffineTransform_float_3_3
Parameters: 0.999999 -0.000215367 0.000769312 0.000214089 0.999997 0.0022093 -0.000769552 -0.0022087 0.999998 0.132324 -0.100305 0.0437577
FixedParameters: 0 0 0

#Transform 90
Transform: AffineTransform_float_3_3
Parameters: 1 -0.000314235 0.00105267 0.00031139 0.999997 0.00242633 -0.00105249 -0.00242567 0.999996 0.157301 -0.113636 0.0342748
FixedParameters: 0 0 0

#Transform 91
Transform: AffineTransform_float_3_3
Parameters: 0.999999 -0.000391497 0.00127724 0.000388085 0.999995 0.00293964 -0.00127911 -0.00293836 0.999995 0.170321 -0.131806 0.0342778
FixedParameters: 0 0 0

#Transform 92
Transform: AffineTransform_float_3_3
Parameters: 1 -0.000409178 0.0011514 0.000406195 0.999995 0.00307349 -0.00115348 -0.00307351 0.999994 0.153954 -0.131476 -0.00856425
FixedParameters: 0 0 0

#Transform 93
Transform: AffineTransform_float_3_3
Parameters: 1 -0.00044317 0.000906789 0.000440961 0.999996 0.0030094 -0.000907892 -0.0030086 0.999995 0.154132 -0.141954 -0.0253517
FixedParameters: 0 0 0

#Transform 94
Transform: AffineTransform_float_3_3
Parameters: 1 -0.000326459 0.000495988 0.000325166 0.999997 0.00244216 -0.00049673 -0.00244184 0.999997 0.134893 -0.21962 -0.0642324
FixedParameters: 0 0 0

#Transform 95
Transform: AffineTransform_float_3_3
Parameters: 1 -0.000775745 0.000696113 0.000777934 0.999994 -0.00330346 -0.000693668 0.00330454 0.999995 0.0813772 -0.326715 0.0470934
FixedParameters: 0 0 0

#Transform 96
Transform: AffineTransform_float_3_3
Parameters: 0.999998 -0.00142831 0.000871608 0.00142606 0.999995 0.00282513 -0.000875002 -0.00282387 0.999995 0.176397 -0.186987 -0.0497853
FixedParameters: 0 0 0

#Transform 97
Transform: AffineTransform_float_3_3
Parameters: 0.999998 -0.000270895 0.00200777 0.000265648 0.999997 0.0026097 -0.00200789 -0.0026093 0.999994 0.173827 -0.129444 0.0407014
FixedParameters: 0 0 0

#Transform 98
Transform: AffineTransform_float_3_3
Parameters: 0.999999 -0.000314643 0.00144295 0.000308846 0.999994 0.00347761 -0.0014437 -0.00347739 0.999993 0.219578 -0.119055 0.102969
FixedParameters: 0 0 0

#Transform 99
Transform: AffineTransform_float_3_3
Parameters: 0.999999 9.39876e-05 0.00127924 -9.84153e-05 0.999994 0.00327803 -0.00127917 -0.00327896 0.999994 0.196489 -0.139804 0.0624641
FixedParameters: 0 0 0

#Transform 100
Transform: AffineTransform_float_3_3
Parameters: 0.999998 -0.000282843 0.00157366 0.000277143 0.999992 0.0037866 -0.00157465 -0.0037864 0.999991 0.176537 -0.155196 0.0388545
FixedParameters: 0 0 0

#Transform 101
Transform: AffineTransform_float_3_3
Parameters: 0.999999 -0.000611768 0.00113673 0.000607774 0.999993 0.00368171 -0.00113881 -0.00368129 0.999992 0.173917 -0.137243 0.0283544
FixedParameters: 0 0 0

#Transform 102
Transform: AffineTransform_float_3_3
Parameters: 0.999999 -0.000611685 0.00113677 0.000607857 0.999993 0.00360871 -0.00113877 -0.00360829 0.999993 0.141578 -0.169349 0.0351022
FixedParameters: 0 0 0

#Transform 103
Transform: AffineTransform_float_3_3
Parameters: 0.999998 -0.000553599 0.00155765 0.000548156 0.999992 0.00378704 -0.00155969 -0.00378696 0.999991 0.131043 -0.158532 0.00324171
FixedParameters: 0 0 0

#Transform 104
Transform: AffineTransform_float_3_3
Parameters: 0.999999 -0.000150628 0.000922461 0.000147326 0.999994 0.00347514 -0.000922929 -0.00347486 0.999993 0.126186 -0.137146 0.0639233
FixedParameters: 0 0 0

#Transform 105
Transform: AffineTransform_float_3_3
Parameters: 0.999999 -0.000657548 0.00114362 0.000654066 0.999996 0.00300475 -0.00114502 -0.00300325 0.999995 0.131352 -0.136395 0.00684575
FixedParameters: 0 0 0

#Transform 106
Transform: AffineTransform_float_3_3
Parameters: 1 -0.000215372 0.00108186 0.000211022 0.999993 0.00351339 -0.0010818 -0.00351361 0.999994 0.116472 -0.146793 0.00566329
FixedParameters: 0 0 0

#Transform 107
Transform: AffineTransform_float_3_3
Parameters: 1 -0.000606432 0.000926165 0.00060327 0.999994 0.00345758 -0.00092879 -0.00345742 0.999993 0.118056 -0.147159 -5.85291e-05
FixedParameters: 0 0 0

#Transform 108
Transform: AffineTransform_float_3_3
Parameters: 0.999999 -0.000615953 0.00113716 0.000611508 0.999992 0.00387772 -0.00113951 -0.00387728 0.999992 0.123936 -0.172434 -0.0214328
FixedParameters: 0 0 0

#Transform 109
Transform: AffineTransform_float_3_3
Parameters: 0.999999 -0.000620065 0.00113694 0.000614468 0.999988 0.00488072 -0.00113971 -0.00488027 0.999987 0.0863302 -0.185518 -0.0504558
FixedParameters: 0 0 0

#Transform 110
Transform: AffineTransform_float_3_3
Parameters: 0.999998 -0.000723417 0.00144532 0.000717206 0.99999 0.0043942 -0.00144854 -0.0043928 0.99999 0.101334 -0.156807 -0.0509496
FixedParameters: 0 0 0

#Transform 111
Transform: AffineTransform_float_3_3
Parameters: 0.999998 -0.000881441 0.00165659 0.000873643 0.999988 0.00465263 -0.0016608 -0.00465136 0.999988 0.115667 -0.177933 -0.0897832
FixedParameters: 0 0 0

#Transform 112
Transform: AffineTransform_float_3_3
Parameters: 0.999998 -0.000816942 0.00135936 0.000810691 0.999991 0.00432213 -0.00136314 -0.00432087 0.99999 0.134454 -0.151863 -0.0717892
FixedParameters: 0 0 0

#Transform 113
Transform: AffineTransform_float_3_3
Parameters: 0.999999 -0.000389324 0.00129937 0.000380807 0.999982 0.0061005 -0.00130209 -0.0060995 0.99998 0.117193 -0.181669 -0.0402059
FixedParameters: 0 0 0

#Transform 114
Transform: AffineTransform_float_3_3
Parameters: 1 7.85833e-05 0.000168919 -7.94884e-05 0.999984 0.00562199 -0.000168171 -0.00562202 0.999984 0.132192 -0.0839621 -0.00634927
FixedParameters: 0 0 0

#Transform 115
Transform: AffineTransform_float_3_3
Parameters: 1 -0.000187464 0.00032735 0.000185953 0.999984 0.00575807 -0.000327802 -0.00575794 0.999984 0.122738 -0.0953051 -0.000739617
FixedParameters: 0 0 0

#Transform 116
Transform: AffineTransform_float_3_3
Parameters: 0.999999 -6.8497e-05 0.00083596 6.41858e-05 0.999984 0.00562206 -0.000836421 -0.00562194 0.999984 0.117628 -0.0911718 0.0218254
FixedParameters: 0 0 0

#Transform 117
Transform: AffineTransform_float_3_3
Parameters: 1 -0.000139991 0.000468222 0.000136697 0.999984 0.00577707 -0.000469112 -0.00577694 0.999983 0.125327 -0.104692 -0.00139464
FixedParameters: 0 0 0

#Transform 118
Transform: AffineTransform_float_3_3
Parameters: 0.999999 -9.08606e-05 0.000723956 8.68181e-05 0.999984 0.00562207 -0.000724529 -0.00562194 0.999984 0.143439 -0.107437 0.0271559
FixedParameters: 0 0 0

#Transform 119
Transform: AffineTransform_float_3_3
Parameters: 1 -0.000251642 0.000544086 0.000248855 0.999984 0.00554313 -0.000545303 -0.00554286 0.999984 0.144074 -0.103548 0.0127513
FixedParameters: 0 0 0

#Transform 120
Transform: AffineTransform_float_3_3
Parameters: 0.999999 -0.00046257 0.000641391 0.000458475 0.999983 0.00582429 -0.000644208 -0.0058237 0.999983 0.125251 -0.120258 -0.0449006
FixedParameters: 0 0 0

#Transform 121
Transform: AffineTransform_float_3_3
Parameters: 1 -0.000185101 0.00103154 0.000179573 0.999984 0.00562219 -0.00103345 -0.00562181 0.999983 0.133497 -0.0835736 -0.0299656
FixedParameters: 0 0 0

#Transform 122
Transform: AffineTransform_float_3_3
Parameters: 1 -0.000250401 0.000552084 0.000247697 0.999986 0.00525714 -0.000554136 -0.00525686 0.999986 0.143913 -0.0804019 -0.0126791
FixedParameters: 0 0 0

#Transform 123
Transform: AffineTransform_float_3_3
Parameters: 1 -0.00020632 0.000618547 0.000202333 0.999983 0.00584812 -0.00061938 -0.00584787 0.999982 0.133296 -0.114754 -0.0236404
FixedParameters: 0 0 0

#Transform 124
Transform: AffineTransform_float_3_3
Parameters: 1 -0.000111918 0.00053304 0.000108976 0.999984 0.00567406 -0.000533726 -0.00567394 0.999984 0.0882364 -0.118631 -0.0786056
FixedParameters: 0 0 0

#Transform 125
Transform: AffineTransform_float_3_3
Parameters: 1 -0.000560093 0.000753782 0.000556088 0.999985 0.00555043 -0.00075757 -0.00554958 0.999985 0.111506 -0.122545 -0.0993418
FixedParameters: 0 0 0

#Transform 126
Transform: AffineTransform_float_3_3
Parameters: 0.999999 -0.000594536 0.00110767 0.000588629 0.999984 0.00559368 -0.00111118 -0.00559332 0.999984 0.101803 -0.122305 -0.0687811
FixedParameters: 0 0 0

#Transform 127
Transform: AffineTransform_float_3_3
Parameters: 0.999999 -0.00047671 0.00140472 0.00046946 0.999987 0.00519268 -0.00140765 -0.00519231 0.999985 0.120509 -0.124994 -0.00216758
FixedParameters: 0 0 0

#Transform 128
Transform: AffineTransform_float_3_3
Parameters: 1 -0.000189286 0.00104941 0.000183616 0.999987 0.00519222 -0.00105007 -0.00519279 0.999986 0.120156 -0.137354 -0.02185
FixedParameters: 0 0 0

#Transform 129
Transform: AffineTransform_float_3_3
Parameters: 0.999999 -0.000562164 0.000639497 0.000559414 0.999989 0.00479236 -0.000642324 -0.00479164 0.999989 0.0973216 -0.117129 -0.00815073
FixedParameters: 0 0 0

#Transform 130
Transform: AffineTransform_float_3_3
Parameters: 0.999999 -0.000573659 0.000491346 0.000570814 0.999985 0.0053213 -0.000494748 -0.00532169 0.999986 0.101488 -0.118404 -0.0413733
FixedParameters: 0 0 0

#Transform 131
Transform: AffineTransform_float_3_3
Parameters: 1 -0.000315312 0.000605683 0.000312949 0.99999 0.00451019 -0.000607949 -0.00450981 0.999989 0.104797 -0.109886 -0.00431883
FixedParameters: 0 0 0

#Transform 132
Transform: AffineTransform_float_3_3
Parameters: 1 -0.000159121 0.00041167 0.000156965 0.999992 0.00399006 -0.000412082 -0.00398993 0.999992 0.113533 -0.144473 0.0105909
FixedParameters: 0 0 0

#Transform 133
Transform: AffineTransform_float_3_3
Parameters: 1 0.000318363 0.000495282 -0.000320341 0.999988 0.00486084 -0.00049359 -0.00486116 0.999988 0.153491 -0.137184 0.0755588
FixedParameters: 0 0 0

#Transform 134
Transform: AffineTransform_float_3_3
Parameters: 1 4.76848e-05 0.000177142 -4.81541e-05 0.999992 0.004122 -0.000176888 -0.00412201 0.999992 0.164188 -0.0448996 0.12845
FixedParameters: 0 0 0

#Transform 135
Transform: AffineTransform_float_3_3
Parameters: 1 0.000209674 -6.81664e-05 -0.000209146 0.999988 0.00486902 6.92156e-05 -0.00486899 0.999988 0.174184 -0.065256 0.12662
FixedParameters: 0 0 0

#Transform 136
Transform: AffineTransform_float_3_3
Parameters: 1 5.6325e-05 0.000153794 -5.7074e-05 0.999984 0.00566299 -0.000153292 -0.00566301 0.999984 0.195175 -0.103004 0.11249
FixedParameters: 0 0 0

#Transform 137
Transform: AffineTransform_float_3_3
Parameters: 1 -0.000159987 0.000401434 0.000157926 0.999987 0.00520207 -0.00040238 -0.00520194 0.999987 0.186075 -0.0857463 0.0962308
FixedParameters: 0 0 0

#Transform 138
Transform: AffineTransform_float_3_3
Parameters: 1 -0.000141163 0.000398855 0.00013913 0.999987 0.00520206 -0.000399605 -0.00520195 0.999987 0.186686 -0.0555488 0.13649
FixedParameters: 0 0 0

#Transform 139
Transform: AffineTransform_float_3_3
Parameters: 1 -0.000273821 0.00106604 0.000267954 0.999987 0.00520229 -0.00106758 -0.00520171 0.999986 0.216299 -0.0703094 0.203651
FixedParameters: 0 0 0

#Transform 140
Transform: AffineTransform_float_3_3
Parameters: 1 -0.000354459 0.000220045 0.000353304 0.999985 0.0054901 -0.000222092 -0.0054909 0.999985 0.118772 -0.212664 0.0288222
FixedParameters: 0 0 0

#Transform 141
Transform: AffineTransform_float_3_3
Parameters: 0.999999 -0.000484473 0.000642515 0.000480703 0.999973 0.00731831 -0.000645333 -0.00731769 0.999973 0.160067 -0.152154 -0.0269768
FixedParameters: 0 0 0

#Transform 142
Transform: AffineTransform_float_3_3
Parameters: 1 -0.000233194 0.000529031 0.000230092 0.999976 0.00692912 -0.000530824 -0.00692888 0.999976 0.166398 -0.0956538 0.00452758
FixedParameters: 0 0 0

#Transform 143
Transform: AffineTransform_float_3_3
Parameters: 1 -2.6171e-06 8.41317e-05 2.70315e-06 0.999985 0.005367 -8.43012e-05 -0.005367 0.999985 0.141751 -0.042953 -0.00595832
FixedParameters: 0 0 0

#Transform 144
Transform: AffineTransform_float_3_3
Parameters: 1 -0.000433401 -1.04374e-05 0.000433783 0.999984 0.00561 7.55255e-06 -0.00561001 0.999985 0.150434 -0.0704932 -0.0276397
FixedParameters: 0 0 0

#Transform 145
Transform: AffineTransform_float_3_3
Parameters: 1 -0.00037718 0.00039993 0.000375465 0.999986 0.00514115 -0.000401111 -0.00514085 0.999986 0.157585 -0.107811 0.0104867
FixedParameters: 0 0 0

#Transform 146
Transform: AffineTransform_float_3_3
Parameters: 0.999999 0.000309507 0.000972036 -0.000314413 0.999985 0.00551084 -0.000970433 -0.00551116 0.999985 0.19079 -0.0975521 0.106769
FixedParameters: 0 0 0

#Transform 147
Transform: AffineTransform_float_3_3
Parameters: 1 -0.000283627 0.000615485 0.000281289 0.99999 0.00441918 -0.000617414 -0.00441883 0.99999 0.185616 -0.0646396 0.113145
FixedParameters: 0 0 0

#Transform 148
Transform: AffineTransform_float_3_3
Parameters: 1 -0.000475812 0.000414019 0.000474836 0.999991 0.00407421 -0.000415204 -0.00407478 0.999991 0.186142 -0.083484 0.103702
FixedParameters: 0 0 0

#Transform 149
Transform: AffineTransform_float_3_3
Parameters: 1 6.40305e-05 0.000339432 -6.58616e-05 0.999992 0.00415798 -0.000339033 -0.00415802 0.999992 0.173834 -0.0528016 0.0920916
FixedParameters: 0 0 0

#Transform 150
Transform: AffineTransform_float_3_3
Parameters: 1 -0.000401564 0.000403709 0.000400438 0.999991 0.00418618 -0.000405368 -0.00418682 0.999991 0.169768 -0.0589463 0.0609347
FixedParameters: 0 0 0

#Transform 151
Transform: AffineTransform_float_3_3
Parameters: 1 -0.000293664 0.000388745 0.000292515 0.999991 0.00438212 -0.000389616 -0.00438189 0.999991 0.176815 -0.0617662 0.0689834
FixedParameters: 0 0 0

#Transform 152
Transform: AffineTransform_float_3_3
Parameters: 1 -0.000408586 0.000404577 0.000406286 0.99999 0.00440417 -0.000406327 -0.00440384 0.99999 0.187976 -0.0615128 0.075638
FixedParameters: 0 0 0

#Transform 153
Transform: AffineTransform_float_3_3
Parameters: 0.999999 7.74309e-06 0.00100131 -1.25575e-05 0.99999 0.00445299 -0.0010008 -0.00445301 0.999989 0.204991 -0.0660278 0.13185
FixedParameters: 0 0 0

#Transform 154
Transform: AffineTransform_float_3_3
Parameters: 1 -0.000206264 0.000598729 0.000204065 0.999989 0.00455126 -0.000599039 -0.00455074 0.99999 0.17764 -0.0765743 0.129851
FixedParameters: 0 0 0

#Transform 155
Transform: AffineTransform_float_3_3
Parameters: 0.999999 -0.000608989 0.000533042 0.000606524 0.99999 0.00455433 -0.000535889 -0.00455368 0.99999 0.182695 -0.0701147 0.110501
FixedParameters: 0 0 0

#Transform 156
Transform: AffineTransform_float_3_3
Parameters: 1 -0.000624713 0.000987775 0.000620976 0.999992 0.00410464 -0.000990482 -0.00410437 0.999991 0.174329 -0.0792079 0.143152
FixedParameters: 0 0 0

#Transform 157
Transform: AffineTransform_float_3_3
Parameters: 0.999999 -0.000681167 0.000506782 0.000679132 0.99999 0.00436437 -0.000510031 -0.00436464 0.999991 0.189587 -0.0859138 0.135998
FixedParameters: 0 0 0

#Transform 158
Transform: AffineTransform_float_3_3
Parameters: 1 -0.00025452 0.000447738 0.000252096 0.999987 0.00506511 -0.000449596 -0.00506489 0.999987 0.20128 -0.0809558 0.0946318
FixedParameters: 0 0 0

#Transform 159
Transform: AffineTransform_float_3_3
Parameters: 1 -0.000254942 0.000447498 0.000252808 0.999982 0.00600811 -0.000448991 -0.00600788 0.999982 0.232816 -0.064663 0.104806
FixedParameters: 0 0 0

#Transform 160
Transform: AffineTransform_float_3_3
Parameters: 1 -0.000169663 0.00107372 0.0001638 0.999982 0.00601732 -0.00107572 -0.00601668 0.999982 0.220398 -0.0725118 0.132506
FixedParameters: 0 0 0

#Transform 161
Transform: AffineTransform_float_3_3
Parameters: 1 -0.000274769 0.00105393 0.000269396 0.999985 0.00549545 -0.00105579 -0.00549555 0.999985 0.232155 -0.0730695 0.155141
FixedParameters: 0 0 0

#Transform 162
Transform: AffineTransform_float_3_3
Parameters: 0.999999 0.000193353 0.00141182 -0.000201286 0.999982 0.00596686 -0.00141074 -0.00596714 0.999981 0.203775 -0.0602853 0.165565
FixedParameters: 0 0 0

#Transform 163
Transform: AffineTransform_float_3_3
Parameters: 0.999998 -0.000103718 0.00207662 8.99502e-05 0.999976 0.00699151 -0.00207712 -0.00699151 0.999974 0.181993 -0.124802 0.137558
FixedParameters: 0 0 0

#Transform 164
Transform: AffineTransform_float_3_3
Parameters: 0.999998 0.000293031 0.00199471 -0.000305773 0.99998 0.00642269 -0.0019927 -0.00642332 0.999978 0.231982 -0.0230672 0.185569
FixedParameters: 0 0 0

#Transform 165
Transform: AffineTransform_float_3_3
Parameters: 0.999998 -6.04559e-06 0.00162252 -4.19715e-06 0.999978 0.00660014 -0.00162211 -0.00659986 0.999977 0.210814 -0.0804226 0.122801
FixedParameters: 0 0 0

#Transform 166
Transform: AffineTransform_float_3_3
Parameters: 0.999998 -6.41122e-05 0.00167308 5.46027e-05 0.999985 0.00558924 -0.00167303 -0.00558876 0.999983 0.185716 -0.0325837 0.150059
FixedParameters: 0 0 0

#Transform 167
Transform: AffineTransform_float_3_3
Parameters: 0.999998 -0.000188259 0.00169021 0.000179094 0.999986 0.00517959 -0.00169027 -0.00517841 0.999985 0.211092 -0.0358037 0.151089
FixedParameters: 0 0 0

#Transform 168
Transform: AffineTransform_float_3_3
Parameters: 0.999999 0.000140905 0.00174501 -0.000150712 0.999985 0.00536304 -0.00174471 -0.00536395 0.999984 0.182403 -0.0489307 0.152619
FixedParameters: 0 0 0

#Transform 169
Transform: AffineTransform_float_3_3
Parameters: 0.999999 3.53319e-05 0.00178668 -4.49586e-05 0.999985 0.00550421 -0.00178666 -0.00550379 0.999983 0.200968 -0.0244076 0.123913
FixedParameters: 0 0 0

#Transform 170
Transform: AffineTransform_float_3_3
Parameters: 0.999999 6.46391e-07 0.00173076 -1.11086e-05 0.999982 0.00596513 -0.00173011 -0.00596487 0.99998 0.210719 -0.0243392 0.195879
FixedParameters: 0 0 0

#Transform 171
Transform: AffineTransform_float_3_3
Parameters: 0.999998 0.000137979 0.00164747 -0.000147939 0.999984 0.00577191 -0.0016461 -0.0057721 0.999982 0.22254 0.00584554 0.273563
FixedParameters: 0 0 0

#Transform 172
Transform: AffineTransform_float_3_3
Parameters: 0.999999 4.7672e-05 0.00147707 -5.65579e-05 0.999981 0.00607208 -0.00147671 -0.00607291 0.99998 0.224697 0.0236916 0.26221
FixedParameters: 0 0 0

#Transform 173
Transform: AffineTransform_float_3_3
Parameters: 1 -8.55266e-05 0.0010544 7.99126e-05 0.999987 0.00507509 -0.00105495 -0.00507491 0.999986 0.211461 -0.0713153 0.174739
FixedParameters: 0 0 0

#Transform 174
Transform: AffineTransform_float_3_3
Parameters: 0.999999 -0.000453359 0.000693405 0.000444262 0.999907 0.0136303 -0.000699978 -0.0136307 0.999907 0.215425 -0.206914 -0.0546717
FixedParameters: 0 0 0

#Transform 175
Transform: AffineTransform_float_3_3
Parameters: 1 -0.000301981 0.00115675 0.000288394 0.999932 0.0117213 -0.00116055 -0.0117207 0.99993 0.241078 -0.0908379 0.0214316
FixedParameters: 0 0 0

#Transform 176
Transform: AffineTransform_float_3_3
Parameters: 0.999999 6.87167e-05 0.00154945 -8.2393e-05 0.999957 0.00925104 -0.00154918 -0.00925196 0.999956 0.190882 -0.108707 0.00657051
FixedParameters: 0 0 0

#Transform 177
Transform: AffineTransform_float_3_3
Parameters: 0.999999 -0.000137209 0.00151047 0.000123606 0.999963 0.00857236 -0.00151142 -0.00857265 0.999962 0.204746 -0.0760789 0.000606431
FixedParameters: 0 0 0

#Transform 178
Transform: AffineTransform_float_3_3
Parameters: 0.999998 0.00128695 0.00153336 -0.0013003 0.99996 0.00881712 -0.00152157 -0.00881887 0.99996 0.108638 -0.079144 -0.101305
FixedParameters: 0 0 0

#Transform 179
Transform: AffineTransform_float_3_3
Parameters: 0.999995 0.00250296 0.00153599 -0.00251349 0.99997 0.00719909 -0.00151867 -0.00720291 0.999973 0.0627589 -0.0738061 -0.0604082
FixedParameters: 0 0 0

#Transform 180
Transform: AffineTransform_float_3_3
Parameters: 0.999996 0.00242728 0.00187325 -0.00244244 0.999967 0.00771038 -0.00185378 -0.00771561 0.999968 0.0672093 -0.0939005 -0.0260592
FixedParameters: 0 0 0

#Transform 181
Transform: AffineTransform_float_3_3
Parameters: 0.999995 0.00200985 0.0021838 -0.00202926 0.999958 0.00898167 -0.00216547 -0.00898633 0.999957 0.0495921 -0.103553 -0.0854393
FixedParameters: 0 0 0

#Transform 182
Transform: AffineTransform_float_3_3
Parameters: 0.999995 0.00231812 0.0024411 -0.00234199 0.999949 0.00985838 -0.00241776 -0.00986462 0.999948 0.0727482 -0.0675553 -0.0939823
FixedParameters: 0 0 0

#Transform 183
Transform: AffineTransform_float_3_3
Parameters: 0.999998 0.00126955 0.00194932 -0.0012904 0.99994 0.0108258 -0.00193574 -0.0108282 0.99994 0.0797546 0.0372421 -0.156436
FixedParameters: 0 0 0

#Transform 184
Transform: AffineTransform_float_3_3
Parameters: 0.999994 0.00190068 0.0029181 -0.00193105 0.999942 0.0106178 -0.00289803 -0.0106242 0.999939 0.0940324 -0.00802503 -0.144214
FixedParameters: 0 0 0

#Transform 185
Transform: AffineTransform_float_3_3
Parameters: 0.99999 0.0021363 0.00392059 -0.00217732 0.999943 0.0103976 -0.00389761 -0.0104064 0.999939 0.115961 -0.121357 -0.048549
FixedParameters: 0 0 0

#Transform 186
Transform: AffineTransform_float_3_3
Parameters: 0.999993 0.00111366 0.00359336 -0.00115097 0.999945 0.0104407 -0.00358213 -0.0104453 0.999939 0.143334 0.0204157 -0.0514281
FixedParameters: 0 0 0

#Transform 187
Transform: AffineTransform_float_3_3
Parameters: 0.999993 0.00109306 0.00359604 -0.00113083 0.999946 0.0103799 -0.00358424 -0.0103831 0.99994 0.143652 -0.0508423 -0.055625
FixedParameters: 0 0 0

#Transform 188
Transform: AffineTransform_float_3_3
Parameters: 0.999993 0.00109766 0.00359549 -0.00113529 0.999944 0.0104789 -0.00358451 -0.0104831 0.999939 0.163107 -0.060229 -0.0525258
FixedParameters: 0 0 0

#Transform 189
Transform: AffineTransform_float_3_3
Parameters: 0.999992 0.00157898 0.00353135 -0.00161287 0.99995 0.00978327 -0.00351622 -0.00978873 0.999946 0.150113 -0.0230315 -0.0106784
FixedParameters: 0 0 0

#Transform 190
Transform: AffineTransform_float_3_3
