# transform file /out/sourcedata/freesurfer/sub-v1s22x0050461_ses-1/mri/transforms/cc_up.lta
# created by oesteban on Mon Mar  9 14:08:47 2026

type      = 0 # LINEAR_VOX_TO_VOX
nxforms   = 1
mean      = 131.0000 99.0000 116.0000
sigma     = 10000.0000
1 4 4
9.998050928115845e-01 -1.885084621608257e-02 5.849487613886595e-03 1.150235772132874e+00 
1.885052397847176e-02 9.998221993446350e-01 1.102873866329901e-04 4.559412765502930e+01 
-5.850527435541153e-03 1.455191349364338e-11 9.999828338623047e-01 2.174928092956543e+01 
0.000000000000000e+00 0.000000000000000e+00 0.000000000000000e+00 1.000000000000000e+00 
src volume info
valid = 1  # volume info valid
filename = /out/sourcedata/freesurfer/sub-v1s22x0050461_ses-1/mri/norm.mgz
volume = 256 256 256
voxelsize = 1.000000000000000e+00 1.000000000000000e+00 1.000000000000000e+00
xras   = -1.000000000000000e+00 0.000000000000000e+00 0.000000000000000e+00
yras   = 0.000000000000000e+00 0.000000000000000e+00 -1.000000000000000e+00
zras   = 0.000000000000000e+00 1.000000000000000e+00 0.000000000000000e+00
cras   = 3.693214416503906e+00 3.831486511230469e+01 -4.319854736328125e+00
dst volume info
valid = 1  # volume info valid
filename = /out/sourcedata/freesurfer/sub-v1s22x0050461_ses-1/mri/norm.mgz
volume = 256 256 256
voxelsize = 1.000000000000000e+00 1.000000000000000e+00 1.000000000000000e+00
xras   = -1.000000000000000e+00 0.000000000000000e+00 0.000000000000000e+00
yras   = 0.000000000000000e+00 0.000000000000000e+00 -1.000000000000000e+00
zras   = 0.000000000000000e+00 1.000000000000000e+00 0.000000000000000e+00
cras   = 3.693214416503906e+00 3.831486511230469e+01 -4.319854736328125e+00
