#Insight Transform File V1.0
#Transform 0
Transform: AffineTransform_float_3_3
Parameters: 1 -2.77368e-05 -0.000469181 2.73717e-05 0.999999 -0.00145301 0.000469203 0.00145299 0.999999 -0.0240754 -0.0389066 0.0906526
FixedParameters: 0 0 0

#Transform 1
Transform: AffineTransform_float_3_3
Parameters: 1 4.50852e-05 -0.000473494 -4.55639e-05 0.999999 -0.00155998 0.000473295 0.00156002 0.999998 -0.0185699 0.0208922 0.0662879
FixedParameters: 0 0 0

#Transform 2
Transform: AffineTransform_float_3_3
Parameters: 1 5.03362e-05 -0.000473762 -5.1295e-05 1 -0.00101198 0.000473659 0.00101202 1 -0.0223082 -0.038549 0.099791
FixedParameters: 0 0 0

#Transform 3
Transform: AffineTransform_float_3_3
Parameters: 1 -3.43286e-05 -0.000579985 3.35591e-05 0.999999 -0.00152402 0.000580031 0.00152398 0.999998 -0.024603 -0.0143602 0.033616
FixedParameters: 0 0 0

#Transform 4
Transform: AffineTransform_float_3_3
Parameters: 1 -0.000108027 -0.000371288 0.000108089 0.999999 -0.00126104 0.000371503 0.00126096 0.999999 -0.0459429 0.00833018 0.0625063
FixedParameters: 0 0 0

#Transform 5
Transform: AffineTransform_float_3_3
Parameters: 1 -2.96733e-05 -0.000504127 2.94647e-05 1 -0.00119702 0.000504141 0.00119699 0.999999 -0.0375052 -0.0339272 0.0753642
FixedParameters: 0 0 0

#Transform 6
Transform: AffineTransform_float_3_3
Parameters: 1 2.59585e-06 4.39234e-05 -2.46978e-06 0.999999 -0.001435 -4.39306e-05 0.001435 0.999999 -0.0317788 0.0429456 0.0690168
FixedParameters: 0 0 0

#Transform 7
Transform: AffineTransform_float_3_3
Parameters: 1 -0.000138779 -7.80533e-05 0.000138677 1 -0.000652011 7.82342e-05 0.000651989 1 -0.0340102 -0.0480238 0.0939599
FixedParameters: 0 0 0

#Transform 8
Transform: AffineTransform_float_3_3
Parameters: 1 -7.49295e-06 -0.000126779 7.1283e-06 0.999999 -0.001438 0.0001268 0.001438 0.999999 -0.025033 0.00538547 0.0475278
FixedParameters: 0 0 0

#Transform 9
Transform: AffineTransform_float_3_3
Parameters: 1 -9.55101e-06 -0.000163722 9.32998e-06 1 -0.000675001 0.000163734 0.000674998 1 -0.0280938 0.00819554 0.0960037
FixedParameters: 0 0 0

#Transform 10
Transform: AffineTransform_float_3_3
Parameters: 1 -7.64891e-06 -0.000130776 7.43286e-06 0.999999 -0.000826 0.000130789 0.000825998 0.999999 -0.0287207 -0.0367688 0.0651845
FixedParameters: 0 0 0

#Transform 11
Transform: AffineTransform_float_3_3
Parameters: 1 5.27627e-06 8.98452e-05 -5.08525e-06 1 -0.001063 -8.98563e-05 0.001063 1 -0.0295491 0.0223566 0.0435181
FixedParameters: 0 0 0

#Transform 12
Transform: AffineTransform_float_3_3
Parameters: 1 -1.24474e-05 -0.000215641 1.24202e-05 1 -6.30027e-05 0.000215643 6.29973e-05 1 -0.0135358 -0.0711691 0.0401247
FixedParameters: 0 0 0

#Transform 13
Transform: AffineTransform_float_3_3
Parameters: 1 -4.68371e-06 -7.98627e-05 4.52653e-06 0.999999 -0.000983999 7.98718e-05 0.000983999 0.999999 -0.0295745 0.00514212 0.0155492
FixedParameters: 0 0 0

#Transform 14
Transform: AffineTransform_float_3_3
Parameters: 1 -1.10089e-05 -0.000189681 1.08655e-05 1 -0.000378002 0.000189689 0.000377998 1 -0.0138195 -0.0346109 0.0439789
FixedParameters: 0 0 0

#Transform 15
Transform: AffineTransform_float_3_3
Parameters: 1 7.88213e-05 -0.000142829 -7.90024e-05 1 -0.000633988 0.000142729 0.000634011 1 -0.00892102 -0.0366474 0.0233633
FixedParameters: 0 0 0

#Transform 16
Transform: AffineTransform_float_3_3
Parameters: 1 -2.05692e-05 -0.000354404 2.03013e-05 1 -0.000378007 0.000354419 0.000377993 1 -0.00469573 0.0127996 0.0229058
FixedParameters: 0 0 0

#Transform 17
Transform: AffineTransform_float_3_3
Parameters: 1 3.75075e-06 6.48917e-05 -3.73258e-06 1 -0.00014 -6.48927e-05 0.00014 1 -0.0321942 -0.0820622 0.0430554
FixedParameters: 0 0 0

#Transform 18
Transform: AffineTransform_float_3_3
Parameters: 1 -1.04702e-06 -1.79695e-05 1.02528e-06 1 -0.000605 1.79708e-05 0.000605 1 -0.022062 0.0145008 0.0213844
FixedParameters: 0 0 0

#Transform 19
Transform: AffineTransform_float_3_3
Parameters: 1 8.41805e-05 1.82112e-05 -8.31939e-05 1 0.000322998 -1.82147e-05 -0.000323001 1 -0.0099323 -0.0838396 0.021517
FixedParameters: 0 0 0

#Transform 20
Transform: AffineTransform_float_3_3
Parameters: 1 1.67885e-05 0.000289514 -1.65986e-05 1 -0.000328005 -0.000289525 0.000327995 1 -0.00302389 -0.0153121 0.00793097
FixedParameters: 0 0 0

#Transform 21
Transform: AffineTransform_float_3_3
Parameters: 1 -1.31773e-05 -0.000229622 1.33022e-05 1 0.000271997 0.000229615 -0.000272003 1 -0.0108167 -0.0251588 0.021558
FixedParameters: 0 0 0

#Transform 22
Transform: AffineTransform_float_3_3
Parameters: 1 4.13692e-06 7.18811e-05 -4.1523e-06 1 0.000107 -7.18802e-05 -0.000107 1 -0.0308524 -0.048184 0.0477816
FixedParameters: 0 0 0

#Transform 23
Transform: AffineTransform_float_3_3
Parameters: 1 0.000494271 0.00021359 -0.000493937 0.999999 -0.000648105 -0.000213232 0.000647894 1 0.0123239 0.0668954 0.0458514
FixedParameters: 0 0 0

#Transform 24
Transform: AffineTransform_float_3_3
Parameters: 0.999999 0.000497271 0.000511205 -0.000497233 1 -3.72542e-05 -0.000511242 3.67458e-05 1 0.00777519 -0.0273741 0.115259
FixedParameters: 0 0 0

#Transform 25
Transform: AffineTransform_float_3_3
Parameters: 1 4.07668e-06 7.18845e-05 -4.21253e-06 0.999999 0.000944999 -7.18766e-05 -0.000944999 0.999999 -0.0481268 -0.120821 0.0608556
FixedParameters: 0 0 0

#Transform 26
Transform: AffineTransform_float_3_3
Parameters: 1 0.0002886 5.58463e-05 -0.000288743 0.999999 0.00128698 -5.51033e-05 -0.00128702 0.999999 -0.0327846 -0.0619895 0.0458638
FixedParameters: 0 0 0

#Transform 27
Transform: AffineTransform_float_3_3
Parameters: 1 0.000268609 5.70788e-05 -0.0002688 0.999998 0.00168498 -5.61733e-05 -0.00168501 0.999998 -0.0369151 -0.0529704 0.00962076
FixedParameters: 0 0 0

#Transform 28
Transform: AffineTransform_float_3_3
Parameters: 1 0.000264666 5.70692e-05 -0.000264757 0.999999 0.000803981 -5.66438e-05 -0.000803018 0.999999 -0.0260835 0.0192422 0.0357463
FixedParameters: 0 0 0

#Transform 29
Transform: AffineTransform_float_3_3
Parameters: 1 0.000241648 5.86039e-05 -0.000241852 0.999999 0.00175199 -5.77568e-05 -0.00175202 0.999999 -0.0154812 -0.0260803 0.0656008
FixedParameters: 0 0 0

#Transform 30
Transform: AffineTransform_float_3_3
Parameters: 1 0.000113822 6.57917e-05 -0.000114102 0.999997 0.00213499 -6.53051e-05 -0.00213501 0.999997 -0.0304769 -0.0976192 0.017152
FixedParameters: 0 0 0

#Transform 31
Transform: AffineTransform_float_3_3
Parameters: 1 0.000156771 6.33697e-05 -0.000156012 0.999998 0.00188999 -6.28361e-05 -0.00189001 0.999998 -0.0371706 -0.0364853 -0.00197283
FixedParameters: 0 0 0

#Transform 32
Transform: AffineTransform_float_3_3
Parameters: 1 4.0168e-06 7.18879e-05 -4.27241e-06 0.999999 0.001778 -7.18732e-05 -0.001778 0.999999 -0.0328618 -0.00677798 0.0405974
FixedParameters: 0 0 0

#Transform 33
Transform: AffineTransform_float_3_3
Parameters: 1 3.96058e-06 7.1891e-05 -4.32861e-06 0.999996 0.00256 -7.18697e-05 -0.00256 0.999996 -0.0401334 -0.0974209 0.0229215
FixedParameters: 0 0 0

#Transform 34
Transform: AffineTransform_float_3_3
Parameters: 1 3.95138e-06 7.18915e-05 -4.33781e-06 0.999997 0.002688 -7.18692e-05 -0.002688 0.999997 -0.0268557 -0.0841779 0.0177876
FixedParameters: 0 0 0

#Transform 35
Transform: AffineTransform_float_3_3
Parameters: 1 9.48097e-05 6.69038e-05 -9.41789e-05 0.999996 0.00275599 -6.64406e-05 -0.00275601 0.999996 -0.019933 -0.054452 0.0137248
FixedParameters: 0 0 0

#Transform 36
Transform: AffineTransform_float_3_3
Parameters: 1 0.000151725 6.37767e-05 -0.000152072 0.999996 0.00273699 -6.29452e-05 -0.00273701 0.999997 -0.0179448 -0.0555889 0.0144533
FixedParameters: 0 0 0

#Transform 37
Transform: AffineTransform_float_3_3
Parameters: 1 0.000166417 0.000232978 -0.000166937 1 0.00111696 -0.000232605 -0.00111704 1 -0.0207626 0.0190241 0.0506886
FixedParameters: 0 0 0

#Transform 38
Transform: AffineTransform_float_3_3
Parameters: 1 2.22219e-05 0.000398381 -2.27159e-05 0.999998 0.00187299 -0.000398354 -0.00187301 0.999998 -0.0287186 -0.017691 0.0737879
FixedParameters: 0 0 0

#Transform 39
Transform: AffineTransform_float_3_3
Parameters: 1 0.000155284 0.000346999 -0.000156197 0.999997 0.00266995 -0.000347223 -0.00267006 0.999997 -0.0209879 -0.0954865 0.0374295
FixedParameters: 0 0 0

#Transform 40
Transform: AffineTransform_float_3_3
Parameters: 1 4.02334e-06 7.18875e-05 -4.26586e-06 0.999998 0.001687 -7.18735e-05 -0.001687 0.999998 -0.02295 -0.0167302 0.0103003
FixedParameters: 0 0 0

#Transform 41
Transform: AffineTransform_float_3_3
Parameters: 1 5.05624e-06 9.18609e-05 -5.5355e-06 0.999996 0.002609 -9.18333e-05 -0.002609 0.999996 -0.0233114 -0.0648949 0.0463022
FixedParameters: 0 0 0

#Transform 42
Transform: AffineTransform_float_3_3
Parameters: 1 1.39838e-05 0.000254616 -1.43756e-05 0.999997 0.00273 -0.000254596 -0.00273001 0.999996 -0.0241707 -0.0785282 0.0734851
FixedParameters: 0 0 0

#Transform 43
Transform: AffineTransform_float_3_3
Parameters: 1 0.000209686 6.04295e-05 -0.000209919 0.999998 0.00194099 -5.96151e-05 -0.00194101 0.999998 -0.0160108 -0.0236719 0.0614168
FixedParameters: 0 0 0

#Transform 44
Transform: AffineTransform_float_3_3
Parameters: 1 8.71945e-05 0.000252537 -8.8151e-05 0.999998 0.00189498 -0.000252205 -0.00189502 0.999998 -0.0237384 0.000946501 0.10143
FixedParameters: 0 0 0

#Transform 45
Transform: AffineTransform_float_3_3
Parameters: 1 1.70283e-05 0.000310533 -1.77782e-05 0.999996 0.00281499 -0.000310493 -0.00281501 0.999996 -0.0272167 -0.110089 0.0709975
FixedParameters: 0 0 0

#Transform 46
Transform: AffineTransform_float_3_3
Parameters: 1 8.86821e-06 0.000158753 -9.43713e-06 0.999999 0.001792 -0.00015872 -0.001792 0.999999 -0.0244937 -0.0394397 0.0315694
FixedParameters: 0 0 0

#Transform 47
Transform: AffineTransform_float_3_3
Parameters: 1 7.62832e-06 0.000137789 -8.25931e-06 0.999998 0.00229 -0.000137753 -0.00229 0.999998 -0.0241662 -0.0110888 0.0684642
FixedParameters: 0 0 0

#Transform 48
Transform: AffineTransform_float_3_3
Parameters: 1 1.35552e-05 0.000246628 -1.38832e-05 0.999997 0.002689 -0.000246612 -0.00268901 0.999997 -0.0260832 -0.0596888 0.0967304
FixedParameters: 0 0 0

#Transform 49
Transform: AffineTransform_float_3_3
Parameters: 1 1.4251e-05 0.000256604 -1.43386e-05 0.999998 0.002116 -0.000256602 -0.002116 0.999997 -0.0262234 -0.0295275 0.0760766
FixedParameters: 0 0 0

#Transform 50
Transform: AffineTransform_float_3_3
Parameters: 1 0.000175922 0.000672202 -0.000177023 0.999999 0.00156188 -0.000671708 -0.00156212 0.999998 -0.0233793 0.0705748 0.0912798
FixedParameters: 0 0 0

#Transform 51
Transform: AffineTransform_float_3_3
Parameters: 1 3.1185e-05 0.000561134 -3.25186e-05 0.999998 0.00207798 -0.000561059 -0.00207802 0.999997 -0.0316019 -0.0485403 0.0999497
FixedParameters: 0 0 0

#Transform 52
Transform: AffineTransform_float_3_3
Parameters: 1 3.09415e-05 0.000561147 -3.27621e-05 0.999997 0.00251198 -0.000561045 -0.00251202 0.999996 -0.0243552 -0.0905305 0.0929177
FixedParameters: 0 0 0

#Transform 53
Transform: AffineTransform_float_3_3
Parameters: 1 2.51674e-06 4.49296e-05 -2.66401e-06 0.999998 0.001639 -4.49211e-05 -0.001639 0.999998 -0.0161445 0.000357017 0.057366
FixedParameters: 0 0 0

#Transform 54
Transform: AffineTransform_float_3_3
Parameters: 1 2.38834e-05 0.000432341 -2.49687e-05 0.999997 0.00240999 -0.000432281 -0.00241001 0.999997 -0.0153481 -0.00153395 0.108952
FixedParameters: 0 0 0

#Transform 55
Transform: AffineTransform_float_3_3
Parameters: 1 2.56596e-05 0.000470301 -2.75673e-05 0.999995 0.00308999 -0.000470194 -0.00309001 0.999995 -0.0300059 -0.109832 0.0857278
FixedParameters: 0 0 0

#Transform 56
Transform: AffineTransform_float_3_3
Parameters: 1 1.54627e-05 0.000279573 -1.57749e-05 0.999998 0.002344 -0.000279557 -0.00234401 0.999997 -0.0241225 -0.0355302 0.0487734
FixedParameters: 0 0 0

#Transform 57
Transform: AffineTransform_float_3_3
Parameters: 1 1.66484e-05 0.000302542 -1.72371e-05 0.999996 0.00262305 -0.000302511 -0.00262295 0.999997 -0.0229357 -0.00150985 0.0826732
FixedParameters: 0 0 0

#Transform 58
Transform: AffineTransform_float_3_3
Parameters: 1 1.86089e-05 0.000342495 -1.98817e-05 0.999994 0.00331605 -0.000342425 -0.00331595 0.999995 -0.0277521 -0.107608 0.0469675
FixedParameters: 0 0 0

#Transform 59
Transform: AffineTransform_float_3_3
Parameters: 1 7.55868e-06 0.000138794 -8.44403e-06 0.999995 0.00319 -0.000138743 -0.00319 0.999995 -0.0217784 -0.0801048 0.028227
FixedParameters: 0 0 0

#Transform 60
Transform: AffineTransform_float_3_3
Parameters: 1 0.00032144 0.000501883 -0.0003224 0.999998 0.00189384 -0.000501719 -0.00189416 0.999998 -0.0455787 -0.02725 -0.119963
FixedParameters: 0 0 0

#Transform 61
Transform: AffineTransform_float_3_3
Parameters: 1 -0.000375471 0.000505496 0.000374583 1 -0.000108811 -0.000505356 0.00010919 1 -0.0845835 -0.00978076 -0.0781178
FixedParameters: 0 0 0

#Transform 62
Transform: AffineTransform_float_3_3
Parameters: 1 0.000265259 8.38957e-05 -0.000265276 1 9.99777e-05 -8.38427e-05 -0.000100022 1 -0.0401003 -0.169212 -0.0343855
FixedParameters: 0 0 0

#Transform 63
Transform: AffineTransform_float_3_3
Parameters: 1 4.06705e-06 7.28866e-05 -4.33729e-06 0.999999 0.001854 -7.28711e-05 -0.001854 0.999999 -0.0405882 -0.122942 0.069664
FixedParameters: 0 0 0

#Transform 64
Transform: AffineTransform_float_3_3
Parameters: 1 -0.000105606 -0.000209543 0.000106894 0.999995 0.00293298 0.000209918 -0.00293302 0.999995 -0.038377 -0.0879019 0.0638114
FixedParameters: 0 0 0

#Transform 65
Transform: AffineTransform_float_3_3
Parameters: 1 -0.000117425 -0.000208979 0.000118037 0.999993 0.00371398 0.000209161 -0.00371403 0.999993 -0.0360681 -0.081064 0.0527648
FixedParameters: 0 0 0

#Transform 66
Transform: AffineTransform_float_3_3
Parameters: 1 -1.05753e-05 -0.000194713 1.08764e-05 0.999995 0.003337 0.000194699 -0.003337 0.999995 -0.0288416 -0.0376498 -0.0295968
FixedParameters: 0 0 0

#Transform 67
Transform: AffineTransform_float_3_3
Parameters: 1 -9.9049e-06 -0.000178726 1.0703e-05 0.999998 0.002233 0.00017868 -0.002233 0.999998 -0.00103528 0.0487506 0.0324977
FixedParameters: 0 0 0

#Transform 68
Transform: AffineTransform_float_3_3
Parameters: 1 9.34705e-05 -0.000121323 -9.29024e-05 0.999996 0.00258401 0.000120806 -0.00258399 0.999996 0.00360493 -0.0545809 0.0512073
FixedParameters: 0 0 0

#Transform 69
Transform: AffineTransform_float_3_3
Parameters: 1 6.09925e-05 -0.000112472 -6.02357e-05 0.999995 0.00335801 0.000112879 -0.003358 0.999995 -0.0106442 -0.145138 0.00516591
FixedParameters: 0 0 0

#Transform 70
Transform: AffineTransform_float_3_3
Parameters: 1 -1.10331e-05 -0.000204703 1.15699e-05 0.999993 0.00375 0.000204676 -0.00375 0.999993 -0.0145187 -0.0937456 -0.0180806
FixedParameters: 0 0 0

#Transform 71
Transform: AffineTransform_float_3_3
Parameters: 1 -1.00643e-05 -0.000186729 1.04664e-05 0.999993 0.00375 0.00018671 -0.00375 0.999993 -0.00770923 -0.0986213 -0.019313
FixedParameters: 0 0 0

#Transform 72
Transform: AffineTransform_float_3_3
Parameters: 1 0.000126104 -9.21075e-05 -0.000125675 0.999998 0.00232101 9.26919e-05 -0.00232099 0.999998 -0.000448621 0.00279055 0.0709718
FixedParameters: 0 0 0

#Transform 73
Transform: AffineTransform_float_3_3
Parameters: 1 0.000144395 0.000131301 -0.000145212 0.999996 0.00289098 -0.000131462 -0.00289102 0.999996 0.00634395 -0.0523245 0.085329
FixedParameters: 0 0 0

#Transform 74
Transform: AffineTransform_float_3_3
Parameters: 1 4.48901e-06 8.28785e-05 -5.06656e-06 0.999994 0.003485 -8.28452e-05 -0.003485 0.999994 -0.00566395 -0.149036 0.0471467
FixedParameters: 0 0 0

#Transform 75
Transform: AffineTransform_float_3_3
Parameters: 1 -1.15511e-05 -0.000214689 1.22031e-05 0.999992 0.00384399 0.000214656 -0.003844 0.999992 0.00918031 -0.124103 0.0190411
FixedParameters: 0 0 0

#Transform 76
Transform: AffineTransform_float_3_3
Parameters: 1 5.49444e-05 -0.000166271 -5.40771e-05 0.999996 0.00260601 0.000166555 -0.00260599 0.999996 0.000861925 -0.0285581 0.0542345
FixedParameters: 0 0 0

#Transform 77
Transform: AffineTransform_float_3_3
Parameters: 1 0.000181811 -0.00017319 -0.000181847 0.999995 0.00294303 0.00017332 -0.00294297 0.999995 0.0247273 0.00347569 0.125672
FixedParameters: 0 0 0

#Transform 78
Transform: AffineTransform_float_3_3
Parameters: 1 0.000214503 -0.000107724 -0.000213774 0.999994 0.00364203 0.000108286 -0.00364198 0.999994 0.00844901 -0.110451 0.0893667
FixedParameters: 0 0 0

#Transform 79
Transform: AffineTransform_float_3_3
Parameters: 1 0.000184483 -0.000163168 -0.000183321 0.999993 0.00373403 0.000163543 -0.00373397 0.999993 0.00790151 -0.102881 0.0445557
FixedParameters: 0 0 0

#Transform 80
Transform: AffineTransform_float_3_3
Parameters: 1 0.000267131 1.34606e-05 -0.000267208 0.999996 0.003066 -1.18223e-05 -0.003066 0.999996 0.00438168 -4.32657e-05 0.0688638
FixedParameters: 0 0 0

#Transform 81
Transform: AffineTransform_float_3_3
Parameters: 1 1.31348e-05 0.000241643 -1.37279e-05 0.999994 0.00329299 -0.000241612 -0.003293 0.999994 0.00555402 -0.0113449 0.122774
FixedParameters: 0 0 0

#Transform 82
Transform: AffineTransform_float_3_3
Parameters: 1 -1.12596e-06 -2.09698e-05 1.29171e-06 0.999992 0.003953 2.09602e-05 -0.003953 0.999992 0.00508506 -0.122371 0.0909393
FixedParameters: 0 0 0

#Transform 83
Transform: AffineTransform_float_3_3
Parameters: 1 0.00019132 -5.44863e-05 -0.000190969 0.999995 0.00318001 5.5702e-05 -0.00317999 0.999995 0.0154634 -0.042639 0.0525313
FixedParameters: 0 0 0

#Transform 84
Transform: AffineTransform_float_3_3
Parameters: 1 0.000124792 -9.98797e-05 -0.000124068 0.999993 0.00360601 0.000100777 -0.00360598 0.999993 0.0182383 -0.0361042 0.0852483
FixedParameters: 0 0 0

#Transform 85
Transform: AffineTransform_float_3_3
Parameters: 1 0.000233535 -0.000241699 -0.000232403 0.999989 0.00464306 0.000241924 -0.00464295 0.999989 0.00813747 -0.142825 0.0392099
FixedParameters: 0 0 0

#Transform 86
Transform: AffineTransform_float_3_3
Parameters: 1 -9.8329e-06 -0.000184739 1.04675e-05 0.99999 0.00442 0.000184706 -0.00442 0.99999 0.00441287 -0.0905438 0.0375
FixedParameters: 0 0 0

#Transform 87
Transform: AffineTransform_float_3_3
Parameters: 1 5.7756e-06 0.000106844 -6.54301e-06 0.999993 0.003592 -0.0001068 -0.003592 0.999993 0.0122387 0.0240874 0.0838375
FixedParameters: 0 0 0

#Transform 88
Transform: AffineTransform_float_3_3
Parameters: 1 6.74995e-06 0.000124818 -7.64096e-06 0.999993 0.00357 -0.000124766 -0.00357 0.999993 0.0119815 -0.0841441 0.11917
FixedParameters: 0 0 0

#Transform 89
Transform: AffineTransform_float_3_3
Parameters: 1 0.000170973 -6.12226e-05 -0.000170522 0.999992 0.00414001 6.16381e-05 -0.00413999 0.999992 0.00484443 -0.120328 0.0706357
FixedParameters: 0 0 0

#Transform 90
Transform: AffineTransform_float_3_3
Parameters: 1 3.62071e-06 6.69021e-05 -4.09282e-06 0.999994 0.003529 -6.68749e-05 -0.003529 0.999994 -0.00211321 -0.0645275 0.0154174
FixedParameters: 0 0 0

#Transform 91
Transform: AffineTransform_float_3_3
Parameters: 0.999999 0.000550188 0.00147999 -0.000553935 0.999996 0.0025963 -0.00147835 -0.0025977 0.999996 -0.086573 -0.0501069 -0.35906
FixedParameters: 0 0 0

#Transform 92
Transform: AffineTransform_float_3_3
Parameters: 1 0.000496807 0.000472317 -0.000498142 0.999997 0.00241177 -0.000470973 -0.00241223 0.999997 0.0334992 -0.143037 -0.326385
FixedParameters: 0 0 0

#Transform 93
Transform: AffineTransform_float_3_3
Parameters: 1 6.16767e-05 1.06299e-05 -6.17325e-05 0.999997 0.002666 -1.03008e-05 -0.002666 0.999997 -0.0192157 -0.051393 0.155077
FixedParameters: 0 0 0

#Transform 94
Transform: AffineTransform_float_3_3
Parameters: 1 -0.000221728 -0.00011816 0.000221586 0.999994 0.00338898 0.000117714 -0.00338903 0.999995 -0.0209416 -0.0476948 0.0742778
FixedParameters: 0 0 0

#Transform 95
Transform: AffineTransform_float_3_3
Parameters: 1 1.8372e-05 2.50493e-05 -1.85646e-05 0.999992 0.003855 -2.49069e-05 -0.003855 0.999992 -0.00922529 -0.0514389 0.0372931
FixedParameters: 0 0 0

#Transform 96
Transform: AffineTransform_float_3_3
Parameters: 1 4.36887e-05 0.000497374 -4.57068e-05 0.999992 0.00403698 -0.000497128 -0.00403702 0.999991 -0.013941 -0.0394435 0.0133031
FixedParameters: 0 0 0

#Transform 97
Transform: AffineTransform_float_3_3
Parameters: 1 1.62866e-05 -1.38833e-05 -1.616e-05 0.999989 0.004536 1.40305e-05 -0.004536 0.999989 -0.0132291 -0.103035 0.0247384
FixedParameters: 0 0 0

#Transform 98
Transform: AffineTransform_float_3_3
Parameters: 1 1.40872e-05 -5.4832e-05 -1.46373e-05 0.999991 0.004081 5.50068e-05 -0.004081 0.999991 -0.0125492 -0.0680265 -0.00523265
FixedParameters: 0 0 0

#Transform 99
Transform: AffineTransform_float_3_3
Parameters: 1 3.47237e-05 0.000332625 -3.66739e-05 0.99999 0.00443399 -0.000332366 -0.00443401 0.99999 -0.0119989 -0.0454895 0.0313152
FixedParameters: 0 0 0

#Transform 100
Transform: AffineTransform_float_3_3
Parameters: 1 7.50818e-05 9.41633e-05 -7.49689e-05 0.999989 0.00471799 -9.35129e-05 -0.00471801 0.999989 -0.00616602 -0.142124 0.0468703
FixedParameters: 0 0 0

#Transform 101
Transform: AffineTransform_float_3_3
Parameters: 1 2.65108e-05 0.000175827 -2.78101e-05 0.999993 0.003697 -0.000175626 -0.00369701 0.999993 -0.00554636 -0.0591431 0.0272465
FixedParameters: 0 0 0

#Transform 102
Transform: AffineTransform_float_3_3
Parameters: 1 8.92019e-05 0.000227587 -9.03146e-05 0.99999 0.00450898 -0.000227834 -0.00450902 0.99999 0.00109195 -0.0599418 0.0611221
FixedParameters: 0 0 0

#Transform 103
Transform: AffineTransform_float_3_3
Parameters: 1 2.18709e-05 9.09652e-05 -2.26641e-05 0.999991 0.004365 -9.07708e-05 -0.00436501 0.999991 0.00302081 -0.127437 0.063672
FixedParameters: 0 0 0

#Transform 104
Transform: AffineTransform_float_3_3
Parameters: 1 4.37404e-05 0.00049737 -4.56552e-05 0.999993 0.00393298 -0.000497133 -0.00393302 0.999992 -0.00147272 -0.0331982 0.0715208
FixedParameters: 0 0 0

#Transform 105
Transform: AffineTransform_float_3_3
Parameters: 1 0.000256468 0.000172712 -0.000257186 0.999989 0.00482196 -0.000171291 -0.00482205 0.999989 0.00775305 -0.129 0.0842823
FixedParameters: 0 0 0

#Transform 106
Transform: AffineTransform_float_3_3
Parameters: 1 2.9539e-05 0.00023476 -3.05761e-05 0.99999 0.00433699 -0.000234557 -0.004337 0.99999 -0.00649186 -0.0801567 0.0300457
FixedParameters: 0 0 0

#Transform 107
Transform: AffineTransform_float_3_3
Parameters: 1 3.30783e-05 0.000304681 -3.50956e-05 0.999987 0.00495099 -0.000304401 -0.00495101 0.999987 0.00100546 -0.107323 0.0559361
FixedParameters: 0 0 0

#Transform 108
Transform: AffineTransform_float_3_3
Parameters: 1 0.000179893 5.06691e-05 -0.000180485 0.999986 0.00531799 -4.97509e-05 -0.00531801 0.999986 0.00899545 -0.148649 0.0200795
FixedParameters: 0 0 0

#Transform 109
Transform: AffineTransform_float_3_3
Parameters: 1 0.000137596 0.000274148 -0.000139346 0.999988 0.00502396 -0.000272815 -0.00502304 0.999988 0.00120663 -0.0635282 -0.00200769
FixedParameters: 0 0 0

#Transform 110
Transform: AffineTransform_float_3_3
Parameters: 1 3.00689e-05 0.000248767 -3.17206e-05 0.999987 0.005203 -0.000249501 -0.00520301 0.999987 0.00845929 -0.14062 0.0645294
FixedParameters: 0 0 0

#Transform 111
Transform: AffineTransform_float_3_3
Parameters: 1 0.00020669 0.000160388 -0.000207399 0.999986 0.00516196 -0.000159306 -0.00516203 0.999986 0.0076883 -0.123692 0.0326188
FixedParameters: 0 0 0

#Transform 112
Transform: AffineTransform_float_3_3
Parameters: 1 2.75349e-05 0.000201841 -2.87808e-05 0.999984 0.00556299 -0.000201585 -0.005563 0.999984 0.00110316 -0.0808746 0.062045
FixedParameters: 0 0 0

#Transform 113
Transform: AffineTransform_float_3_3
Parameters: 0.999997 -0.00177165 0.00156895 0.00176084 0.999975 0.00681873 -0.00158162 -0.00681626 0.999975 0.0022033 -0.187057 0.171075
FixedParameters: 0 0 0

#Transform 114
Transform: AffineTransform_float_3_3
Parameters: 0.999981 -0.00464467 0.00387905 0.00460757 0.999944 0.00945481 -0.00392248 -0.00943618 0.999948 -0.100366 -0.149435 0.278224
FixedParameters: 0 0 0

#Transform 115
Transform: AffineTransform_float_3_3
Parameters: 0.999991 -0.00365103 0.00215019 0.00363605 0.999969 0.00705862 -0.00217545 -0.00705039 0.999973 -0.0346085 -0.254753 0.108662
FixedParameters: 0 0 0

#Transform 116
Transform: AffineTransform_float_3_3
Parameters: 0.999991 -0.00324623 0.00251513 0.00322546 0.999963 0.00797303 -0.00254078 -0.00796496 0.999965 -0.0284501 -0.188799 0.218622
FixedParameters: 0 0 0

#Transform 117
Transform: AffineTransform_float_3_3
Parameters: 0.999996 -0.00213086 0.00212337 0.00211054 0.99995 0.00974048 -0.00214386 -0.00973651 0.99995 -0.0109843 -0.322825 0.165814
FixedParameters: 0 0 0

#Transform 118
Transform: AffineTransform_float_3_3
Parameters: 0.999995 -0.00235036 0.00179277 0.00233386 0.999959 0.00880412 -0.00181284 -0.00879988 0.99996 0.0148749 -0.174226 0.16905
FixedParameters: 0 0 0

#Transform 119
Transform: AffineTransform_float_3_3
Parameters: 0.999997 -0.00209619 0.00122487 0.00208464 0.999956 0.00918948 -0.00124389 -0.00918753 0.999957 -0.0194431 -0.180075 0.200679
FixedParameters: 0 0 0

#Transform 120
Transform: AffineTransform_float_3_3
Parameters: 0.999997 -0.00212075 0.00129632 0.00210773 0.999948 0.0100247 -0.00131843 -0.0100223 0.999949 -0.00513129 -0.221341 0.183154
FixedParameters: 0 0 0

#Transform 121
Transform: AffineTransform_float_3_3
Parameters: 0.999997 -0.00245272 0.00121533 0.00243998 0.99994 0.0106949 -0.00124139 -0.0106911 0.999942 -0.014539 -0.219336 0.131296
FixedParameters: 0 0 0

#Transform 122
Transform: AffineTransform_float_3_3
Parameters: 0.999997 -0.00224108 0.00108753 0.00223098 0.999955 0.00927229 -0.00110754 -0.00926971 0.999956 0.00965398 -0.135358 0.0930456
FixedParameters: 0 0 0

#Transform 123
Transform: AffineTransform_float_3_3
Parameters: 0.999997 -0.00219662 0.00160743 0.00218246 0.999957 0.00907544 -0.00162701 -0.00907156 0.999957 0.00336909 -0.247459 0.167632
FixedParameters: 0 0 0

#Transform 124
Transform: AffineTransform_float_3_3
Parameters: 0.999997 -0.00216875 0.00133486 0.0021566 0.999957 0.00903186 -0.00135459 -0.00902914 0.999959 0.00748112 -0.292945 0.137054
FixedParameters: 0 0 0

#Transform 125
Transform: AffineTransform_float_3_3
Parameters: 0.999997 -0.00182614 0.00168339 0.00181333 0.99997 0.00759003 -0.00169672 -0.00758697 0.99997 -0.021191 -0.164914 0.132482
FixedParameters: 0 0 0

#Transform 126
Transform: AffineTransform_float_3_3
Parameters: 0.999995 -0.00220628 0.0022185 0.00218754 0.999964 0.00826485 -0.00223681 -0.00826014 0.999963 -0.053169 -0.232704 0.221499
FixedParameters: 0 0 0

#Transform 127
Transform: AffineTransform_float_3_3
Parameters: 0.999996 -0.0018221 0.00178999 0.00180804 0.999968 0.00776228 -0.00180394 -0.00775973 0.999969 -0.02535 -0.149176 0.230486
FixedParameters: 0 0 0

#Transform 128
Transform: AffineTransform_float_3_3
Parameters: 0.999996 -0.00186041 0.00205954 0.00184481 0.999969 0.00760784 -0.00207361 -0.00760416 0.999969 -0.0129923 -0.125035 0.213531
FixedParameters: 0 0 0

#Transform 129
Transform: AffineTransform_float_3_3
Parameters: 0.999996 -0.00202104 0.00201706 0.00200441 0.999964 0.00829003 -0.00203438 -0.00828597 0.999963 -0.0171135 -0.222445 0.275364
FixedParameters: 0 0 0

#Transform 130
Transform: AffineTransform_float_3_3
Parameters: 0.999996 -0.00222369 0.00186687 0.00220772 0.999963 0.00829011 -0.00188444 -0.00828589 0.999964 -0.0028513 -0.198609 0.225835
FixedParameters: 0 0 0

#Transform 131
Transform: AffineTransform_float_3_3
Parameters: 0.999997 -0.00211309 0.00161545 0.00209882 0.999957 0.00904737 -0.00163439 -0.00904362 0.999958 0.0094178 -0.192422 0.205446
FixedParameters: 0 0 0

#Transform 132
Transform: AffineTransform_float_3_3
Parameters: 0.999997 -0.00224319 0.00149635 0.00222876 0.999956 0.00916627 -0.00151706 -0.00916274 0.999957 -0.0213394 -0.225754 0.184236
FixedParameters: 0 0 0

#Transform 133
Transform: AffineTransform_float_3_3
Parameters: 0.999996 -0.001917 0.00176787 0.00190288 0.999964 0.0081704 -0.00178391 -0.00816759 0.999965 -0.00609714 -0.147425 0.147984
FixedParameters: 0 0 0

#Transform 134
Transform: AffineTransform_float_3_3
Parameters: 0.999996 -0.00190615 0.00169363 0.00189125 0.999962 0.00848018 -0.0017096 -0.00847682 0.999962 0.00571558 -0.139357 0.208843
FixedParameters: 0 0 0

#Transform 135
Transform: AffineTransform_float_3_3
Parameters: 0.999997 -0.00198257 0.00175975 0.00196737 0.999959 0.00882445 -0.00177749 -0.00882155 0.999959 0.00345727 -0.234893 0.221396
FixedParameters: 0 0 0

#Transform 136
Transform: AffineTransform_float_3_3
Parameters: 0.999997 -0.00146699 0.00170132 0.00145329 0.999964 0.00832451 -0.00171345 -0.0083225 0.999964 0.00357176 -0.206601 0.145253
FixedParameters: 0 0 0

#Transform 137
Transform: AffineTransform_float_3_3
Parameters: 0.999998 -0.00154891 0.00175116 0.00153279 0.999958 0.00909172 -0.00176506 -0.00908829 0.999957 0.00866714 -0.216514 0.166934
FixedParameters: 0 0 0

#Transform 138
Transform: AffineTransform_float_3_3
Parameters: 0.999997 -0.0017861 0.00163234 0.00177098 0.999956 0.00918787 -0.00164786 -0.00918513 0.999956 0.0150712 -0.262857 0.170718
FixedParameters: 0 0 0

#Transform 139
Transform: AffineTransform_float_3_3
Parameters: 0.999997 -0.00181077 0.00171143 0.00179635 0.999965 0.00823805 -0.00172591 -0.00823495 0.999964 0.00993016 -0.184114 0.158489
FixedParameters: 0 0 0

#Transform 140
Transform: AffineTransform_float_3_3
Parameters: 0.999997 -0.00138503 0.00174315 0.00137016 0.999964 0.00844442 -0.00175524 -0.00844258 0.999963 0.0103281 -0.168779 0.218683
FixedParameters: 0 0 0

#Transform 141
Transform: AffineTransform_float_3_3
Parameters: 0.999999 -0.00156682 0.000986468 0.00155797 0.99996 0.0088815 -0.0010007 -0.0088805 0.99996 0.0190082 -0.268411 0.17846
FixedParameters: 0 0 0

#Transform 142
Transform: AffineTransform_float_3_3
Parameters: 0.999998 -0.00152563 0.00131126 0.0015147 0.999961 0.00862101 -0.00132413 -0.00861899 0.999962 0.0137933 -0.155221 0.156936
FixedParameters: 0 0 0

#Transform 143
Transform: AffineTransform_float_3_3
Parameters: 0.999997 -0.00140058 0.00168993 0.00138578 0.999964 0.00839343 -0.00170208 -0.00839057 0.999964 0.0283386 -0.139317 0.216271
FixedParameters: 0 0 0

#Transform 144
Transform: AffineTransform_float_3_3
Parameters: 0.999997 -0.00151403 0.00155844 0.00150074 0.999958 0.00896836 -0.0015723 -0.00896563 0.999958 0.021094 -0.222745 0.233945
FixedParameters: 0 0 0

#Transform 145
Transform: AffineTransform_float_3_3
Parameters: 0.999998 -0.00152054 0.00143124 0.00150793 0.999957 0.00919913 -0.00144487 -0.00919688 0.999956 0.0227266 -0.247582 0.144759
FixedParameters: 0 0 0

#Transform 146
Transform: AffineTransform_float_3_3
Parameters: 0.999998 -0.00145749 0.00168992 0.00144203 0.999959 0.00891747 -0.00170261 -0.00891453 0.999959 0.0167865 -0.170415 0.137223
FixedParameters: 0 0 0

#Transform 147
Transform: AffineTransform_float_3_3
Parameters: 0.999998 -0.00170719 0.00158841 0.00169264 0.999956 0.00922272 -0.00160459 -0.00921928 0.999957 0.0149068 -0.25102 0.179238
FixedParameters: 0 0 0

#Transform 148
Transform: AffineTransform_float_3_3
Parameters: 0.999997 -0.00199218 0.00126848 0.00197934 0.999954 0.00938649 -0.00128636 -0.00938352 0.999955 -0.00287383 -0.224091 0.191799
FixedParameters: 0 0 0

#Transform 149
Transform: AffineTransform_float_3_3
Parameters: 0.999998 -0.00163549 0.00134141 0.00162366 0.99996 0.00877614 -0.00135567 -0.00877385 0.99996 0.002922 -0.191739 0.184912
FixedParameters: 0 0 0

#Transform 150
Transform: AffineTransform_float_3_3
Parameters: 0.999998 -0.00146487 0.00148955 0.00145386 0.999968 0.0079402 -0.00150043 -0.00793782 0.999968 0.0220365 -0.0970786 0.182244
FixedParameters: 0 0 0

#Transform 151
Transform: AffineTransform_float_3_3
Parameters: 0.999997 -0.00115331 0.00216782 0.00113742 0.999973 0.00722655 -0.00217625 -0.00722345 0.999971 0.0577654 -0.093576 0.278298
FixedParameters: 0 0 0

#Transform 152
Transform: AffineTransform_float_3_3
Parameters: 0.999997 -0.00105423 0.00192016 0.00103974 0.999971 0.00753208 -0.00192775 -0.00752992 0.99997 0.0779059 -0.13925 0.281376
FixedParameters: 0 0 0

#Transform 153
Transform: AffineTransform_float_3_3
Parameters: 0.999998 -0.00107371 0.00164071 0.00105942 0.999963 0.00846281 -0.00164953 -0.00846118 0.999963 0.0408421 -0.272104 0.184867
FixedParameters: 0 0 0

#Transform 154
Transform: AffineTransform_float_3_3
Parameters: 0.999998 -0.00128209 0.00153975 0.00126822 0.999957 0.00925398 -0.00155118 -0.00925203 0.999956 0.0326892 -0.295272 0.148425
FixedParameters: 0 0 0

#Transform 155
Transform: AffineTransform_float_3_3
Parameters: 0.999998 -0.00110577 0.00123091 0.00109459 0.999957 0.00922236 -0.00124085 -0.00922163 0.999957 0.044255 -0.249842 0.12066
FixedParameters: 0 0 0

#Transform 156
Transform: AffineTransform_float_3_3
Parameters: 0.999998 -0.00110361 0.00127393 0.00109174 0.999958 0.00916041 -0.00128469 -0.0091586 0.999958 0.0449236 -0.183561 0.141055
FixedParameters: 0 0 0

#Transform 157
Transform: AffineTransform_float_3_3
Parameters: 0.999999 -0.00111453 0.00105675 0.00110387 0.999954 0.00954518 -0.00106746 -0.00954481 0.999954 0.0295068 -0.248514 0.118234
FixedParameters: 0 0 0

#Transform 158
Transform: AffineTransform_float_3_3
Parameters: 0.999999 -0.00112267 0.000889796 0.00111396 0.999953 0.00967895 -0.000900922 -0.00967806 0.999953 0.0230917 -0.243883 0.100449
FixedParameters: 0 0 0

#Transform 159
Transform: AffineTransform_float_3_3
Parameters: 0.999998 -0.00110615 0.00121243 0.00109541 0.999961 0.00877534 -0.00122134 -0.00877365 0.999961 0.0261055 -0.191481 0.0854118
FixedParameters: 0 0 0

#Transform 160
Transform: AffineTransform_float_3_3
Parameters: 0.999998 -0.00111023 0.00114186 0.00109938 0.999956 0.00935921 -0.00115213 -0.00935779 0.999955 0.0197121 -0.243451 0.130838
FixedParameters: 0 0 0

#Transform 161
Transform: AffineTransform_float_3_3
Parameters: 0.999999 -0.00101804 0.00115297 0.00100803 0.99996 0.00885818 -0.0011625 -0.00885683 0.99996 0.0278784 -0.251203 0.111557
FixedParameters: 0 0 0

#Transform 162
Transform: AffineTransform_float_3_3
Parameters: 0.999998 -0.00111825 0.00125396 0.00110654 0.99996 0.0088694 -0.00126328 -0.0088676 0.99996 0.037375 -0.162003 0.143317
FixedParameters: 0 0 0

#Transform 163
Transform: AffineTransform_float_3_3
Parameters: 0.999998 -0.000864987 0.00133211 0.000852036 0.999954 0.00952315 -0.00134016 -0.00952285 0.999954 0.0319594 -0.28258 0.159318
FixedParameters: 0 0 0

#Transform 164
Transform: AffineTransform_float_3_3
Parameters: 0.999999 -0.000775155 0.00107168 0.000765559 0.999957 0.00928884 -0.00107958 -0.00928818 0.999957 0.0271214 -0.267811 0.126851
FixedParameters: 0 0 0

#Transform 165
Transform: AffineTransform_float_3_3
Parameters: 0.999999 -0.000876146 0.00109652 0.00086605 0.999956 0.00935896 -0.00110442 -0.00935803 0.999955 0.0360201 -0.189949 0.138499
FixedParameters: 0 0 0

#Transform 166
Transform: AffineTransform_float_3_3
Parameters: 0.999998 -0.00112041 0.00122335 0.00110889 0.999954 0.00944337 -0.00123305 -0.00944262 0.999954 0.0182459 -0.28831 0.153743
FixedParameters: 0 0 0

#Transform 167
Transform: AffineTransform_float_3_3
Parameters: 0.999999 -0.00112579 0.00110295 0.00111532 0.999959 0.00903419 -0.00111373 -0.00903281 0.999958 0.0223849 -0.21619 0.125642
FixedParameters: 0 0 0

#Transform 168
Transform: AffineTransform_float_3_3
Parameters: 0.999998 -0.0011194 0.00123764 0.00110823 0.999958 0.00916839 -0.00124771 -0.00916662 0.999957 0.0228918 -0.17849 0.144527
FixedParameters: 0 0 0

#Transform 169
Transform: AffineTransform_float_3_3
Parameters: 0.999999 -0.000762338 0.00115403 0.000751914 0.999955 0.00944588 -0.00116098 -0.00944512 0.999954 0.0320405 -0.281507 0.176311
FixedParameters: 0 0 0

#Transform 170
Transform: AffineTransform_float_3_3
Parameters: 0.999999 -0.000797333 0.00122331 0.000786012 0.99996 0.00884503 -0.0012309 -0.00884396 0.99996 0.0240542 -0.210589 0.125364
FixedParameters: 0 0 0

#Transform 171
Transform: AffineTransform_float_3_3
Parameters: 0.999998 -0.00112394 0.00115327 0.00111236 0.999954 0.00958024 -0.00116429 -0.00957876 0.999953 0.0153038 -0.216637 0.150972
FixedParameters: 0 0 0

#Transform 172
Transform: AffineTransform_float_3_3
Parameters: 0.999999 -0.00112684 0.00110187 0.00111539 0.99995 0.00998919 -0.00111287 -0.00998781 0.999949 0.0143114 -0.296592 0.1381
FixedParameters: 0 0 0

#Transform 173
Transform: AffineTransform_float_3_3
Parameters: 0.999999 -0.000796528 0.0012212 0.000785117 0.99996 0.00892403 -0.0012279 -0.00892297 0.99996 0.047258 -0.188275 0.122255
FixedParameters: 0 0 0

#Transform 174
Transform: AffineTransform_float_3_3
Parameters: 0.999999 -0.00144832 0.00100414 0.00144121 0.999973 0.00726441 -0.00101555 -0.0072626 0.999973 -0.0249381 -0.144545 0.280329
FixedParameters: 0 0 0

#Transform 175
Transform: AffineTransform_float_3_3
Parameters: 0.999998 -0.00159423 0.00113329 0.00158493 0.99997 0.00747875 -0.00114449 -0.00747723 0.999971 -0.0321985 -0.152872 0.240915
FixedParameters: 0 0 0

#Transform 176
Transform: AffineTransform_float_3_3
Parameters: 0.999998 -0.00159129 0.00119778 0.00158137 0.999968 0.00774892 -0.00120984 -0.00774708 0.99997 0.00858266 -0.0901378 0.20952
FixedParameters: 0 0 0

#Transform 177
Transform: AffineTransform_float_3_3
Parameters: 0.999998 -0.00158846 0.00126874 0.00157697 0.999964 0.00834403 -0.00128169 -0.00834198 0.999965 0.00753978 -0.21436 0.233781
FixedParameters: 0 0 0

#Transform 178
Transform: AffineTransform_float_3_3
Parameters: 0.999998 -0.00109463 0.00117518 0.00108622 0.999971 0.0075963 -0.00118328 -0.00759472 0.999971 0.00654658 -0.17442 0.136149
FixedParameters: 0 0 0

#Transform 179
Transform: AffineTransform_float_3_3
Parameters: 0.999999 -0.00110142 0.00110028 0.00109201 0.999963 0.00858316 -0.00110964 -0.00858184 0.999962 0.00795939 -0.177586 0.172182
FixedParameters: 0 0 0

#Transform 180
Transform: AffineTransform_float_3_3
Parameters: 0.999999 -0.00110363 0.00106671 0.00109366 0.999957 0.00913917 -0.00107633 -0.00913781 0.999957 0.00863968 -0.239845 0.173198
FixedParameters: 0 0 0

#Transform 181
Transform: AffineTransform_float_3_3
Parameters: 0.999999 -0.000860713 0.00105788 0.000851909 0.999967 0.00809891 -0.00106522 -0.00809808 0.999966 0.0166476 -0.196456 0.145029
FixedParameters: 0 0 0

#Transform 182
Transform: AffineTransform_float_3_3
Parameters: 0.999999 -0.000997461 0.00119737 0.00098749 0.999963 0.0085192 -0.00120587 -0.00851781 0.999963 0.00952538 -0.134086 0.220529
FixedParameters: 0 0 0

#Transform 183
Transform: AffineTransform_float_3_3
Parameters: 1 -0.000788082 0.000620976 0.00078365 0.999969 0.00782549 -0.000627573 -0.00782451 0.999969 0.0020475 -0.235483 0.195082
FixedParameters: 0 0 0

#Transform 184
Transform: AffineTransform_float_3_3
Parameters: 0.999999 -0.000810765 0.00100299 0.000803019 0.999964 0.00851082 -0.00101025 -0.00851019 0.999964 0.0322406 -0.153759 0.140836
FixedParameters: 0 0 0

#Transform 185
Transform: AffineTransform_float_3_3
Parameters: 1 -0.000698507 0.000772631 0.000691484 0.999956 0.00928953 -0.000778958 -0.00928945 0.999956 0.0173841 -0.250795 0.179221
FixedParameters: 0 0 0

#Transform 186
Transform: AffineTransform_float_3_3
Parameters: 1 -0.00100529 0.000288642 0.00100328 0.999954 0.00952324 -0.000297959 -0.00952276 0.999954 0.00701355 -0.237917 0.167225
FixedParameters: 0 0 0

#Transform 187
Transform: AffineTransform_float_3_3
Parameters: 1 -0.000997486 0.000448716 0.000993661 0.999956 0.00926345 -0.000457409 -0.00926354 0.999957 0.0129122 -0.223423 0.134447
FixedParameters: 0 0 0

#Transform 188
Transform: AffineTransform_float_3_3
Parameters: 0.999999 -0.000643 0.000507952 0.000638326 0.999961 0.00882433 -0.000513498 -0.00882367 0.999961 0.0307074 -0.156889 0.162879
FixedParameters: 0 0 0

#Transform 189
Transform: AffineTransform_float_3_3
Parameters: 0.999999 -0.000630009 0.000613264 0.000625135 0.999959 0.00909639 -0.000619037 -0.00909562 0.999959 0.00882778 -0.229689 0.178661
FixedParameters: 0 0 0

#Transform 190
Transform: AffineTransform_float_3_3
