# transform file /out/sourcedata/freesurfer/sub-v1s22x0050440_ses-1/mri/transforms/cc_up.lta
# created by oesteban on Mon Mar  9 13:25:31 2026

type      = 0 # LINEAR_VOX_TO_VOX
nxforms   = 1
mean      = 130.0000 99.0000 117.0000
sigma     = 10000.0000
1 4 4
9.992522597312927e-01 -3.417885303497314e-02 1.807170920073986e-02 -6.825894117355347e-01 
3.417326509952545e-02 9.994156360626221e-01 6.180314812809229e-04 4.155127334594727e+01 
-1.808227598667145e-02 -5.820765397457350e-11 9.998364448547363e-01 2.736247825622559e+01 
0.000000000000000e+00 0.000000000000000e+00 0.000000000000000e+00 1.000000000000000e+00 
src volume info
valid = 1  # volume info valid
filename = /out/sourcedata/freesurfer/sub-v1s22x0050440_ses-1/mri/norm.mgz
volume = 256 256 256
voxelsize = 1.000000000000000e+00 1.000000000000000e+00 1.000000000000000e+00
xras   = -1.000000000000000e+00 0.000000000000000e+00 0.000000000000000e+00
yras   = 0.000000000000000e+00 0.000000000000000e+00 -1.000000000000000e+00
zras   = 0.000000000000000e+00 1.000000000000000e+00 0.000000000000000e+00
cras   = 1.374000549316406e+00 3.753378295898438e+01 2.369951629638672e+01
dst volume info
valid = 1  # volume info valid
filename = /out/sourcedata/freesurfer/sub-v1s22x0050440_ses-1/mri/norm.mgz
volume = 256 256 256
voxelsize = 1.000000000000000e+00 1.000000000000000e+00 1.000000000000000e+00
xras   = -1.000000000000000e+00 0.000000000000000e+00 0.000000000000000e+00
yras   = 0.000000000000000e+00 0.000000000000000e+00 -1.000000000000000e+00
zras   = 0.000000000000000e+00 1.000000000000000e+00 0.000000000000000e+00
cras   = 1.374000549316406e+00 3.753378295898438e+01 2.369951629638672e+01
