#Insight Transform File V1.0
#Transform 0
Transform: AffineTransform_float_3_3
Parameters: 0.999999 -0.000531243 -0.000584936 0.000532078 0.999997 0.00239669 0.000583453 -0.00239731 0.999997 -0.0405455 -0.0696036 0.0156541
FixedParameters: 0 0 0

#Transform 1
Transform: AffineTransform_float_3_3
Parameters: 1 -0.00052214 -0.000282736 0.000522157 0.999999 0.00173985 0.000281952 -0.00174015 0.999999 -0.0333301 -0.0598511 0.0467513
FixedParameters: 0 0 0

#Transform 2
Transform: AffineTransform_float_3_3
Parameters: 1 -0.000519684 -0.000201547 0.000519207 0.999999 0.0012999 0.00020023 -0.0013001 0.999999 -0.0265611 -0.0612817 0.0129907
FixedParameters: 0 0 0

#Transform 3
Transform: AffineTransform_float_3_3
Parameters: 1 -0.000567311 -0.000124804 0.000567552 1 0.000966896 0.000123706 -0.000967103 0.999999 -0.0291242 -0.0329286 0.00157174
FixedParameters: 0 0 0

#Transform 4
Transform: AffineTransform_float_3_3
Parameters: 1 -0.000522456 -0.000284271 0.00052194 1 0.000852819 0.000283414 -0.000853181 0.999999 -0.0122246 -0.0550628 0.00571175
FixedParameters: 0 0 0

#Transform 5
Transform: AffineTransform_float_3_3
Parameters: 1 -0.000522859 -0.000295179 0.000522299 0.999999 0.000687846 0.000295493 -0.000688154 0.999999 -0.0119003 -0.0443725 0.0348074
FixedParameters: 0 0 0

#Transform 6
Transform: AffineTransform_float_3_3
Parameters: 1 -0.000369788 -0.00023413 0.000369126 0.999999 0.000721913 0.000233629 -0.000722086 0.999999 -0.0143627 -0.0439394 0.00180507
FixedParameters: 0 0 0

#Transform 7
Transform: AffineTransform_float_3_3
Parameters: 0.999999 -0.00053044 -0.000525977 0.000530037 0.999999 0.00053572 0.000526442 -0.00053528 0.999999 -0.0160019 -0.0612187 0.015232
FixedParameters: 0 0 0

#Transform 8
Transform: AffineTransform_float_3_3
Parameters: 1 -0.00051901 -0.000174007 0.000519091 1 0.00023291 0.000173765 -0.00023309 1 -0.0368379 -0.0184905 0.0293064
FixedParameters: 0 0 0

#Transform 9
Transform: AffineTransform_float_3_3
Parameters: 1 -0.000521726 -0.000253794 0.000521679 1 -9.31324e-05 0.000253891 9.28675e-05 1 -0.0415517 0.0135389 0.0833094
FixedParameters: 0 0 0

#Transform 10
Transform: AffineTransform_float_3_3
Parameters: 1 -0.000521076 -0.000234845 0.00052107 1 -1.41224e-05 0.00023486 1.38776e-05 1 -0.03506 0.0128769 0.0660557
FixedParameters: 0 0 0

#Transform 11
Transform: AffineTransform_float_3_3
Parameters: 1 -0.000521227 -0.000238803 0.000521184 1 -9.21245e-05 0.000238899 9.18755e-05 1 -0.0349793 0.00692238 0.0706024
FixedParameters: 0 0 0

#Transform 12
Transform: AffineTransform_float_3_3
Parameters: 1 -0.000513683 -1.18136e-05 0.000513643 1 -0.000315006 1.11378e-05 0.000314994 1 -0.0319021 0.00838185 0.0852743
FixedParameters: 0 0 0

#Transform 13
Transform: AffineTransform_float_3_3
Parameters: 1 -0.000164744 -7.95512e-05 0.000165714 1 -0.000188013 7.95801e-05 0.000187987 1 -0.0135304 0.022021 0.0988544
FixedParameters: 0 0 0

#Transform 14
Transform: AffineTransform_float_3_3
Parameters: 1 -0.000520556 -0.00021559 0.00052033 0.999999 -0.000524113 0.000216136 0.000524886 1 -0.0189828 0.0138873 0.0954137
FixedParameters: 0 0 0

#Transform 15
Transform: AffineTransform_float_3_3
Parameters: 1 -0.000123909 -2.48327e-05 0.000123879 1 -0.000591003 2.49792e-05 0.000590997 1 -0.00832951 0.0422964 0.0756548
FixedParameters: 0 0 0

#Transform 16
Transform: AffineTransform_float_3_3
Parameters: 1 -0.000308521 -0.00024983 0.00030839 1 -0.000261077 0.000249991 0.000260923 1 -0.00969599 0.0280769 0.0477097
FixedParameters: 0 0 0

#Transform 17
Transform: AffineTransform_float_3_3
Parameters: 1 -0.000172871 -2.32542e-05 0.000172863 1 -0.000157004 2.33085e-05 0.000156996 1 -0.0062246 0.0124259 0.0743885
FixedParameters: 0 0 0

#Transform 18
Transform: AffineTransform_float_3_3
Parameters: 1 -0.000240628 -0.00025719 0.000240689 1 0.000116938 0.000257134 -0.000117062 1 0.00750255 0.00557853 0.0373739
FixedParameters: 0 0 0

#Transform 19
Transform: AffineTransform_float_3_3
Parameters: 1 -0.000221836 -2.16934e-05 0.000221844 1 0.000164995 2.16202e-05 -0.000165005 1 -0.0175075 -0.00426435 0.0165954
FixedParameters: 0 0 0

#Transform 20
Transform: AffineTransform_float_3_3
Parameters: 1 -0.00013089 -2.46721e-05 0.00013089 1 -1.40032e-05 2.46757e-05 1.39968e-05 1 -0.00383801 0.00293425 0.0136799
FixedParameters: 0 0 0

#Transform 21
Transform: AffineTransform_float_3_3
Parameters: 1 -0.000138885 -2.44134e-05 0.000138886 1 3.39966e-05 2.44039e-05 -3.40034e-05 1 0.00801859 -0.00704403 0.00249093
FixedParameters: 0 0 0

#Transform 22
Transform: AffineTransform_float_3_3
Parameters: 1 -0.00017926 -0.000125108 0.000179234 1 -0.000101022 0.000125144 0.000100978 1 0.0136732 -0.0119445 0.0540079
FixedParameters: 0 0 0

#Transform 23
Transform: AffineTransform_float_3_3
Parameters: 1 -0.000257758 -0.000258555 0.000257673 1 -0.000165067 0.00025864 0.000164933 1 0.0372525 -0.0143231 0.0344537
FixedParameters: 0 0 0

#Transform 24
Transform: AffineTransform_float_3_3
Parameters: 0.999999 -0.000494124 0.000557324 0.000494472 0.999999 -0.00123872 -0.000557066 0.00123928 0.999999 0.104152 0.0602321 -0.0246438
FixedParameters: 0 0 0

#Transform 25
Transform: AffineTransform_float_3_3
Parameters: 1 -0.000336737 0.000189581 0.000337082 1 -0.000911969 -0.000188967 0.000912031 0.999999 0.108385 0.039038 0.0889529
FixedParameters: 0 0 0

#Transform 26
Transform: AffineTransform_float_3_3
Parameters: 1 -0.000248882 9.55564e-05 0.000249072 1 -0.00100101 -9.5058e-05 0.00100099 0.999999 0.0827615 0.0327982 -0.00278669
FixedParameters: 0 0 0

#Transform 27
Transform: AffineTransform_float_3_3
Parameters: 1 -0.000265494 -9.95546e-06 0.000265442 0.999999 -0.000934002 9.4519e-06 0.000933997 0.999999 0.0741001 0.0376773 -0.0102559
FixedParameters: 0 0 0

#Transform 28
Transform: AffineTransform_float_3_3
Parameters: 1 -0.000114365 0.000197984 0.000114638 1 -0.000689977 -0.000197826 0.000690022 0.999999 0.0605212 0.0463182 -0.0167494
FixedParameters: 0 0 0

#Transform 29
Transform: AffineTransform_float_3_3
Parameters: 1 -0.000112027 0.000263991 0.0001126 1 -0.00108597 -0.000263747 0.00108603 1 0.0424405 0.0527998 -0.0287142
FixedParameters: 0 0 0

#Transform 30
Transform: AffineTransform_float_3_3
Parameters: 1 -4.20419e-05 0.000261598 4.26613e-05 1 -0.00118399 -0.000261498 0.00118401 1 0.0443789 0.0608509 -0.0135534
FixedParameters: 0 0 0

#Transform 31
Transform: AffineTransform_float_3_3
Parameters: 1 -9.2004e-05 0.000263318 9.26441e-05 1 -0.00121598 -0.000263093 0.00121602 0.999999 0.0429518 0.0616266 -0.0193467
FixedParameters: 0 0 0

#Transform 32
Transform: AffineTransform_float_3_3
Parameters: 1 -0.000112781 0.000182982 0.000113218 1 -0.00119498 -0.000182712 0.00119502 1 0.044822 0.0549462 -0.0343448
FixedParameters: 0 0 0

#Transform 33
Transform: AffineTransform_float_3_3
Parameters: 1 6.09002e-05 0.00025806 -6.02833e-05 1 -0.00119502 -0.000258205 0.00119498 1 0.0472939 0.0630191 -0.0242489
FixedParameters: 0 0 0

#Transform 34
Transform: AffineTransform_float_3_3
Parameters: 1 0.000101871 -5.50247e-06 -0.000101884 1 -0.001195 5.25898e-06 0.001195 1 0.06922 0.0594725 -0.0613365
FixedParameters: 0 0 0

#Transform 35
Transform: AffineTransform_float_3_3
Parameters: 1 -2.10514e-05 0.000260877 2.16749e-05 1 -0.001195 -0.000260826 0.00119501 1 0.0449071 0.0597579 -0.0591489
FixedParameters: 0 0 0

#Transform 36
Transform: AffineTransform_float_3_3
Parameters: 1 0.000243793 0.000251773 -0.000243189 1 -0.00120006 -0.000252358 0.00119994 0.999999 0.0524008 0.0599775 -0.0468926
FixedParameters: 0 0 0

#Transform 37
Transform: AffineTransform_float_3_3
Parameters: 1 0.000159826 7.95584e-05 -0.000159637 1 -0.00118601 -7.99373e-05 0.00118599 1 0.055417 0.0783329 -0.0588836
FixedParameters: 0 0 0

#Transform 38
Transform: AffineTransform_float_3_3
Parameters: 1 0.000237586 7.08437e-05 -0.000237394 0.999999 -0.00135302 -7.14864e-05 0.00135298 0.999999 0.0577665 0.0636656 -0.0735786
FixedParameters: 0 0 0

#Transform 39
Transform: AffineTransform_float_3_3
Parameters: 1 0.000431488 -0.000167917 -0.000431885 0.999999 -0.00118593 0.000166893 0.00118607 1 0.0703195 0.0844789 -0.024984
FixedParameters: 0 0 0

#Transform 40
Transform: AffineTransform_float_3_3
Parameters: 0.999999 0.000853184 -9.2121e-06 -0.00085317 0.999999 -0.00107799 8.3721e-06 0.00107801 1 0.0872068 0.0830171 -0.0286719
FixedParameters: 0 0 0

#Transform 41
Transform: AffineTransform_float_3_3
Parameters: 1 0.000239111 0.000114804 -0.000238787 0.999999 -0.00140803 -0.000115477 0.00140797 0.999999 0.0539984 0.087701 -0.0546454
FixedParameters: 0 0 0

#Transform 42
Transform: AffineTransform_float_3_3
Parameters: 1 0.000240109 0.000143794 -0.000239711 0.999999 -0.00138003 -0.000144456 0.00137997 0.999999 0.0555835 0.094956 -0.017338
FixedParameters: 0 0 0

#Transform 43
Transform: AffineTransform_float_3_3
Parameters: 1 0.000247794 0.000364626 -0.000246681 0.999999 -0.00152409 -0.00036538 0.00152391 0.999999 0.0770379 0.113458 0.0114072
FixedParameters: 0 0 0

#Transform 44
Transform: AffineTransform_float_3_3
Parameters: 1 0.000119668 0.000132942 -0.00011929 0.999999 -0.00141802 -0.000133281 0.00141798 0.999999 0.0774869 0.0960809 0.0777176
FixedParameters: 0 0 0

#Transform 45
Transform: AffineTransform_float_3_3
Parameters: 1 0.000254351 0.000548434 -0.000253325 0.999999 -0.00184514 -0.000549337 0.00184486 0.999998 0.108284 0.169994 0.225903
FixedParameters: 0 0 0

#Transform 46
Transform: AffineTransform_float_3_3
Parameters: 1 0.000237075 5.58254e-05 -0.000236878 0.999999 -0.00146801 -5.55217e-05 0.00146799 0.999999 0.0708686 0.11784 0.118838
FixedParameters: 0 0 0

#Transform 47
Transform: AffineTransform_float_3_3
Parameters: 1 0.00031703 5.30378e-05 -0.000317835 0.999999 -0.00152402 -5.29728e-05 0.00152398 0.999999 0.0732069 0.128384 0.0900916
FixedParameters: 0 0 0

#Transform 48
Transform: AffineTransform_float_3_3
Parameters: 1 0.000345007 5.21103e-05 -0.000344828 0.999999 -0.00139802 -5.20753e-05 0.00139798 0.999999 0.0739221 0.106652 0.0443366
FixedParameters: 0 0 0

#Transform 49
Transform: AffineTransform_float_3_3
Parameters: 1 0.000229001 -0.00017991 -0.000228303 0.999999 -0.000930958 0.000180451 0.000931041 0.999999 0.0705295 0.0903132 0.00631694
FixedParameters: 0 0 0

#Transform 50
Transform: AffineTransform_float_3_3
Parameters: 1 0.000235343 5.88219e-06 -0.000235326 0.999999 -0.001354 -6.51947e-06 0.001354 0.999999 0.0723075 0.107512 0.000409986
FixedParameters: 0 0 0

#Transform 51
Transform: AffineTransform_float_3_3
Parameters: 1 0.000227121 -0.000231985 -0.000226735 0.999999 -0.00139295 0.000232319 0.00139305 0.999999 0.0792956 0.07913 -0.0687429
FixedParameters: 0 0 0

#Transform 52
Transform: AffineTransform_float_3_3
Parameters: 1 0.000287572 -0.000308075 -0.000288339 0.999999 -0.00124591 0.000307357 0.00124609 0.999999 0.0679432 0.0980658 -0.0277129
FixedParameters: 0 0 0

#Transform 53
Transform: AffineTransform_float_3_3
Parameters: 1 0.000493452 -8.29274e-05 -0.000493626 1 -0.00105096 8.18899e-05 0.00105104 1 0.0628424 0.0889989 -0.0194576
FixedParameters: 0 0 0

#Transform 54
Transform: AffineTransform_float_3_3
Parameters: 1 0.000230075 -0.000147955 -0.000230383 1 -0.00104497 0.000147474 0.00104503 1 0.0533407 0.0921475 -0.0252997
FixedParameters: 0 0 0

#Transform 55
Transform: AffineTransform_float_3_3
Parameters: 1 0.000372004 -0.000237043 -0.000372693 0.999999 -0.00152391 0.000236908 0.00152309 0.999999 0.0485821 0.0822668 0.0080107
FixedParameters: 0 0 0

#Transform 56
Transform: AffineTransform_float_3_3
Parameters: 1 0.000520933 -0.000242169 -0.000521599 0.999999 -0.00144487 0.000241662 0.00144513 0.999999 0.0547518 0.0877746 0.0192266
FixedParameters: 0 0 0

#Transform 57
Transform: AffineTransform_float_3_3
Parameters: 1 0.000622874 -0.000245693 -0.000623545 0.999999 -0.00143685 0.000244901 0.00143715 0.999999 0.0808728 0.0923845 0.0186933
FixedParameters: 0 0 0

#Transform 58
Transform: AffineTransform_float_3_3
Parameters: 1 0.000440915 -0.00029847 -0.000441791 0.999998 -0.00152387 0.000298124 0.00152313 0.999999 0.0753696 0.0989659 0.0398098
FixedParameters: 0 0 0

#Transform 59
Transform: AffineTransform_float_3_3
Parameters: 1 0.000588873 -0.000244568 -0.000589584 0.999998 -0.00152385 0.000243772 0.00152314 0.999999 0.0845009 0.0948271 0.0140615
FixedParameters: 0 0 0

#Transform 60
Transform: AffineTransform_float_3_3
Parameters: 1 0.000485001 -0.000240831 -0.000485571 0.999999 -0.00125388 0.000240613 0.00125412 0.999999 0.0769951 0.107395 0.0206951
FixedParameters: 0 0 0

#Transform 61
Transform: AffineTransform_float_3_3
Parameters: 1 0.00062133 -5.93456e-05 -0.000621464 0.999999 -0.00114396 5.79239e-05 0.00114404 1 0.0751216 0.106621 0.0111712
FixedParameters: 0 0 0

#Transform 62
Transform: AffineTransform_float_3_3
Parameters: 1 0.000531184 -0.000294449 -0.000531887 0.999999 -0.00124984 0.00029412 0.00125016 0.999999 0.0948693 0.087011 0.019671
FixedParameters: 0 0 0

#Transform 63
Transform: AffineTransform_float_3_3
Parameters: 1 0.000486425 -0.000345885 -0.000487211 0.999999 -0.00113883 0.000344776 0.00113917 1 0.094695 0.105931 -0.0123361
FixedParameters: 0 0 0

#Transform 64
Transform: AffineTransform_float_3_3
Parameters: 1 0.000220141 -0.000426994 -0.000220785 0.999998 -0.00196291 0.000427095 0.00196309 0.999998 0.0965827 0.110543 0.0894641
FixedParameters: 0 0 0

#Transform 65
Transform: AffineTransform_float_3_3
Parameters: 1 0.000152248 -0.000424583 -0.000152753 0.999999 -0.00180994 0.000424997 0.00181007 0.999999 0.0938004 0.109692 0.0470725
FixedParameters: 0 0 0

#Transform 66
Transform: AffineTransform_float_3_3
Parameters: 1 0.000220327 -0.000426898 -0.000220599 0.999999 -0.00152691 0.000427191 0.00152709 0.999998 0.0948028 0.107468 0.0618027
FixedParameters: 0 0 0

#Transform 67
Transform: AffineTransform_float_3_3
Parameters: 1 0.000220559 -0.000426778 -0.000220367 0.999999 -0.000983873 0.000427311 0.000984127 1 0.0950894 0.110859 0.0364932
FixedParameters: 0 0 0

#Transform 68
Transform: AffineTransform_float_3_3
Parameters: 1 0.000220531 -0.000426793 -0.000220395 1 -0.00105091 0.000427296 0.0010501 1 0.0993744 0.0914709 0.0169341
FixedParameters: 0 0 0

#Transform 69
Transform: AffineTransform_float_3_3
Parameters: 1 0.000229093 -0.000176925 -0.00022841 0.999999 -0.000988959 0.000177439 0.00098904 0.999999 0.081663 0.0789813 -0.00353565
FixedParameters: 0 0 0

#Transform 70
Transform: AffineTransform_float_3_3
Parameters: 1 0.000229082 -0.000176939 -0.000228422 1 -0.00105096 0.000177425 0.00105104 1 0.0901975 0.0811032 0.00810437
FixedParameters: 0 0 0

#Transform 71
Transform: AffineTransform_float_3_3
Parameters: 1 0.000224327 -0.000315858 -0.000223991 0.999999 -0.0010509 0.000315354 0.0010511 1 0.0891069 0.0805566 -0.0104428
FixedParameters: 0 0 0

#Transform 72
Transform: AffineTransform_float_3_3
Parameters: 1 0.000220582 -0.000426766 -0.000220344 0.999999 -0.000929905 0.000427322 0.000930093 0.999999 0.0986567 0.094419 -0.00791126
FixedParameters: 0 0 0

#Transform 73
Transform: AffineTransform_float_3_3
Parameters: 1 0.000220425 -0.000426848 -0.000220501 0.999999 -0.00129791 0.000427242 0.00129809 0.999999 0.098062 0.0918533 0.00165724
FixedParameters: 0 0 0

#Transform 74
Transform: AffineTransform_float_3_3
Parameters: 1 9.33224e-05 -0.000422512 -9.37435e-05 0.999998 -0.00171893 0.000423156 0.00171907 0.999999 0.071851 0.136014 0.0207732
FixedParameters: 0 0 0

#Transform 75
Transform: AffineTransform_float_3_3
Parameters: 1 0.000230732 -0.000122408 -0.000230419 0.999995 -0.00294297 0.000122017 0.00294303 0.999995 0.120123 0.217121 0.357412
FixedParameters: 0 0 0

#Transform 76
Transform: AffineTransform_float_3_3
Parameters: 1 0.00037673 -0.000432781 -0.000377992 0.999997 -0.00268984 0.000432717 0.00269017 0.999997 0.105912 0.206275 0.255179
FixedParameters: 0 0 0

#Transform 77
Transform: AffineTransform_float_3_3
Parameters: 1 0.000338779 -9.70463e-05 -0.000339176 0.999998 -0.002225 9.65373e-05 0.002225 0.999997 0.0825984 0.186147 0.207013
FixedParameters: 0 0 0

#Transform 78
Transform: AffineTransform_float_3_3
Parameters: 1 0.000241839 0.000189585 -0.00024103 0.999997 -0.00212804 -0.000190613 0.00212795 0.999997 0.0811789 0.172461 0.186138
FixedParameters: 0 0 0

#Transform 79
Transform: AffineTransform_float_3_3
Parameters: 1 0.000235805 1.87049e-05 -0.000235726 0.999998 -0.002073 -1.96824e-05 0.00207299 0.999998 0.0923838 0.186186 0.189574
FixedParameters: 0 0 0

#Transform 80
Transform: AffineTransform_float_3_3
Parameters: 1 0.000508196 -0.000287092 -0.000508364 0.999997 -0.00209485 0.000285928 0.00209514 0.999998 0.0968253 0.186734 0.192382
FixedParameters: 0 0 0

#Transform 81
Transform: AffineTransform_float_3_3
Parameters: 1 0.000521535 -0.000165347 -0.000522105 0.999998 -0.00182991 0.000164436 0.00183009 0.999999 0.0941208 0.177761 0.158423
FixedParameters: 0 0 0

#Transform 82
Transform: AffineTransform_float_3_3
Parameters: 1 0.000560639 0.000178334 -0.000560846 0.999997 -0.0021211 -0.00017968 0.0021209 0.999997 0.09307 0.215145 0.230292
FixedParameters: 0 0 0

#Transform 83
Transform: AffineTransform_float_3_3
Parameters: 1 0.000482675 0.000181121 -0.000481898 0.999998 -0.00204909 -0.000182098 0.00204891 0.999998 0.0665735 0.19158 0.192479
FixedParameters: 0 0 0

#Transform 84
Transform: AffineTransform_float_3_3
Parameters: 1 0.000236211 3.08276e-05 -0.000236084 0.999999 -0.00152201 -3.0547e-05 0.00152199 0.999999 0.0755529 0.155979 0.143918
FixedParameters: 0 0 0

#Transform 85
Transform: AffineTransform_float_3_3
Parameters: 1 0.000224229 -0.000310081 -0.000224455 0.999998 -0.00202993 0.000310137 0.00203007 0.999998 0.0954645 0.173337 0.127885
FixedParameters: 0 0 0

#Transform 86
Transform: AffineTransform_float_3_3
Parameters: 1 0.000367702 -1.4934e-05 -0.000367728 0.999998 -0.00199599 1.44655e-05 0.00199601 0.999998 0.0977145 0.15298 0.121881
FixedParameters: 0 0 0

#Transform 87
Transform: AffineTransform_float_3_3
Parameters: 1 0.000485624 0.000181148 -0.000485946 0.999999 -0.00177512 -0.00018184 0.00177488 0.999998 0.0925523 0.1729 0.114746
FixedParameters: 0 0 0

#Transform 88
Transform: AffineTransform_float_3_3
Parameters: 1 0.000537706 0.00017899 -0.000537805 0.999997 -0.0024111 -0.00018055 0.0024109 0.999997 0.121955 0.160148 0.229596
FixedParameters: 0 0 0

#Transform 89
Transform: AffineTransform_float_3_3
Parameters: 1 0.00060871 0.000176295 -0.000608722 0.999996 -0.00269011 -0.000178537 0.00268989 0.999997 0.127165 0.228879 0.369322
FixedParameters: 0 0 0

#Transform 90
Transform: AffineTransform_float_3_3
Parameters: 1 0.0006774 0.000166886 -0.000676462 0.999997 -0.00260115 -0.00016841 0.00260185 0.999996 0.129252 0.201769 0.323324
FixedParameters: 0 0 0

#Transform 91
Transform: AffineTransform_float_3_3
Parameters: 1 0.000372392 -5.21618e-05 -0.000372608 0.999997 -0.00210298 5.05951e-05 0.00210302 0.999998 0.101177 0.185646 0.266715
FixedParameters: 0 0 0

#Transform 92
Transform: AffineTransform_float_3_3
Parameters: 1 0.000235664 1.47199e-05 -0.000235571 0.999998 -0.00202 -1.46723e-05 0.00202 0.999998 0.0919455 0.181975 0.224432
FixedParameters: 0 0 0

#Transform 93
Transform: AffineTransform_float_3_3
Parameters: 1 0.000404516 9.28278e-05 -0.000404106 0.999998 -0.00202304 -9.34642e-05 0.00202296 0.999998 0.120553 0.179779 0.152693
FixedParameters: 0 0 0

#Transform 94
Transform: AffineTransform_float_3_3
Parameters: 0.999999 0.000760492 5.72001e-05 -0.000760179 0.999998 -0.00213308 -5.84448e-05 0.00213292 0.999997 0.129004 0.135347 0.151442
FixedParameters: 0 0 0

#Transform 95
Transform: AffineTransform_float_3_3
Parameters: 1 0.000236158 2.86973e-05 -0.000236036 0.999998 -0.00207901 -2.9679e-05 0.00207899 0.999998 0.112109 0.168125 0.166105
FixedParameters: 0 0 0

#Transform 96
Transform: AffineTransform_float_3_3
Parameters: 1 0.000303104 -0.000171844 -0.000303848 0.999998 -0.00226595 0.000171468 0.00226605 0.999998 0.12137 0.167269 0.149653
FixedParameters: 0 0 0

#Transform 97
Transform: AffineTransform_float_3_3
Parameters: 1 0.000239729 0.000129611 -0.000239131 0.999997 -0.00217703 -0.000129654 0.00217697 0.999997 0.105124 0.15398 0.146947
FixedParameters: 0 0 0

#Transform 98
Transform: AffineTransform_float_3_3
Parameters: 1 0.000232976 -6.12897e-05 -0.00023322 0.999998 -0.00226299 6.12342e-05 0.00226302 0.999998 0.125155 0.156595 0.154619
FixedParameters: 0 0 0

#Transform 99
Transform: AffineTransform_float_3_3
Parameters: 1 0.000232987 -6.1244e-05 -0.000233208 0.999998 -0.00206699 6.12799e-05 0.00206701 0.999998 0.115691 0.131449 0.142698
FixedParameters: 0 0 0

#Transform 100
Transform: AffineTransform_float_3_3
Parameters: 1 0.00024275 0.000216616 -0.000241911 0.999998 -0.00193205 -0.000217553 0.00193195 0.999998 0.12482 0.156792 0.144951
FixedParameters: 0 0 0

#Transform 101
Transform: AffineTransform_float_3_3
Parameters: 1 0.000687713 -7.72008e-05 -0.000687949 0.999998 -0.00196695 7.64938e-05 0.00196705 0.999998 0.139343 0.138349 0.165298
FixedParameters: 0 0 0

#Transform 102
Transform: AffineTransform_float_3_3
Parameters: 1 0.000578796 -7.32481e-05 -0.000579018 0.999999 -0.00175199 7.22191e-05 0.00175201 0.999998 0.130153 0.128562 0.14097
FixedParameters: 0 0 0

#Transform 103
Transform: AffineTransform_float_3_3
Parameters: 1 0.000687734 -7.70123e-05 -0.000687959 0.999999 -0.00169298 7.56827e-05 0.00169302 0.999998 0.12989 0.139859 0.143869
FixedParameters: 0 0 0

#Transform 104
Transform: AffineTransform_float_3_3
Parameters: 1 0.000687743 -7.6925e-05 -0.000687949 0.999998 -0.00156595 7.57701e-05 0.00156605 0.999999 0.131213 0.120173 0.136051
FixedParameters: 0 0 0

#Transform 105
Transform: AffineTransform_float_3_3
Parameters: 1 0.000479906 -0.000359727 -0.000479809 0.999999 -0.00125683 0.000358488 0.00125617 0.999999 0.131391 0.128609 0.0888483
FixedParameters: 0 0 0

#Transform 106
Transform: AffineTransform_float_3_3
Parameters: 1 0.000687751 -7.68555e-05 -0.000687942 0.999998 -0.00146495 7.58396e-05 0.00146505 0.999999 0.12709 0.139877 0.106172
FixedParameters: 0 0 0

#Transform 107
Transform: AffineTransform_float_3_3
Parameters: 1 0.000436884 -6.8281e-05 -0.000437086 0.999999 -0.001728 6.77702e-05 0.001728 0.999998 0.120912 0.17006 0.146192
FixedParameters: 0 0 0

#Transform 108
Transform: AffineTransform_float_3_3
Parameters: 1 0.000240251 -0.000224588 -0.000240153 0.999998 -0.00201195 0.000223588 0.00201205 0.999998 0.0994195 0.135693 0.23047
FixedParameters: 0 0 0

#Transform 109
Transform: AffineTransform_float_3_3
Parameters: 1 0.000166049 -5.88279e-05 -0.00016622 0.999998 -0.00172799 5.92532e-05 0.00172801 0.999998 0.0878042 0.170172 0.199301
FixedParameters: 0 0 0

#Transform 110
Transform: AffineTransform_float_3_3
Parameters: 1 0.000166046 -5.88369e-05 -0.000166223 0.999999 -0.00178199 5.92443e-05 0.00178201 0.999999 0.0878004 0.171723 0.200769
FixedParameters: 0 0 0

#Transform 111
Transform: AffineTransform_float_3_3
Parameters: 1 0.000166049 -5.88279e-05 -0.00016622 0.999998 -0.00172799 5.92532e-05 0.00172801 0.999998 0.104058 0.170169 0.199302
FixedParameters: 0 0 0

#Transform 112
Transform: AffineTransform_float_3_3
Parameters: 1 0.000273983 -6.25952e-05 -0.000274167 0.999999 -0.00172802 6.26474e-05 0.00172798 0.999998 0.11772 0.215149 0.233054
FixedParameters: 0 0 0

#Transform 113
Transform: AffineTransform_float_3_3
Parameters: 1 0.00016388 -0.000120798 -0.000164309 0.999999 -0.00177798 0.000120215 0.00177802 0.999999 0.122788 0.167208 0.238936
FixedParameters: 0 0 0

#Transform 114
Transform: AffineTransform_float_3_3
Parameters: 0.999999 0.000556632 -0.000566696 -0.000557429 0.999998 -0.00161568 0.000565863 0.00161532 0.999998 0.139333 0.173862 0.232471
FixedParameters: 0 0 0

#Transform 115
Transform: AffineTransform_float_3_3
Parameters: 0.999999 0.00033219 -0.000808986 -0.000333532 0.999999 -0.00146773 0.000808975 0.00146827 0.999998 0.132394 0.153493 0.227262
FixedParameters: 0 0 0

#Transform 116
Transform: AffineTransform_float_3_3
Parameters: 1 0.000347893 -0.000559346 -0.0003484 0.999999 -0.0013758 0.000559355 0.0013752 0.999999 0.132313 0.16366 0.228168
FixedParameters: 0 0 0

#Transform 117
Transform: AffineTransform_float_3_3
Parameters: 1 0.0003658 -0.000560021 -0.000366473 0.999999 -0.00152279 0.000559872 0.0015232 0.999998 0.141697 0.153324 0.230585
FixedParameters: 0 0 0

#Transform 118
Transform: AffineTransform_float_3_3
Parameters: 1 0.000487408 -0.00022614 -0.000488187 0.999999 -0.00172789 0.000224454 0.00172811 0.999999 0.118257 0.176162 0.200023
FixedParameters: 0 0 0

#Transform 119
Transform: AffineTransform_float_3_3
Parameters: 1 0.000458486 -0.000445543 -0.000459514 0.999997 -0.0023158 0.000444383 0.00231521 0.999997 0.114454 0.17846 0.258559
FixedParameters: 0 0 0

#Transform 120
Transform: AffineTransform_float_3_3
Parameters: 1 0.000611909 -0.000240681 -0.000611853 0.999997 -0.00203485 0.000239157 0.00203515 0.999998 0.124384 0.18728 0.266712
FixedParameters: 0 0 0

#Transform 121
Transform: AffineTransform_float_3_3
Parameters: 1 0.000506074 -6.79372e-06 -0.000506066 0.999998 -0.001998 5.77091e-06 0.001998 0.999998 0.113782 0.186161 0.264247
FixedParameters: 0 0 0

#Transform 122
Transform: AffineTransform_float_3_3
Parameters: 0.999999 0.000671412 -0.000286594 -0.000672367 0.999999 -0.00172784 0.000285272 0.00172816 0.999998 0.122697 0.153549 0.269749
FixedParameters: 0 0 0

#Transform 123
Transform: AffineTransform_float_3_3
Parameters: 1 0.000455804 -0.00047412 -0.000456274 0.999998 -0.00158478 0.000473641 0.00158522 0.999998 0.11828 0.140557 0.271521
FixedParameters: 0 0 0

#Transform 124
Transform: AffineTransform_float_3_3
Parameters: 1 0.000410515 -0.000570537 -0.000411111 0.999999 -0.00142677 0.000570331 0.00142723 0.999999 0.12169 0.178082 0.255734
FixedParameters: 0 0 0

#Transform 125
Transform: AffineTransform_float_3_3
Parameters: 1 0.000335141 -0.000558753 -0.000336197 0.999999 -0.000944779 0.000558119 0.00094522 1 0.130232 0.125467 0.219939
FixedParameters: 0 0 0

#Transform 126
Transform: AffineTransform_float_3_3
Parameters: 1 0.000345237 -0.000350972 -0.000345891 0.999999 -0.000932877 0.000350328 0.000932121 0.999999 0.113077 0.13958 0.194503
FixedParameters: 0 0 0

#Transform 127
Transform: AffineTransform_float_3_3
Parameters: 1 0.000148952 -0.000552491 -0.000149592 0.999999 -0.00148392 0.000552015 0.00148408 0.999998 0.124727 0.16648 0.209318
FixedParameters: 0 0 0

#Transform 128
Transform: AffineTransform_float_3_3
Parameters: 1 0.000226089 -0.000555084 -0.00022737 1 -0.00115487 0.00055456 0.00115413 0.999999 0.126194 0.128826 0.201251
FixedParameters: 0 0 0

#Transform 129
Transform: AffineTransform_float_3_3
Parameters: 1 0.000295902 -0.000557562 -0.000297448 0.999999 -0.00141583 0.000557722 0.00141617 0.999999 0.122661 0.136642 0.215457
FixedParameters: 0 0 0

#Transform 130
Transform: AffineTransform_float_3_3
Parameters: 1 0.000149037 -0.000552468 -0.000149507 0.999999 -0.00133092 0.000552038 0.00133108 0.999999 0.123162 0.151834 0.205417
FixedParameters: 0 0 0

#Transform 131
Transform: AffineTransform_float_3_3
Parameters: 1 0.000168818 2.12986e-05 -0.000168788 0.999999 -0.000690003 -2.15315e-05 0.000689996 1 0.095015 0.132343 0.187403
FixedParameters: 0 0 0

#Transform 132
Transform: AffineTransform_float_3_3
Parameters: 1 0.00022984 -3.78761e-05 -0.000228917 1 -0.00101702 3.73764e-05 0.00101698 0.999999 0.091507 0.125435 0.196977
FixedParameters: 0 0 0

#Transform 133
Transform: AffineTransform_float_3_3
Parameters: 1 0.000334505 -0.000283596 -0.000335049 1 -0.00101691 0.000283915 0.0010171 1 0.101949 0.165552 0.209733
FixedParameters: 0 0 0

#Transform 134
Transform: AffineTransform_float_3_3
Parameters: 0.999999 0.000792416 -0.000323267 -0.000793072 0.999999 -0.00101674 0.000321654 0.00101726 1 0.0967979 0.115222 0.197506
FixedParameters: 0 0 0

#Transform 135
Transform: AffineTransform_float_3_3
Parameters: 1 0.0004723 -0.000263254 -0.000472792 1 -0.000936909 0.000262369 0.000937091 0.999999 0.102159 0.114848 0.212203
FixedParameters: 0 0 0

#Transform 136
Transform: AffineTransform_float_3_3
Parameters: 0.999999 0.000575961 -0.000567013 -0.000576081 1 -0.00101667 0.000566807 0.00101733 1 0.105619 0.145703 0.219016
FixedParameters: 0 0 0

#Transform 137
Transform: AffineTransform_float_3_3
Parameters: 0.999999 0.000817888 -0.000575185 -0.000817887 0.999999 -0.00089753 0.000574683 0.000897472 1 0.104377 0.12906 0.220813
FixedParameters: 0 0 0

#Transform 138
Transform: AffineTransform_float_3_3
Parameters: 0.999999 0.000584996 -0.000567279 -0.000586036 1 -0.000945669 0.00056717 0.000946333 1 0.106615 0.129825 0.217233
FixedParameters: 0 0 0

#Transform 139
Transform: AffineTransform_float_3_3
Parameters: 0.999999 0.000670961 -0.000570194 -0.000670977 1 -0.000919617 0.000569926 0.000919385 1 0.0999658 0.128774 0.218786
FixedParameters: 0 0 0

#Transform 140
Transform: AffineTransform_float_3_3
Parameters: 0.999999 0.000838714 -0.00025681 -0.000839202 0.999999 -0.00101679 0.000256103 0.00101722 1 0.0887365 0.145128 0.210769
FixedParameters: 0 0 0

#Transform 141
Transform: AffineTransform_float_3_3
Parameters: 0.999999 0.00076595 -0.000573371 -0.000766882 1 -0.000841561 0.00057308 0.00084244 1 0.0993714 0.150945 0.207035
FixedParameters: 0 0 0

#Transform 142
Transform: AffineTransform_float_3_3
Parameters: 0.999999 0.000671015 -0.00057013 -0.000671922 1 -0.000824618 0.000570022 0.000825384 1 0.105745 0.124538 0.194441
FixedParameters: 0 0 0

#Transform 143
Transform: AffineTransform_float_3_3
Parameters: 0.999999 0.000542844 -0.000452814 -0.000543731 1 -0.00101675 0.000452709 0.00101725 1 0.0974425 0.125997 0.228733
FixedParameters: 0 0 0

#Transform 144
Transform: AffineTransform_float_3_3
Parameters: 1 0.000438946 -9.70305e-05 -0.000439099 1 -0.000958958 9.71879e-05 0.000959044 1 0.0760694 0.162317 0.221857
FixedParameters: 0 0 0

#Transform 145
Transform: AffineTransform_float_3_3
Parameters: 0.999999 0.000807685 -0.000258578 -0.0008071 1 -0.000804825 0.000257245 0.000805175 0.999999 0.0959384 0.125668 0.214821
FixedParameters: 0 0 0

#Transform 146
Transform: AffineTransform_float_3_3
Parameters: 0.999999 0.00073369 6.58838e-05 -0.000733539 0.999999 -0.00113105 -6.75432e-05 0.00113095 1 0.0846101 0.149325 0.232918
FixedParameters: 0 0 0

#Transform 147
Transform: AffineTransform_float_3_3
Parameters: 1 0.000625027 -0.000185467 -0.000625371 1 -0.00101688 0.000185194 0.00101712 1 0.0888917 0.169119 0.278182
FixedParameters: 0 0 0

#Transform 148
Transform: AffineTransform_float_3_3
Parameters: 0.999999 0.000704973 -7.12101e-05 -0.0007051 0.999999 -0.00112795 7.0619e-05 0.00112805 1 0.0993486 0.162464 0.253769
FixedParameters: 0 0 0

#Transform 149
Transform: AffineTransform_float_3_3
Parameters: 0.999999 0.000599062 -0.000567676 -0.000599954 1 -0.000813693 0.0005677 0.000814307 0.999999 0.0946338 0.129349 0.229937
FixedParameters: 0 0 0

#Transform 150
Transform: AffineTransform_float_3_3
Parameters: 0.999999 0.00057152 -0.000436634 -0.000571184 0.999999 -0.00075975 0.000435732 0.000760249 0.999999 0.100292 0.138486 0.227967
FixedParameters: 0 0 0

#Transform 151
Transform: AffineTransform_float_3_3
Parameters: 1 0.000633373 -0.000204763 -0.000633756 1 -0.00101687 0.000204474 0.00101713 1 0.0891326 0.157254 0.234443
FixedParameters: 0 0 0

#Transform 152
Transform: AffineTransform_float_3_3
Parameters: 0.999999 0.000642921 -0.000569302 -0.000643046 1 -0.00101663 0.00056896 0.00101737 1 0.0958227 0.146112 0.235125
FixedParameters: 0 0 0

#Transform 153
Transform: AffineTransform_float_3_3
Parameters: 1 0.000606808 -0.000103796 -0.000607017 1 -0.00101694 0.000102562 0.00101706 1 0.0740891 0.119431 0.211731
FixedParameters: 0 0 0

#Transform 154
Transform: AffineTransform_float_3_3
Parameters: 0.999999 0.000733976 -0.000572274 -0.000734892 1 -0.000829612 0.000572055 0.000829388 0.999999 0.091559 0.115562 0.230827
FixedParameters: 0 0 0

#Transform 155
Transform: AffineTransform_float_3_3
Parameters: 0.999999 0.000563894 -0.000566676 -0.000565161 0.999999 -0.00114768 0.00056638 0.00114732 0.999999 0.101771 0.140478 0.19484
FixedParameters: 0 0 0

#Transform 156
Transform: AffineTransform_float_3_3
Parameters: 1 0.000365367 -0.000346688 -0.000365039 1 -0.00101687 0.000346911 0.00101713 1 0.0737096 0.129093 0.139481
FixedParameters: 0 0 0

#Transform 157
Transform: AffineTransform_float_3_3
Parameters: 1 0.000149281 -0.000552402 -0.000149263 0.999999 -0.000887885 0.000552104 0.000888116 1 0.0709772 0.12636 0.165106
FixedParameters: 0 0 0

#Transform 158
Transform: AffineTransform_float_3_3
Parameters: 1 0.000161136 -0.000203625 -0.00016155 1 -0.00101697 0.000203297 0.00101703 1 0.0513256 0.130189 0.169632
FixedParameters: 0 0 0

#Transform 159
Transform: AffineTransform_float_3_3
Parameters: 1 0.000183998 0.000481184 -0.00018411 1 0.000116911 -0.000481141 -0.000117089 1 0.0515536 -0.152476 0.152375
FixedParameters: 0 0 0

#Transform 160
Transform: AffineTransform_float_3_3
Parameters: 0.999999 -0.000510607 0.00144211 0.000506254 0.999995 0.00290477 -0.00144419 -0.00290423 0.999995 0.0431857 -0.226599 0.245531
FixedParameters: 0 0 0

#Transform 161
Transform: AffineTransform_float_3_3
Parameters: 1 -2.10086e-05 0.000248805 2.05145e-05 0.999999 0.000993038 -0.000248846 -0.000992962 1 0.0478151 0.0654615 0.292697
FixedParameters: 0 0 0

#Transform 162
Transform: AffineTransform_float_3_3
Parameters: 1 0.000161965 5.66697e-05 -0.000161971 1 5.29908e-05 -5.66525e-05 -5.30092e-05 1 0.0614476 0.079732 0.334841
FixedParameters: 0 0 0

#Transform 163
Transform: AffineTransform_float_3_3
Parameters: 1 -2.18778e-05 0.000217833 2.17009e-05 1 0.000406005 -0.000217851 -0.000405995 1 0.026493 0.0648196 0.26574
FixedParameters: 0 0 0

#Transform 164
Transform: AffineTransform_float_3_3
Parameters: 1 -2.40656e-05 0.000151865 2.38897e-05 1 0.000579003 -0.000151892 -0.000578996 1 0.0284533 0.0541262 0.24535
FixedParameters: 0 0 0

#Transform 165
Transform: AffineTransform_float_3_3
Parameters: 1 0.000486731 0.000288163 -0.000486936 1 0.00029886 -0.000288872 -0.000299141 1 0.0255471 0.0255192 0.223169
FixedParameters: 0 0 0

#Transform 166
Transform: AffineTransform_float_3_3
Parameters: 1 0.000282864 5.28459e-05 -0.000282938 0.999999 0.000694985 -5.24527e-05 -0.000695015 1 0.0531705 0.0386254 0.174929
FixedParameters: 0 0 0

#Transform 167
Transform: AffineTransform_float_3_3
Parameters: 1 0.000154945 5.69652e-05 -0.000154998 1 0.000464991 -5.68211e-05 -0.000465009 1 0.0462701 0.0381728 0.129578
FixedParameters: 0 0 0

#Transform 168
Transform: AffineTransform_float_3_3
Parameters: 1 0.000378111 0.000557505 -0.00037829 0.999999 -0.00073621 -0.000558029 0.000735789 0.999999 0.0588573 0.14221 0.124004
FixedParameters: 0 0 0

#Transform 169
Transform: AffineTransform_float_3_3
Parameters: 1 0.000152039 0.000564985 -0.000151611 0.999997 -0.00214605 -0.000565571 0.00214595 0.999998 0.0968439 0.187864 0.324586
FixedParameters: 0 0 0

#Transform 170
Transform: AffineTransform_float_3_3
Parameters: 1 -2.62093e-05 8.19456e-05 2.63877e-05 1 -0.001089 -8.18883e-05 0.001089 1 0.0372023 0.113921 0.197973
FixedParameters: 0 0 0

#Transform 171
Transform: AffineTransform_float_3_3
Parameters: 1 -2.96292e-05 -1.8003e-05 2.95988e-05 0.999999 -0.000844 1.8053e-05 0.000843999 0.999999 0.0467311 0.144024 0.175965
FixedParameters: 0 0 0

#Transform 172
Transform: AffineTransform_float_3_3
Parameters: 1 0.000131178 9.05607e-05 -0.00013098 1 -0.00109201 -9.0847e-05 0.00109199 1 0.033425 0.100292 0.139103
FixedParameters: 0 0 0

#Transform 173
Transform: AffineTransform_float_3_3
Parameters: 1 0.000191102 5.74213e-05 -0.000190934 0.999999 -0.00145101 -5.79756e-05 0.00145099 0.999999 0.0206189 0.146132 0.188628
FixedParameters: 0 0 0

#Transform 174
Transform: AffineTransform_float_3_3
Parameters: 0.999999 0.000776065 0.000335354 -0.000775065 0.999998 -0.00143926 -0.000336586 0.00143874 0.999999 0.0215794 0.134628 0.185685
FixedParameters: 0 0 0

#Transform 175
Transform: AffineTransform_float_3_3
Parameters: 1 0.00068814 -8.00317e-06 -0.000688132 0.999999 -0.00172 6.63543e-06 0.00172001 0.999999 0.0173319 0.114664 0.194277
FixedParameters: 0 0 0

#Transform 176
Transform: AffineTransform_float_3_3
Parameters: 0.999999 0.000735268 -0.000348883 -0.000736459 0.999998 -0.00175874 0.000347295 0.00175826 0.999999 0.0386657 -0.0138683 0.308233
FixedParameters: 0 0 0

#Transform 177
Transform: AffineTransform_float_3_3
Parameters: 1 0.00102787 3.66635e-05 -0.00102774 0.999998 -0.00124504 -3.82233e-05 0.00124496 0.999999 0.0350363 0.103521 0.140777
FixedParameters: 0 0 0

#Transform 178
Transform: AffineTransform_float_3_3
Parameters: 0.999999 0.00073762 -0.00030813 -0.000738823 0.999997 -0.00201277 0.000306158 0.00201223 0.999998 0.0351927 0.137884 0.140521
FixedParameters: 0 0 0

#Transform 179
Transform: AffineTransform_float_3_3
Parameters: 1 0.000367345 -0.000254946 -0.000367193 0.999998 -0.00166691 0.000253688 0.00166709 0.999998 0.033378 0.145159 0.103536
FixedParameters: 0 0 0

#Transform 180
Transform: AffineTransform_float_3_3
Parameters: 1 0.000449544 -7.78355e-05 -0.000449815 0.999998 -0.00196496 7.70682e-05 0.00196404 0.999998 0.0458838 0.123306 0.0783047
FixedParameters: 0 0 0

#Transform 181
Transform: AffineTransform_float_3_3
Parameters: 1 0.000315057 -0.000311472 -0.000315658 0.999996 -0.00262487 0.000310783 0.00262513 0.999997 0.123439 0.188998 0.0122857
FixedParameters: 0 0 0

#Transform 182
Transform: AffineTransform_float_3_3
Parameters: 0.999997 0.00145821 0.00206238 -0.00143958 0.999958 -0.00899393 -0.00207582 0.00899106 0.999958 0.360386 0.608291 0.571374
FixedParameters: 0 0 0

#Transform 183
Transform: AffineTransform_float_3_3
Parameters: 0.999994 0.00188102 0.0028888 -0.00184731 0.999931 -0.0115603 -0.00291077 0.0115547 0.999929 0.457469 0.567889 1.45891
FixedParameters: 0 0 0

#Transform 184
Transform: AffineTransform_float_3_3
Parameters: 0.999995 0.00215848 0.00238998 -0.0021341 0.999942 -0.0105461 -0.00241235 0.0105409 0.999942 0.514264 0.603046 1.42972
FixedParameters: 0 0 0

#Transform 185
Transform: AffineTransform_float_3_3
Parameters: 0.999997 0.00189336 0.00193221 -0.00188026 0.999977 -0.00663066 -0.0019448 0.00662734 0.999976 0.394275 0.524555 0.995329
FixedParameters: 0 0 0

#Transform 186
Transform: AffineTransform_float_3_3
Parameters: 0.999997 0.00185571 0.00200152 -0.00184632 0.999988 -0.00451872 -0.00200995 0.00451528 0.999987 0.334588 0.407133 0.692979
FixedParameters: 0 0 0

#Transform 187
Transform: AffineTransform_float_3_3
Parameters: 0.999996 0.0019374 0.00174291 -0.00192956 0.999989 -0.00416938 -0.0017508 0.00416661 0.999989 0.332437 0.409305 0.530465
FixedParameters: 0 0 0

#Transform 188
Transform: AffineTransform_float_3_3
Parameters: 0.999996 0.00172689 0.00194275 -0.00171907 0.999989 -0.00426132 -0.00195014 0.00425867 0.999989 0.297257 0.320592 0.404376
FixedParameters: 0 0 0

#Transform 189
Transform: AffineTransform_float_3_3
Parameters: 0.999996 0.00166953 0.00194441 -0.00166047 0.999989 -0.00456625 -0.00195132 0.00456375 0.999987 0.311324 0.312376 0.373023
FixedParameters: 0 0 0

#Transform 190
Transform: AffineTransform_float_3_3
Parameters: 0.999996 0.00164657 0.00202327 -0.00163765 0.999988 -0.0046093 -0.00203107 0.0046067 0.999988 0.302504 0.297697 0.402937
FixedParameters: 0 0 0

#Transform 191
Transform: AffineTransform_float_3_3
Parameters: 0.999997 0.00131728 0.00195802 -0.00130817 0.99999 -0.00431354 -0.00196308 0.00431145 0.999988 0.293333 0.288745 0.383538
FixedParameters: 0 0 0

#Transform 192
Transform: AffineTransform_float_3_3
Parameters: 0.999997 0.00148506 0.00195181 -0.0014772 0.99999 -0.00426087 -0.00195813 0.00425813 0.999989 0.297778 0.286266 0.357082
FixedParameters: 0 0 0

#Transform 193
Transform: AffineTransform_float_3_3
Parameters: 0.999997 0.00147204 0.00161851 -0.00146607 0.999991 -0.00393838 -0.00162385 0.00393562 0.999991 0.298067 0.302432 0.329293
FixedParameters: 0 0 0

#Transform 194
Transform: AffineTransform_float_3_3
