#Insight Transform File V1.0
#Transform 0
Transform: AffineTransform_float_3_3
Parameters: 1 4.42937e-22 2.37477e-19 -2.46163e-22 0.999998 0.002337 -2.337e-19 -0.002337 0.999998 0 -0.0217986 -0.016998
FixedParameters: 0 0 0

#Transform 1
Transform: AffineTransform_float_3_3
Parameters: 1 0.000616103 0.000901361 -0.000617263 0.999999 0.00173545 -0.000899581 -0.00173656 0.999998 -0.0398098 0.0262762 -0.098708
FixedParameters: 0 0 0

#Transform 2
Transform: AffineTransform_float_3_3
Parameters: 1 0.000308438 0.000271247 -0.000309437 0.999999 0.00184492 -0.000270107 -0.00184508 0.999999 -0.0137911 -0.0428134 -0.0871016
FixedParameters: 0 0 0

#Transform 3
Transform: AffineTransform_float_3_3
Parameters: 1 0.0004482 0.000430846 -0.000448818 0.999998 0.00186181 -0.000429357 -0.00186219 0.999998 -0.0167608 0.00268528 -0.0221937
FixedParameters: 0 0 0

#Transform 4
Transform: AffineTransform_float_3_3
Parameters: 0.999999 0.000473816 0.000559177 -0.000474616 0.999999 0.0014337 -0.000558982 -0.0014333 0.999998 -0.0427503 -1.11673e-06 -0.0785433
FixedParameters: 0 0 0

#Transform 5
Transform: AffineTransform_float_3_3
Parameters: 1 0.000449343 0.000358418 -0.000450565 0.999998 0.00170802 -0.000356881 -0.00170798 0.999999 -0.023336 -0.0158774 -0.06976
FixedParameters: 0 0 0

#Transform 6
Transform: AffineTransform_float_3_3
Parameters: 1 0.000463932 0.000483888 -0.000464746 0.999998 0.00186078 -0.000482341 -0.00186122 0.999998 -0.0106324 0.0218666 -0.0202652
FixedParameters: 0 0 0

#Transform 7
Transform: AffineTransform_float_3_3
Parameters: 0.999999 0.000474282 0.000540967 -0.000475518 0.999998 0.00188574 -0.00054034 -0.00188626 0.999998 -0.0444767 0.0101036 -0.0797863
FixedParameters: 0 0 0

#Transform 8
Transform: AffineTransform_float_3_3
Parameters: 1 0.000391559 8.54244e-05 -0.000392064 0.999998 0.00190597 -8.49144e-05 -0.00190603 0.999998 -0.0240242 -0.00721371 -0.0492197
FixedParameters: 0 0 0

#Transform 9
Transform: AffineTransform_float_3_3
Parameters: 1 0.000453735 0.000426644 -0.000454003 0.999999 0.00146781 -0.000425492 -0.00146819 0.999999 -0.0235115 0.0478484 -0.0237067
FixedParameters: 0 0 0

#Transform 10
Transform: AffineTransform_float_3_3
Parameters: 1 0.000391622 8.51366e-05 -0.000392002 0.999999 0.00117097 -8.52025e-05 -0.00117103 1 -0.0528028 0.00379351 -0.0718584
FixedParameters: 0 0 0

#Transform 11
Transform: AffineTransform_float_3_3
Parameters: 1 0.000391621 8.51421e-05 -0.000392003 0.999999 0.00118497 -8.5197e-05 -0.00118503 1 -0.0236539 0.000116222 -0.0213291
FixedParameters: 0 0 0

#Transform 12
Transform: AffineTransform_float_3_3
Parameters: 1 0.000429604 0.000292515 -0.000430017 0.999999 0.000706874 -0.000291907 -0.000707125 0.999999 -0.0368292 0.0493681 -0.019507
FixedParameters: 0 0 0

#Transform 13
Transform: AffineTransform_float_3_3
Parameters: 1 0.000568825 0.000342291 -0.000569489 0.999999 0.000705772 -0.000342471 -0.000705227 0.999999 -0.0335377 0.0271729 -0.042548
FixedParameters: 0 0 0

#Transform 14
Transform: AffineTransform_float_3_3
Parameters: 1 0.000391655 8.4985e-05 -0.000391787 0.999999 0.000783966 -8.43708e-05 -0.000784033 0.999999 -0.000721451 0.00510191 -0.00323845
FixedParameters: 0 0 0

#Transform 15
Transform: AffineTransform_float_3_3
Parameters: 1 0.000403005 0.000146888 -0.000403183 0.999999 0.000607941 -0.000146398 -0.000608059 1 -0.0219142 0.0450075 -0.0136481
FixedParameters: 0 0 0

#Transform 16
Transform: AffineTransform_float_3_3
Parameters: 1 0.000304447 0.00018007 -0.000304722 1 0.000261945 -0.000180894 -0.000262055 1 -0.0324035 0.0246805 -0.00881513
FixedParameters: 0 0 0

#Transform 17
Transform: AffineTransform_float_3_3
Parameters: 1 0.000194949 0.000120876 -0.000195065 1 0.000481976 -0.000120688 -0.000482023 1 -0.0123224 -0.0033309 0.00597168
FixedParameters: 0 0 0

#Transform 18
Transform: AffineTransform_float_3_3
Parameters: 1 -1.15635e-05 0.000158689 1.15223e-05 1 0.000130002 -0.000158692 -0.000129998 1 -0.00870817 0.0528085 0.0217862
FixedParameters: 0 0 0

#Transform 19
Transform: AffineTransform_float_3_3
Parameters: 1 3.63584e-05 0.000419332 -3.62309e-05 1 -0.000152015 -0.000419343 0.000151985 1 -0.0310029 0.022349 -0.014679
FixedParameters: 0 0 0

#Transform 20
Transform: AffineTransform_float_3_3
Parameters: 1 -2.76107e-05 7.11523e-05 2.76075e-05 1 2.2002e-05 -7.11535e-05 -2.1998e-05 1 -0.00612588 0.0098034 0.00900701
FixedParameters: 0 0 0

#Transform 21
Transform: AffineTransform_float_3_3
Parameters: 1 5.23913e-05 0.000135769 -5.235e-05 1 -0.000152007 -0.000135785 0.000151993 1 -0.0204436 0.0646009 0.0155351
FixedParameters: 0 0 0

#Transform 22
Transform: AffineTransform_float_3_3
Parameters: 1 9.3124e-05 -4.65716e-05 -9.31201e-05 1 4.20043e-05 4.65794e-05 -4.19957e-05 1 -0.034681 0.0227689 -0.00933903
FixedParameters: 0 0 0

#Transform 23
Transform: AffineTransform_float_3_3
Parameters: 1 -6.61606e-05 -0.000139369 6.63197e-05 1 0.000570991 0.000139294 -0.000571009 1 -0.0263188 0.00374976 0.0109436
FixedParameters: 0 0 0

#Transform 24
Transform: AffineTransform_float_3_3
Parameters: 1 -4.45812e-05 -2.1296e-05 4.45747e-05 1 -0.000152001 2.13096e-05 0.000151999 1 -0.0192652 0.0631413 0.0200874
FixedParameters: 0 0 0

#Transform 25
Transform: AffineTransform_float_3_3
Parameters: 1 -1.66266e-06 0.000212787 1.56605e-06 1 0.000227 -0.000212788 -0.000227 1 -0.0378173 0.0422451 0.0127668
FixedParameters: 0 0 0

#Transform 26
Transform: AffineTransform_float_3_3
Parameters: 1 -8.21602e-05 -0.000225873 8.20916e-05 1 -0.000152019 0.000225898 0.000151981 1 -4.22258e-06 0.0154382 0.012384
FixedParameters: 0 0 0

#Transform 27
Transform: AffineTransform_float_3_3
Parameters: 1 -2.7237e-05 7.31242e-05 2.72592e-05 1 -0.000151998 -7.31159e-05 0.000152002 1 -0.0074104 0.0536176 0.0289585
FixedParameters: 0 0 0

#Transform 28
Transform: AffineTransform_float_3_3
Parameters: 1 -3.3741e-05 3.77166e-05 3.37525e-05 1 -0.000151999 -3.77064e-05 0.000152001 1 -0.0209263 0.0269246 -0.0010619
FixedParameters: 0 0 0

#Transform 29
Transform: AffineTransform_float_3_3
Parameters: 1 -8.22327e-05 -0.000225847 8.2019e-05 1 -0.000473018 0.000225924 0.000472981 1 -0.00465228 0.0109384 0.0142746
FixedParameters: 0 0 0

#Transform 30
Transform: AffineTransform_float_3_3
Parameters: 1 -7.28427e-05 -0.000174697 7.26351e-05 1 -0.000594012 0.000174783 0.000593987 1 0.0162676 0.0331696 0.0549814
FixedParameters: 0 0 0

#Transform 31
Transform: AffineTransform_float_3_3
Parameters: 1 1.37012e-06 0.000227539 -8.16742e-07 1 -0.001216 -0.000227542 0.001216 0.999999 -0.0128239 0.0542332 0.0375644
FixedParameters: 0 0 0

#Transform 32
Transform: AffineTransform_float_3_3
Parameters: 1 -7.23555e-05 -0.000171723 7.20392e-05 0.999999 -0.000920044 0.000171856 0.000920954 0.999999 -0.0206324 0.0282726 0.0191648
FixedParameters: 0 0 0

#Transform 33
Transform: AffineTransform_float_3_3
Parameters: 1 -0.000408747 -0.000165768 0.00040958 1 -0.000453068 0.000165958 0.000452932 1 0.00785132 0.020839 0.0591129
FixedParameters: 0 0 0

#Transform 34
Transform: AffineTransform_float_3_3
Parameters: 1 -2.99129e-05 5.83885e-05 2.99987e-05 0.999999 -0.000734998 -5.83444e-05 0.000735001 0.999999 -0.0245343 0.059584 -0.00124272
FixedParameters: 0 0 0

#Transform 35
Transform: AffineTransform_float_3_3
Parameters: 1 -3.75251e-05 1.70841e-05 3.75502e-05 0.999999 -0.000734999 -1.70289e-05 0.000735 0.999999 -0.0246224 0.032841 0.00705469
FixedParameters: 0 0 0

#Transform 36
Transform: AffineTransform_float_3_3
Parameters: 1 -0.000440459 -0.000258174 0.00044105 0.999999 0.00114689 0.000257163 -0.00114711 1 0.009619 0.0193054 0.0496317
FixedParameters: 0 0 0

#Transform 37
Transform: AffineTransform_float_3_3
Parameters: 1 -0.000195125 5.02325e-05 0.000195037 0.999999 -0.000912989 -5.08598e-05 0.000913009 0.999999 -0.0244848 0.0610822 0.0304662
FixedParameters: 0 0 0

#Transform 38
Transform: AffineTransform_float_3_3
Parameters: 1 -7.21259e-05 2.24465e-05 7.21603e-05 0.999999 -0.000767998 -2.23357e-05 0.000768001 0.999999 -0.0469782 0.0276028 0.0127656
FixedParameters: 0 0 0

#Transform 39
Transform: AffineTransform_float_3_3
Parameters: 1 -0.000204363 -0.000248058 0.000203963 0.999999 -0.00080605 0.000248387 0.000805949 0.999999 -0.0111401 0.0184163 0.0365624
FixedParameters: 0 0 0

#Transform 40
Transform: AffineTransform_float_3_3
Parameters: 1 -0.000192173 0.000176724 0.000192381 1 -0.000586966 -0.000176498 0.000587034 1 -0.0381402 0.0585235 -0.00277568
FixedParameters: 0 0 0

#Transform 41
Transform: AffineTransform_float_3_3
Parameters: 1 -0.000107365 -4.73056e-05 0.000107277 0.999999 -0.000929004 4.7505e-05 0.000928994 0.999999 -0.00840251 0.0189777 0.0324135
FixedParameters: 0 0 0

#Transform 42
Transform: AffineTransform_float_3_3
Parameters: 1 -0.000128957 -0.000165454 0.000129009 1 0.000156979 0.000165414 -0.000157021 1 0.0251349 0.00967822 0.0410569
FixedParameters: 0 0 0

#Transform 43
Transform: AffineTransform_float_3_3
Parameters: 1 -0.000383701 3.68626e-06 0.000383528 1 -0.000953176 -3.93865e-06 0.000952824 0.999999 -0.0150935 0.0560289 0.0369073
FixedParameters: 0 0 0

#Transform 44
Transform: AffineTransform_float_3_3
Parameters: 1 -0.000107354 -4.7329e-05 0.000107287 0.999999 -0.000711005 4.74816e-05 0.000710995 0.999999 -0.0164381 0.0222903 0.0155445
FixedParameters: 0 0 0

#Transform 45
Transform: AffineTransform_float_3_3
Parameters: 1 -0.000546157 -7.20335e-05 0.000545823 1 -0.00106504 7.22129e-05 0.00106496 1 -0.00149783 -0.0127883 0.0700839
FixedParameters: 0 0 0

#Transform 46
Transform: AffineTransform_float_3_3
Parameters: 1 -0.000108838 0.000422878 0.000109161 0.999999 -0.00154595 -0.000422361 0.00154605 0.999998 -0.0297186 0.0421758 0.0255869
FixedParameters: 0 0 0

#Transform 47
Transform: AffineTransform_float_3_3
Parameters: 1 -0.000507735 0.00013618 0.000507884 0.999999 -0.000546931 -0.000135624 0.000547069 1 -0.0186379 0.0206632 0.0203521
FixedParameters: 0 0 0

#Transform 48
Transform: AffineTransform_float_3_3
Parameters: 1 -0.000496771 0.000195967 0.000496824 1 -0.000134903 -0.000195833 0.000135097 1 -0.0185057 0.0430808 0.0775015
FixedParameters: 0 0 0

#Transform 49
Transform: AffineTransform_float_3_3
Parameters: 1 -0.000191063 0.000149211 0.000191436 0.999999 -0.00125097 -0.000148732 0.00125103 0.999999 -0.044409 0.028837 0.0193421
FixedParameters: 0 0 0

#Transform 50
Transform: AffineTransform_float_3_3
Parameters: 1 -0.000521819 5.98045e-05 0.00052196 0.999999 -0.00118997 -5.85624e-05 0.00119003 1 0.0022843 0.00862944 0.0531691
FixedParameters: 0 0 0

#Transform 51
Transform: AffineTransform_float_3_3
Parameters: 0.999999 -0.000630363 0.000408224 0.000631036 1 -0.00104474 -0.00040789 0.00104526 1 0.0166303 0.044937 0.0919344
FixedParameters: 0 0 0

#Transform 52
Transform: AffineTransform_float_3_3
Parameters: 1 -0.000478065 0.000296741 0.000478525 0.999999 -0.00108083 -0.000296691 0.00108018 1 -0.0128277 0.0066018 0.0252806
FixedParameters: 0 0 0

#Transform 53
Transform: AffineTransform_float_3_3
Parameters: 1 -0.000525259 4.12751e-05 0.0005252 0.999999 -0.00148398 -4.06998e-05 0.00148402 0.999999 -0.0031126 0.00182649 0.0360398
FixedParameters: 0 0 0

#Transform 54
Transform: AffineTransform_float_3_3
Parameters: 1 -0.000509572 0.000126239 0.000509657 1 -0.000337936 -0.000125894 0.000338064 1 0.0174872 0.0243789 0.0689611
FixedParameters: 0 0 0

#Transform 55
Transform: AffineTransform_float_3_3
Parameters: 0.999999 -0.000418969 0.000614674 0.0004202 0.999999 -0.00180374 -0.00061298 0.00180426 0.999998 -0.0056764 0.0194754 0.0537435
FixedParameters: 0 0 0

#Transform 56
Transform: AffineTransform_float_3_3
Parameters: 0.999999 -0.000914545 0.000146851 0.000914789 0.999998 -0.00145287 -0.000145177 0.00145313 0.999999 0.00222072 -6.96103e-05 0.0694059
FixedParameters: 0 0 0

#Transform 57
Transform: AffineTransform_float_3_3
Parameters: 1 -0.000477511 0.000299705 0.000477996 1 -0.00110886 -0.000299629 0.00110914 1 0.0153425 0.043957 0.0945872
FixedParameters: 0 0 0

#Transform 58
Transform: AffineTransform_float_3_3
Parameters: 0.999999 -0.000616278 0.000461806 0.000616411 0.999999 -0.00140572 -0.000460876 0.00140628 0.999999 -0.0174629 0.0164861 0.0201156
FixedParameters: 0 0 0

#Transform 59
Transform: AffineTransform_float_3_3
Parameters: 1 -0.000545438 -6.80433e-05 0.000545098 0.999999 -0.00116904 6.83345e-05 0.00116896 1 0.020633 -0.028997 0.0652008
FixedParameters: 0 0 0

#Transform 60
Transform: AffineTransform_float_3_3
Parameters: 1 -0.000442727 0.000485164 0.000443919 0.999997 -0.00243175 -0.000483812 0.00243125 0.999997 -0.0388405 0.020953 0.0624858
FixedParameters: 0 0 0

#Transform 61
Transform: AffineTransform_float_3_3
Parameters: 1 -0.000257512 0.000360135 0.000259166 0.999998 -0.00229991 -0.000358947 0.00230009 0.999998 -0.0687095 0.015947 0.0216964
FixedParameters: 0 0 0

#Transform 62
Transform: AffineTransform_float_3_3
Parameters: 1 -0.000461648 9.37344e-05 0.000461808 0.999998 -0.00182196 -9.30354e-05 0.00182204 0.999999 -0.0486928 -0.00435824 0.0603318
FixedParameters: 0 0 0

#Transform 63
Transform: AffineTransform_float_3_3
Parameters: 1 -0.000478425 0.000294091 0.000479248 0.999999 -0.00170804 -0.000293439 0.00170796 0.999998 -0.0623603 0.062483 0.0544303
FixedParameters: 0 0 0

#Transform 64
Transform: AffineTransform_float_3_3
Parameters: 1 -0.000376013 0.000188466 0.000376292 0.999999 -0.00121893 -0.000188533 0.00121907 0.999999 -0.0594862 0.0202896 0.025725
FixedParameters: 0 0 0

#Transform 65
Transform: AffineTransform_float_3_3
Parameters: 1 -0.000441755 -6.28155e-05 0.000441434 1 -0.00111403 6.28158e-05 0.00111397 1 -0.0330572 -0.00498026 0.0604339
FixedParameters: 0 0 0

#Transform 66
Transform: AffineTransform_float_3_3
Parameters: 1 -0.000509099 0.000128647 0.000509228 0.999999 -0.00120494 -0.000128404 0.00120507 1 -0.0531321 0.0549625 0.0450845
FixedParameters: 0 0 0

#Transform 67
Transform: AffineTransform_float_3_3
Parameters: 1 -0.000138989 -0.000108605 0.000138823 0.999999 -0.000764015 0.000108817 0.000763984 0.999999 -0.0430514 0.00451637 0.0101946
FixedParameters: 0 0 0

#Transform 68
Transform: AffineTransform_float_3_3
Parameters: 1 -0.000145336 -0.000126801 0.000145238 1 -0.000385018 0.000126913 0.000384981 1 -0.0304006 0.0575633 0.0516026
FixedParameters: 0 0 0

#Transform 69
Transform: AffineTransform_float_3_3
Parameters: 1 -0.000340373 0.000166659 0.000340629 0.999999 -0.00130794 -0.000166752 0.00130806 0.999999 -0.0402015 0.0776166 0.0780135
FixedParameters: 0 0 0

#Transform 70
Transform: AffineTransform_float_3_3
Parameters: 1 -0.000330366 -0.000218422 0.000330359 0.999998 -0.00185307 0.000218483 0.00185293 0.999999 -0.0539074 0.0576215 0.0638933
FixedParameters: 0 0 0

#Transform 71
Transform: AffineTransform_float_3_3
Parameters: 1 -0.000174531 -0.000284007 0.000174793 1 -0.00126908 0.00028427 0.00126992 0.999999 -0.0249127 0.0515599 0.0711466
FixedParameters: 0 0 0

#Transform 72
Transform: AffineTransform_float_3_3
Parameters: 1 -0.000576661 -0.000209821 0.000576241 1 -0.000998122 0.000210971 0.000997879 1 -0.0420239 0.0975529 0.074646
FixedParameters: 0 0 0

#Transform 73
Transform: AffineTransform_float_3_3
Parameters: 1 -0.000224273 -0.000179261 0.000224878 0.999999 -0.00105386 0.000179554 0.00105414 1 -0.0455902 0.0627293 0.0554731
FixedParameters: 0 0 0

#Transform 74
Transform: AffineTransform_float_3_3
Parameters: 1 -0.000467517 -0.000229941 0.000468015 1 -0.00105411 0.000230747 0.00105389 1 -0.00838106 0.0427865 0.0652015
FixedParameters: 0 0 0

#Transform 75
Transform: AffineTransform_float_3_3
Parameters: 1 -0.000576208 -0.00021106 0.000576874 0.999999 0.00115188 0.000210715 -0.00115212 1 -0.0111454 0.0759338 0.084213
FixedParameters: 0 0 0

#Transform 76
Transform: AffineTransform_float_3_3
Parameters: 1 -0.000489304 0.000263938 0.000489397 0.999999 -0.000516871 -0.000264416 0.000517129 1 -0.0545685 -0.00318597 0.0771939
FixedParameters: 0 0 0

#Transform 77
Transform: AffineTransform_float_3_3
Parameters: 1 -0.000285836 -0.000198322 0.00028511 0.999999 -0.00137606 0.000198124 0.00137594 0.999999 -0.050002 -0.00708986 0.11847
FixedParameters: 0 0 0

#Transform 78
Transform: AffineTransform_float_3_3
Parameters: 1 -4.33842e-05 -0.000303146 4.34878e-05 1 0.000170987 0.000303132 -0.000171013 1 -0.081046 0.0548525 0.0445039
FixedParameters: 0 0 0

#Transform 79
Transform: AffineTransform_float_3_3
Parameters: 1 0.000102346 -0.000662279 -0.000102872 1 0.000345068 0.000662531 -0.000344932 0.999999 -0.0613673 0.0677551 0.108177
FixedParameters: 0 0 0

#Transform 80
Transform: AffineTransform_float_3_3
Parameters: 1 -0.000350866 -0.000538559 0.000351081 1 0.000198811 0.000538419 -0.000199189 1 -0.0326604 0.0723678 0.124807
FixedParameters: 0 0 0

#Transform 81
Transform: AffineTransform_float_3_3
Parameters: 1 -0.000324064 -0.000395342 0.000324369 0.999999 0.00140087 0.000395598 -0.00140113 0.999999 -0.0490746 0.124609 0.118655
FixedParameters: 0 0 0

#Transform 82
Transform: AffineTransform_float_3_3
Parameters: 0.999999 -0.000468996 -0.000546531 0.000469643 1 0.000592711 0.000545975 -0.000592288 0.999999 -0.0408364 0.103974 0.11813
FixedParameters: 0 0 0

#Transform 83
Transform: AffineTransform_float_3_3
Parameters: 0.999999 -0.000407227 -0.000846466 0.000406922 1 0.000293656 0.000847391 -0.000294345 0.999999 -0.0301606 0.101755 0.138749
FixedParameters: 0 0 0

#Transform 84
Transform: AffineTransform_float_3_3
Parameters: 0.999999 -0.000600198 -0.000707493 0.000599879 0.999999 0.000469575 0.000707109 -0.000470424 0.999999 -0.0383549 0.163793 0.163351
FixedParameters: 0 0 0

#Transform 85
Transform: AffineTransform_float_3_3
Parameters: 0.999999 -0.000535457 -0.000604557 0.000536466 0.999999 0.000684675 0.000604807 -0.000685324 0.999999 -0.0538608 0.129889 0.142368
FixedParameters: 0 0 0

#Transform 86
Transform: AffineTransform_float_3_3
Parameters: 1 -0.000585874 -0.000814463 0.00058728 0.999998 0.00196149 0.000813506 -0.00196151 0.999997 -0.0312131 0.142972 0.21789
FixedParameters: 0 0 0

#Transform 87
Transform: AffineTransform_float_3_3
Parameters: 1 -0.00040474 -0.00084766 0.000407443 0.999994 0.00322983 0.000846561 -0.00323017 0.999995 -0.0420859 0.212075 0.30669
FixedParameters: 0 0 0

#Transform 88
Transform: AffineTransform_float_3_3
Parameters: 1 -0.000360604 -0.000602592 0.000362663 0.999995 0.00319375 0.000601627 -0.00319325 0.999994 -0.079819 0.284374 0.366216
FixedParameters: 0 0 0

#Transform 89
Transform: AffineTransform_float_3_3
Parameters: 0.999999 -0.000370806 -0.000656468 0.000372136 0.999997 0.00251375 0.000654961 -0.00251424 0.999996 -0.0601552 0.27581 0.365592
FixedParameters: 0 0 0

#Transform 90
Transform: AffineTransform_float_3_3
Parameters: 0.999999 -0.000595216 -0.000409838 0.000596092 0.999995 0.00303176 0.000408554 -0.00303225 0.999996 -0.04996 0.327953 0.397199
FixedParameters: 0 0 0

#Transform 91
Transform: AffineTransform_float_3_3
Parameters: 0.999999 -0.000540039 -0.000594638 0.000542227 0.999995 0.00319364 0.00059351 -0.00319335 0.999994 -0.0687845 0.375679 0.410247
FixedParameters: 0 0 0

#Transform 92
Transform: AffineTransform_float_3_3
Parameters: 1 -0.000399928 -0.000382286 0.00040194 0.999993 0.00369085 0.00038049 -0.00369115 0.999993 -0.0487907 0.359139 0.411236
FixedParameters: 0 0 0

#Transform 93
Transform: AffineTransform_float_3_3
Parameters: 0.999999 -0.000580836 -0.000651931 0.000583187 0.999989 0.0045528 0.000649321 -0.0045532 0.99999 -0.0491909 0.436417 0.405445
FixedParameters: 0 0 0

#Transform 94
Transform: AffineTransform_float_3_3
Parameters: 1 -0.000998244 -0.000691071 0.00100211 0.999983 0.00572328 0.000685443 -0.00572372 0.999984 -0.0482229 0.488159 0.438615
FixedParameters: 0 0 0

#Transform 95
Transform: AffineTransform_float_3_3
Parameters: 1 -0.000921116 -0.000705144 0.000925798 0.99998 0.0061915 0.000699529 -0.0061915 0.999981 -0.0537245 0.514846 0.399756
FixedParameters: 0 0 0

#Transform 96
Transform: AffineTransform_float_3_3
Parameters: 1 -0.000958983 -0.000594255 0.000962072 0.999978 0.0066864 0.000588395 -0.00668661 0.999978 -0.0423013 0.490748 0.42406
FixedParameters: 0 0 0

#Transform 97
Transform: AffineTransform_float_3_3
Parameters: 1 -0.00104606 -0.000225967 0.00104755 0.999974 0.00716277 0.000218397 -0.00716323 0.999975 -0.0427918 0.530666 0.438719
FixedParameters: 0 0 0

#Transform 98
Transform: AffineTransform_float_3_3
Parameters: 1 -0.0009112 -0.000398623 0.000914662 0.999977 0.00673364 0.000392771 -0.00673436 0.999977 -0.0516798 0.551834 0.418199
FixedParameters: 0 0 0

#Transform 99
Transform: AffineTransform_float_3_3
Parameters: 0.999999 -0.000872057 -0.00042854 0.000875369 0.99998 0.00629363 0.000423001 -0.00629437 0.99998 -0.0404333 0.478634 0.405246
FixedParameters: 0 0 0

#Transform 100
Transform: AffineTransform_float_3_3
Parameters: 0.999999 -0.000818705 -0.000304925 0.000820447 0.99998 0.00626375 0.000300117 -0.00626425 0.999981 -0.0283363 0.50839 0.454769
FixedParameters: 0 0 0

#Transform 101
Transform: AffineTransform_float_3_3
Parameters: 0.999999 -0.00081428 -0.000194064 0.000815647 0.999979 0.00634881 0.000188995 -0.00634818 0.999979 -0.0357784 0.522618 0.418887
FixedParameters: 0 0 0

#Transform 102
Transform: AffineTransform_float_3_3
Parameters: 0.999999 -0.00115478 -0.000663295 0.00115853 0.999983 0.0057502 0.000656797 -0.0057508 0.999983 -0.0371589 0.49693 0.43475
FixedParameters: 0 0 0

#Transform 103
Transform: AffineTransform_float_3_3
Parameters: 1 -0.000922513 -0.000408056 0.000925018 0.999983 0.00584545 0.000401731 -0.00584655 0.999983 -0.0361864 0.537522 0.471671
FixedParameters: 0 0 0

#Transform 104
Transform: AffineTransform_float_3_3
Parameters: 0.999999 -0.000879271 -0.000113239 0.000879542 0.999982 0.00603873 0.000107896 -0.00603928 0.999982 -0.0284382 0.53139 0.437523
FixedParameters: 0 0 0

#Transform 105
Transform: AffineTransform_float_3_3
Parameters: 1 -0.000951364 -0.000309025 0.000953259 0.999978 0.00645171 0.000302196 -0.00645229 0.999979 -0.0296401 0.523416 0.447576
FixedParameters: 0 0 0

#Transform 106
Transform: AffineTransform_float_3_3
Parameters: 0.999999 -0.0011589 -0.000663823 0.00116344 0.999975 0.00695921 0.000655628 -0.0069598 0.999976 -0.0337802 0.54051 0.472046
FixedParameters: 0 0 0

#Transform 107
Transform: AffineTransform_float_3_3
Parameters: 1 -0.00110846 -0.000331414 0.00111028 0.999976 0.00684661 0.000323831 -0.0068464 0.999977 -0.0366612 0.603827 0.485862
FixedParameters: 0 0 0

#Transform 108
Transform: AffineTransform_float_3_3
Parameters: 1 -0.00114173 -0.00021928 0.00114274 0.99998 0.00625076 0.000212426 -0.00625125 0.999981 -0.0470365 0.531652 0.488868
FixedParameters: 0 0 0

#Transform 109
Transform: AffineTransform_float_3_3
Parameters: 1 -0.00119243 -0.000191878 0.00119355 0.999975 0.00700356 0.000183578 -0.00700343 0.999975 -0.0359236 0.537483 0.468514
FixedParameters: 0 0 0

#Transform 110
Transform: AffineTransform_float_3_3
Parameters: 0.999998 -0.00154861 -0.000344839 0.00155081 0.999977 0.00664926 0.000333804 -0.00664973 0.999978 -0.0250184 0.593753 0.490595
FixedParameters: 0 0 0

#Transform 111
Transform: AffineTransform_float_3_3
Parameters: 0.999999 -0.0014871 -0.000207412 0.001488 0.999982 0.00592553 0.000198191 -0.00592648 0.999983 -0.0320924 0.556072 0.461712
FixedParameters: 0 0 0

#Transform 112
Transform: AffineTransform_float_3_3
Parameters: 0.999999 -0.00151839 -8.60637e-05 0.00151901 0.999982 0.00591449 7.73121e-05 -0.00591451 0.999982 -0.0141216 0.503632 0.476534
FixedParameters: 0 0 0

#Transform 113
Transform: AffineTransform_float_3_3
Parameters: 0.999998 -0.00158924 5.76477e-05 0.00158846 0.999978 0.00647192 -6.70337e-05 -0.00647208 0.999979 -0.0163486 0.557573 0.474662
FixedParameters: 0 0 0

#Transform 114
Transform: AffineTransform_float_3_3
Parameters: 0.999999 -0.00131409 1.79543e-05 0.00131332 0.999982 0.00583082 -2.50439e-05 -0.00583018 0.999983 -0.0372383 0.551924 0.474614
FixedParameters: 0 0 0

#Transform 115
Transform: AffineTransform_float_3_3
Parameters: 0.999999 -0.00152466 -0.000104293 0.00152531 0.999981 0.00594464 9.43924e-05 -0.00594436 0.999983 -0.0394186 0.51197 0.480222
FixedParameters: 0 0 0

#Transform 116
Transform: AffineTransform_float_3_3
Parameters: 0.999999 -0.00140163 0.000354401 0.00140005 0.999982 0.00585432 -0.00036213 -0.00585367 0.999983 -0.021321 0.565558 0.510404
FixedParameters: 0 0 0

#Transform 117
Transform: AffineTransform_float_3_3
Parameters: 0.999999 -0.00134227 0.000276858 0.00134044 0.999982 0.0058362 -0.000284646 -0.0058358 0.999983 -0.0436984 0.549959 0.47259
FixedParameters: 0 0 0

#Transform 118
Transform: AffineTransform_float_3_3
Parameters: 0.999999 -0.0012711 -6.52883e-05 0.00127205 0.999985 0.00538589 5.86576e-05 -0.00538511 0.999986 -0.0394624 0.531012 0.489695
FixedParameters: 0 0 0

#Transform 119
Transform: AffineTransform_float_3_3
Parameters: 1 -0.0010992 0.000152726 0.00109862 0.999978 0.00650199 -0.000159147 -0.00650201 0.999979 -0.0322436 0.585162 0.508957
FixedParameters: 0 0 0

#Transform 120
Transform: AffineTransform_float_3_3
Parameters: 0.999999 -0.00129186 0.000383554 0.00128969 0.999982 0.00593833 -0.000391195 -0.00593768 0.999983 -0.0520828 0.595479 0.472514
FixedParameters: 0 0 0

#Transform 121
Transform: AffineTransform_float_3_3
Parameters: 1 -0.0010932 -0.000151725 0.00109417 0.99998 0.00626884 0.000144275 -0.00626916 0.999981 -0.0454553 0.575654 0.496267
FixedParameters: 0 0 0

#Transform 122
Transform: AffineTransform_float_3_3
Parameters: 0.999999 -0.00144469 -9.005e-05 0.0014445 0.999976 0.0066617 8.01957e-05 -0.0066623 0.999978 -0.0502552 0.586926 0.527321
FixedParameters: 0 0 0

#Transform 123
Transform: AffineTransform_float_3_3
Parameters: 1 -0.000933907 0.00016287 0.000932935 0.999977 0.00674516 -0.000168577 -0.00674485 0.999977 -0.0425018 0.627791 0.515385
FixedParameters: 0 0 0

#Transform 124
Transform: AffineTransform_float_3_3
Parameters: 0.999999 -0.000909691 0.00027717 0.000907834 0.999975 0.00698911 -0.000284152 -0.00698989 0.999975 -0.0423325 0.620365 0.526205
FixedParameters: 0 0 0

#Transform 125
Transform: AffineTransform_float_3_3
Parameters: 1 -0.00105265 -0.000160049 0.00105326 0.999972 0.00738566 0.000151922 -0.00738634 0.999972 -0.0205925 0.583488 0.530437
FixedParameters: 0 0 0

#Transform 126
Transform: AffineTransform_float_3_3
Parameters: 1 -0.00120805 0.000122668 0.00120792 0.999975 0.00695797 -0.000130627 -0.00695802 0.999976 -0.0325586 0.649924 0.53214
FixedParameters: 0 0 0

#Transform 127
Transform: AffineTransform_float_3_3
Parameters: 0.999999 -0.0014014 -9.72153e-05 0.00140204 0.999979 0.00631266 8.7748e-05 -0.00631234 0.99998 -0.0356415 0.577856 0.563772
FixedParameters: 0 0 0

#Transform 128
Transform: AffineTransform_float_3_3
Parameters: 0.999999 -0.0012328 6.27699e-05 0.00123247 0.999974 0.00719091 -7.14652e-05 -0.0071911 0.999974 -0.0258035 0.592636 0.537481
FixedParameters: 0 0 0

#Transform 129
Transform: AffineTransform_float_3_3
Parameters: 0.999999 -0.00123074 0.000166637 0.0012298 0.999972 0.00747304 -0.000176172 -0.00747297 0.999972 -0.0200225 0.654247 0.53955
FixedParameters: 0 0 0

#Transform 130
Transform: AffineTransform_float_3_3
Parameters: 0.999999 -0.00129283 0.000229238 0.00129111 0.99997 0.00754712 -0.000238904 -0.00754687 0.999971 0.00999222 0.607111 0.524679
FixedParameters: 0 0 0

#Transform 131
Transform: AffineTransform_float_3_3
Parameters: 0.999998 -0.00193214 -6.03654e-06 0.00193169 0.999968 0.00774762 -9.58739e-06 -0.00774738 0.99997 -0.00859613 0.60846 0.531674
FixedParameters: 0 0 0

#Transform 132
Transform: AffineTransform_float_3_3
Parameters: 0.999999 -0.00139702 0.000375748 0.00139439 0.999972 0.00736435 -0.000385665 -0.00736364 0.999973 -0.0123372 0.637655 0.556425
FixedParameters: 0 0 0

#Transform 133
Transform: AffineTransform_float_3_3
Parameters: 0.999999 -0.00141537 0.000352087 0.00141217 0.999975 0.00700733 -0.000362064 -0.00700668 0.999976 -0.018594 0.572469 0.520228
FixedParameters: 0 0 0

#Transform 134
Transform: AffineTransform_float_3_3
Parameters: 0.999998 -0.00207847 -0.000190906 0.00207899 0.99997 0.00744223 0.00017562 -0.00744277 0.999972 0.0185252 0.532863 0.494969
FixedParameters: 0 0 0

#Transform 135
Transform: AffineTransform_float_3_3
Parameters: 0.999998 -0.00170399 -0.000234478 0.00170571 0.999979 0.0062544 0.000223529 -0.0062546 0.999981 -0.00332313 0.578222 0.44641
FixedParameters: 0 0 0

#Transform 136
Transform: AffineTransform_float_3_3
Parameters: 0.999999 -0.00176193 -0.00033149 0.00176374 0.999981 0.00603304 0.000320776 -0.00603396 0.999981 -0.0017751 0.508635 0.5004
FixedParameters: 0 0 0

#Transform 137
Transform: AffineTransform_float_3_3
Parameters: 0.999998 -0.00171572 -0.0002288 0.00171792 0.999973 0.00713541 0.00021566 -0.00713559 0.999975 -0.00571429 0.572513 0.516541
FixedParameters: 0 0 0

#Transform 138
Transform: AffineTransform_float_3_3
Parameters: 0.999999 -0.00141014 -0.000155465 0.00141148 0.99997 0.00769358 0.000145117 -0.00769343 0.999971 -0.0150025 0.621362 0.519874
FixedParameters: 0 0 0

#Transform 139
Transform: AffineTransform_float_3_3
Parameters: 0.999999 -0.00153585 -0.000305137 0.00153759 0.999969 0.00780237 0.000292876 -0.00780364 0.99997 -0.00104922 0.582024 0.510643
FixedParameters: 0 0 0

#Transform 140
Transform: AffineTransform_float_3_3
Parameters: 0.999998 -0.00169001 -0.000185158 0.00169188 0.999961 0.00870349 0.000171199 -0.00870351 0.999962 -0.00804277 0.646898 0.52337
FixedParameters: 0 0 0

#Transform 141
Transform: AffineTransform_float_3_3
Parameters: 0.999998 -0.00164019 -8.06471e-05 0.00164127 0.999958 0.00900268 6.64003e-05 -0.00900234 0.99996 -0.0125684 0.668831 0.491491
FixedParameters: 0 0 0

#Transform 142
Transform: AffineTransform_float_3_3
Parameters: 0.999999 -0.00141657 0.000223978 0.0014146 0.999955 0.00935915 -0.000237689 -0.00935885 0.999956 -0.0161897 0.624564 0.508076
FixedParameters: 0 0 0

#Transform 143
Transform: AffineTransform_float_3_3
Parameters: 0.999998 -0.0016171 -0.000230014 0.00161942 0.999951 0.00976643 0.000215044 -0.00976657 0.999952 -0.00322357 0.644234 0.524654
FixedParameters: 0 0 0

#Transform 144
Transform: AffineTransform_float_3_3
Parameters: 0.999999 -0.00184277 -0.000157124 0.00184411 0.999946 0.0101855 0.000138177 -0.0101855 0.999948 -0.0420277 0.679166 0.539378
FixedParameters: 0 0 0

#Transform 145
Transform: AffineTransform_float_3_3
Parameters: 0.999999 -0.00184049 0.000190249 0.00183879 0.999944 0.0103612 -0.000209503 -0.0103608 0.999947 -0.0266436 0.67871 0.532856
FixedParameters: 0 0 0

#Transform 146
Transform: AffineTransform_float_3_3
Parameters: 0.999999 -0.00152627 -4.62447e-05 0.00152681 0.999949 0.0100416 3.08816e-05 -0.0100414 0.999949 -0.0181067 0.645722 0.520276
FixedParameters: 0 0 0

#Transform 147
Transform: AffineTransform_float_3_3
Parameters: 0.999999 -0.00152338 5.1765e-05 0.00152302 0.999942 0.0106599 -6.81409e-05 -0.0106591 0.999943 -0.0185256 0.72317 0.564581
FixedParameters: 0 0 0

#Transform 148
Transform: AffineTransform_float_3_3
Parameters: 0.999998 -0.00166556 0.000208703 0.00166267 0.99991 0.013356 -0.000231338 -0.013356 0.999911 -0.0261354 0.737797 0.526737
FixedParameters: 0 0 0

#Transform 149
Transform: AffineTransform_float_3_3
Parameters: 0.999999 -0.00150129 0.000220685 0.00149911 0.999929 0.0118362 -0.000238495 -0.0118358 0.99993 -0.0182946 0.684849 0.518399
FixedParameters: 0 0 0

#Transform 150
Transform: AffineTransform_float_3_3
Parameters: 0.999999 -0.00142429 0.00015453 0.0014224 0.999918 0.012676 -0.000172731 -0.0126759 0.999919 -0.00999695 0.726741 0.519753
FixedParameters: 0 0 0

#Transform 151
Transform: AffineTransform_float_3_3
Parameters: 0.999999 -0.00150685 0.000271145 0.00150359 0.999927 0.0119693 -0.00028849 -0.0119688 0.999929 0.0154934 0.72917 0.536342
FixedParameters: 0 0 0

#Transform 152
Transform: AffineTransform_float_3_3
Parameters: 0.999997 -0.00215747 0.00034644 0.00215355 0.999923 0.0122284 -0.000372601 -0.0122276 0.999925 0.0494793 0.719263 0.53306
FixedParameters: 0 0 0

#Transform 153
Transform: AffineTransform_float_3_3
Parameters: 0.999997 -0.00240302 -0.000110541 0.00240449 0.999924 0.0121502 8.07486e-05 -0.0121508 0.999926 0.0717316 0.699814 0.520815
FixedParameters: 0 0 0

#Transform 154
Transform: AffineTransform_float_3_3
Parameters: 0.999997 -0.00237719 0.000199795 0.00237429 0.999914 0.0128869 -0.000229995 -0.0128861 0.999917 0.0508267 0.775855 0.544118
FixedParameters: 0 0 0

#Transform 155
Transform: AffineTransform_float_3_3
Parameters: 0.999996 -0.00279777 -4.74028e-05 0.00279796 0.999916 0.0126243 1.24452e-05 -0.0126246 0.999921 0.0135266 0.774832 0.542206
FixedParameters: 0 0 0

#Transform 156
Transform: AffineTransform_float_3_3
Parameters: 0.999996 -0.00285858 0.000154307 0.0028558 0.99991 0.0131098 -0.000191928 -0.0131092 0.999914 0.0198801 0.769442 0.545045
FixedParameters: 0 0 0

#Transform 157
Transform: AffineTransform_float_3_3
Parameters: 0.999998 -0.00230629 0.000383755 0.0023001 0.999873 0.0157744 -0.00042101 -0.0157726 0.999875 0.000345017 1.04184 0.49862
FixedParameters: 0 0 0

#Transform 158
Transform: AffineTransform_float_3_3
Parameters: 0.999996 -0.00276161 0.000218532 0.00275683 0.999859 0.0165271 -0.000264576 -0.0165259 0.999864 0.0190363 0.972683 0.476279
FixedParameters: 0 0 0

#Transform 159
Transform: AffineTransform_float_3_3
Parameters: 0.999997 -0.00246873 0.000129382 0.0024663 0.999826 0.0184958 -0.000175502 -0.0184952 0.999829 -0.0194861 1.24862 0.380454
FixedParameters: 0 0 0

#Transform 160
Transform: AffineTransform_float_3_3
Parameters: 0.999995 -0.00292533 1.04685e-05 0.00292455 0.999834 0.0179563 -6.27473e-05 -0.0179557 0.999838 -0.000955152 1.09644 0.431713
FixedParameters: 0 0 0

#Transform 161
Transform: AffineTransform_float_3_3
Parameters: 0.999994 -0.00322573 0.000444125 0.00321722 0.999833 0.0179705 -0.000502506 -0.0179695 0.999838 0.0394388 1.19137 0.425485
FixedParameters: 0 0 0

#Transform 162
Transform: AffineTransform_float_3_3
Parameters: 0.999994 -0.00346912 0.000257473 0.00346308 0.999818 0.0187749 -0.000322434 -0.0187731 0.999823 0.0612247 1.36828 0.377951
FixedParameters: 0 0 0

#Transform 163
Transform: AffineTransform_float_3_3
Parameters: 0.999993 -0.0035927 0.000380238 0.00358414 0.999802 0.0195734 -0.000450972 -0.0195726 0.999809 0.068224 1.34956 0.36431
FixedParameters: 0 0 0

#Transform 164
Transform: AffineTransform_float_3_3
Parameters: 0.999995 -0.00331582 2.63357e-05 0.00331476 0.999828 0.0182391 -8.64616e-05 -0.0182389 0.999833 0.0603431 1.3438 0.424636
FixedParameters: 0 0 0

#Transform 165
Transform: AffineTransform_float_3_3
Parameters: 0.999993 -0.00369393 0.000124756 0.00369128 0.99983 0.0180623 -0.000191619 -0.0180617 0.999837 0.0542689 1.37339 0.388296
FixedParameters: 0 0 0

#Transform 166
Transform: AffineTransform_float_3_3
Parameters: 0.999994 -0.00363786 8.18168e-05 0.00363578 0.999819 0.0186843 -0.000150025 -0.0186837 0.999826 0.043073 1.33717 0.393033
FixedParameters: 0 0 0

#Transform 167
Transform: AffineTransform_float_3_3
Parameters: 0.999993 -0.00374693 -4.13528e-05 0.00374617 0.999837 0.0176606 -2.4711e-05 -0.0176604 0.999844 0.050495 1.37583 0.414961
FixedParameters: 0 0 0

#Transform 168
Transform: AffineTransform_float_3_3
Parameters: 0.999995 -0.00335841 0.000388312 0.00335021 0.999813 0.0190575 -0.000451512 -0.0190555 0.999819 0.0561007 1.44945 0.378609
FixedParameters: 0 0 0

#Transform 169
Transform: AffineTransform_float_3_3
Parameters: 0.999993 -0.00352488 0.00038055 0.00351736 0.999815 0.0189402 -0.000447317 -0.0189388 0.99982 0.053004 1.42799 0.396267
FixedParameters: 0 0 0

#Transform 170
Transform: AffineTransform_float_3_3
Parameters: 0.999994 -0.00360719 0.000316891 0.00360019 0.999808 0.019256 -0.000386737 -0.019255 0.999814 0.0500754 1.44374 0.414456
FixedParameters: 0 0 0

#Transform 171
Transform: AffineTransform_float_3_3
Parameters: 0.999993 -0.0035273 0.000294505 0.00352213 0.999843 0.017325 -0.000355742 -0.0173239 0.99985 0.0420218 1.45732 0.419611
FixedParameters: 0 0 0

#Transform 172
Transform: AffineTransform_float_3_3
Parameters: 0.999995 -0.00317973 0.00037901 0.00317268 0.999835 0.0178944 -0.000435097 -0.0178926 0.99984 0.0280196 1.47346 0.454604
FixedParameters: 0 0 0

#Transform 173
Transform: AffineTransform_float_3_3
Parameters: 0.999996 -0.00277306 0.000739556 0.00275795 0.999803 0.0196544 -0.000794093 -0.0196525 0.999806 -0.0181411 1.39186 0.471408
FixedParameters: 0 0 0

#Transform 174
Transform: AffineTransform_float_3_3
Parameters: 0.999995 -0.00303802 0.000570033 0.00302483 0.999755 0.0219209 -0.000636245 -0.0219191 0.999759 0.00468765 1.63431 0.484769
FixedParameters: 0 0 0

#Transform 175
Transform: AffineTransform_float_3_3
Parameters: 0.999993 -0.00356875 0.000626916 0.00355331 0.99974 0.0225233 -0.000707671 -0.0225207 0.999746 0.0134827 1.64461 0.483847
FixedParameters: 0 0 0

#Transform 176
Transform: AffineTransform_float_3_3
Parameters: 0.999992 -0.00369694 0.000934344 0.00367427 0.999723 0.0232464 -0.00102042 -0.0232426 0.999729 0.0582943 1.81056 0.516247
FixedParameters: 0 0 0

#Transform 177
Transform: AffineTransform_float_3_3
Parameters: 0.999995 -0.00329145 0.000771888 0.00327205 0.999728 0.0231026 -0.000847539 -0.0231004 0.999733 0.0424374 1.89116 0.502138
FixedParameters: 0 0 0

#Transform 178
Transform: AffineTransform_float_3_3
Parameters: 0.999994 -0.00357668 0.000596863 0.00356125 0.999688 0.024709 -0.000684733 -0.024707 0.999694 0.00717206 1.90666 0.448089
FixedParameters: 0 0 0

#Transform 179
Transform: AffineTransform_float_3_3
Parameters: 0.999989 -0.00466081 0.000337986 0.00465012 0.999645 0.026212 -0.000459916 -0.02621 0.999657 0.0585261 2.00447 0.464707
FixedParameters: 0 0 0

#Transform 180
Transform: AffineTransform_float_3_3
Parameters: 0.99999 -0.00433673 0.00103872 0.00430731 0.999632 0.026792 -0.00115473 -0.026788 0.999641 0.0651141 2.17126 0.381221
FixedParameters: 0 0 0

#Transform 181
Transform: AffineTransform_float_3_3
Parameters: 0.999989 -0.00429441 0.00151232 0.00425298 0.999658 0.0257951 -0.00162313 -0.0257889 0.999666 0.0605533 1.9915 0.408107
FixedParameters: 0 0 0

#Transform 182
Transform: AffineTransform_float_3_3
Parameters: 0.99999 -0.00434388 0.00161173 0.00430177 0.999677 0.0250175 -0.00171969 -0.0250104 0.999685 0.0678913 1.99508 0.429509
FixedParameters: 0 0 0

#Transform 183
Transform: AffineTransform_float_3_3
Parameters: 0.999989 -0.00443259 0.00190923 0.00438299 0.999678 0.0250099 -0.00201968 -0.0250011 0.999685 0.087256 2.04453 0.430873
FixedParameters: 0 0 0

#Transform 184
Transform: AffineTransform_float_3_3
Parameters: 0.999988 -0.00458153 0.00178855 0.0045347 0.99967 0.0253066 -0.00190377 -0.0252984 0.999679 0.0844516 2.01399 0.42908
FixedParameters: 0 0 0

#Transform 185
Transform: AffineTransform_float_3_3
Parameters: 0.999987 -0.00468672 0.00163279 0.00464406 0.999678 0.0249429 -0.00174914 -0.0249351 0.999687 0.0836448 1.9836 0.406687
FixedParameters: 0 0 0

#Transform 186
Transform: AffineTransform_float_3_3
Parameters: 0.999986 -0.00509202 0.00126596 0.00505855 0.999669 0.0252363 -0.00139411 -0.0252297 0.99968 0.0742818 2.02385 0.43076
FixedParameters: 0 0 0

#Transform 187
Transform: AffineTransform_float_3_3
Parameters: 0.999987 -0.00462226 0.00185174 0.00457596 0.99969 0.024465 -0.00196442 -0.024456 0.999699 0.088136 1.98661 0.414553
FixedParameters: 0 0 0

#Transform 188
Transform: AffineTransform_float_3_3
Parameters: 0.999987 -0.00471475 0.00196277 0.0046663 0.999696 0.0242245 -0.00207605 -0.0242155 0.999705 0.10776 1.97425 0.389421
FixedParameters: 0 0 0

#Transform 189
Transform: AffineTransform_float_3_3
Parameters: 0.999988 -0.00440281 0.00191533 0.00435579 0.999708 0.023792 -0.0020194 -0.023783 0.999715 0.0874816 1.96363 0.429256
FixedParameters: 0 0 0

#Transform 190
Transform: AffineTransform_float_3_3
Parameters: 0.999987 -0.0044313 0.002278 0.0043761 0.999706 0.0238577 -0.00238248 -0.0238473 0.999713 0.0939905 1.98497 0.399864
FixedParameters: 0 0 0

#Transform 191
Transform: AffineTransform_float_3_3
