#Insight Transform File V1.0
#Transform 0
Transform: AffineTransform_float_3_3
Parameters: 0.999996 0.00245255 0.000784007 -0.00244502 0.999949 -0.00987006 -0.000809042 0.00986794 0.999951 -0.0885429 0.120097 0.321651
FixedParameters: 0 0 0

#Transform 1
Transform: AffineTransform_float_3_3
Parameters: 0.999998 0.0023206 0.000319625 -0.00231732 0.99995 -0.00979288 -0.000341917 0.00979213 0.999952 -0.0998286 0.132225 0.201556
FixedParameters: 0 0 0

#Transform 2
Transform: AffineTransform_float_3_3
Parameters: 0.999998 0.00229805 -0.000186464 -0.00229941 0.999959 -0.0087467 0.000167202 0.0087473 0.999961 -0.0783786 0.136967 0.117538
FixedParameters: 0 0 0

#Transform 3
Transform: AffineTransform_float_3_3
Parameters: 0.999998 0.00229817 -0.000185058 -0.00229937 0.999965 -0.0081347 0.00016661 0.0081353 0.999967 -0.0609069 0.148846 0.0675751
FixedParameters: 0 0 0

#Transform 4
Transform: AffineTransform_float_3_3
Parameters: 0.999998 0.00199027 -0.000577111 -0.00199441 0.999969 -0.00760693 0.000561648 0.00760807 0.999971 -0.0597586 0.121666 0.00764576
FixedParameters: 0 0 0

#Transform 5
Transform: AffineTransform_float_3_3
Parameters: 0.999998 0.00182418 -0.000644375 -0.00182857 0.999969 -0.00774891 0.000629885 0.0077501 0.99997 -0.0556719 0.127503 -0.0219154
FixedParameters: 0 0 0

#Transform 6
Transform: AffineTransform_float_3_3
Parameters: 0.999999 0.00143249 -0.000612791 -0.00143682 0.999974 -0.00716417 0.000603086 0.00716584 0.999974 -0.0509413 0.0969243 -0.0546
FixedParameters: 0 0 0

#Transform 7
Transform: AffineTransform_float_3_3
Parameters: 0.999999 0.00166773 -0.000624204 -0.0016732 0.999966 -0.00805501 0.000611142 0.008056 0.999968 -0.0439879 0.0914518 -0.0210105
FixedParameters: 0 0 0

#Transform 8
Transform: AffineTransform_float_3_3
Parameters: 0.999999 0.000721394 0.000244213 -0.000720684 0.999986 -0.00528218 -0.000248762 0.00528182 0.999986 -0.0366095 -0.0237206 0.215434
FixedParameters: 0 0 0

#Transform 9
Transform: AffineTransform_float_3_3
Parameters: 0.999999 0.00105305 0.000633087 -0.00105053 0.999993 -0.00344767 -0.000636271 0.00344633 0.999994 -0.0132175 0.080922 0.0520054
FixedParameters: 0 0 0

#Transform 10
Transform: AffineTransform_float_3_3
Parameters: 1 0.00028809 0.000243641 -0.000287298 0.999998 -0.00162407 -0.000244575 0.00162393 0.999998 -0.0280758 0.00180836 -0.0341928
FixedParameters: 0 0 0

#Transform 11
Transform: AffineTransform_float_3_3
Parameters: 1 0.000206604 0.000206668 -0.00020609 0.999999 -0.00124204 -0.000207181 0.00124196 0.999999 -0.0110331 0.0485554 -0.0451252
FixedParameters: 0 0 0

#Transform 12
Transform: AffineTransform_float_3_3
Parameters: 1 0.000236732 0.000321688 -0.000236028 1 -0.00109208 -0.000322205 0.00109292 1 -0.0141765 0.0387089 -0.0297367
FixedParameters: 0 0 0

#Transform 13
Transform: AffineTransform_float_3_3
Parameters: 1 0.000177379 -7.63971e-05 -0.000177515 0.999999 -0.000889986 7.60813e-05 0.000890013 0.999999 -0.00668013 0.0623912 -0.0627331
FixedParameters: 0 0 0

#Transform 14
Transform: AffineTransform_float_3_3
Parameters: 1 0.00027302 0.000385443 -0.000273235 1 -0.00101711 -0.000385964 0.0010169 1 0.000493043 0.080529 -0.0456946
FixedParameters: 0 0 0

#Transform 15
Transform: AffineTransform_float_3_3
Parameters: 1 2.30275e-05 0.000257351 -2.29636e-05 1 -0.000124006 -0.000257357 0.000123994 1 -0.00299387 0.0518465 -0.0556428
FixedParameters: 0 0 0

#Transform 16
Transform: AffineTransform_float_3_3
Parameters: 1 0.000271003 0.000333597 -0.000270622 1 -0.00057109 -0.000333907 0.000570909 1 -0.0117415 0.0745811 -0.076808
FixedParameters: 0 0 0

#Transform 17
Transform: AffineTransform_float_3_3
Parameters: 1 0.000242548 0.000268679 -0.000242503 1 -8.40652e-05 -0.00026872 8.39348e-05 1 0.0074527 0.0712353 -0.0750125
FixedParameters: 0 0 0

#Transform 18
Transform: AffineTransform_float_3_3
Parameters: 1 0.000252383 -7.8915e-05 -0.00025242 1 -0.00023098 7.87984e-05 0.00023102 1 0.00671978 0.0806131 -0.0717033
FixedParameters: 0 0 0

#Transform 19
Transform: AffineTransform_float_3_3
Parameters: 1 0.000149441 -7.5308e-05 -0.000149488 1 -0.000306989 7.52162e-05 0.000307011 1 -0.00752883 0.0471686 -0.0795768
FixedParameters: 0 0 0

#Transform 20
Transform: AffineTransform_float_3_3
Parameters: 1 -4.54488e-05 -6.84354e-05 4.53847e-05 1 -0.000468003 6.84779e-05 0.000467997 1 -0.00871144 -0.0109749 0.0157685
FixedParameters: 0 0 0

#Transform 21
Transform: AffineTransform_float_3_3
Parameters: 1 0.000308474 0.000182473 -0.000308629 1 0.000422944 -0.000182212 -0.000423056 1 -0.000223771 0.0786856 -0.0446813
FixedParameters: 0 0 0

#Transform 22
Transform: AffineTransform_float_3_3
Parameters: 1 0.000303361 3.46544e-05 -0.000303411 0.999999 0.000729989 -3.42114e-05 -0.00073001 0.999999 0.00535043 0.05143 -0.0529078
FixedParameters: 0 0 0

#Transform 23
Transform: AffineTransform_float_3_3
Parameters: 1 0.000299483 -8.00856e-05 -0.000299262 0.999999 0.00137402 8.09083e-05 -0.00137398 0.999999 -0.00314441 0.0527279 -0.0391086
FixedParameters: 0 0 0

#Transform 24
Transform: AffineTransform_float_3_3
Parameters: 1 0.000299457 -8.01829e-05 -0.000299289 1 0.00104902 8.0811e-05 -0.00104898 1 0.00907515 0.065955 -0.0465192
FixedParameters: 0 0 0

#Transform 25
Transform: AffineTransform_float_3_3
Parameters: 1 9.64078e-05 0.000188864 -9.68838e-05 0.999999 0.00126098 -0.00018862 -0.00126102 0.999999 0.00408855 0.0419206 -0.046666
FixedParameters: 0 0 0

#Transform 26
Transform: AffineTransform_float_3_3
Parameters: 1 1.1397e-05 0.000101676 -1.17127e-05 0.999999 0.001553 -0.000101641 -0.001553 0.999999 0.00255031 0.0599354 -0.0502994
FixedParameters: 0 0 0

#Transform 27
Transform: AffineTransform_float_3_3
Parameters: 1 -0.000122513 0.000106163 0.000122214 0.999999 0.00140801 -0.000106507 -0.00140799 0.999999 -0.00101659 0.0584823 -0.0564269
FixedParameters: 0 0 0

#Transform 28
Transform: AffineTransform_float_3_3
Parameters: 1 -3.25697e-05 0.000103147 3.22669e-05 0.999999 0.001467 -0.000103242 -0.001467 0.999999 0.00107744 0.0646933 -0.0479614
FixedParameters: 0 0 0

#Transform 29
Transform: AffineTransform_float_3_3
Parameters: 1 0.00030522 9.19166e-05 -0.00030553 0.999998 0.00169797 -9.08795e-05 -0.00169803 0.999998 -0.00620702 0.053618 -0.0428948
FixedParameters: 0 0 0

#Transform 30
Transform: AffineTransform_float_3_3
Parameters: 1 -5.5608e-05 0.000103888 5.52004e-05 0.999998 0.00196001 -0.000104105 -0.00195999 0.999998 0.000196741 0.0514937 -0.077479
FixedParameters: 0 0 0

#Transform 31
Transform: AffineTransform_float_3_3
Parameters: 1 -9.82498e-05 0.000176329 9.75479e-05 0.999998 0.00198802 -0.000176718 -0.00198798 0.999998 0.00956609 0.076046 -0.117321
FixedParameters: 0 0 0

#Transform 32
Transform: AffineTransform_float_3_3
Parameters: 1 -7.85946e-05 0.000104646 7.81857e-05 0.999998 0.00195101 -0.000104952 -0.00195099 0.999998 -0.000692415 0.0273636 -0.105793
FixedParameters: 0 0 0

#Transform 33
Transform: AffineTransform_float_3_3
Parameters: 1 -9.56058e-05 0.000105188 9.51536e-05 0.999997 0.00214501 -0.000105597 -0.00214499 0.999997 -0.000595618 0.0700033 -0.125106
FixedParameters: 0 0 0

#Transform 34
Transform: AffineTransform_float_3_3
Parameters: 1 -0.000122372 0.000272048 0.00012176 0.999995 0.00295703 -0.000272805 -0.00295696 0.999995 -0.00186419 0.0250599 -0.140138
FixedParameters: 0 0 0

#Transform 35
Transform: AffineTransform_float_3_3
Parameters: 1 -9.56622e-05 0.000105137 9.50971e-05 0.999997 0.00268101 -0.000105648 -0.00268099 0.999997 0.0137499 0.0682545 -0.140698
FixedParameters: 0 0 0

#Transform 36
Transform: AffineTransform_float_3_3
Parameters: 1 -0.000172617 0.000173527 0.000171438 0.999995 0.00338303 -0.000174691 -0.00338297 0.999995 -0.005172 0.0331517 -0.159944
FixedParameters: 0 0 0

#Transform 37
Transform: AffineTransform_float_3_3
Parameters: 1 5.02055e-05 0.000100461 -5.08562e-05 0.999994 0.00324399 -0.000100133 -0.003244 0.999994 0.00261639 0.0630462 -0.136921
FixedParameters: 0 0 0

#Transform 38
Transform: AffineTransform_float_3_3
Parameters: 1 0.000227109 0.000193034 -0.000227617 0.999992 0.00382095 -0.000192331 -0.00382104 0.999992 0.0139823 0.0412497 -0.144595
FixedParameters: 0 0 0

#Transform 39
Transform: AffineTransform_float_3_3
Parameters: 1 8.70451e-05 9.94141e-05 -8.79702e-05 0.999989 0.00467199 -9.85964e-05 -0.00467201 0.999989 0.0208138 0.0555595 -0.139306
FixedParameters: 0 0 0

#Transform 40
Transform: AffineTransform_float_3_3
Parameters: 1 1.1418e-05 0.000179738 -1.2139e-05 0.999989 0.00478696 -0.00017966 -0.00478704 0.999988 0.0162623 0.0530342 -0.151909
FixedParameters: 0 0 0

#Transform 41
Transform: AffineTransform_float_3_3
Parameters: 1 -0.000109526 0.00018731 0.000108527 0.999986 0.00542302 -0.000187528 -0.00542298 0.999986 0.0133819 0.0285416 -0.167085
FixedParameters: 0 0 0

#Transform 42
Transform: AffineTransform_float_3_3
Parameters: 1 2.74019e-05 4.61967e-05 -2.78463e-05 0.999989 0.004824 -4.59302e-05 -0.004824 0.999989 0.0194748 0.0647321 -0.15362
FixedParameters: 0 0 0

#Transform 43
Transform: AffineTransform_float_3_3
Parameters: 1 -0.000118967 0.000105521 0.0001188 0.999984 0.00568201 -0.000105908 -0.00568199 0.999984 0.0170803 0.0276673 -0.149242
FixedParameters: 0 0 0

#Transform 44
Transform: AffineTransform_float_3_3
Parameters: 1 2.81422e-05 0.000377334 -3.02219e-05 0.999986 0.00540599 -0.000377088 -0.00540601 0.999986 0.0179591 0.0434985 -0.117204
FixedParameters: 0 0 0

#Transform 45
Transform: AffineTransform_float_3_3
Parameters: 1 1.2052e-05 0.000482854 -1.46653e-05 0.999983 0.00581099 -0.000482803 -0.00581101 0.999983 0.00332072 0.0274123 -0.133468
FixedParameters: 0 0 0

#Transform 46
Transform: AffineTransform_float_3_3
Parameters: 1 -6.766e-05 0.000671232 6.35326e-05 0.999981 0.00604808 -0.000672165 -0.00604792 0.999982 0.0245641 0.0379222 -0.130104
FixedParameters: 0 0 0

#Transform 47
Transform: AffineTransform_float_3_3
Parameters: 0.999999 9.54108e-05 0.00071156 -0.000100334 0.999981 0.00627293 -0.000710472 -0.00627307 0.99998 0.0263346 0.0403062 -0.145708
FixedParameters: 0 0 0

#Transform 48
Transform: AffineTransform_float_3_3
Parameters: 0.999999 -4.15812e-05 0.000796487 3.58446e-05 0.999978 0.00673503 -0.000797183 -0.00673497 0.999977 0.0203045 0.0203792 -0.173175
FixedParameters: 0 0 0

#Transform 49
Transform: AffineTransform_float_3_3
Parameters: 1 0.000312577 0.000368277 -0.00031544 0.999978 0.00652288 -0.000366249 -0.00652311 0.999978 0.0293242 0.045236 -0.171401
FixedParameters: 0 0 0

#Transform 50
Transform: AffineTransform_float_3_3
Parameters: 1 -7.80558e-05 0.000669481 7.3305e-05 0.999979 0.00655906 -0.000669614 -0.00655895 0.999979 0.0228972 0.035961 -0.154557
FixedParameters: 0 0 0

#Transform 51
Transform: AffineTransform_float_3_3
Parameters: 1 0.000312629 0.000368233 -0.000315388 0.999979 0.00638288 -0.000366293 -0.00638311 0.999979 0.0384464 0.08067 -0.141221
FixedParameters: 0 0 0

#Transform 52
Transform: AffineTransform_float_3_3
Parameters: 0.999999 -6.76142e-05 0.00082525 6.28638e-05 0.999978 0.00653209 -0.000825313 -0.00653191 0.999979 0.0215365 0.0556944 -0.144022
FixedParameters: 0 0 0

#Transform 53
Transform: AffineTransform_float_3_3
Parameters: 0.999999 -6.71685e-05 0.000817198 6.18692e-05 0.999976 0.00693205 -0.000817302 -0.00693194 0.999975 0.0191566 0.0549231 -0.134929
FixedParameters: 0 0 0

#Transform 54
Transform: AffineTransform_float_3_3
Parameters: 1 0.000319118 0.000610351 -0.000323791 0.999975 0.0070588 -0.000607951 -0.0070592 0.999975 0.0263199 0.0759569 -0.156375
FixedParameters: 0 0 0

#Transform 55
Transform: AffineTransform_float_3_3
Parameters: 0.999999 -8.75525e-05 0.000784691 8.0765e-05 0.999971 0.0075291 -0.000785133 -0.0075289 0.999972 0.0206978 0.0274182 -0.161489
FixedParameters: 0 0 0

#Transform 56
Transform: AffineTransform_float_3_3
Parameters: 0.999999 0.000321837 0.000716414 -0.000327513 0.999972 0.00738376 -0.000714792 -0.00738323 0.999972 0.0195343 0.0727296 -0.137065
FixedParameters: 0 0 0

#Transform 57
Transform: AffineTransform_float_3_3
Parameters: 0.999999 0.00032319 0.000773483 -0.000329095 0.99997 0.00766178 -0.000770693 -0.00766222 0.999971 0.0175661 0.0564177 -0.156498
FixedParameters: 0 0 0

#Transform 58
Transform: AffineTransform_float_3_3
Parameters: 0.999999 0.000207335 0.000951641 -0.000214279 0.999973 0.0073128 -0.000949802 -0.0073132 0.999973 0.0213424 0.0748684 -0.134706
FixedParameters: 0 0 0

#Transform 59
Transform: AffineTransform_float_3_3
Parameters: 1 0.000309811 0.00028164 -0.000312132 0.999971 0.00757992 -0.000278994 -0.00758009 0.999971 0.0362959 0.0757782 -0.152987
FixedParameters: 0 0 0

#Transform 60
Transform: AffineTransform_float_3_3
Parameters: 1 0.00031321 0.000402522 -0.000316179 0.999973 0.00734787 -0.000400001 -0.00734813 0.999973 0.0208044 0.081439 -0.136625
FixedParameters: 0 0 0

#Transform 61
Transform: AffineTransform_float_3_3
Parameters: 1 0.000314641 0.000458578 -0.000318699 0.999971 0.00759286 -0.000456872 -0.00759315 0.999971 0.0123165 0.0655637 -0.167428
FixedParameters: 0 0 0

#Transform 62
Transform: AffineTransform_float_3_3
Parameters: 0.999999 0.00032709 0.000911381 -0.000333829 0.999972 0.00750774 -0.000908662 -0.00750827 0.999972 0.0256184 0.0714052 -0.137382
FixedParameters: 0 0 0

#Transform 63
Transform: AffineTransform_float_3_3
Parameters: 1 0.000315845 0.00049951 -0.000319315 0.999973 0.00742385 -0.000496932 -0.00742416 0.999973 0.0341844 0.0743312 -0.170296
FixedParameters: 0 0 0

#Transform 64
Transform: AffineTransform_float_3_3
Parameters: 1 0.000315741 0.000499575 -0.000319419 0.999971 0.00763284 -0.000496865 -0.00763315 0.99997 0.0334916 0.0554334 -0.181781
FixedParameters: 0 0 0

#Transform 65
Transform: AffineTransform_float_3_3
Parameters: 0.999999 0.000631603 0.000580437 -0.000635529 0.999977 0.00673063 -0.000576045 -0.00673037 0.999977 0.0208733 0.0853971 -0.139493
FixedParameters: 0 0 0

#Transform 66
Transform: AffineTransform_float_3_3
Parameters: 0.999999 0.0004825 0.000560011 -0.000487072 0.999972 0.00754773 -0.00055683 -0.00754728 0.999972 0.0163173 0.069304 -0.172806
FixedParameters: 0 0 0

#Transform 67
Transform: AffineTransform_float_3_3
Parameters: 0.999999 0.000777622 0.000512473 -0.000780896 0.999976 0.00696257 -0.000506757 -0.00696343 0.999975 0.0355596 0.0921167 -0.131068
FixedParameters: 0 0 0

#Transform 68
Transform: AffineTransform_float_3_3
Parameters: 1 0.000905899 0.000419189 -0.000908211 0.999972 0.00733862 -0.000412011 -0.00733937 0.999973 0.0368165 0.0832168 -0.146768
FixedParameters: 0 0 0

#Transform 69
Transform: AffineTransform_float_3_3
Parameters: 0.999999 0.000812698 0.0004931 -0.000816485 0.99997 0.0077316 -0.000486639 -0.0077324 0.99997 0.0286545 0.0683476 -0.128673
FixedParameters: 0 0 0

#Transform 70
Transform: AffineTransform_float_3_3
Parameters: 0.999999 0.00121383 0.000410547 -0.00121597 0.999974 0.00721347 -0.000401154 -0.00721353 0.999974 0.0322783 0.0979536 -0.099611
FixedParameters: 0 0 0

#Transform 71
Transform: AffineTransform_float_3_3
Parameters: 0.999999 0.000914688 0.000419394 -0.000917449 0.999969 0.00783362 -0.000412177 -0.00783338 0.999969 0.0117176 0.0667139 -0.128178
FixedParameters: 0 0 0

#Transform 72
Transform: AffineTransform_float_3_3
Parameters: 1 0.00108696 0.000413861 -0.00108897 0.999974 0.00702655 -0.000405707 -0.00702645 0.999975 0.0147401 0.102119 -0.0902211
FixedParameters: 0 0 0

#Transform 73
Transform: AffineTransform_float_3_3
Parameters: 0.999999 0.000866642 0.000420823 -0.000869512 0.999968 0.00798363 -0.000413098 -0.00798336 0.999968 0.0081178 0.0634125 -0.143589
FixedParameters: 0 0 0

#Transform 74
Transform: AffineTransform_float_3_3
Parameters: 0.999999 0.000854876 0.000420681 -0.000858297 0.999972 0.00743964 -0.000414037 -0.00743936 0.999972 0.0103484 0.0971998 -0.136561
FixedParameters: 0 0 0

#Transform 75
Transform: AffineTransform_float_3_3
Parameters: 0.999999 0.000641238 0.000833351 -0.000648513 0.999964 0.00848646 -0.000827646 -0.00848653 0.999963 0.00875952 0.0649817 -0.170099
FixedParameters: 0 0 0

#Transform 76
Transform: AffineTransform_float_3_3
Parameters: 0.999999 0.00080281 0.000608433 -0.000807416 0.999969 0.00775951 -0.000602109 -0.00775948 0.999969 0.0142614 0.0959921 -0.145669
FixedParameters: 0 0 0

#Transform 77
Transform: AffineTransform_float_3_3
Parameters: 0.999999 0.000836441 0.000490778 -0.000840611 0.999966 0.00812559 -0.000484286 -0.00812541 0.999967 0.017981 0.0695821 -0.182711
FixedParameters: 0 0 0

#Transform 78
Transform: AffineTransform_float_3_3
Parameters: 1 0.000915633 0.000420546 -0.000918616 0.999968 0.00802958 -0.000413952 -0.00802942 0.999967 0.0265107 0.0916856 -0.16054
FixedParameters: 0 0 0

#Transform 79
Transform: AffineTransform_float_3_3
Parameters: 0.999999 0.00088489 0.000420861 -0.000888357 0.999972 0.00744463 -0.00041476 -0.00744437 0.999972 0.0205148 0.0888171 -0.130762
FixedParameters: 0 0 0

#Transform 80
Transform: AffineTransform_float_3_3
Parameters: 1 0.000931078 0.00068479 -0.000936616 0.999971 0.00755137 -0.000677855 -0.00755264 0.999972 0.0216905 0.101599 -0.134112
FixedParameters: 0 0 0

#Transform 81
Transform: AffineTransform_float_3_3
Parameters: 0.999999 0.000944261 0.000804585 -0.000949798 0.99997 0.00767124 -0.000797295 -0.00767176 0.99997 0.0115295 0.0894696 -0.119278
FixedParameters: 0 0 0

#Transform 82
Transform: AffineTransform_float_3_3
Parameters: 1 0.00103133 0.000624235 -0.00103623 0.99997 0.00775832 -0.000616363 -0.00775868 0.999969 0.0135481 0.0869092 -0.120969
FixedParameters: 0 0 0

#Transform 83
Transform: AffineTransform_float_3_3
Parameters: 0.999999 0.00117155 0.000875059 -0.00117864 0.999973 0.00735498 -0.000865977 -0.00735603 0.999973 0.0148194 0.0995556 -0.100574
FixedParameters: 0 0 0

#Transform 84
Transform: AffineTransform_float_3_3
Parameters: 0.999999 0.00091388 0.000882934 -0.00092059 0.999966 0.00822519 -0.000875119 -0.0082258 0.999966 0.00859687 0.0594856 -0.134948
FixedParameters: 0 0 0

#Transform 85
Transform: AffineTransform_float_3_3
Parameters: 0.999999 0.000910525 0.000882379 -0.000916914 0.999972 0.0074972 -0.000874918 -0.00749781 0.999972 0.012694 0.0966345 -0.109687
FixedParameters: 0 0 0

#Transform 86
Transform: AffineTransform_float_3_3
Parameters: 0.999999 0.00109376 0.000878198 -0.00110056 0.999965 0.00828504 -0.00086929 -0.00828596 0.999966 0.00121306 0.0581491 -0.144978
FixedParameters: 0 0 0

#Transform 87
Transform: AffineTransform_float_3_3
Parameters: 0.999999 0.00114392 0.000678053 -0.00114852 0.999971 0.00762919 -0.000669767 -0.00762981 0.99997 0.023042 0.0918259 -0.105202
FixedParameters: 0 0 0

#Transform 88
Transform: AffineTransform_float_3_3
Parameters: 0.999999 0.000922401 0.000827696 -0.000929217 0.999965 0.00823523 -0.000819687 -0.00823576 0.999965 0.0101775 0.0871718 -0.132155
FixedParameters: 0 0 0

#Transform 89
Transform: AffineTransform_float_3_3
Parameters: 0.999999 0.00134714 0.000816549 -0.00135311 0.999964 0.00837387 -0.000805208 -0.00837513 0.999964 0.024534 0.0726099 -0.12609
FixedParameters: 0 0 0

#Transform 90
Transform: AffineTransform_float_3_3
Parameters: 0.999999 0.00134279 0.000654715 -0.00134815 0.999964 0.00845509 -0.000643164 -0.00845591 0.999964 0.0323889 0.0902213 -0.140535
FixedParameters: 0 0 0

#Transform 91
Transform: AffineTransform_float_3_3
Parameters: 1 0.00107683 0.000405315 -0.00108045 0.999959 0.00906753 -0.000395885 -0.00906847 0.999959 0.0351835 0.0552047 -0.17242
FixedParameters: 0 0 0

#Transform 92
Transform: AffineTransform_float_3_3
Parameters: 1 0.000902952 0.000409672 -0.000906467 0.99996 0.00891463 -0.000401676 -0.00891537 0.99996 0.0442137 0.0836504 -0.153548
FixedParameters: 0 0 0

#Transform 93
Transform: AffineTransform_float_3_3
Parameters: 1 0.00112471 0.000318725 -0.00112757 0.999961 0.00877765 -0.000309053 -0.00877836 0.999962 0.0395334 0.0727323 -0.174794
FixedParameters: 0 0 0

#Transform 94
Transform: AffineTransform_float_3_3
Parameters: 0.999999 0.00133877 0.000509164 -0.00134297 0.999961 0.00875228 -0.000496859 -0.0087527 0.999961 0.046699 0.0864397 -0.164406
FixedParameters: 0 0 0

#Transform 95
Transform: AffineTransform_float_3_3
Parameters: 1 0.000978024 0.00042022 -0.000982175 0.999955 0.0094266 -0.000410875 -0.00942741 0.999956 0.0261633 0.0689425 -0.183433
FixedParameters: 0 0 0

#Transform 96
Transform: AffineTransform_float_3_3
Parameters: 0.999999 0.00116492 0.000415569 -0.00116912 0.999954 0.00952448 -0.000404471 -0.00952451 0.999954 0.0400169 0.0738792 -0.167667
FixedParameters: 0 0 0

#Transform 97
Transform: AffineTransform_float_3_3
Parameters: 0.999999 0.00133612 0.000410391 -0.00133974 0.999959 0.00889646 -0.000398717 -0.00889654 0.999961 0.0348328 0.0833721 -0.138299
FixedParameters: 0 0 0

#Transform 98
Transform: AffineTransform_float_3_3
Parameters: 0.999999 0.00134136 0.000629239 -0.00134672 0.999953 0.00958413 -0.000615711 -0.00958587 0.999954 0.0359935 0.065383 -0.175346
FixedParameters: 0 0 0

#Transform 99
Transform: AffineTransform_float_3_3
Parameters: 0.999999 0.00145378 0.000366137 -0.00145808 0.999954 0.00946544 -0.00035267 -0.00946556 0.999955 0.0570189 0.0860436 -0.159785
FixedParameters: 0 0 0

#Transform 100
Transform: AffineTransform_float_3_3
Parameters: 0.999999 0.00133726 0.000467288 -0.00134151 0.999953 0.00958135 -0.000453787 -0.00958165 0.999954 0.0531213 0.0702365 -0.17571
FixedParameters: 0 0 0

#Transform 101
Transform: AffineTransform_float_3_3
Parameters: 0.999999 0.00133735 0.000467027 -0.00134142 0.999955 0.00938635 -0.000454049 -0.00938665 0.999956 0.0529865 0.0929787 -0.156635
FixedParameters: 0 0 0

#Transform 102
Transform: AffineTransform_float_3_3
Parameters: 0.999999 0.00133724 0.00046736 -0.00134153 0.999952 0.00963538 -0.000453715 -0.00963562 0.999954 0.0550857 0.0854539 -0.177887
FixedParameters: 0 0 0

#Transform 103
Transform: AffineTransform_float_3_3
Parameters: 0.999999 0.0013283 0.000114614 -0.00132887 0.999951 0.00974181 -0.000101789 -0.00974217 0.999952 0.0518894 0.0749409 -0.180976
FixedParameters: 0 0 0

#Transform 104
Transform: AffineTransform_float_3_3
Parameters: 0.999999 0.00133757 0.000466409 -0.00134121 0.99996 0.00892435 -0.000454669 -0.00892466 0.99996 0.0402627 0.116155 -0.127641
FixedParameters: 0 0 0

#Transform 105
Transform: AffineTransform_float_3_3
Parameters: 1 0.00108266 0.000293051 -0.00108476 0.99995 0.00992765 -0.000282665 -0.00992835 0.99995 0.0271784 0.0760178 -0.186229
FixedParameters: 0 0 0

#Transform 106
Transform: AffineTransform_float_3_3
Parameters: 0.999998 0.00163261 4.22798e-05 -0.00163283 0.999955 0.00934091 -2.78018e-05 -0.0093411 0.999957 0.0475504 0.100525 -0.139912
FixedParameters: 0 0 0

#Transform 107
Transform: AffineTransform_float_3_3
Parameters: 0.999999 0.001819 0.000214059 -0.00182053 0.999952 0.00960956 -0.000196178 -0.00960944 0.999954 0.0508871 0.0706182 -0.176744
FixedParameters: 0 0 0

#Transform 108
Transform: AffineTransform_float_3_3
Parameters: 0.999998 0.00194364 7.52645e-07 -0.00194415 0.999953 0.00956595 1.74504e-05 -0.00956606 0.999954 0.0610845 0.0747186 -0.175863
FixedParameters: 0 0 0

#Transform 109
Transform: AffineTransform_float_3_3
Parameters: 0.999998 0.00165174 7.77965e-06 -0.0016523 0.999955 0.00934097 7.09382e-06 -0.00934104 0.999957 0.0524777 0.0961843 -0.175121
FixedParameters: 0 0 0

#Transform 110
Transform: AffineTransform_float_3_3
Parameters: 0.999999 0.00168577 0.000526821 -0.00169052 0.99995 0.00978409 -0.000510984 -0.00978491 0.999952 0.0437972 0.0994026 -0.143626
FixedParameters: 0 0 0

#Transform 111
Transform: AffineTransform_float_3_3
Parameters: 0.999998 0.0020786 -2.5038e-06 -0.00207906 0.999952 0.00964492 2.26155e-05 -0.00964408 0.999953 0.0611645 0.112463 -0.144381
FixedParameters: 0 0 0

#Transform 112
Transform: AffineTransform_float_3_3
Parameters: 0.999998 0.00167572 8.92238e-06 -0.00167636 0.999944 0.010389 7.91262e-06 -0.010388 0.999946 0.047876 0.0667621 -0.187539
FixedParameters: 0 0 0

#Transform 113
Transform: AffineTransform_float_3_3
Parameters: 0.999998 0.00200862 -1.87247e-07 -0.00200812 0.999949 0.00991795 2.00036e-05 -0.00991805 0.999951 0.0549667 0.101026 -0.149245
FixedParameters: 0 0 0

#Transform 114
Transform: AffineTransform_float_3_3
Parameters: 0.999999 0.00155675 1.25978e-05 -0.00155744 0.999939 0.010876 4.28187e-06 -0.010875 0.999941 0.0355238 0.0542048 -0.21047
FixedParameters: 0 0 0

#Transform 115
Transform: AffineTransform_float_3_3
Parameters: 0.999998 0.00174725 -1.16743e-05 -0.00174644 0.99995 0.00990997 2.92731e-05 -0.00991004 0.999951 0.0408311 0.10386 -0.175494
FixedParameters: 0 0 0

#Transform 116
Transform: AffineTransform_float_3_3
Parameters: 0.999998 0.00197297 -2.57893e-05 -0.00197293 0.999946 0.010179 4.59679e-05 -0.010179 0.999948 0.0495942 0.0798989 -0.203304
FixedParameters: 0 0 0

#Transform 117
Transform: AffineTransform_float_3_3
Parameters: 0.999998 0.00225248 3.30425e-05 -0.00225272 0.999943 0.0105008 -8.75511e-06 -0.0105002 0.999945 0.0537773 0.0862604 -0.175058
FixedParameters: 0 0 0

#Transform 118
Transform: AffineTransform_float_3_3
Parameters: 0.999997 0.00218604 0.000256926 -0.00218779 0.999947 0.0101314 -0.000234737 -0.0101316 0.999948 0.0414147 0.0893797 -0.164282
FixedParameters: 0 0 0

#Transform 119
Transform: AffineTransform_float_3_3
Parameters: 0.999998 0.0019213 0.000442509 -0.0019262 0.999941 0.0106381 -0.000421739 -0.0106389 0.999944 0.0353227 0.0672157 -0.177845
FixedParameters: 0 0 0

#Transform 120
Transform: AffineTransform_float_3_3
Parameters: 0.999997 0.00207874 0.000436427 -0.00208358 0.999953 0.00954505 -0.000416822 -0.00954596 0.999955 0.0396284 0.103482 -0.147489
FixedParameters: 0 0 0

#Transform 121
Transform: AffineTransform_float_3_3
Parameters: 0.999998 0.0018606 0.000544529 -0.00186696 0.999938 0.010918 -0.000524026 -0.010919 0.99994 0.0467186 0.0617012 -0.185609
FixedParameters: 0 0 0

#Transform 122
Transform: AffineTransform_float_3_3
Parameters: 0.999997 0.00207259 0.000670923 -0.00207908 0.999951 0.00967356 -0.000650989 -0.00967544 0.999953 0.0303124 0.107034 -0.12266
FixedParameters: 0 0 0

#Transform 123
Transform: AffineTransform_float_3_3
Parameters: 0.999997 0.00210571 0.000572401 -0.00211103 0.999944 0.0103168 -0.000550127 -0.0103172 0.999947 0.0573045 0.074491 -0.139239
FixedParameters: 0 0 0

#Transform 124
Transform: AffineTransform_float_3_3
Parameters: 0.999998 0.00198077 0.000209158 -0.00198353 0.999946 0.0102135 -0.000188725 -0.0102135 0.999948 0.0559583 0.10497 -0.12506
FixedParameters: 0 0 0

#Transform 125
Transform: AffineTransform_float_3_3
Parameters: 0.999998 0.00190866 0.000577613 -0.00191529 0.999943 0.0105098 -0.000557617 -0.0105112 0.999944 0.0266185 0.0763037 -0.148946
FixedParameters: 0 0 0

#Transform 126
Transform: AffineTransform_float_3_3
Parameters: 0.999997 0.00214493 0.000375053 -0.00214811 0.999946 0.0101652 -0.000353569 -0.0101669 0.999949 0.0514198 0.0924989 -0.135225
FixedParameters: 0 0 0

#Transform 127
Transform: AffineTransform_float_3_3
Parameters: 0.999997 0.00240401 0.000415692 -0.00240906 0.999946 0.0101799 -0.000390818 -0.0101801 0.999948 0.0638579 0.105144 -0.136166
FixedParameters: 0 0 0

#Transform 128
Transform: AffineTransform_float_3_3
Parameters: 0.999998 0.00199225 0.000404448 -0.00199566 0.999938 0.0109771 -0.000382865 -0.0109779 0.999939 0.0586915 0.0736158 -0.176681
FixedParameters: 0 0 0

#Transform 129
Transform: AffineTransform_float_3_3
Parameters: 0.999998 0.00222679 0.00056898 -0.00223284 0.999947 0.0101166 -0.000546057 -0.0101173 0.999948 0.0592058 0.1189 -0.130294
FixedParameters: 0 0 0

#Transform 130
Transform: AffineTransform_float_3_3
Parameters: 0.999996 0.00256459 0.000242191 -0.0025665 0.999938 0.0107753 -0.000215022 -0.0107757 0.999942 0.0752376 0.0681662 -0.183658
FixedParameters: 0 0 0

#Transform 131
Transform: AffineTransform_float_3_3
Parameters: 0.999997 0.00248457 3.46198e-05 -0.00248493 0.999941 0.0105978 -7.97048e-06 -0.0105982 0.999944 0.0697862 0.0842772 -0.150943
FixedParameters: 0 0 0

#Transform 132
Transform: AffineTransform_float_3_3
Parameters: 0.999998 0.00225741 0.000557586 -0.00226245 0.999944 0.0102807 -0.000534344 -0.0102823 0.999947 0.0513549 0.100947 -0.157377
FixedParameters: 0 0 0

#Transform 133
Transform: AffineTransform_float_3_3
Parameters: 0.999998 0.00195824 0.000442969 -0.00196333 0.99994 0.0108211 -0.000421693 -0.0108219 0.999942 0.0539477 0.0870763 -0.183945
FixedParameters: 0 0 0

#Transform 134
Transform: AffineTransform_float_3_3
Parameters: 0.999998 0.00225033 0.000479372 -0.00225506 0.999941 0.0105649 -0.000455964 -0.0105661 0.999944 0.0699634 0.11234 -0.131043
FixedParameters: 0 0 0

#Transform 135
Transform: AffineTransform_float_3_3
Parameters: 0.999997 0.00201123 0.000899878 -0.0020213 0.999939 0.0108471 -0.000878467 -0.0108489 0.99994 0.0649981 0.0987242 -0.157352
FixedParameters: 0 0 0

#Transform 136
Transform: AffineTransform_float_3_3
Parameters: 0.999998 0.00207831 0.000978976 -0.00208879 0.99994 0.0106949 -0.000956774 -0.0106971 0.999943 0.074105 0.113052 -0.183
FixedParameters: 0 0 0

#Transform 137
Transform: AffineTransform_float_3_3
Parameters: 0.999997 0.00230706 0.00075507 -0.00231564 0.999941 0.0105632 -0.000731496 -0.0105658 0.999944 0.0796631 0.133353 -0.118361
FixedParameters: 0 0 0

#Transform 138
Transform: AffineTransform_float_3_3
Parameters: 0.999998 0.00193168 0.000765455 -0.00194038 0.999936 0.0112145 -0.000744329 -0.0112155 0.999937 0.0500705 0.0977885 -0.157241
FixedParameters: 0 0 0

#Transform 139
Transform: AffineTransform_float_3_3
Parameters: 0.999997 0.00239717 0.000443341 -0.00240177 0.999934 0.0112159 -0.000416705 -0.0112171 0.999937 0.0702237 0.128995 -0.137469
FixedParameters: 0 0 0

#Transform 140
Transform: AffineTransform_float_3_3
Parameters: 0.999996 0.00252586 0.000348961 -0.00252956 0.999931 0.011492 -0.000320019 -0.0114919 0.999934 0.068693 0.112589 -0.19604
FixedParameters: 0 0 0

#Transform 141
Transform: AffineTransform_float_3_3
Parameters: 0.999997 0.00252056 0.000351236 -0.00252494 0.99992 0.012348 -0.000320084 -0.0123489 0.999923 0.078296 0.0779468 -0.220814
FixedParameters: 0 0 0

#Transform 142
Transform: AffineTransform_float_3_3
Parameters: 0.999996 0.00274594 0.000739337 -0.00275491 0.999929 0.0116459 -0.000707561 -0.0116481 0.999932 0.0799697 0.114082 -0.2181
FixedParameters: 0 0 0

#Transform 143
Transform: AffineTransform_float_3_3
Parameters: 0.999996 0.00244411 0.000764314 -0.00245318 0.999924 0.0120381 -0.000734685 -0.0120399 0.999927 0.0817362 0.0868509 -0.228278
FixedParameters: 0 0 0

#Transform 144
Transform: AffineTransform_float_3_3
Parameters: 0.999996 0.00261216 -6.65683e-05 -0.00261132 0.999928 0.0117241 9.68295e-05 -0.0117239 0.999932 0.0984238 0.129315 -0.201005
FixedParameters: 0 0 0

#Transform 145
Transform: AffineTransform_float_3_3
Parameters: 0.999997 0.00224697 0.000707176 -0.0022552 0.999929 0.0117553 -0.000680543 -0.0117577 0.99993 0.0748304 0.093171 -0.203695
FixedParameters: 0 0 0

#Transform 146
Transform: AffineTransform_float_3_3
Parameters: 0.999998 0.00229001 0.000275981 -0.00229307 0.999928 0.0117193 -0.000248392 -0.0117197 0.999932 0.0885057 0.117598 -0.184131
FixedParameters: 0 0 0

#Transform 147
Transform: AffineTransform_float_3_3
Parameters: 0.999998 0.00225471 0.000434759 -0.00226046 0.999929 0.0116819 -0.00040817 -0.0116821 0.999931 0.0839019 0.127197 -0.188408
FixedParameters: 0 0 0

#Transform 148
Transform: AffineTransform_float_3_3
Parameters: 0.999998 0.00231255 0.000310169 -0.00231693 0.999919 0.0124572 -0.000281617 -0.0124578 0.999923 0.0826587 0.0881764 -0.204426
FixedParameters: 0 0 0

#Transform 149
Transform: AffineTransform_float_3_3
Parameters: 0.999997 0.00249697 0.00040235 -0.00250111 0.999927 0.0117729 -0.000372695 -0.0117741 0.99993 0.0880502 0.134102 -0.189511
FixedParameters: 0 0 0

#Transform 150
Transform: AffineTransform_float_3_3
Parameters: 0.999998 0.00207052 0.000319576 -0.00207434 0.999915 0.0129283 -0.000292145 -0.0129287 0.999917 0.0764454 0.0795216 -0.242932
FixedParameters: 0 0 0

#Transform 151
Transform: AffineTransform_float_3_3
Parameters: 0.999997 0.00224868 -3.96071e-05 -0.00224836 0.999926 0.011959 6.64057e-05 -0.011959 0.999928 0.0882512 0.0985882 -0.206053
FixedParameters: 0 0 0

#Transform 152
Transform: AffineTransform_float_3_3
Parameters: 0.999997 0.00215481 0.000148332 -0.00215723 0.999916 0.0127656 -0.000121334 -0.0127664 0.999918 0.0908622 0.0574715 -0.253747
FixedParameters: 0 0 0

#Transform 153
Transform: AffineTransform_float_3_3
Parameters: 0.999998 0.00229525 0.00015955 -0.0022967 0.999925 0.0120346 -0.000131375 -0.0120344 0.999927 0.0840883 0.0940693 -0.189086
FixedParameters: 0 0 0

#Transform 154
Transform: AffineTransform_float_3_3
Parameters: 0.999998 0.00226202 0.000577637 -0.00226912 0.999929 0.0116857 -0.000550912 -0.0116864 0.999932 0.0767257 0.0856041 -0.156121
FixedParameters: 0 0 0

#Transform 155
Transform: AffineTransform_float_3_3
Parameters: 0.999997 0.00252206 0.000837886 -0.00253245 0.999927 0.0117718 -0.000807711 -0.0117732 0.999931 0.0694312 0.0929722 -0.146551
FixedParameters: 0 0 0

#Transform 156
Transform: AffineTransform_float_3_3
Parameters: 0.999996 0.00278052 -5.30348e-05 -0.00277905 0.99993 0.01152 8.50678e-05 -0.0115199 0.999933 0.0892114 0.0984261 -0.183448
FixedParameters: 0 0 0

#Transform 157
Transform: AffineTransform_float_3_3
Parameters: 0.999997 0.00244577 9.61348e-05 -0.00244688 0.99992 0.0124617 -6.6211e-05 -0.0124623 0.999923 0.0773946 0.0638339 -0.240832
FixedParameters: 0 0 0

#Transform 158
Transform: AffineTransform_float_3_3
Parameters: 0.999996 0.00302349 -5.70179e-05 -0.00302292 0.999923 0.0120821 9.40954e-05 -0.012082 0.999927 0.0971779 0.0886265 -0.208211
FixedParameters: 0 0 0

#Transform 159
Transform: AffineTransform_float_3_3
Parameters: 0.999996 0.00288301 0.000287782 -0.00288627 0.999912 0.0129521 -0.000250203 -0.0129529 0.999916 0.0630875 0.0554631 -0.244689
FixedParameters: 0 0 0

#Transform 160
Transform: AffineTransform_float_3_3
Parameters: 0.999996 0.00303251 -5.60829e-05 -0.00303197 0.999918 0.0124581 9.36604e-05 -0.0124579 0.999923 0.0818678 0.0800807 -0.188583
FixedParameters: 0 0 0

#Transform 161
Transform: AffineTransform_float_3_3
Parameters: 0.999995 0.00316221 0.000198545 -0.00316412 0.999915 0.0126083 -0.000158892 -0.0126087 0.999921 0.071396 0.0705618 -0.218389
FixedParameters: 0 0 0

#Transform 162
Transform: AffineTransform_float_3_3
Parameters: 0.999994 0.00353302 9.43483e-05 -0.00353431 0.999917 0.0123525 -5.00855e-05 -0.0123535 0.999923 0.0820111 0.0634292 -0.210649
FixedParameters: 0 0 0

#Transform 163
Transform: AffineTransform_float_3_3
Parameters: 0.999994 0.00347169 0.000469458 -0.0034779 0.999923 0.0119562 -0.000428543 -0.0119578 0.999929 0.0717176 0.086646 -0.161861
FixedParameters: 0 0 0

#Transform 164
Transform: AffineTransform_float_3_3
Parameters: 0.999994 0.00345341 0.000209572 -0.00345586 0.999909 0.0130481 -0.000164525 -0.0130489 0.999915 0.0878096 0.0643448 -0.226808
FixedParameters: 0 0 0

#Transform 165
Transform: AffineTransform_float_3_3
Parameters: 0.999993 0.00354134 -6.9371e-05 -0.00353964 0.999922 0.0119321 0.000111855 -0.0119319 0.999929 0.089416 0.109041 -0.200657
FixedParameters: 0 0 0

#Transform 166
Transform: AffineTransform_float_3_3
Parameters: 0.999994 0.00326769 8.39073e-05 -0.00326772 0.999916 0.0125296 -4.30949e-05 -0.0125304 0.999921 0.0752004 0.111391 -0.197294
FixedParameters: 0 0 0

#Transform 167
Transform: AffineTransform_float_3_3
Parameters: 0.999996 0.00288128 0.00017486 -0.00288301 0.999897 0.0140184 -0.000134161 -0.0140196 0.999901 0.0555815 0.0703811 -0.238151
FixedParameters: 0 0 0

#Transform 168
Transform: AffineTransform_float_3_3
Parameters: 0.999995 0.00315356 -5.42386e-05 -0.00315198 0.999899 0.0139041 9.79071e-05 -0.0139039 0.999904 0.073295 0.107321 -0.214077
FixedParameters: 0 0 0

#Transform 169
Transform: AffineTransform_float_3_3
Parameters: 0.999996 0.00286093 0.000206397 -0.00286361 0.999897 0.0140553 -0.000167047 -0.0140557 0.999901 0.0447123 0.0720022 -0.253144
FixedParameters: 0 0 0

#Transform 170
Transform: AffineTransform_float_3_3
Parameters: 0.999995 0.00333639 3.36184e-05 -0.00333634 0.99989 0.0144068 1.4477e-05 -0.0144062 0.999896 0.0583643 0.0708599 -0.251659
FixedParameters: 0 0 0

#Transform 171
Transform: AffineTransform_float_3_3
Parameters: 0.999993 0.00363355 0.000559874 -0.00364123 0.999896 0.0139188 -0.000509891 -0.0139202 0.999903 0.0504929 0.0922726 -0.218423
FixedParameters: 0 0 0

#Transform 172
Transform: AffineTransform_float_3_3
Parameters: 0.999994 0.003584 0.000445876 -0.00359073 0.999893 0.0141953 -0.000395232 -0.0141967 0.999899 0.0533507 0.0729233 -0.228289
FixedParameters: 0 0 0

#Transform 173
Transform: AffineTransform_float_3_3
Parameters: 0.999992 0.00381703 0.000435658 -0.00382216 0.999897 0.0138302 -0.000382243 -0.0138318 0.999904 0.0659701 0.091644 -0.186674
FixedParameters: 0 0 0

#Transform 174
Transform: AffineTransform_float_3_3
Parameters: 0.999994 0.00365625 0.000213941 -0.00365933 0.999894 0.0140891 -0.000161975 -0.0140889 0.9999 0.066818 0.099939 -0.209369
FixedParameters: 0 0 0

#Transform 175
Transform: AffineTransform_float_3_3
Parameters: 0.999994 0.00361732 2.9508e-05 -0.00361724 0.999883 0.0148627 2.4988e-05 -0.0148632 0.999889 0.0745583 0.061776 -0.257397
FixedParameters: 0 0 0

#Transform 176
Transform: AffineTransform_float_3_3
Parameters: 0.999992 0.0038333 2.12878e-05 -0.003833 0.999897 0.0138478 3.18392e-05 -0.0138472 0.999904 0.0798317 0.100688 -0.209938
FixedParameters: 0 0 0

#Transform 177
Transform: AffineTransform_float_3_3
Parameters: 0.999994 0.00349477 0.000101294 -0.00349576 0.999887 0.0146665 -4.98314e-05 -0.0146675 0.999893 0.0786096 0.062153 -0.27692
FixedParameters: 0 0 0

#Transform 178
Transform: AffineTransform_float_3_3
Parameters: 0.999993 0.00389054 -0.00021196 -0.00388639 0.999881 0.0148777 0.000269738 -0.0148773 0.99989 0.101501 0.07492 -0.258247
FixedParameters: 0 0 0

#Transform 179
Transform: AffineTransform_float_3_3
Parameters: 0.999992 0.00397414 0.00035544 -0.00397853 0.999889 0.0143624 -0.000298415 -0.0143646 0.999897 0.0819716 0.0663348 -0.219401
FixedParameters: 0 0 0

#Transform 180
Transform: AffineTransform_float_3_3
Parameters: 0.999994 0.00357796 0.000431277 -0.00358456 0.999871 0.0156743 -0.000375243 -0.0156757 0.999877 0.0936511 0.0466087 -0.279226
FixedParameters: 0 0 0

#Transform 181
Transform: AffineTransform_float_3_3
Parameters: 0.999993 0.00348687 0.000600508 -0.00349551 0.999886 0.0146518 -0.00054951 -0.0146532 0.999893 0.0634463 0.0667923 -0.206142
FixedParameters: 0 0 0

#Transform 182
Transform: AffineTransform_float_3_3
Parameters: 0.999995 0.00312389 0.000371861 -0.00312923 0.999878 0.0153097 -0.000324335 -0.0153103 0.999882 0.0528474 0.0331742 -0.241332
FixedParameters: 0 0 0

#Transform 183
Transform: AffineTransform_float_3_3
Parameters: 0.999993 0.00389145 0.000491337 -0.00389854 0.999877 0.0151789 -0.000432356 -0.0151811 0.999884 0.0772406 0.0867566 -0.169908
FixedParameters: 0 0 0

#Transform 184
Transform: AffineTransform_float_3_3
Parameters: 0.999992 0.00398128 0.000584745 -0.00398926 0.999876 0.0152195 -0.000523766 -0.0152225 0.999884 0.0758354 0.0762921 -0.234276
FixedParameters: 0 0 0

#Transform 185
Transform: AffineTransform_float_3_3
Parameters: 0.999992 0.00399895 0.000328205 -0.00400363 0.999865 0.0159355 -0.000264872 -0.0159365 0.999873 0.0833282 0.071877 -0.259897
FixedParameters: 0 0 0

#Transform 186
Transform: AffineTransform_float_3_3
Parameters: 0.999992 0.0041241 0.00021904 -0.00412703 0.999875 0.015263 -0.000156227 -0.0152641 0.999884 0.0889471 0.0831547 -0.267161
FixedParameters: 0 0 0

#Transform 187
Transform: AffineTransform_float_3_3
Parameters: 0.999991 0.00415421 0.000597535 -0.00416327 0.999868 0.0157483 -0.000531874 -0.0157507 0.999876 0.082772 0.0717342 -0.218507
FixedParameters: 0 0 0

#Transform 188
Transform: AffineTransform_float_3_3
