# transform file /out/sourcedata/freesurfer/sub-v1s22x0050486_ses-1/mri/transforms/cc_up.lta
# created by oesteban on Mon Mar  9 16:26:23 2026

type      = 0 # LINEAR_VOX_TO_VOX
nxforms   = 1
mean      = 131.0000 104.0000 117.0000
sigma     = 10000.0000
1 4 4
9.998204708099365e-01 -1.229342189617455e-03 1.890784502029419e-02 -5.969163894653320e+00 
1.229122397489846e-03 9.999992847442627e-01 2.324423076061066e-05 4.183400726318359e+01 
-1.890785805881023e-02 -1.818989403545856e-12 9.998211860656738e-01 1.953458976745605e+01 
0.000000000000000e+00 0.000000000000000e+00 0.000000000000000e+00 1.000000000000000e+00 
src volume info
valid = 1  # volume info valid
filename = /out/sourcedata/freesurfer/sub-v1s22x0050486_ses-1/mri/norm.mgz
volume = 256 256 256
voxelsize = 1.000000000000000e+00 1.000000000000000e+00 1.000000000000000e+00
xras   = -1.000000000000000e+00 0.000000000000000e+00 0.000000000000000e+00
yras   = 0.000000000000000e+00 0.000000000000000e+00 -1.000000000000000e+00
zras   = 0.000000000000000e+00 1.000000000000000e+00 0.000000000000000e+00
cras   = -1.756362915039062e-01 4.295751953125000e+01 1.285205841064453e+01
dst volume info
valid = 1  # volume info valid
filename = /out/sourcedata/freesurfer/sub-v1s22x0050486_ses-1/mri/norm.mgz
volume = 256 256 256
voxelsize = 1.000000000000000e+00 1.000000000000000e+00 1.000000000000000e+00
xras   = -1.000000000000000e+00 0.000000000000000e+00 0.000000000000000e+00
yras   = 0.000000000000000e+00 0.000000000000000e+00 -1.000000000000000e+00
zras   = 0.000000000000000e+00 1.000000000000000e+00 0.000000000000000e+00
cras   = -1.756362915039062e-01 4.295751953125000e+01 1.285205841064453e+01
