# transform file /out/sourcedata/freesurfer/sub-v1s22x0050479_ses-1/mri/transforms/cc_up.lta
# created by oesteban on Mon Mar  9 15:44:10 2026

type      = 0 # LINEAR_VOX_TO_VOX
nxforms   = 1
mean      = 129.0000 103.0000 117.0000
sigma     = 10000.0000
1 4 4
9.968365430831909e-01 3.971685469150543e-02 6.884456425905228e-02 -1.294810199737549e+01 
-3.962247446179390e-02 9.992110133171082e-01 -2.736448775976896e-03 4.857506179809570e+01 
-6.889892369508743e-02 2.328306714094452e-10 9.976236820220947e-01 3.433242797851562e+01 
0.000000000000000e+00 0.000000000000000e+00 0.000000000000000e+00 1.000000000000000e+00 
src volume info
valid = 1  # volume info valid
filename = /out/sourcedata/freesurfer/sub-v1s22x0050479_ses-1/mri/norm.mgz
volume = 256 256 256
voxelsize = 1.000000000000000e+00 1.000000000000000e+00 1.000000000000000e+00
xras   = -9.999998211860657e-01 3.287823346909136e-10 0.000000000000000e+00
yras   = 0.000000000000000e+00 2.910383045673370e-11 -9.999998807907104e-01
zras   = 1.534317561890930e-09 9.999998807907104e-01 0.000000000000000e+00
cras   = -1.706237792968750e-01 3.519118499755859e+01 -1.425929260253906e+01
dst volume info
valid = 1  # volume info valid
filename = /out/sourcedata/freesurfer/sub-v1s22x0050479_ses-1/mri/norm.mgz
volume = 256 256 256
voxelsize = 1.000000000000000e+00 1.000000000000000e+00 1.000000000000000e+00
xras   = -9.999998211860657e-01 3.287823346909136e-10 0.000000000000000e+00
yras   = 0.000000000000000e+00 2.910383045673370e-11 -9.999998807907104e-01
zras   = 1.534317561890930e-09 9.999998807907104e-01 0.000000000000000e+00
cras   = -1.706237792968750e-01 3.519118499755859e+01 -1.425929260253906e+01
