# transform file transforms/talairach.lta
# created by oesteban on Mon Mar  9 14:26:16 2026

type      = 0 # LINEAR_VOX_TO_VOX
nxforms   = 1
mean      = 129.0000 106.0000 117.0000
sigma     = 10000.0000
1 4 4
1.089747786521912e+00 2.052204869687557e-02 7.136370986700058e-02 -2.672688293457031e+01 
-3.705995529890060e-02 1.092991590499878e+00 2.014172226190567e-01 -8.575566291809082e+00 
-6.931880116462708e-02 -1.859923899173737e-01 9.552463889122009e-01 2.849429702758789e+01 
0.000000000000000e+00 0.000000000000000e+00 0.000000000000000e+00 1.000000000000000e+00 
src volume info
valid = 1  # volume info valid
filename = nu.mgz
volume = 256 256 256
voxelsize = 1.000000000000000e+00 1.000000000000000e+00 1.000000000000000e+00
xras   = -9.999998211860657e-01 3.287823346909136e-10 0.000000000000000e+00
yras   = 0.000000000000000e+00 2.910383045673370e-11 -9.999998807907104e-01
zras   = 1.534317561890930e-09 9.999998807907104e-01 0.000000000000000e+00
cras   = -1.706237792968750e-01 3.519118499755859e+01 -1.425929260253906e+01
dst volume info
valid = 1  # volume info valid
filename = /opt/freesurfer/average/RB_all_2020-01-02.gca
volume = 256 256 256
voxelsize = 1.000000000000000e+00 1.000000000000000e+00 1.000000000000000e+00
xras   = -1.000000000000000e+00 0.000000000000000e+00 0.000000000000000e+00
yras   = 0.000000000000000e+00 0.000000000000000e+00 -1.000000000000000e+00
zras   = 0.000000000000000e+00 1.000000000000000e+00 0.000000000000000e+00
cras   = 0.000000000000000e+00 0.000000000000000e+00 0.000000000000000e+00
