type      = 0 # LINEAR_VOX_TO_VOX
nxforms   = 1
mean      = 0.0000 0.0000 0.0000
sigma     = 1.0000
1 4 4
1.043878793716431e+00 2.368699572980404e-02 5.316499248147011e-02 -1.666468811035156e+01 
-1.821799576282501e-02 1.044042825698853e+00 1.537779867649078e-01 -8.271942138671875e-01 
-6.554398685693741e-02 -1.963129639625549e-01 9.640389084815979e-01 2.836705017089844e+01 
0.000000000000000e+00 0.000000000000000e+00 0.000000000000000e+00 1.000000000000000e+00 
src volume info
valid = 1  # volume info valid
filename = /out/sourcedata/freesurfer/sub-v1s22x0050479_ses-1/mri/orig.mgz
volume = 256 256 256
voxelsize = 1.000000000000000e+00 1.000000000000000e+00 1.000000000000000e+00
xras   = -9.999998211860657e-01 3.287823346909136e-10 0.000000000000000e+00
yras   = 0.000000000000000e+00 2.910383045673370e-11 -9.999998807907104e-01
zras   = 1.534317561890930e-09 9.999998807907104e-01 0.000000000000000e+00
cras   = -1.706237792968750e-01 3.519118499755859e+01 -1.425929260253906e+01
dst volume info
valid = 1  # volume info valid
filename = /opt/freesurfer/average/mni305.cor.mgz
volume = 256 256 256
voxelsize = 1.000000000000000e+00 1.000000000000000e+00 1.000000000000000e+00
xras   = -1.000000000000000e+00 0.000000000000000e+00 0.000000000000000e+00
yras   = 0.000000000000000e+00 0.000000000000000e+00 -1.000000000000000e+00
zras   = 0.000000000000000e+00 1.000000000000000e+00 0.000000000000000e+00
cras   = 0.000000000000000e+00 0.000000000000000e+00 0.000000000000000e+00
subject fsaverage
fscale 0.100000
