type      = 1 # LINEAR_RAS_TO_RAS
nxforms   = 1
mean      = 0.0000 0.0000 0.0000
sigma     = 1.0000
1 4 4
1.043879032135010e+00 -5.316499993205070e-02 2.368699945509434e-02 3.597945928573608e+00 
6.554400175809860e-02 9.640390276908875e-01 1.963129937648773e-01 -4.086886596679688e+01 
-1.821799948811531e-02 -1.537780016660690e-01 1.044042944908142e+00 -1.866135001182556e+00 
0.000000000000000e+00 0.000000000000000e+00 0.000000000000000e+00 1.000000000000000e+00 
src volume info
valid = 1  # volume info valid
filename = /out/sourcedata/freesurfer/sub-v1s22x0050479_ses-1/mri/orig_nu.mgz
volume = 256 256 256
voxelsize = 1.000000000000000e+00 1.000000000000000e+00 1.000000000000000e+00
xras   = -9.999998211860657e-01 3.287823346909136e-10 0.000000000000000e+00
yras   = 0.000000000000000e+00 2.910383045673370e-11 -9.999998807907104e-01
zras   = 1.534317561890930e-09 9.999998807907104e-01 0.000000000000000e+00
cras   = -1.706237792968750e-01 3.519118499755859e+01 -1.425929260253906e+01
dst volume info
valid = 1  # volume info valid
filename = /opt/freesurfer/average/mni305.cor.mgz
volume = 256 256 256
voxelsize = 1.000000000000000e+00 1.000000000000000e+00 1.000000000000000e+00
xras   = -1.000000000000000e+00 0.000000000000000e+00 0.000000000000000e+00
yras   = 0.000000000000000e+00 0.000000000000000e+00 -1.000000000000000e+00
zras   = 0.000000000000000e+00 1.000000000000000e+00 0.000000000000000e+00
cras   = 0.000000000000000e+00 0.000000000000000e+00 0.000000000000000e+00
subject fsaverage
fscale 0.100000
