# transform file /out/sourcedata/freesurfer/sub-v1s22x0050527_ses-1/mri/transforms/cc_up.lta
# created by oesteban on Mon Mar  9 18:06:41 2026

type      = 0 # LINEAR_VOX_TO_VOX
nxforms   = 1
mean      = 129.0000 100.0000 117.0000
sigma     = 10000.0000
1 4 4
9.983476996421814e-01 2.390446886420250e-02 -5.225386098027229e-02 2.357526779174805e+00 
-2.387179248034954e-02 9.997142553329468e-01 1.249457825906575e-03 4.898083496093750e+01 
5.226879939436913e-02 0.000000000000000e+00 9.986330866813660e-01 1.437810802459717e+01 
0.000000000000000e+00 0.000000000000000e+00 0.000000000000000e+00 1.000000000000000e+00 
src volume info
valid = 1  # volume info valid
filename = /out/sourcedata/freesurfer/sub-v1s22x0050527_ses-1/mri/norm.mgz
volume = 256 256 256
voxelsize = 1.000000000000000e+00 1.000000000000000e+00 1.000000000000000e+00
xras   = -1.000000000000000e+00 0.000000000000000e+00 0.000000000000000e+00
yras   = 0.000000000000000e+00 0.000000000000000e+00 -1.000000000000000e+00
zras   = 0.000000000000000e+00 1.000000000000000e+00 0.000000000000000e+00
cras   = 6.022911071777344e+00 4.915606689453125e+01 8.203155517578125e+00
dst volume info
valid = 1  # volume info valid
filename = /out/sourcedata/freesurfer/sub-v1s22x0050527_ses-1/mri/norm.mgz
volume = 256 256 256
voxelsize = 1.000000000000000e+00 1.000000000000000e+00 1.000000000000000e+00
xras   = -1.000000000000000e+00 0.000000000000000e+00 0.000000000000000e+00
yras   = 0.000000000000000e+00 0.000000000000000e+00 -1.000000000000000e+00
zras   = 0.000000000000000e+00 1.000000000000000e+00 0.000000000000000e+00
cras   = 6.022911071777344e+00 4.915606689453125e+01 8.203155517578125e+00
