# transform file /out/sourcedata/freesurfer/sub-v1s22x0050437_ses-1/mri/transforms/cc_up.lta
# created by oesteban on Mon Mar  9 13:24:26 2026

type      = 0 # LINEAR_VOX_TO_VOX
nxforms   = 1
mean      = 126.0000 99.0000 114.0000
sigma     = 10000.0000
1 4 4
9.994738698005676e-01 -6.325257010757923e-03 -3.181137889623642e-02 3.862597703933716e+00 
6.322055589407682e-03 9.999799728393555e-01 -2.012191835092381e-04 4.521314620971680e+01 
3.181201592087746e-02 1.455191522836685e-11 9.994938373565674e-01 2.098019790649414e+01 
0.000000000000000e+00 0.000000000000000e+00 0.000000000000000e+00 1.000000000000000e+00 
src volume info
valid = 1  # volume info valid
filename = /out/sourcedata/freesurfer/sub-v1s22x0050437_ses-1/mri/norm.mgz
volume = 256 256 256
voxelsize = 1.000000000000000e+00 1.000000000000000e+00 1.000000000000000e+00
xras   = -1.000000000000000e+00 0.000000000000000e+00 0.000000000000000e+00
yras   = 0.000000000000000e+00 0.000000000000000e+00 -1.000000000000000e+00
zras   = 0.000000000000000e+00 1.000000000000000e+00 0.000000000000000e+00
cras   = 6.797729492187500e+00 3.985825347900391e+01 2.653518676757812e+00
dst volume info
valid = 1  # volume info valid
filename = /out/sourcedata/freesurfer/sub-v1s22x0050437_ses-1/mri/norm.mgz
volume = 256 256 256
voxelsize = 1.000000000000000e+00 1.000000000000000e+00 1.000000000000000e+00
xras   = -1.000000000000000e+00 0.000000000000000e+00 0.000000000000000e+00
yras   = 0.000000000000000e+00 0.000000000000000e+00 -1.000000000000000e+00
zras   = 0.000000000000000e+00 1.000000000000000e+00 0.000000000000000e+00
cras   = 6.797729492187500e+00 3.985825347900391e+01 2.653518676757812e+00
