# transform file /out/sourcedata/freesurfer/sub-v1s22x0050501_ses-1/mri/transforms/cc_up.lta
# created by oesteban on Mon Mar  9 17:12:00 2026

type      = 0 # LINEAR_VOX_TO_VOX
nxforms   = 1
mean      = 131.0000 112.0000 116.0000
sigma     = 10000.0000
1 4 4
9.976572990417480e-01 6.616345047950745e-02 1.738384738564491e-02 -1.016591262817383e+01 
-6.615340709686279e-02 9.978087544441223e-01 -1.152701210230589e-03 4.495957183837891e+01 
-1.742202229797840e-02 1.164153079491470e-10 9.998481869697571e-01 1.928964042663574e+01 
0.000000000000000e+00 0.000000000000000e+00 0.000000000000000e+00 1.000000000000000e+00 
src volume info
valid = 1  # volume info valid
filename = /out/sourcedata/freesurfer/sub-v1s22x0050501_ses-1/mri/norm.mgz
volume = 256 256 256
voxelsize = 1.000000000000000e+00 1.000000000000000e+00 1.000000000000000e+00
xras   = -1.000000000000000e+00 -1.862645149230957e-09 0.000000000000000e+00
yras   = 0.000000000000000e+00 0.000000000000000e+00 -1.000000000000000e+00
zras   = -1.862645149230957e-09 1.000000000000000e+00 0.000000000000000e+00
cras   = -9.401016235351562e-01 3.829593658447266e+01 -1.594212341308594e+01
dst volume info
valid = 1  # volume info valid
filename = /out/sourcedata/freesurfer/sub-v1s22x0050501_ses-1/mri/norm.mgz
volume = 256 256 256
voxelsize = 1.000000000000000e+00 1.000000000000000e+00 1.000000000000000e+00
xras   = -1.000000000000000e+00 -1.862645149230957e-09 0.000000000000000e+00
yras   = 0.000000000000000e+00 0.000000000000000e+00 -1.000000000000000e+00
zras   = -1.862645149230957e-09 1.000000000000000e+00 0.000000000000000e+00
cras   = -9.401016235351562e-01 3.829593658447266e+01 -1.594212341308594e+01
