# transform file /out/sourcedata/freesurfer/sub-v1s22x0050472_ses-1/mri/transforms/cc_up.lta
# created by oesteban on Mon Mar  9 15:26:21 2026

type      = 0 # LINEAR_VOX_TO_VOX
nxforms   = 1
mean      = 131.0000 97.0000 111.0000
sigma     = 10000.0000
1 4 4
9.982926249504089e-01 -2.399712987244129e-02 -5.325448140501976e-02 8.259568214416504e+00 
2.396305650472641e-02 9.997121095657349e-01 -1.278322772122920e-03 4.910385513305664e+01 
5.326982587575912e-02 1.164153218269348e-10 9.985802173614502e-01 2.337387657165527e+01 
0.000000000000000e+00 0.000000000000000e+00 0.000000000000000e+00 1.000000000000000e+00 
src volume info
valid = 1  # volume info valid
filename = /out/sourcedata/freesurfer/sub-v1s22x0050472_ses-1/mri/norm.mgz
volume = 256 256 256
voxelsize = 1.000000000000000e+00 1.000000000000000e+00 1.000000000000000e+00
xras   = -9.999999403953552e-01 0.000000000000000e+00 0.000000000000000e+00
yras   = -4.656612873077393e-10 0.000000000000000e+00 -9.999999403953552e-01
zras   = 0.000000000000000e+00 1.000000000000000e+00 0.000000000000000e+00
cras   = 2.422576904296875e+00 4.780463409423828e+01 -1.956816101074219e+01
dst volume info
valid = 1  # volume info valid
filename = /out/sourcedata/freesurfer/sub-v1s22x0050472_ses-1/mri/norm.mgz
volume = 256 256 256
voxelsize = 1.000000000000000e+00 1.000000000000000e+00 1.000000000000000e+00
xras   = -9.999999403953552e-01 0.000000000000000e+00 0.000000000000000e+00
yras   = -4.656612873077393e-10 0.000000000000000e+00 -9.999999403953552e-01
zras   = 0.000000000000000e+00 1.000000000000000e+00 0.000000000000000e+00
cras   = 2.422576904296875e+00 4.780463409423828e+01 -1.956816101074219e+01
