#Insight Transform File V1.0
#Transform 0
Transform: AffineTransform_float_3_3
Parameters: 0.999993 0.00256495 0.00295474 -0.00255041 0.999985 -0.00477052 -0.00296774 0.00476247 0.999984 0.139443 -0.0352193 0.0882197
FixedParameters: 0 0 0

#Transform 1
Transform: AffineTransform_float_3_3
Parameters: 0.99999 0.00248915 0.00355713 -0.00247472 0.999988 -0.00409874 -0.00356804 0.00408926 0.999985 0.108027 0.0429593 0.3199
FixedParameters: 0 0 0

#Transform 2
Transform: AffineTransform_float_3_3
Parameters: 0.999991 0.00254047 0.0033487 -0.00252581 0.999988 -0.00438045 -0.00335945 0.00437155 0.999984 0.132533 0.0140596 0.278365
FixedParameters: 0 0 0

#Transform 3
Transform: AffineTransform_float_3_3
Parameters: 0.999992 0.0025376 0.00327614 -0.00252361 0.999988 -0.00422025 -0.0032861 0.00421274 0.999985 0.164914 -0.0060998 0.278515
FixedParameters: 0 0 0

#Transform 4
Transform: AffineTransform_float_3_3
Parameters: 0.999993 0.00172651 0.00339341 -0.00171452 0.999993 -0.00351374 -0.00340016 0.00350726 0.999988 0.141398 0.153162 0.18956
FixedParameters: 0 0 0

#Transform 5
Transform: AffineTransform_float_3_3
Parameters: 0.99999 0.00302904 0.00347769 -0.00301488 0.999987 -0.00414148 -0.00349027 0.00413052 0.999985 0.098406 0.105472 0.481927
FixedParameters: 0 0 0

#Transform 6
Transform: AffineTransform_float_3_3
Parameters: 0.999991 0.00291375 0.00325791 -0.00289785 0.999983 -0.00498144 -0.00327237 0.00497156 0.999982 0.102535 0.157707 0.458132
FixedParameters: 0 0 0

#Transform 7
Transform: AffineTransform_float_3_3
Parameters: 0.999991 0.00271379 0.00324503 -0.0026969 0.999983 -0.00515475 -0.00325843 0.00514526 0.999982 0.0862623 0.0867199 0.386969
FixedParameters: 0 0 0

#Transform 8
Transform: AffineTransform_float_3_3
Parameters: 0.999993 0.00261467 0.00290584 -0.0026 0.999985 -0.00486757 -0.00291882 0.00486043 0.999984 0.115878 0.10895 0.29554
FixedParameters: 0 0 0

#Transform 9
Transform: AffineTransform_float_3_3
Parameters: 1 0.000538016 0.00100957 -0.000535825 0.999998 -0.00157951 -0.00101124 0.00157848 0.999998 0.0498459 0.150142 0.166849
FixedParameters: 0 0 0

#Transform 10
Transform: AffineTransform_float_3_3
Parameters: 0.999999 -0.000176409 0.00142401 0.000173182 0.999997 0.00218528 -0.00142486 -0.00218572 0.999996 0.0240038 0.315992 0.109023
FixedParameters: 0 0 0

#Transform 11
Transform: AffineTransform_float_3_3
Parameters: 0.999999 -6.87558e-05 0.00142114 6.49183e-05 0.999995 0.00310812 -0.0014217 -0.00310788 0.999994 0.0268757 0.238255 0.0752426
FixedParameters: 0 0 0

#Transform 12
Transform: AffineTransform_float_3_3
Parameters: 0.999999 -6.00949e-05 0.00178102 5.45061e-05 0.999994 0.00326116 -0.00178057 -0.00326084 0.999993 0.0403959 0.164313 0.0312189
FixedParameters: 0 0 0

#Transform 13
Transform: AffineTransform_float_3_3
Parameters: 0.999998 0.000313518 0.00164462 -0.000318521 0.999996 0.00273751 -0.00164301 -0.00273849 0.999995 0.0338035 0.202499 0.0426673
FixedParameters: 0 0 0

#Transform 14
Transform: AffineTransform_float_3_3
Parameters: 0.999998 0.00048007 0.00159448 -0.000485298 0.999995 0.00288526 -0.0015928 -0.00288674 0.999994 0.0405119 0.168019 -0.006399
FixedParameters: 0 0 0

#Transform 15
Transform: AffineTransform_float_3_3
Parameters: 0.999999 0.000135205 0.00141601 -0.00013796 0.999997 0.00238484 -0.00141547 -0.00238517 0.999996 0.0654897 0.103024 -0.0627845
FixedParameters: 0 0 0

#Transform 16
Transform: AffineTransform_float_3_3
Parameters: 0.999999 0.000195561 0.00141431 -0.000197558 0.999999 0.00141275 -0.00141381 -0.00141325 0.999998 0.0852544 0.0314452 0.0309515
FixedParameters: 0 0 0

#Transform 17
Transform: AffineTransform_float_3_3
Parameters: 0.999998 0.000108107 0.00161665 -0.000109254 1 0.00066388 -0.00161654 -0.00066412 0.999999 0.110369 0.0627618 0.0268859
FixedParameters: 0 0 0

#Transform 18
Transform: AffineTransform_float_3_3
Parameters: 0.999997 -0.00125846 -0.00171007 0.00125902 0.999999 0.000446875 0.00170997 -0.000449127 0.999999 -0.163166 -0.0866238 0.0491975
FixedParameters: 0 0 0

#Transform 19
Transform: AffineTransform_float_3_3
Parameters: 0.999998 -0.00160344 -0.00127859 0.00160322 0.999998 -8.60516e-05 0.00127887 8.3948e-05 0.999999 -0.0987398 -0.0491937 0.0567867
FixedParameters: 0 0 0

#Transform 20
Transform: AffineTransform_float_3_3
Parameters: 1 -0.000264042 -0.000177729 0.000264087 1 0.000125953 0.000177663 -0.000126047 1 -0.00542801 -0.00961668 0.00794759
FixedParameters: 0 0 0

#Transform 21
Transform: AffineTransform_float_3_3
Parameters: 0.999999 -0.000661516 0.000315445 0.000661376 0.999999 0.000221209 -0.000315738 -0.00022179 1 0.0258968 -0.0634884 -0.0110524
FixedParameters: 0 0 0

#Transform 22
Transform: AffineTransform_float_3_3
Parameters: 1 -0.000494881 0.000406913 0.000494778 1 0.000126201 -0.000407037 -0.000125799 1 0.0341457 -0.035744 -0.00388519
FixedParameters: 0 0 0

#Transform 23
Transform: AffineTransform_float_3_3
Parameters: 1 -0.000252852 0.000219296 0.000253107 1 -0.000582944 -0.000219001 0.000583055 1 0.0153565 -0.00123231 0.0960997
FixedParameters: 0 0 0

#Transform 24
Transform: AffineTransform_float_3_3
Parameters: 1 0.00010571 5.79858e-05 -0.000105615 0.999999 -0.000819006 -5.81589e-05 0.000818993 0.999999 0.00553602 0.0125975 0.0845668
FixedParameters: 0 0 0

#Transform 25
Transform: AffineTransform_float_3_3
Parameters: 1 0.000527518 4.60621e-05 -0.000527478 1 -0.000431024 -4.65168e-05 0.000430975 1 -0.0107717 -0.0334996 0.0752922
FixedParameters: 0 0 0

#Transform 26
Transform: AffineTransform_float_3_3
Parameters: 1 0.000534869 0.00016606 -0.000534825 1 -0.000133089 -0.000166202 0.000132911 1 -0.0230436 -0.017577 0.106835
FixedParameters: 0 0 0

#Transform 27
Transform: AffineTransform_float_3_3
Parameters: 0.999999 0.000881143 0.000134147 -0.000881023 0.999999 -0.000345118 -0.000133755 0.000344882 1 -0.0338934 -0.00372472 0.0917194
FixedParameters: 0 0 0

#Transform 28
Transform: AffineTransform_float_3_3
Parameters: 0.999999 0.00135306 0.000342468 -0.00135312 0.999999 8.45088e-05 -0.000342238 -8.54911e-05 1 -0.0678915 -0.0243651 0.103877
FixedParameters: 0 0 0

#Transform 29
Transform: AffineTransform_float_3_3
Parameters: 0.999999 0.00135583 0.000432699 -0.00135543 0.999999 -0.000456616 -0.000433937 0.000456383 1 -0.0693788 -0.0332419 0.119223
FixedParameters: 0 0 0

#Transform 30
Transform: AffineTransform_float_3_3
Parameters: 0.999999 0.00177259 0.000425612 -0.00177256 0.999999 -3.48111e-05 -0.000425734 3.41888e-05 1 -0.11866 -0.0247536 0.0145581
FixedParameters: 0 0 0

#Transform 31
Transform: AffineTransform_float_3_3
Parameters: 0.999998 0.00228621 0.000279997 -0.00228529 0.999997 -0.00143973 -0.000282579 0.00143927 0.999999 -0.114406 -0.089288 -0.0204942
FixedParameters: 0 0 0

#Transform 32
Transform: AffineTransform_float_3_3
Parameters: 0.999997 0.00211687 0.000412749 -0.0021159 0.999997 -0.00109593 -0.000415387 0.00109507 1 -0.109485 -0.0134853 -0.0364266
FixedParameters: 0 0 0

#Transform 33
Transform: AffineTransform_float_3_3
Parameters: 0.999998 0.00232055 1.92685e-05 -0.00232042 0.999997 -0.00127013 -2.21637e-05 0.00126987 0.999999 -0.0975487 -0.128012 -0.0755268
FixedParameters: 0 0 0

#Transform 34
Transform: AffineTransform_float_3_3
Parameters: 0.999997 0.00235178 0.000127875 -0.00235131 0.999996 -0.00149539 -0.000131909 0.00149561 0.999999 -0.0984449 -0.0846521 -0.110976
FixedParameters: 0 0 0

#Transform 35
Transform: AffineTransform_float_3_3
Parameters: 0.999997 0.0023583 -2.43826e-05 -0.00235826 0.999996 -0.00149503 2.13298e-05 0.00149497 0.999999 -0.10534 -0.0390917 -0.106662
FixedParameters: 0 0 0

#Transform 36
Transform: AffineTransform_float_3_3
Parameters: 0.999997 0.00242641 0.000405705 -0.00242618 0.999997 -0.00029207 -0.000407119 0.000290928 1 -0.129322 -0.143993 -0.0405784
FixedParameters: 0 0 0

#Transform 37
Transform: AffineTransform_float_3_3
Parameters: 0.999998 0.00224875 0.000409243 -0.00224792 0.999997 -0.000951979 -0.000411523 0.000951021 1 -0.0955977 -0.0404677 -0.0898512
FixedParameters: 0 0 0

#Transform 38
Transform: AffineTransform_float_3_3
Parameters: 0.999998 0.00202188 0.000415664 -0.00202197 0.999998 -0.0010179 -0.000417751 0.0010171 1 -0.0906352 -0.126109 -0.0959111
FixedParameters: 0 0 0

#Transform 39
Transform: AffineTransform_float_3_3
Parameters: 0.999998 0.00202494 0.000415255 -0.0020239 0.999998 -0.0011769 -0.000418019 0.0011761 0.999999 -0.0838419 -0.156051 -0.0630469
FixedParameters: 0 0 0

#Transform 40
Transform: AffineTransform_float_3_3
Parameters: 0.999998 0.00153368 0.000431201 -0.0015336 0.999999 -9.46901e-05 -0.000431491 9.43096e-05 1 -0.0660007 -0.0288708 -0.123707
FixedParameters: 0 0 0

#Transform 41
Transform: AffineTransform_float_3_3
Parameters: 0.999998 0.00153052 0.000431847 -0.00153079 0.999999 0.00027231 -0.000432013 -0.00027269 1 -0.0661065 -0.028557 -0.151065
FixedParameters: 0 0 0

#Transform 42
Transform: AffineTransform_float_3_3
Parameters: 0.999997 0.00215034 0.000419589 -0.00215064 0.999995 0.00255602 -0.000414647 -0.00255698 0.999996 -0.0598 -0.126716 0.0324524
FixedParameters: 0 0 0

#Transform 43
Transform: AffineTransform_float_3_3
Parameters: 0.999999 0.00172804 0.000428036 -0.00172915 0.999998 0.00123423 -0.000425767 -0.00123477 0.999999 -0.0606883 -0.0757452 0.0209651
FixedParameters: 0 0 0

#Transform 44
Transform: AffineTransform_float_3_3
Parameters: 0.999998 0.00153162 0.000483828 -0.00153254 0.999998 0.000925259 -0.000481992 -0.00092574 1 -0.0577956 -0.0288923 0.0372398
FixedParameters: 0 0 0

#Transform 45
Transform: AffineTransform_float_3_3
Parameters: 0.999998 0.00153603 0.00065524 -0.0015377 0.999998 0.00123397 -0.000653445 -0.00123503 0.999999 -0.0451813 -0.147829 -0.083047
FixedParameters: 0 0 0

#Transform 46
Transform: AffineTransform_float_3_3
Parameters: 0.999997 0.00259537 0.000652893 -0.00259602 0.999996 0.00120422 -0.000649664 -0.00120578 0.999999 -0.11906 -0.0454081 0.24809
FixedParameters: 0 0 0

#Transform 47
Transform: AffineTransform_float_3_3
Parameters: 0.999996 0.00258092 0.000107057 -0.00258104 0.999996 0.000418641 -0.000105894 -0.000419358 1 -0.140508 0.0441806 0.0592761
FixedParameters: 0 0 0

#Transform 48
Transform: AffineTransform_float_3_3
Parameters: 0.999997 0.00261007 0.000633402 -0.00261217 0.999994 0.00232627 -0.000627276 -0.00232773 0.999997 -0.146411 0.179699 -0.0490565
FixedParameters: 0 0 0

#Transform 49
Transform: AffineTransform_float_3_3
Parameters: 0.999997 0.00262234 0.000635627 -0.00262217 0.999997 0.000613222 -0.000634434 -0.000614779 0.999999 -0.132486 -0.0129448 0.086779
FixedParameters: 0 0 0

#Transform 50
Transform: AffineTransform_float_3_3
Parameters: 0.999996 0.00270636 0.000512707 -0.00270638 0.999997 2.65001e-05 -0.000512558 -2.84997e-05 1 -0.175851 -0.0684302 0.142593
FixedParameters: 0 0 0

#Transform 51
Transform: AffineTransform_float_3_3
Parameters: 0.999996 0.00273311 0.000422482 -0.00273266 0.999996 -0.000504269 -0.000424234 0.00050273 1 -0.167963 0.028628 0.0851549
FixedParameters: 0 0 0

#Transform 52
Transform: AffineTransform_float_3_3
Parameters: 0.999996 0.00259314 0.000324227 -0.00259299 0.999996 -0.000191926 -0.00032422 0.000191075 1 -0.17009 -0.0375644 0.0520131
FixedParameters: 0 0 0

#Transform 53
Transform: AffineTransform_float_3_3
Parameters: 0.999996 0.0028202 0.00018363 -0.00282027 0.999996 0.00010737 -0.000184023 -0.000107632 1 -0.172284 -0.00928813 0.120164
FixedParameters: 0 0 0

#Transform 54
Transform: AffineTransform_float_3_3
Parameters: 0.999995 0.00309954 -9.54761e-05 -0.00309954 0.999995 3.41565e-05 9.56869e-05 -3.38431e-05 1 -0.188932 -0.036249 0.0442669
FixedParameters: 0 0 0

#Transform 55
Transform: AffineTransform_float_3_3
Parameters: 0.999996 0.00302119 -0.000143061 -0.00302116 0.999996 0.000116293 0.000143762 -0.000115706 1 -0.184419 -0.0578533 0.0605776
FixedParameters: 0 0 0

#Transform 56
Transform: AffineTransform_float_3_3
Parameters: 0.999995 0.00297111 0.000106195 -0.00297112 0.999995 3.75722e-05 -0.000105972 -3.74274e-05 1 -0.189263 0.000556898 0.0726656
FixedParameters: 0 0 0

#Transform 57
Transform: AffineTransform_float_3_3
Parameters: 0.999996 0.00283077 0.000165484 -0.00283068 0.999996 -0.000191582 -0.000165569 0.00019142 1 -0.149677 -0.0680748 0.0286982
FixedParameters: 0 0 0

#Transform 58
Transform: AffineTransform_float_3_3
Parameters: 0.999996 0.00276247 0.000197117 -0.00276266 0.999996 0.000425345 -0.000195766 -0.000425655 1 -0.157083 -0.13291 -0.00639
FixedParameters: 0 0 0

#Transform 59
Transform: AffineTransform_float_3_3
Parameters: 0.999996 0.00280996 0.000284222 -0.00281007 0.999996 0.00020309 -0.000283078 -0.000203909 1 -0.114731 0.0607812 -0.0549804
FixedParameters: 0 0 0

#Transform 60
Transform: AffineTransform_float_3_3
Parameters: 0.999997 0.00205668 0.000533868 -0.00205673 0.999998 4.18455e-05 -0.000533694 -4.31543e-05 1 -0.12781 0.0211002 0.00523034
FixedParameters: 0 0 0

#Transform 61
Transform: AffineTransform_float_3_3
Parameters: 0.999998 0.00223954 0.000186485 -0.00223874 0.999996 -0.00181648 -0.000190622 0.00181652 0.999999 -0.106183 -0.0150687 0.139511
FixedParameters: 0 0 0

#Transform 62
Transform: AffineTransform_float_3_3
Parameters: 0.999997 0.00258889 0.000643736 -0.00258818 0.999996 -0.00125776 -0.000647217 0.00125624 0.999999 -0.12303 -0.126647 0.106914
FixedParameters: 0 0 0

#Transform 63
Transform: AffineTransform_float_3_3
Parameters: 0.999995 0.00302868 0.00071129 -0.00302748 0.999995 -0.000806271 -0.000714166 0.000803728 1 -0.148082 -0.0824896 0.0291209
FixedParameters: 0 0 0

#Transform 64
Transform: AffineTransform_float_3_3
Parameters: 0.999994 0.00324363 0.000434094 -0.00324317 0.999994 -0.00046755 -0.00043512 0.000465451 1 -0.138179 -0.11698 -0.024368
FixedParameters: 0 0 0

#Transform 65
Transform: AffineTransform_float_3_3
Parameters: 0.999995 0.00312471 0.000544538 -0.00312418 0.999995 -0.000459845 -0.000546407 0.000458154 0.999999 -0.161234 -0.113197 -0.0281008
FixedParameters: 0 0 0

#Transform 66
Transform: AffineTransform_float_3_3
Parameters: 0.999996 0.00299392 0.000415703 -0.00299365 0.999996 -0.000290386 -0.000416437 0.000288614 1 -0.157165 -0.0302054 -0.0259172
FixedParameters: 0 0 0

#Transform 67
Transform: AffineTransform_float_3_3
Parameters: 0.999994 0.00319389 0.000709772 -0.00319322 0.999995 0.000211593 -0.00070944 -0.000214408 0.999999 -0.155038 -0.158656 -0.0823751
FixedParameters: 0 0 0

#Transform 68
Transform: AffineTransform_float_3_3
Parameters: 0.999995 0.0032792 0.000655353 -0.00327892 0.999994 0.000507712 -0.000654046 -0.000509289 0.999999 -0.178101 -0.0963108 -0.0517339
FixedParameters: 0 0 0

#Transform 69
Transform: AffineTransform_float_3_3
Parameters: 0.999993 0.00366933 0.000619849 -0.00367009 0.999993 0.000563531 -0.000617705 -0.000565468 0.999999 -0.210789 -0.132358 -0.0523405
FixedParameters: 0 0 0

#Transform 70
Transform: AffineTransform_float_3_3
Parameters: 0.999992 0.003683 0.00110114 -0.00368333 0.999994 0.000146774 -0.00110004 -0.000150224 1 -0.207488 -0.0623767 0.0553306
FixedParameters: 0 0 0

#Transform 71
Transform: AffineTransform_float_3_3
Parameters: 0.999995 0.00323589 0.000902357 -0.00323779 0.999992 0.00260095 -0.000893589 -0.00260405 0.999996 -0.209841 -0.0283131 0.112269
FixedParameters: 0 0 0

#Transform 72
Transform: AffineTransform_float_3_3
Parameters: 0.999994 0.00360789 0.000672962 -0.00360845 0.999993 0.000399405 -0.000671067 -0.000402593 0.999999 -0.190315 0.0751432 0.151819
FixedParameters: 0 0 0

#Transform 73
Transform: AffineTransform_float_3_3
Parameters: 0.999992 0.00370645 0.00089145 -0.00370625 0.999993 -0.000112475 -0.000892269 0.000108524 1 -0.246464 -0.0667851 0.164509
FixedParameters: 0 0 0

#Transform 74
Transform: AffineTransform_float_3_3
Parameters: 0.999993 0.00382799 0.000693772 -0.00382774 0.999992 -0.000162854 -0.000694009 0.000160147 0.999999 -0.256772 -0.0281878 0.0369183
FixedParameters: 0 0 0

#Transform 75
Transform: AffineTransform_float_3_3
Parameters: 0.999992 0.00383249 0.00094283 -0.00383393 0.99999 0.0022242 -0.000934845 -0.0022278 0.999997 -0.233996 -0.0235916 0.186063
FixedParameters: 0 0 0

#Transform 76
Transform: AffineTransform_float_3_3
Parameters: 0.999991 0.00426029 0.000334988 -0.00426052 0.999989 0.00160233 -0.000327355 -0.00160366 0.999998 -0.298121 0.0607842 0.391613
FixedParameters: 0 0 0

#Transform 77
Transform: AffineTransform_float_3_3
Parameters: 0.99999 0.00459251 -0.000400903 -0.00459272 0.99999 -0.000328469 0.000399875 0.000330534 1 -0.256224 0.107184 0.163186
FixedParameters: 0 0 0

#Transform 78
Transform: AffineTransform_float_3_3
Parameters: 0.999985 0.00533422 -0.000560725 -0.00533368 0.999985 -0.000478405 0.000558575 0.000481597 1 -0.276386 0.0952413 0.0424022
FixedParameters: 0 0 0

#Transform 79
Transform: AffineTransform_float_3_3
Parameters: 0.999989 0.00457864 3.29525e-05 -0.00457872 0.99999 0.000389546 -3.13849e-05 -0.000389456 1 -0.271146 0.0548835 0.0679739
FixedParameters: 0 0 0

#Transform 80
Transform: AffineTransform_float_3_3
Parameters: 0.999992 0.0038279 -0.000269611 -0.00382807 0.999993 -0.000423194 0.000268368 0.000423808 1 -0.221659 0.0735369 0.0392018
FixedParameters: 0 0 0

#Transform 81
Transform: AffineTransform_float_3_3
Parameters: 0.999995 0.0033833 3.34463e-05 -0.00338325 0.999994 -0.000325283 -3.46458e-05 0.000324717 1 -0.239315 -0.0638941 0.200873
FixedParameters: 0 0 0

#Transform 82
Transform: AffineTransform_float_3_3
Parameters: 0.999994 0.00343817 -7.81105e-05 -0.00343821 0.999994 -0.000604902 7.59495e-05 0.000605097 1 -0.226339 0.0229279 0.158865
FixedParameters: 0 0 0

#Transform 83
Transform: AffineTransform_float_3_3
Parameters: 0.999994 0.00348047 -0.00020884 -0.00348061 0.999994 -0.000452442 0.000207689 0.000452559 1 -0.234525 -0.0643115 0.129508
FixedParameters: 0 0 0

#Transform 84
Transform: AffineTransform_float_3_3
Parameters: 0.999993 0.0037425 3.83363e-05 -0.00374254 0.999993 0.000218662 -3.77004e-05 -0.000218339 1 -0.218506 0.0201733 0.103713
FixedParameters: 0 0 0

#Transform 85
Transform: AffineTransform_float_3_3
Parameters: 0.999994 0.00345208 -0.000153813 -0.00345199 0.999994 0.000473366 0.000155079 -0.000472635 1 -0.2181 -0.0362786 0.0750843
FixedParameters: 0 0 0

#Transform 86
Transform: AffineTransform_float_3_3
Parameters: 0.999994 0.00343375 4.93705e-05 -0.00343373 0.999994 -0.000225339 -5.09191e-05 0.000225658 1 -0.220594 0.142067 0.456753
FixedParameters: 0 0 0

#Transform 87
Transform: AffineTransform_float_3_3
Parameters: 0.999995 0.00333158 0.00053077 -0.00333174 0.999994 -0.000728941 -0.000533594 0.000727057 0.999999 -0.190864 0.118131 0.282427
FixedParameters: 0 0 0

#Transform 88
Transform: AffineTransform_float_3_3
Parameters: 0.999992 0.00361406 0.00131611 -0.00362629 0.99995 0.00935015 -0.00128174 -0.00935485 0.999956 -0.155564 0.22979 0.204565
FixedParameters: 0 0 0

#Transform 89
Transform: AffineTransform_float_3_3
Parameters: 0.999993 0.00342116 0.00153967 -0.00343364 0.999956 0.00874266 -0.00150913 -0.00874735 0.999961 -0.155692 0.185803 0.107625
FixedParameters: 0 0 0

#Transform 90
Transform: AffineTransform_float_3_3
Parameters: 0.999992 0.00351083 0.00148144 -0.00352473 0.999954 0.00888672 -0.00144925 -0.00889227 0.99996 -0.150729 0.114951 0.190949
FixedParameters: 0 0 0

#Transform 91
Transform: AffineTransform_float_3_3
Parameters: 0.999992 0.00368537 0.00113576 -0.0036941 0.999962 0.0079887 -0.00110606 -0.00799331 0.999968 -0.146985 0.128372 0.144181
FixedParameters: 0 0 0

#Transform 92
Transform: AffineTransform_float_3_3
Parameters: 0.999991 0.00400721 0.00137674 -0.00401698 0.999965 0.00732034 -0.00134727 -0.00732567 0.999972 -0.16684 0.0960474 0.193898
FixedParameters: 0 0 0

#Transform 93
Transform: AffineTransform_float_3_3
Parameters: 0.99998 0.00489166 0.00398456 -0.00500669 0.99956 0.0292515 -0.00384009 -0.0292715 0.999564 -0.145191 0.431678 -0.316667
FixedParameters: 0 0 0

#Transform 94
Transform: AffineTransform_float_3_3
Parameters: 0.999983 0.00475141 0.00334333 -0.00483753 0.999642 0.0262981 -0.0032175 -0.0263139 0.999649 -0.123611 0.310821 -0.307896
FixedParameters: 0 0 0

#Transform 95
Transform: AffineTransform_float_3_3
Parameters: 0.999982 0.00506156 0.00306024 -0.00513575 0.999679 0.0247975 -0.00293337 -0.0248135 0.999688 -0.120309 0.299313 -0.218253
FixedParameters: 0 0 0

#Transform 96
Transform: AffineTransform_float_3_3
Parameters: 0.999986 0.00459593 0.00266021 -0.00465718 0.999705 0.0238228 -0.00255049 -0.0238342 0.999713 -0.117623 0.215663 -0.309262
FixedParameters: 0 0 0

#Transform 97
Transform: AffineTransform_float_3_3
Parameters: 0.999983 0.0052761 0.00251861 -0.00533043 0.999745 0.0219587 -0.00240215 -0.0219713 0.999756 -0.1156 0.109328 -0.265375
FixedParameters: 0 0 0

#Transform 98
Transform: AffineTransform_float_3_3
Parameters: 0.999983 0.00525172 0.00251538 -0.00530372 0.999759 0.0213147 -0.00240282 -0.0213283 0.99977 -0.0953336 0.194056 -0.349905
FixedParameters: 0 0 0

#Transform 99
Transform: AffineTransform_float_3_3
Parameters: 0.999985 0.0048822 0.00242773 -0.00493138 0.999778 0.0204741 -0.00232711 -0.0204859 0.999788 -0.102301 0.14308 -0.302856
FixedParameters: 0 0 0

#Transform 100
Transform: AffineTransform_float_3_3
Parameters: 0.999984 0.00495387 0.00250331 -0.00499921 0.999817 0.0184715 -0.00241069 -0.0184845 0.999826 -0.105186 0.14724 -0.232419
FixedParameters: 0 0 0

#Transform 101
Transform: AffineTransform_float_3_3
Parameters: 0.999988 0.00460638 0.00205167 -0.00464155 0.999834 0.0176205 -0.00197069 -0.0176295 0.999843 -0.105535 0.105479 -0.247251
FixedParameters: 0 0 0

#Transform 102
Transform: AffineTransform_float_3_3
Parameters: 0.999985 0.00525945 0.00166047 -0.00528228 0.999887 0.0140991 -0.00158545 -0.0141079 0.999899 -0.123399 -0.0658511 -0.208087
FixedParameters: 0 0 0

#Transform 103
Transform: AffineTransform_float_3_3
Parameters: 0.999983 0.00553791 0.00169871 -0.00555923 0.9999 0.0130264 -0.00162574 -0.0130356 0.999914 -0.172392 0.0694712 -0.159194
FixedParameters: 0 0 0

#Transform 104
Transform: AffineTransform_float_3_3
Parameters: 0.999988 0.00476525 0.00125902 -0.00477564 0.999952 0.00856981 -0.00121855 -0.0085762 0.999963 -0.158249 0.00759928 -0.117382
FixedParameters: 0 0 0

#Transform 105
Transform: AffineTransform_float_3_3
Parameters: 0.999991 0.00406719 0.00123803 -0.00407627 0.999964 0.00745682 -0.00120755 -0.00746218 0.999972 -0.144944 -0.0482634 -0.048114
FixedParameters: 0 0 0

#Transform 106
Transform: AffineTransform_float_3_3
Parameters: 0.999993 0.00360689 0.00107607 -0.0036143 0.999967 0.007362 -0.00105014 -0.00736502 0.999973 -0.122148 0.0330094 -0.0768479
FixedParameters: 0 0 0

#Transform 107
Transform: AffineTransform_float_3_3
Parameters: 0.999993 0.00365917 0.000865626 -0.00366435 0.99997 0.0067237 -0.00084156 -0.0067263 0.999977 -0.138998 -0.0450395 -0.125091
FixedParameters: 0 0 0

#Transform 108
Transform: AffineTransform_float_3_3
Parameters: 0.999992 0.00382627 0.001136 -0.00383254 0.999977 0.00563152 -0.00111404 -0.00563548 0.999984 -0.131982 0.0575214 -0.0996829
FixedParameters: 0 0 0

#Transform 109
Transform: AffineTransform_float_3_3
Parameters: 0.999992 0.00363358 0.0011437 -0.00364046 0.999973 0.00629974 -0.00112008 -0.00630426 0.99998 -0.140021 -0.0510542 -0.0360651
FixedParameters: 0 0 0

#Transform 110
Transform: AffineTransform_float_3_3
Parameters: 0.999993 0.00376361 0.00103144 -0.00377034 0.999975 0.00591798 -0.00100999 -0.00592201 0.999982 -0.131075 0.025011 -0.0747832
FixedParameters: 0 0 0

#Transform 111
Transform: AffineTransform_float_3_3
Parameters: 0.999991 0.00387939 0.00124251 -0.00388733 0.999971 0.00658406 -0.00121759 -0.00658895 0.999978 -0.148613 -0.0590869 -0.0836729
FixedParameters: 0 0 0

#Transform 112
Transform: AffineTransform_float_3_3
Parameters: 0.999992 0.00402396 0.00108041 -0.00403076 0.99997 0.00659047 -0.00105352 -0.00659452 0.999977 -0.129618 0.053248 -0.142943
FixedParameters: 0 0 0

#Transform 113
Transform: AffineTransform_float_3_3
Parameters: 0.999992 0.00395729 0.00087382 -0.00396284 0.999968 0.00685339 -0.000846711 -0.0068566 0.999976 -0.127909 -0.0389674 -0.150172
FixedParameters: 0 0 0

#Transform 114
Transform: AffineTransform_float_3_3
Parameters: 0.999992 0.00388714 0.000982211 -0.00389305 0.999972 0.00630706 -0.000957311 -0.00631094 0.99998 -0.121712 -0.0127744 -0.136265
FixedParameters: 0 0 0

#Transform 115
Transform: AffineTransform_float_3_3
Parameters: 0.999992 0.00385427 0.00107802 -0.0038622 0.999968 0.0071097 -0.00105135 -0.00711431 0.999974 -0.133271 -0.0512395 -0.173041
FixedParameters: 0 0 0

#Transform 116
Transform: AffineTransform_float_3_3
Parameters: 0.999991 0.00399194 0.00100449 -0.0039995 0.999968 0.00694684 -0.000977141 -0.00695116 0.999976 -0.127496 -0.0751814 -0.187162
FixedParameters: 0 0 0

#Transform 117
Transform: AffineTransform_float_3_3
Parameters: 0.999992 0.00408687 0.000655188 -0.00409115 0.999969 0.00664415 -0.000627969 -0.00664684 0.999977 -0.124596 -0.0668315 -0.277906
FixedParameters: 0 0 0

#Transform 118
Transform: AffineTransform_float_3_3
Parameters: 0.999991 0.00436242 0.000663531 -0.00436628 0.999971 0.00623091 -0.000636262 -0.00623309 0.999981 -0.144477 -0.13739 -0.338554
FixedParameters: 0 0 0

#Transform 119
Transform: AffineTransform_float_3_3
Parameters: 0.999992 0.00412483 0.000638679 -0.00412936 0.999972 0.00623119 -0.000613336 -0.00623381 0.999981 -0.137792 -0.0545091 -0.278075
FixedParameters: 0 0 0

#Transform 120
Transform: AffineTransform_float_3_3
Parameters: 0.999991 0.0043519 0.000170935 -0.00435335 0.999975 0.00560906 -0.00014612 -0.00560994 0.999984 -0.18173 -0.113426 -0.317297
FixedParameters: 0 0 0

#Transform 121
Transform: AffineTransform_float_3_3
Parameters: 0.999991 0.00433239 -0.000708911 -0.00432868 0.999973 0.00582687 0.000734488 -0.00582412 0.999983 -0.186397 -0.0771596 -0.255144
FixedParameters: 0 0 0

#Transform 122
Transform: AffineTransform_float_3_3
Parameters: 0.999989 0.00461504 -0.000526934 -0.00461251 0.999978 0.00478417 0.00054913 -0.00478082 0.999988 -0.167906 -0.0250152 -0.314508
FixedParameters: 0 0 0

#Transform 123
Transform: AffineTransform_float_3_3
Parameters: 0.999989 0.00480434 -0.000302117 -0.00480286 0.999976 0.0050202 0.000326378 -0.0050188 0.999988 -0.220214 -0.104201 -0.301947
FixedParameters: 0 0 0

#Transform 124
Transform: AffineTransform_float_3_3
Parameters: 0.999987 0.00520913 -0.000508483 -0.00520803 0.999981 0.00348031 0.000526788 -0.00347769 0.999994 -0.238077 0.033324 -0.172603
FixedParameters: 0 0 0

#Transform 125
Transform: AffineTransform_float_3_3
Parameters: 0.999989 0.004804 2.02281e-05 -0.0048045 0.999984 0.0029896 -6.4926e-06 -0.0029904 0.999995 -0.242366 -0.0183439 -0.155913
FixedParameters: 0 0 0

#Transform 126
Transform: AffineTransform_float_3_3
Parameters: 0.99999 0.00430919 2.72354e-05 -0.00430949 0.999989 0.00175165 -2.01323e-05 -0.00175236 0.999999 -0.15596 0.00570301 -0.302137
FixedParameters: 0 0 0

#Transform 127
Transform: AffineTransform_float_3_3
Parameters: 0.999992 0.00404224 3.82734e-05 -0.00404273 0.999988 0.00275364 -2.7007e-05 -0.00275336 0.999996 -0.140483 -0.0843498 -0.309557
FixedParameters: 0 0 0

#Transform 128
Transform: AffineTransform_float_3_3
Parameters: 0.999991 0.00424619 3.21367e-05 -0.00424563 0.999988 0.00251763 -2.17821e-05 -0.00251737 0.999997 -0.118395 -0.0333074 -0.360952
FixedParameters: 0 0 0

#Transform 129
Transform: AffineTransform_float_3_3
Parameters: 0.999991 0.00419467 0.000328899 -0.00419566 0.999988 0.00260242 -0.000318082 -0.00260358 0.999997 -0.187792 -0.0216341 0.149478
FixedParameters: 0 0 0

#Transform 130
Transform: AffineTransform_float_3_3
Parameters: 0.99999 0.00428248 0.000747987 -0.00428434 0.999988 0.00240856 -0.000737393 -0.00241143 0.999997 -0.212293 0.0885049 0.0568335
FixedParameters: 0 0 0

#Transform 131
Transform: AffineTransform_float_3_3
Parameters: 0.999991 0.00405833 0.000373516 -0.00405851 0.999991 0.00140427 -0.000367138 -0.00140573 0.999999 -0.205075 0.125841 0.168296
FixedParameters: 0 0 0

#Transform 132
Transform: AffineTransform_float_3_3
Parameters: 0.999991 0.00417482 0.00078851 -0.00417636 0.999991 0.000906489 -0.000784925 -0.000909512 0.999999 -0.190733 0.0887466 0.103694
FixedParameters: 0 0 0

#Transform 133
Transform: AffineTransform_float_3_3
Parameters: 0.99999 0.00450438 0.000360464 -0.00450414 0.999989 0.000910133 -0.000356283 -0.000911867 1 -0.158288 0.168672 0.0827377
FixedParameters: 0 0 0

#Transform 134
Transform: AffineTransform_float_3_3
Parameters: 0.999991 0.00403573 0.000717913 -0.00403638 0.999992 0.00107389 -0.000713257 -0.00107711 0.999999 -0.187556 0.016083 0.066779
FixedParameters: 0 0 0

#Transform 135
Transform: AffineTransform_float_3_3
Parameters: 0.999991 0.0041678 0.000829236 -0.00416865 0.999991 0.00103233 -0.000825642 -0.00103568 0.999999 -0.183911 0.0926511 0.0852189
FixedParameters: 0 0 0

#Transform 136
Transform: AffineTransform_float_3_3
Parameters: 0.999991 0.00393763 0.00113337 -0.00393859 0.999991 0.00124638 -0.00112859 -0.00125063 0.999999 -0.188963 0.111385 0.0382296
FixedParameters: 0 0 0

#Transform 137
Transform: AffineTransform_float_3_3
Parameters: 0.999992 0.00394285 0.000968586 -0.00394416 0.999991 0.00160699 -0.000962949 -0.00161101 0.999998 -0.181949 0.15672 0.113869
FixedParameters: 0 0 0

#Transform 138
Transform: AffineTransform_float_3_3
Parameters: 0.999991 0.0040125 0.00088773 -0.00401498 0.999991 0.00185923 -0.000879812 -0.00186377 0.999998 -0.187141 0.0844563 0.0776288
FixedParameters: 0 0 0

#Transform 139
Transform: AffineTransform_float_3_3
Parameters: 0.999991 0.00420301 0.00055972 -0.00420429 0.99999 0.00187541 -0.000550964 -0.00187859 0.999998 -0.2149 0.0582953 0.0788471
FixedParameters: 0 0 0

#Transform 140
Transform: AffineTransform_float_3_3
Parameters: 0.999989 0.00456573 0.000267756 -0.00456661 0.999988 0.00134551 -0.000261461 -0.00134649 0.999999 -0.200875 0.113029 0.0731764
FixedParameters: 0 0 0

#Transform 141
Transform: AffineTransform_float_3_3
Parameters: 0.99999 0.00460809 0.000398971 -0.00460957 0.999988 0.00162687 -0.000390962 -0.00162913 0.999998 -0.215793 0.0414136 0.0268368
FixedParameters: 0 0 0

#Transform 142
Transform: AffineTransform_float_3_3
Parameters: 0.999989 0.00471233 0.00105343 -0.00471486 0.999986 0.00247378 -0.00104217 -0.00247822 0.999997 -0.225025 0.0331697 -0.0179682
FixedParameters: 0 0 0

#Transform 143
Transform: AffineTransform_float_3_3
Parameters: 0.999987 0.0050545 0.000917185 -0.00505639 0.999986 0.00197805 -0.000907213 -0.00198295 0.999998 -0.21533 -0.0228156 -0.00256422
FixedParameters: 0 0 0

#Transform 144
Transform: AffineTransform_float_3_3
Parameters: 0.999988 0.00501487 -0.00022189 -0.00501447 0.999986 0.00123979 0.000228324 -0.0012392 0.999999 -0.223561 0.196753 0.495011
FixedParameters: 0 0 0

#Transform 145
Transform: AffineTransform_float_3_3
Parameters: 0.999987 0.00505192 -0.000252907 -0.00505189 0.999987 4.99162e-05 0.000253407 -4.90825e-05 1 -0.240642 0.243135 0.625727
FixedParameters: 0 0 0

#Transform 146
Transform: AffineTransform_float_3_3
Parameters: 0.999988 0.0049255 -0.000411412 -0.00492632 0.999988 0.000259696 0.000412987 -0.000257303 1 -0.238348 0.202414 0.592653
FixedParameters: 0 0 0

#Transform 147
Transform: AffineTransform_float_3_3
Parameters: 0.999989 0.00483086 -0.000144351 -0.00483073 0.999988 0.000743371 0.000148531 -0.000742626 0.999999 -0.244797 0.223487 0.53344
FixedParameters: 0 0 0

#Transform 148
Transform: AffineTransform_float_3_3
Parameters: 0.999986 0.00529684 0.000327316 -0.00529645 0.999985 0.000771884 -0.000323153 -0.000774114 0.999999 -0.247505 0.18335 0.419702
FixedParameters: 0 0 0

#Transform 149
Transform: AffineTransform_float_3_3
Parameters: 0.999987 0.00505072 0.000220831 -0.00505039 0.999986 0.00114356 -0.000215301 -0.00114444 1 -0.232614 0.153545 0.286119
FixedParameters: 0 0 0

#Transform 150
Transform: AffineTransform_float_3_3
Parameters: 0.99999 0.0044572 0.000187387 -0.00445684 0.99999 -0.000727123 -0.000190869 0.000726875 0.999999 -0.191543 0.18462 0.205812
FixedParameters: 0 0 0

#Transform 151
Transform: AffineTransform_float_3_3
Parameters: 0.999989 0.00456881 0.000104151 -0.00456864 0.99999 -0.000508789 -0.000106798 0.00050821 1 -0.177882 0.0236809 0.190154
FixedParameters: 0 0 0

#Transform 152
Transform: AffineTransform_float_3_3
Parameters: 0.999991 0.00440575 -0.000141711 -0.00440586 0.99999 -0.000598661 0.000138432 0.000599337 1 -0.12477 0.0279144 0.0715484
FixedParameters: 0 0 0

#Transform 153
Transform: AffineTransform_float_3_3
Parameters: 0.999989 0.00456272 -0.000145149 -0.00456279 0.999989 -0.00037062 0.000142763 0.000371376 1 -0.101413 -0.000598215 0.0234169
FixedParameters: 0 0 0

#Transform 154
Transform: AffineTransform_float_3_3
Parameters: 0.999988 0.00476968 -0.000149546 -0.0047697 0.999988 -6.45944e-05 0.000148925 6.5404e-05 1 -0.103501 -0.0502898 -0.000728093
FixedParameters: 0 0 0

#Transform 155
Transform: AffineTransform_float_3_3
Parameters: 0.999988 0.00491464 -0.000153034 -0.00491466 0.999988 5.14178e-05 0.000152535 -5.05859e-05 1 -0.101418 -0.0066814 -0.0345282
FixedParameters: 0 0 0

#Transform 156
Transform: AffineTransform_float_3_3
Parameters: 0.999988 0.00474668 -0.000149267 -0.00474672 0.999988 -0.0001416 0.000147919 0.000142397 1 -0.0944192 -0.044386 -0.0862096
FixedParameters: 0 0 0

#Transform 157
Transform: AffineTransform_float_3_3
Parameters: 0.999988 0.00473934 -0.000341701 -0.00473926 0.999988 0.000161315 0.000342223 -0.000159686 1 -0.0987834 -0.0583434 -0.0798765
FixedParameters: 0 0 0

#Transform 158
Transform: AffineTransform_float_3_3
Parameters: 0.999989 0.00454219 -0.000546542 -0.00454192 0.99999 -0.000767831 0.000543527 0.000770171 0.999999 -0.0946214 -0.0532999 -0.157186
FixedParameters: 0 0 0

#Transform 159
Transform: AffineTransform_float_3_3
Parameters: 0.99999 0.00454893 -0.000737264 -0.00454951 0.99999 -0.000427955 0.000735355 0.000431045 0.999999 -0.0942106 -0.146728 -0.188258
FixedParameters: 0 0 0

#Transform 160
Transform: AffineTransform_float_3_3
Parameters: 0.999991 0.00434164 -0.000496597 -0.00434208 0.999991 -0.000499127 0.00049425 0.000501872 1 -0.0344754 -0.0635939 -0.215727
FixedParameters: 0 0 0

#Transform 161
Transform: AffineTransform_float_3_3
Parameters: 0.999991 0.00436154 0.000371188 -0.00436169 0.99999 -0.000960881 -0.000374536 0.000959123 1 -0.0133694 -0.148835 -0.270989
FixedParameters: 0 0 0

#Transform 162
Transform: AffineTransform_float_3_3
Parameters: 0.99999 0.00426768 0.000640834 -0.00426661 0.99999 -0.001474 -0.000647375 0.001471 0.999998 0.00443979 -0.134778 -0.252583
FixedParameters: 0 0 0

#Transform 163
Transform: AffineTransform_float_3_3
Parameters: 0.999992 0.00393244 0.000653002 -0.00393117 0.999992 -0.000883772 -0.000655943 0.00088123 1 0.0390705 -0.173259 -0.343248
FixedParameters: 0 0 0

#Transform 164
Transform: AffineTransform_float_3_3
Parameters: 0.999993 0.00353095 0.00018875 -0.00353044 0.999993 -0.00105984 -0.000192233 0.00105916 1 0.0663217 -0.200004 -0.380017
FixedParameters: 0 0 0

#Transform 165
Transform: AffineTransform_float_3_3
Parameters: 0.999994 0.0036373 -0.000181211 -0.0036375 0.999993 -0.00070854 0.000178056 0.000708458 0.999999 0.0528032 -0.189967 -0.391758
FixedParameters: 0 0 0

#Transform 166
Transform: AffineTransform_float_3_3
Parameters: 0.999992 0.00387691 -0.00109387 -0.00387814 0.999992 -0.00107096 0.00108952 0.00107504 0.999999 0.0357487 -0.165787 -0.436195
FixedParameters: 0 0 0

#Transform 167
Transform: AffineTransform_float_3_3
Parameters: 0.999993 0.0037248 -0.0010202 -0.00372627 0.999992 -0.0012774 0.00101564 0.0012806 0.999998 0.0498686 -0.196514 -0.425186
FixedParameters: 0 0 0

#Transform 168
Transform: AffineTransform_float_3_3
Parameters: 0.999992 0.00394907 -0.000544049 -0.00394972 0.999992 -0.000648079 0.000540918 0.000650919 0.999999 0.0106249 -0.193121 -0.494777
FixedParameters: 0 0 0

#Transform 169
Transform: AffineTransform_float_3_3
Parameters: 0.99999 0.00440212 -0.000800316 -0.00440148 0.999989 0.00111228 0.000805122 -0.00110872 0.999999 -0.0429031 -0.278799 -0.509023
FixedParameters: 0 0 0

#Transform 170
Transform: AffineTransform_float_3_3
Parameters: 0.999992 0.00399192 -0.00100897 -0.00399292 0.999992 -0.000523168 0.00100677 0.000526831 1 -0.0133361 -0.180952 -0.483679
FixedParameters: 0 0 0

#Transform 171
Transform: AffineTransform_float_3_3
Parameters: 0.999989 0.00439194 -0.00114696 -0.00439242 0.999991 0.000254793 0.0011472 -0.000249212 1 -0.00281614 -0.241967 -0.526095
FixedParameters: 0 0 0

#Transform 172
Transform: AffineTransform_float_3_3
Parameters: 0.99999 0.00440481 -0.000710344 -0.00440377 0.999989 0.00156687 0.000717164 -0.00156413 0.999998 -0.017834 -0.195566 -0.315257
FixedParameters: 0 0 0

#Transform 173
Transform: AffineTransform_float_3_3
Parameters: 0.999989 0.00437476 -0.00181811 -0.00437299 0.99999 0.00107774 0.00182256 -0.00106926 0.999998 -0.00133169 -0.0449217 -0.307791
FixedParameters: 0 0 0

#Transform 174
Transform: AffineTransform_float_3_3
Parameters: 0.999981 0.0055934 -0.00235928 -0.00559213 0.999984 0.000503849 0.00236187 -0.000490152 0.999998 -0.104382 -0.0621226 -0.333183
FixedParameters: 0 0 0

#Transform 175
Transform: AffineTransform_float_3_3
Parameters: 0.99998 0.0063952 -0.000762915 -0.00639388 0.999978 0.00170936 0.000773778 -0.00170464 0.999999 -0.161173 -0.0831111 -0.314234
FixedParameters: 0 0 0

#Transform 176
Transform: AffineTransform_float_3_3
Parameters: 0.999977 0.00664796 -0.00126044 -0.00664654 0.999977 0.00145283 0.00127075 -0.00144417 0.999999 -0.175427 0.0793593 -0.203359
FixedParameters: 0 0 0

#Transform 177
Transform: AffineTransform_float_3_3
Parameters: 0.999982 0.00601028 8.12702e-05 -0.00600971 0.999981 0.00134103 -7.317e-05 -0.00134197 0.999999 -0.212325 -0.0231641 -0.028801
FixedParameters: 0 0 0

#Transform 178
Transform: AffineTransform_float_3_3
Parameters: 0.999986 0.00541081 -0.000331036 -0.00540998 0.999986 -0.000336632 0.000329356 0.000338369 1 -0.131574 0.068886 -0.2035
FixedParameters: 0 0 0

#Transform 179
Transform: AffineTransform_float_3_3
Parameters: 0.999989 0.00472362 -0.00015118 -0.0047236 0.999989 0.000163409 0.00015172 -0.000162592 1 -0.129864 -0.120482 -0.214995
FixedParameters: 0 0 0

#Transform 180
Transform: AffineTransform_float_3_3
Parameters: 0.99999 0.00450132 -0.000483845 -0.00450113 0.99999 0.000228903 0.000484898 -0.000227097 1 -0.10841 -0.0795804 -0.252745
FixedParameters: 0 0 0

#Transform 181
Transform: AffineTransform_float_3_3
Parameters: 0.999991 0.00438601 -0.000132722 -0.00438599 0.999991 0.000181305 0.00013331 -0.000180696 1 -0.119877 -0.129407 -0.252409
FixedParameters: 0 0 0

#Transform 182
Transform: AffineTransform_float_3_3
Parameters: 0.999989 0.00482792 3.39705e-06 -0.00482798 0.999989 0.000455653 -9.9799e-07 -0.000455346 1 -0.0958102 -0.1006 -0.281962
FixedParameters: 0 0 0

#Transform 183
Transform: AffineTransform_float_3_3
Parameters: 0.99999 0.00461783 -0.000358974 -0.00461769 0.99999 0.000239354 0.000360177 -0.000237646 1 -0.0940189 -0.154781 -0.32909
FixedParameters: 0 0 0

#Transform 184
Transform: AffineTransform_float_3_3
Parameters: 0.999991 0.0043834 -0.000226781 -0.00438332 0.999991 0.000159717 0.00022818 -0.00015928 1 -0.0997293 -0.0798683 -0.290262
FixedParameters: 0 0 0

#Transform 185
Transform: AffineTransform_float_3_3
Parameters: 0.999989 0.0045692 5.26307e-05 -0.00456925 0.999989 0.000260483 -5.12452e-05 -0.000261516 1 -0.102841 -0.18626 -0.31195
FixedParameters: 0 0 0

#Transform 186
Transform: AffineTransform_float_3_3
Parameters: 0.999989 0.00452806 -0.000241751 -0.00452792 0.999989 0.00039182 0.000243298 -0.000391181 1 -0.0972495 -0.0973083 -0.272128
FixedParameters: 0 0 0

#Transform 187
Transform: AffineTransform_float_3_3
Parameters: 0.99999 0.00460727 -0.000126637 -0.00460737 0.999989 -0.000855732 0.000122748 0.000856267 0.999999 -0.0937751 -0.22835 -0.336533
FixedParameters: 0 0 0

#Transform 188
Transform: AffineTransform_float_3_3
