#Insight Transform File V1.0
#Transform 0
Transform: AffineTransform_float_3_3
Parameters: 0.999994 0.0032637 0.000662579 -0.00326414 0.999994 0.000809414 -0.00065985 -0.000811334 1 0.0553027 -0.106734 -0.161247
FixedParameters: 0 0 0

#Transform 1
Transform: AffineTransform_float_3_3
Parameters: 0.999994 0.00343734 0.00072151 -0.00343721 0.999993 0.000989401 -0.000718208 -0.000992054 0.999999 0.0461754 -0.165206 -0.20457
FixedParameters: 0 0 0

#Transform 2
Transform: AffineTransform_float_3_3
Parameters: 0.999995 0.00307686 0.000505903 -0.00307694 0.999995 0.000768288 -0.000503736 -0.000769986 1 0.0374705 -0.0906767 -0.23799
FixedParameters: 0 0 0

#Transform 3
Transform: AffineTransform_float_3_3
Parameters: 0.999996 0.00288432 0.000404124 -0.00288458 0.999996 0.000134446 -0.000403855 -0.000135409 1 0.0481169 -0.0528076 -0.24265
FixedParameters: 0 0 0

#Transform 4
Transform: AffineTransform_float_3_3
Parameters: 0.999996 0.00271288 0.000396172 -0.00271284 0.999997 -0.000156884 -0.000396541 0.000156111 1 0.026908 -0.0407017 -0.256938
FixedParameters: 0 0 0

#Transform 5
Transform: AffineTransform_float_3_3
Parameters: 0.999991 0.00395921 0.00117651 -0.00395935 0.999992 0.000294131 -0.00117537 -0.000298376 0.999999 0.0650894 -0.171657 -0.323391
FixedParameters: 0 0 0

#Transform 6
Transform: AffineTransform_float_3_3
Parameters: 0.999997 0.00225851 0.00097543 -0.00225979 0.999997 0.00100051 -0.000973705 -0.0010032 0.999999 -0.0173345 -0.0389369 -0.119786
FixedParameters: 0 0 0

#Transform 7
Transform: AffineTransform_float_3_3
Parameters: 0.999998 0.0022274 0.00050565 -0.00222829 0.999998 0.000638685 -0.000504539 -0.000639278 1 -0.0173962 -0.0095571 -0.148945
FixedParameters: 0 0 0

#Transform 8
Transform: AffineTransform_float_3_3
Parameters: 0.999995 0.002917 0.000453643 -0.00291761 0.999995 0.00042207 -0.000452677 -0.000423355 0.999999 -0.00307848 -0.0578549 -0.22529
FixedParameters: 0 0 0

#Transform 9
Transform: AffineTransform_float_3_3
Parameters: 0.999995 0.00309649 -4.78549e-06 -0.00309553 0.999995 0.000164354 5.32874e-06 -0.000165019 1 0.0294415 -0.0701656 -0.20848
FixedParameters: 0 0 0

#Transform 10
Transform: AffineTransform_float_3_3
Parameters: 0.999995 0.00317601 0.000463724 -0.00317604 0.999995 -0.000106289 -0.000463795 0.000105558 1 0.0236746 -0.084914 -0.226443
FixedParameters: 0 0 0

#Transform 11
Transform: AffineTransform_float_3_3
Parameters: 0.999992 0.00381024 0.000530572 -0.00381002 0.999993 -0.000307434 -0.000532069 0.000305302 0.999999 0.0457336 -0.133836 -0.267106
FixedParameters: 0 0 0

#Transform 12
Transform: AffineTransform_float_3_3
Parameters: 0.999996 0.00254831 0.000736986 -0.00254952 0.999996 0.00127809 -0.000733266 -0.00128028 0.999999 0.0260763 -0.135202 -0.250431
FixedParameters: 0 0 0

#Transform 13
Transform: AffineTransform_float_3_3
Parameters: 1 0.000214016 0.000451858 -0.000213531 0.999998 -0.00156546 -0.00045158 0.00156522 0.999998 -0.00182503 0.102945 0.0623666
FixedParameters: 0 0 0

#Transform 14
Transform: AffineTransform_float_3_3
Parameters: 0.999999 -0.00174623 0.000309177 0.00174591 0.999999 0.000552705 -0.00031087 -0.000551921 1 0.0241999 0.0633309 0.101263
FixedParameters: 0 0 0

#Transform 15
Transform: AffineTransform_float_3_3
Parameters: 0.999999 -0.00140141 0.000322063 0.00140134 0.999999 0.000116654 -0.000322271 -0.0001159 1 0.0359617 0.0678838 0.0678574
FixedParameters: 0 0 0

#Transform 16
Transform: AffineTransform_float_3_3
Parameters: 0.999999 -0.000627646 0.000438941 0.000627058 0.999999 0.000669394 -0.000439781 -0.000668843 0.999999 0.00213562 0.00630105 -0.0185608
FixedParameters: 0 0 0

#Transform 17
Transform: AffineTransform_float_3_3
Parameters: 1 -0.000658635 0.000254093 0.000658623 0.999999 0.00014039 -0.000254283 -0.000141042 1 -0.000391307 0.030145 0.00117582
FixedParameters: 0 0 0

#Transform 18
Transform: AffineTransform_float_3_3
Parameters: 1 -0.000202169 0.000243801 0.000202008 1 0.000330629 -0.000243935 -0.00033053 1 -0.00276549 0.0256849 -0.0194577
FixedParameters: 0 0 0

#Transform 19
Transform: AffineTransform_float_3_3
Parameters: 1 -0.000123106 -0.00017027 0.000123216 1 0.000324053 0.00017019 -0.000324095 1 0.0187719 0.00590216 -0.0120771
FixedParameters: 0 0 0

#Transform 20
Transform: AffineTransform_float_3_3
Parameters: 1 6.93264e-05 -0.000184716 -6.92712e-05 1 0.000149367 0.000184737 -0.000149341 1 0.00373636 -0.00704107 0.000490965
FixedParameters: 0 0 0

#Transform 21
Transform: AffineTransform_float_3_3
Parameters: 1 -0.000360038 -0.000152388 0.000360038 1 5.0153e-07 0.000152388 -6.11261e-07 1 -0.0111819 0.0190117 -0.00273781
FixedParameters: 0 0 0

#Transform 22
Transform: AffineTransform_float_3_3
Parameters: 1 -0.00040936 -3.82883e-05 0.000409346 1 -0.000179359 3.84352e-05 0.000179328 1 -0.00451586 0.0274909 0.0175221
FixedParameters: 0 0 0

#Transform 23
Transform: AffineTransform_float_3_3
Parameters: 1 -0.000411494 -0.000148482 0.000411471 1 -7.55869e-05 0.000148544 7.54647e-05 1 -0.00348913 0.0299123 0.0185358
FixedParameters: 0 0 0

#Transform 24
Transform: AffineTransform_float_3_3
Parameters: 1 -0.000411155 -9.43288e-05 0.000411129 1 -0.000138454 9.44426e-05 0.000138377 1 -0.00257425 0.0444299 0.0380324
FixedParameters: 0 0 0

#Transform 25
Transform: AffineTransform_float_3_3
Parameters: 1 -0.000459129 0.000274804 0.000458602 1 0.000957009 -0.000275682 -0.000956906 0.999999 -0.00465984 0.0129393 0.0056352
FixedParameters: 0 0 0

#Transform 26
Transform: AffineTransform_float_3_3
Parameters: 1 -0.000381608 0.000262073 0.000381176 0.999999 0.000823197 -0.000262701 -0.000822997 0.999999 -0.0179168 0.013795 0.00901457
FixedParameters: 0 0 0

#Transform 27
Transform: AffineTransform_float_3_3
Parameters: 1 -0.000595753 7.68708e-05 0.000595729 1 0.000155793 -7.70564e-05 -0.000155701 1 -0.0140762 0.0540237 0.0622598
FixedParameters: 0 0 0

#Transform 28
Transform: AffineTransform_float_3_3
Parameters: 1 -0.000387904 -0.000150411 0.000388001 1 0.000322717 0.00015016 -0.000322834 1 0.000152334 0.0362117 0.0529636
FixedParameters: 0 0 0

#Transform 29
Transform: AffineTransform_float_3_3
Parameters: 1 -0.000383706 -0.000150752 0.000383825 1 0.000393594 0.00015045 -0.000393709 1 0.000319748 0.0283339 0.0510366
FixedParameters: 0 0 0

#Transform 30
Transform: AffineTransform_float_3_3
Parameters: 1 -0.000389704 -0.000285706 0.000389968 1 0.000462419 0.000285345 -0.000462642 1 0.0072196 0.0338607 0.0500523
FixedParameters: 0 0 0

#Transform 31
Transform: AffineTransform_float_3_3
Parameters: 1 -0.000406873 -0.000515064 0.000407349 1 0.000462321 0.000514688 -0.00046274 1 0.0118014 0.0488532 0.0283905
FixedParameters: 0 0 0

#Transform 32
Transform: AffineTransform_float_3_3
Parameters: 1 -0.000379626 -0.000151083 0.000379766 1 0.000462473 0.000150732 -0.000462588 1 0.00171244 0.0486293 0.0257895
FixedParameters: 0 0 0

#Transform 33
Transform: AffineTransform_float_3_3
Parameters: 1 -0.000570077 -0.000136688 0.000570136 1 0.000215313 0.000136442 -0.000215469 1 -0.00507534 0.0561059 0.0341252
FixedParameters: 0 0 0

#Transform 34
Transform: AffineTransform_float_3_3
Parameters: 1 -0.000220354 -0.000163004 0.000220501 1 0.000453032 0.000162804 -0.000453104 1 0.0067632 0.0250861 0.0394818
FixedParameters: 0 0 0

#Transform 35
Transform: AffineTransform_float_3_3
Parameters: 1 -0.000338773 -0.000154426 0.000339119 1 0.00115227 0.000153527 -0.00115237 1 0.00258759 0.0191321 0.0134825
FixedParameters: 0 0 0

#Transform 36
Transform: AffineTransform_float_3_3
Parameters: 1 -0.000150221 -0.000257516 0.000150505 1 0.00055165 0.00025735 -0.000551728 1 0.0126163 0.0258263 0.0254366
FixedParameters: 0 0 0

#Transform 37
Transform: AffineTransform_float_3_3
Parameters: 1 -0.000162126 -0.000167323 0.000162189 1 0.000188122 0.000167262 -0.000188176 1 0.0178018 0.0326903 0.0137245
FixedParameters: 0 0 0

#Transform 38
Transform: AffineTransform_float_3_3
Parameters: 1 -0.000392575 -0.00015003 0.000392648 1 0.000243855 0.000149839 -0.000243973 1 0.0147984 0.0357859 0.0118074
FixedParameters: 0 0 0

#Transform 39
Transform: AffineTransform_float_3_3
Parameters: 1 -0.000434399 -0.000553957 0.000434457 1 5.20095e-05 0.000553912 -5.24908e-05 1 0.0199627 0.0365608 0.0345542
FixedParameters: 0 0 0

#Transform 40
Transform: AffineTransform_float_3_3
Parameters: 1 -0.000437792 -0.000553679 0.000437787 1 -4.89243e-06 0.000553683 4.40764e-06 1 0.0230434 0.0463914 0.0428676
FixedParameters: 0 0 0

#Transform 41
Transform: AffineTransform_float_3_3
Parameters: 0.999999 -0.000550272 -0.00054521 0.000550274 1 1.73271e-06 0.000545207 -2.33273e-06 1 0.0257378 0.0506977 0.038158
FixedParameters: 0 0 0

#Transform 42
Transform: AffineTransform_float_3_3
Parameters: 1 -0.000430054 -0.000554313 0.000430193 1 0.000124884 0.000554205 -0.000125361 1 0.0319135 0.0447818 0.00149907
FixedParameters: 0 0 0

#Transform 43
Transform: AffineTransform_float_3_3
Parameters: 1 -0.000878783 -0.000520185 0.000878459 0.999999 -0.000263422 0.00052077 0.000263495 1 0.0359468 0.0749739 0.252644
FixedParameters: 0 0 0

#Transform 44
Transform: AffineTransform_float_3_3
Parameters: 0.999999 -0.000750368 -0.000575456 0.000749684 0.999999 0.000270689 0.000575124 -0.000271611 1 0.0588311 0.100667 0.169948
FixedParameters: 0 0 0

#Transform 45
Transform: AffineTransform_float_3_3
Parameters: 1 -0.000849933 -0.000561907 0.000850186 0.999999 0.000269623 0.000561571 -0.00026959 1 0.0604516 0.0820477 0.0840877
FixedParameters: 0 0 0

#Transform 46
Transform: AffineTransform_float_3_3
Parameters: 1 -0.00104659 -0.000297559 0.00104677 1 0.000378675 0.000296888 -0.00037846 1 0.0254739 0.0544883 0.0559997
FixedParameters: 0 0 0

#Transform 47
Transform: AffineTransform_float_3_3
Parameters: 0.999999 -0.00083293 -0.000292442 0.00083313 0.999999 0.000214963 0.000293073 -0.000215442 1 0.0219409 0.0321632 0.0416537
FixedParameters: 0 0 0

#Transform 48
Transform: AffineTransform_float_3_3
Parameters: 0.999999 -0.000736387 -0.000530418 0.000736679 0.999999 0.000331262 0.000529935 -0.000331056 1 0.0351579 0.02999 0.073363
FixedParameters: 0 0 0

#Transform 49
Transform: AffineTransform_float_3_3
Parameters: 0.999999 -0.000856864 -0.000238101 0.000856743 0.999999 -0.000254179 0.000238536 0.000253771 1 0.0609626 0.0708685 0.158558
FixedParameters: 0 0 0

#Transform 50
Transform: AffineTransform_float_3_3
Parameters: 1 -0.000347376 0.000221063 0.000347798 1 -0.000956193 -0.000220398 0.000956197 0.999999 0.0413069 0.062681 0.165985
FixedParameters: 0 0 0

#Transform 51
Transform: AffineTransform_float_3_3
Parameters: 0.999999 -0.0009154 -8.42362e-05 0.000915 0.999998 -0.001432 8.4759e-05 0.00143182 0.999999 0.0405687 0.121491 0.112142
FixedParameters: 0 0 0

#Transform 52
Transform: AffineTransform_float_3_3
Parameters: 0.999999 -0.000804591 0.000759759 0.000809671 0.999981 -0.00620943 -0.000754765 0.00620939 0.999981 0.0371189 0.182429 -0.0346518
FixedParameters: 0 0 0

#Transform 53
Transform: AffineTransform_float_3_3
Parameters: 1 -0.00101639 0.000648074 0.00101841 0.999991 -0.00410276 -0.000643412 0.00410387 0.999992 0.0111553 0.14321 0.000654047
FixedParameters: 0 0 0

#Transform 54
Transform: AffineTransform_float_3_3
Parameters: 1 -0.00098628 0.000561952 0.000987976 0.999994 -0.00347697 -0.000558501 0.0034768 0.999993 0.0209875 0.111897 -0.00263612
FixedParameters: 0 0 0

#Transform 55
Transform: AffineTransform_float_3_3
Parameters: 0.999999 -0.000816985 0.000176398 0.000818 0.999993 -0.00348097 -0.000173393 0.00348124 0.999994 0.0468696 0.104015 0.0142092
FixedParameters: 0 0 0

#Transform 56
Transform: AffineTransform_float_3_3
Parameters: 0.999999 -0.00101602 -0.000240692 0.00101535 0.999995 -0.00291558 0.000243097 0.00291497 0.999995 0.0468033 0.0964023 -0.000276207
FixedParameters: 0 0 0

#Transform 57
Transform: AffineTransform_float_3_3
Parameters: 0.999999 -0.000987314 0.000126186 0.000987784 0.999996 -0.00291527 -0.00012387 0.00291534 0.999995 0.0499314 0.0875551 -0.00283283
FixedParameters: 0 0 0

#Transform 58
Transform: AffineTransform_float_3_3
Parameters: 0.999999 -0.00137026 0.000383605 0.001372 0.999996 -0.00269674 -0.000380523 0.0026976 0.999996 0.0207141 0.0782204 0.0531358
FixedParameters: 0 0 0

#Transform 59
Transform: AffineTransform_float_3_3
Parameters: 0.999999 -0.00127489 0.000693693 0.00127586 0.999998 -0.00148754 -0.000691808 0.00148809 0.999998 -0.00848971 0.0595898 0.0767783
FixedParameters: 0 0 0

#Transform 60
Transform: AffineTransform_float_3_3
Parameters: 1 -0.00064869 0.000185315 0.000649259 0.999998 -0.00178993 -0.000184217 0.00179016 0.999999 0.0343826 0.0624088 0.160818
FixedParameters: 0 0 0

#Transform 61
Transform: AffineTransform_float_3_3
Parameters: 0.999999 -0.000382281 0.000821149 0.000385378 0.999995 -0.00317202 -0.000820143 0.00317252 0.999994 0.0137115 0.0937104 0.141101
FixedParameters: 0 0 0

#Transform 62
Transform: AffineTransform_float_3_3
Parameters: 1 -0.000449422 0.000425367 0.000451562 0.999992 -0.00378401 -0.000423702 0.00378333 0.999992 0.00759109 0.0562615 0.13121
FixedParameters: 0 0 0

#Transform 63
Transform: AffineTransform_float_3_3
Parameters: 1 -0.000256271 0.000259579 0.000257215 0.999993 -0.00388047 -0.000258453 0.00388054 0.999993 0.0254753 0.042368 0.0966186
FixedParameters: 0 0 0

#Transform 64
Transform: AffineTransform_float_3_3
Parameters: 1 -0.000239313 0.00048193 0.000240777 0.999994 -0.00365305 -0.00048085 0.00365316 0.999993 0.0235267 0.0187999 0.0708899
FixedParameters: 0 0 0

#Transform 65
Transform: AffineTransform_float_3_3
Parameters: 1 -0.000170922 0.000563785 0.000172618 0.999995 -0.00331814 -0.000563202 0.00331821 0.999995 0.0214909 -0.00844117 0.0457831
FixedParameters: 0 0 0

#Transform 66
Transform: AffineTransform_float_3_3
Parameters: 0.999999 -0.00029996 0.00123983 0.000302773 0.999997 -0.0023235 -0.00123844 0.00232308 0.999996 -0.0310865 -0.111419 0.0825503
FixedParameters: 0 0 0

#Transform 67
Transform: AffineTransform_float_3_3
Parameters: 0.999998 -0.000291086 0.00200967 0.000297953 0.999995 -0.00320976 -0.00200892 0.00320989 0.999993 -0.0189076 -0.157298 0.0470633
FixedParameters: 0 0 0

#Transform 68
Transform: AffineTransform_float_3_3
Parameters: 0.999998 -0.000693773 0.00155478 0.00070195 0.999988 -0.0049647 -0.00155183 0.00496558 0.999987 0.0343428 -0.0649615 0.0737997
FixedParameters: 0 0 0

#Transform 69
Transform: AffineTransform_float_3_3
Parameters: 0.999999 -0.000710141 0.00173664 0.000718531 0.999988 -0.00478748 -0.00173347 0.00478862 0.999987 0.0529636 -0.133654 0.0917346
FixedParameters: 0 0 0

#Transform 70
Transform: AffineTransform_float_3_3
Parameters: 0.999994 -0.00203507 0.00246722 0.002047 0.999986 -0.00495772 -0.00245729 0.00496204 0.999984 0.0313921 -0.00772028 0.130529
FixedParameters: 0 0 0

#Transform 71
Transform: AffineTransform_float_3_3
Parameters: 0.999996 -0.00190737 0.00199703 0.00191776 0.999984 -0.00527711 -0.00198753 0.00528109 0.999984 0.0441508 -0.00134273 0.290676
FixedParameters: 0 0 0

#Transform 72
Transform: AffineTransform_float_3_3
Parameters: 0.999997 -0.00185297 0.00173054 0.00186029 0.999991 -0.00396577 -0.00172312 0.0039688 0.999991 0.0206211 -0.0673702 0.207219
FixedParameters: 0 0 0

#Transform 73
Transform: AffineTransform_float_3_3
Parameters: 0.999997 -0.00223004 0.00132443 0.00223665 0.999984 -0.00507165 -0.00131352 0.00507497 0.999986 0.0408441 -0.0187476 0.250203
FixedParameters: 0 0 0

#Transform 74
Transform: AffineTransform_float_3_3
Parameters: 0.999996 -0.00220991 0.00156334 0.00221823 0.999983 -0.00547199 -0.00155106 0.0054752 0.999984 0.0308667 0.00283495 0.259835
FixedParameters: 0 0 0

#Transform 75
Transform: AffineTransform_float_3_3
Parameters: 0.999996 -0.00191162 0.00196432 0.00192284 0.999984 -0.00530505 -0.00195375 0.00530899 0.999984 0.0294376 -0.0206637 0.239254
FixedParameters: 0 0 0

#Transform 76
Transform: AffineTransform_float_3_3
Parameters: 0.999989 -0.00322747 0.00335745 0.00325205 0.99997 -0.00712741 -0.00333412 0.00713773 0.999969 -0.0249314 0.249079 0.0143983
FixedParameters: 0 0 0

#Transform 77
Transform: AffineTransform_float_3_3
Parameters: 0.99999 -0.00310712 0.00336849 0.00312361 0.999983 -0.0050773 -0.00335249 0.00508821 0.999982 -0.0132975 0.153298 0.177005
FixedParameters: 0 0 0

#Transform 78
Transform: AffineTransform_float_3_3
Parameters: 0.999994 -0.00235934 0.0023785 0.00237145 0.999986 -0.00477403 -0.00236724 0.00477963 0.999986 0.00718606 0.101812 0.186343
FixedParameters: 0 0 0

#Transform 79
Transform: AffineTransform_float_3_3
Parameters: 0.999994 -0.00260143 0.00246446 0.00261467 0.999983 -0.00527857 -0.0024502 0.00528548 0.999983 -0.00118912 0.0731222 0.213946
FixedParameters: 0 0 0

#Transform 80
Transform: AffineTransform_float_3_3
Parameters: 0.999996 -0.00217077 0.00200306 0.00218084 0.999984 -0.00518286 -0.00199207 0.00518692 0.999985 0.024503 0.0134408 0.182266
FixedParameters: 0 0 0

#Transform 81
Transform: AffineTransform_float_3_3
Parameters: 0.999995 -0.00233916 0.00198961 0.00234606 0.99999 -0.00386548 -0.00198052 0.00387013 0.999991 -0.00123366 0.033462 0.183132
FixedParameters: 0 0 0

#Transform 82
Transform: AffineTransform_float_3_3
Parameters: 0.999996 -0.00203279 0.00170654 0.00204037 0.999988 -0.00441783 -0.00169701 0.00442132 0.999989 0.00658744 0.0417832 0.18262
FixedParameters: 0 0 0

#Transform 83
Transform: AffineTransform_float_3_3
Parameters: 0.999996 -0.00218974 0.00160976 0.00219736 0.999987 -0.00440898 -0.00159982 0.00441248 0.999989 0.0117358 0.0255202 0.185191
FixedParameters: 0 0 0

#Transform 84
Transform: AffineTransform_float_3_3
Parameters: 0.999997 -0.00221802 0.00144348 0.00222417 0.999987 -0.00440842 -0.0014333 0.00441127 0.999989 0.0177731 0.0465317 0.223179
FixedParameters: 0 0 0

#Transform 85
Transform: AffineTransform_float_3_3
Parameters: 0.999997 -0.00221822 0.00125839 0.00222312 0.999989 -0.00415921 -0.00124929 0.00416129 0.999991 0.0226265 0.0336201 0.199491
FixedParameters: 0 0 0

#Transform 86
Transform: AffineTransform_float_3_3
Parameters: 0.999996 -0.00242627 0.00120415 0.00243013 0.99999 -0.00391374 -0.0011944 0.00391592 0.999992 0.00752679 0.0393418 0.186113
FixedParameters: 0 0 0

#Transform 87
Transform: AffineTransform_float_3_3
Parameters: 0.999996 -0.00222897 0.00109966 0.00223349 0.999989 -0.00412663 -0.0010897 0.00412893 0.99999 0.0300142 0.0474475 0.195934
FixedParameters: 0 0 0

#Transform 88
Transform: AffineTransform_float_3_3
Parameters: 0.999997 -0.00220024 0.000807647 0.00220297 0.999993 -0.00324274 -0.00080062 0.00324481 0.999995 0.0280589 0.0297558 0.148003
FixedParameters: 0 0 0

#Transform 89
Transform: AffineTransform_float_3_3
Parameters: 0.999997 -0.00222144 0.000624003 0.00222312 0.999992 -0.00335792 -0.000616333 0.00335921 0.999994 0.0313578 0.042781 0.179108
FixedParameters: 0 0 0

#Transform 90
Transform: AffineTransform_float_3_3
Parameters: 0.999998 -0.00233496 0.000631631 0.00233701 0.999994 -0.00273705 -0.000624829 0.00273844 0.999996 0.0242508 0.0294546 0.210672
FixedParameters: 0 0 0

#Transform 91
Transform: AffineTransform_float_3_3
Parameters: 0.999998 -0.0018141 0.000591432 0.00181534 0.999993 -0.00308586 -0.0005855 0.00308768 0.999995 0.0342335 0.0158384 0.163921
FixedParameters: 0 0 0

#Transform 92
Transform: AffineTransform_float_3_3
Parameters: 0.999998 -0.00190966 0.00100272 0.001912 0.999994 -0.0028321 -0.000996975 0.00283456 0.999996 0.0310954 0.0103209 0.148052
FixedParameters: 0 0 0

#Transform 93
Transform: AffineTransform_float_3_3
Parameters: 0.999998 -0.00190765 0.000598244 0.0019096 0.999995 -0.00275668 -0.000592835 0.00275757 0.999996 0.0427085 0.0207516 0.158563
FixedParameters: 0 0 0

#Transform 94
Transform: AffineTransform_float_3_3
Parameters: 0.999996 -0.0025919 0.000577978 0.00259374 0.999992 -0.0029505 -0.000570761 0.00295192 0.999996 0.0202547 0.0692598 0.162846
FixedParameters: 0 0 0

#Transform 95
Transform: AffineTransform_float_3_3
Parameters: 0.999997 -0.00219499 0.000737665 0.00219707 0.999993 -0.00306021 -0.00073037 0.00306197 0.999995 0.0231563 0.0848101 0.258917
FixedParameters: 0 0 0

#Transform 96
Transform: AffineTransform_float_3_3
Parameters: 0.999998 -0.0019549 0.000482436 0.00195654 0.999993 -0.00324942 -0.00047606 0.00325103 0.999995 0.0251518 0.0869524 0.250461
FixedParameters: 0 0 0

#Transform 97
Transform: AffineTransform_float_3_3
Parameters: 0.999998 -0.00186917 0.000595987 0.00187063 0.999993 -0.00320875 -0.000589261 0.00320967 0.999995 0.0359328 0.0604329 0.212249
FixedParameters: 0 0 0

#Transform 98
Transform: AffineTransform_float_3_3
Parameters: 0.999998 -0.00210024 0.000614031 0.00210166 0.999993 -0.00312981 -0.000607026 0.00313092 0.999995 0.0332259 0.0613007 0.212195
FixedParameters: 0 0 0

#Transform 99
Transform: AffineTransform_float_3_3
Parameters: 0.999997 -0.00229036 0.000222326 0.002291 0.999995 -0.00248003 -0.000217022 0.00248053 0.999996 0.0363991 0.046751 0.229481
FixedParameters: 0 0 0

#Transform 100
Transform: AffineTransform_float_3_3
Parameters: 0.999998 -0.00196495 0.000197786 0.0019647 0.999994 -0.00290717 -0.000191473 0.00290753 0.999995 0.0489317 0.0304799 0.235063
FixedParameters: 0 0 0

#Transform 101
Transform: AffineTransform_float_3_3
Parameters: 0.999998 -0.00181792 0.000273602 0.00181914 0.999994 -0.00300141 -0.000268106 0.0030022 0.999996 0.0585303 0.0330394 0.217901
FixedParameters: 0 0 0

#Transform 102
Transform: AffineTransform_float_3_3
Parameters: 0.999998 -0.00175446 0.000290946 0.00175492 0.999994 -0.00314143 -0.000285274 0.00314105 0.999995 0.0542584 0.0362381 0.222068
FixedParameters: 0 0 0

#Transform 103
Transform: AffineTransform_float_3_3
Parameters: 0.999999 -0.00157085 0.000507763 0.00157235 0.999995 -0.0028043 -0.000504182 0.00280465 0.999996 0.0519117 0.00033758 0.244983
FixedParameters: 0 0 0

#Transform 104
Transform: AffineTransform_float_3_3
Parameters: 0.999998 -0.00178407 4.79553e-05 0.00178399 0.999994 -0.00279449 -4.22984e-05 0.00279447 0.999996 0.062182 0.0127517 0.250117
FixedParameters: 0 0 0

#Transform 105
Transform: AffineTransform_float_3_3
Parameters: 0.999999 -0.00154721 5.47743e-05 0.00154718 0.999995 -0.00299378 -4.99422e-05 0.00299375 0.999996 0.0635684 0.0280215 0.245062
FixedParameters: 0 0 0

#Transform 106
Transform: AffineTransform_float_3_3
Parameters: 0.999998 -0.00168961 9.07397e-05 0.00168971 0.999994 -0.00279981 -8.65823e-05 0.00279991 0.999996 0.0596688 0.0260324 0.224223
FixedParameters: 0 0 0

#Transform 107
Transform: AffineTransform_float_3_3
Parameters: 0.999998 -0.00169784 6.22904e-05 0.00169785 0.999994 -0.0027995 -5.70981e-05 0.00279951 0.999996 0.0538606 0.0330002 0.201692
FixedParameters: 0 0 0

#Transform 108
Transform: AffineTransform_float_3_3
Parameters: 0.999999 -0.00141924 6.37313e-05 0.00141926 0.999996 -0.00215472 -6.0821e-05 0.00215487 0.999998 0.0509314 0.0264846 0.180847
FixedParameters: 0 0 0

#Transform 109
Transform: AffineTransform_float_3_3
Parameters: 0.999999 -0.00162747 0.000166431 0.00162706 0.999994 -0.00302046 -0.000161947 0.00302074 0.999996 0.0568678 0.055291 0.213109
FixedParameters: 0 0 0

#Transform 110
Transform: AffineTransform_float_3_3
Parameters: 0.999998 -0.00169611 -9.29807e-06 0.00169572 0.999995 -0.00265981 1.40053e-05 0.00265958 0.999997 0.0438147 0.0604504 0.197523
FixedParameters: 0 0 0

#Transform 111
Transform: AffineTransform_float_3_3
Parameters: 0.999999 -0.00141031 -9.33889e-05 0.00140935 0.999994 -0.00297966 9.73642e-05 0.00298034 0.999996 0.0660072 0.0524584 0.230156
FixedParameters: 0 0 0

#Transform 112
Transform: AffineTransform_float_3_3
Parameters: 0.999999 -0.00159115 -1.01248e-05 0.00159068 0.999994 -0.00287037 1.39533e-05 0.00287014 0.999995 0.0629776 0.0591825 0.217146
FixedParameters: 0 0 0

#Transform 113
Transform: AffineTransform_float_3_3
Parameters: 0.999999 -0.0016193 -0.00028063 0.00161827 0.999994 -0.00298755 0.000285794 0.0029865 0.999996 0.068162 0.0571605 0.258266
FixedParameters: 0 0 0

#Transform 114
Transform: AffineTransform_float_3_3
Parameters: 0.999999 -0.00158561 -0.000137355 0.00158556 0.999996 -0.00261097 0.000141245 0.0026104 0.999997 0.0859821 0.0561621 0.227441
FixedParameters: 0 0 0

#Transform 115
Transform: AffineTransform_float_3_3
Parameters: 0.999999 -0.00154677 0.000176252 0.00154735 0.999996 -0.00236796 -0.000172131 0.00236832 0.999997 0.0793662 0.0350305 0.19201
FixedParameters: 0 0 0

#Transform 116
Transform: AffineTransform_float_3_3
Parameters: 0.999999 -0.00187641 1.35687e-05 0.00187615 0.999995 -0.00247779 -8.34973e-06 0.00247749 0.999997 0.0689297 0.0690187 0.21707
FixedParameters: 0 0 0

#Transform 117
Transform: AffineTransform_float_3_3
Parameters: 0.999996 -0.00291227 -0.000128348 0.00291121 0.999993 -0.00214026 0.000134992 0.00213998 0.999998 0.0796622 0.0306237 0.209832
FixedParameters: 0 0 0

#Transform 118
Transform: AffineTransform_float_3_3
Parameters: 0.999997 -0.00250484 -0.000159551 0.00250358 0.999994 -0.00230975 0.000165182 0.00230942 0.999997 0.0711026 0.038993 0.227291
FixedParameters: 0 0 0

#Transform 119
Transform: AffineTransform_float_3_3
Parameters: 0.999997 -0.00250208 -5.12033e-05 0.00250131 0.999994 -0.00240431 5.72968e-05 0.00240452 0.999997 0.0647971 0.038035 0.282463
FixedParameters: 0 0 0

#Transform 120
Transform: AffineTransform_float_3_3
Parameters: 0.999996 -0.00260149 -0.000369703 0.00260119 0.999994 -0.00230846 0.00037563 0.00230811 0.999997 0.0708196 0.0398322 0.283037
FixedParameters: 0 0 0

#Transform 121
Transform: AffineTransform_float_3_3
Parameters: 0.999997 -0.00224686 -6.18814e-05 0.0022463 0.999996 -0.00202072 6.69983e-05 0.00201995 0.999998 0.063721 0.0368873 0.290182
FixedParameters: 0 0 0

#Transform 122
Transform: AffineTransform_float_3_3
Parameters: 0.999997 -0.0022516 -0.00037646 0.00225063 0.999996 -0.00204451 0.00038152 0.00204451 0.999998 0.0734101 0.0491568 0.278416
FixedParameters: 0 0 0

#Transform 123
Transform: AffineTransform_float_3_3
Parameters: 0.999997 -0.00220268 -0.000549326 0.00220108 0.999994 -0.00272973 0.000555027 0.00272903 0.999996 0.0710025 0.0660768 0.29267
FixedParameters: 0 0 0

#Transform 124
Transform: AffineTransform_float_3_3
Parameters: 0.999997 -0.00208371 -0.000971177 0.00208221 0.999996 -0.00204711 0.000974416 0.00204502 0.999997 0.0825559 0.0448477 0.255295
FixedParameters: 0 0 0

#Transform 125
Transform: AffineTransform_float_3_3
Parameters: 0.999999 -0.00137139 -6.7208e-06 0.00137121 0.999997 -0.00171519 9.3267e-06 0.00171515 0.999999 0.0784603 -0.000472658 0.330035
FixedParameters: 0 0 0

#Transform 126
Transform: AffineTransform_float_3_3
Parameters: 0.999999 -0.00180985 -0.000199404 0.00180922 0.999997 -0.00120473 0.0002019 0.00120384 0.999999 0.0628296 0.123538 0.370346
FixedParameters: 0 0 0

#Transform 127
Transform: AffineTransform_float_3_3
Parameters: 0.999998 -0.0021762 -0.000726974 0.00217599 0.999998 -0.000711871 0.000729248 0.000710427 1 0.0920201 0.102173 0.337311
FixedParameters: 0 0 0

#Transform 128
Transform: AffineTransform_float_3_3
Parameters: 0.999998 -0.0022196 -0.000811663 0.00221911 0.999996 -0.00132389 0.000814541 0.0013222 0.999999 0.0980169 0.0947008 0.278076
FixedParameters: 0 0 0

#Transform 129
Transform: AffineTransform_float_3_3
Parameters: 0.999997 -0.00226595 -0.000268035 0.00226574 0.999996 -0.00156908 0.000271113 0.00156857 0.999999 0.0893148 0.100775 0.254398
FixedParameters: 0 0 0

#Transform 130
Transform: AffineTransform_float_3_3
Parameters: 0.999997 -0.00221156 -0.000346969 0.00221095 0.999996 -0.00178419 0.000350826 0.00178335 0.999998 0.0736185 0.105245 0.247236
FixedParameters: 0 0 0

#Transform 131
Transform: AffineTransform_float_3_3
Parameters: 0.999997 -0.00213877 -0.000759982 0.00213763 0.999997 -0.00118213 0.000762115 0.00118058 0.999999 0.0722731 0.094102 0.220061
FixedParameters: 0 0 0

#Transform 132
Transform: AffineTransform_float_3_3
Parameters: 0.999998 -0.00203306 -0.000446509 0.00203245 0.999997 -0.00149478 0.000449661 0.00149368 0.999998 0.0758622 0.0931437 0.221761
FixedParameters: 0 0 0

#Transform 133
Transform: AffineTransform_float_3_3
Parameters: 0.999998 -0.00223883 -0.000699857 0.00223791 0.999996 -0.00178493 0.00070386 0.00178355 0.999998 0.0839771 0.0879268 0.242421
FixedParameters: 0 0 0

#Transform 134
Transform: AffineTransform_float_3_3
Parameters: 0.999998 -0.00224314 -0.000755691 0.00224202 0.999996 -0.00178506 0.000759709 0.00178342 0.999998 0.0920805 0.104366 0.234159
FixedParameters: 0 0 0

#Transform 135
Transform: AffineTransform_float_3_3
Parameters: 0.999997 -0.00227517 -0.0012198 0.00227347 0.999996 -0.00172312 0.00122346 0.00172052 0.999998 0.114402 0.0849483 0.266693
FixedParameters: 0 0 0

#Transform 136
Transform: AffineTransform_float_3_3
Parameters: 0.999997 -0.00239037 -0.000981103 0.00238929 0.999997 -0.00132422 0.000983448 0.00132227 0.999999 0.0889442 0.0625901 0.231663
FixedParameters: 0 0 0

#Transform 137
Transform: AffineTransform_float_3_3
Parameters: 0.999998 -0.0022073 -0.000876344 0.00220708 0.999997 -0.00103761 0.00087805 0.00103649 0.999999 0.0999936 0.0520095 0.221128
FixedParameters: 0 0 0

#Transform 138
Transform: AffineTransform_float_3_3
Parameters: 0.999997 -0.00220258 -0.00129908 0.00220036 0.999996 -0.00147043 0.00130256 0.00146761 0.999998 0.0975385 0.055208 0.256474
FixedParameters: 0 0 0

#Transform 139
Transform: AffineTransform_float_3_3
Parameters: 0.999997 -0.00215889 -0.0011967 0.00215763 0.999997 -0.00119477 0.00119886 0.0011925 0.999999 0.094895 0.0582466 0.261645
FixedParameters: 0 0 0

#Transform 140
Transform: AffineTransform_float_3_3
Parameters: 0.999996 -0.00224917 -0.00134034 0.00224778 0.999997 -0.00114442 0.00134348 0.0011413 0.999999 0.102992 0.0585651 0.271626
FixedParameters: 0 0 0

#Transform 141
Transform: AffineTransform_float_3_3
Parameters: 0.999996 -0.00230394 -0.00175857 0.00230214 0.999996 -0.00151563 0.00176241 0.00151168 0.999997 0.106151 0.0791189 0.289658
FixedParameters: 0 0 0

#Transform 142
Transform: AffineTransform_float_3_3
Parameters: 0.999997 -0.00183873 -0.00179393 0.00183579 0.999997 -0.00181494 0.00179722 0.00181166 0.999997 0.119506 0.0875021 0.301376
FixedParameters: 0 0 0

#Transform 143
Transform: AffineTransform_float_3_3
Parameters: 0.999997 -0.00172814 -0.00180316 0.00172596 0.999997 -0.0013435 0.0018056 0.00134053 0.999998 0.10347 0.0577274 0.282671
FixedParameters: 0 0 0

#Transform 144
Transform: AffineTransform_float_3_3
Parameters: 0.999997 -0.00163445 -0.00181078 0.00163239 0.999998 -0.00105141 0.00181308 0.00104871 0.999998 0.101464 0.0538926 0.268688
FixedParameters: 0 0 0

#Transform 145
Transform: AffineTransform_float_3_3
Parameters: 0.999997 -0.00172744 -0.0018039 0.00172605 0.999998 -0.000872794 0.0018059 0.00086963 0.999998 0.0860248 0.0580762 0.258866
FixedParameters: 0 0 0

#Transform 146
Transform: AffineTransform_float_3_3
Parameters: 0.999998 -0.00143652 -0.00182616 0.00143534 0.999999 -0.000802351 0.00182745 0.000800324 0.999998 0.0981076 0.0426735 0.232039
FixedParameters: 0 0 0

#Transform 147
Transform: AffineTransform_float_3_3
Parameters: 0.999997 -0.00151665 -0.00193618 0.00151549 0.999998 -0.00100568 0.00193802 0.00100323 0.999998 0.0991986 0.062501 0.230403
FixedParameters: 0 0 0

#Transform 148
Transform: AffineTransform_float_3_3
Parameters: 0.999997 -0.00151764 -0.00190494 0.00151634 0.999998 -0.00106054 0.00190695 0.00105818 0.999998 0.0984472 0.0555198 0.229285
FixedParameters: 0 0 0

#Transform 149
Transform: AffineTransform_float_3_3
Parameters: 0.999997 -0.00143129 -0.00192443 0.00142946 0.999998 -0.00116779 0.00192558 0.0011657 0.999998 0.103076 0.0623913 0.214087
FixedParameters: 0 0 0

#Transform 150
Transform: AffineTransform_float_3_3
Parameters: 0.999997 -0.00151321 -0.00191843 0.0015122 0.999998 -0.000972703 0.00191917 0.000969329 0.999998 0.0821138 0.0615362 0.183046
FixedParameters: 0 0 0

#Transform 151
Transform: AffineTransform_float_3_3
Parameters: 0.999997 -0.00113725 -0.00186294 0.00113542 0.999999 -0.000971892 0.00186389 0.000970038 0.999998 0.0877077 0.0691006 0.159935
FixedParameters: 0 0 0

#Transform 152
Transform: AffineTransform_float_3_3
Parameters: 0.999998 -0.000932221 -0.0017401 0.000929572 0.999999 -0.000992102 0.00174089 0.000991035 0.999998 0.0823923 0.0601639 0.166674
FixedParameters: 0 0 0

#Transform 153
Transform: AffineTransform_float_3_3
Parameters: 0.999998 -0.000798636 -0.00197286 0.000796646 0.999999 -0.0012102 0.00197347 0.00120949 0.999997 0.0829867 0.0686001 0.149396
FixedParameters: 0 0 0

#Transform 154
Transform: AffineTransform_float_3_3
Parameters: 0.999997 -0.00112196 -0.00194804 0.00111873 0.999998 -0.00128783 0.00194967 0.00128585 0.999997 0.0697724 0.0909228 0.177846
FixedParameters: 0 0 0

#Transform 155
Transform: AffineTransform_float_3_3
Parameters: 1 -0.000481856 -0.000291273 0.000481662 0.999999 0.00126417 0.000291002 -0.0012645 0.999999 -0.00714275 0.015539 -0.0300134
FixedParameters: 0 0 0

#Transform 156
Transform: AffineTransform_float_3_3
Parameters: 0.999999 -0.0011728 0.00134186 0.00117173 0.999999 0.000845192 -0.00134282 -0.000843951 0.999999 -0.0406658 0.023917 0.312793
FixedParameters: 0 0 0

#Transform 157
Transform: AffineTransform_float_3_3
Parameters: 0.999999 -0.000482695 0.000838078 0.000481276 0.999999 0.000886179 -0.000838059 -0.000885213 1 -0.0126645 -0.0705962 0.611186
FixedParameters: 0 0 0

#Transform 158
Transform: AffineTransform_float_3_3
Parameters: 1 -0.000103009 -0.000658112 0.000102763 1 -0.000187251 0.00065815 0.000187116 1 0.025706 0.0665852 0.502877
FixedParameters: 0 0 0

#Transform 159
Transform: AffineTransform_float_3_3
Parameters: 1 -0.000158652 -0.000446419 0.000159184 1 0.000596362 0.000446229 -0.000596504 0.999999 0.032953 0.0241673 0.385908
FixedParameters: 0 0 0

#Transform 160
Transform: AffineTransform_float_3_3
Parameters: 1 -0.000630848 -4.86476e-05 0.000631042 0.999999 0.00132829 4.78439e-05 -0.00132835 0.999999 0.0142341 -0.0313445 0.209956
FixedParameters: 0 0 0

#Transform 161
Transform: AffineTransform_float_3_3
Parameters: 0.999999 -0.000335363 -0.000671134 0.000336096 0.999999 0.00129483 0.000670221 -0.00129534 0.999999 0.0719107 -0.074883 0.190391
FixedParameters: 0 0 0

#Transform 162
Transform: AffineTransform_float_3_3
Parameters: 1 -0.000633691 -0.000788402 0.000634881 0.999999 0.00133872 0.000787768 -0.00133977 0.999999 0.100595 -0.0814377 0.250353
FixedParameters: 0 0 0

#Transform 163
Transform: AffineTransform_float_3_3
Parameters: 0.999999 -0.00103304 -0.0014259 0.00103564 0.999999 0.0015759 0.00142477 -0.00157796 0.999998 0.131693 -0.0626316 0.314805
FixedParameters: 0 0 0

#Transform 164
Transform: AffineTransform_float_3_3
Parameters: 1 -0.000623956 -0.000880305 0.000627266 0.999991 0.00404441 0.000878685 -0.00404472 0.999991 0.0732751 -0.164297 0.374797
FixedParameters: 0 0 0

#Transform 165
Transform: AffineTransform_float_3_3
Parameters: 0.999998 -0.00120497 -0.00181659 0.00120964 0.999996 0.00265051 0.00181331 -0.00265204 0.999995 0.0993612 -0.0768556 0.673874
FixedParameters: 0 0 0

#Transform 166
Transform: AffineTransform_float_3_3
Parameters: 0.999997 -0.00126194 -0.00198854 0.00126508 0.999998 0.00153384 0.00198688 -0.0015369 0.999997 0.0940945 0.0207808 0.615448
FixedParameters: 0 0 0

#Transform 167
Transform: AffineTransform_float_3_3
Parameters: 0.999999 -0.000293741 -0.00145306 0.00029306 1 0.000107657 0.00145307 -0.000108418 0.999999 0.115808 -0.0164096 0.542213
FixedParameters: 0 0 0

#Transform 168
Transform: AffineTransform_float_3_3
Parameters: 0.999999 -0.000702336 -0.00132099 0.000699325 0.999998 -0.00183556 0.00132219 0.00183495 0.999998 0.0920318 0.0694852 0.611863
FixedParameters: 0 0 0

#Transform 169
Transform: AffineTransform_float_3_3
Parameters: 0.999998 -0.000673406 -0.00182161 0.000669905 0.999998 -0.00201197 0.00182279 0.00201104 0.999996 0.0989777 0.0899266 0.544203
FixedParameters: 0 0 0

#Transform 170
Transform: AffineTransform_float_3_3
Parameters: 1 -0.00064173 -0.000857495 0.000638308 0.999994 -0.00362189 0.000860214 0.00362194 0.999993 0.0789954 0.13491 0.474799
FixedParameters: 0 0 0

#Transform 171
Transform: AffineTransform_float_3_3
Parameters: 1 -0.00061461 -0.000222831 0.000614038 0.999994 -0.00323354 0.00022515 0.00323331 0.999994 0.0280497 0.273971 0.560018
FixedParameters: 0 0 0

#Transform 172
Transform: AffineTransform_float_3_3
Parameters: 1 -0.00016456 -0.000386643 0.000164644 1 -0.00107192 0.000385813 0.00107185 1 0.0449277 0.154997 0.544702
FixedParameters: 0 0 0

#Transform 173
Transform: AffineTransform_float_3_3
Parameters: 1 0.000219704 -0.00061963 -0.000221108 1 -0.00118569 0.00061998 0.00118597 0.999999 0.084498 0.0822422 0.570205
FixedParameters: 0 0 0

#Transform 174
Transform: AffineTransform_float_3_3
Parameters: 1 -0.000325774 -0.0011323 0.000322326 0.999996 -0.00279302 0.00113242 0.0027926 0.999996 0.119183 0.128791 0.592443
FixedParameters: 0 0 0

#Transform 175
Transform: AffineTransform_float_3_3
Parameters: 0.999998 -0.00127008 -0.00115849 0.00126636 0.999995 -0.00311921 0.00116156 0.00311844 0.999995 0.0892394 0.173943 0.587232
FixedParameters: 0 0 0

#Transform 176
Transform: AffineTransform_float_3_3
Parameters: 0.999998 -0.00105833 -0.00123232 0.00105446 0.999995 -0.0030787 0.00123596 0.00307744 0.999995 0.118375 0.142964 0.543176
FixedParameters: 0 0 0

#Transform 177
Transform: AffineTransform_float_3_3
Parameters: 0.999998 -0.00098441 -0.00144143 0.000978974 0.999994 -0.00349292 0.00144424 0.00349134 0.999992 0.110623 0.136442 0.553543
FixedParameters: 0 0 0

#Transform 178
Transform: AffineTransform_float_3_3
Parameters: 0.999998 -0.000836262 -0.00150646 0.000831242 0.999995 -0.00325328 0.00150982 0.00325218 0.999994 0.0853629 0.128026 0.509181
FixedParameters: 0 0 0

#Transform 179
Transform: AffineTransform_float_3_3
Parameters: 0.999998 -0.000981123 -0.00148392 0.000975786 0.999994 -0.00338407 0.00148749 0.00338257 0.999993 0.0891508 0.148156 0.517025
FixedParameters: 0 0 0

#Transform 180
Transform: AffineTransform_float_3_3
Parameters: 0.999997 -0.00100538 -0.00203392 0.000998585 0.999995 -0.00307506 0.00203706 0.0030726 0.999993 0.0965466 0.138258 0.500282
FixedParameters: 0 0 0

#Transform 181
Transform: AffineTransform_float_3_3
Parameters: 0.999998 -0.000934374 -0.00217384 0.000927347 0.999994 -0.00314589 0.00217661 0.00314465 0.999993 0.0994254 0.135754 0.452223
FixedParameters: 0 0 0

#Transform 182
Transform: AffineTransform_float_3_3
Parameters: 0.999998 -0.000711568 -0.00183827 0.000706312 0.999996 -0.00300669 0.00184063 0.00300556 0.999993 0.0932143 0.0924487 0.504427
FixedParameters: 0 0 0

#Transform 183
Transform: AffineTransform_float_3_3
Parameters: 0.999999 -0.000510701 -0.00179017 0.000507958 0.999998 -0.00156033 0.00179043 0.00155996 0.999997 0.0963218 -0.00470307 0.744536
FixedParameters: 0 0 0

#Transform 184
Transform: AffineTransform_float_3_3
Parameters: 0.999998 -0.000623975 -0.00159957 0.000619464 0.999997 -0.00261984 0.00160107 0.00261822 0.999995 0.0772605 0.0583442 0.67756
FixedParameters: 0 0 0

#Transform 185
Transform: AffineTransform_float_3_3
Parameters: 0.999999 -0.00070898 -0.00133389 0.000704326 0.999995 -0.00316756 0.0013365 0.00316704 0.999994 0.0471958 0.0670614 0.675598
FixedParameters: 0 0 0

#Transform 186
Transform: AffineTransform_float_3_3
Parameters: 0.999997 -0.000763235 -0.00203352 0.000756084 0.999992 -0.00390823 0.00203686 0.00390694 0.99999 0.0675528 0.0956854 0.68634
FixedParameters: 0 0 0

#Transform 187
Transform: AffineTransform_float_3_3
Parameters: 0.999998 -0.000632844 -0.00218223 0.000624506 0.999992 -0.00391645 0.00218467 0.00391551 0.99999 0.0780815 0.0923833 0.66263
FixedParameters: 0 0 0

#Transform 188
Transform: AffineTransform_float_3_3
Parameters: 0.999998 -0.000429168 -0.0020811 0.00042217 0.999993 -0.00357884 0.00208272 0.00357798 0.999992 0.0786727 0.0602901 0.645195
FixedParameters: 0 0 0

#Transform 189
Transform: AffineTransform_float_3_3
Parameters: 0.999998 -0.000861089 -0.0021644 0.000853218 0.999994 -0.00335447 0.00216707 0.00335342 0.999992 0.0703102 0.0590984 0.638864
FixedParameters: 0 0 0

