#Insight Transform File V1.0
#Transform 0
Transform: AffineTransform_float_3_3
Parameters: 1 -0.000184047 1.87495e-05 0.000184058 1 -0.000293997 -1.86413e-05 0.000294003 1 -0.00473199 -0.00785663 -0.0497238
FixedParameters: 0 0 0

#Transform 1
Transform: AffineTransform_float_3_3
Parameters: 1 1.05232e-23 1.74886e-20 1.51372e-24 1 -8.7e-05 -1.74e-20 8.7e-05 1 0.002929 -0.0532698 -0.0745068
FixedParameters: 0 0 0

#Transform 2
Transform: AffineTransform_float_3_3
Parameters: 1 -0.000255685 2.59625e-05 0.000255683 1 3.50066e-05 -2.59804e-05 -3.49934e-05 1 0.00601005 -0.0512 -0.057762
FixedParameters: 0 0 0

#Transform 3
Transform: AffineTransform_float_3_3
Parameters: 1 5.25385e-23 6.33209e-20 1.98447e-23 1 -0.000315 -6.3e-20 0.000315 1 0.008998 0.0130704 -0.00871669
FixedParameters: 0 0 0

#Transform 4
Transform: AffineTransform_float_3_3
Parameters: 1 -5.46402e-06 -5.37228e-05 5.45006e-06 1 -0.00013 5.37243e-05 0.00013 1 0.0181119 -0.0570163 -0.0307749
FixedParameters: 0 0 0

#Transform 5
Transform: AffineTransform_float_3_3
Parameters: 1 -0.000188025 1.9172e-05 0.00018804 1 -0.000384996 -1.90272e-05 0.000385004 1 0.000626067 -0.00972056 -0.0481628
FixedParameters: 0 0 0

#Transform 6
Transform: AffineTransform_float_3_3
Parameters: 1 6.96311e-23 7.73921e-20 2.96446e-23 1 -0.000385 -7.7e-20 0.000385 1 0.008708 -0.0207233 -0.0470575
FixedParameters: 0 0 0

#Transform 7
Transform: AffineTransform_float_3_3
Parameters: 1 -0.000205941 2.09145e-05 0.00020594 1 2.00043e-05 -2.09228e-05 -1.99957e-05 1 0.00494313 -0.0550583 -0.0409443
FixedParameters: 0 0 0

#Transform 8
Transform: AffineTransform_float_3_3
Parameters: 1 -0.000249428 0.000116905 0.000249518 1 -0.000384971 -0.000116713 0.000385029 1 0.00880401 0.00595941 -0.0319074
FixedParameters: 0 0 0

#Transform 9
Transform: AffineTransform_float_3_3
Parameters: 1 1.21288e-06 1.19385e-05 -1.21247e-06 1 -1.7e-05 -1.19386e-05 1.7e-05 1 0.0143337 -0.066628 -0.0321156
FixedParameters: 0 0 0

#Transform 10
Transform: AffineTransform_float_3_3
Parameters: 1 -0.000231337 0.000107019 0.00023142 1 -0.000384975 -0.000106841 0.000385025 1 -0.00810193 0.000929066 -0.026035
FixedParameters: 0 0 0

#Transform 11
Transform: AffineTransform_float_3_3
Parameters: 1 -4.91914e-24 -1.0654e-20 5.61852e-25 1 5.3e-05 1.06e-20 -5.3e-05 1 0.006585 -0.0623817 -0.0534219
FixedParameters: 0 0 0

#Transform 12
Transform: AffineTransform_float_3_3
Parameters: 1 6.96311e-23 7.73921e-20 2.96446e-23 1 -0.000385 -7.7e-20 0.000385 1 -1.42109e-14 0.00949848 -0.0297521
FixedParameters: 0 0 0

#Transform 13
Transform: AffineTransform_float_3_3
Parameters: 1 5.16212e-23 6.25168e-20 1.93439e-23 1 -0.000311 -6.22e-20 0.000311 1 0.014812 -0.0473072 -0.0259157
FixedParameters: 0 0 0

#Transform 14
Transform: AffineTransform_float_3_3
Parameters: 1 5.41591e-23 6.4728e-20 2.07365e-23 1 -0.000322 -6.44e-20 0.000322 1 0.005058 -0.0299875 -0.0273664
FixedParameters: 0 0 0

#Transform 15
Transform: AffineTransform_float_3_3
Parameters: 1 6.96311e-23 7.73921e-20 2.96446e-23 1 -0.000385 -7.7e-20 0.000385 1 -1.42109e-14 -0.0145676 -0.0273169
FixedParameters: 0 0 0

#Transform 16
Transform: AffineTransform_float_3_3
Parameters: 1 -0.000100203 -0.000154633 0.000100084 1 -0.000385015 0.00015471 0.000384984 1 0.012239 -0.0162622 -0.0440107
FixedParameters: 0 0 0

#Transform 17
Transform: AffineTransform_float_3_3
Parameters: 1 -6.96478e-06 -6.86476e-05 6.98098e-06 1 0.000118 6.86459e-05 -0.000118 1 0.0130166 -0.028775 -0.0482184
FixedParameters: 0 0 0

#Transform 18
Transform: AffineTransform_float_3_3
Parameters: 1 -1.81364e-05 -0.000178079 1.80417e-05 1 -0.000266003 0.000178088 0.000265997 1 0.00429631 -0.0164829 -0.0183457
FixedParameters: 0 0 0

#Transform 19
Transform: AffineTransform_float_3_3
Parameters: 1 -0.000169131 1.71674e-05 0.000169128 1 7.20029e-05 -1.71917e-05 -7.19971e-05 1 -0.00434704 -0.043814 -0.0119414
FixedParameters: 0 0 0

#Transform 20
Transform: AffineTransform_float_3_3
Parameters: 1 -1.9433e-05 -0.000191014 1.93726e-05 1 -0.000158004 0.00019102 0.000157996 1 0.00662386 0.00996636 0.01033
FixedParameters: 0 0 0

#Transform 21
Transform: AffineTransform_float_3_3
Parameters: 1 -1.31289e-23 -4.56312e-20 1.0306e-23 1 0.000227 4.54e-20 -0.000227 1 -1.42109e-14 -0.0312817 0.00467429
FixedParameters: 0 0 0

#Transform 22
Transform: AffineTransform_float_3_3
Parameters: 1 -0.000152218 1.54507e-05 0.000152216 1 7.20024e-05 -1.54726e-05 -7.19976e-05 1 -0.0227391 0.023313 0.0157109
FixedParameters: 0 0 0

#Transform 23
Transform: AffineTransform_float_3_3
Parameters: 1 -1.32038e-05 -0.000130333 1.32729e-05 1 0.000264998 0.000130326 -0.000265002 1 -0.00766613 -0.0417002 -0.0082996
FixedParameters: 0 0 0

#Transform 24
Transform: AffineTransform_float_3_3
Parameters: 1 -6.40761e-24 -1.44733e-20 1.03687e-24 1 7.2e-05 1.44e-20 -7.2e-05 1 -0.015849 0.0252983 0.0189347
FixedParameters: 0 0 0

#Transform 25
Transform: AffineTransform_float_3_3
Parameters: 1 -1.32464e-23 -4.80435e-20 1.14244e-23 1 0.000239 4.78e-20 -0.000239 1 -0.018838 -0.0308854 0.0204517
FixedParameters: 0 0 0

#Transform 26
Transform: AffineTransform_float_3_3
Parameters: 1 -1.88109e-05 -0.000185046 1.8782e-05 1 -7.80035e-05 0.000185049 7.79965e-05 1 -0.0143892 0.0292004 0.0496787
FixedParameters: 0 0 0

#Transform 27
Transform: AffineTransform_float_3_3
Parameters: 1 -3.81909e-25 -1.02721e-19 5.22247e-23 1 0.000511 1.022e-19 -0.000511 1 -0.018851 -0.0338047 0.0284818
FixedParameters: 0 0 0

#Transform 28
Transform: AffineTransform_float_3_3
Parameters: 1 -8.8129e-24 -8.18146e-20 3.31302e-23 1 0.000407 8.14e-20 -0.000407 1 -0.024727 0.018092 0.00664353
FixedParameters: 0 0 0

#Transform 29
Transform: AffineTransform_float_3_3
Parameters: 1 -1.63721e-05 -0.000162176 1.65722e-05 1 0.000616997 0.000162155 -0.000617002 1 -0.0159025 -0.0589381 -0.0201234
FixedParameters: 0 0 0

#Transform 30
Transform: AffineTransform_float_3_3
Parameters: 1 -1.26906e-05 -0.000125359 1.27756e-05 1 0.000338998 0.000125351 -0.000339002 1 -0.0193004 -0.0136122 0.0220891
FixedParameters: 0 0 0

#Transform 31
Transform: AffineTransform_float_3_3
Parameters: 1 -4.43982e-05 -0.000438759 4.47334e-05 1 0.00038198 0.000438725 -0.000382019 1 -0.00852375 -0.0246933 0.0183988
FixedParameters: 0 0 0

#Transform 32
Transform: AffineTransform_float_3_3
Parameters: 1 -2.63316e-05 -0.000260673 2.66219e-05 1 0.000556993 0.000260644 -0.000557007 1 -0.0128025 -0.0393347 0.0192228
FixedParameters: 0 0 0

#Transform 33
Transform: AffineTransform_float_3_3
Parameters: 1 0.000246738 -2.49857e-05 -0.000246723 1 0.000309006 2.51382e-05 -0.000308994 1 -0.0037608 0.00222022 0.0452481
FixedParameters: 0 0 0

#Transform 34
Transform: AffineTransform_float_3_3
Parameters: 1 0.000227528 -0.000235057 -0.000227266 1 0.000557053 0.00023531 -0.000556946 1 -0.00835964 -0.0783091 -0.0104766
FixedParameters: 0 0 0

#Transform 35
Transform: AffineTransform_float_3_3
Parameters: 1 -1.15577e-05 -0.000114418 1.16852e-05 1 0.000556998 0.000114405 -0.000557001 1 -0.0231067 0.00186978 0.0127888
FixedParameters: 0 0 0

#Transform 36
Transform: AffineTransform_float_3_3
Parameters: 1 0.000285547 -2.88441e-05 -0.000285514 1 0.000557008 2.91622e-05 -0.000556991 1 -0.0125353 -0.0443445 0.0222694
FixedParameters: 0 0 0

#Transform 37
Transform: AffineTransform_float_3_3
Parameters: 1 0.000178768 -0.000120606 -0.000178671 1 0.000404021 0.000120751 -0.000403978 1 -0.0272253 -0.0128882 0.0364852
FixedParameters: 0 0 0

#Transform 38
Transform: AffineTransform_float_3_3
Parameters: 1 0.000223861 -2.2613e-05 -0.000223835 1 0.000557005 2.28623e-05 -0.000556995 1 -0.0223666 0.0131036 0.0608066
FixedParameters: 0 0 0

#Transform 39
Transform: AffineTransform_float_3_3
Parameters: 1 4.73421e-24 -1.11967e-19 6.20503e-23 1 0.000557 1.114e-19 -0.000557 1 -0.034358 -0.0546779 0.0178968
FixedParameters: 0 0 0

#Transform 40
Transform: AffineTransform_float_3_3
Parameters: 1 -2.19878e-05 -0.000216888 2.20728e-05 1 0.000195995 0.00021688 -0.000196005 1 -0.0309236 0.0268313 0.0721673
FixedParameters: 0 0 0

#Transform 41
Transform: AffineTransform_float_3_3
Parameters: 1 -2.30052e-05 -0.000227841 2.32786e-05 1 0.000599994 0.000227814 -0.000600005 1 -0.0284848 -0.043768 0.0652859
FixedParameters: 0 0 0

#Transform 42
Transform: AffineTransform_float_3_3
Parameters: 1 4.1369e-24 -1.10962e-19 6.09413e-23 1 0.000552 1.104e-19 -0.000552 1 -0.04018 -0.0230753 0.0718903
FixedParameters: 0 0 0

#Transform 43
Transform: AffineTransform_float_3_3
Parameters: 1 -3.71301e-05 -0.000367127 3.74495e-05 1 0.000434986 0.000367095 -0.000435014 1 -0.0313665 0.00119351 0.112782
FixedParameters: 0 0 0

#Transform 44
Transform: AffineTransform_float_3_3
Parameters: 1 -6.97078e-24 -8.74431e-20 3.78454e-23 1 0.000435 8.7e-20 -0.000435 1 -0.042483 -0.0251851 0.0940763
FixedParameters: 0 0 0

#Transform 45
Transform: AffineTransform_float_3_3
Parameters: 1 0.000165159 -1.66863e-05 -0.000165141 1 0.000539003 1.68644e-05 -0.000538997 1 -0.0279829 -0.00663244 0.101894
FixedParameters: 0 0 0

#Transform 46
Transform: AffineTransform_float_3_3
Parameters: 1 7.35266e-24 -1.16189e-19 6.68173e-23 1 0.000578 1.156e-19 -0.000578 1 -0.039978 -0.0201779 0.0825778
FixedParameters: 0 0 0

#Transform 47
Transform: AffineTransform_float_3_3
Parameters: 1 0.000168148 -1.69517e-05 -0.000168122 0.999999 0.000754002 1.72053e-05 -0.000753997 0.999999 -0.0371845 0.000771857 0.107014
FixedParameters: 0 0 0

#Transform 48
Transform: AffineTransform_float_3_3
Parameters: 1 -3.69496e-05 -0.000365135 3.72257e-05 1 0.000377986 0.000365107 -0.000378013 1 -0.0330895 -0.0322874 0.120058
FixedParameters: 0 0 0

#Transform 49
Transform: AffineTransform_float_3_3
Parameters: 1 -3.3167e-05 -0.000328329 3.35301e-05 1 0.000552989 0.000328292 -0.000553011 1 -0.0349303 0.0218254 0.12712
FixedParameters: 0 0 0

#Transform 50
Transform: AffineTransform_float_3_3
Parameters: 1 -3.2126e-05 -0.000318383 3.255e-05 1 0.000665989 0.00031834 -0.00066601 0.999999 -0.0362468 -0.0523491 0.114837
FixedParameters: 0 0 0

#Transform 51
Transform: AffineTransform_float_3_3
Parameters: 1 6.76856e-05 -0.000175692 -6.8484e-05 1 0.000559012 0.000175869 -0.000558988 1 -0.0447636 0.0113249 0.135064
FixedParameters: 0 0 0

#Transform 52
Transform: AffineTransform_float_3_3
Parameters: 1 7.21387e-05 -0.000420372 -7.16258e-05 1 0.00061003 0.00042046 -0.000609969 0.999999 -0.0387962 -0.0459602 0.127242
FixedParameters: 0 0 0

#Transform 53
Transform: AffineTransform_float_3_3
Parameters: 1 -1.18777e-05 -0.000117401 1.19716e-05 1 0.000399999 0.000117391 -0.000400001 1 -0.0465805 0.0377977 0.13634
FixedParameters: 0 0 0

#Transform 54
Transform: AffineTransform_float_3_3
Parameters: 1 0.000166602 -0.000261068 -0.000166318 1 0.000544043 0.000261249 -0.000543956 1 -0.0305937 -0.0408697 0.140735
FixedParameters: 0 0 0

#Transform 55
Transform: AffineTransform_float_3_3
Parameters: 1 0.000228038 -0.000436303 -0.000228119 1 -9.29005e-05 0.000436261 9.30995e-05 1 -0.0147192 0.0221752 0.100816
FixedParameters: 0 0 0

#Transform 56
Transform: AffineTransform_float_3_3
Parameters: 1 0.000358623 -0.000449349 -0.000358193 1 0.000478161 0.000449692 -0.000477839 1 -0.0114366 -0.0512047 0.0600053
FixedParameters: 0 0 0

#Transform 57
Transform: AffineTransform_float_3_3
Parameters: 1 0.000192461 -0.000432556 -0.000192065 1 0.000458083 0.000432732 -0.000457917 1 -0.0156414 -0.0336156 0.0708355
FixedParameters: 0 0 0

#Transform 58
Transform: AffineTransform_float_3_3
Parameters: 1 0.000254123 -0.000438807 -0.000253768 1 0.000404111 0.000439012 -0.000403888 1 -0.0140717 -0.0238093 0.0993628
FixedParameters: 0 0 0

#Transform 59
Transform: AffineTransform_float_3_3
Parameters: 1 9.28538e-05 -0.000422521 -9.26957e-05 1 0.000187039 0.000422556 -0.000186961 1 -0.0144837 -0.0274662 0.128939
FixedParameters: 0 0 0

#Transform 60
Transform: AffineTransform_float_3_3
Parameters: 1 -4.14777e-05 -0.000408902 4.15906e-05 1 0.000137983 0.00040889 -0.000138017 1 -0.0217162 -0.0186882 0.146668
FixedParameters: 0 0 0

#Transform 61
Transform: AffineTransform_float_3_3
Parameters: 1 5.90934e-05 -0.000419082 -5.88042e-05 1 0.000345025 0.000419123 -0.000344975 1 -0.0245732 -0.036113 0.142223
FixedParameters: 0 0 0

#Transform 62
Transform: AffineTransform_float_3_3
Parameters: 1 -4.13468e-05 -0.000408915 4.17214e-05 1 0.000457983 0.000408877 -0.000458017 1 -0.0329575 -0.00994313 0.18083
FixedParameters: 0 0 0

#Transform 63
Transform: AffineTransform_float_3_3
Parameters: 1 -5.85033e-05 -0.000578047 5.89241e-05 1 0.000363966 0.000578004 -0.000364034 1 -0.0212979 0.00216873 0.162372
FixedParameters: 0 0 0

#Transform 64
Transform: AffineTransform_float_3_3
Parameters: 1 -4.74525e-05 -0.000469608 4.79446e-05 1 0.000523977 0.000469558 -0.000524022 1 -0.0131808 -0.0229372 0.169785
FixedParameters: 0 0 0

#Transform 65
Transform: AffineTransform_float_3_3
Parameters: 1 -1.3587e-05 -0.000134315 1.36982e-05 1 0.000413998 0.000134303 -0.000414002 1 -0.018538 0.0274714 0.175207
FixedParameters: 0 0 0

#Transform 66
Transform: AffineTransform_float_3_3
Parameters: 1 -8.67697e-05 -0.000281702 8.60521e-05 1 0.000491976 0.000281718 -0.000492024 1 -0.0103353 -0.0324897 0.17309
FixedParameters: 0 0 0

#Transform 67
Transform: AffineTransform_float_3_3
Parameters: 1 -2.77641e-05 -0.0002746 2.80189e-05 1 0.000463992 0.000274574 -0.000464008 1 -0.0222407 0.0133333 0.202142
FixedParameters: 0 0 0

#Transform 68
Transform: AffineTransform_float_3_3
Parameters: 1 -3.29546e-05 -0.00032634 3.33383e-05 1 0.000587989 0.000326301 -0.000588011 1 -0.0183623 -0.0491633 0.172177
FixedParameters: 0 0 0

#Transform 69
Transform: AffineTransform_float_3_3
Parameters: 1 -3.30473e-05 -0.000326331 3.32457e-05 1 0.000303989 0.000326311 -0.000304011 1 -0.02497 0.0290084 0.227682
FixedParameters: 0 0 0

#Transform 70
Transform: AffineTransform_float_3_3
Parameters: 1 -4.92708e-05 -0.000488521 4.99664e-05 0.999999 0.000711975 0.000488451 -0.000712024 0.999999 -0.0247326 -0.0530786 0.191985
FixedParameters: 0 0 0

#Transform 71
Transform: AffineTransform_float_3_3
Parameters: 1 -4.41161e-05 -0.000436778 4.46113e-05 1 0.00056698 0.000436727 -0.000567019 0.999999 -0.0259827 -0.0163101 0.198914
FixedParameters: 0 0 0

#Transform 72
Transform: AffineTransform_float_3_3
Parameters: 1 -3.29689e-05 -0.000326339 3.3324e-05 1 0.000543989 0.000326303 -0.000544011 1 -0.0286649 -0.00385059 0.221712
FixedParameters: 0 0 0

#Transform 73
Transform: AffineTransform_float_3_3
Parameters: 1 -3.28903e-05 -0.000326347 3.34026e-05 0.999999 0.000784989 0.000326295 -0.00078501 0.999999 -0.0336553 -0.0518591 0.187805
FixedParameters: 0 0 0

#Transform 74
Transform: AffineTransform_float_3_3
Parameters: 1 -3.30166e-05 -0.000326334 3.32763e-05 1 0.000397989 0.000326308 -0.000398011 1 -0.038121 0.0213074 0.225438
FixedParameters: 0 0 0

#Transform 75
Transform: AffineTransform_float_3_3
Parameters: 1 -3.27441e-05 -0.000326362 3.35488e-05 0.999999 0.00123299 0.00032628 -0.00123301 0.999999 -0.0430993 -0.0850167 0.179103
FixedParameters: 0 0 0

#Transform 76
Transform: AffineTransform_float_3_3
Parameters: 1 -3.30332e-05 -0.000326332 3.32597e-05 1 0.000346989 0.000326309 -0.000347011 1 -0.0474379 0.00929047 0.247941
FixedParameters: 0 0 0

#Transform 77
Transform: AffineTransform_float_3_3
Parameters: 1 0.00026764 -0.000284481 -0.000267599 1 7.30761e-05 0.000284521 -7.29239e-05 1 -0.0223035 -0.0733368 0.234403
FixedParameters: 0 0 0

#Transform 78
Transform: AffineTransform_float_3_3
Parameters: 1 0.00062351 -0.000828167 -0.00062457 0.999999 -0.00130148 0.000827435 0.00130252 0.999999 -0.117745 -0.11787 0.430859
FixedParameters: 0 0 0

#Transform 79
Transform: AffineTransform_float_3_3
Parameters: 0.999999 0.000556503 -0.000813373 -0.00055789 0.999998 -0.00152655 0.000812565 0.00152745 0.999998 -0.102328 0.055937 0.343732
FixedParameters: 0 0 0

#Transform 80
Transform: AffineTransform_float_3_3
Parameters: 1 0.000539946 -0.000979178 -0.000540795 1 -0.000941472 0.000978058 0.000942529 0.999999 -0.098327 -0.0284736 0.328854
FixedParameters: 0 0 0

#Transform 81
Transform: AffineTransform_float_3_3
Parameters: 1 0.000527149 -0.00110071 -0.000528934 0.999999 -0.00126341 0.00109928 0.00126359 0.999998 -0.0953999 0.0476739 0.349033
FixedParameters: 0 0 0

#Transform 82
Transform: AffineTransform_float_3_3
Parameters: 1 0.000527535 -0.00110053 -0.00052855 1 -0.000913409 0.00109946 0.000913591 0.999999 -0.0730751 -0.0357694 0.337285
FixedParameters: 0 0 0

#Transform 83
Transform: AffineTransform_float_3_3
Parameters: 1 0.000232759 -0.00107041 -0.000234357 0.999999 -0.00121174 0.00106975 0.00121126 0.999998 -0.0881941 0.0349726 0.360045
FixedParameters: 0 0 0

#Transform 84
Transform: AffineTransform_float_3_3
Parameters: 0.999999 0.000435687 -0.000899056 -0.000436046 0.999999 -0.000808508 0.000899244 0.000809493 1 -0.0820277 -0.0324447 0.368345
FixedParameters: 0 0 0

#Transform 85
Transform: AffineTransform_float_3_3
Parameters: 0.999999 0.000271526 -0.000781839 -0.000273305 1 -0.00113779 0.000781219 0.00113821 0.999999 -0.0858791 0.0325926 0.387873
FixedParameters: 0 0 0

#Transform 86
Transform: AffineTransform_float_3_3
Parameters: 1 0.000471489 -0.000893634 -0.000471806 0.999999 -0.000734468 0.00089284 0.000734532 1 -0.0817136 -0.0179455 0.387628
FixedParameters: 0 0 0

#Transform 87
Transform: AffineTransform_float_3_3
Parameters: 0.999999 0.000307395 -0.000914108 -0.000307969 0.999999 -0.000913608 0.000914439 0.000913392 0.999999 -0.066636 0.0270166 0.369416
FixedParameters: 0 0 0

#Transform 88
Transform: AffineTransform_float_3_3
Parameters: 1 0.000527535 -0.00110053 -0.00052855 1 -0.000913409 0.00109946 0.000913591 0.999999 -0.0849799 -0.0131692 0.367949
FixedParameters: 0 0 0

#Transform 89
Transform: AffineTransform_float_3_3
Parameters: 0.999999 0.000582433 -0.000566177 -0.000583079 0.999999 -0.000659659 0.000566403 0.00065934 0.999999 -0.0864597 -0.000355218 0.344168
FixedParameters: 0 0 0

#Transform 90
Transform: AffineTransform_float_3_3
Parameters: 1 0.000273275 -0.000953794 -0.0002747 0.999999 -0.000799638 0.000954351 0.000800362 0.999999 -0.0781128 -0.0174237 0.365577
FixedParameters: 0 0 0

#Transform 91
Transform: AffineTransform_float_3_3
Parameters: 0.999999 0.000271525 -0.000812923 -0.000272015 0.999999 -0.000913668 0.000812326 0.000913331 1 -0.0841715 -0.0138469 0.383582
FixedParameters: 0 0 0

#Transform 92
Transform: AffineTransform_float_3_3
Parameters: 0.999999 0.000326283 -0.000720022 -0.000327598 0.999999 -0.000913654 0.000719425 0.000913346 1 -0.0990353 0.0095138 0.381212
FixedParameters: 0 0 0

#Transform 93
Transform: AffineTransform_float_3_3
Parameters: 1 0.000110707 -0.000608411 -0.000111477 1 -0.000632932 0.00060827 0.000633067 0.999999 -0.0972497 -0.0168355 0.387376
FixedParameters: 0 0 0

#Transform 94
Transform: AffineTransform_float_3_3
Parameters: 1 0.000110661 -0.000608419 -0.000111523 0.999999 -0.000707932 0.000608262 0.000708067 0.999999 -0.0978517 0.00612338 0.396565
FixedParameters: 0 0 0

#Transform 95
Transform: AffineTransform_float_3_3
Parameters: 1 0.000110686 -0.000608414 -0.000111498 1 -0.000666932 0.000608266 0.000667067 0.999999 -0.0907015 -0.0251189 0.398689
FixedParameters: 0 0 0

#Transform 96
Transform: AffineTransform_float_3_3
Parameters: 1 0.000201276 -0.000617651 -0.000201976 1 -0.000566875 0.000617422 0.000567124 0.999999 -0.0903322 0.00347591 0.403774
FixedParameters: 0 0 0

#Transform 97
Transform: AffineTransform_float_3_3
Parameters: 0.999999 0.000472512 -0.000686699 -0.000473516 0.999999 -0.000803674 0.000686933 0.000804324 0.999999 -0.0542644 0.00348041 0.347382
FixedParameters: 0 0 0

#Transform 98
Transform: AffineTransform_float_3_3
Parameters: 0.999999 0.000407748 -0.000839797 -0.000407753 0.999999 -0.000595547 0.00083921 0.000595453 1 -0.0323072 -0.00729255 0.289506
FixedParameters: 0 0 0

#Transform 99
Transform: AffineTransform_float_3_3
Parameters: 1 0.000104073 -0.000673077 -0.000104974 1 -0.000668929 0.000672938 0.00066907 0.999999 -0.0213345 -0.0260999 0.276376
FixedParameters: 0 0 0

#Transform 100
Transform: AffineTransform_float_3_3
Parameters: 0.999999 0.000282485 -0.00125113 -0.000283569 1 -0.000433535 0.00125088 0.000433464 0.999999 -0.0129728 -0.021334 0.269857
FixedParameters: 0 0 0

#Transform 101
Transform: AffineTransform_float_3_3
Parameters: 0.999999 8.00747e-05 -0.000911796 -8.04649e-05 1 -0.000213927 0.000911761 0.000214073 0.999999 -0.0202018 -0.0736644 0.269445
FixedParameters: 0 0 0

#Transform 102
Transform: AffineTransform_float_3_3
Parameters: 1 0.000316924 -0.00111803 -0.000317307 0.999999 -0.000661535 0.00111851 0.000661466 0.999999 -0.0151968 0.00306285 0.308719
FixedParameters: 0 0 0

#Transform 103
Transform: AffineTransform_float_3_3
Parameters: 1 0.000191338 -0.00105182 -0.000192051 1 -0.000338698 0.00105169 0.000339302 1 -0.040353 -0.0519294 0.341122
FixedParameters: 0 0 0

#Transform 104
Transform: AffineTransform_float_3_3
Parameters: 1 6.12645e-05 -0.00109189 -6.25922e-05 1 -0.000653831 0.00109281 0.000654168 0.999999 -0.0422282 0.0116149 0.366038
FixedParameters: 0 0 0

#Transform 105
Transform: AffineTransform_float_3_3
Parameters: 0.999999 0.000276856 -0.000886505 -0.000276803 1 3.02454e-05 0.000886521 -2.97546e-05 0.999999 -0.0510437 -0.0284556 0.35696
FixedParameters: 0 0 0

#Transform 106
Transform: AffineTransform_float_3_3
Parameters: 0.999999 7.35137e-05 -0.000978434 -7.34844e-05 1 1.50719e-05 0.000978437 -1.49281e-05 0.999999 -0.0665185 0.0329086 0.396501
FixedParameters: 0 0 0

#Transform 107
Transform: AffineTransform_float_3_3
Parameters: 0.999999 8.23224e-05 -0.000894835 -8.26479e-05 1 0.000374074 0.000894998 -0.000373926 0.999999 -0.0909022 -0.0188446 0.399508
FixedParameters: 0 0 0

#Transform 108
Transform: AffineTransform_float_3_3
Parameters: 0.999999 8.19287e-05 -0.000894871 -8.20468e-05 1 -6.59266e-05 0.00089486 6.60733e-05 0.999999 -0.0774902 0.0535659 0.450883
FixedParameters: 0 0 0

#Transform 109
Transform: AffineTransform_float_3_3
Parameters: 1 0.000137035 -0.000353623 -0.00013689 1 0.000206048 0.00035368 -0.000205952 1 -0.108201 -0.0229156 0.454729
FixedParameters: 0 0 0

#Transform 110
Transform: AffineTransform_float_3_3
Parameters: 1 -4.30105e-05 -0.00040372 4.30267e-05 1 1.99826e-05 0.000403719 -2.00174e-05 1 -0.0978627 0.0395628 0.472708
FixedParameters: 0 0 0

#Transform 111
Transform: AffineTransform_float_3_3
Parameters: 1 0.000141231 -0.000312804 -0.00014098 1 0.000402044 0.000312918 -0.000401956 1 -0.115391 -0.00928022 0.502072
FixedParameters: 0 0 0

#Transform 112
Transform: AffineTransform_float_3_3
Parameters: 1 -0.000163636 -0.000563372 0.000163897 1 0.000231908 0.000563296 -0.000232092 1 -0.105395 0.0201481 0.521075
FixedParameters: 0 0 0

#Transform 113
Transform: AffineTransform_float_3_3
Parameters: 1 -2.63717e-05 -0.000577284 2.65749e-05 1 0.000175985 0.000577275 -0.000176015 1 -0.104111 0.0375625 0.553558
FixedParameters: 0 0 0

#Transform 114
Transform: AffineTransform_float_3_3
Parameters: 1 -6.89953e-05 -0.000235257 6.92531e-05 1 0.000547984 0.000235181 -0.000548016 1 -0.111783 -0.0123698 0.514828
FixedParameters: 0 0 0

#Transform 115
Transform: AffineTransform_float_3_3
Parameters: 1 -6.6351e-05 -0.000573228 6.6186e-05 1 -0.000144038 0.000573247 0.000143962 1 -0.12013 0.0467439 0.554488
FixedParameters: 0 0 0

#Transform 116
Transform: AffineTransform_float_3_3
Parameters: 1 7.35055e-05 7.09714e-05 -7.35835e-05 1 0.000549995 -7.08905e-05 -0.000550005 1 -0.125017 -0.0096814 0.520369
FixedParameters: 0 0 0

#Transform 117
Transform: AffineTransform_float_3_3
Parameters: 1 -0.000114888 -0.000359229 0.000114893 1 6.95873e-06 0.000359228 -7.04127e-06 1 -0.131479 0.0716522 0.583422
FixedParameters: 0 0 0

#Transform 118
Transform: AffineTransform_float_3_3
Parameters: 1 0.000113224 -0.000591348 -0.00011339 0.999999 0.000701067 0.000591608 -0.000700933 0.999999 -0.121493 0.000950245 0.556813
FixedParameters: 0 0 0

#Transform 119
Transform: AffineTransform_float_3_3
Parameters: 1 -0.000210175 0.000345965 0.000210045 1 0.000188073 -0.000346044 -0.000187927 1 -0.138703 0.0448395 0.557144
FixedParameters: 0 0 0

#Transform 120
Transform: AffineTransform_float_3_3
Parameters: 1 -8.24341e-06 1.79178e-05 8.21828e-06 1 0.000701 -1.79293e-05 -0.000701 1 -0.134069 0.0437892 0.57166
FixedParameters: 0 0 0

#Transform 121
Transform: AffineTransform_float_3_3
Parameters: 1 -0.000189946 0.000209145 0.000189705 1 0.000576039 -0.000209364 -0.00057596 1 -0.150807 0.00280571 0.566916
FixedParameters: 0 0 0

#Transform 122
Transform: AffineTransform_float_3_3
Parameters: 1 0.000144915 -0.000276014 -0.000144775 1 0.00025304 0.000276087 -0.00025296 1 -0.123106 0.084557 0.587691
FixedParameters: 0 0 0

#Transform 123
Transform: AffineTransform_float_3_3
Parameters: 1 -1.59127e-05 0.000191554 1.55296e-05 0.999999 0.001 -0.000191585 -0.000999996 0.999999 -0.135096 -0.00358609 0.568819
FixedParameters: 0 0 0

#Transform 124
Transform: AffineTransform_float_3_3
Parameters: 1 -8.35097e-05 -0.000180541 8.38219e-05 0.999999 0.000864984 0.000180396 -0.000865014 0.999999 -0.113058 0.0439953 0.567318
FixedParameters: 0 0 0

#Transform 125
Transform: AffineTransform_float_3_3
Parameters: 1 -0.000135383 -0.000255688 0.000135667 1 0.000554965 0.000255538 -0.000555034 1 -0.129013 0.0109503 0.552189
FixedParameters: 0 0 0

#Transform 126
Transform: AffineTransform_float_3_3
Parameters: 1 -1.89839e-06 0.000190154 1.68732e-06 1 0.000555 -0.000190156 -0.000554999 1 -0.113309 0.0674516 0.607644
FixedParameters: 0 0 0

#Transform 127
Transform: AffineTransform_float_3_3
Parameters: 1 -3.28516e-05 0.000193251 3.24167e-05 1 0.00112501 -0.000193324 -0.00112499 1 -0.116431 -0.00676336 0.584087
FixedParameters: 0 0 0

#Transform 128
Transform: AffineTransform_float_3_3
Parameters: 1 -6.16736e-05 0.000196159 6.12977e-05 0.999999 0.000958011 -0.000196277 -0.000957987 0.999999 -0.112278 0.0441091 0.60477
FixedParameters: 0 0 0

#Transform 129
Transform: AffineTransform_float_3_3
Parameters: 1 0.000190018 0.000170875 -0.00019042 1 0.00117797 -0.000170427 -0.00117803 1 -0.130932 0.0165893 0.607921
FixedParameters: 0 0 0

#Transform 130
Transform: AffineTransform_float_3_3
Parameters: 1 -8.15859e-05 0.000198156 8.11807e-05 1 0.00102202 -0.000198322 -0.00102198 1 -0.133711 0.0272513 0.599338
FixedParameters: 0 0 0

#Transform 131
Transform: AffineTransform_float_3_3
Parameters: 1 -0.000207217 -0.00010179 0.000207536 1 0.00107098 0.000102341 -0.00107102 1 -0.141122 0.0491196 0.625729
FixedParameters: 0 0 0

#Transform 132
Transform: AffineTransform_float_3_3
Parameters: 1 8.16168e-05 0.000181738 -8.19373e-05 0.999999 0.000881984 -0.000181594 -0.000882014 0.999999 -0.142037 0.0097189 0.612042
FixedParameters: 0 0 0

#Transform 133
Transform: AffineTransform_float_3_3
Parameters: 1 0.000113224 -1.34321e-05 -0.000113205 1 0.000690001 1.35883e-05 -0.000689998 1 -0.142594 0.0663522 0.651088
FixedParameters: 0 0 0

#Transform 134
Transform: AffineTransform_float_3_3
Parameters: 1 0.000190021 0.000170872 -0.000190418 1 0.00116396 -0.000170429 -0.00116304 1 -0.139275 -0.0111847 0.617038
FixedParameters: 0 0 0

#Transform 135
Transform: AffineTransform_float_3_3
Parameters: 1 -6.8372e-06 7.20434e-05 6.66946e-06 1 0.001164 -7.20592e-05 -0.001164 1 -0.145056 0.0242843 0.623051
FixedParameters: 0 0 0

#Transform 136
Transform: AffineTransform_float_3_3
Parameters: 1 0.000190021 0.000170872 -0.000190418 1 0.00116396 -0.000170429 -0.00116304 1 -0.124037 0.0345115 0.602034
FixedParameters: 0 0 0

#Transform 137
Transform: AffineTransform_float_3_3
Parameters: 1 3.59173e-06 0.000186569 -4.15478e-06 0.999999 0.001509 -0.000186558 -0.001509 0.999999 -0.120696 -0.00945731 0.5977
FixedParameters: 0 0 0

#Transform 138
Transform: AffineTransform_float_3_3
Parameters: 1 0.000177614 4.75634e-05 -0.000177762 0.999999 0.00156399 -4.70076e-05 -0.00156401 0.999999 -0.130913 0.0107367 0.611556
FixedParameters: 0 0 0

#Transform 139
Transform: AffineTransform_float_3_3
Parameters: 1 0.000202508 0.000295247 -0.000203194 1 0.00116393 -0.000294775 -0.00116307 0.999999 -0.129391 0.020569 0.628475
FixedParameters: 0 0 0

#Transform 140
Transform: AffineTransform_float_3_3
Parameters: 1 5.90993e-06 9.89044e-05 -6.14017e-06 1 0.001164 -9.88904e-05 -0.001164 1 -0.14207 0.0417792 0.627634
FixedParameters: 0 0 0

#Transform 141
Transform: AffineTransform_float_3_3
Parameters: 1 -9.24913e-05 0.000370091 9.26242e-05 1 0.00116404 -0.000370408 -0.00116397 1 -0.135223 0.0307947 0.652288
FixedParameters: 0 0 0

#Transform 142
Transform: AffineTransform_float_3_3
Parameters: 1 2.72244e-05 0.000151036 -2.75759e-05 1 0.001164 -0.000150972 -0.001164 1 -0.127705 0.0176386 0.618692
FixedParameters: 0 0 0

#Transform 143
Transform: AffineTransform_float_3_3
Parameters: 1 -7.02734e-05 0.000190976 7.08234e-05 1 0.00116401 -0.000191241 -0.00116399 1 -0.120947 0.0111548 0.616713
FixedParameters: 0 0 0

#Transform 144
Transform: AffineTransform_float_3_3
Parameters: 1 0.000211799 0.000387782 -0.000212803 1 0.00116391 -0.000388282 -0.00116309 0.999999 -0.106895 0.00175455 0.586739
FixedParameters: 0 0 0

#Transform 145
Transform: AffineTransform_float_3_3
Parameters: 1 4.9722e-05 -0.000225106 -4.93801e-05 0.999999 0.00098601 0.000224209 -0.000985988 0.999999 -0.0636619 0.0378465 0.527741
FixedParameters: 0 0 0

#Transform 146
Transform: AffineTransform_float_3_3
Parameters: 1 0.00013128 -0.000414187 -0.00013131 1 0.00116406 0.000414593 -0.00116395 0.999999 -0.0894053 -0.00947158 0.515595
FixedParameters: 0 0 0

#Transform 147
Transform: AffineTransform_float_3_3
Parameters: 1 0.00014905 -0.000235221 -0.000148926 1 0.000264035 0.0002353 -0.000263965 1 -0.116044 0.0800939 0.641037
FixedParameters: 0 0 0

#Transform 148
Transform: AffineTransform_float_3_3
Parameters: 1 0.000127465 -0.000450068 -0.00012785 1 0.000677057 0.000450342 -0.000676942 0.999999 -0.087937 0.0538175 0.622018
FixedParameters: 0 0 0

#Transform 149
Transform: AffineTransform_float_3_3
Parameters: 1 0.00017922 6.34457e-05 -0.00017939 0.999999 0.00134999 -6.29615e-05 -0.00135001 0.999999 -0.0983184 -0.0189423 0.513558
FixedParameters: 0 0 0

#Transform 150
Transform: AffineTransform_float_3_3
Parameters: 1 0.000144165 -0.000285833 -0.000144499 1 0.00115504 0.000286268 -0.00115496 1 -0.0851648 0.0332734 0.513186
FixedParameters: 0 0 0

#Transform 151
Transform: AffineTransform_float_3_3
Parameters: 1 0.00028463 -0.000318049 -0.000283936 1 0.00108909 0.000318668 -0.00108891 1 -0.0861868 0.018497 0.538875
FixedParameters: 0 0 0

#Transform 152
Transform: AffineTransform_float_3_3
Parameters: 1 0.000155462 -0.000173391 -0.00015604 1 0.00120103 0.000173867 -0.00120097 1 -0.0824957 0.0221968 0.526575
FixedParameters: 0 0 0

#Transform 153
Transform: AffineTransform_float_3_3
Parameters: 1 8.12562e-05 -0.000190154 -8.11375e-05 1 0.000312015 0.000190204 -0.000311985 1 -0.0933327 0.0291464 0.557538
FixedParameters: 0 0 0

#Transform 154
Transform: AffineTransform_float_3_3
Parameters: 1 0.000172938 6.33045e-07 -0.000172939 1 0.000618 -4.19294e-07 -0.000618 1 -0.12047 0.00974697 0.574204
FixedParameters: 0 0 0

#Transform 155
Transform: AffineTransform_float_3_3
Parameters: 1 0.000128887 -0.000437099 -0.000129055 0.999999 0.000945056 0.000437444 -0.000944943 0.999999 -0.109976 0.0625786 0.611853
FixedParameters: 0 0 0

#Transform 156
Transform: AffineTransform_float_3_3
Parameters: 1 0.000329964 -0.000377795 -0.000328964 0.999999 0.00132212 0.000378666 -0.00132188 0.999999 -0.107025 0.0153296 0.592259
FixedParameters: 0 0 0

#Transform 157
Transform: AffineTransform_float_3_3
Parameters: 1 0.00015086 -0.000218241 -0.000151546 0.999999 0.000707033 0.000218556 -0.000706967 0.999999 -0.117674 0.0674303 0.658648
FixedParameters: 0 0 0

#Transform 158
Transform: AffineTransform_float_3_3
Parameters: 1 0.000264189 -0.000371286 -0.000264409 1 0.0010431 0.000371938 -0.0010429 1 -0.108222 0.0441108 0.646513
FixedParameters: 0 0 0

#Transform 159
Transform: AffineTransform_float_3_3
Parameters: 1 0.000119153 0.000225199 -0.000119563 0.999999 0.000910972 -0.000224982 -0.000911026 0.999999 -0.12115 0.0541131 0.626159
FixedParameters: 0 0 0

#Transform 160
Transform: AffineTransform_float_3_3
Parameters: 1 0.000136742 -0.000358517 -0.000137167 0.999999 0.000794049 0.000358836 -0.00079395 0.999999 -0.10799 0.0688922 0.670075
FixedParameters: 0 0 0

#Transform 161
Transform: AffineTransform_float_3_3
Parameters: 1 0.000154276 -0.000184409 -0.000154008 0.999999 0.000728028 0.000184634 -0.000727971 0.999999 -0.10288 0.0306835 0.655857
FixedParameters: 0 0 0

#Transform 162
Transform: AffineTransform_float_3_3
Parameters: 1 0.000162887 -9.97044e-05 -0.000162679 0.999999 0.00155002 9.92141e-05 -0.00154998 0.999999 -0.0884782 0.0552808 0.663596
FixedParameters: 0 0 0

#Transform 163
Transform: AffineTransform_float_3_3
Parameters: 1 0.000152532 -0.000203192 -0.000152906 0.999999 0.00152503 0.000203759 -0.00152497 0.999999 -0.0859377 0.0267931 0.625349
FixedParameters: 0 0 0

#Transform 164
Transform: AffineTransform_float_3_3
Parameters: 1 0.000136867 -0.00035847 -0.000137042 1 0.00114305 0.000358884 -0.00114295 1 -0.0893525 0.0683411 0.69339
FixedParameters: 0 0 0

#Transform 165
Transform: AffineTransform_float_3_3
Parameters: 1 0.000170549 -2.30904e-05 -0.00017058 0.999999 0.001528 2.26168e-05 -0.001528 0.999999 -0.103009 0.0222862 0.651865
FixedParameters: 0 0 0

#Transform 166
Transform: AffineTransform_float_3_3
Parameters: 1 0.000411791 -0.000284317 -0.000411909 0.999999 0.00171812 0.000284838 -0.00171788 0.999999 -0.113713 0.0568961 0.689249
FixedParameters: 0 0 0

#Transform 167
Transform: AffineTransform_float_3_3
Parameters: 1 0.000189405 0.00016603 -0.000190023 0.999998 0.00186497 -0.000165322 -0.00186503 0.999998 -0.119172 0.0518462 0.674116
FixedParameters: 0 0 0

#Transform 168
Transform: AffineTransform_float_3_3
Parameters: 1 0.000216204 0.000435735 -0.000217001 0.999998 0.0020579 -0.000434944 -0.00205809 0.999998 -0.125565 0.0407112 0.682107
FixedParameters: 0 0 0

#Transform 169
Transform: AffineTransform_float_3_3
Parameters: 1 0.000318739 0.000426575 -0.00031872 0.999997 0.00219186 -0.000426374 -0.00219213 0.999997 -0.1288 0.00867556 0.672621
FixedParameters: 0 0 0

#Transform 170
Transform: AffineTransform_float_3_3
Parameters: 1 0.000427855 0.000248677 -0.000427758 0.999998 0.00160189 -0.000248403 -0.00160211 0.999998 -0.115876 0.105704 0.799835
FixedParameters: 0 0 0

#Transform 171
Transform: AffineTransform_float_3_3
Parameters: 1 0.000522882 0.000406116 -0.000523473 0.999998 0.00182979 -0.000405297 -0.00183021 0.999998 -0.117911 0.00784836 0.693336
FixedParameters: 0 0 0

#Transform 172
Transform: AffineTransform_float_3_3
Parameters: 1 0.000284033 0.000429955 -0.00028478 0.999998 0.00190788 -0.000429965 -0.00190812 0.999998 -0.123904 0.0376529 0.708522
FixedParameters: 0 0 0

#Transform 173
Transform: AffineTransform_float_3_3
Parameters: 1 0.000467982 0.000411769 -0.000468936 0.999998 0.00224581 -0.00041076 -0.00224619 0.999998 -0.128047 0.0560857 0.706096
FixedParameters: 0 0 0

#Transform 174
Transform: AffineTransform_float_3_3
Parameters: 1 0.000467905 0.000411857 -0.000469013 0.999997 0.00243381 -0.000410672 -0.00243419 0.999997 -0.119235 0.0404754 0.713465
FixedParameters: 0 0 0

#Transform 175
Transform: AffineTransform_float_3_3
Parameters: 1 0.00052743 0.000438502 -0.000529369 0.999994 0.00323777 -0.000436176 -0.00323823 0.999994 -0.118506 0.0402054 0.711834
FixedParameters: 0 0 0

#Transform 176
Transform: AffineTransform_float_3_3
Parameters: 0.999999 0.000545323 0.00061739 -0.000547961 0.999996 0.00278066 -0.00061644 -0.00278134 0.999996 -0.122852 0.0424702 0.723067
FixedParameters: 0 0 0

#Transform 177
Transform: AffineTransform_float_3_3
Parameters: 1 0.000499542 0.000154888 -0.000500754 0.999994 0.00327391 -0.000153603 -0.00327308 0.999994 -0.111713 0.0791275 0.733062
FixedParameters: 0 0 0

#Transform 178
Transform: AffineTransform_float_3_3
Parameters: 0.999999 0.00068579 0.000526434 -0.000687409 0.999994 0.00324264 -0.000524173 -0.00324336 0.999994 -0.128574 0.0161171 0.714506
FixedParameters: 0 0 0

#Transform 179
Transform: AffineTransform_float_3_3
Parameters: 0.999999 0.000702246 0.000542059 -0.00070324 0.999993 0.00349062 -0.000539446 -0.00349138 0.999994 -0.117261 0.0932255 0.766941
FixedParameters: 0 0 0

#Transform 180
Transform: AffineTransform_float_3_3
Parameters: 0.999999 0.000687119 0.000422475 -0.000688935 0.99999 0.0042837 -0.000418772 -0.0042833 0.99999 -0.114481 0.0328876 0.648748
FixedParameters: 0 0 0

#Transform 181
Transform: AffineTransform_float_3_3
Parameters: 1 0.000770402 0.000735361 -0.000772908 0.999993 0.00353252 -0.000733198 -0.00353248 0.999994 -0.123959 0.0580366 0.662321
FixedParameters: 0 0 0

#Transform 182
Transform: AffineTransform_float_3_3
Parameters: 0.999999 0.000620918 0.000478404 -0.000621983 0.999996 0.00298571 -0.000476885 -0.0029863 0.999996 -0.117513 0.0400711 0.731406
FixedParameters: 0 0 0

#Transform 183
Transform: AffineTransform_float_3_3
Parameters: 0.999999 0.000703299 0.000532986 -0.000704348 0.999994 0.00360263 -0.000530208 -0.00360338 0.999994 -0.117091 0.0279767 0.748948
FixedParameters: 0 0 0

#Transform 184
Transform: AffineTransform_float_3_3
Parameters: 1 0.000441431 0.000333786 -0.000443297 0.999992 0.00415086 -0.000331209 -0.00415115 0.999992 -0.114351 0.00186582 0.717193
FixedParameters: 0 0 0

#Transform 185
Transform: AffineTransform_float_3_3
Parameters: 1 0.000514202 0.000298369 -0.000515299 0.999998 0.00167083 -0.000297644 -0.00167016 0.999998 -0.135832 0.198812 0.682837
FixedParameters: 0 0 0

#Transform 186
Transform: AffineTransform_float_3_3
Parameters: 1 0.000887848 0.000514215 -0.000888901 0.999996 0.00276953 -0.000511486 -0.00276947 0.999996 -0.131455 0.0830907 0.627792
FixedParameters: 0 0 0

#Transform 187
Transform: AffineTransform_float_3_3
Parameters: 0.999999 0.000750764 0.000527427 -0.000751295 0.999997 0.00229861 -0.00052517 -0.0022994 0.999997 -0.129981 0.15879 0.653581
FixedParameters: 0 0 0

#Transform 188
Transform: AffineTransform_float_3_3
Parameters: 1 0.000984314 0.000504806 -0.000986541 0.999996 0.00289839 -0.00050218 -0.00289861 0.999995 -0.123986 0.122453 0.600185
FixedParameters: 0 0 0

#Transform 189
Transform: AffineTransform_float_3_3
Parameters: 0.999999 0.00082316 0.000520607 -0.000824254 0.999996 0.00277356 -0.00051823 -0.00277344 0.999996 -0.13367 0.145099 0.606291
FixedParameters: 0 0 0

#Transform 190
Transform: AffineTransform_float_3_3
Parameters: 1 0.00102029 0.000500958 -0.00102109 0.999996 0.00259039 -0.000497861 -0.00259161 0.999996 -0.129977 0.190613 0.650695
FixedParameters: 0 0 0

#Transform 191
Transform: AffineTransform_float_3_3
Parameters: 1 0.000891525 0.00051435 -0.000893286 0.999994 0.00336153 -0.000511537 -0.00336147 0.999994 -0.121158 0.11993 0.571762
FixedParameters: 0 0 0

#Transform 192
Transform: AffineTransform_float_3_3
Parameters: 1 0.00100521 0.000502753 -0.00100644 0.999996 0.00290638 -0.000500093 -0.00290662 0.999995 -0.120199 0.236845 0.648133
FixedParameters: 0 0 0

#Transform 193
Transform: AffineTransform_float_3_3
Parameters: 1 0.000869976 0.000702165 -0.00087243 0.99999 0.00437838 -0.000697925 -0.00437862 0.99999 -0.123141 0.150331 0.583165
FixedParameters: 0 0 0

#Transform 194
Transform: AffineTransform_float_3_3
Parameters: 0.999999 0.000474851 0.000554262 -0.00047495 1 0.000987738 -0.000553425 -0.000988264 1 -0.133581 0.130039 0.796096
FixedParameters: 0 0 0

#Transform 195
Transform: AffineTransform_float_3_3
Parameters: 0.999999 0.00048558 0.00055335 -0.000486107 0.999999 0.00137573 -0.000552114 -0.00137627 0.999999 -0.131385 0.135018 0.841109
FixedParameters: 0 0 0

#Transform 196
Transform: AffineTransform_float_3_3
Parameters: 0.999999 0.000619476 0.000540389 -0.000619936 0.999998 0.00217667 -0.000538887 -0.00217734 0.999998 -0.130675 0.01892 0.661276
FixedParameters: 0 0 0

#Transform 197
Transform: AffineTransform_float_3_3
