# transform file /out/sourcedata/freesurfer/sub-v1s22x0050484_ses-1/mri/transforms/cc_up.lta
# created by oesteban on Thu Mar 12 17:17:08 2026

type      = 0 # LINEAR_VOX_TO_VOX
nxforms   = 1
mean      = 131.0000 107.0000 116.0000
sigma     = 10000.0000
1 4 4
9.993460178375244e-01 -3.487630933523178e-02 -9.554880671203136e-03 6.442561149597168e+00 
3.487471491098404e-02 9.993917346000671e-01 -3.334417997393757e-04 3.470376968383789e+01 
9.560696780681610e-03 0.000000000000000e+00 9.999543428421021e-01 2.180256652832031e+01 
0.000000000000000e+00 0.000000000000000e+00 0.000000000000000e+00 1.000000000000000e+00 
src volume info
valid = 1  # volume info valid
filename = /out/sourcedata/freesurfer/sub-v1s22x0050484_ses-1/mri/norm.mgz
volume = 256 256 256
voxelsize = 1.000000000000000e+00 1.000000000000000e+00 1.000000000000000e+00
xras   = -1.000000000000000e+00 0.000000000000000e+00 1.862645149230957e-09
yras   = 0.000000000000000e+00 0.000000000000000e+00 -9.999999403953552e-01
zras   = 0.000000000000000e+00 1.000000000000000e+00 0.000000000000000e+00
cras   = 6.137390136718750e-01 4.528196716308594e+01 -8.086029052734375e+00
dst volume info
valid = 1  # volume info valid
filename = /out/sourcedata/freesurfer/sub-v1s22x0050484_ses-1/mri/norm.mgz
volume = 256 256 256
voxelsize = 1.000000000000000e+00 1.000000000000000e+00 1.000000000000000e+00
xras   = -1.000000000000000e+00 0.000000000000000e+00 1.862645149230957e-09
yras   = 0.000000000000000e+00 0.000000000000000e+00 -9.999999403953552e-01
zras   = 0.000000000000000e+00 1.000000000000000e+00 0.000000000000000e+00
cras   = 6.137390136718750e-01 4.528196716308594e+01 -8.086029052734375e+00
