#Insight Transform File V1.0
#Transform 0
Transform: AffineTransform_float_3_3
Parameters: 1 0.00100402 0.000518611 -0.00100405 0.999999 -0.000875522 -0.000519315 0.00087448 1 0.0379036 -0.0250445 0.0323056
FixedParameters: 0 0 0

#Transform 1
Transform: AffineTransform_float_3_3
Parameters: 1 0.000851009 0.000518701 -0.000850642 0.999999 -0.00126244 -0.000519796 0.00126156 0.999999 0.0388867 0.00176597 0.0297033
FixedParameters: 0 0 0

#Transform 2
Transform: AffineTransform_float_3_3
Parameters: 0.999999 0.000650433 0.000461868 -0.000649441 1 -0.0010153 -0.000462188 0.0010147 1 0.0283365 0.000342864 0.0343884
FixedParameters: 0 0 0

#Transform 3
Transform: AffineTransform_float_3_3
Parameters: 0.999999 0.000446909 0.000594637 -0.000446721 1 -0.000157269 -0.000594777 0.000157731 1 0.0314052 0.0273268 0.0169276
FixedParameters: 0 0 0

#Transform 4
Transform: AffineTransform_float_3_3
Parameters: 0.999999 0.00038117 0.000925545 -0.000381072 1 -0.000592302 -0.000925943 0.000592699 1 0.0388953 0.0236092 0.00378735
FixedParameters: 0 0 0

#Transform 5
Transform: AffineTransform_float_3_3
Parameters: 1 0.000636838 0.000911516 -0.000636655 0.999999 -0.00064753 -0.000912286 0.00064747 1 0.0332894 0.0380271 0.0224791
FixedParameters: 0 0 0

#Transform 6
Transform: AffineTransform_float_3_3
Parameters: 0.999999 0.000927795 0.000895182 -0.000926792 0.999999 -0.00108783 -0.000896146 0.00108717 0.999999 0.0384889 -0.00511357 -0.0165421
FixedParameters: 0 0 0

#Transform 7
Transform: AffineTransform_float_3_3
Parameters: 1 0.000530803 0.000854085 -0.000530177 1 -0.000951454 -0.00085504 0.000950547 0.999999 0.0212525 0.0125156 0.0177894
FixedParameters: 0 0 0

#Transform 8
Transform: AffineTransform_float_3_3
Parameters: 1 0.000322501 0.000494104 -0.000321903 1 -0.000605159 -0.000494494 0.00060484 0.999999 0.0063916 0.00504399 -0.00727591
FixedParameters: 0 0 0

#Transform 9
Transform: AffineTransform_float_3_3
Parameters: 1 0.00024497 0.000303034 -0.000245538 0.999999 -0.000710074 -0.000303328 0.000709925 0.999999 0.00883801 -0.0126768 -0.022709
FixedParameters: 0 0 0

#Transform 10
Transform: AffineTransform_float_3_3
Parameters: 1 0.000402507 0.000128503 -0.00040256 1 0.000207948 -0.000128336 -0.000208052 1 0.0136415 -0.0129824 -0.031244
FixedParameters: 0 0 0

#Transform 11
Transform: AffineTransform_float_3_3
Parameters: 1 0.000371298 1.39117e-05 -0.000371296 1 -7.90052e-05 -1.39704e-05 7.89948e-05 1 0.000181374 -0.00141144 -0.0133002
FixedParameters: 0 0 0

#Transform 12
Transform: AffineTransform_float_3_3
Parameters: 1 8.98226e-05 0.000160368 -8.97863e-05 1 -0.000113014 -0.000160388 0.000112986 1 0.00474802 0.00469726 0.0208724
FixedParameters: 0 0 0

#Transform 13
Transform: AffineTransform_float_3_3
Parameters: 1 9.86956e-05 2.87085e-05 -9.86979e-05 1 3.89972e-05 -2.87008e-05 -3.90028e-05 1 0.00307964 -0.0149159 -0.0637327
FixedParameters: 0 0 0

#Transform 14
Transform: AffineTransform_float_3_3
Parameters: 1 0.000247308 0.000258009 -0.000247321 1 2.39362e-05 -0.000257997 -2.40638e-05 1 -0.0134923 -0.00748847 -0.0274251
FixedParameters: 0 0 0

#Transform 15
Transform: AffineTransform_float_3_3
Parameters: 1 0.000108686 2.81479e-05 -0.000108678 1 -0.000146003 -2.81797e-05 0.000145997 1 -0.00764931 0.000171394 -0.00562825
FixedParameters: 0 0 0

#Transform 16
Transform: AffineTransform_float_3_3
Parameters: 1 4.17784e-05 3.17894e-05 -4.17819e-05 1 5.49987e-05 -3.17848e-05 -5.50013e-05 1 0.000825776 -0.0144998 -0.0164861
FixedParameters: 0 0 0

#Transform 17
Transform: AffineTransform_float_3_3
Parameters: 1 0.000227515 2.16499e-05 -0.0002275 1 -0.000345005 -2.18069e-05 0.000344995 1 0.00891172 0.00127657 0.00372701
FixedParameters: 0 0 0

#Transform 18
Transform: AffineTransform_float_3_3
Parameters: 1 6.4746e-05 3.05443e-05 -6.4747e-05 1 1.5998e-05 -3.05422e-05 -1.6002e-05 1 0.00439673 -0.00679729 -0.0252058
FixedParameters: 0 0 0

#Transform 19
Transform: AffineTransform_float_3_3
Parameters: 1 4.87741e-05 3.1402e-05 -4.87657e-05 1 -0.000134002 -3.14151e-05 0.000133998 1 0.00216617 0.0143775 -0.0018485
FixedParameters: 0 0 0

#Transform 20
Transform: AffineTransform_float_3_3
Parameters: 1 -0.000239666 -0.000380749 0.000240198 0.999999 0.000698908 0.000380414 -0.000699091 0.999999 -0.00431315 -0.0116224 -0.0198974
FixedParameters: 0 0 0

#Transform 21
Transform: AffineTransform_float_3_3
Parameters: 1 4.60224e-05 -0.00020478 -4.5963e-05 1 0.000145009 0.000204794 -0.000144991 1 -0.00291146 0.0149494 0.0042707
FixedParameters: 0 0 0

#Transform 22
Transform: AffineTransform_float_3_3
Parameters: 1 -0.000303181 -0.000255036 0.000303284 1 0.000202923 0.000254913 -0.000203077 1 -0.00799591 0.00118639 -0.0117752
FixedParameters: 0 0 0

#Transform 23
Transform: AffineTransform_float_3_3
Parameters: 1 -0.000323536 9.15678e-05 0.000323501 1 0.00019103 -9.16913e-05 -0.00019097 1 -0.0152936 0.0317309 0.0246422
FixedParameters: 0 0 0

#Transform 24
Transform: AffineTransform_float_3_3
Parameters: 1 -0.000344392 -1.63732e-05 0.00034439 1 -7.70056e-05 1.64263e-05 7.69943e-05 1 -0.0271422 0.0207359 0.0275305
FixedParameters: 0 0 0

#Transform 25
Transform: AffineTransform_float_3_3
Parameters: 1 -0.00023621 -0.000380629 0.000236664 0.999999 -0.00071509 0.000380913 0.00071491 0.999999 -0.0324939 -0.0223026 -0.0682073
FixedParameters: 0 0 0

#Transform 26
Transform: AffineTransform_float_3_3
Parameters: 1 4.65778e-05 -0.000193805 -4.65972e-05 1 -4.9991e-05 0.000193801 5.0009e-05 1 -0.0314001 0.00232531 -0.0442149
FixedParameters: 0 0 0

#Transform 27
Transform: AffineTransform_float_3_3
Parameters: 1 5.07123e-05 -0.000116933 -5.07909e-05 1 -0.000335994 0.000116899 0.000336006 1 -0.0328262 -0.0185549 -0.062253
FixedParameters: 0 0 0

#Transform 28
Transform: AffineTransform_float_3_3
Parameters: 1 7.24185e-05 0.000279452 -7.20232e-05 0.999999 -0.00070702 -0.000279554 0.000706979 0.999999 -0.0242877 -0.00981316 -0.0336703
FixedParameters: 0 0 0

#Transform 29
Transform: AffineTransform_float_3_3
Parameters: 1 0.000374705 0.000436973 -0.000374697 1 -0.00115116 -0.000437781 0.00115084 0.999999 -0.0301024 0.0252399 -0.018004
FixedParameters: 0 0 0

#Transform 30
Transform: AffineTransform_float_3_3
Parameters: 0.999999 -8.48881e-05 0.000789001 8.59972e-05 0.999998 -0.00200193 -0.00078955 0.00200207 0.999997 -0.035815 0.0438677 0.000972589
FixedParameters: 0 0 0

#Transform 31
Transform: AffineTransform_float_3_3
Parameters: 1 -0.000351774 0.000443351 0.000352323 0.999999 -0.00180685 -0.000443023 0.00180716 0.999999 -0.0211435 0.00776358 -0.0321768
FixedParameters: 0 0 0

#Transform 32
Transform: AffineTransform_float_3_3
Parameters: 0.999999 -0.000192479 0.000807921 0.000193683 0.999999 -0.00139684 -0.000808326 0.00139616 0.999998 -0.0209101 0.059829 0.0849848
FixedParameters: 0 0 0

#Transform 33
Transform: AffineTransform_float_3_3
Parameters: 1 -0.000150812 0.00117206 0.000151881 0.999999 -0.000881768 -0.00117174 0.000882231 0.999999 -0.0195527 0.0325096 0.0484269
FixedParameters: 0 0 0

#Transform 34
Transform: AffineTransform_float_3_3
Parameters: 1 -0.000159668 0.00110561 0.000161203 0.999998 -0.00162177 -0.00110598 0.00162123 0.999998 -0.0238323 0.0630979 0.0667558
FixedParameters: 0 0 0

#Transform 35
Transform: AffineTransform_float_3_3
Parameters: 0.999999 -0.000333532 0.000773723 0.000334765 0.999999 -0.00147674 -0.000773681 0.00147726 0.999998 -0.0299701 0.0435522 0.0425668
FixedParameters: 0 0 0

#Transform 36
Transform: AffineTransform_float_3_3
Parameters: 1 -0.000219523 0.000665169 0.00022021 0.999999 -0.00126685 -0.000664557 0.00126715 0.999999 -0.033369 0.0274933 0.0284713
FixedParameters: 0 0 0

#Transform 37
Transform: AffineTransform_float_3_3
Parameters: 1 -0.000352161 0.000436366 0.000352693 0.999999 -0.00181685 -0.000436029 0.00181715 0.999999 -0.0462895 0.0416354 0.0192372
FixedParameters: 0 0 0

#Transform 38
Transform: AffineTransform_float_3_3
Parameters: 0.999999 -0.000339208 0.000671876 0.000340173 0.999999 -0.00146177 -0.000670828 0.00146223 0.999998 -0.0493874 0.0369495 0.059115
FixedParameters: 0 0 0

#Transform 39
Transform: AffineTransform_float_3_3
Parameters: 0.999999 -0.000339121 0.00067192 0.000340261 0.999998 -0.00159277 -0.000670784 0.00159223 0.999998 -0.0427353 0.0379055 0.0299631
FixedParameters: 0 0 0

#Transform 40
Transform: AffineTransform_float_3_3
Parameters: 1 -0.000169471 0.000662434 0.000170408 0.999999 -0.00146189 -0.000661883 0.00146211 0.999998 -0.0449417 0.0781906 0.0998724
FixedParameters: 0 0 0

#Transform 41
Transform: AffineTransform_float_3_3
Parameters: 0.999999 -0.000114327 0.00086366 0.000115564 0.999999 -0.0013249 -0.0008643 0.0013251 0.999998 -0.0243086 0.0459168 0.0464089
FixedParameters: 0 0 0

#Transform 42
Transform: AffineTransform_float_3_3
Parameters: 1 -0.000352213 0.000440139 0.000352262 0.999999 -0.00119085 -0.000439246 0.00119116 0.999999 -0.0452431 0.0580015 0.0766683
FixedParameters: 0 0 0

#Transform 43
Transform: AffineTransform_float_3_3
Parameters: 1 -0.00034802 0.000513134 0.000348506 0.999999 -0.00149882 -0.000513035 0.00149918 0.999998 -0.0588375 0.0303084 0.0292023
FixedParameters: 0 0 0

#Transform 44
Transform: AffineTransform_float_3_3
Parameters: 1 -0.000350997 0.000462105 0.000351045 0.999999 -0.00119084 -0.000462214 0.00119116 0.999999 -0.0578283 0.0610703 0.0748767
FixedParameters: 0 0 0

#Transform 45
Transform: AffineTransform_float_3_3
Parameters: 1 -0.000355959 0.000370364 0.000356033 0.999999 -0.00152187 -0.000370224 0.00152213 0.999999 -0.0560848 0.0339792 0.033355
FixedParameters: 0 0 0

#Transform 46
Transform: AffineTransform_float_3_3
Parameters: 1 -0.000348399 0.000509033 0.000348559 0.999999 -0.00119082 -0.000509148 0.00119118 0.999999 -0.0587534 0.0703156 0.0823403
FixedParameters: 0 0 0

#Transform 47
Transform: AffineTransform_float_3_3
Parameters: 1 -0.000362548 0.000253425 0.000363098 0.999999 -0.00119091 -0.000253559 0.00119109 1 -0.0623896 0.0499678 0.0628631
FixedParameters: 0 0 0

#Transform 48
Transform: AffineTransform_float_3_3
Parameters: 1 -0.000296896 0.000483051 0.000297757 0.999999 -0.000891802 -0.00048252 0.000892197 1 -0.0574933 0.0444026 0.0513031
FixedParameters: 0 0 0

#Transform 49
Transform: AffineTransform_float_3_3
Parameters: 1 -0.000349737 0.000486021 0.000349762 1 -0.00105383 -0.000485229 0.00105417 1 -0.0584543 0.0502981 0.0327109
FixedParameters: 0 0 0

#Transform 50
Transform: AffineTransform_float_3_3
Parameters: 1 -0.000349915 0.000485892 0.000350582 0.999999 -0.000686829 -0.000485411 0.00068717 0.999999 -0.0584605 0.04207 0.0263659
FixedParameters: 0 0 0

#Transform 51
Transform: AffineTransform_float_3_3
Parameters: 1 -0.000365545 0.000200381 0.000365885 0.999999 -0.000849926 -0.000199759 0.000850072 0.999999 -0.0626704 0.0621984 0.0508865
FixedParameters: 0 0 0

#Transform 52
Transform: AffineTransform_float_3_3
Parameters: 1 -0.000349804 0.000485972 0.000350693 0.999999 -0.000914776 -0.000485331 0.000915224 1 -0.0584101 0.0477186 0.0561061
FixedParameters: 0 0 0

#Transform 53
Transform: AffineTransform_float_3_3
Parameters: 1 -0.000349844 0.000485943 0.000350654 0.999999 -0.000833829 -0.000485359 0.000834169 0.999999 -0.0624359 0.0647362 0.0605033
FixedParameters: 0 0 0

#Transform 54
Transform: AffineTransform_float_3_3
Parameters: 1 -0.000377682 -2.03303e-05 0.000377598 0.999999 -0.000731007 1.98839e-05 0.000730992 0.999999 -0.0546101 0.0459897 0.0219376
FixedParameters: 0 0 0

#Transform 55
Transform: AffineTransform_float_3_3
Parameters: 1 -0.000440757 0.000490895 0.000440476 0.999999 -0.000730783 -0.000490197 0.000731216 0.999999 -0.0659765 0.0683346 0.0495149
FixedParameters: 0 0 0

#Transform 56
Transform: AffineTransform_float_3_3
Parameters: 1 -0.000360025 0.000300263 0.00036059 0.999999 -0.000942888 -0.000299584 0.00094211 0.999999 -0.0607346 0.0505496 0.0309101
FixedParameters: 0 0 0

#Transform 57
Transform: AffineTransform_float_3_3
Parameters: 1 -0.000359156 0.000317161 0.00035962 0.999999 -0.000730886 -0.000316636 0.000731113 0.999999 -0.0610853 0.0730381 0.0676809
FixedParameters: 0 0 0

#Transform 58
Transform: AffineTransform_float_3_3
Parameters: 1 -0.000359171 0.000316209 0.000359714 1 -0.00085794 -0.000315592 0.00085806 0.999999 -0.050989 0.0328551 0.0419403
FixedParameters: 0 0 0

#Transform 59
Transform: AffineTransform_float_3_3
Parameters: 1 -0.000354991 0.000393047 0.000355512 0.999999 -0.00073086 -0.000393526 0.000731139 0.999999 -0.0493601 0.0745262 0.0828003
FixedParameters: 0 0 0

#Transform 60
Transform: AffineTransform_float_3_3
Parameters: 0.999999 -0.000714345 0.000505912 0.000715031 1 -0.000730693 -0.000505866 0.000731308 0.999999 -0.0587211 0.0459704 0.0526018
FixedParameters: 0 0 0

#Transform 61
Transform: AffineTransform_float_3_3
Parameters: 0.999999 -0.000673406 0.000503665 0.000674142 0.999999 -0.00073066 -0.00050268 0.000731338 0.999999 -0.0574355 0.060818 0.0650841
FixedParameters: 0 0 0

#Transform 62
Transform: AffineTransform_float_3_3
Parameters: 0.999999 -0.000871843 -6.42051e-05 0.000871679 1 -0.00085411 6.46956e-05 0.00085389 0.999999 -0.0456559 0.0584738 0.055627
FixedParameters: 0 0 0

#Transform 63
Transform: AffineTransform_float_3_3
Parameters: 1 -0.00118837 -2.88223e-05 0.00118827 0.999999 -0.000805089 2.9737e-05 0.000804911 0.999999 -0.0374566 0.0913185 0.0682534
FixedParameters: 0 0 0

#Transform 64
Transform: AffineTransform_float_3_3
Parameters: 1 -0.00102862 0.000362183 0.00102927 0.999999 -0.000979628 -0.000361164 0.000980373 1 -0.0568093 0.0543628 0.0572432
FixedParameters: 0 0 0

#Transform 65
Transform: AffineTransform_float_3_3
Parameters: 0.999999 -0.000987328 0.000825256 0.000987322 1 -0.000634183 -0.000824947 0.000634818 1 -0.0653701 0.0661722 0.0706237
FixedParameters: 0 0 0

#Transform 66
Transform: AffineTransform_float_3_3
Parameters: 0.999999 -0.000850736 0.000373395 0.000851404 0.999999 -0.000967683 -0.000372746 0.000968318 1 -0.0605572 0.0757719 0.0773594
FixedParameters: 0 0 0

#Transform 67
Transform: AffineTransform_float_3_3
Parameters: 0.999999 -0.000851811 0.00035522 0.000852276 1 -0.000730752 -0.000354973 0.000731249 0.999999 -0.0608988 0.0452969 0.0550327
FixedParameters: 0 0 0

#Transform 68
Transform: AffineTransform_float_3_3
Parameters: 0.999999 -0.000846902 0.00044504 0.000847505 1 -0.000677677 -0.000443891 0.000678322 0.999999 -0.0607752 0.0665242 0.0679982
FixedParameters: 0 0 0

#Transform 69
Transform: AffineTransform_float_3_3
Parameters: 1 -0.000838299 0.000607352 0.000838478 0.999999 -0.000147488 -0.000607104 0.000147512 1 -0.0595466 0.041467 0.0326167
FixedParameters: 0 0 0

#Transform 70
Transform: AffineTransform_float_3_3
Parameters: 0.999999 -0.00108079 0.000620792 0.00108128 1 -0.00039138 -0.000619946 0.000391619 1 -0.0654362 0.0618613 0.0722074
FixedParameters: 0 0 0

#Transform 71
Transform: AffineTransform_float_3_3
Parameters: 1 -0.0011252 0.000210583 0.00112536 1 -0.000374817 -0.000209739 0.000375182 1 -0.0605312 0.0292699 0.0193592
FixedParameters: 0 0 0

#Transform 72
Transform: AffineTransform_float_3_3
Parameters: 0.999999 -0.00131662 0.000226836 0.00131673 0.999999 -0.000227756 -0.000226235 0.000228244 1 -0.0625603 0.0655071 0.0731339
FixedParameters: 0 0 0

#Transform 73
Transform: AffineTransform_float_3_3
Parameters: 0.999999 -0.00128686 0.000166303 0.00128692 0.999999 -0.00036184 -0.00016637 0.00036216 1 -0.074323 0.047223 0.0339107
FixedParameters: 0 0 0

#Transform 74
Transform: AffineTransform_float_3_3
Parameters: 1 -0.00113784 0.000217377 0.00113704 0.999999 -0.000457807 -0.000216281 0.000458192 1 -0.0726386 0.0487791 0.0354858
FixedParameters: 0 0 0

#Transform 75
Transform: AffineTransform_float_3_3
Parameters: 0.999999 -0.001416 2.01233e-05 0.00141597 0.999999 -0.000366029 -2.00839e-05 0.000366972 1 -0.0773943 0.0535281 0.0340012
FixedParameters: 0 0 0

#Transform 76
Transform: AffineTransform_float_3_3
Parameters: 0.999999 -0.000860298 0.000202018 0.00086039 0.999999 -0.000227826 -0.000201625 0.000228173 1 -0.0624365 0.0435459 0.0315082
FixedParameters: 0 0 0

#Transform 77
Transform: AffineTransform_float_3_3
Parameters: 1 -0.00109522 6.25698e-05 0.00109519 1 -0.000227986 -6.3069e-05 0.000228015 1 -0.0625012 0.062232 0.030874
FixedParameters: 0 0 0

#Transform 78
Transform: AffineTransform_float_3_3
Parameters: 0.999999 -0.00128576 0.000224618 0.00128573 0.999999 0.000188235 -0.000224102 -0.000187766 1 -0.0758149 0.0531801 0.00159434
FixedParameters: 0 0 0

#Transform 79
Transform: AffineTransform_float_3_3
Parameters: 0.999999 -0.000860298 0.000202018 0.00086039 0.999999 -0.000227826 -0.000201625 0.000228173 1 -0.0681271 0.0634756 0.0636855
FixedParameters: 0 0 0

#Transform 80
Transform: AffineTransform_float_3_3
Parameters: 0.999999 -0.000860255 0.000202201 0.000860433 0.999999 -0.000440826 -0.000201442 0.000441173 1 -0.0645019 0.039465 0.0319147
FixedParameters: 0 0 0

#Transform 81
Transform: AffineTransform_float_3_3
Parameters: 0.999999 -0.00100316 -0.000104676 0.00100306 0.999999 -0.000228105 0.000104135 0.000227896 1 -0.0644615 0.0718089 0.0671305
FixedParameters: 0 0 0

#Transform 82
Transform: AffineTransform_float_3_3
Parameters: 0.999999 -0.00133224 -0.000225984 0.00133214 0.999999 -0.000228355 0.000226592 0.000227644 1 -0.067517 0.0398173 0.0302307
FixedParameters: 0 0 0

#Transform 83
Transform: AffineTransform_float_3_3
Parameters: 0.999999 -0.00134127 -0.000225236 0.00134108 0.999999 -0.000421356 0.000226366 0.000420643 1 -0.0677548 0.0701968 0.0787138
FixedParameters: 0 0 0

#Transform 84
Transform: AffineTransform_float_3_3
Parameters: 0.999998 -0.00152673 -0.0006766 0.00152689 0.999999 0.00011691 0.000676242 -0.000118089 0.999999 -0.044936 0.0356441 0.0318597
FixedParameters: 0 0 0

#Transform 85
Transform: AffineTransform_float_3_3
Parameters: 0.999999 -0.00135896 1.0599e-06 0.00135891 0.999999 -0.000418053 -9.22362e-07 0.000417948 1 -0.0582657 0.0797684 0.0808707
FixedParameters: 0 0 0

#Transform 86
Transform: AffineTransform_float_3_3
Parameters: 1 -0.00113908 0.000230683 0.00113833 0.999999 -0.000647789 -0.000230153 0.000647211 1 -0.0733107 0.0402372 0.0509787
FixedParameters: 0 0 0

#Transform 87
Transform: AffineTransform_float_3_3
Parameters: 1 -0.00104711 0.000136462 0.00104722 1 -0.000603911 -0.000136195 0.000604089 1 -0.0699101 0.0751542 0.105765
FixedParameters: 0 0 0

#Transform 88
Transform: AffineTransform_float_3_3
Parameters: 0.999999 -0.00149914 -0.000145681 0.00149905 0.999999 -0.000309273 0.000146607 0.000308726 1 -0.0639294 0.0599558 0.0745501
FixedParameters: 0 0 0

#Transform 89
Transform: AffineTransform_float_3_3
Parameters: 0.999998 -0.00167785 -0.000136313 0.00167782 0.999998 -9.02857e-05 0.000136617 9.07139e-05 1 -0.0553751 0.0560359 0.0707437
FixedParameters: 0 0 0

#Transform 90
Transform: AffineTransform_float_3_3
Parameters: 0.999999 -0.00155407 -0.000142596 0.00155396 0.999998 -0.000369276 0.000143743 0.000368723 1 -0.0552477 0.0601588 0.05453
FixedParameters: 0 0 0

#Transform 91
Transform: AffineTransform_float_3_3
Parameters: 0.999999 -0.00149711 -0.000146118 0.00149709 0.999999 -9.02758e-05 0.000146389 9.0724e-05 1 -0.0573848 0.0545678 0.052582
FixedParameters: 0 0 0

#Transform 92
Transform: AffineTransform_float_3_3
Parameters: 0.999998 -0.00188355 -0.000125154 0.00188352 0.999998 -9.03468e-05 0.000125495 9.06529e-05 1 -0.0603632 0.0714355 0.0653593
FixedParameters: 0 0 0

#Transform 93
Transform: AffineTransform_float_3_3
Parameters: 0.999999 -0.00183202 1.27238e-05 0.00183203 0.999999 -0.000345088 -1.14578e-05 0.000345911 1 -0.0500738 0.0617893 0.0565582
FixedParameters: 0 0 0

#Transform 94
Transform: AffineTransform_float_3_3
Parameters: 0.999999 -0.00113099 0.000674507 0.0011314 1 -0.000306291 -0.000673813 0.000307708 0.999999 -0.0618324 0.0808869 0.0984022
FixedParameters: 0 0 0

#Transform 95
Transform: AffineTransform_float_3_3
Parameters: 0.999999 -0.00143019 -3.86723e-05 0.00143019 0.999999 -2.91093e-05 3.87552e-05 2.88906e-05 1 -0.0447059 0.0568513 0.0840437
FixedParameters: 0 0 0

#Transform 96
Transform: AffineTransform_float_3_3
Parameters: 1 -0.00115224 0.000285697 0.00115223 1 2.82781e-05 -0.000285763 -2.87218e-05 1 -0.0544012 0.0852794 0.132021
FixedParameters: 0 0 0

#Transform 97
Transform: AffineTransform_float_3_3
Parameters: 0.999998 -0.00160473 -0.000306441 0.00160508 0.999998 0.000488452 0.000305872 -0.000488548 1 -0.0606643 0.0629977 0.0816234
FixedParameters: 0 0 0

#Transform 98
Transform: AffineTransform_float_3_3
Parameters: 0.999998 -0.00166707 -0.000312369 0.00166753 0.999999 0.000646369 0.000311212 -0.000646631 0.999999 -0.0596828 0.0912245 0.0847852
FixedParameters: 0 0 0

#Transform 99
Transform: AffineTransform_float_3_3
Parameters: 0.999996 -0.00253424 -0.000628316 0.00253508 0.999996 0.000578241 0.000627378 -0.000579759 0.999999 -0.0708179 0.10928 0.0897607
FixedParameters: 0 0 0

#Transform 100
Transform: AffineTransform_float_3_3
Parameters: 0.999999 -0.00141781 -0.000182252 0.00141698 0.999999 0.000468688 0.000180977 -0.000469311 1 -0.0632601 0.0907037 0.0810669
FixedParameters: 0 0 0

#Transform 101
Transform: AffineTransform_float_3_3
Parameters: 0.999999 -0.00135936 -0.000285084 0.00135949 0.999999 0.000133559 0.000285718 -0.000134443 1 -0.0673719 0.108604 0.0840081
FixedParameters: 0 0 0

#Transform 102
Transform: AffineTransform_float_3_3
Parameters: 0.999999 -0.00141484 -0.000238392 0.00141503 0.999999 0.000396609 0.000237268 -0.00039739 1 -0.0659664 0.0713979 0.0622369
FixedParameters: 0 0 0

#Transform 103
Transform: AffineTransform_float_3_3
Parameters: 0.999999 -0.0014356 -0.000141627 0.00143586 0.999998 0.00073974 0.000140502 -0.000739259 0.999999 -0.0685031 0.111863 0.0853614
FixedParameters: 0 0 0

#Transform 104
Transform: AffineTransform_float_3_3
Parameters: 0.999999 -0.00147317 -0.000131004 0.00147326 0.999999 0.000327753 0.000130038 -0.000328246 1 -0.0724837 0.0791505 0.0449424
FixedParameters: 0 0 0

#Transform 105
Transform: AffineTransform_float_3_3
Parameters: 0.999999 -0.00146408 -0.000596367 0.00146469 0.999999 0.00046807 0.000595993 -0.00046893 0.999999 -0.0660105 0.084953 0.0472691
FixedParameters: 0 0 0

#Transform 106
Transform: AffineTransform_float_3_3
Parameters: 0.999999 -0.00170307 -0.000646736 0.00170382 0.999998 0.000533842 0.000645914 -0.000535157 0.999999 -0.085047 0.0706533 0.0201929
FixedParameters: 0 0 0

#Transform 107
Transform: AffineTransform_float_3_3
Parameters: 0.999999 -0.00173863 -0.000645864 0.00173921 0.999998 0.00114082 0.000643947 -0.00114118 0.999999 -0.0678549 0.0751486 0.0286207
FixedParameters: 0 0 0

#Transform 108
Transform: AffineTransform_float_3_3
Parameters: 0.999998 -0.00201843 -0.000630405 0.00201958 0.999997 0.000825672 0.000629065 -0.000827329 1 -0.0909377 0.0945949 0.0271797
FixedParameters: 0 0 0

#Transform 109
Transform: AffineTransform_float_3_3
Parameters: 0.999998 -0.00191654 -0.000635966 0.00191778 0.999998 0.000892722 0.000634539 -0.000893278 1 -0.0748723 0.0889087 0.0446426
FixedParameters: 0 0 0

#Transform 110
Transform: AffineTransform_float_3_3
Parameters: 0.999999 -0.00172225 -0.000645161 0.00172253 0.999998 0.000209832 0.000644436 -0.000211167 0.999999 -0.0721467 0.111733 0.0557127
FixedParameters: 0 0 0

#Transform 111
Transform: AffineTransform_float_3_3
Parameters: 0.999999 -0.00172202 -0.000645786 0.00172282 0.999999 0.000572775 0.000644811 -0.000573225 0.999999 -0.0640752 0.0691535 0.0353631
FixedParameters: 0 0 0

#Transform 112
Transform: AffineTransform_float_3_3
Parameters: 0.999999 -0.00172177 -0.000646467 0.00172213 0.999998 0.000967832 0.000645182 -0.00096917 1 -0.0630456 0.0838044 0.069727
FixedParameters: 0 0 0

#Transform 113
Transform: AffineTransform_float_3_3
Parameters: 0.999999 -0.00160397 -0.000652635 0.00160427 0.999999 0.000905898 0.000651778 -0.000907104 1 -0.0711438 0.0837116 0.0515391
FixedParameters: 0 0 0

#Transform 114
Transform: AffineTransform_float_3_3
Parameters: 0.999999 -0.00139991 -0.000505119 0.00139976 0.999998 0.000791236 0.000503955 -0.000791763 0.999999 -0.0671285 0.0834332 0.0147006
FixedParameters: 0 0 0

#Transform 115
Transform: AffineTransform_float_3_3
Parameters: 0.999999 -0.00131876 -0.000433957 0.00131997 0.999999 0.00126637 0.000432612 -0.00126663 0.999999 -0.0634799 0.0747393 0.02592
FixedParameters: 0 0 0

#Transform 116
Transform: AffineTransform_float_3_3
Parameters: 0.999999 -0.00140225 -0.000545647 0.00140285 0.999999 0.000496178 0.000545253 -0.000496822 0.999999 -0.065356 0.0542452 -0.0136013
FixedParameters: 0 0 0

#Transform 117
Transform: AffineTransform_float_3_3
Parameters: 0.999998 -0.00200078 -0.00054199 0.00200165 0.999998 0.00070886 0.000541148 -0.000710141 1 -0.0758066 0.0865607 0.0196989
FixedParameters: 0 0 0

#Transform 118
Transform: AffineTransform_float_3_3
Parameters: 0.999999 -0.00169325 -0.000654498 0.00169605 0.999986 0.00489284 0.000646117 -0.00489416 0.999988 -0.0617299 0.105418 0.226006
FixedParameters: 0 0 0

#Transform 119
Transform: AffineTransform_float_3_3
Parameters: 0.999999 -0.00120779 -0.000490784 0.00121057 0.999989 0.00455741 0.000485862 -0.0045576 0.99999 -0.0547623 0.149054 0.261679
FixedParameters: 0 0 0

#Transform 120
Transform: AffineTransform_float_3_3
Parameters: 0.999998 -0.000416063 -0.00191837 0.000440382 0.999921 0.0125453 0.00191292 -0.0125457 0.99992 -0.0466824 0.15461 0.497558
FixedParameters: 0 0 0

#Transform 121
Transform: AffineTransform_float_3_3
Parameters: 0.999998 -0.000742602 -0.00197184 0.000767359 0.999922 0.0125276 0.00196226 -0.0125284 0.99992 -0.0428778 0.182839 0.34983
FixedParameters: 0 0 0

#Transform 122
Transform: AffineTransform_float_3_3
Parameters: 0.999998 -0.00119115 -0.00186107 0.00121292 0.999932 0.0116028 0.00184734 -0.0116052 0.999931 -0.0623818 0.231116 0.371075
FixedParameters: 0 0 0

#Transform 123
Transform: AffineTransform_float_3_3
Parameters: 0.999997 -0.00120334 -0.00213349 0.0012282 0.999935 0.0113255 0.00211923 -0.0113285 0.999934 -0.0577538 0.178179 0.305296
FixedParameters: 0 0 0

#Transform 124
Transform: AffineTransform_float_3_3
Parameters: 0.999995 -0.0017506 -0.00237399 0.00177725 0.999936 0.0111309 0.00235414 -0.0111351 0.999935 -0.0764991 0.183113 0.302034
FixedParameters: 0 0 0

#Transform 125
Transform: AffineTransform_float_3_3
Parameters: 0.999997 -0.00182437 -0.00171834 0.0018427 0.999935 0.0112039 0.00169735 -0.0112071 0.999935 -0.0731413 0.168009 0.286584
FixedParameters: 0 0 0

#Transform 126
Transform: AffineTransform_float_3_3
Parameters: 0.999998 -0.0009975 -0.00167293 0.00101868 0.999922 0.0124664 0.00165991 -0.0124686 0.999921 -0.0805099 0.159786 0.363572
FixedParameters: 0 0 0

#Transform 127
Transform: AffineTransform_float_3_3
Parameters: 1 -0.000699811 -0.000860852 0.00070802 0.999951 0.00980339 0.000854527 -0.0098036 0.999951 -0.0653851 0.149721 0.301571
FixedParameters: 0 0 0

#Transform 128
Transform: AffineTransform_float_3_3
Parameters: 0.999998 -0.000900161 -0.00141577 0.000915162 0.999948 0.0100928 0.00140719 -0.0100942 0.999948 -0.0525708 0.147299 0.297886
FixedParameters: 0 0 0

#Transform 129
Transform: AffineTransform_float_3_3
Parameters: 0.999998 -0.000913241 -0.00169815 0.0009297 0.999953 0.0097225 0.00169014 -0.00972452 0.999952 -0.062693 0.137284 0.274725
FixedParameters: 0 0 0

#Transform 130
Transform: AffineTransform_float_3_3
Parameters: 0.999997 -0.00141076 -0.00209522 0.00143025 0.999953 0.00952814 0.00208126 -0.00953186 0.999953 -0.0732121 0.102084 0.258747
FixedParameters: 0 0 0

#Transform 131
Transform: AffineTransform_float_3_3
Parameters: 0.999997 -0.00143583 -0.00227424 0.00145767 0.999954 0.00950182 0.00226092 -0.00950518 0.999952 -0.0835344 0.108969 0.236825
FixedParameters: 0 0 0

#Transform 132
Transform: AffineTransform_float_3_3
Parameters: 0.999997 -0.00127801 -0.00211385 0.00129768 0.999956 0.00927433 0.00210102 -0.00927766 0.999954 -0.0782672 0.0855 0.218968
FixedParameters: 0 0 0

#Transform 133
Transform: AffineTransform_float_3_3
Parameters: 0.999996 -0.0014431 -0.00244015 0.00146628 0.999953 0.00955361 0.00242563 -0.00955738 0.999952 -0.0771188 0.107674 0.231505
FixedParameters: 0 0 0

#Transform 134
Transform: AffineTransform_float_3_3
Parameters: 0.999997 -0.00141064 -0.0016953 0.00142617 0.999958 0.0091346 0.00168223 -0.00913641 0.999957 -0.0846198 0.101875 0.195673
FixedParameters: 0 0 0

#Transform 135
Transform: AffineTransform_float_3_3
Parameters: 0.999998 -0.00141636 -0.0018263 0.00143361 0.999956 0.00922545 0.0018129 -0.00922854 0.999955 -0.0800911 0.122743 0.229062
FixedParameters: 0 0 0

#Transform 136
Transform: AffineTransform_float_3_3
Parameters: 0.999997 -0.00142467 -0.0019946 0.00144258 0.99996 0.00885819 0.00198215 -0.0088618 0.999958 -0.0787459 0.116871 0.205161
FixedParameters: 0 0 0

#Transform 137
Transform: AffineTransform_float_3_3
Parameters: 0.999997 -0.00142576 -0.00199279 0.00144233 0.999964 0.00828819 0.00198092 -0.0082918 0.999963 -0.0788783 0.102434 0.233097
FixedParameters: 0 0 0

#Transform 138
Transform: AffineTransform_float_3_3
Parameters: 0.999996 -0.00160254 -0.00202877 0.00161891 0.999964 0.00831479 0.00201594 -0.00831822 0.999964 -0.0794611 0.113283 0.215576
FixedParameters: 0 0 0

#Transform 139
Transform: AffineTransform_float_3_3
Parameters: 0.999997 -0.00142389 -0.00194563 0.00144011 0.999966 0.00814327 0.00193416 -0.00814673 0.999965 -0.073814 0.110738 0.244319
FixedParameters: 0 0 0

#Transform 140
Transform: AffineTransform_float_3_3
Parameters: 0.999997 -0.00189776 -0.00185843 0.00191298 0.999966 0.00795352 0.0018429 -0.00795748 0.999967 -0.0697095 0.112644 0.221854
FixedParameters: 0 0 0

#Transform 141
Transform: AffineTransform_float_3_3
Parameters: 0.999996 -0.00189292 -0.0017378 0.00190584 0.999969 0.0075527 0.00172384 -0.00755629 0.99997 -0.0703911 0.107836 0.207457
FixedParameters: 0 0 0

#Transform 142
Transform: AffineTransform_float_3_3
Parameters: 0.999997 -0.00177513 -0.00166653 0.00178758 0.999968 0.00774709 0.00165266 -0.00774991 0.999969 -0.0787998 0.138076 0.263335
FixedParameters: 0 0 0

#Transform 143
Transform: AffineTransform_float_3_3
Parameters: 0.999997 -0.0018195 -0.0016252 0.00183192 0.99997 0.00761304 0.00161208 -0.00761597 0.99997 -0.080304 0.118934 0.239235
FixedParameters: 0 0 0

#Transform 144
Transform: AffineTransform_float_3_3
Parameters: 0.999996 -0.0018213 -0.00180803 0.00183487 0.99997 0.00744875 0.00179452 -0.00745225 0.999971 -0.0687243 0.140359 0.269491
FixedParameters: 0 0 0

#Transform 145
Transform: AffineTransform_float_3_3
Parameters: 0.999996 -0.00186493 -0.00185145 0.00187904 0.999969 0.00767853 0.00183748 -0.00768146 0.999968 -0.0817989 0.125261 0.215958
FixedParameters: 0 0 0

#Transform 146
Transform: AffineTransform_float_3_3
Parameters: 0.999995 -0.00223248 -0.00212841 0.00224837 0.999969 0.00754624 0.00211148 -0.00755077 0.999969 -0.0819818 0.140965 0.233533
FixedParameters: 0 0 0

#Transform 147
Transform: AffineTransform_float_3_3
Parameters: 0.999995 -0.00197877 -0.00217927 0.00199398 0.999973 0.00701472 0.00216524 -0.00701927 0.999973 -0.0900396 0.172403 0.217811
FixedParameters: 0 0 0

#Transform 148
Transform: AffineTransform_float_3_3
Parameters: 0.999996 -0.00219696 -0.001699 0.00220937 0.999972 0.00726621 0.00168266 -0.00726979 0.999972 -0.103299 0.158848 0.176804
FixedParameters: 0 0 0

#Transform 149
Transform: AffineTransform_float_3_3
Parameters: 0.999995 -0.00227099 -0.00216496 0.00228502 0.999974 0.00676407 0.00214997 -0.00676893 0.999974 -0.0951279 0.167035 0.186663
FixedParameters: 0 0 0

#Transform 150
Transform: AffineTransform_float_3_3
Parameters: 0.999997 -0.00212821 -0.0016863 0.00214059 0.999971 0.00731235 0.00167076 -0.00731565 0.999971 -0.103145 0.139637 0.177093
FixedParameters: 0 0 0

#Transform 151
Transform: AffineTransform_float_3_3
Parameters: 0.999996 -0.00212511 -0.00217377 0.00214238 0.999968 0.00770337 0.00215778 -0.00770863 0.999968 -0.0926686 0.133581 0.21244
FixedParameters: 0 0 0

#Transform 152
Transform: AffineTransform_float_3_3
Parameters: 0.999997 -0.00207677 -0.00177426 0.00208837 0.999973 0.00703826 0.00175867 -0.00704274 0.999973 -0.111503 0.115156 0.164673
FixedParameters: 0 0 0

#Transform 153
Transform: AffineTransform_float_3_3
Parameters: 0.999996 -0.0018271 -0.00178073 0.00183918 0.999975 0.00687573 0.0017682 -0.00687926 0.999974 -0.104508 0.115201 0.169858
FixedParameters: 0 0 0

#Transform 154
Transform: AffineTransform_float_3_3
Parameters: 0.999996 -0.00183106 -0.00185628 0.00184345 0.999976 0.00667759 0.00184442 -0.00668041 0.999976 -0.111456 0.120071 0.187839
FixedParameters: 0 0 0

#Transform 155
Transform: AffineTransform_float_3_3
Parameters: 0.999995 -0.00223248 -0.00188257 0.00224582 0.999974 0.00681478 0.00186673 -0.0068192 0.999975 -0.108831 0.10142 0.181115
FixedParameters: 0 0 0

#Transform 156
Transform: AffineTransform_float_3_3
Parameters: 0.999996 -0.00225373 -0.0020158 0.00226709 0.999974 0.00685045 0.0020006 -0.00685556 0.999975 -0.115515 0.118632 0.203715
FixedParameters: 0 0 0

#Transform 157
Transform: AffineTransform_float_3_3
Parameters: 0.999994 -0.00242541 -0.00249536 0.0024417 0.999974 0.00691193 0.00247871 -0.00691807 0.999973 -0.101564 0.108774 0.173178
FixedParameters: 0 0 0

#Transform 158
Transform: AffineTransform_float_3_3
Parameters: 0.999995 -0.00229198 -0.00207358 0.00230717 0.999973 0.00709024 0.00205775 -0.00709577 0.999973 -0.102653 0.113501 0.19245
FixedParameters: 0 0 0

#Transform 159
Transform: AffineTransform_float_3_3
Parameters: 0.999993 -0.00240538 -0.00278205 0.00242466 0.999972 0.00709634 0.00276487 -0.00710366 0.999971 -0.104202 0.132009 0.184261
FixedParameters: 0 0 0

#Transform 160
Transform: AffineTransform_float_3_3
Parameters: 0.999993 -0.00232382 -0.00275084 0.0023436 0.999972 0.00709664 0.00273376 -0.00710336 0.999971 -0.0864343 0.147012 0.183192
FixedParameters: 0 0 0

#Transform 161
Transform: AffineTransform_float_3_3
Parameters: 0.999994 -0.00270916 -0.00240836 0.00272621 0.999971 0.00709646 0.00238872 -0.00710353 0.999972 -0.0989647 0.169784 0.201355
FixedParameters: 0 0 0

#Transform 162
Transform: AffineTransform_float_3_3
Parameters: 0.999995 -0.00228266 -0.00187582 0.00229601 0.999973 0.00709866 0.00185904 -0.00710334 0.999973 -0.102107 0.146826 0.180973
FixedParameters: 0 0 0

#Transform 163
Transform: AffineTransform_float_3_3
Parameters: 0.999994 -0.00248133 -0.00214077 0.00249655 0.999972 0.00709768 0.00212327 -0.00710332 0.999973 -0.0931144 0.171005 0.198322
FixedParameters: 0 0 0

#Transform 164
Transform: AffineTransform_float_3_3
Parameters: 0.999994 -0.00231208 -0.00250113 0.00233031 0.999972 0.00709726 0.00248411 -0.00710375 0.999972 -0.0934205 0.156768 0.180063
FixedParameters: 0 0 0

#Transform 165
Transform: AffineTransform_float_3_3
Parameters: 0.999995 -0.00229753 -0.00217782 0.00231193 0.999975 0.00680899 0.00216226 -0.00681402 0.999975 -0.104571 0.136735 0.174526
FixedParameters: 0 0 0

#Transform 166
Transform: AffineTransform_float_3_3
Parameters: 0.999995 -0.00229999 -0.00220354 0.00231432 0.999978 0.00626891 0.00218934 -0.00627408 0.999978 -0.110427 0.13041 0.156725
FixedParameters: 0 0 0

#Transform 167
Transform: AffineTransform_float_3_3
Parameters: 0.999995 -0.00228399 -0.00188582 0.00229681 0.999974 0.00666668 0.00186995 -0.00667131 0.999976 -0.107788 0.0659924 0.136658
FixedParameters: 0 0 0

#Transform 168
Transform: AffineTransform_float_3_3
Parameters: 1 -2.16367e-06 0.000163356 2.17445e-06 1 -3.29996e-05 -0.000163356 3.30004e-05 1 -0.0331326 -0.943179 -0.299098
FixedParameters: 0 0 0

#Transform 169
Transform: AffineTransform_float_3_3
Parameters: 0.999999 0.00110572 0.000680917 -0.00110335 0.999994 -0.00307976 -0.000684616 0.00307924 0.999995 -0.0347306 -0.387824 -0.114515
FixedParameters: 0 0 0

#Transform 170
Transform: AffineTransform_float_3_3
Parameters: 1 -9.42034e-05 0.000111183 9.40392e-05 0.999999 0.00073801 -0.000111322 -0.000737989 0.999999 0.00641766 -0.00423673 -0.0612066
FixedParameters: 0 0 0

#Transform 171
Transform: AffineTransform_float_3_3
Parameters: 1 -0.000559653 0.000135572 0.000559279 0.999998 0.00157508 -0.000136336 -0.00157492 0.999999 -0.00628357 -0.00786977 -0.0794855
FixedParameters: 0 0 0

#Transform 172
Transform: AffineTransform_float_3_3
Parameters: 1 -0.000499263 0.000257374 0.000498308 0.999998 0.00195713 -0.000258327 -0.00195687 0.999998 -0.020341 0.0333684 -0.0311091
FixedParameters: 0 0 0

#Transform 173
Transform: AffineTransform_float_3_3
Parameters: 0.999999 -0.000833714 -0.000106532 0.000834198 0.999998 0.00176891 0.00010558 -0.00176809 0.999999 -0.0383562 0.0266908 -0.0565794
FixedParameters: 0 0 0

#Transform 174
Transform: AffineTransform_float_3_3
Parameters: 1 -0.0010929 -0.000314378 0.00109319 0.999997 0.00187965 0.00031232 -0.00187935 0.999998 -0.0473834 0.0107976 -0.0526961
FixedParameters: 0 0 0

#Transform 175
Transform: AffineTransform_float_3_3
Parameters: 1 -0.00105995 -0.000240112 0.00106101 0.999998 0.00198969 0.000237889 -0.00198931 0.999998 -0.0550336 0.0404215 -0.0479983
FixedParameters: 0 0 0

#Transform 176
Transform: AffineTransform_float_3_3
Parameters: 1 -0.000417978 4.97861e-05 0.000417819 0.999997 0.00212002 -5.05595e-05 -0.00211998 0.999998 -0.0450161 0.0384739 -0.0299861
FixedParameters: 0 0 0

#Transform 177
Transform: AffineTransform_float_3_3
Parameters: 1 -0.00100683 -0.000423363 0.00100873 0.999995 0.00324552 0.000419871 -0.00324548 0.999994 -0.0532119 0.051838 -0.0272436
FixedParameters: 0 0 0

#Transform 178
Transform: AffineTransform_float_3_3
Parameters: 1 -0.000994968 -0.000386892 0.000996611 0.999995 0.00321856 0.000383531 -0.00321944 0.999994 -0.0649402 0.0529455 -0.0483118
FixedParameters: 0 0 0

#Transform 179
Transform: AffineTransform_float_3_3
Parameters: 1 -0.000629583 -0.000150847 0.000629503 0.999996 0.0026959 0.000149504 -0.0026951 0.999997 -0.0634512 0.0635711 0.00653887
FixedParameters: 0 0 0

#Transform 180
Transform: AffineTransform_float_3_3
Parameters: 1 -0.000563585 -0.000266078 0.000563769 0.999997 0.00212685 0.000264733 -0.00212715 0.999997 -0.0562087 0.0203331 -0.0533093
FixedParameters: 0 0 0

#Transform 181
Transform: AffineTransform_float_3_3
Parameters: 1 -0.000551168 -2.74012e-05 0.000551335 0.999997 0.00212698 2.60547e-05 -0.00212701 0.999997 -0.065487 0.0424776 -0.00872966
FixedParameters: 0 0 0

#Transform 182
Transform: AffineTransform_float_3_3
Parameters: 0.999999 -0.000654246 -0.000471834 0.000655642 0.999997 0.00242569 0.000470707 -0.00242631 0.999997 -0.0686606 0.0218427 -0.0427158
FixedParameters: 0 0 0

#Transform 183
Transform: AffineTransform_float_3_3
Parameters: 1 -0.000924962 -0.000420803 0.000926126 0.999996 0.00244861 0.000418321 -0.00244839 0.999997 -0.0890344 0.0113633 -0.0819474
FixedParameters: 0 0 0

#Transform 184
Transform: AffineTransform_float_3_3
Parameters: 0.999999 -0.000744646 -0.000584809 0.000745705 0.999999 0.00171556 0.000583304 -0.00171544 0.999999 -0.0855787 -0.0196925 -0.126379
FixedParameters: 0 0 0

#Transform 185
Transform: AffineTransform_float_3_3
Parameters: 1 -0.000563579 -0.000266091 0.000563776 0.999998 0.0021498 0.00026472 -0.0021502 0.999997 -0.0640584 -0.0171371 -0.0842624
FixedParameters: 0 0 0

#Transform 186
Transform: AffineTransform_float_3_3
Parameters: 1 -0.000563369 -0.000266536 0.000563984 0.999995 0.00293885 0.000264275 -0.00293915 0.999995 -0.0482021 -0.00150176 -0.10366
FixedParameters: 0 0 0

#Transform 187
Transform: AffineTransform_float_3_3
Parameters: 1 -0.000947262 -0.000654712 0.000948215 0.999997 0.00217338 0.000652697 -0.00217462 0.999998 -0.0665599 -0.00402115 -0.101155
FixedParameters: 0 0 0

#Transform 188
Transform: AffineTransform_float_3_3
Parameters: 0.999999 -0.000857628 -0.000415185 0.000858681 0.999997 0.00234464 0.000413211 -0.00234536 0.999997 -0.068667 -0.0445811 -0.153712
FixedParameters: 0 0 0

#Transform 189
Transform: AffineTransform_float_3_3
Parameters: 1 -0.000973622 -0.000409955 0.000974459 0.999998 0.00211154 0.000407893 -0.00211146 0.999997 -0.0668648 -0.00588423 -0.101419
FixedParameters: 0 0 0

#Transform 190
