#Insight Transform File V1.0
#Transform 0
Transform: AffineTransform_float_3_3
Parameters: 0.999999 0.000978814 -0.001161 -0.000980185 0.999999 -0.00102086 0.00116 0.00102214 0.999999 0.0478003 0.0157208 -0.0802428
FixedParameters: 0 0 0

#Transform 1
Transform: AffineTransform_float_3_3
Parameters: 0.999999 0.0008721 -0.00150719 -0.0008809 0.999982 -0.00591468 0.00150182 0.00591632 0.999982 0.0536897 0.128911 -0.117059
FixedParameters: 0 0 0

#Transform 2
Transform: AffineTransform_float_3_3
Parameters: 0.999999 0.00121725 -0.000880034 -0.00121775 0.999999 -0.000848929 0.000878966 0.000850071 1 0.0627811 0.0110235 0.000931773
FixedParameters: 0 0 0

#Transform 3
Transform: AffineTransform_float_3_3
Parameters: 0.999999 0.000903812 -0.000880221 -0.000905188 0.999998 -0.0013502 0.000878778 0.00135079 0.999998 0.0514712 0.0595635 0.0110775
FixedParameters: 0 0 0

#Transform 4
Transform: AffineTransform_float_3_3
Parameters: 0.999999 0.00121727 -0.000979909 -0.00121873 0.999999 -0.000745807 0.000979092 0.000746193 0.999999 0.0353968 0.0146451 -0.019782
FixedParameters: 0 0 0

#Transform 5
Transform: AffineTransform_float_3_3
Parameters: 0.999999 0.00121744 -0.000879779 -0.00121856 0.999999 -0.000638929 0.000879221 0.000640071 1 0.0395052 0.0263127 0.0117746
FixedParameters: 0 0 0

#Transform 6
Transform: AffineTransform_float_3_3
Parameters: 0.999999 0.00121761 -0.000879536 -0.00121839 0.999999 -0.000439929 0.000878463 0.00044107 0.999999 0.0467606 0.0118374 0.00836548
FixedParameters: 0 0 0

#Transform 7
Transform: AffineTransform_float_3_3
Parameters: 0.999999 0.00121832 -0.000878551 -0.00121868 0.999999 0.000369071 0.000878449 -0.00036793 0.999999 0.0467415 -0.0136218 0.00270632
FixedParameters: 0 0 0

#Transform 8
Transform: AffineTransform_float_3_3
Parameters: 0.999999 0.00121798 -0.000879027 -0.00121802 1 -2.19293e-05 0.000878972 2.30706e-05 0.999999 0.0344791 0.00785351 0.115977
FixedParameters: 0 0 0

#Transform 9
Transform: AffineTransform_float_3_3
Parameters: 0.999999 0.00121799 -0.000879016 -0.00121801 1 -1.29294e-05 0.000878983 1.40706e-05 0.999999 0.0467342 -0.00516092 0.0227413
FixedParameters: 0 0 0

#Transform 10
Transform: AffineTransform_float_3_3
Parameters: 0.999999 0.00121759 -0.000777648 -0.00121841 0.999999 -0.000532053 0.000777351 0.000532947 0.999999 0.0338075 0.0318347 0.0925643
FixedParameters: 0 0 0

#Transform 11
Transform: AffineTransform_float_3_3
Parameters: 0.999999 0.00121769 -0.000879428 -0.00121831 0.999999 -0.000350929 0.000878571 0.00035207 0.999999 0.0390775 0.00637488 0.0543085
FixedParameters: 0 0 0

#Transform 12
Transform: AffineTransform_float_3_3
Parameters: 0.999999 0.0012179 -0.00082515 -0.0012181 1 -0.000122995 0.000824849 0.000124005 0.999999 0.0225802 0.00692808 0.0687015
FixedParameters: 0 0 0

#Transform 13
Transform: AffineTransform_float_3_3
Parameters: 0.999977 -0.0067459 -0.000352655 0.0067471 0.999972 0.00320869 0.000331342 -0.00321131 0.999995 -0.109369 0.00334335 -0.00986492
FixedParameters: 0 0 0

#Transform 14
Transform: AffineTransform_float_3_3
Parameters: 0.999998 0.00140371 -0.000877864 -0.00140229 0.999998 0.000810232 0.000879135 -0.000808767 1 0.0423594 -0.0154797 -0.0279628
FixedParameters: 0 0 0

#Transform 15
Transform: AffineTransform_float_3_3
Parameters: 0.999968 -0.00790967 -0.000699679 0.00791032 0.999968 0.00046248 0.000696323 -0.000467522 0.999999 -0.102172 0.0529963 -0.029856
FixedParameters: 0 0 0

#Transform 16
Transform: AffineTransform_float_3_3
Parameters: 0.999973 0.00700341 -0.00189589 -0.00700559 0.999975 -0.00083474 0.0018901 0.000848259 0.999998 0.0867567 -0.0383753 -0.0239541
FixedParameters: 0 0 0

#Transform 17
Transform: AffineTransform_float_3_3
Parameters: 1 0.000270932 -0.000154119 -0.000271068 1 -0.000440958 0.00015388 0.000441042 1 0.00165325 0.0299553 0.0467805
FixedParameters: 0 0 0

#Transform 18
Transform: AffineTransform_float_3_3
Parameters: 1 3.49321e-05 -0.000154015 -3.40679e-05 1 -0.000440995 0.000153985 0.000441005 1 -0.0107682 0.00634271 0.00129118
FixedParameters: 0 0 0

#Transform 19
Transform: AffineTransform_float_3_3
Parameters: 1 -0.000289031 -7.08725e-05 0.000288969 1 -0.00044102 7.11274e-05 0.000440979 1 -0.0121035 0.0397102 0.0292033
FixedParameters: 0 0 0

#Transform 20
Transform: AffineTransform_float_3_3
Parameters: 1 -0.000104997 1.30253e-05 0.000105003 1 -0.000240999 -1.29747e-05 0.000241001 1 -0.00862923 0.0183161 0.00632764
FixedParameters: 0 0 0

#Transform 21
Transform: AffineTransform_float_3_3
Parameters: 1 5.49963e-05 -2.10096e-05 -5.50037e-05 1 -0.000173999 2.09904e-05 0.000174001 1 0.000485116 0.0255857 -0.0229807
FixedParameters: 0 0 0

#Transform 22
Transform: AffineTransform_float_3_3
Parameters: 1 -9.985e-07 5.0003e-06 1.0015e-06 1 -0.0003 -4.9997e-06 0.0003 1 -0.00473559 0.00822384 0.0263005
FixedParameters: 0 0 0

#Transform 23
Transform: AffineTransform_float_3_3
Parameters: 1 0.00017 5.01513e-06 -0.00017 1 8.89991e-05 -4.98487e-06 -8.90008e-05 1 0.00150906 -0.0131208 -4.29085e-05
FixedParameters: 0 0 0

#Transform 24
Transform: AffineTransform_float_3_3
Parameters: 1 -0.000212998 5.10266e-06 0.000213003 1 -0.000481999 -5.89733e-06 0.000482001 1 -0.0116828 0.0249593 0.0267935
FixedParameters: 0 0 0

#Transform 25
Transform: AffineTransform_float_3_3
Parameters: 1 9.1986e-05 -0.000121011 -9.2014e-05 1 -0.000115989 0.000120989 0.000116011 1 -0.00502501 0.00705173 0.0194949
FixedParameters: 0 0 0

#Transform 26
Transform: AffineTransform_float_3_3
Parameters: 1 0.00017 4.98946e-06 -0.00017 1 -6.20008e-05 -5.01054e-06 6.19991e-05 1 -0.0112877 0.00526873 0.0174561
FixedParameters: 0 0 0

#Transform 27
Transform: AffineTransform_float_3_3
Parameters: 1 -9.49999e-05 5.00095e-06 9.5e-05 1 -9.99952e-06 -4.99905e-06 1.00005e-05 1 -0.0172342 0.036525 0.0161883
FixedParameters: 0 0 0

#Transform 28
Transform: AffineTransform_float_3_3
Parameters: 1 0.000169999 5.04284e-06 -0.000170001 1 0.000251999 -5.95716e-06 -0.000252001 1 -0.0112903 -0.00993795 0.0102848
FixedParameters: 0 0 0

#Transform 29
Transform: AffineTransform_float_3_3
Parameters: 1 0.000169988 -0.000162012 -0.000170012 1 -7.19725e-05 0.000161988 7.10275e-05 1 0.00828823 0.0190973 0.053652
FixedParameters: 0 0 0

#Transform 30
Transform: AffineTransform_float_3_3
Parameters: 1 2.19994e-05 5.00257e-06 -2.20006e-05 1 0.000117 -4.99743e-06 -0.000117 1 0.000349562 -0.00890305 0.0266908
FixedParameters: 0 0 0

#Transform 31
Transform: AffineTransform_float_3_3
Parameters: 1 -0.000109999 -0.000219001 0.000110001 1 4.97591e-06 0.000218999 -5.02409e-06 1 -0.00126867 0.0074312 0.0347984
FixedParameters: 0 0 0

#Transform 32
Transform: AffineTransform_float_3_3
Parameters: 1 -0.000258007 -0.00018799 0.000257993 1 -3.90485e-05 0.00018801 3.89515e-05 1 -0.0165849 0.00291125 0.0441193
FixedParameters: 0 0 0

#Transform 33
Transform: AffineTransform_float_3_3
Parameters: 1 -0.000343995 -0.000223008 0.000344005 1 2.19233e-05 0.000222992 -2.20767e-05 1 -0.0133314 0.00194056 0.0408717
FixedParameters: 0 0 0

#Transform 34
Transform: AffineTransform_float_3_3
Parameters: 1 -0.000257989 -0.000407007 0.000258011 1 2.6895e-05 0.000406993 -2.7105e-05 1 0.00370677 0.00769241 0.0614651
FixedParameters: 0 0 0

#Transform 35
Transform: AffineTransform_float_3_3
Parameters: 1 -0.00019197 -0.000132044 0.00019203 1 0.000226975 0.000131957 -0.000226025 1 -0.0163485 -0.00909879 0.0422338
FixedParameters: 0 0 0

#Transform 36
Transform: AffineTransform_float_3_3
Parameters: 1 -0.000415024 -0.000424976 0.000414976 1 -5.71764e-05 0.000425024 5.68236e-05 1 -0.00419332 0.0229849 0.0900959
FixedParameters: 0 0 0

#Transform 37
Transform: AffineTransform_float_3_3
Parameters: 1 -0.000257796 -0.000411128 0.000258204 1 0.000496894 0.000410872 -0.000497106 1 -0.0116027 0.00950672 0.0183022
FixedParameters: 0 0 0

#Transform 38
Transform: AffineTransform_float_3_3
Parameters: 0.999999 -0.000362786 -0.000630123 0.000363214 1 0.000339771 0.000629877 -0.000339228 0.999999 -0.00906571 0.0138069 0.056398
FixedParameters: 0 0 0

#Transform 39
Transform: AffineTransform_float_3_3
Parameters: 1 -0.000257843 -0.000460088 0.000258156 1 0.000339881 0.000459912 -0.000340119 1 -0.0104587 -0.0121747 0.0168043
FixedParameters: 0 0 0

#Transform 40
Transform: AffineTransform_float_3_3
Parameters: 1 -0.000257862 -0.000407088 0.000258138 1 0.000339895 0.000406912 -0.000340105 1 -0.0116608 0.0130553 0.0178112
FixedParameters: 0 0 0

#Transform 41
Transform: AffineTransform_float_3_3
Parameters: 1 -0.000257899 -0.000407064 0.000258101 1 0.000248895 0.000406936 -0.000249105 1 0.0042894 -0.00207915 0.0169626
FixedParameters: 0 0 0

#Transform 42
Transform: AffineTransform_float_3_3
Parameters: 1 -0.000257862 -0.000407088 0.000258138 1 0.000339895 0.000406912 -0.000340105 1 -0.00184083 -0.00121358 0.00470001
FixedParameters: 0 0 0

#Transform 43
Transform: AffineTransform_float_3_3
Parameters: 1 -0.00011607 -0.000685988 0.00011593 1 -0.00010208 0.000686011 0.00010192 1 0.00954742 0.021859 0.0177794
FixedParameters: 0 0 0

#Transform 44
Transform: AffineTransform_float_3_3
Parameters: 1 -0.000104041 -0.000406989 0.000103958 1 -0.000102042 0.000407011 0.000101958 1 -0.00826295 0.0381842 0.0874502
FixedParameters: 0 0 0

#Transform 45
Transform: AffineTransform_float_3_3
Parameters: 1 -0.000257964 -0.000407023 0.000258036 1 8.8895e-05 0.000406977 -8.8105e-05 1 -2.63853e-05 -0.00573618 0.0113942
FixedParameters: 0 0 0

#Transform 46
Transform: AffineTransform_float_3_3
Parameters: 1 -0.000147928 -0.000407026 0.000148072 1 0.00017694 0.000406974 -0.00017706 1 0.00130715 0.0157987 0.0274582
FixedParameters: 0 0 0

#Transform 47
Transform: AffineTransform_float_3_3
Parameters: 1 -0.000258041 -0.000406974 0.000257959 1 -0.000100105 0.000407026 9.9895e-05 1 -0.011669 0.0480778 0.015715
FixedParameters: 0 0 0

#Transform 48
Transform: AffineTransform_float_3_3
Parameters: 0.999999 -0.000608966 -0.00040705 0.000609033 1 8.27521e-05 0.000406949 -8.32478e-05 1 0.016223 0.0212674 0.0382054
FixedParameters: 0 0 0

#Transform 49
Transform: AffineTransform_float_3_3
Parameters: 1 -0.000258135 -0.000406914 0.000257865 1 -0.000332105 0.000407086 0.000331895 1 0.0126297 0.028007 0.0830885
FixedParameters: 0 0 0

#Transform 50
Transform: AffineTransform_float_3_3
Parameters: 1 -0.000257933 -0.000407042 0.000258067 1 0.000164895 0.000406957 -0.000165105 1 0.0126713 0.0169068 0.0297182
FixedParameters: 0 0 0

#Transform 51
Transform: AffineTransform_float_3_3
Parameters: 1 -0.000257962 -0.000407024 0.000258037 1 9.1895e-05 0.000406976 -9.2105e-05 1 -0.00422268 0.0499141 0.043182
FixedParameters: 0 0 0

#Transform 52
Transform: AffineTransform_float_3_3
Parameters: 1 -0.000257747 -0.00040716 0.000258253 1 0.000620895 0.00040684 -0.000621105 0.999999 0.00619279 -0.00324922 -0.020105
FixedParameters: 0 0 0

#Transform 53
Transform: AffineTransform_float_3_3
Parameters: 1 -0.00025789 -0.00040707 0.00025811 1 0.000269895 0.00040693 -0.000270105 1 -0.00220503 0.0242927 0.0111423
FixedParameters: 0 0 0

#Transform 54
Transform: AffineTransform_float_3_3
Parameters: 1 -0.000258 5.98349e-06 0.000258 1 6.40015e-05 -6.01651e-06 -6.39984e-05 1 -0.0110933 0.0255735 0.0127669
FixedParameters: 0 0 0

#Transform 55
Transform: AffineTransform_float_3_3
Parameters: 1 -0.000258001 -0.000406999 0.000257999 1 -3.10501e-06 0.000407001 2.89499e-06 1 0.00100773 0.0155341 0.0172892
FixedParameters: 0 0 0

#Transform 56
Transform: AffineTransform_float_3_3
Parameters: 1 -0.000258116 -0.000269889 0.000257884 1 -0.00042907 0.000270111 0.00042893 1 -0.00724251 0.0388268 0.0259003
FixedParameters: 0 0 0

#Transform 57
Transform: AffineTransform_float_3_3
Parameters: 1 -0.000257934 -0.000351048 0.000258066 1 0.000187909 0.000350951 -0.000188091 1 -0.00543252 0.0228235 -0.00383906
FixedParameters: 0 0 0

#Transform 58
Transform: AffineTransform_float_3_3
Parameters: 1 -0.00063719 -0.000296592 0.000636809 0.999999 -0.000640189 0.000297407 0.00063981 1 -0.0152629 0.0548691 0.0556248
FixedParameters: 0 0 0

#Transform 59
Transform: AffineTransform_float_3_3
Parameters: 1 -0.000307993 -0.000515004 0.000308007 1 1.28414e-05 0.000514996 -1.31586e-05 1 0.00472827 0.0270829 0.0389434
FixedParameters: 0 0 0

#Transform 60
Transform: AffineTransform_float_3_3
Parameters: 1 -0.000258041 -0.000406974 0.000257959 1 -0.000101105 0.000407026 0.000100895 1 -0.00423157 0.041161 0.0705747
FixedParameters: 0 0 0

#Transform 61
Transform: AffineTransform_float_3_3
Parameters: 0.999999 -0.000610965 -0.000630034 0.000611035 1 5.5615e-05 0.000629966 -5.53849e-05 1 -0.00719594 0.028313 0.0437383
FixedParameters: 0 0 0

#Transform 62
Transform: AffineTransform_float_3_3
Parameters: 0.999999 -0.000719982 -0.00031104 0.000720017 0.999999 5.5776e-05 0.00031096 -5.52239e-05 1 -0.0111563 0.0290986 0.0482909
FixedParameters: 0 0 0

#Transform 63
Transform: AffineTransform_float_3_3
Parameters: 0.999999 -0.000720173 -0.000533766 0.000719826 0.999999 -0.000324384 0.000534234 0.000324615 1 -0.0118309 0.0375834 0.0704274
FixedParameters: 0 0 0

#Transform 64
Transform: AffineTransform_float_3_3
Parameters: 1 -0.000651034 -0.000244909 0.000650966 1 -0.000139159 0.000245091 0.00013984 1 -0.0166579 0.00948619 0.036496
FixedParameters: 0 0 0

#Transform 65
Transform: AffineTransform_float_3_3
Parameters: 0.999999 -0.00114694 -0.00146531 0.00112006 0.999832 -0.0182567 0.0014857 0.0182553 0.999833 0.0129878 0.151798 0.250237
FixedParameters: 0 0 0

#Transform 66
Transform: AffineTransform_float_3_3
Parameters: 0.999999 -0.000407296 -0.000961149 0.000410706 0.999996 0.00281461 0.000960847 -0.00281539 0.999995 -0.0185763 -0.112123 0.107681
FixedParameters: 0 0 0

#Transform 67
Transform: AffineTransform_float_3_3
Parameters: 0.999999 -0.000539678 -0.000484358 0.000539321 0.999999 0.000663738 0.000483642 -0.000664261 0.999999 -0.0322458 -0.00275662 0.136097
FixedParameters: 0 0 0

#Transform 68
Transform: AffineTransform_float_3_3
Parameters: 1 -0.000564999 -0.000848001 0.000565002 1 1.52088e-06 0.000847999 -1.47912e-06 0.999999 -0.0245355 0.00187457 0.0876701
FixedParameters: 0 0 0

#Transform 69
Transform: AffineTransform_float_3_3
Parameters: 0.999999 -0.001089 -0.000693002 0.001089 1 1.24532e-06 0.000692998 -1.75468e-06 1 -0.0219781 0.0209149 0.079794
FixedParameters: 0 0 0

#Transform 70
Transform: AffineTransform_float_3_3
Parameters: 0.999999 -0.00116466 -0.000654058 0.00116234 0.999996 -0.00252776 0.00065694 0.00252724 0.999996 -0.00518217 0.0780455 0.0459909
FixedParameters: 0 0 0

#Transform 71
Transform: AffineTransform_float_3_3
Parameters: 0.999998 -0.00146317 -0.000835955 0.00146183 0.999998 -0.00139822 0.000838043 0.00139678 0.999998 -0.00784668 0.0327355 0.0331479
FixedParameters: 0 0 0

#Transform 72
Transform: AffineTransform_float_3_3
Parameters: 0.999999 -0.00116925 -0.00068688 0.00116775 0.999997 -0.0018148 0.000689119 0.0018132 0.999998 -0.00459096 0.0621378 0.0511449
FixedParameters: 0 0 0

#Transform 73
Transform: AffineTransform_float_3_3
Parameters: 0.999999 -0.00123425 -0.000679733 0.00123275 0.999997 -0.00183784 0.000681266 0.00183716 0.999998 0.00307652 0.0368964 0.0237344
FixedParameters: 0 0 0

#Transform 74
Transform: AffineTransform_float_3_3
Parameters: 0.999999 -0.00118432 -0.000679707 0.00118268 0.999998 -0.00193781 0.000681293 0.0019372 0.999998 -0.00506563 0.0545675 0.0357801
FixedParameters: 0 0 0

#Transform 75
Transform: AffineTransform_float_3_3
Parameters: 0.999999 -0.00118932 -0.000679697 0.00118768 0.999998 -0.00193781 0.000681302 0.00193719 0.999998 0.00714259 0.0586105 0.0209702
FixedParameters: 0 0 0

#Transform 76
Transform: AffineTransform_float_3_3
Parameters: 0.999999 -0.00126684 -0.000429547 0.00126617 0.999998 -0.00193755 0.000431454 0.00193746 0.999998 0.00231602 0.0366456 0.042079
FixedParameters: 0 0 0

#Transform 77
Transform: AffineTransform_float_3_3
Parameters: 0.999999 -0.000955472 -0.00083632 0.000954528 0.999998 -0.0017598 0.00083768 0.0017582 0.999998 0.00364023 0.0417242 0.0825123
FixedParameters: 0 0 0

#Transform 78
Transform: AffineTransform_float_3_3
Parameters: 0.999999 -0.00122566 -0.000320496 0.00122534 0.999997 -0.00204339 0.000323504 0.00204261 0.999998 -0.0139654 0.0500824 0.0421035
FixedParameters: 0 0 0

#Transform 79
Transform: AffineTransform_float_3_3
Parameters: 0.999999 -0.000824426 -0.000211344 0.000824574 0.999997 -0.00200917 0.000212657 0.00200882 0.999998 -0.00734135 0.0315133 0.0283026
FixedParameters: 0 0 0

#Transform 80
Transform: AffineTransform_float_3_3
Parameters: 0.999999 -0.00128437 -0.00052667 0.00128263 0.999996 -0.00259468 0.00052933 0.00259432 0.999997 -0.0106399 0.0627911 0.0737683
FixedParameters: 0 0 0

#Transform 81
Transform: AffineTransform_float_3_3
Parameters: 0.999997 -0.00206055 -0.000587604 0.00205845 0.999995 -0.00262022 0.000593394 0.00261879 0.999997 -0.0269137 0.0690404 -0.0198906
FixedParameters: 0 0 0

#Transform 82
Transform: AffineTransform_float_3_3
Parameters: 0.999997 -0.00160761 -0.00183497 0.00160338 0.999995 -0.00251395 0.00183903 0.00251105 0.999995 0.00292025 0.0550407 -0.800468
FixedParameters: 0 0 0

#Transform 83
Transform: AffineTransform_float_3_3
Parameters: 1 -0.000676885 -0.000731261 0.000675117 0.999997 -0.0025745 0.000732741 0.00257351 0.999997 -0.0647932 0.00781042 -0.434068
FixedParameters: 0 0 0

#Transform 84
Transform: AffineTransform_float_3_3
Parameters: 0.999999 -0.000833533 -0.00122428 0.000830466 0.999998 -0.00206802 0.00122672 0.00206698 0.999997 -0.0806129 0.0149318 -0.266773
FixedParameters: 0 0 0

#Transform 85
Transform: AffineTransform_float_3_3
Parameters: 0.999998 -0.00120091 -0.0014506 0.00119809 0.999998 -0.00200174 0.0014534 0.00200026 0.999997 -0.0838339 0.0281387 -0.281673
FixedParameters: 0 0 0

#Transform 86
Transform: AffineTransform_float_3_3
Parameters: 0.999999 -0.00069327 -0.00126276 0.00069073 0.999998 -0.00179687 0.00126424 0.00179612 0.999997 -0.0765423 0.0224824 -0.298177
FixedParameters: 0 0 0

#Transform 87
Transform: AffineTransform_float_3_3
Parameters: 0.999999 -0.00105781 -0.00146398 0.00105519 0.999997 -0.00191555 0.00146602 0.00191445 0.999997 -0.0741579 0.0252754 -0.321326
FixedParameters: 0 0 0

#Transform 88
Transform: AffineTransform_float_3_3
Parameters: 0.999997 -0.00105718 -0.00186276 0.00105582 0.999999 -0.00117197 0.00186424 0.00117003 0.999997 -0.0660683 0.0256198 -0.293204
FixedParameters: 0 0 0

#Transform 89
Transform: AffineTransform_float_3_3
Parameters: 0.999998 -0.000681922 -0.00150913 0.000680077 0.999999 -0.00127403 0.00150987 0.00127297 0.999998 -0.0708241 0.0562273 -0.312999
FixedParameters: 0 0 0

#Transform 90
Transform: AffineTransform_float_3_3
Parameters: 0.999998 -0.00110873 -0.00156808 0.00110627 0.999998 -0.00173774 0.00156992 0.00173626 0.999998 -0.075609 0.062339 -0.302059
FixedParameters: 0 0 0

#Transform 91
Transform: AffineTransform_float_3_3
Parameters: 0.999999 -0.000620582 -0.0012257 0.000618419 0.999997 -0.00210576 0.0012263 0.00210524 0.999997 -0.0687277 0.0351149 -0.292115
FixedParameters: 0 0 0

#Transform 92
Transform: AffineTransform_float_3_3
Parameters: 0.999999 -0.0008063 -0.00164138 0.000802702 0.999997 -0.00200932 0.00164262 0.00200868 0.999996 -0.0704779 0.0554648 -0.241951
FixedParameters: 0 0 0

#Transform 93
Transform: AffineTransform_float_3_3
Parameters: 0.999999 -0.000707485 -0.0016415 0.000703519 0.999998 -0.00212116 0.0016425 0.00212084 0.999997 -0.0618107 0.0359668 -0.284541
FixedParameters: 0 0 0

#Transform 94
Transform: AffineTransform_float_3_3
Parameters: 0.999998 -0.0010769 -0.00164044 0.0010731 0.999996 -0.00237776 0.00164256 0.00237623 0.999996 -0.0766449 0.0608827 -0.222267
FixedParameters: 0 0 0

#Transform 95
Transform: AffineTransform_float_3_3
Parameters: 0.999998 -0.00107609 -0.00164098 0.00107291 0.999997 -0.00188276 0.00164302 0.00188123 0.999997 -0.0765598 0.0332899 -0.254193
FixedParameters: 0 0 0

#Transform 96
Transform: AffineTransform_float_3_3
Parameters: 0.999997 -0.00118853 -0.00177664 0.00118546 0.999998 -0.00198911 0.00177936 0.00198689 0.999997 -0.0762057 0.0674021 -0.228284
FixedParameters: 0 0 0

#Transform 97
Transform: AffineTransform_float_3_3
Parameters: 0.999998 -0.00107674 -0.00180077 0.00107226 0.999998 -0.00207494 0.00180323 0.00207306 0.999996 -0.0730454 0.0689898 -0.239076
FixedParameters: 0 0 0

#Transform 98
Transform: AffineTransform_float_3_3
Parameters: 0.999997 -0.00107713 -0.00183057 0.00107287 0.999997 -0.00225697 0.00183342 0.00225503 0.999996 -0.0785005 0.0686262 -0.216829
FixedParameters: 0 0 0

#Transform 99
Transform: AffineTransform_float_3_3
Parameters: 0.999997 -0.00107686 -0.00215708 0.00107314 0.999998 -0.00178932 0.00215892 0.00178768 0.999996 -0.0618049 0.0311423 -0.254065
FixedParameters: 0 0 0

#Transform 100
Transform: AffineTransform_float_3_3
Parameters: 0.999998 -0.00107728 -0.00179544 0.00107272 0.999996 -0.00238093 0.00179856 0.00237907 0.999995 -0.0732046 0.0647452 -0.202296
FixedParameters: 0 0 0

#Transform 101
Transform: AffineTransform_float_3_3
Parameters: 0.999998 -0.000649544 -0.00195683 0.000645457 0.999998 -0.00181127 0.00195717 0.00180973 0.999997 -0.0598545 0.0284556 -0.261268
FixedParameters: 0 0 0

#Transform 102
Transform: AffineTransform_float_3_3
Parameters: 0.999998 -0.0010773 -0.00177439 0.0010727 0.999997 -0.00242491 0.0017766 0.00242309 0.999995 -0.0787093 0.057725 -0.230012
FixedParameters: 0 0 0

#Transform 103
Transform: AffineTransform_float_3_3
Parameters: 0.999998 -0.00107774 -0.00194338 0.00107226 0.999997 -0.00243709 0.00194562 0.00243491 0.999995 -0.0697533 0.0454465 -0.236847
FixedParameters: 0 0 0

#Transform 104
Transform: AffineTransform_float_3_3
Parameters: 0.999998 -0.0010775 -0.00163404 0.0010725 0.999995 -0.00275376 0.00163696 0.00275124 0.999995 -0.0841536 0.0601506 -0.227216
FixedParameters: 0 0 0

#Transform 105
Transform: AffineTransform_float_3_3
Parameters: 0.999998 -0.00107812 -0.00163363 0.00107288 0.999994 -0.00313276 0.00163737 0.00313124 0.999994 -0.0767108 0.0735098 -0.233981
FixedParameters: 0 0 0

#Transform 106
Transform: AffineTransform_float_3_3
Parameters: 0.999999 -0.000922794 -0.00161384 0.000919205 0.999997 -0.00235049 0.00161616 0.00234851 0.999996 -0.0940603 0.0667306 -0.237933
FixedParameters: 0 0 0

#Transform 107
Transform: AffineTransform_float_3_3
Parameters: 0.999998 -0.00107741 -0.00158602 0.00107259 0.999995 -0.0027767 0.00158898 0.00277429 0.999995 -0.105953 0.0819783 -0.223939
FixedParameters: 0 0 0

#Transform 108
Transform: AffineTransform_float_3_3
Parameters: 0.999999 -0.000934191 -0.00158654 0.000929808 0.999996 -0.00264048 0.00158946 0.00263852 0.999996 -0.0821516 0.0817442 -0.210413
FixedParameters: 0 0 0

#Transform 109
Transform: AffineTransform_float_3_3
Parameters: 0.999998 -0.0010776 -0.00169308 0.0010724 0.999995 -0.00271682 0.00169592 0.00271518 0.999995 -0.0845614 0.10367 -0.18657
FixedParameters: 0 0 0

#Transform 110
Transform: AffineTransform_float_3_3
Parameters: 0.999998 -0.000938564 -0.00141564 0.000934439 0.999997 -0.00251533 0.00141735 0.00251467 0.999996 -0.0885881 0.0683618 -0.210786
FixedParameters: 0 0 0

#Transform 111
Transform: AffineTransform_float_3_3
Parameters: 0.999999 -0.00107577 -0.00136082 0.00107224 0.999998 -0.00203046 0.00136218 0.00202954 0.999997 -0.0988668 0.0917445 -0.167433
FixedParameters: 0 0 0

#Transform 112
Transform: AffineTransform_float_3_3
Parameters: 0.999999 -0.00107604 -0.0014828 0.00107296 0.999998 -0.00205259 0.0014852 0.00205041 0.999997 -0.0895077 0.0688282 -0.209104
FixedParameters: 0 0 0

#Transform 113
Transform: AffineTransform_float_3_3
Parameters: 0.999998 -0.00107859 -0.00158521 0.00107241 0.999993 -0.00352071 0.00158878 0.00351829 0.999992 -0.0938779 0.12614 -0.140468
FixedParameters: 0 0 0

#Transform 114
Transform: AffineTransform_float_3_3
Parameters: 0.999999 -0.00107712 -0.00144995 0.00107288 0.999996 -0.00284156 0.00145205 0.00284044 0.999995 -0.0913907 0.0833834 -0.16929
FixedParameters: 0 0 0

#Transform 115
Transform: AffineTransform_float_3_3
Parameters: 0.999998 -0.00107759 -0.00158589 0.00107241 0.999995 -0.00288971 0.0015891 0.00288829 0.999994 -0.0876726 0.123685 -0.189392
FixedParameters: 0 0 0

#Transform 116
Transform: AffineTransform_float_3_3
Parameters: 0.999998 -0.00152098 -0.00140971 0.00151702 0.999995 -0.00282314 0.00141329 0.00282086 0.999995 -0.0964502 0.10673 -0.192268
FixedParameters: 0 0 0

#Transform 117
Transform: AffineTransform_float_3_3
Parameters: 0.999998 -0.00145109 -0.0015211 0.00144691 0.999996 -0.00268921 0.00152489 0.00268679 0.999995 -0.0999045 0.0932667 -0.194508
FixedParameters: 0 0 0

#Transform 118
Transform: AffineTransform_float_3_3
Parameters: 0.999999 -0.00107713 -0.00152409 0.00107287 0.999996 -0.00270664 0.00152691 0.00270536 0.999995 -0.0912726 0.08049 -0.194166
FixedParameters: 0 0 0

#Transform 119
Transform: AffineTransform_float_3_3
Parameters: 0.999999 -0.00107671 -0.00152839 0.00107229 0.999997 -0.00242764 0.00153161 0.00242636 0.999996 -0.0816289 0.0741451 -0.200495
FixedParameters: 0 0 0

#Transform 120
Transform: AffineTransform_float_3_3
Parameters: 0.999997 -0.00147772 -0.0016969 0.00147328 0.999995 -0.00277951 0.0017011 0.00277649 0.999994 -0.0967456 0.110977 -0.137093
FixedParameters: 0 0 0

#Transform 121
Transform: AffineTransform_float_3_3
Parameters: 0.999998 -0.00107669 -0.00163358 0.00107231 0.999997 -0.00225676 0.00163642 0.00225524 0.999996 -0.0888203 0.0625291 -0.178914
FixedParameters: 0 0 0

#Transform 122
Transform: AffineTransform_float_3_3
Parameters: 0.999996 -0.00185203 -0.0020852 0.00186898 0.999965 0.00816613 0.0020708 -0.00817086 0.999964 -0.135666 -0.018712 0.0302347
FixedParameters: 0 0 0

#Transform 123
Transform: AffineTransform_float_3_3
Parameters: 0.999996 -0.00304495 -0.000143015 0.00304805 0.999456 0.0328207 4.29824e-05 -0.0328213 0.999461 -0.127055 -0.580281 0.331606
FixedParameters: 0 0 0

#Transform 124
Transform: AffineTransform_float_3_3
Parameters: 0.999996 -0.00249497 0.000641856 0.00249903 0.999976 -0.00634941 -0.000626144 0.00635058 0.999979 -0.0416469 0.0970851 0.0691242
FixedParameters: 0 0 0

#Transform 125
Transform: AffineTransform_float_3_3
Parameters: 0.999994 -0.00322891 0.000713512 0.00323109 0.999991 -0.00294371 -0.000703487 0.00294629 0.999996 -0.05939 0.0549286 0.0588777
FixedParameters: 0 0 0

#Transform 126
Transform: AffineTransform_float_3_3
Parameters: 1 -1.60116e-07 0.000136004 -1.16008e-06 0.999963 0.00852999 -0.000135995 -0.00852999 0.999963 0.140696 -0.196054 -0.19498
FixedParameters: 0 0 0

#Transform 127
Transform: AffineTransform_float_3_3
Parameters: 0.999998 -0.00167561 -0.00145423 0.00168739 0.999967 0.00786556 0.00144077 -0.00786843 0.999968 0.0721448 -0.092235 -0.130812
FixedParameters: 0 0 0

#Transform 128
Transform: AffineTransform_float_3_3
Parameters: 0.999998 -0.00224116 -0.000517452 0.00224384 0.999982 0.00555185 0.000504549 -0.00555314 0.999984 -0.0402977 -0.0856998 -0.00297819
FixedParameters: 0 0 0

#Transform 129
Transform: AffineTransform_float_3_3
Parameters: 0.999997 -0.00249335 -0.000115952 0.00249465 0.999979 0.00599573 0.000101046 -0.00599527 0.999982 -0.0550398 -0.0848283 0.0642537
FixedParameters: 0 0 0

#Transform 130
Transform: AffineTransform_float_3_3
Parameters: 0.999996 -0.00279542 -0.000413808 0.00279758 0.999976 0.00636686 0.000396194 -0.00636813 0.999979 -0.0622303 -0.0911632 0.0568212
FixedParameters: 0 0 0

#Transform 131
Transform: AffineTransform_float_3_3
Parameters: 0.999996 -0.00257633 -0.000116772 0.00257767 0.999978 0.00612072 0.000101224 -0.00612128 0.999982 -0.0596534 -0.105684 0.036549
FixedParameters: 0 0 0

#Transform 132
Transform: AffineTransform_float_3_3
Parameters: 0.999997 -0.00245637 -0.000115276 0.00245763 0.99998 0.00581074 0.000101723 -0.00581027 0.999983 -0.0542069 -0.0812733 0.0209956
FixedParameters: 0 0 0

#Transform 133
Transform: AffineTransform_float_3_3
Parameters: 0.999996 -0.0026284 -0.000115594 0.0026286 0.999981 0.00555172 0.000101407 -0.00555229 0.999985 -0.0580783 -0.0742592 0.0361349
FixedParameters: 0 0 0

#Transform 134
Transform: AffineTransform_float_3_3
Parameters: 0.999997 -0.0024634 -0.000114656 0.0024646 0.999981 0.00554273 0.000101342 -0.00554226 0.999984 -0.054324 -0.086426 0.0186537
FixedParameters: 0 0 0

#Transform 135
Transform: AffineTransform_float_3_3
Parameters: 0.999997 -0.00254579 -5.26117e-05 0.00254521 0.999987 0.00456088 4.03915e-05 -0.00456112 0.999989 -0.0648891 -0.0527416 0.03255
FixedParameters: 0 0 0

#Transform 136
Transform: AffineTransform_float_3_3
Parameters: 0.999996 -0.00290748 -0.000115009 0.00290752 0.999984 0.00481769 0.000100995 -0.00481732 0.999989 -0.0778876 -0.0556604 0.0773503
FixedParameters: 0 0 0

#Transform 137
Transform: AffineTransform_float_3_3
Parameters: 0.999997 -0.00248011 -0.000176995 0.00248089 0.999983 0.00523858 0.000164007 -0.00523843 0.999987 -0.0640187 -0.0778963 0.0462928
FixedParameters: 0 0 0

#Transform 138
Transform: AffineTransform_float_3_3
Parameters: 0.999995 -0.00313405 -5.59944e-07 0.00313395 0.999977 0.00592203 -1.75596e-05 -0.00592197 0.999983 -0.0957549 -0.0465153 0.114585
FixedParameters: 0 0 0

#Transform 139
Transform: AffineTransform_float_3_3
Parameters: 0.999997 -0.00241753 7.07604e-05 0.00241747 0.999975 0.0067182 -8.72448e-05 -0.00671882 0.999978 -0.0693862 -0.110295 0.0567742
FixedParameters: 0 0 0

#Transform 140
Transform: AffineTransform_float_3_3
Parameters: 0.999995 -0.00322846 6.79399e-05 0.00322754 0.999978 0.00590425 -8.70565e-05 -0.00590375 0.999982 -0.0994184 -0.0570327 0.131559
FixedParameters: 0 0 0

#Transform 141
Transform: AffineTransform_float_3_3
Parameters: 0.999996 -0.00300968 -0.000227257 0.00301032 0.999977 0.00606434 0.000208748 -0.00606465 0.999981 -0.0877252 -0.079867 0.067862
FixedParameters: 0 0 0

#Transform 142
Transform: AffineTransform_float_3_3
Parameters: 0.999996 -0.00281983 -3.79185e-05 0.00282017 0.99998 0.00564492 2.20803e-05 -0.00564509 0.999984 -0.0878276 -0.0528077 0.0922986
FixedParameters: 0 0 0

#Transform 143
Transform: AffineTransform_float_3_3
Parameters: 0.999995 -0.00294595 -0.000203769 0.00294605 0.999982 0.00535142 0.000188234 -0.00535258 0.999985 -0.077875 -0.0674769 0.0734415
FixedParameters: 0 0 0

#Transform 144
Transform: AffineTransform_float_3_3
Parameters: 0.999995 -0.00316796 -1.57049e-05 0.00316804 0.999981 0.00527298 -7.05168e-07 -0.00527303 0.999986 -0.0961352 -0.0640829 0.0841453
FixedParameters: 0 0 0

#Transform 145
Transform: AffineTransform_float_3_3
Parameters: 0.999997 -0.00252996 -1.46013e-05 0.00253004 0.999983 0.00537598 3.98468e-07 -0.00537602 0.999985 -0.0817077 -0.0709372 0.0817456
FixedParameters: 0 0 0

#Transform 146
Transform: AffineTransform_float_3_3
Parameters: 0.999995 -0.00295595 -1.63475e-05 0.00295604 0.999982 0.00519197 6.5216e-07 -0.00519202 0.999986 -0.0804059 -0.0636796 0.0877314
FixedParameters: 0 0 0

#Transform 147
Transform: AffineTransform_float_3_3
Parameters: 0.999996 -0.00306442 -0.000301477 0.00306558 0.999981 0.0053751 0.000285522 -0.0053769 0.999985 -0.0793576 -0.0505251 0.123637
FixedParameters: 0 0 0

#Transform 148
Transform: AffineTransform_float_3_3
Parameters: 0.999995 -0.00306327 -0.000504866 0.00306573 0.99998 0.00550248 0.000488134 -0.00550452 0.999984 -0.0827002 -0.075865 0.0948661
FixedParameters: 0 0 0

#Transform 149
Transform: AffineTransform_float_3_3
Parameters: 0.999996 -0.00306557 -8.83711e-05 0.00306543 0.999981 0.00533975 7.16312e-05 -0.00534024 0.999985 -0.0921334 -0.0543103 0.140798
FixedParameters: 0 0 0

#Transform 150
Transform: AffineTransform_float_3_3
Parameters: 0.999996 -0.00306589 -2.84397e-05 0.00306611 0.999981 0.00536194 1.25596e-05 -0.00536206 0.999985 -0.0934053 -0.0667547 0.0815521
FixedParameters: 0 0 0

#Transform 151
Transform: AffineTransform_float_3_3
Parameters: 0.999996 -0.00306584 -4.01671e-05 0.00306517 0.999983 0.0049469 2.58398e-05 -0.0049461 0.999988 -0.0932634 -0.028549 0.172163
FixedParameters: 0 0 0

#Transform 152
Transform: AffineTransform_float_3_3
Parameters: 0.999996 -0.00306515 -0.000173729 0.00306585 0.999982 0.00513049 0.00015827 -0.00513151 0.999987 -0.0901846 -0.0613097 0.162741
FixedParameters: 0 0 0

#Transform 153
Transform: AffineTransform_float_3_3
Parameters: 0.999996 -0.00306517 -0.000173425 0.00306583 0.999982 0.00503149 0.000157574 -0.00503251 0.999988 -0.0901819 -0.0575083 0.166616
FixedParameters: 0 0 0

#Transform 154
Transform: AffineTransform_float_3_3
Parameters: 0.999996 -0.0030652 -0.000172797 0.0030658 0.999983 0.00482649 0.000158206 -0.00482651 0.999989 -0.0902525 -0.0347323 0.17198
FixedParameters: 0 0 0

#Transform 155
Transform: AffineTransform_float_3_3
Parameters: 0.999995 -0.00295692 -2.38125e-05 0.00295708 0.999986 0.00433295 1.1187e-05 -0.00433305 0.99999 -0.0911431 -0.0443272 0.126065
FixedParameters: 0 0 0

#Transform 156
Transform: AffineTransform_float_3_3
Parameters: 0.999992 -0.00413262 -0.00016767 0.00413238 0.999988 0.00233933 0.000158333 -0.00233967 0.999998 -0.0880637 0.0296127 0.15446
FixedParameters: 0 0 0

#Transform 157
Transform: AffineTransform_float_3_3
Parameters: 0.999997 -0.00269949 0.000210834 0.00269851 0.999993 0.00228458 -0.000217163 -0.00228342 0.999998 -0.0905267 -0.00794945 0.127239
FixedParameters: 0 0 0

#Transform 158
Transform: AffineTransform_float_3_3
Parameters: 0.999995 -0.00318151 -0.000167474 0.00318248 0.99999 0.00297748 0.000157522 -0.00297851 0.999995 -0.0835832 -0.0122032 0.140199
FixedParameters: 0 0 0

#Transform 159
Transform: AffineTransform_float_3_3
Parameters: 0.999995 -0.0031635 -0.000167744 0.0031645 0.999991 0.00307949 0.000158256 -0.00307952 0.999995 -0.0797542 -0.0147187 0.110362
FixedParameters: 0 0 0

#Transform 160
Transform: AffineTransform_float_3_3
Parameters: 0.999995 -0.00314146 -0.000168317 0.00314153 0.999989 0.00328349 0.000157683 -0.00328451 0.999994 -0.0727417 -0.0194804 0.098639
FixedParameters: 0 0 0

#Transform 161
Transform: AffineTransform_float_3_3
Parameters: 0.999994 -0.00343557 -0.000167152 0.00343643 0.99999 0.00266344 0.000157845 -0.00266456 0.999997 -0.0853667 0.0300316 0.114075
FixedParameters: 0 0 0

#Transform 162
Transform: AffineTransform_float_3_3
Parameters: 0.999994 -0.00321981 -0.000417305 0.00322119 0.99999 0.00288867 0.000407697 -0.00288933 0.999995 -0.0744986 0.0151479 0.0990941
FixedParameters: 0 0 0

#Transform 163
Transform: AffineTransform_float_3_3
Parameters: 0.999996 -0.00272196 0.000575478 0.00272104 0.999995 0.00166257 -0.000580524 -0.00166143 0.999999 -0.099384 0.0543396 0.116615
FixedParameters: 0 0 0

#Transform 164
Transform: AffineTransform_float_3_3
Parameters: 0.999996 -0.00287933 0.00011718 0.00287967 0.999992 0.00271635 -0.000124821 -0.00271565 0.999997 -0.0789156 0.0143425 0.0926109
FixedParameters: 0 0 0

#Transform 165
Transform: AffineTransform_float_3_3
Parameters: 0.999995 -0.00310625 0.000118532 0.00310575 0.999993 0.00208238 -0.000125466 -0.00208162 0.999998 -0.0895135 0.0427189 0.127499
FixedParameters: 0 0 0

#Transform 166
Transform: AffineTransform_float_3_3
Parameters: 0.999995 -0.00310626 0.000118327 0.00310574 0.999993 0.00214838 -0.000124671 -0.00214762 0.999997 -0.0851001 0.0224493 0.0985954
FixedParameters: 0 0 0

#Transform 167
Transform: AffineTransform_float_3_3
Parameters: 0.999995 -0.00323329 0.000117256 0.00323271 0.999992 0.00239539 -0.000124742 -0.00239461 0.999997 -0.100649 0.0415585 0.12213
FixedParameters: 0 0 0

#Transform 168
Transform: AffineTransform_float_3_3
Parameters: 0.999995 -0.00310641 0.000114454 0.00310559 0.99999 0.00339537 -0.000125547 -0.00339563 0.999994 -0.0918777 -0.00155636 0.0976395
FixedParameters: 0 0 0

#Transform 169
Transform: AffineTransform_float_3_3
Parameters: 0.999995 -0.00310635 0.000116007 0.00310565 0.999991 0.00289537 -0.000124991 -0.00289463 0.999996 -0.0977331 0.0294226 0.11218
FixedParameters: 0 0 0

#Transform 170
Transform: AffineTransform_float_3_3
Parameters: 0.999997 -0.00268439 0.000116467 0.00268362 0.999992 0.00317932 -0.000125531 -0.00317868 0.999995 -0.0880587 -0.0240114 0.104534
FixedParameters: 0 0 0

#Transform 171
Transform: AffineTransform_float_3_3
Parameters: 0.999995 -0.00310637 0.000115373 0.00310563 0.999991 0.00309938 -0.000124628 -0.00309963 0.999995 -0.0976749 0.00352646 0.110334
FixedParameters: 0 0 0

#Transform 172
Transform: AffineTransform_float_3_3
Parameters: 0.999995 -0.00310671 0.000218124 0.00310629 0.99999 0.00317969 -0.000227875 -0.00317831 0.999995 -0.0849294 -0.0325536 0.0609753
FixedParameters: 0 0 0

#Transform 173
Transform: AffineTransform_float_3_3
Parameters: 0.999994 -0.00329232 0.000116166 0.00329168 0.999991 0.0026834 -0.000124831 -0.0026826 0.999997 -0.0888299 0.00622368 0.118281
FixedParameters: 0 0 0

#Transform 174
Transform: AffineTransform_float_3_3
Parameters: 0.999995 -0.00337033 0.000115741 0.00336967 0.99999 0.0027474 -0.000125256 -0.00274659 0.999996 -0.100212 -0.00770708 0.0768467
FixedParameters: 0 0 0

#Transform 175
Transform: AffineTransform_float_3_3
Parameters: 0.999993 -0.00358413 3.78926e-05 0.00358386 0.999989 0.00309916 -4.91064e-05 -0.00309884 0.999995 -0.106599 -0.014024 0.146381
FixedParameters: 0 0 0

#Transform 176
Transform: AffineTransform_float_3_3
Parameters: 0.999996 -0.00301304 0.000124005 0.00301296 0.999996 0.000330375 -0.000124994 -0.000329625 1 -0.0907538 -0.0127358 0.0150904
FixedParameters: 0 0 0

#Transform 177
Transform: AffineTransform_float_3_3
Parameters: 0.999995 -0.0030721 -0.000733248 0.0030749 0.999988 0.00398377 0.000721752 -0.00398624 0.999992 -0.0942603 0.0373194 0.230984
FixedParameters: 0 0 0

#Transform 178
Transform: AffineTransform_float_3_3
Parameters: 0.999994 -0.00341551 4.03233e-07 0.00341448 0.999847 0.0171561 -5.95876e-05 -0.0171559 0.999853 -0.120225 -0.193854 0.092121
FixedParameters: 0 0 0

#Transform 179
Transform: AffineTransform_float_3_3
Parameters: 0.999993 -0.00386562 5.61692e-05 0.00386439 0.999834 0.0178084 -0.000124837 -0.0178077 0.999842 -0.139629 -0.173758 0.131574
FixedParameters: 0 0 0

#Transform 180
Transform: AffineTransform_float_3_3
Parameters: 0.999993 -0.0036854 -0.000236146 0.0036886 0.999837 0.0176663 0.000170862 -0.0176668 0.999844 -0.128983 -0.185894 0.11083
FixedParameters: 0 0 0

#Transform 181
Transform: AffineTransform_float_3_3
Parameters: 0.999989 -0.00466651 3.95242e-05 0.00466549 0.999822 0.0183184 -0.000125488 -0.0183186 0.999832 -0.157414 -0.158231 0.208993
FixedParameters: 0 0 0

#Transform 182
Transform: AffineTransform_float_3_3
Parameters: 0.999993 -0.00378863 5.73622e-05 0.00378738 0.999834 0.0178553 -0.000124643 -0.0178547 0.99984 -0.137995 -0.165541 0.123037
FixedParameters: 0 0 0

#Transform 183
Transform: AffineTransform_float_3_3
Parameters: 0.99996 -0.00886736 0.000948781 0.00884864 0.999802 0.0178641 -0.00110721 -0.0178549 0.99984 -0.214282 -0.119922 0.131243
FixedParameters: 0 0 0

#Transform 184
Transform: AffineTransform_float_3_3
Parameters: 0.999975 -0.00714907 1.87066e-05 0.00714793 0.999864 0.0148685 -0.000125296 -0.0148685 0.99989 -0.162406 -0.10175 0.109588
FixedParameters: 0 0 0

#Transform 185
Transform: AffineTransform_float_3_3
Parameters: 0.999971 -0.00752701 1.80394e-05 0.00752598 0.99987 0.0142105 -0.000124956 -0.0142095 0.999899 -0.185571 -0.10803 0.081827
FixedParameters: 0 0 0

#Transform 186
Transform: AffineTransform_float_3_3
Parameters: 0.999975 -0.00714906 2.3068e-05 0.00714795 0.999873 0.0142585 -0.000124928 -0.0142575 0.999899 -0.177137 -0.0922112 0.177028
FixedParameters: 0 0 0

#Transform 187
Transform: AffineTransform_float_3_3
Parameters: 0.999983 -0.00593241 0.000374328 0.00592659 0.999896 0.0130994 -0.000451671 -0.0130975 0.999914 -0.157182 -0.132685 0.141204
FixedParameters: 0 0 0

#Transform 188
Transform: AffineTransform_float_3_3
Parameters: 0.999983 -0.00592712 -2.922e-05 0.00592688 0.9999 0.0128591 -4.72182e-05 -0.0128589 0.999918 -0.148143 -0.107351 0.128359
FixedParameters: 0 0 0

#Transform 189
Transform: AffineTransform_float_3_3
