#Insight Transform File V1.0
#Transform 0
Transform: AffineTransform_float_3_3
Parameters: 0.999999 -0.000708007 0.000195996 0.000707966 0.999999 0.000104139 -0.000196144 -0.000103861 1 0.0314145 -0.0574669 -0.0255792
FixedParameters: 0 0 0

#Transform 1
Transform: AffineTransform_float_3_3
Parameters: 1 -0.000837311 0.000520038 0.000836166 0.999999 0.00114844 -0.000520961 -0.00114756 0.999999 0.0402634 -0.0609971 0.0698909
FixedParameters: 0 0 0

#Transform 2
Transform: AffineTransform_float_3_3
Parameters: 0.999999 -0.000833168 0.000297094 0.000832859 0.999999 0.00051825 -0.000297958 -0.000518749 1 0.0260925 -0.045523 -0.0506181
FixedParameters: 0 0 0

#Transform 3
Transform: AffineTransform_float_3_3
Parameters: 0.999999 -0.000816185 0.00040353 0.000814996 0.999999 0.00153228 -0.00040503 -0.00153172 0.999998 0.0414935 -0.0739599 -0.00228729
FixedParameters: 0 0 0

#Transform 4
Transform: AffineTransform_float_3_3
Parameters: 0.999999 -0.000759155 0.000475579 0.000758674 0.999999 0.000559361 -0.000475429 -0.000558639 0.999999 0.0197432 -0.00792057 -0.0381437
FixedParameters: 0 0 0

#Transform 5
Transform: AffineTransform_float_3_3
Parameters: 0.999999 -0.000820187 0.000478445 0.000819486 1 0.000786342 -0.000478735 -0.000785658 0.999999 0.0210949 -0.135942 -0.0164111
FixedParameters: 0 0 0

#Transform 6
Transform: AffineTransform_float_3_3
Parameters: 1 -0.000415997 0.00018831 0.000416016 1 -5.19217e-05 -0.000188266 5.20783e-05 1 0.0145837 0.00412244 -0.0113268
FixedParameters: 0 0 0

#Transform 7
Transform: AffineTransform_float_3_3
Parameters: 0.999999 -0.0005656 0.000465628 0.000564726 1 0.000993264 -0.000465751 -0.000992738 1 0.00843661 -0.140623 -0.020442
FixedParameters: 0 0 0

#Transform 8
Transform: AffineTransform_float_3_3
Parameters: 1 -0.000409786 0.000311128 0.000409781 1 7.12749e-06 -0.000311133 -6.8725e-06 1 0.00183554 -0.0133243 -0.0293813
FixedParameters: 0 0 0

#Transform 9
Transform: AffineTransform_float_3_3
Parameters: 1 -0.000414622 0.000217094 0.000414457 1 0.00037909 -0.000217408 -0.00037891 1 0.0111589 -0.142799 -0.0443668
FixedParameters: 0 0 0

#Transform 10
Transform: AffineTransform_float_3_3
Parameters: 1 -0.00043186 -0.000124249 0.000431824 1 -0.000143054 0.000124373 0.000142946 1 0.00914392 -0.0247953 -0.0423017
FixedParameters: 0 0 0

#Transform 11
Transform: AffineTransform_float_3_3
Parameters: 1 -0.000573027 0.000173024 0.000572914 1 0.000325099 -0.000173396 -0.000324901 1 0.00368194 -0.123819 -0.0373991
FixedParameters: 0 0 0

#Transform 12
Transform: AffineTransform_float_3_3
Parameters: 1 -0.000516075 0.000189368 0.000516087 1 -3.09023e-05 -0.000189336 3.10977e-05 1 0.00677602 -0.0817893 -0.0997843
FixedParameters: 0 0 0

#Transform 13
Transform: AffineTransform_float_3_3
Parameters: 1 -0.000410938 0.0002891 0.000410855 1 0.000143119 -0.000289217 -0.000142881 1 0.0038248 -0.0404766 0.000654383
FixedParameters: 0 0 0

#Transform 14
Transform: AffineTransform_float_3_3
Parameters: 1 -0.000327201 -1.54719e-05 0.000327202 1 1.89949e-05 1.54595e-05 -1.90051e-05 1 0.00911925 -0.0324002 -0.0521825
FixedParameters: 0 0 0

#Transform 15
Transform: AffineTransform_float_3_3
Parameters: 1 -0.000248056 0.000204686 0.000248854 1 0.000489051 -0.000204979 -0.000488949 1 0.0150859 -0.101416 0.00667529
FixedParameters: 0 0 0

#Transform 16
Transform: AffineTransform_float_3_3
Parameters: 1 -0.000420751 9.52318e-05 0.000420672 1 0.00041704 -9.55826e-05 -0.00041696 1 0.00858914 -0.00710408 0.00808573
FixedParameters: 0 0 0

#Transform 17
Transform: AffineTransform_float_3_3
Parameters: 1 -0.000228545 3.45843e-05 0.000228538 1 9.90079e-05 -3.46295e-05 -9.89921e-05 1 0.00917664 -0.0943909 -0.0240276
FixedParameters: 0 0 0

#Transform 18
Transform: AffineTransform_float_3_3
Parameters: 1 -0.000419922 0.000112121 0.000419781 0.999999 0.000629047 -0.000112649 -0.000628952 1 -0.00665522 -0.0340592 0.0630611
FixedParameters: 0 0 0

#Transform 19
Transform: AffineTransform_float_3_3
Parameters: 1 -0.000427133 -3.14903e-05 0.000427141 1 0.000140987 3.13699e-05 -0.000141013 1 0.000218821 -0.0929892 -0.0616732
FixedParameters: 0 0 0

#Transform 20
Transform: AffineTransform_float_3_3
Parameters: 1 -0.000202134 -0.000235089 0.00020217 1 7.49525e-05 0.000235058 -7.50475e-05 1 -0.00466641 0.0206881 0.0218691
FixedParameters: 0 0 0

#Transform 21
Transform: AffineTransform_float_3_3
Parameters: 1 -0.000203467 -0.000380207 0.000203524 1 7.49226e-05 0.000380176 -7.50774e-05 1 0.00726773 -0.0829241 -0.0171749
FixedParameters: 0 0 0

#Transform 22
Transform: AffineTransform_float_3_3
Parameters: 1 -0.000242874 -0.000110951 0.000242965 1 0.000408973 0.000110753 -0.000409027 1 -0.00102583 -0.0350172 0.0561269
FixedParameters: 0 0 0

#Transform 23
Transform: AffineTransform_float_3_3
Parameters: 1 0.000226649 -9.16026e-05 -0.000226664 1 -7.99792e-05 9.15664e-05 8.00208e-05 1 0.00429722 -0.044294 -0.0420581
FixedParameters: 0 0 0

#Transform 24
Transform: AffineTransform_float_3_3
Parameters: 1 0.000176148 0.000117251 -0.000175167 1 7.49795e-05 -0.000117275 -7.50207e-05 1 0.00422018 -0.0657339 -0.000151323
FixedParameters: 0 0 0

#Transform 25
Transform: AffineTransform_float_3_3
Parameters: 1 -0.000602856 0.000156655 0.000602883 1 7.50944e-05 -0.000155747 -7.49061e-05 1 0.00687296 -0.064637 -0.0488207
FixedParameters: 0 0 0

#Transform 26
Transform: AffineTransform_float_3_3
Parameters: 1 -0.000423447 4.14446e-05 0.000423441 1 7.50175e-05 -4.15081e-05 -7.49824e-05 1 0.00393636 -0.0947545 -0.0528361
FixedParameters: 0 0 0

#Transform 27
Transform: AffineTransform_float_3_3
Parameters: 1 -0.000418083 0.000147336 0.000418079 1 1.10616e-05 -0.000147345 -1.09384e-05 1 -0.00600204 -0.0700706 -0.0704582
FixedParameters: 0 0 0

#Transform 28
Transform: AffineTransform_float_3_3
Parameters: 1 -0.00023173 -0.000396593 0.000230963 0.999999 -0.000903091 0.000396012 0.000902907 0.999999 -0.00389457 -0.00662698 -0.0831016
FixedParameters: 0 0 0

#Transform 29
Transform: AffineTransform_float_3_3
Parameters: 1 0.000118008 -0.000161168 -0.000117985 1 7.0019e-05 0.000161184 -6.9981e-05 1 0.0114761 -0.0100342 0.17504
FixedParameters: 0 0 0

#Transform 30
Transform: AffineTransform_float_3_3
Parameters: 1 0.000510124 -0.000322592 -0.000510578 0.999999 -0.000704832 0.000321873 0.000704166 0.999999 0.0173921 -0.120845 0.00492804
FixedParameters: 0 0 0

#Transform 31
Transform: AffineTransform_float_3_3
Parameters: 1 0.000588022 4.82316e-06 -0.000588015 0.999999 -0.000738002 -5.69107e-06 0.000737996 0.999999 0.0119317 0.0348848 0.0857238
FixedParameters: 0 0 0

#Transform 32
Transform: AffineTransform_float_3_3
Parameters: 1 0.000477565 7.65572e-05 -0.000477442 0.999999 -0.000802036 -7.73231e-05 0.000801963 0.999999 0.00840428 -0.145159 -0.0200481
FixedParameters: 0 0 0

#Transform 33
Transform: AffineTransform_float_3_3
Parameters: 1 0.000701397 8.56807e-05 -0.000701113 0.999999 -0.00135506 -8.65824e-05 0.00135494 0.999999 0.00270046 0.0200393 0.0597205
FixedParameters: 0 0 0

#Transform 34
Transform: AffineTransform_float_3_3
Parameters: 1 0.000554896 0.000256897 -0.000554556 0.999999 -0.000661142 -0.000257631 0.000660857 0.999999 0.0077955 -0.146861 0.0164195
FixedParameters: 0 0 0

#Transform 35
Transform: AffineTransform_float_3_3
Parameters: 0.999999 0.000944015 -0.000139412 -0.000944394 0.999999 -0.00155092 0.000137482 0.00155108 0.999999 0.022972 0.00745374 0.0371801
FixedParameters: 0 0 0

#Transform 36
Transform: AffineTransform_float_3_3
Parameters: 0.999999 0.000905035 0.000229676 -0.000904557 0.999999 -0.000930209 -0.00023036 0.000929793 1 0.0289158 -0.136733 0.0124382
FixedParameters: 0 0 0

#Transform 37
Transform: AffineTransform_float_3_3
Parameters: 1 0.001005 -6.45027e-05 -0.0010051 0.999999 -0.00156299 6.33583e-05 0.00156301 0.999999 0.0219969 0.0286172 0.0252923
FixedParameters: 0 0 0

#Transform 38
Transform: AffineTransform_float_3_3
Parameters: 1 0.000557952 0.000315763 -0.00055742 0.999999 -0.000763176 -0.000315615 0.000762823 0.999999 0.0100404 -0.132839 -0.00456941
FixedParameters: 0 0 0

#Transform 39
Transform: AffineTransform_float_3_3
Parameters: 0.999999 0.000871438 4.40564e-05 -0.000871294 0.999999 -0.00105004 -4.48875e-05 0.00104996 1 0.0136569 0.0119291 0.000387703
FixedParameters: 0 0 0

#Transform 40
Transform: AffineTransform_float_3_3
Parameters: 0.999999 0.000827924 -6.16641e-05 -0.000828027 1 -0.000841 6.02714e-05 0.000841 0.999999 0.0134941 -0.127919 -0.0574892
FixedParameters: 0 0 0

#Transform 41
Transform: AffineTransform_float_3_3
Parameters: 0.999999 0.000724974 0.000368053 -0.000725149 0.999999 -0.00104927 -0.000368525 0.00104873 1 -0.0112216 -0.014095 0.0249697
FixedParameters: 0 0 0

#Transform 42
Transform: AffineTransform_float_3_3
Parameters: 0.999999 0.00105835 3.71424e-05 -0.0010582 0.999998 -0.00128904 -3.88719e-05 0.00128896 0.999999 0.0158232 -0.113541 -0.0491237
FixedParameters: 0 0 0

#Transform 43
Transform: AffineTransform_float_3_3
Parameters: 1 0.000545058 6.36868e-05 -0.000544814 0.999998 -0.00151303 -6.4337e-05 0.00151296 0.999999 0.0322204 -0.0433681 -0.105453
FixedParameters: 0 0 0

#Transform 44
Transform: AffineTransform_float_3_3
Parameters: 1 0.000539351 -4.58871e-05 -0.000539442 1 -0.00100003 4.48083e-05 0.000999974 0.999999 0.0275718 -0.0428983 -0.00782745
FixedParameters: 0 0 0

#Transform 45
Transform: AffineTransform_float_3_3
Parameters: 1 0.000141312 -0.000321856 -0.000142462 0.999999 -0.00186396 0.000322325 0.00186405 0.999998 0.00791694 -0.0614208 -0.0288864
FixedParameters: 0 0 0

#Transform 46
Transform: AffineTransform_float_3_3
Parameters: 1 0.000545072 6.35706e-05 -0.000544801 0.999999 -0.00172609 -6.4453e-05 0.00172591 0.999998 0.0249295 -0.146824 -0.0197633
FixedParameters: 0 0 0

#Transform 47
Transform: AffineTransform_float_3_3
Parameters: 1 0.000536824 -9.34118e-05 -0.000537162 0.999997 -0.00209395 9.21621e-05 0.00209305 0.999998 0.00905419 -0.0989882 -0.110499
FixedParameters: 0 0 0

#Transform 48
Transform: AffineTransform_float_3_3
Parameters: 1 0.000442261 6.86537e-05 -0.000442874 0.999997 -0.00241703 -6.97438e-05 0.00241697 0.999997 0.0282095 -0.0887309 -0.0740597
FixedParameters: 0 0 0

#Transform 49
Transform: AffineTransform_float_3_3
Parameters: 1 0.000131932 0.000333452 -0.000131129 0.999996 -0.00262699 -0.000333093 0.00262701 0.999997 0.0325635 -0.172348 -0.120765
FixedParameters: 0 0 0

#Transform 50
Transform: AffineTransform_float_3_3
Parameters: 0.999999 0.000352873 0.000641004 -0.000350941 0.999996 -0.00302323 -0.000642031 0.00302278 0.999995 0.0253192 -0.138188 -0.0913683
FixedParameters: 0 0 0

#Transform 51
Transform: AffineTransform_float_3_3
Parameters: 1 0.000558733 0.000323113 -0.000557448 0.999998 -0.00190718 -0.000324243 0.00190682 0.999998 0.0287656 -0.16335 -0.136727
FixedParameters: 0 0 0

#Transform 52
Transform: AffineTransform_float_3_3
Parameters: 1 0.000496117 0.000359777 -0.000494668 0.999995 -0.00332218 -0.000362019 0.00332182 0.999995 0.0199605 -0.138373 -0.233223
FixedParameters: 0 0 0

#Transform 53
Transform: AffineTransform_float_3_3
Parameters: 0.999999 0.000789785 4.99957e-05 -0.000789409 0.999996 -0.00268504 -5.22384e-05 0.00268496 0.999997 0.017488 -0.0848328 -0.0961069
FixedParameters: 0 0 0

#Transform 54
Transform: AffineTransform_float_3_3
Parameters: 0.999999 0.00117153 0.000639851 -0.00117034 0.999996 -0.00237275 -0.00064231 0.00237225 0.999997 0.00263951 -0.0452926 0.128694
FixedParameters: 0 0 0

#Transform 55
Transform: AffineTransform_float_3_3
Parameters: 0.999999 0.000710504 0.00113531 -0.000708267 0.999998 -0.00184181 -0.00113682 0.00184119 0.999997 0.0108758 -0.155612 0.295986
FixedParameters: 0 0 0

#Transform 56
Transform: AffineTransform_float_3_3
Parameters: 1 0.000872711 0.00079872 -0.000870415 0.999997 -0.0025907 -0.000800138 0.0025903 0.999997 0.0165008 -0.107671 -0.0093776
FixedParameters: 0 0 0

#Transform 57
Transform: AffineTransform_float_3_3
Parameters: 0.999999 0.00104814 0.000789782 -0.00104653 0.999997 -0.00218883 -0.000791269 0.00218817 0.999998 0.015417 -0.113906 0.0564261
FixedParameters: 0 0 0

#Transform 58
Transform: AffineTransform_float_3_3
Parameters: 0.999999 0.00120783 0.0005386 -0.00120597 0.999993 -0.00338065 -0.000542664 0.00338034 0.999994 0.000693386 -0.0940331 0.0326141
FixedParameters: 0 0 0

#Transform 59
Transform: AffineTransform_float_3_3
Parameters: 0.999999 0.00149114 0.000257643 -0.00149003 0.999992 -0.00355544 -0.000263197 0.00355456 0.999993 0.0176856 -0.192146 -0.0307411
FixedParameters: 0 0 0

#Transform 60
Transform: AffineTransform_float_3_3
Parameters: 0.999999 0.00136005 0.000447467 -0.00135795 0.999994 -0.00321966 -0.000452172 0.00321933 0.999994 0.0050406 -0.0792921 0.0476446
FixedParameters: 0 0 0

#Transform 61
Transform: AffineTransform_float_3_3
Parameters: 0.999999 0.00136889 0.00029082 -0.00136833 0.999992 -0.00391846 -0.000296451 0.00391855 0.999993 0.0144443 -0.178063 -0.102137
FixedParameters: 0 0 0

#Transform 62
Transform: AffineTransform_float_3_3
Parameters: 0.999998 0.00141202 0.000944155 -0.00140835 0.999994 -0.00339239 -0.000948575 0.00339061 0.999994 -0.000222678 -0.14643 -0.0237725
FixedParameters: 0 0 0

#Transform 63
Transform: AffineTransform_float_3_3
Parameters: 0.999999 0.00150499 0.000432009 -0.00150287 0.999989 -0.0043257 -0.000437926 0.00432429 0.99999 0.00451173 -0.123555 -0.10343
FixedParameters: 0 0 0

#Transform 64
Transform: AffineTransform_float_3_3
Parameters: 0.999999 0.00138772 0.000439848 -0.00138654 0.999993 -0.00330662 -0.000443927 0.00330638 0.999995 0.00908499 -0.169734 0.000893442
FixedParameters: 0 0 0

#Transform 65
Transform: AffineTransform_float_3_3
Parameters: 0.999999 0.00115161 0.000451251 -0.00114927 0.99999 -0.00449658 -0.000456502 0.00449642 0.99999 -0.00531175 -0.156772 -0.115943
FixedParameters: 0 0 0

#Transform 66
Transform: AffineTransform_float_3_3
Parameters: 0.999999 0.00115121 0.000452268 -0.00114972 0.999993 -0.00361352 -0.000456486 0.00361248 0.999994 -0.00792781 -0.177128 -0.0385011
FixedParameters: 0 0 0

#Transform 67
Transform: AffineTransform_float_3_3
Parameters: 0.999999 0.00142895 0.000436685 -0.00142716 0.999991 -0.00397368 -0.000441941 0.00397332 0.999992 0.000255753 -0.195873 -0.100154
FixedParameters: 0 0 0

#Transform 68
Transform: AffineTransform_float_3_3
Parameters: 1 0.00108986 0.000513938 -0.0010882 0.99999 -0.00431661 -0.000519193 0.00431638 0.99999 -0.00902003 -0.190272 -0.121133
FixedParameters: 0 0 0

#Transform 69
Transform: AffineTransform_float_3_3
Parameters: 0.999999 0.00139213 3.59893e-05 -0.0013914 0.999987 -0.0047721 -4.22814e-05 0.00477189 0.999988 0.0082496 -0.156506 -0.149275
FixedParameters: 0 0 0

#Transform 70
Transform: AffineTransform_float_3_3
Parameters: 1 0.00102659 -3.53653e-05 -0.00102666 0.999994 -0.00329301 3.16002e-05 0.00329298 0.999994 0.00391453 -0.168627 -0.0609101
FixedParameters: 0 0 0

#Transform 71
Transform: AffineTransform_float_3_3
Parameters: 0.999999 0.00128858 -0.00018766 -0.00128905 0.999987 -0.00480176 0.000181224 0.00480224 0.999989 0.0066006 -0.120017 -0.16631
FixedParameters: 0 0 0

#Transform 72
Transform: AffineTransform_float_3_3
Parameters: 1 0.00101935 -0.000113972 -0.00101991 0.999995 -0.00317794 0.000110487 0.00317806 0.999995 0.00463591 -0.120993 0.00582591
FixedParameters: 0 0 0

#Transform 73
Transform: AffineTransform_float_3_3
Parameters: 0.999999 0.00125283 -0.000236636 -0.00125473 0.999988 -0.00470776 0.000230823 0.00470824 0.999989 0.00536441 -0.212678 -0.147197
FixedParameters: 0 0 0

#Transform 74
Transform: AffineTransform_float_3_3
Parameters: 0.999999 0.00127107 9.47632e-05 -0.00127104 0.999991 -0.00399518 -9.98748e-05 0.00399483 0.999992 0.00196149 -0.142029 -0.0545741
FixedParameters: 0 0 0

#Transform 75
Transform: AffineTransform_float_3_3
Parameters: 0.999999 0.00126273 -5.78208e-05 -0.00126399 0.999989 -0.00463698 5.11485e-05 0.00463702 0.999989 0.00156656 -0.209852 -0.146015
FixedParameters: 0 0 0

#Transform 76
Transform: AffineTransform_float_3_3
Parameters: 0.999999 0.0012707 8.92779e-05 -0.00127079 0.999992 -0.00359717 -9.33767e-05 0.00359783 0.999993 -0.000939143 -0.132466 -0.0361052
FixedParameters: 0 0 0

#Transform 77
Transform: AffineTransform_float_3_3
Parameters: 0.999999 0.00124578 -0.000366802 -0.00124754 0.999991 -0.0041986 0.000362274 0.00419941 0.999991 0.00516212 -0.172481 -0.146418
FixedParameters: 0 0 0

#Transform 78
Transform: AffineTransform_float_3_3
Parameters: 0.999999 0.00125521 -0.000196305 -0.00125635 0.999992 -0.0035998 0.000192257 0.00360019 0.999993 0.00617794 -0.166936 -0.0897518
FixedParameters: 0 0 0

#Transform 79
Transform: AffineTransform_float_3_3
Parameters: 1 0.00113802 -0.000375379 -0.00114015 0.999989 -0.00460258 0.000370834 0.00460343 0.99999 0.00378282 -0.148238 -0.154838
FixedParameters: 0 0 0

#Transform 80
Transform: AffineTransform_float_3_3
Parameters: 0.999999 0.00127708 0.000209874 -0.00127661 0.999994 -0.00299227 -0.00021347 0.00299173 0.999996 0.00849972 -0.175419 -0.0308627
FixedParameters: 0 0 0

#Transform 81
Transform: AffineTransform_float_3_3
Parameters: 0.999999 0.001285 0.000348121 -0.00128375 0.999991 -0.00420051 -0.000352818 0.0042005 0.999991 0.00618173 -0.151101 -0.113663
FixedParameters: 0 0 0

#Transform 82
Transform: AffineTransform_float_3_3
Parameters: 0.999999 0.00130209 0.000677319 -0.00130095 0.999995 -0.00290289 -0.000680728 0.00290212 0.999996 0.00174031 -0.151042 -0.0124994
FixedParameters: 0 0 0

#Transform 83
Transform: AffineTransform_float_3_3
Parameters: 0.999999 0.00149869 0.000319631 -0.00149679 0.999991 -0.00402453 -0.000325643 0.00402446 0.999992 0.00131027 -0.114801 -0.0905034
FixedParameters: 0 0 0

#Transform 84
Transform: AffineTransform_float_3_3
Parameters: 0.999999 0.00129685 0.000579464 -0.00129528 0.999995 -0.00289881 -0.000582881 0.00289819 0.999995 -0.00485082 -0.189004 -0.0321897
FixedParameters: 0 0 0

#Transform 85
Transform: AffineTransform_float_3_3
Parameters: 0.999999 0.00129722 0.000580865 -0.00129605 0.999993 -0.00335876 -0.000584429 0.00335824 0.999994 0.00395825 -0.0927699 -0.0626051
FixedParameters: 0 0 0

#Transform 86
Transform: AffineTransform_float_3_3
Parameters: 0.999999 0.00130725 0.000775334 -0.00130576 0.999996 -0.00278407 -0.00077946 0.00278393 0.999996 -0.0156528 -0.191334 -0.0702786
FixedParameters: 0 0 0

#Transform 87
Transform: AffineTransform_float_3_3
Parameters: 0.999999 0.00129322 0.000510413 -0.00129193 0.999994 -0.00301466 -0.00051411 0.00301434 0.999996 -0.0133254 -0.0977682 -0.0781761
FixedParameters: 0 0 0

#Transform 88
Transform: AffineTransform_float_3_3
Parameters: 0.999999 0.00127928 0.000248235 -0.00127935 0.999994 -0.00344837 -0.000252962 0.00344863 0.999994 -0.0076744 -0.142393 -0.121964
FixedParameters: 0 0 0

#Transform 89
Transform: AffineTransform_float_3_3
Parameters: 0.999999 0.00128906 0.000438235 -0.00128875 0.999996 -0.00245862 -0.000441475 0.00245838 0.999997 -0.0127335 -0.13428 0.0104963
FixedParameters: 0 0 0

#Transform 90
Transform: AffineTransform_float_3_3
Parameters: 0.999999 0.00129139 0.000475349 -0.00129022 0.999995 -0.00310367 -0.000479263 0.00310233 0.999995 -0.0107046 -0.186199 -0.110182
FixedParameters: 0 0 0

#Transform 91
Transform: AffineTransform_float_3_3
Parameters: 0.999999 0.00129673 0.000583088 -0.00129575 0.999997 -0.00241481 -0.00058625 0.00241419 0.999997 -0.0138706 -0.0693248 0.00936907
FixedParameters: 0 0 0

#Transform 92
Transform: AffineTransform_float_3_3
Parameters: 0.999999 0.00129886 0.000619677 -0.00129736 0.999995 -0.00269081 -0.000623565 0.00269019 0.999996 -0.00461758 -0.181545 -0.0589344
FixedParameters: 0 0 0

#Transform 93
Transform: AffineTransform_float_3_3
Parameters: 0.999999 0.0010491 0.000633189 -0.00104781 0.999997 -0.00250772 -0.000636348 0.00250728 0.999996 -0.0203397 -0.0622297 -0.0297855
FixedParameters: 0 0 0

#Transform 94
Transform: AffineTransform_float_3_3
Parameters: 0.999999 0.00117767 0.000642549 -0.00117648 0.999996 -0.00235576 -0.000644997 0.00235524 0.999997 -0.0147679 -0.185627 -0.0830568
FixedParameters: 0 0 0

#Transform 95
Transform: AffineTransform_float_3_3
Parameters: 0.999999 0.00128632 0.000389777 -0.00128553 0.999997 -0.00209056 -0.000392107 0.00209044 0.999997 0.000170694 -0.0445185 -0.01829
FixedParameters: 0 0 0

#Transform 96
Transform: AffineTransform_float_3_3
Parameters: 0.999999 0.00129931 0.000636474 -0.00129853 0.999997 -0.00205988 -0.000638727 0.00205912 0.999997 -0.0145018 -0.194239 -0.0276597
FixedParameters: 0 0 0

#Transform 97
Transform: AffineTransform_float_3_3
Parameters: 0.999999 0.0012914 0.000482169 -0.00129086 0.999996 -0.00246168 -0.000485428 0.00246132 0.999997 -0.0131083 -0.0885129 -0.0295676
FixedParameters: 0 0 0

#Transform 98
Transform: AffineTransform_float_3_3
Parameters: 0.999999 0.00129939 0.000636323 -0.00129846 0.999997 -0.00217683 -0.000638878 0.00217517 0.999998 -0.0145273 -0.182228 -0.0872952
FixedParameters: 0 0 0

#Transform 99
Transform: AffineTransform_float_3_3
Parameters: 0.999999 0.00128999 0.000457446 -0.00128974 0.999996 -0.00227459 -0.000460216 0.00227441 0.999998 -0.0128416 -0.0675704 -0.0122281
FixedParameters: 0 0 0

#Transform 100
Transform: AffineTransform_float_3_3
Parameters: 0.999999 0.00128164 0.000295948 -0.0012818 0.999995 -0.00283844 -0.000300127 0.00283856 0.999996 -0.0116799 -0.161035 -0.108431
FixedParameters: 0 0 0

#Transform 101
Transform: AffineTransform_float_3_3
Parameters: 0.999999 0.0012904 0.000462021 -0.00128979 0.999996 -0.0025986 -0.000464628 0.0025974 0.999997 -0.012931 -0.126173 0.00930946
FixedParameters: 0 0 0

#Transform 102
Transform: AffineTransform_float_3_3
Parameters: 0.999999 0.00133709 0.000281422 -0.00133604 0.999994 -0.00324943 -0.000286063 0.00324957 0.999994 -0.010226 -0.120527 -0.0618621
FixedParameters: 0 0 0

#Transform 103
Transform: AffineTransform_float_3_3
Parameters: 0.999999 0.00128681 0.000394041 -0.0012865 0.999995 -0.00265751 -0.000396782 0.00265649 0.999997 -0.0124663 -0.184681 -0.0229982
FixedParameters: 0 0 0

#Transform 104
Transform: AffineTransform_float_3_3
Parameters: 0.999999 0.00129219 0.000494886 -0.00129134 0.999995 -0.00266664 -0.000497679 0.00266636 0.999997 -0.0131662 -0.0878122 -0.0251936
FixedParameters: 0 0 0

#Transform 105
Transform: AffineTransform_float_3_3
Parameters: 0.999999 0.00127938 0.000252831 -0.00127871 0.999994 -0.00297737 -0.0002574 0.00297662 0.999995 -0.0113665 -0.144715 -0.107277
FixedParameters: 0 0 0

#Transform 106
Transform: AffineTransform_float_3_3
Parameters: 0.999999 0.00126815 4.50539e-05 -0.00126879 0.999996 -0.00225006 -4.77152e-05 0.00224994 0.999998 -0.00750683 -0.167733 -0.0601312
FixedParameters: 0 0 0

#Transform 107
Transform: AffineTransform_float_3_3
Parameters: 0.999999 0.00129143 0.000477509 -0.00129037 0.999994 -0.00297762 -0.000481099 0.00297638 0.999996 -0.013103 -0.0975907 -0.0391871
FixedParameters: 0 0 0

#Transform 108
Transform: AffineTransform_float_3_3
Parameters: 0.999999 0.00128926 0.000435344 -0.0012883 0.999994 -0.00315162 -0.000439371 0.00315138 0.999995 -0.0129162 -0.177365 -0.0870558
FixedParameters: 0 0 0

#Transform 109
Transform: AffineTransform_float_3_3
Parameters: 0.999999 0.00130339 0.000705653 -0.00130249 0.999996 -0.00261592 -0.000708322 0.00261508 0.999997 -0.0149672 -0.0894541 0.0450458
FixedParameters: 0 0 0

#Transform 110
Transform: AffineTransform_float_3_3
Parameters: 0.999999 0.00128147 0.000288044 -0.00128116 0.999993 -0.00355142 -0.000292049 0.00355058 0.999993 -0.011726 -0.161096 -0.0858161
FixedParameters: 0 0 0

#Transform 111
Transform: AffineTransform_float_3_3
Parameters: 0.999999 0.00128127 0.000288937 -0.00128141 0.999995 -0.00285443 -0.000292157 0.00285458 0.999996 -0.0115839 -0.0748578 0.0533871
FixedParameters: 0 0 0

#Transform 112
Transform: AffineTransform_float_3_3
Parameters: 0.999999 0.00128135 0.000288603 -0.00128133 0.999995 -0.00311542 -0.00029249 0.00311458 0.999995 -0.0117288 -0.16785 -0.0450906
FixedParameters: 0 0 0

#Transform 113
Transform: AffineTransform_float_3_3
Parameters: 0.999998 0.00199503 0.000712556 -0.00199338 0.999996 -0.00175048 -0.000716489 0.00174952 0.999998 0.00412004 -0.117639 0.00540748
FixedParameters: 0 0 0

#Transform 114
Transform: AffineTransform_float_3_3
Parameters: 0.999997 0.00236748 -0.000147544 -0.00236811 0.99999 -0.00361576 0.00013841 0.00361624 0.999994 -0.00438867 -0.0841277 -0.141036
FixedParameters: 0 0 0

#Transform 115
Transform: AffineTransform_float_3_3
Parameters: 0.999998 0.00201025 0.000133884 -0.00200981 0.999991 -0.00379038 -0.000141082 0.00379062 0.999993 -0.00990929 -0.0632348 0.158904
FixedParameters: 0 0 0

#Transform 116
Transform: AffineTransform_float_3_3
Parameters: 0.999997 0.00239873 0.000420943 -0.00239754 0.999988 -0.00431417 -0.000431493 0.00431282 0.99999 0.00185651 -0.214926 0.023257
FixedParameters: 0 0 0

#Transform 117
Transform: AffineTransform_float_3_3
Parameters: 0.999997 0.00214945 0.000274707 -0.00214835 0.999987 -0.00464271 -0.000284572 0.0046423 0.999989 0.00742075 -0.0241224 0.0569453
FixedParameters: 0 0 0

#Transform 118
Transform: AffineTransform_float_3_3
Parameters: 0.999998 0.00199319 0.00049204 -0.00199199 0.999994 -0.00292609 -0.000497605 0.00292491 0.999995 0.00122692 -0.211879 0.0249641
FixedParameters: 0 0 0

#Transform 119
Transform: AffineTransform_float_3_3
Parameters: 0.999998 0.00188388 0.000505462 -0.00188154 0.999987 -0.00478601 -0.000514341 0.00478499 0.999989 -0.00130415 -0.0710211 -0.0534533
FixedParameters: 0 0 0

#Transform 120
Transform: AffineTransform_float_3_3
Parameters: 0.999998 0.0019889 0.000623286 -0.00198751 0.999995 -0.00250235 -0.00062814 0.00250165 0.999996 0.0158361 -0.155184 0.0861456
FixedParameters: 0 0 0

#Transform 121
Transform: AffineTransform_float_3_3
Parameters: 0.999997 0.0024011 0.000472752 -0.00240033 0.999991 -0.0035293 -0.000481555 0.0035287 0.999993 0.014982 -0.101054 -0.107218
FixedParameters: 0 0 0

#Transform 122
Transform: AffineTransform_float_3_3
Parameters: 0.999998 0.00197159 0.000581307 -0.00197051 0.999995 -0.00241925 -0.000585746 0.00241775 0.999997 0.00023129 -0.0930136 0.0618784
FixedParameters: 0 0 0

#Transform 123
Transform: AffineTransform_float_3_3
Parameters: 0.999998 0.00225626 0.000455385 -0.00225407 0.99999 -0.00405919 -0.000464603 0.00405881 0.999991 0.00800168 -0.140965 -0.136338
FixedParameters: 0 0 0

#Transform 124
Transform: AffineTransform_float_3_3
Parameters: 0.999998 0.00200214 0.000589468 -0.00200088 0.999995 -0.00253629 -0.000594523 0.00253471 0.999996 0.00977719 -0.150977 -0.0570473
FixedParameters: 0 0 0

#Transform 125
Transform: AffineTransform_float_3_3
Parameters: 0.999998 0.00196754 -6.19463e-05 -0.00196862 0.999991 -0.00372099 5.43414e-05 0.00372101 0.999993 0.00618391 -0.0693201 -0.109234
FixedParameters: 0 0 0

#Transform 126
Transform: AffineTransform_float_3_3
Parameters: 0.999997 0.00217782 0.000274918 -0.00217686 0.999993 -0.00289371 -0.000280477 0.00289329 0.999996 0.00772367 -0.17551 -0.00528845
FixedParameters: 0 0 0

#Transform 127
Transform: AffineTransform_float_3_3
Parameters: 0.999998 0.00199066 0.000367407 -0.00198996 0.999993 -0.00322584 -0.000374153 0.00322516 0.999994 0.00261594 -0.0722823 -0.0463453
FixedParameters: 0 0 0

#Transform 128
Transform: AffineTransform_float_3_3
Parameters: 0.999998 0.00199061 0.000367644 -0.00199 0.999993 -0.00310684 -0.000373916 0.00310616 0.999995 0.00247205 -0.148223 -0.0164191
FixedParameters: 0 0 0

#Transform 129
Transform: AffineTransform_float_3_3
Parameters: 0.999998 0.00184696 0.000374693 -0.00184603 0.999993 -0.0034768 -0.000381438 0.0034762 0.999994 -0.0010209 -0.117505 -0.0562062
FixedParameters: 0 0 0

#Transform 130
Transform: AffineTransform_float_3_3
Parameters: 0.999998 0.0019474 -0.000425614 -0.00195003 0.999987 -0.00485128 0.000415644 0.00485172 0.999988 0.0205254 -0.114226 -0.144403
FixedParameters: 0 0 0

#Transform 131
Transform: AffineTransform_float_3_3
Parameters: 0.999999 0.0013414 -0.000582565 -0.00134334 0.999993 -0.00361527 0.000577751 0.00361573 0.999994 0.010607 -0.120274 -0.0486701
FixedParameters: 0 0 0

#Transform 132
Transform: AffineTransform_float_3_3
Parameters: 0.999999 0.00152571 -0.00102761 -0.00153058 0.999988 -0.00450243 0.00102064 0.00450457 0.99999 0.00467354 -0.103266 -0.0664748
FixedParameters: 0 0 0

#Transform 133
Transform: AffineTransform_float_3_3
Parameters: 0.999999 0.00134692 -0.000484123 -0.00134873 0.999994 -0.0031804 0.000480493 0.0031806 0.999995 -0.0206262 -0.116538 0.106246
FixedParameters: 0 0 0

#Transform 134
Transform: AffineTransform_float_3_3
Parameters: 0.999999 0.001358 -0.000277646 -0.00135959 0.999994 -0.00334468 0.000273549 0.00334533 0.999995 -0.0364399 -0.152804 0.059042
FixedParameters: 0 0 0

#Transform 135
Transform: AffineTransform_float_3_3
Parameters: 0.999998 0.0018971 -0.000307523 -0.00189802 0.999991 -0.00374152 0.000300264 0.00374148 0.999993 -0.0260239 -0.117637 0.0449864
FixedParameters: 0 0 0

#Transform 136
Transform: AffineTransform_float_3_3
Parameters: 0.999999 0.00135797 -0.000277814 -0.00135963 0.999993 -0.00346868 0.00027338 0.00346932 0.999994 -0.0441311 -0.122419 -0.0123598
FixedParameters: 0 0 0

#Transform 137
Transform: AffineTransform_float_3_3
Parameters: 0.999998 0.00176393 -0.000833072 -0.00176767 0.999989 -0.00429859 0.000825726 0.00430042 0.999991 -0.0194206 -0.0610724 -0.0463713
FixedParameters: 0 0 0

#Transform 138
Transform: AffineTransform_float_3_3
Parameters: 0.999998 0.00200262 -0.000452131 -0.00200408 0.999993 -0.0030802 0.00044573 0.0030808 0.999995 -0.0272103 -0.120676 0.102692
FixedParameters: 0 0 0

#Transform 139
Transform: AffineTransform_float_3_3
Parameters: 0.999998 0.00198993 -0.000314037 -0.00199074 0.999992 -0.00347248 0.000307152 0.00347352 0.999994 -0.0265308 -0.121207 0.0484947
FixedParameters: 0 0 0

#Transform 140
Transform: AffineTransform_float_3_3
Parameters: 0.999997 0.00211067 -0.000321167 -0.00211164 0.99999 -0.00375143 0.000313264 0.00375257 0.999993 -0.0258021 -0.119539 0.0313976
FixedParameters: 0 0 0

#Transform 141
Transform: AffineTransform_float_3_3
Parameters: 0.999997 0.00216133 -0.000325655 -0.00216274 0.999988 -0.00454546 0.000315936 0.00454554 0.999989 -0.0245475 -0.13963 -0.0455986
FixedParameters: 0 0 0

#Transform 142
Transform: AffineTransform_float_3_3
Parameters: 0.999999 0.00178463 -0.000406217 -0.00178619 0.999992 -0.00355238 0.000399473 0.00355262 0.999993 -0.0127489 -0.0498545 0.0550909
FixedParameters: 0 0 0

#Transform 143
Transform: AffineTransform_float_3_3
Parameters: 0.999998 0.00228114 -0.00044789 -0.00228183 0.999992 -0.00343514 0.000439104 0.00343586 0.999994 -0.0027561 -0.197734 0.0484573
FixedParameters: 0 0 0

#Transform 144
Transform: AffineTransform_float_3_3
Parameters: 0.999998 0.00216289 -0.000824339 -0.00216673 0.999988 -0.00447238 0.000814806 0.00447463 0.999989 -0.0064392 -0.0675954 0.056034
FixedParameters: 0 0 0

#Transform 145
Transform: AffineTransform_float_3_3
Parameters: 0.999998 0.00168366 -0.000235327 -0.00168423 0.999991 -0.00404071 0.000227659 0.00404129 0.999992 -0.00909185 -0.210211 0.0217653
FixedParameters: 0 0 0

#Transform 146
Transform: AffineTransform_float_3_3
Parameters: 0.999999 0.00183935 0.00012049 -0.00183892 0.999989 -0.00415528 -0.000127733 0.00415472 0.999992 -0.00842074 -0.111015 0.0275652
FixedParameters: 0 0 0

#Transform 147
Transform: AffineTransform_float_3_3
Parameters: 0.999998 0.00208937 -6.87643e-05 -0.00208947 0.999988 -0.00429096 5.98213e-05 0.00429103 0.999991 -0.000786178 -0.193145 0.00896103
FixedParameters: 0 0 0

#Transform 148
Transform: AffineTransform_float_3_3
Parameters: 0.999998 0.00186826 -0.000356164 -0.00186991 0.999989 -0.00434444 0.000347863 0.00434456 0.99999 -0.0032861 -0.0948172 0.0331439
FixedParameters: 0 0 0

#Transform 149
Transform: AffineTransform_float_3_3
Parameters: 0.999997 0.00237777 -3.15892e-05 -0.00237851 0.999991 -0.00347209 2.4112e-05 0.00347291 0.999994 0.0035813 -0.170865 0.0140009
FixedParameters: 0 0 0

#Transform 150
Transform: AffineTransform_float_3_3
Parameters: 0.999998 0.00195639 -8.53111e-06 -0.00195607 0.999993 -0.00334709 2.42709e-06 0.00334691 0.999995 -0.00431323 -0.0532505 0.0299829
FixedParameters: 0 0 0

#Transform 151
Transform: AffineTransform_float_3_3
Parameters: 0.999999 0.00181044 0.000319706 -0.00180976 0.999995 -0.00229363 -0.000323961 0.00229237 0.999998 -0.011229 -0.159407 0.047312
FixedParameters: 0 0 0

#Transform 152
Transform: AffineTransform_float_3_3
Parameters: 0.999997 0.0023581 -0.000392342 -0.00235975 0.999989 -0.00401424 0.000382338 0.00401576 0.999992 0.0089839 -0.0850484 -0.0227675
FixedParameters: 0 0 0

#Transform 153
Transform: AffineTransform_float_3_3
Parameters: 0.999998 0.00207522 -1.32353e-05 -0.00207498 0.999994 -0.00252108 8.76489e-06 0.00252092 0.999997 -0.00727949 -0.140085 0.0155573
FixedParameters: 0 0 0

#Transform 154
Transform: AffineTransform_float_3_3
Parameters: 0.999998 0.00227791 -2.6568e-05 -0.00227862 0.999991 -0.00364105 1.90144e-05 0.00364195 0.999994 0.00356045 -0.108381 0.0152069
FixedParameters: 0 0 0

#Transform 155
Transform: AffineTransform_float_3_3
Parameters: 0.999997 0.00225096 -2.45366e-05 -0.00225069 0.999991 -0.00338905 1.72702e-05 0.00338895 0.999995 -0.00572674 -0.16883 -0.0273871
FixedParameters: 0 0 0

#Transform 156
Transform: AffineTransform_float_3_3
Parameters: 0.999998 0.0022517 0.000215009 -0.00225116 0.999993 -0.00283659 -0.000221738 0.0028364 0.999996 -0.00413553 -0.0702253 0.0685952
FixedParameters: 0 0 0

#Transform 157
Transform: AffineTransform_float_3_3
Parameters: 0.999997 0.00240169 0.000416194 -0.00240092 0.999993 -0.00287416 -0.000422905 0.00287384 0.999995 -0.00451039 -0.153044 0.0182234
FixedParameters: 0 0 0

#Transform 158
Transform: AffineTransform_float_3_3
Parameters: 0.999998 0.00211876 1.46209e-05 -0.00211842 0.999994 -0.00246014 -2.00508e-05 0.00245986 0.999997 -0.0156176 -0.026079 0.0481388
FixedParameters: 0 0 0

#Transform 159
Transform: AffineTransform_float_3_3
Parameters: 0.999997 0.00228804 0.000606599 -0.00228745 0.999995 -0.0019615 -0.000611476 0.0019605 0.999998 -0.00693504 -0.127912 0.0729373
FixedParameters: 0 0 0

#Transform 160
Transform: AffineTransform_float_3_3
Parameters: 0.999997 0.00238711 0.000148811 -0.00238727 0.999996 -0.00193952 -0.000153027 0.00193949 0.999998 -0.0065521 -0.00326372 0.0600496
FixedParameters: 0 0 0

#Transform 161
Transform: AffineTransform_float_3_3
Parameters: 0.999997 0.00239705 0.00034293 -0.00239696 0.999996 -0.00136198 -0.000346412 0.00136202 0.999999 -0.0135409 -0.118315 0.067154
FixedParameters: 0 0 0

#Transform 162
Transform: AffineTransform_float_3_3
Parameters: 0.999997 0.00237774 -3.05428e-05 -0.00237858 0.999994 -0.00261208 2.41622e-05 0.00261191 0.999996 -0.00838289 -0.0465067 0.0223765
FixedParameters: 0 0 0

#Transform 163
Transform: AffineTransform_float_3_3
Parameters: 0.999997 0.00233566 0.000364435 -0.00233454 0.999994 -0.00253501 -0.000371227 0.00253399 0.999996 -0.0219621 -0.119521 0.0225632
FixedParameters: 0 0 0

#Transform 164
Transform: AffineTransform_float_3_3
Parameters: 0.999998 0.0017128 -0.000161724 -0.0017135 0.999994 -0.00282778 0.000156029 0.00282822 0.999996 -0.00695443 -0.128503 -0.0185126
FixedParameters: 0 0 0

#Transform 165
Transform: AffineTransform_float_3_3
Parameters: 0.999998 0.00198342 0.00021605 -0.00198281 0.999993 -0.00298549 -0.000221848 0.00298551 0.999996 -0.00965377 -0.0992004 0.0543659
FixedParameters: 0 0 0

#Transform 166
Transform: AffineTransform_float_3_3
Parameters: 0.999998 0.00198991 0.000338187 -0.00198867 0.999994 -0.00282878 -0.000343397 0.00282822 0.999996 -0.0109394 -0.157453 0.0260936
FixedParameters: 0 0 0

#Transform 167
Transform: AffineTransform_float_3_3
Parameters: 0.999997 0.00215687 0.000327901 -0.00215617 0.999991 -0.00346182 -0.000334739 0.00346118 0.999994 -0.0012205 -0.0825895 -0.0086031
FixedParameters: 0 0 0

#Transform 168
Transform: AffineTransform_float_3_3
Parameters: 0.999997 0.00248553 0.000309052 -0.00248358 0.99999 -0.00389094 -0.000318347 0.00389007 0.999993 0.0163108 -0.0309481 0.107069
FixedParameters: 0 0 0

#Transform 169
Transform: AffineTransform_float_3_3
Parameters: 0.999997 0.00201655 0.000839878 -0.00201387 0.999994 -0.00262675 -0.000845368 0.00262525 0.999996 -0.00836831 -0.163718 0.320214
FixedParameters: 0 0 0

#Transform 170
Transform: AffineTransform_float_3_3
Parameters: 0.999998 0.0019988 0.000497797 -0.00199702 0.999992 -0.00340911 -0.000504325 0.0034079 0.999994 0.00914734 -0.0855849 0.0676917
FixedParameters: 0 0 0

#Transform 171
Transform: AffineTransform_float_3_3
Parameters: 0.999998 0.00199039 0.000336626 -0.00198918 0.999989 -0.00411473 -0.000344909 0.00411427 0.999992 0.0106649 -0.00218468 0.161713
FixedParameters: 0 0 0

#Transform 172
Transform: AffineTransform_float_3_3
Parameters: 0.999999 0.00158873 0.000820983 -0.00158664 0.999996 -0.00239036 -0.000825473 0.00238864 0.999997 -0.00381623 -0.15097 0.298758
FixedParameters: 0 0 0

#Transform 173
Transform: AffineTransform_float_3_3
Parameters: 0.999998 0.00186766 0.000342903 -0.00186623 0.999989 -0.0043567 -0.000351079 0.0043563 0.999991 0.00756909 -0.0516941 0.12603
FixedParameters: 0 0 0

#Transform 174
Transform: AffineTransform_float_3_3
Parameters: 0.999997 0.00212517 0.000670604 -0.00212246 0.999992 -0.00322753 -0.000677217 0.00322546 0.999994 -0.00536792 -0.0696526 0.273178
FixedParameters: 0 0 0

#Transform 175
Transform: AffineTransform_float_3_3
Parameters: 0.999998 0.0022466 0.000352945 -0.00224531 0.999989 -0.0039759 -0.000361713 0.00397509 0.999992 0.00653634 -0.109143 0.0777055
FixedParameters: 0 0 0

#Transform 176
Transform: AffineTransform_float_3_3
Parameters: 0.999997 0.00239453 0.000283792 -0.00239367 0.999993 -0.00270379 -0.000290694 0.00270321 0.999997 0.00305231 -0.0862765 0.260551
FixedParameters: 0 0 0

#Transform 177
Transform: AffineTransform_float_3_3
Parameters: 0.999996 0.00280256 0.000211581 -0.00280152 0.99999 -0.00355181 -0.000221446 0.00355119 0.999993 0.0108432 -0.0582053 0.115404
FixedParameters: 0 0 0

#Transform 178
Transform: AffineTransform_float_3_3
Parameters: 0.999998 0.00225261 0.000254125 -0.00225215 0.999994 -0.00234068 -0.000259622 0.00233932 0.999997 -0.00375911 -0.0770009 0.241092
FixedParameters: 0 0 0

#Transform 179
Transform: AffineTransform_float_3_3
Parameters: 0.999998 0.00233893 1.088e-05 -0.0023385 0.999993 -0.00291219 -1.7512e-05 0.00291281 0.999995 -0.00438339 -0.0581872 0.0732352
FixedParameters: 0 0 0

#Transform 180
Transform: AffineTransform_float_3_3
Parameters: 0.999997 0.0024629 0.000104821 -0.00246224 0.999995 -0.00191842 -0.000109276 0.00191858 0.999998 -0.0139523 -0.0561204 0.216866
FixedParameters: 0 0 0

#Transform 181
Transform: AffineTransform_float_3_3
Parameters: 0.999998 0.00233227 0.000171408 -0.00233229 0.999995 -0.00207556 -0.000176045 0.00207544 0.999998 -0.017624 -0.0339029 0.139528
FixedParameters: 0 0 0

#Transform 182
Transform: AffineTransform_float_3_3
Parameters: 0.999996 0.00262976 0.00015716 -0.00262908 0.999996 -0.00152562 -0.000161187 0.00152538 0.999999 -0.0105876 -0.0932968 0.128791
FixedParameters: 0 0 0

#Transform 183
Transform: AffineTransform_float_3_3
Parameters: 0.999996 0.00262984 0.0001559 -0.00262995 0.999994 -0.00200457 -0.000161399 0.00200443 0.999998 -0.0103438 -0.0242755 0.143045
FixedParameters: 0 0 0

#Transform 184
Transform: AffineTransform_float_3_3
Parameters: 0.999997 0.0023833 0.000167195 -0.00238307 0.999993 -0.00271651 -0.0001741 0.00271649 0.999997 -0.0132639 -0.12005 0.0509317
FixedParameters: 0 0 0

#Transform 185
Transform: AffineTransform_float_3_3
Parameters: 0.999997 0.00240522 0.000166762 -0.0024051 0.999994 -0.00240856 -0.000172303 0.00240744 0.999997 -0.0157386 -0.0289877 0.145413
FixedParameters: 0 0 0

#Transform 186
Transform: AffineTransform_float_3_3
Parameters: 0.999996 0.00278736 -6.73623e-05 -0.00278734 0.999992 -0.00260303 5.98396e-05 0.00260397 0.999996 0.00359143 -0.10877 0.0246982
FixedParameters: 0 0 0

#Transform 187
