#Insight Transform File V1.0
#Transform 0
Transform: AffineTransform_float_3_3
Parameters: 1 0.000372807 4.0446e-05 -0.000371986 1 0.000589985 -4.11225e-05 -0.000590015 1 0.00628253 -0.0383143 0.078908
FixedParameters: 0 0 0

#Transform 1
Transform: AffineTransform_float_3_3
Parameters: 1 0.00026001 -3.22271e-05 -0.000259971 1 0.000602008 3.25401e-05 -0.000601991 1 0.0223722 -0.0328282 0.0310185
FixedParameters: 0 0 0

#Transform 2
Transform: AffineTransform_float_3_3
Parameters: 1 5.16034e-05 -6.40978e-06 -5.15991e-05 1 0.000339 6.44477e-06 -0.000339 1 0.0176543 -0.0409141 0.0389783
FixedParameters: 0 0 0

#Transform 3
Transform: AffineTransform_float_3_3
Parameters: 1 -1.54654e-34 -5.03723e-33 1.74921e-32 1 1.59677e-17 -2.93611e-33 2.52929e-17 1 0.013449 -0.0137398 0.0427954
FixedParameters: 0 0 0

#Transform 4
Transform: AffineTransform_float_3_3
Parameters: 1 2.81416e-05 -0.00020303 -2.80994e-05 1 0.000104006 0.000203036 -0.000103994 1 0.0158525 -0.0802856 0.0663917
FixedParameters: 0 0 0

#Transform 5
Transform: AffineTransform_float_3_3
Parameters: 1 -4.37286e-05 -0.000351289 4.37813e-05 1 7.49846e-05 0.000351282 -7.50154e-05 1 0.0217105 -0.0151433 0.0646278
FixedParameters: 0 0 0

#Transform 6
Transform: AffineTransform_float_3_3
Parameters: 1 -4.22987e-23 -7.3354e-20 2.64985e-23 1 0.000364 7.28e-20 -0.000364 1 -1.42109e-14 -0.0501714 0.048643
FixedParameters: 0 0 0

#Transform 7
Transform: AffineTransform_float_3_3
Parameters: 1 -1.54654e-34 -5.03723e-33 1.74921e-32 1 1.59677e-17 -2.93611e-33 2.52929e-17 1 0.009211 -0.00539466 0.030159
FixedParameters: 0 0 0

#Transform 8
Transform: AffineTransform_float_3_3
Parameters: 1 0.000148959 -0.000229059 -0.000148676 1 0.000619034 0.000229243 -0.000618966 1 0.0176827 -0.0669225 0.0105138
FixedParameters: 0 0 0

#Transform 9
Transform: AffineTransform_float_3_3
Parameters: 1 1.03546e-05 8.33594e-05 -1.04104e-05 1 0.000334999 -8.33524e-05 -0.000335001 1 0.00906099 -0.00519771 0.0292538
FixedParameters: 0 0 0

#Transform 10
Transform: AffineTransform_float_3_3
Parameters: 1 0.000141535 -0.000215111 -0.000141452 1 0.00019503 0.000215166 -0.00019497 1 0.0157953 -0.0393522 0.0101653
FixedParameters: 0 0 0

#Transform 11
Transform: AffineTransform_float_3_3
Parameters: 1 0.000183588 -2.28167e-05 -0.000183575 1 0.000270004 2.29158e-05 -0.000269996 1 0.00390581 -0.0367114 0.0399768
FixedParameters: 0 0 0

#Transform 12
Transform: AffineTransform_float_3_3
Parameters: 1 1.11595e-22 8.26239e-20 3.36208e-23 1 -0.00041 -8.2e-20 0.00041 1 0.005398 0.00179792 0.0519269
FixedParameters: 0 0 0

#Transform 13
Transform: AffineTransform_float_3_3
Parameters: 1 -3.56625e-23 -5.23957e-20 1.35195e-23 1 0.00026 5.2e-20 -0.00026 1 -1.42109e-14 -0.0543568 0.0567423
FixedParameters: 0 0 0

#Transform 14
Transform: AffineTransform_float_3_3
Parameters: 1 1.96186e-05 0.000157785 -1.96867e-05 1 0.000215997 -0.000157777 -0.000216003 1 -0.00239367 -0.0266149 0.020072
FixedParameters: 0 0 0

#Transform 15
Transform: AffineTransform_float_3_3
Parameters: 1 -4.2124e-23 -7.25479e-20 2.59193e-23 1 0.00036 7.2e-20 -0.00036 1 -0.002249 -0.08148 0.0236146
FixedParameters: 0 0 0

#Transform 16
Transform: AffineTransform_float_3_3
Parameters: 1 -1.13064e-23 -1.28974e-20 8.1908e-25 1 6.4e-05 1.28e-20 -6.4e-05 1 -1.42109e-14 -0.0341837 0.020979
FixedParameters: 0 0 0

#Transform 17
Transform: AffineTransform_float_3_3
Parameters: 1 -3.93694e-05 -0.000316561 3.94884e-05 1 0.000187987 0.000316546 -0.000188012 1 0.00484319 -0.0127213 -0.00529096
FixedParameters: 0 0 0

#Transform 18
Transform: AffineTransform_float_3_3
Parameters: 1 -0.000240914 -0.000276408 0.000241092 1 0.000321933 0.000276253 -0.000322067 1 0.000349923 -0.0257623 -0.0449974
FixedParameters: 0 0 0

#Transform 19
Transform: AffineTransform_float_3_3
Parameters: 1 -0.000213203 -0.000207279 0.000213296 1 0.00022594 0.000207183 -0.000225059 1 -0.000379317 -0.0089014 -0.00970255
FixedParameters: 0 0 0

#Transform 20
Transform: AffineTransform_float_3_3
Parameters: 1 -1.21159e-05 -9.72482e-05 1.211e-05 1 -3.00012e-05 9.72489e-05 2.99988e-05 1 0.00147073 0.0024627 0.0106356
FixedParameters: 0 0 0

#Transform 21
Transform: AffineTransform_float_3_3
Parameters: 1 -0.000163741 2.0343e-05 0.000163728 1 0.000313003 -2.04455e-05 -0.000312997 1 0.00697298 -0.066714 0.00160388
FixedParameters: 0 0 0

#Transform 22
Transform: AffineTransform_float_3_3
Parameters: 1 -3.7878e-23 -5.80383e-20 1.65883e-23 1 0.000288 5.76e-20 -0.000288 1 0.010105 -0.0340471 -0.0019677
FixedParameters: 0 0 0

#Transform 23
Transform: AffineTransform_float_3_3
Parameters: 1 -3.80242e-23 -5.84414e-20 1.68195e-23 1 0.00029 5.8e-20 -0.00029 1 0.014688 -0.0394233 0.00461065
FixedParameters: 0 0 0

#Transform 24
Transform: AffineTransform_float_3_3
Parameters: 1 -4.09408e-23 -6.77114e-20 2.25786e-23 1 0.000336 6.72e-20 -0.000336 1 -1.42109e-14 -0.0598747 0.000205842
FixedParameters: 0 0 0

#Transform 25
Transform: AffineTransform_float_3_3
Parameters: 1 -3.11098e-05 -0.000250072 3.11853e-05 1 0.000150992 0.000250063 -0.000151008 1 0.0145903 -0.00448612 0.00408555
FixedParameters: 0 0 0

#Transform 26
Transform: AffineTransform_float_3_3
Parameters: 0.999999 9.15356e-05 0.00074137 -9.21327e-05 1 0.00107193 -0.000741297 -0.00107207 0.999999 -0.0039469 -0.0884127 0.0044771
FixedParameters: 0 0 0

#Transform 27
Transform: AffineTransform_float_3_3
Parameters: 1 -0.000154275 0.000660242 0.0001549 1 -0.000472898 -0.000660096 0.000473102 0.999999 -0.00322485 -0.036551 0.0172982
FixedParameters: 0 0 0

#Transform 28
Transform: AffineTransform_float_3_3
Parameters: 1 -3.82223e-06 -3.07635e-05 3.84106e-06 1 0.000306 3.07611e-05 -0.000306 1 0.00256816 -0.0575133 0.000467414
FixedParameters: 0 0 0

#Transform 29
Transform: AffineTransform_float_3_3
Parameters: 1 -4.42715e-06 -3.57267e-05 4.47216e-06 1 0.00063 3.57211e-05 -0.00063 1 0.00741637 -0.049451 -0.00753486
FixedParameters: 0 0 0

#Transform 30
Transform: AffineTransform_float_3_3
Parameters: 1 0.000454928 0.00032274 -0.000455826 0.999999 0.00120085 -0.000322638 -0.00120115 0.999999 0.00294246 -0.0201127 -0.00847366
FixedParameters: 0 0 0

#Transform 31
Transform: AffineTransform_float_3_3
Parameters: 1 -4.44326e-06 -3.57247e-05 4.45605e-06 1 0.000179 3.57232e-05 -0.000179 1 0.00623963 -0.0545798 0.0138145
FixedParameters: 0 0 0

#Transform 32
Transform: AffineTransform_float_3_3
Parameters: 1 -3.60038e-05 -0.000289772 3.61794e-05 1 0.000302989 0.00028975 -0.00030301 1 0.00443163 -0.0119061 0.0186398
FixedParameters: 0 0 0

#Transform 33
Transform: AffineTransform_float_3_3
Parameters: 1 -4.42829e-06 -3.57266e-05 4.47101e-06 1 0.000598 3.57213e-05 -0.000598 1 0.000597327 -0.0579741 -0.00523111
FixedParameters: 0 0 0

#Transform 34
Transform: AffineTransform_float_3_3
Parameters: 1 -4.41857e-06 -3.57278e-05 4.48073e-06 0.999999 0.000869999 3.57201e-05 -0.00087 0.999999 0.000597534 -0.0731515 -0.00914498
FixedParameters: 0 0 0

#Transform 35
Transform: AffineTransform_float_3_3
Parameters: 1 0.000207683 0.000230364 -0.000208501 0.999999 0.00150595 -0.00023073 -0.00150605 0.999999 -8.99744e-05 -0.0203351 -0.0551767
FixedParameters: 0 0 0

#Transform 36
Transform: AffineTransform_float_3_3
Parameters: 1 1.24922e-05 0.000100224 -1.24753e-05 1 -8.40012e-05 -0.000100227 8.39987e-05 1 -0.00150521 -0.0269461 0.0106693
FixedParameters: 0 0 0

#Transform 37
Transform: AffineTransform_float_3_3
Parameters: 1 -4.43883e-06 -3.57253e-05 4.46048e-06 1 0.000303 3.57226e-05 -0.000303 1 0.00761252 -0.0697147 -0.00917422
FixedParameters: 0 0 0

#Transform 38
Transform: AffineTransform_float_3_3
Parameters: 1 -0.000363744 0.000113752 0.000363695 1 0.000211057 -0.000113906 -0.000211943 1 -0.00885878 -0.0340258 -0.0166134
FixedParameters: 0 0 0

#Transform 39
Transform: AffineTransform_float_3_3
Parameters: 1 -0.000405017 7.35582e-05 0.000404994 1 0.00016203 -7.36894e-05 -0.00016197 1 -0.00901927 -0.0272481 -0.0451296
FixedParameters: 0 0 0

#Transform 40
Transform: AffineTransform_float_3_3
Parameters: 1 -0.000397364 0.000135084 0.00039732 1 0.000163054 -0.000135213 -0.000162946 1 -0.00997976 -0.0140023 -0.0401868
FixedParameters: 0 0 0

#Transform 41
Transform: AffineTransform_float_3_3
Parameters: 1 -0.000339888 7.05409e-05 0.000339884 1 3.1024e-05 -7.05619e-05 -3.0976e-05 1 -0.0113162 -0.0265884 -0.0267416
FixedParameters: 0 0 0

#Transform 42
Transform: AffineTransform_float_3_3
Parameters: 1 -0.000230701 -7.56242e-06 0.000230702 1 8.49983e-05 7.5232e-06 -8.50017e-05 1 -0.00800058 -0.0276868 -0.0327188
FixedParameters: 0 0 0

#Transform 43
Transform: AffineTransform_float_3_3
Parameters: 1 -0.000433466 -0.000154521 0.000433401 1 -0.000210067 0.000154703 0.000209933 1 -0.00555045 0.000767602 -0.0205755
FixedParameters: 0 0 0

#Transform 44
Transform: AffineTransform_float_3_3
Parameters: 1 -0.000422566 -6.72315e-05 0.000422548 1 -0.000132028 6.73431e-05 0.000131972 1 -0.00373934 -0.0242961 -0.00922025
FixedParameters: 0 0 0

#Transform 45
Transform: AffineTransform_float_3_3
Parameters: 1 -0.000165218 -1.55877e-05 0.000165197 1 -0.000683002 1.58133e-05 0.000682997 1 0.0120085 0.0331643 -0.0227574
FixedParameters: 0 0 0

#Transform 46
Transform: AffineTransform_float_3_3
Parameters: 1 -0.000412299 1.50618e-05 0.000412298 1 3.49909e-05 -1.50903e-05 -3.40091e-05 1 0.00273289 -0.0627019 0.0181955
FixedParameters: 0 0 0

#Transform 47
Transform: AffineTransform_float_3_3
Parameters: 1 -1.83543e-05 -3.3987e-05 1.83303e-05 1 -0.000353001 3.4e-05 0.000352999 1 0.000305824 -0.0162071 0.035804
FixedParameters: 0 0 0

#Transform 48
Transform: AffineTransform_float_3_3
Parameters: 1 0.000289321 -7.21474e-05 -0.00028924 1 0.000562021 7.24725e-05 -0.000561979 1 -0.00798917 -0.0422206 0.0578387
FixedParameters: 0 0 0

#Transform 49
Transform: AffineTransform_float_3_3
Parameters: 1 0.000379639 -8.33018e-05 -0.000379526 0.999999 0.000674031 8.38135e-05 -0.000673968 1 0.00157249 -0.0373714 0.023295
FixedParameters: 0 0 0

#Transform 50
Transform: AffineTransform_float_3_3
Parameters: 1 0.000171422 0.000106736 -0.000171565 1 0.000673981 -0.000106505 -0.000674018 1 -0.00654397 -0.0268258 0.0413755
FixedParameters: 0 0 0

#Transform 51
Transform: AffineTransform_float_3_3
Parameters: 1 0.000192037 -6.01805e-05 -0.000192027 1 8.60116e-05 6.02136e-05 -8.59884e-05 1 0.00472687 -0.019604 0.0103152
FixedParameters: 0 0 0

#Transform 52
Transform: AffineTransform_float_3_3
Parameters: 1 0.000220029 2.69821e-05 -0.000220022 1 -0.000134006 -2.70411e-05 0.000133994 1 0.00358019 -0.0280345 0.0366729
FixedParameters: 0 0 0

#Transform 53
Transform: AffineTransform_float_3_3
Parameters: 1 2.72942e-05 -3.96866e-05 -2.73157e-05 1 -0.000270999 3.96718e-05 0.000271001 1 0.0011374 0.00369281 0.0189594
FixedParameters: 0 0 0

#Transform 54
Transform: AffineTransform_float_3_3
Parameters: 1 3.81943e-05 -4.10633e-05 -3.82469e-05 1 -0.000639998 4.10143e-05 0.000640001 1 0.010555 -0.0580559 0.0319757
FixedParameters: 0 0 0

#Transform 55
Transform: AffineTransform_float_3_3
Parameters: 1 3.81935e-05 -4.10641e-05 -3.82477e-05 1 -0.000660998 4.10135e-05 0.000661001 1 0.0149443 0.00173618 0.0305039
FixedParameters: 0 0 0

#Transform 56
Transform: AffineTransform_float_3_3
Parameters: 1 -0.000227967 -0.00034842 0.000227681 1 -0.000410079 0.000348606 0.00040992 1 0.0107264 -0.051064 0.0127222
FixedParameters: 0 0 0

#Transform 57
Transform: AffineTransform_float_3_3
Parameters: 1 3.82029e-05 -4.10553e-05 -3.82383e-05 1 -0.000431998 4.10223e-05 0.000432001 1 0.00130838 -0.0328939 0.02143
FixedParameters: 0 0 0

#Transform 58
Transform: AffineTransform_float_3_3
Parameters: 1 -0.000334427 -0.000167761 0.000335091 1 -0.000610056 0.000167053 0.000609944 1 0.0037217 -0.00732866 0.0134092
FixedParameters: 0 0 0

#Transform 59
Transform: AffineTransform_float_3_3
Parameters: 1 -0.000280318 -1.23435e-06 0.000280317 1 -0.000458 1.49112e-06 0.000457999 1 0.00322241 -0.0351174 0.00722164
FixedParameters: 0 0 0

#Transform 60
Transform: AffineTransform_float_3_3
Parameters: 1 -0.000281311 -1.07542e-06 0.000281309 1 -0.000582 1.40286e-06 0.000581999 1 -0.00535992 0.018722 0.00639488
FixedParameters: 0 0 0

#Transform 61
Transform: AffineTransform_float_3_3
Parameters: 1 -0.000365654 9.43446e-06 0.000366655 1 -0.000457996 -9.22266e-06 0.000458003 1 -0.0072291 -0.026765 -0.0200942
FixedParameters: 0 0 0

#Transform 62
Transform: AffineTransform_float_3_3
Parameters: 1 -0.000407939 -0.000327808 0.000408419 0.999999 -0.000780133 0.000328321 0.000779866 0.999999 -0.00208981 -0.00244324 -0.0145978
FixedParameters: 0 0 0

#Transform 63
Transform: AffineTransform_float_3_3
Parameters: 1 -0.000388295 -0.000171016 0.000388881 0.999999 -0.000828066 0.000170543 0.000827933 0.999999 -0.00451949 -0.000541802 -0.033968
FixedParameters: 0 0 0

#Transform 64
Transform: AffineTransform_float_3_3
Parameters: 1 -0.000375818 -7.19776e-05 0.000376639 1 -0.000337027 7.11152e-05 0.000336973 1 -0.00603092 -0.0265905 -0.0300786
FixedParameters: 0 0 0

#Transform 65
Transform: AffineTransform_float_3_3
Parameters: 1 -0.000191013 -1.24074e-05 0.000191003 1 -0.000416002 1.25663e-05 0.000415998 1 -0.00348522 0.0168484 -0.0202574
FixedParameters: 0 0 0

#Transform 66
Transform: AffineTransform_float_3_3
Parameters: 1 -0.000358227 6.88889e-05 0.000358258 1 -0.000228975 -6.87249e-05 0.000229025 1 -0.00817813 -0.0133594 -0.0447006
FixedParameters: 0 0 0

#Transform 67
Transform: AffineTransform_float_3_3
Parameters: 1 -0.000222765 -8.48083e-06 0.000222761 1 -0.000228002 8.58241e-06 0.000227998 1 -0.00413788 0.0163593 -0.0220193
FixedParameters: 0 0 0

#Transform 68
Transform: AffineTransform_float_3_3
Parameters: 1 -0.000374421 -6.12698e-05 0.000374447 1 0.000216977 6.11073e-05 -0.000217023 1 -0.00614005 -0.0552576 -0.0422457
FixedParameters: 0 0 0

#Transform 69
Transform: AffineTransform_float_3_3
Parameters: 1 -0.000262455 -3.64452e-06 0.000262457 1 0.000216999 3.53061e-06 -0.000217001 1 -0.00504169 -0.00581261 -0.0480899
FixedParameters: 0 0 0

#Transform 70
Transform: AffineTransform_float_3_3
Parameters: 1 2.81328e-05 3.98315e-05 -2.81442e-05 1 0.000142999 -3.98234e-05 -0.000143001 1 -0.000246078 -0.041137 -0.0626285
FixedParameters: 0 0 0

#Transform 71
Transform: AffineTransform_float_3_3
Parameters: 1 -0.000365657 9.31708e-06 0.000366652 1 -0.000136997 -9.34036e-06 0.000137003 1 -0.0072522 0.035772 -0.0457952
FixedParameters: 0 0 0

#Transform 72
Transform: AffineTransform_float_3_3
Parameters: 1 -0.000261628 5.16528e-05 0.000261596 1 0.000304013 -5.18118e-05 -0.000303986 1 -0.00819733 -0.0605355 -0.0429148
FixedParameters: 0 0 0

#Transform 73
Transform: AffineTransform_float_3_3
Parameters: 1 -0.0002049 -1.07714e-05 0.000204901 1 7.29978e-05 1.07415e-05 -7.30022e-05 1 -0.0120343 0.0320854 -0.0635354
FixedParameters: 0 0 0

#Transform 74
Transform: AffineTransform_float_3_3
Parameters: 1 -0.000215995 9.43999e-05 0.000215977 1 9.40204e-05 -9.44405e-05 -9.39796e-05 1 -0.00584625 0.0266497 -0.0212104
FixedParameters: 0 0 0

#Transform 75
Transform: AffineTransform_float_3_3
Parameters: 1 -0.000239763 0.000341167 0.000239557 1 0.000301082 -0.000341311 -0.000300918 1 -0.0106723 -0.0612308 -0.0207598
FixedParameters: 0 0 0

#Transform 76
Transform: AffineTransform_float_3_3
Parameters: 1 -0.00036566 9.22091e-06 0.000365657 1 0.000126003 -9.31306e-06 -0.000125997 1 -0.00724663 0.0203683 -0.0517529
FixedParameters: 0 0 0

#Transform 77
Transform: AffineTransform_float_3_3
Parameters: 1 -0.000365662 9.139e-06 0.000365655 1 0.000350003 -9.39497e-06 -0.000349997 1 -0.00721976 -0.0528543 -0.0419073
FixedParameters: 0 0 0

#Transform 78
Transform: AffineTransform_float_3_3
Parameters: 1 -0.000107828 4.05718e-05 0.00010778 1 0.000598004 -4.07008e-05 -0.000597995 1 -0.00284392 0.0183963 -0.0595376
FixedParameters: 0 0 0

#Transform 79
Transform: AffineTransform_float_3_3
Parameters: 1 -0.000359148 6.16271e-05 0.000360059 0.999999 0.000650022 -6.22182e-05 -0.000649977 1 -0.00807283 -0.0371513 -0.0652176
FixedParameters: 0 0 0

#Transform 80
Transform: AffineTransform_float_3_3
Parameters: 1 -0.000365661 9.16058e-06 0.000365656 1 0.000291003 -9.3734e-06 -0.000290997 1 -0.00723608 -0.00918025 -0.0797956
FixedParameters: 0 0 0

#Transform 81
Transform: AffineTransform_float_3_3
Parameters: 1 -0.00038669 -0.000160673 0.000386898 0.999999 0.000649938 0.00016017 -0.000650062 1 -0.00467538 -0.0356235 -0.0848102
FixedParameters: 0 0 0

#Transform 82
Transform: AffineTransform_float_3_3
Parameters: 1 -0.00036566 9.19349e-06 0.000365657 1 0.000201003 -9.34049e-06 -0.000200997 1 -0.00724161 0.00565509 -0.0911987
FixedParameters: 0 0 0

#Transform 83
Transform: AffineTransform_float_3_3
Parameters: 1 -0.00022546 -8.67913e-05 0.000225454 1 -3.30196e-05 8.68062e-05 3.29804e-05 1 -0.00846469 -0.00162941 -0.04292
FixedParameters: 0 0 0

#Transform 84
Transform: AffineTransform_float_3_3
Parameters: 1 2.46432e-05 0.000378837 -2.53842e-05 0.999999 0.000978113 -0.000378789 -0.000977887 1 -0.0128792 -0.0710794 -0.0775551
FixedParameters: 0 0 0

#Transform 85
Transform: AffineTransform_float_3_3
Parameters: 0.999999 -0.000273181 0.000746805 0.000274463 0.999999 -0.000858673 -0.000746334 0.000859327 1 -0.018502 0.0302017 -0.0771038
FixedParameters: 0 0 0

#Transform 86
Transform: AffineTransform_float_3_3
Parameters: 1 -0.000193337 0.000163122 0.000193298 1 0.000121032 -0.000163169 -0.000120968 1 -0.016445 0.00899801 -0.0399742
FixedParameters: 0 0 0

#Transform 87
Transform: AffineTransform_float_3_3
Parameters: 1 -0.000335627 0.000252054 0.000336117 0.999999 0.000995084 -0.000252846 -0.000994914 0.999999 -0.0108807 -0.064963 -0.0525924
FixedParameters: 0 0 0

#Transform 88
Transform: AffineTransform_float_3_3
Parameters: 1 -0.000233935 0.000178861 0.00023346 0.999998 0.00167504 -0.000178651 -0.00167496 0.999998 -0.00755274 -0.0997586 -0.120846
FixedParameters: 0 0 0

#Transform 89
Transform: AffineTransform_float_3_3
Parameters: 1 -0.000343094 0.000192311 0.000343607 0.999998 0.00156707 -0.000192518 -0.00156693 0.999999 -0.00998853 0.0181345 -0.157001
FixedParameters: 0 0 0

#Transform 90
Transform: AffineTransform_float_3_3
Parameters: 1 -0.000311595 0.000447482 0.000311575 0.999999 0.00127014 -0.000447405 -0.00126986 0.999999 -0.0139197 0.0144613 -0.142987
FixedParameters: 0 0 0

#Transform 91
Transform: AffineTransform_float_3_3
Parameters: 0.999999 -0.000277277 0.000727294 0.000277173 0.999999 0.0015212 -0.000727392 -0.0015208 0.999998 -0.0181712 -0.0771757 -0.109484
FixedParameters: 0 0 0

#Transform 92
Transform: AffineTransform_float_3_3
Parameters: 1 -0.000320463 0.00037864 0.000319764 0.999997 0.00239512 -0.000379305 -0.00239488 0.999997 -0.0128622 -0.082589 -0.184705
FixedParameters: 0 0 0

#Transform 93
Transform: AffineTransform_float_3_3
Parameters: 1 -0.000343192 0.000192136 0.000343509 0.999998 0.00207607 -0.000192693 -0.00207593 0.999998 -0.00998393 0.00914201 -0.237273
FixedParameters: 0 0 0

#Transform 94
Transform: AffineTransform_float_3_3
Parameters: 0.999999 -0.000746651 0.000295032 0.000746737 0.999998 0.00195222 -0.000296086 -0.00195178 0.999998 -0.00601844 -0.0372104 -0.243378
FixedParameters: 0 0 0

#Transform 95
Transform: AffineTransform_float_3_3
Parameters: 0.999999 -0.000709721 3.71321e-05 0.000709767 0.999997 0.00264503 -3.8902e-05 -0.00264498 0.999997 -0.000308639 -0.0910512 -0.262533
FixedParameters: 0 0 0

#Transform 96
Transform: AffineTransform_float_3_3
Parameters: 0.999999 -0.000707636 0.000210626 0.000707907 0.999998 0.00199715 -0.000212584 -0.00199685 0.999998 -0.000207016 -0.0361623 -0.306536
FixedParameters: 0 0 0

#Transform 97
Transform: AffineTransform_float_3_3
Parameters: 1 -0.000469017 5.31297e-05 0.000468856 0.999997 0.00264603 -5.4619e-05 -0.00264598 0.999997 0.00428468 -0.00813384 -0.328999
FixedParameters: 0 0 0

#Transform 98
Transform: AffineTransform_float_3_3
Parameters: 1 -0.00011305 0.00053334 0.000110676 0.999991 0.00408206 -0.0005345 -0.00408194 0.999991 0.00339024 -0.0908403 -0.347345
FixedParameters: 0 0 0

#Transform 99
Transform: AffineTransform_float_3_3
Parameters: 0.999999 -0.000468921 0.000652102 0.000467986 0.999998 0.00157243 -0.000652706 -0.00157157 0.999999 -0.00255989 -0.0349453 -0.419059
FixedParameters: 0 0 0

#Transform 100
Transform: AffineTransform_float_3_3
Parameters: 0.999999 -0.000730869 0.00057126 0.000730015 0.999998 0.00183142 -0.000572074 -0.00183058 0.999998 -0.00215697 -0.036181 -0.390979
FixedParameters: 0 0 0

#Transform 101
Transform: AffineTransform_float_3_3
Parameters: 1 -0.000515703 0.000414361 0.000514644 0.999996 0.00277021 -0.000415354 -0.00276979 0.999996 0.00424725 -0.0281404 -0.32875
FixedParameters: 0 0 0

#Transform 102
Transform: AffineTransform_float_3_3
Parameters: 0.999999 -0.000203753 0.000818554 0.000200944 0.999996 0.00300218 -0.000819024 -0.00300282 0.999995 0.000376351 -0.0758505 -0.290046
FixedParameters: 0 0 0

#Transform 103
Transform: AffineTransform_float_3_3
Parameters: 0.999999 -5.0339e-05 0.000800012 4.85945e-05 0.999998 0.00233004 -0.000800489 -0.00232996 0.999997 0.00364118 -0.0272343 -0.285377
FixedParameters: 0 0 0

#Transform 104
Transform: AffineTransform_float_3_3
Parameters: 1 -0.000103882 0.000470992 0.000102178 0.999996 0.00286005 -0.000471705 -0.00285995 0.999996 0.00211221 -0.0720537 -0.315873
FixedParameters: 0 0 0

#Transform 105
Transform: AffineTransform_float_3_3
Parameters: 1 -0.000122393 0.000319098 0.000120496 0.999995 0.00296904 -0.000319819 -0.00296896 0.999995 -0.0079862 -0.060366 -0.304331
FixedParameters: 0 0 0

#Transform 106
Transform: AffineTransform_float_3_3
Parameters: 1 -0.000122438 0.000319082 0.000121444 0.999995 0.00310804 -0.000319963 -0.00310796 0.999995 0.0107565 -0.0332298 -0.33548
FixedParameters: 0 0 0

#Transform 107
Transform: AffineTransform_float_3_3
Parameters: 1 -0.000290436 0.00114752 0.000287204 0.999996 0.00275833 -0.00114849 -0.00275767 0.999995 -0.00707332 -0.0639553 -0.374732
FixedParameters: 0 0 0

#Transform 108
Transform: AffineTransform_float_3_3
Parameters: 0.999999 -0.000485576 0.000688438 0.000484604 0.999998 0.00151633 -0.00068904 -0.00151566 0.999998 -0.00281436 -0.017927 -0.405663
FixedParameters: 0 0 0

#Transform 109
Transform: AffineTransform_float_3_3
Parameters: 0.999999 -0.000472132 0.000794864 0.000471599 1 0.00103738 -0.000794974 -0.00103663 0.999999 -0.0044758 -0.00592977 -0.41347
FixedParameters: 0 0 0

#Transform 110
Transform: AffineTransform_float_3_3
Parameters: 1 -0.000250133 0.000451627 0.00024888 0.999997 0.00248113 -0.000452989 -0.00248187 0.999997 0.00595499 -0.0296116 -0.327885
FixedParameters: 0 0 0

#Transform 111
Transform: AffineTransform_float_3_3
Parameters: 0.999999 1.44656e-05 0.000892844 -1.63822e-05 0.999998 0.00225499 -0.000892029 -0.00225501 0.999997 -0.000546874 0.0179183 -0.321099
FixedParameters: 0 0 0

#Transform 112
Transform: AffineTransform_float_3_3
Parameters: 0.999999 -0.000100993 0.000955275 9.82954e-05 0.999997 0.00245009 -0.000956011 -0.0024499 0.999996 -0.000169932 -0.0352514 -0.319268
FixedParameters: 0 0 0

#Transform 113
Transform: AffineTransform_float_3_3
Parameters: 0.999999 5.94357e-05 0.000897425 -6.1335e-05 0.999997 0.00216407 -0.000897411 -0.00216393 0.999997 0.00396068 -0.00620217 -0.29695
FixedParameters: 0 0 0

#Transform 114
Transform: AffineTransform_float_3_3
Parameters: 1 -0.000129554 0.000606148 0.00012847 0.999997 0.00252908 -0.000607048 -0.00252892 0.999996 0.00545455 -0.0402627 -0.320482
FixedParameters: 0 0 0

#Transform 115
Transform: AffineTransform_float_3_3
Parameters: 1 -0.000147908 0.000472377 0.000146592 0.999996 0.00257407 -0.000472266 -0.00257393 0.999996 0.00760264 -0.0302409 -0.319759
FixedParameters: 0 0 0

#Transform 116
Transform: AffineTransform_float_3_3
Parameters: 1 -7.84295e-05 0.000463903 7.81365e-05 0.999996 0.00258903 -0.000463563 -0.00258896 0.999996 0.00896049 -0.0158273 -0.318429
FixedParameters: 0 0 0

#Transform 117
Transform: AffineTransform_float_3_3
Parameters: 1 1.58531e-05 0.000452406 -1.72415e-05 0.999996 0.00263112 -0.000452442 -0.00263088 0.999997 0.00273597 -0.0169075 -0.325167
FixedParameters: 0 0 0

#Transform 118
Transform: AffineTransform_float_3_3
Parameters: 1 -0.000275976 0.000487983 0.000274545 0.999996 0.00260826 -0.00048855 -0.00260774 0.999997 0.00484086 -0.0480088 -0.314685
FixedParameters: 0 0 0

#Transform 119
Transform: AffineTransform_float_3_3
Parameters: 1 -6.84799e-05 0.000462696 6.72476e-05 0.999997 0.00253903 -0.000462172 -0.00253897 0.999996 0.00924718 0.00242979 -0.319654
FixedParameters: 0 0 0

#Transform 120
Transform: AffineTransform_float_3_3
Parameters: 1 0.000135112 0.00026561 -0.000135674 0.999997 0.00269297 -0.000265997 -0.00269304 0.999997 0.0164864 -0.0167449 -0.321263
FixedParameters: 0 0 0

#Transform 121
Transform: AffineTransform_float_3_3
Parameters: 1 -0.000256482 7.76468e-05 0.000256222 0.999997 0.00246202 -7.79168e-05 -0.00246198 0.999997 0.0242159 -0.00892462 -0.274719
FixedParameters: 0 0 0

#Transform 122
Transform: AffineTransform_float_3_3
Parameters: 1 -0.000169558 0.000246232 0.000169022 0.999995 0.00309504 -0.000247403 -0.00309496 0.999995 0.025982 -0.0251818 -0.26526
FixedParameters: 0 0 0

#Transform 123
Transform: AffineTransform_float_3_3
Parameters: 1 2.67827e-05 0.000451074 -2.81431e-05 0.999996 0.00260811 -0.000451054 -0.00260789 0.999997 0.0214247 -0.0270462 -0.1848
FixedParameters: 0 0 0

#Transform 124
Transform: AffineTransform_float_3_3
Parameters: 1 -9.49345e-07 0.000157274 1.17229e-06 0.999997 0.002445 -0.000157403 -0.002445 0.999997 0.0322402 0.0106904 -0.223802
FixedParameters: 0 0 0

#Transform 125
Transform: AffineTransform_float_3_3
Parameters: 1 -0.000152831 0.000217107 0.000152857 0.999997 0.00251103 -0.000217006 -0.00251097 0.999997 0.0257823 -0.0305713 -0.218385
FixedParameters: 0 0 0

#Transform 126
Transform: AffineTransform_float_3_3
Parameters: 1 -0.000160401 0.000171676 0.00015951 0.999996 0.00258803 -0.000172504 -0.00258797 0.999996 0.0125953 0.015097 -0.242382
FixedParameters: 0 0 0

#Transform 127
Transform: AffineTransform_float_3_3
Parameters: 1 8.77806e-06 0.000453255 -9.4319e-06 0.999996 0.00290999 -0.000453449 -0.00291 0.999995 0.0251032 -0.045751 -0.287063
FixedParameters: 0 0 0

#Transform 128
Transform: AffineTransform_float_3_3
Parameters: 1 7.93363e-06 0.000453373 -9.28362e-06 0.999996 0.00258299 -0.000453452 -0.002583 0.999996 0.0108086 0.000229672 -0.295425
FixedParameters: 0 0 0

#Transform 129
Transform: AffineTransform_float_3_3
Parameters: 1 -4.88258e-05 0.000460253 4.72086e-05 0.999995 0.00297114 -0.00045967 -0.00297086 0.999996 0.00961618 -0.0298422 -0.362771
FixedParameters: 0 0 0

#Transform 130
Transform: AffineTransform_float_3_3
Parameters: 1 -1.78688e-05 0.000432331 1.64939e-05 0.999997 0.00273701 -0.000432548 -0.00273699 0.999996 0.0153659 -0.00548391 -0.321074
FixedParameters: 0 0 0

#Transform 131
Transform: AffineTransform_float_3_3
Parameters: 1 -1.04372e-05 0.000310554 8.93558e-06 0.999997 0.00241702 -0.000310601 -0.00241798 0.999997 0.0129676 -0.00116571 -0.325941
FixedParameters: 0 0 0

#Transform 132
Transform: AffineTransform_float_3_3
Parameters: 1 5.86411e-05 0.000521738 -6.02247e-05 0.999997 0.00246897 -0.000521569 -0.00246903 0.999997 0.0163991 -0.0146518 -0.294213
FixedParameters: 0 0 0

#Transform 133
Transform: AffineTransform_float_3_3
Parameters: 1 0.000189112 7.1511e-05 -0.000188513 0.999998 0.00188399 -7.19155e-05 -0.00188401 0.999998 0.0208523 0.0392357 -0.266302
FixedParameters: 0 0 0

#Transform 134
Transform: AffineTransform_float_3_3
Parameters: 1 0.00049859 0.000223508 -0.000499074 0.999996 0.00303789 -0.000221593 -0.00303811 0.999996 0.0244148 -0.0454087 -0.286967
FixedParameters: 0 0 0

#Transform 135
Transform: AffineTransform_float_3_3
Parameters: 1 7.10977e-05 9.50533e-05 -7.14591e-05 0.999998 0.00190399 -9.47818e-05 -0.00190401 0.999998 0.016392 0.0133922 -0.268345
FixedParameters: 0 0 0

#Transform 136
Transform: AffineTransform_float_3_3
Parameters: 1 3.90199e-05 -0.000166007 -3.86478e-05 0.999999 0.00149701 0.000165131 -0.00149699 0.999999 0.0225623 0.0188565 -0.275074
FixedParameters: 0 0 0

#Transform 137
Transform: AffineTransform_float_3_3
Parameters: 1 0.000144134 4.98326e-05 -0.000144327 0.999998 0.00193999 -4.92729e-05 -0.00194001 0.999998 0.0208468 -0.0133719 -0.284536
FixedParameters: 0 0 0

#Transform 138
Transform: AffineTransform_float_3_3
Parameters: 1 6.67313e-05 5.93037e-05 -6.69262e-05 0.999998 0.00164599 -5.90837e-05 -0.001646 0.999998 0.0170716 0.024997 -0.29452
FixedParameters: 0 0 0

#Transform 139
Transform: AffineTransform_float_3_3
Parameters: 1 3.16318e-05 -0.000226542 -3.08314e-05 0.999999 0.00176601 0.000226653 -0.00176599 0.999999 0.0235257 0.00463297 -0.296046
FixedParameters: 0 0 0

#Transform 140
Transform: AffineTransform_float_3_3
Parameters: 1 6.67111e-05 5.93265e-05 -6.69464e-05 0.999998 0.001988 -5.90608e-05 -0.001988 0.999998 0.0122767 -0.0079565 -0.290351
FixedParameters: 0 0 0

#Transform 141
Transform: AffineTransform_float_3_3
Parameters: 1 4.30705e-05 -0.000133248 -4.26297e-05 0.999998 0.001653 0.000133389 -0.00165299 0.999998 0.0195484 0.0251233 -0.270812
FixedParameters: 0 0 0

#Transform 142
Transform: AffineTransform_float_3_3
Parameters: 1 5.13707e-05 -6.57499e-05 -5.11394e-05 0.999999 0.001757 6.59301e-05 -0.001757 0.999999 0.0210918 -0.0132783 -0.28105
FixedParameters: 0 0 0

#Transform 143
Transform: AffineTransform_float_3_3
Parameters: 1 2.74112e-05 -0.000261277 -2.63999e-05 0.999998 0.00193501 0.000261381 -0.00193499 0.999998 0.0240472 0.0196675 -0.28979
FixedParameters: 0 0 0

#Transform 144
Transform: AffineTransform_float_3_3
Parameters: 1 6.67097e-05 5.9328e-05 -6.69478e-05 0.999998 0.002011 -5.90592e-05 -0.002011 0.999998 0.0191528 0.00743182 -0.304998
FixedParameters: 0 0 0

#Transform 145
Transform: AffineTransform_float_3_3
Parameters: 1 0.000146107 4.96256e-05 -0.000146323 0.999997 0.00218899 -4.89854e-05 -0.00218901 0.999997 0.0208953 -0.0232907 -0.295771
FixedParameters: 0 0 0

#Transform 146
Transform: AffineTransform_float_3_3
Parameters: 1 6.6721e-05 5.93154e-05 -6.69366e-05 0.999999 0.001821 -5.9072e-05 -0.00182101 0.999999 0.0191613 0.0278644 -0.287011
FixedParameters: 0 0 0

#Transform 147
Transform: AffineTransform_float_3_3
Parameters: 1 4.95466e-05 -8.06358e-05 -4.92554e-05 0.999999 0.00180401 8.08141e-05 -0.001804 0.999999 0.0212793 -0.018088 -0.327667
FixedParameters: 0 0 0

#Transform 148
Transform: AffineTransform_float_3_3
Parameters: 1 -0.000350415 0.000165883 0.000349907 0.999998 0.00190406 -0.000166224 -0.00190394 0.999998 0.00940438 -0.0018908 -0.358783
FixedParameters: 0 0 0

#Transform 149
Transform: AffineTransform_float_3_3
Parameters: 1 -0.000354315 0.000134109 0.000353918 0.999998 0.00193805 -0.000134489 -0.00193795 0.999998 0.00985953 0.0189294 -0.404929
FixedParameters: 0 0 0

#Transform 150
Transform: AffineTransform_float_3_3
Parameters: 1 -0.000361963 7.16627e-05 0.000361843 0.999998 0.00170102 -7.19015e-05 -0.00170097 0.999998 0.0108529 -0.000358997 -0.37873
FixedParameters: 0 0 0

#Transform 151
Transform: AffineTransform_float_3_3
Parameters: 1 2.51275e-05 2.41166e-05 -2.52095e-05 0.999998 0.001704 -2.40308e-05 -0.001704 0.999998 0.0190296 0.0418077 -0.330624
FixedParameters: 0 0 0

#Transform 152
Transform: AffineTransform_float_3_3
Parameters: 1 -0.000165832 0.000257178 0.000165194 0.999999 0.00148304 -0.000256677 -0.00148296 0.999999 -0.00587821 0.0397896 -0.365452
FixedParameters: 0 0 0

#Transform 153
Transform: AffineTransform_float_3_3
Parameters: 1 -0.000338338 0.000264183 0.000338503 0.999999 0.00179911 -0.000264532 -0.0017999 0.999999 0.00786895 0.0053287 -0.349515
FixedParameters: 0 0 0

#Transform 154
Transform: AffineTransform_float_3_3
Parameters: 1 -0.000360274 8.54862e-05 0.000360072 0.999998 0.00190103 -8.58633e-05 -0.00190097 0.999998 0.0106048 0.0164998 -0.405843
FixedParameters: 0 0 0

#Transform 155
Transform: AffineTransform_float_3_3
Parameters: 0.999999 -0.000537349 0.000572602 0.000536175 0.999998 0.00199731 -0.000573877 -0.00199669 0.999998 -0.00135712 0.00687862 -0.471205
FixedParameters: 0 0 0

#Transform 156
Transform: AffineTransform_float_3_3
Parameters: 0.999999 -0.000902728 0.00092063 0.000901292 0.999997 0.00199083 -0.000922483 -0.00198917 0.999997 -0.00446726 0.00719779 -0.501779
FixedParameters: 0 0 0

#Transform 157
Transform: AffineTransform_float_3_3
Parameters: 0.999999 -0.000717849 0.000538316 0.000716834 0.999998 0.00197639 -0.000540283 -0.00197561 0.999998 0.0056521 0.0159115 -0.468307
FixedParameters: 0 0 0

#Transform 158
Transform: AffineTransform_float_3_3
Parameters: 0.999999 -0.000714142 0.000569008 0.000713005 0.999998 0.0020863 -0.000570124 -0.0020867 0.999997 0.00245189 0.0237597 -0.503912
FixedParameters: 0 0 0

#Transform 159
Transform: AffineTransform_float_3_3
Parameters: 1 -0.000668491 0.000941282 0.00066682 0.999997 0.00200564 -0.000943215 -0.00200535 0.999997 0.00575945 0.0141946 -0.536623
FixedParameters: 0 0 0

#Transform 160
Transform: AffineTransform_float_3_3
Parameters: 1 -0.000668197 0.000941492 0.000667116 0.999999 0.00169265 -0.000943007 -0.00169236 0.999998 0.00368172 0.0421426 -0.533545
FixedParameters: 0 0 0

#Transform 161
Transform: AffineTransform_float_3_3
Parameters: 0.999999 -0.000648821 0.0010947 0.000648298 0.999999 0.00114473 -0.00109643 -0.00114427 0.999999 0.00607312 0.00510353 -0.516628
FixedParameters: 0 0 0

#Transform 162
Transform: AffineTransform_float_3_3
Parameters: 1 -0.000733881 0.000849801 0.00073221 0.999998 0.00171164 -0.000850449 -0.00171136 0.999998 0.00169341 0.0503222 -0.512946
FixedParameters: 0 0 0

#Transform 163
Transform: AffineTransform_float_3_3
Parameters: 0.999999 -0.000576057 0.000788242 0.000574805 0.999998 0.00150147 -0.000789101 -0.00150153 0.999998 0.0133428 0.00315082 -0.463907
FixedParameters: 0 0 0

#Transform 164
Transform: AffineTransform_float_3_3
Parameters: 1 -0.000491435 0.000238975 0.00049088 0.999999 0.00115912 -0.000240114 -0.00115888 1 0.0200695 0.0246235 -0.389209
FixedParameters: 0 0 0

#Transform 165
Transform: AffineTransform_float_3_3
Parameters: 1 5.04347e-05 -0.000222118 -5.14674e-05 0.999998 -0.00232599 0.000221881 0.00232601 0.999998 0.0329846 0.0645225 -0.294099
FixedParameters: 0 0 0

#Transform 166
Transform: AffineTransform_float_3_3
Parameters: 1 -0.000109242 6.03171e-05 0.000108614 0.999996 -0.003037 -5.95319e-05 0.00303701 0.999996 0.0390653 0.0199442 -0.280074
FixedParameters: 0 0 0

#Transform 167
Transform: AffineTransform_float_3_3
Parameters: 1 -0.00010395 0.00024881 0.00010415 1 -0.000401974 -0.000248726 0.000402026 1 0.0409202 0.105039 -0.271767
FixedParameters: 0 0 0

#Transform 168
Transform: AffineTransform_float_3_3
Parameters: 1 -0.000186185 -0.000485526 0.000185743 0.999999 -0.00147709 0.000485952 0.00147691 0.999999 0.0408803 0.00780362 -0.213748
FixedParameters: 0 0 0

#Transform 169
Transform: AffineTransform_float_3_3
Parameters: 1 0.000220205 0.000530127 -0.000221269 0.999999 0.00182288 -0.000530438 -0.00182312 0.999998 0.0480778 -0.105526 -0.257066
FixedParameters: 0 0 0

#Transform 170
Transform: AffineTransform_float_3_3
Parameters: 1 0.000201108 2.19199e-05 -0.00020124 0.999995 0.003093 -2.06754e-05 -0.00309301 0.999995 0.0393419 -0.024389 -0.261617
FixedParameters: 0 0 0

#Transform 171
Transform: AffineTransform_float_3_3
Parameters: 1 0.000408591 0.000113847 -0.000408701 0.999993 0.00376995 -0.000112874 -0.00377005 0.999993 0.0356243 -0.0560353 -0.268285
FixedParameters: 0 0 0

#Transform 172
Transform: AffineTransform_float_3_3
Parameters: 1 0.000355969 -0.000104707 -0.000355463 0.999996 0.00298891 0.000105841 -0.00298909 0.999995 0.0351967 -0.0307024 -0.284512
FixedParameters: 0 0 0

#Transform 173
Transform: AffineTransform_float_3_3
Parameters: 1 0.000660428 -0.00016898 -0.000659698 0.999995 0.00287711 0.000170794 -0.00287689 0.999996 0.0512725 0.0539057 -0.307153
FixedParameters: 0 0 0

#Transform 174
Transform: AffineTransform_float_3_3
Parameters: 1 0.000687464 5.35298e-05 -0.000687043 0.999995 0.00309396 -5.13853e-05 -0.00309404 0.999995 0.0388495 -0.0586298 -0.277749
FixedParameters: 0 0 0

#Transform 175
Transform: AffineTransform_float_3_3
Parameters: 0.999999 0.000785199 2.04158e-05 -0.000784694 0.999996 0.00297486 -1.88459e-05 -0.00297514 0.999995 0.0397023 -0.0714382 -0.300023
FixedParameters: 0 0 0

#Transform 176
Transform: AffineTransform_float_3_3
Parameters: 1 0.000490054 -0.000359932 -0.000489393 0.999997 0.00263805 0.000360655 -0.00263795 0.999996 0.0411159 -0.016515 -0.28596
FixedParameters: 0 0 0

#Transform 177
Transform: AffineTransform_float_3_3
Parameters: 1 0.000694325 0.000110168 -0.000694272 0.999994 0.00317092 -0.000107873 -0.00317107 0.999995 0.0339174 -0.012278 -0.279263
FixedParameters: 0 0 0

#Transform 178
Transform: AffineTransform_float_3_3
Parameters: 1 0.00068023 -6.25043e-06 -0.000679319 0.999996 0.00277401 8.90591e-06 -0.00277399 0.999996 0.0223751 -0.0166196 -0.276533
FixedParameters: 0 0 0

#Transform 179
Transform: AffineTransform_float_3_3
Parameters: 1 0.000487327 0.000155261 -0.000487326 0.999996 0.00280892 -0.00015364 -0.00280908 0.999996 0.0283721 0.0228128 -0.26689
FixedParameters: 0 0 0

#Transform 180
Transform: AffineTransform_float_3_3
Parameters: 1 0.000669331 -9.57454e-05 -0.000668962 0.999996 0.00254306 9.81563e-05 -0.00254293 0.999997 0.0384847 -0.0028639 -0.2739
FixedParameters: 0 0 0

#Transform 181
Transform: AffineTransform_float_3_3
Parameters: 1 0.000672021 -7.36734e-05 -0.000671836 0.999995 0.00289105 7.55738e-05 -0.00289095 0.999996 0.0317972 -0.0168798 -0.279445
FixedParameters: 0 0 0

#Transform 182
Transform: AffineTransform_float_3_3
Parameters: 0.999999 0.000707637 0.000217783 -0.000707781 0.999997 0.00233583 -0.000215593 -0.00233517 0.999997 0.0283013 0.0175123 -0.241499
FixedParameters: 0 0 0

#Transform 183
Transform: AffineTransform_float_3_3
Parameters: 1 0.000671983 -7.40195e-05 -0.000671875 0.999997 0.00237605 7.52279e-05 -0.00237595 0.999997 0.02454 0.00113086 -0.262613
FixedParameters: 0 0 0

#Transform 184
Transform: AffineTransform_float_3_3
Parameters: 1 0.000667717 -0.000108903 -0.000667365 0.999998 0.00216395 0.0001108 -0.00216405 0.999997 0.0179429 0.0038162 -0.266768
FixedParameters: 0 0 0

#Transform 185
Transform: AffineTransform_float_3_3
Parameters: 1 0.000434394 -0.000449384 -0.000433 0.999998 0.00154919 0.000450728 -0.0015488 0.999998 0.0329984 0.0242843 -0.307602
FixedParameters: 0 0 0

#Transform 186
Transform: AffineTransform_float_3_3
Parameters: 1 0.000232469 -0.00014953 -0.00023304 0.999999 0.00140503 0.000150308 -0.00140497 0.999999 0.0233065 0.00696775 -0.318727
FixedParameters: 0 0 0

#Transform 187
Transform: AffineTransform_float_3_3
Parameters: 1 -6.92578e-05 -0.000340071 6.98603e-05 0.999999 0.000885976 0.000339948 -0.000886023 0.999999 0.0253943 0.0695389 -0.346487
FixedParameters: 0 0 0

#Transform 188
Transform: AffineTransform_float_3_3
Parameters: 1 -0.000258254 -0.000302473 0.000258459 1 0.000339922 0.000302298 -0.000340078 1 0.0271217 0.0664674 -0.393434
FixedParameters: 0 0 0

#Transform 189
Transform: AffineTransform_float_3_3
Parameters: 1 -0.000353604 -3.15988e-05 0.000353615 1 0.000179989 3.14715e-05 -0.000180011 1 0.0132986 0.0352866 -0.34796
FixedParameters: 0 0 0

#Transform 190
Transform: AffineTransform_float_3_3
Parameters: 1 -0.0001801 0.000326694 0.000179886 1 0.000327059 -0.000326812 -0.000326941 1 0.0267262 0.0889314 -0.34046
FixedParameters: 0 0 0

#Transform 191
Transform: AffineTransform_float_3_3
Parameters: 1 -0.000243211 -0.000181409 0.000243343 1 0.000361956 0.000181233 -0.000362044 1 0.0209566 0.0593594 -0.381325
FixedParameters: 0 0 0

#Transform 192
Transform: AffineTransform_float_3_3
Parameters: 1 -0.000236563 -0.000127807 0.000236765 1 0.00030597 0.000128655 -0.00030603 1 0.0117022 0.0505026 -0.392051
FixedParameters: 0 0 0

#Transform 193
Transform: AffineTransform_float_3_3
