# transform file /out/sourcedata/freesurfer/sub-v1s22x0050438_ses-1/mri/transforms/cc_up.lta
# created by oesteban on Mon Mar  9 13:17:52 2026

type      = 0 # LINEAR_VOX_TO_VOX
nxforms   = 1
mean      = 131.0000 93.0000 115.0000
sigma     = 10000.0000
1 4 4
9.943227171897888e-01 -9.518756717443466e-02 4.755736514925957e-02 5.374886512756348e+00 
9.507887810468674e-02 9.954593777656555e-01 4.547518212348223e-03 4.093228149414062e+01 
-4.777429252862930e-02 4.656612873077393e-10 9.988581538200378e-01 2.711247253417969e+01 
0.000000000000000e+00 0.000000000000000e+00 0.000000000000000e+00 1.000000000000000e+00 
src volume info
valid = 1  # volume info valid
filename = /out/sourcedata/freesurfer/sub-v1s22x0050438_ses-1/mri/norm.mgz
volume = 256 256 256
voxelsize = 1.000000000000000e+00 1.000000000000000e+00 1.000000000000000e+00
xras   = -1.000000000000000e+00 0.000000000000000e+00 -3.725290298461914e-09
yras   = 3.725290298461914e-09 0.000000000000000e+00 -1.000000000000000e+00
zras   = 0.000000000000000e+00 1.000000000000000e+00 0.000000000000000e+00
cras   = 2.172546386718750e+00 4.993087768554688e+01 -5.899383544921875e+00
dst volume info
valid = 1  # volume info valid
filename = /out/sourcedata/freesurfer/sub-v1s22x0050438_ses-1/mri/norm.mgz
volume = 256 256 256
voxelsize = 1.000000000000000e+00 1.000000000000000e+00 1.000000000000000e+00
xras   = -1.000000000000000e+00 0.000000000000000e+00 -3.725290298461914e-09
yras   = 3.725290298461914e-09 0.000000000000000e+00 -1.000000000000000e+00
zras   = 0.000000000000000e+00 1.000000000000000e+00 0.000000000000000e+00
cras   = 2.172546386718750e+00 4.993087768554688e+01 -5.899383544921875e+00
