# transform file /out/sourcedata/freesurfer/sub-v1s22x0050460_ses-1/mri/transforms/cc_up.lta
# created by oesteban on Mon Mar  9 13:51:21 2026

type      = 0 # LINEAR_VOX_TO_VOX
nxforms   = 1
mean      = 127.0000 106.0000 118.0000
sigma     = 10000.0000
1 4 4
9.967719912528992e-01 2.418450079858303e-02 -7.655631750822067e-02 7.268025398254395e+00 
-2.411348372697830e-02 9.997075796127319e-01 1.852017710916698e-03 4.587164306640625e+01 
7.657872140407562e-02 1.164153357047226e-10 9.970636367797852e-01 8.635353088378906e+00 
0.000000000000000e+00 0.000000000000000e+00 0.000000000000000e+00 1.000000000000000e+00 
src volume info
valid = 1  # volume info valid
filename = /out/sourcedata/freesurfer/sub-v1s22x0050460_ses-1/mri/norm.mgz
volume = 256 256 256
voxelsize = 1.000000000000000e+00 1.000000000000000e+00 1.000000000000000e+00
xras   = -1.000000000000000e+00 0.000000000000000e+00 0.000000000000000e+00
yras   = 0.000000000000000e+00 0.000000000000000e+00 -1.000000000000000e+00
zras   = 0.000000000000000e+00 1.000000000000000e+00 0.000000000000000e+00
cras   = 9.023666381835938e-01 4.228375244140625e+01 9.930068969726562e+00
dst volume info
valid = 1  # volume info valid
filename = /out/sourcedata/freesurfer/sub-v1s22x0050460_ses-1/mri/norm.mgz
volume = 256 256 256
voxelsize = 1.000000000000000e+00 1.000000000000000e+00 1.000000000000000e+00
xras   = -1.000000000000000e+00 0.000000000000000e+00 0.000000000000000e+00
yras   = 0.000000000000000e+00 0.000000000000000e+00 -1.000000000000000e+00
zras   = 0.000000000000000e+00 1.000000000000000e+00 0.000000000000000e+00
cras   = 9.023666381835938e-01 4.228375244140625e+01 9.930068969726562e+00
