# transform file /out/sourcedata/freesurfer/sub-v1s22x0050446_ses-1/mri/transforms/cc_up.lta
# created by oesteban on Mon Mar  9 13:47:27 2026

type      = 0 # LINEAR_VOX_TO_VOX
nxforms   = 1
mean      = 123.0000 118.0000 119.0000
sigma     = 10000.0000
1 4 4
9.981343150138855e-01 2.611549384891987e-02 -5.518802627921104e-02 9.229417800903320e+00 
-2.607566677033901e-02 9.996588826179504e-01 1.441754517145455e-03 2.706733131408691e+01 
5.520685389637947e-02 0.000000000000000e+00 9.984748959541321e-01 1.541911315917969e+01 
0.000000000000000e+00 0.000000000000000e+00 0.000000000000000e+00 1.000000000000000e+00 
src volume info
valid = 1  # volume info valid
filename = /out/sourcedata/freesurfer/sub-v1s22x0050446_ses-1/mri/norm.mgz
volume = 256 256 256
voxelsize = 1.000000000000000e+00 1.000000000000000e+00 1.000000000000000e+00
xras   = -1.000000000000000e+00 0.000000000000000e+00 0.000000000000000e+00
yras   = 0.000000000000000e+00 0.000000000000000e+00 -1.000000000000000e+00
zras   = 0.000000000000000e+00 1.000000000000000e+00 0.000000000000000e+00
cras   = -1.756362915039062e-01 4.528196716308594e+01 1.892469787597656e+01
dst volume info
valid = 1  # volume info valid
filename = /out/sourcedata/freesurfer/sub-v1s22x0050446_ses-1/mri/norm.mgz
volume = 256 256 256
voxelsize = 1.000000000000000e+00 1.000000000000000e+00 1.000000000000000e+00
xras   = -1.000000000000000e+00 0.000000000000000e+00 0.000000000000000e+00
yras   = 0.000000000000000e+00 0.000000000000000e+00 -1.000000000000000e+00
zras   = 0.000000000000000e+00 1.000000000000000e+00 0.000000000000000e+00
cras   = -1.756362915039062e-01 4.528196716308594e+01 1.892469787597656e+01
