#Insight Transform File V1.0
#Transform 0
Transform: AffineTransform_float_3_3
Parameters: 1 -3.95468e-06 -2.7556e-07 3.95454e-06 1 -0.000252969 2.77561e-07 0.000252969 1 0.00797199 0.0252072 0.010591
FixedParameters: 0 0 0

#Transform 1
Transform: AffineTransform_float_3_3
Parameters: 1 0.000188516 1.31834e-05 -0.000188516 1 -2.96394e-06 -1.31845e-05 2.95897e-06 1 0.0189279 -0.000457098 -0.0352214
FixedParameters: 0 0 0

#Transform 2
Transform: AffineTransform_float_3_3
Parameters: 1 5.08142e-07 -0.000102211 -5.93989e-07 1 -0.000419948 0.00010221 0.000419948 1 0.0298114 -0.0128751 -0.0313367
FixedParameters: 0 0 0

#Transform 3
Transform: AffineTransform_float_3_3
Parameters: 1 -0.000152783 -1.06346e-05 0.000152776 1 -0.000327642 1.07347e-05 0.000327639 1 0.0340879 0.00457046 -0.0144445
FixedParameters: 0 0 0

#Transform 4
Transform: AffineTransform_float_3_3
Parameters: 1 -7.11121e-05 -4.97656e-06 7.11126e-05 1 4.61223e-05 4.97e-06 -4.6123e-05 1 0.0218357 0.0107532 -0.0855984
FixedParameters: 0 0 0

#Transform 5
Transform: AffineTransform_float_3_3
Parameters: 1 -0.0001659 -1.16099e-05 0.000165901 1 4.56095e-05 1.15948e-05 -4.56134e-05 1 0.0357588 0.00113369 -0.07527
FixedParameters: 0 0 0

#Transform 6
Transform: AffineTransform_float_3_3
Parameters: 1 -0.000239195 -0.000468808 0.000239121 1 -7.98712e-05 0.000468846 7.96469e-05 1 0.039752 0.00166695 -0.0345856
FixedParameters: 0 0 0

#Transform 7
Transform: AffineTransform_float_3_3
Parameters: 1 -0.000117495 -0.000343049 0.000117575 1 0.000117186 0.000343022 -0.000117267 1 0.0367209 0.0044112 -0.00438866
FixedParameters: 0 0 0

#Transform 8
Transform: AffineTransform_float_3_3
Parameters: 1 -0.000134281 -9.35148e-06 0.000134276 1 -0.000292928 9.43015e-06 0.000292926 1 0.0142996 0.0486984 -0.0510956
FixedParameters: 0 0 0

#Transform 9
Transform: AffineTransform_float_3_3
Parameters: 1 -1.16972e-05 0.000101432 1.17571e-05 1 -0.000294963 -0.000101426 0.000294965 1 0.025432 0.0376536 -0.0577562
FixedParameters: 0 0 0

#Transform 10
Transform: AffineTransform_float_3_3
Parameters: 1 -1.16882e-05 0.00013752 1.17248e-05 1 -0.000132982 -0.000137517 0.000132985 1 0.0280361 -0.0218889 -0.0264093
FixedParameters: 0 0 0

#Transform 11
Transform: AffineTransform_float_3_3
Parameters: 1 9.41126e-08 8.4214e-05 -1.58613e-07 1 0.000382953 -8.42139e-05 -0.000382953 1 0.0285951 -0.00361197 0.00340886
FixedParameters: 0 0 0

#Transform 12
Transform: AffineTransform_float_3_3
Parameters: 1 1.34425e-06 9.41242e-08 -1.34426e-06 1 8.59894e-05 -9.3893e-08 -8.59894e-05 1 0.00956577 0.0430857 -0.0531961
FixedParameters: 0 0 0

#Transform 13
Transform: AffineTransform_float_3_3
Parameters: 1 -2.96987e-07 -2.07637e-08 2.96986e-07 1 -1.89977e-05 2.0775e-08 1.89977e-05 1 0.0127405 0.0250636 -0.0646475
FixedParameters: 0 0 0

#Transform 14
Transform: AffineTransform_float_3_3
Parameters: 1 1.89858e-05 -0.000169084 -1.88333e-05 1 0.000450948 0.000169101 -0.000450941 1 0.0050171 -0.0316653 -0.075463
FixedParameters: 0 0 0

#Transform 15
Transform: AffineTransform_float_3_3
Parameters: 1 -4.43926e-06 -3.09186e-07 4.43908e-06 1 -0.000283965 3.11708e-07 0.000283965 1 -0.00349696 0.0273963 -0.0634338
FixedParameters: 0 0 0

#Transform 16
Transform: AffineTransform_float_3_3
Parameters: 1 -3.78274e-06 -2.63621e-07 3.78261e-06 1 -0.00024197 2.65451e-07 0.00024197 1 -0.00616421 0.0183516 -0.0765462
FixedParameters: 0 0 0

#Transform 17
Transform: AffineTransform_float_3_3
Parameters: 1 -2.58997e-05 0.000285892 2.61187e-05 1 -0.000382945 -0.000285872 0.00038296 1 -0.0237728 0.0103261 -0.084227
FixedParameters: 0 0 0

#Transform 18
Transform: AffineTransform_float_3_3
Parameters: 1 -2.7885e-05 0.000364944 2.79973e-05 1 -0.000153971 -0.000364936 0.000153991 1 -0.0250089 0.0356041 -0.108527
FixedParameters: 0 0 0

#Transform 19
Transform: AffineTransform_float_3_3
Parameters: 1 1.60997e-06 1.12758e-07 -1.60999e-06 1 0.000102987 -1.12426e-07 -0.000102987 1 0.0032473 -0.0268154 -0.0490833
FixedParameters: 0 0 0

#Transform 20
Transform: AffineTransform_float_3_3
Parameters: 1 -9.34189e-06 0.000146706 9.32458e-06 1 5.89941e-05 -0.000146707 -5.89914e-05 1 -0.000534157 -0.026939 -0.00178029
FixedParameters: 0 0 0

#Transform 21
Transform: AffineTransform_float_3_3
Parameters: 1 1.15668e-06 8.09767e-08 -1.15669e-06 1 7.39909e-05 -8.08056e-08 -7.39909e-05 1 -0.0266208 0.0258017 -0.0121109
FixedParameters: 0 0 0

#Transform 22
Transform: AffineTransform_float_3_3
Parameters: 1 -7.50307e-06 -5.21098e-07 7.50257e-06 1 -0.000479941 5.283e-07 0.000479941 1 -0.0261975 0.058639 -0.0798798
FixedParameters: 0 0 0

#Transform 23
Transform: AffineTransform_float_3_3
Parameters: 1 7.6869e-05 0.00046145 -7.65573e-05 1 -0.00033778 -0.000461502 0.000337709 1 -0.0168466 0.0216065 -0.095859
FixedParameters: 0 0 0

#Transform 24
Transform: AffineTransform_float_3_3
Parameters: 1 -3.04624e-06 0.000127099 2.95092e-06 1 0.000374954 -0.000127102 -0.000374954 1 0.000727663 -0.0280859 -0.0564231
FixedParameters: 0 0 0

#Transform 25
Transform: AffineTransform_float_3_3
Parameters: 1 -2.17203e-05 0.000367381 2.153e-05 1 0.000258976 -0.000367392 -0.00025896 1 -0.0206899 0.00412568 0.0259351
FixedParameters: 0 0 0

#Transform 26
Transform: AffineTransform_float_3_3
Parameters: 1 -2.03304e-05 0.00031535 2.02598e-05 1 0.000111993 -0.000315355 -0.00011198 1 -0.0149373 0.023696 0.00195714
FixedParameters: 0 0 0

#Transform 27
Transform: AffineTransform_float_3_3
Parameters: 0.999999 -6.87193e-05 0.000986609 6.86818e-05 1 1.90655e-05 -0.000986611 -1.89299e-05 0.999999 -0.0326603 0.0581577 -0.145903
FixedParameters: 0 0 0

#Transform 28
Transform: AffineTransform_float_3_3
Parameters: 1 2.613e-05 0.0010544 -2.6363e-05 1 0.000110353 -0.0010544 -0.000110548 1 -0.0290004 0.0327934 -0.171972
FixedParameters: 0 0 0

#Transform 29
Transform: AffineTransform_float_3_3
Parameters: 1 -0.000129671 0.000688622 0.000129515 1 0.000113376 -0.000688651 -0.000113198 1 -0.028027 -0.0421532 -0.114825
FixedParameters: 0 0 0

#Transform 30
Transform: AffineTransform_float_3_3
Parameters: 1 -4.29083e-05 0.000621521 4.28623e-05 1 3.70221e-05 -0.000621524 -3.69688e-05 1 -0.0310316 -0.0184524 -0.00989548
FixedParameters: 0 0 0

#Transform 31
Transform: AffineTransform_float_3_3
Parameters: 0.999999 -5.55288e-05 0.000749954 5.58377e-05 1 -0.000205933 -0.000749931 0.000206016 0.999999 -0.0303482 0.0494535 -0.0614888
FixedParameters: 0 0 0

#Transform 32
Transform: AffineTransform_float_3_3
Parameters: 1 5.53504e-05 0.00105641 -5.49023e-05 1 -0.00021217 -0.00105643 0.000211915 1 -0.034038 0.0306381 -0.0760148
FixedParameters: 0 0 0

#Transform 33
Transform: AffineTransform_float_3_3
Parameters: 0.999999 -0.000521374 0.000491527 0.000520789 0.999999 0.000609943 -0.000492162 -0.00061042 0.999999 -0.0109188 -0.00874147 -0.0952137
FixedParameters: 0 0 0

#Transform 34
Transform: AffineTransform_float_3_3
Parameters: 1 -0.000290578 0.000466768 0.000291224 1 0.000377227 -0.000466918 -0.00037694 1 -0.0170133 0.0269768 -0.0127981
FixedParameters: 0 0 0

#Transform 35
Transform: AffineTransform_float_3_3
Parameters: 1 0.000123943 0.000623166 -0.000123951 1 6.30494e-06 -0.000623165 -6.45942e-06 1 -0.0115071 0.0289567 -0.00098192
FixedParameters: 0 0 0

#Transform 36
Transform: AffineTransform_float_3_3
Parameters: 1 0.000109377 0.000622121 -0.00010917 1 -0.000166476 -0.000622157 0.00016634 1 -0.0162032 0.0771425 -0.0752034
FixedParameters: 0 0 0

#Transform 37
Transform: AffineTransform_float_3_3
Parameters: 1 -0.000257815 0.00059636 0.000257225 1 0.000494587 -0.000596614 -0.00049428 0.999999 -0.00850281 0.0306989 -0.0726989
FixedParameters: 0 0 0

#Transform 38
Transform: AffineTransform_float_3_3
Parameters: 1 0.000127146 0.000469061 -0.000127426 1 0.000298475 -0.000468985 -0.000298594 1 0.00410978 0.00782356 -0.0273641
FixedParameters: 0 0 0

#Transform 39
Transform: AffineTransform_float_3_3
Parameters: 1 0.000110203 0.000622187 -0.000110064 1 -0.000111484 -0.000622212 0.000111347 1 -0.0139765 0.0561468 -0.0559316
FixedParameters: 0 0 0

#Transform 40
Transform: AffineTransform_float_3_3
Parameters: 1 -7.47294e-05 0.000609271 7.47325e-05 1 -2.45267e-06 -0.00060927 2.54373e-06 1 -0.0172809 0.065848 -0.0877229
FixedParameters: 0 0 0

#Transform 41
Transform: AffineTransform_float_3_3
Parameters: 1 -0.000263779 0.0003514 0.000263622 1 0.000222858 -0.000351518 -0.000222672 1 -0.000125534 0.000468445 -0.100247
FixedParameters: 0 0 0

#Transform 42
Transform: AffineTransform_float_3_3
Parameters: 1 -0.000132048 0.00035964 0.000132887 1 0.00022076 -0.000359629 -0.000220649 1 0.0024141 0.0245472 -0.0625211
FixedParameters: 0 0 0

#Transform 43
Transform: AffineTransform_float_3_3
Parameters: 1 0.000115126 0.000622583 -0.000115395 1 0.000216473 -0.000622533 -0.000216616 1 -0.00871654 0.0578156 -0.0878042
FixedParameters: 0 0 0

#Transform 44
Transform: AffineTransform_float_3_3
Parameters: 0.999999 -6.07015e-05 0.000853845 6.02386e-05 1 0.000271097 -0.000853877 -0.000270993 0.999999 -0.0307211 0.0431728 -0.084465
FixedParameters: 0 0 0

#Transform 45
Transform: AffineTransform_float_3_3
Parameters: 1 -0.000273548 0.000595248 0.000272941 1 0.000509845 -0.000595527 -0.00050952 0.999999 -0.0200482 -3.94895e-05 -0.0872151
FixedParameters: 0 0 0

#Transform 46
Transform: AffineTransform_float_3_3
Parameters: 1 -1.1707e-05 0.000613692 1.05571e-05 0.999999 0.000938555 -0.000613745 -0.000938681 1 -0.0192866 0.00682421 -0.00845406
FixedParameters: 0 0 0

#Transform 47
Transform: AffineTransform_float_3_3
Parameters: 0.999999 0.000100689 0.000834095 -0.000101095 1 0.000243457 -0.000834046 -0.000243625 0.999999 -0.0165297 0.0563598 -0.0907548
FixedParameters: 0 0 0

#Transform 48
Transform: AffineTransform_float_3_3
Parameters: 1 -0.000124061 0.00100076 0.000124094 1 0.000481967 -0.00100081 -0.000481843 1 -0.0240498 0.022065 -0.102632
FixedParameters: 0 0 0

#Transform 49
Transform: AffineTransform_float_3_3
Parameters: 0.999999 -0.000236322 0.000767198 0.000235899 0.999999 0.000927085 -0.000767597 -0.000926846 1 -0.0175077 -0.0305615 -0.0501716
FixedParameters: 0 0 0

#Transform 50
Transform: AffineTransform_float_3_3
Parameters: 0.999999 -0.000105002 0.000757488 0.000104077 1 0.00061096 -0.000757616 -0.000610801 0.999999 -0.0172869 -0.0109376 -0.0045943
FixedParameters: 0 0 0

#Transform 51
Transform: AffineTransform_float_3_3
Parameters: 0.999999 -0.000194349 0.000864456 0.000194361 1 0.00057127 -0.000864639 -0.000571057 1 -0.0277411 0.0320325 -0.0784809
FixedParameters: 0 0 0

#Transform 52
Transform: AffineTransform_float_3_3
Parameters: 0.999999 -0.000339984 0.000840152 0.000339023 1 0.000573674 -0.000840572 -0.000573243 1 -0.0314114 0.0128792 -0.0948089
FixedParameters: 0 0 0

#Transform 53
Transform: AffineTransform_float_3_3
Parameters: 1 -2.82311e-05 0.000486215 2.81825e-05 1 4.99292e-05 -0.000486218 -4.99018e-05 1 -0.0274367 -0.0275112 -0.0123828
FixedParameters: 0 0 0

#Transform 54
Transform: AffineTransform_float_3_3
Parameters: 0.999998 0.000711976 0.00152448 -0.000710726 0.999999 -0.0010921 -0.00152521 0.00109074 0.999999 -0.045331 0.0163779 0.256688
FixedParameters: 0 0 0

#Transform 55
Transform: AffineTransform_float_3_3
Parameters: 0.999999 -0.000354726 0.000809377 0.000354643 1 -0.0005632 -0.000809078 0.00056362 1 -0.0158338 0.104236 0.00122008
FixedParameters: 0 0 0

#Transform 56
Transform: AffineTransform_float_3_3
Parameters: 0.999999 -0.000387471 0.000633358 0.000386906 1 0.000446659 -0.000633704 -0.000446169 0.999999 -0.00359902 0.0316448 0.0921304
FixedParameters: 0 0 0

#Transform 57
Transform: AffineTransform_float_3_3
Parameters: 0.999999 -0.000343848 0.000809935 0.000343519 1 0.00016979 -0.000809054 -0.000170226 0.999999 -0.00523041 0.0614575 0.102549
FixedParameters: 0 0 0

#Transform 58
Transform: AffineTransform_float_3_3
Parameters: 0.999999 -0.000350458 0.000809603 0.000350904 1 -0.000275153 -0.00080941 0.000275721 0.999999 -0.00300053 0.0847281 -0.0467146
FixedParameters: 0 0 0

#Transform 59
Transform: AffineTransform_float_3_3
Parameters: 1 -0.000357409 0.000931401 0.000357742 1 -0.000172112 -0.000931245 0.000171788 0.999999 -0.023161 0.0579203 -0.0490116
FixedParameters: 0 0 0

#Transform 60
Transform: AffineTransform_float_3_3
Parameters: 0.999999 -0.00034825 0.000809713 0.000348455 1 -0.000126173 -0.000809625 0.000126737 0.999999 -0.0036093 0.0330595 -0.00824817
FixedParameters: 0 0 0

#Transform 61
Transform: AffineTransform_float_3_3
Parameters: 0.999999 -0.000173044 0.000821987 0.000173091 1 -0.0006252 -0.000821871 0.00062434 1 -0.055307 0.10821 -0.0529625
FixedParameters: 0 0 0

#Transform 62
Transform: AffineTransform_float_3_3
Parameters: 1 -0.000155436 0.00118505 0.000155661 1 -9.47609e-05 -0.00118502 9.49904e-05 1 -0.05123 0.0592757 -0.0519758
FixedParameters: 0 0 0

#Transform 63
Transform: AffineTransform_float_3_3
Parameters: 0.999999 -0.000112546 0.00097954 0.000112803 1 -0.000131215 -0.00097951 0.000131436 0.999999 -0.0466743 0.0517073 -0.0124348
FixedParameters: 0 0 0

#Transform 64
Transform: AffineTransform_float_3_3
Parameters: 0.999999 -0.000357261 0.000809253 0.00035747 0.999999 -0.000735172 -0.000808827 0.000734606 1 -0.0450623 0.108116 -0.038241
FixedParameters: 0 0 0

#Transform 65
Transform: AffineTransform_float_3_3
Parameters: 0.999999 -0.000356282 0.0008093 0.000356369 0.999999 -0.000668186 -0.000808925 0.000668608 1 -0.0430342 0.095902 -0.0577379
FixedParameters: 0 0 0

#Transform 66
Transform: AffineTransform_float_3_3
Parameters: 1 -0.000368835 0.00107697 0.000369391 1 -0.000258111 -0.00107678 0.000258767 1 -0.0570417 0.0350478 -0.0326653
FixedParameters: 0 0 0

#Transform 67
Transform: AffineTransform_float_3_3
Parameters: 0.999999 -0.000350844 0.000809584 0.000351332 1 -0.00030115 -0.000809372 0.000301718 0.999999 -0.0513016 0.0776028 -0.0501905
FixedParameters: 0 0 0

#Transform 68
Transform: AffineTransform_float_3_3
Parameters: 0.999999 -0.000350844 0.000809584 0.000351332 1 -0.00030115 -0.000809372 0.000301718 0.999999 -0.0516477 0.0472524 -0.028372
FixedParameters: 0 0 0

#Transform 69
Transform: AffineTransform_float_3_3
Parameters: 0.999999 -0.000379457 0.00117154 0.000379717 1 -0.000536046 -0.0011712 0.00053678 0.999999 -0.0588742 0.0983377 -0.0401099
FixedParameters: 0 0 0

#Transform 70
Transform: AffineTransform_float_3_3
Parameters: 0.999999 -0.000383686 0.00128144 0.000383475 1 -0.000301023 -0.00128128 0.000300861 0.999999 -0.0504231 0.0779926 -0.0295717
FixedParameters: 0 0 0

#Transform 71
Transform: AffineTransform_float_3_3
Parameters: 0.999999 -0.000178942 0.000952829 0.000178815 1 6.6933e-05 -0.000952853 -6.65921e-05 0.999999 -0.0485187 0.0399481 -0.0202637
FixedParameters: 0 0 0

#Transform 72
Transform: AffineTransform_float_3_3
Parameters: 0.999999 -0.000373182 0.00117185 0.000373422 1 -0.000102091 -0.00117177 0.000102826 1 -0.0587173 0.0882658 -0.0527746
FixedParameters: 0 0 0

#Transform 73
Transform: AffineTransform_float_3_3
Parameters: 1 -0.000210423 0.00111404 0.00021045 1 -1.17651e-05 -0.00111403 1.20948e-05 1 -0.0445337 0.0565742 -0.0390539
FixedParameters: 0 0 0

#Transform 74
Transform: AffineTransform_float_3_3
Parameters: 0.999999 -0.00021097 0.000901493 0.000211158 1 -0.000104509 -0.000901449 0.000104889 0.999999 -0.0485562 0.0702456 -0.0272499
FixedParameters: 0 0 0

#Transform 75
Transform: AffineTransform_float_3_3
Parameters: 1 -0.0001872 0.00109265 0.000187178 1 -0.000446196 -0.00109256 0.000446451 1 -0.0422792 0.0946899 -0.0471792
FixedParameters: 0 0 0

#Transform 76
Transform: AffineTransform_float_3_3
Parameters: 0.999999 -0.000161238 0.000991163 0.000161196 1 2.15989e-05 -0.00099117 -2.12793e-05 0.999999 -0.0394537 0.0472654 -0.0399285
FixedParameters: 0 0 0

#Transform 77
Transform: AffineTransform_float_3_3
Parameters: 0.999999 -3.77805e-05 0.000994763 3.73673e-05 1 -0.000292576 -0.000994842 0.000292497 1 -0.0439349 0.0751143 -0.0272852
FixedParameters: 0 0 0

#Transform 78
Transform: AffineTransform_float_3_3
Parameters: 0.999999 -0.000190931 0.000959028 0.000191133 1 -0.000104892 -0.000958988 0.000105258 0.999999 -0.0440041 0.0607685 -0.0301425
FixedParameters: 0 0 0

#Transform 79
Transform: AffineTransform_float_3_3
Parameters: 1 -0.000364811 0.000997086 0.000364538 1 -0.000363148 -0.000996891 0.000363721 1 -0.0553751 0.0898471 -0.0305879
FixedParameters: 0 0 0

#Transform 80
Transform: AffineTransform_float_3_3
Parameters: 0.999999 -0.000208226 0.000888645 0.000208311 1 -4.75367e-05 -0.000888625 4.79069e-05 0.999999 -0.0485955 0.0520625 -0.00295686
FixedParameters: 0 0 0

#Transform 81
Transform: AffineTransform_float_3_3
Parameters: 1 -0.00021199 0.00118011 0.0002125 1 -0.000215818 -0.00118002 0.00021618 1 -0.0513955 0.0833844 -0.0307868
FixedParameters: 0 0 0

#Transform 82
Transform: AffineTransform_float_3_3
Parameters: 1 -0.000249555 0.00108824 0.000249555 1 -8.68726e-08 -0.00108824 4.90835e-07 1 -0.0530948 0.0551572 -0.0321917
FixedParameters: 0 0 0

#Transform 83
Transform: AffineTransform_float_3_3
Parameters: 0.999999 -0.000276521 0.00120268 0.000276027 1 -0.000202762 -0.00120264 0.000202281 0.999999 -0.0558966 0.0928363 -0.0434411
FixedParameters: 0 0 0

#Transform 84
Transform: AffineTransform_float_3_3
Parameters: 0.999999 -0.000178326 0.000821573 0.000177501 1 -0.000104992 -0.000821605 0.000105269 0.999999 -0.0461976 0.04398 -0.00171466
FixedParameters: 0 0 0

#Transform 85
Transform: AffineTransform_float_3_3
Parameters: 0.999999 -0.00035283 0.000809485 0.000352537 1 -0.000435148 -0.000809248 0.000435703 0.999999 -0.0413804 0.104399 -0.0346815
FixedParameters: 0 0 0

#Transform 86
Transform: AffineTransform_float_3_3
Parameters: 0.999999 -0.000347894 0.000809731 0.00034806 1 -0.000102177 -0.00080966 0.00010274 0.999999 -0.0518617 0.0634985 -0.0131172
FixedParameters: 0 0 0

#Transform 87
Transform: AffineTransform_float_3_3
Parameters: 1 -0.000167193 0.00119326 0.000166612 1 -0.000174596 -0.00119327 0.000174839 1 -0.0518269 0.0798854 -0.0439188
FixedParameters: 0 0 0

#Transform 88
Transform: AffineTransform_float_3_3
Parameters: 1 -0.000373783 0.00112878 0.000373577 1 -0.000350092 -0.00112858 0.000350781 1 -0.0579754 0.0707057 -0.0411732
FixedParameters: 0 0 0

#Transform 89
Transform: AffineTransform_float_3_3
Parameters: 0.999999 -0.000215232 0.000818996 0.000215403 1 -0.000104366 -0.000818951 0.000104719 0.999999 -0.0473732 0.0335021 -0.0132065
FixedParameters: 0 0 0

#Transform 90
Transform: AffineTransform_float_3_3
Parameters: 0.999999 -0.000354104 0.000809422 0.000353951 1 -0.000521136 -0.000809123 0.000521693 0.999999 -0.0514308 0.0832104 -0.0411919
FixedParameters: 0 0 0

#Transform 91
Transform: AffineTransform_float_3_3
Parameters: 1 -0.000364211 0.00101714 0.000364744 1 -0.000227141 -0.00101797 0.000227746 1 -0.0685204 0.0440288 -0.0123216
FixedParameters: 0 0 0

#Transform 92
Transform: AffineTransform_float_3_3
Parameters: 0.999999 -0.000355586 0.000809334 0.000355596 0.999999 -0.000621193 -0.000808993 0.000621613 1 -0.0517308 0.0662208 -0.0216766
FixedParameters: 0 0 0

#Transform 93
Transform: AffineTransform_float_3_3
Parameters: 0.999999 -0.000349184 0.000809667 0.00034949 1 -0.000189165 -0.000809534 0.00018973 0.999999 -0.051729 0.0582794 -0.0223353
FixedParameters: 0 0 0

#Transform 94
Transform: AffineTransform_float_3_3
Parameters: 0.999999 -0.000382495 0.00121844 0.000382768 1 -0.000521026 -0.00121811 0.000521804 0.999999 -0.0549677 0.0969198 -0.051985
FixedParameters: 0 0 0

#Transform 95
Transform: AffineTransform_float_3_3
Parameters: 0.999999 -0.000381866 0.00080806 0.000383744 0.999997 -0.0023939 -0.00080646 0.00239449 0.999997 -0.0528416 0.365711 0.068218
FixedParameters: 0 0 0

#Transform 96
Transform: AffineTransform_float_3_3
Parameters: 0.999996 0.00205632 0.00177187 -0.002049 0.999988 -0.00451218 -0.0017812 0.00450799 0.999988 -0.0515113 0.514161 0.132204
FixedParameters: 0 0 0

#Transform 97
Transform: AffineTransform_float_3_3
Parameters: 0.999991 0.00333929 0.00283029 -0.00332292 0.999978 -0.00580132 -0.00284934 0.00579145 0.999979 -0.0907198 0.58202 0.326908
FixedParameters: 0 0 0

#Transform 98
Transform: AffineTransform_float_3_3
Parameters: 0.999993 0.00256087 0.00262096 -0.0025479 0.999985 -0.00475116 -0.00263325 0.00474461 0.999985 -0.0933843 0.509344 0.142282
FixedParameters: 0 0 0

#Transform 99
Transform: AffineTransform_float_3_3
Parameters: 0.999997 0.00168236 0.00185783 -0.00167454 0.999989 -0.00440402 -0.00186544 0.0044006 0.999988 -0.0929099 0.495465 0.10518
FixedParameters: 0 0 0

#Transform 100
Transform: AffineTransform_float_3_3
Parameters: 0.999998 0.00169495 0.00147311 -0.00168841 0.999987 -0.00479515 -0.00148113 0.00479214 0.999987 -0.0713835 0.489517 0.107778
FixedParameters: 0 0 0

#Transform 101
Transform: AffineTransform_float_3_3
Parameters: 0.999997 0.00151161 0.00146319 -0.00150655 0.999993 -0.00357683 -0.00146851 0.00357443 0.999992 -0.0722591 0.437144 0.184178
FixedParameters: 0 0 0

#Transform 102
Transform: AffineTransform_float_3_3
Parameters: 0.999999 0.00163098 -0.000640546 -0.00163462 0.999987 -0.00480429 0.000632729 0.00480555 0.999989 0.0107741 0.25902 0.129363
FixedParameters: 0 0 0

#Transform 103
Transform: AffineTransform_float_3_3
Parameters: 0.999999 0.00143694 3.00753e-05 -0.00143612 0.999993 -0.00359884 -3.45194e-05 0.00359903 0.999993 -0.0198801 0.257172 0.196839
FixedParameters: 0 0 0

#Transform 104
Transform: AffineTransform_float_3_3
Parameters: 0.999998 0.00162895 -0.000130324 -0.00162995 0.999994 -0.0028474 0.000124938 0.00284795 0.999996 -0.0161183 0.242789 0.241754
FixedParameters: 0 0 0

#Transform 105
Transform: AffineTransform_float_3_3
Parameters: 0.999999 0.000827434 -0.000310786 -0.0008279 0.999998 -0.00214253 0.00030924 0.00214319 0.999997 -0.0118911 0.244887 0.197945
FixedParameters: 0 0 0

#Transform 106
Transform: AffineTransform_float_3_3
Parameters: 0.999999 0.00121166 -0.000437093 -0.00121275 0.999997 -0.00215713 0.000434891 0.00215834 0.999997 -0.00944553 0.26453 0.14037
FixedParameters: 0 0 0

#Transform 107
Transform: AffineTransform_float_3_3
Parameters: 0.999999 0.000641389 0.00050319 -0.000639869 0.999997 -0.00257315 -0.000505655 0.00257361 0.999996 -0.0187798 0.294252 -0.00150697
FixedParameters: 0 0 0

#Transform 108
Transform: AffineTransform_float_3_3
Parameters: 0.999999 0.000764852 0.000250876 -0.000763663 0.999997 -0.00262467 -0.000252987 0.00262442 0.999996 0.000152243 0.261985 0.0327876
FixedParameters: 0 0 0

#Transform 109
Transform: AffineTransform_float_3_3
Parameters: 1 0.000758558 -0.000507266 -0.000760362 0.999996 -0.00263525 0.000505233 0.00263603 0.999997 0.00401012 0.172756 0.117252
FixedParameters: 0 0 0

#Transform 110
Transform: AffineTransform_float_3_3
Parameters: 1 0.00103598 -0.000420331 -0.00103729 0.999997 -0.00253754 0.00041807 0.00253757 0.999996 -0.024335 0.215535 0.136885
FixedParameters: 0 0 0

#Transform 111
Transform: AffineTransform_float_3_3
Parameters: 0.999999 0.000975432 -0.000304443 -0.000976348 0.999995 -0.00282397 0.000301867 0.00282457 0.999996 -0.0334866 0.235502 0.0837452
FixedParameters: 0 0 0

#Transform 112
Transform: AffineTransform_float_3_3
Parameters: 0.999999 0.000712915 -3.09127e-05 -0.000713247 0.999993 -0.00349652 2.77327e-05 0.00349656 0.999994 -0.0665053 0.288466 0.0329246
FixedParameters: 0 0 0

#Transform 113
Transform: AffineTransform_float_3_3
Parameters: 1 0.00108304 0.000110647 -0.0010826 0.999996 -0.00287946 -0.000113986 0.00287935 0.999996 -0.0563208 0.198847 0.0315632
FixedParameters: 0 0 0

#Transform 114
Transform: AffineTransform_float_3_3
Parameters: 1 0.000357818 -0.000350781 -0.00035864 0.999997 -0.00252939 0.000349943 0.00252866 0.999996 -0.0272763 0.193663 0.0836045
FixedParameters: 0 0 0

#Transform 115
Transform: AffineTransform_float_3_3
Parameters: 1 0.000556117 -2.82024e-05 -0.000556425 0.999995 -0.00332206 2.6313e-05 0.00332209 0.999995 -0.0312504 0.258124 0.0280106
FixedParameters: 0 0 0

#Transform 116
Transform: AffineTransform_float_3_3
Parameters: 1 0.00102266 0.000200094 -0.0010215 0.999993 -0.00353977 -0.000203498 0.00353949 0.999993 -0.0754075 0.286231 -0.00313148
FixedParameters: 0 0 0

#Transform 117
Transform: AffineTransform_float_3_3
Parameters: 0.999999 0.000829299 9.36053e-05 -0.000828879 0.999996 -0.00289743 -9.65406e-05 0.00289741 0.999996 -0.0577422 0.186507 -0.00648773
FixedParameters: 0 0 0

#Transform 118
Transform: AffineTransform_float_3_3
Parameters: 0.999999 0.000858851 -7.64538e-05 -0.000858365 0.999996 -0.00251057 7.41126e-05 0.00251072 0.999997 -0.0503991 0.191933 0.0208135
FixedParameters: 0 0 0

#Transform 119
Transform: AffineTransform_float_3_3
Parameters: 0.999999 0.000829682 0.000217549 -0.000828434 0.999994 -0.00330572 -0.000220195 0.00330549 0.999994 -0.0560853 0.272026 -0.00690994
FixedParameters: 0 0 0

#Transform 120
Transform: AffineTransform_float_3_3
Parameters: 1 0.000268609 5.60452e-05 -0.000268352 0.999996 -0.00282562 -5.66904e-05 0.00282559 0.999996 -0.0512876 0.208091 -0.0254699
FixedParameters: 0 0 0

#Transform 121
Transform: AffineTransform_float_3_3
Parameters: 1 5.2899e-05 -0.000360279 -5.35133e-05 0.999997 -0.00214367 0.000361055 0.00214373 0.999997 -0.0135672 0.175732 0.0316039
FixedParameters: 0 0 0

#Transform 122
Transform: AffineTransform_float_3_3
Parameters: 1 0.000431653 -0.00019767 -0.000431959 0.999995 -0.00297181 0.000197042 0.00297199 0.999995 -0.0298843 0.238065 0.0222881
FixedParameters: 0 0 0

#Transform 123
Transform: AffineTransform_float_3_3
Parameters: 1 0.000322109 -6.27881e-05 -0.000322644 0.999994 -0.00324335 6.25348e-05 0.00324339 0.999995 -0.0414302 0.285852 0.0117912
FixedParameters: 0 0 0

#Transform 124
Transform: AffineTransform_float_3_3
Parameters: 1 0.000149386 -0.000152385 -0.000149198 0.999997 -0.00269247 0.000151526 0.00269253 0.999997 -0.055154 0.203133 -0.00141118
FixedParameters: 0 0 0

#Transform 125
Transform: AffineTransform_float_3_3
Parameters: 1 0.000532363 -6.74297e-05 -0.00053277 0.999997 -0.00258047 6.55844e-05 0.00258067 0.999996 -0.0513542 0.242659 -0.014214
FixedParameters: 0 0 0

#Transform 126
Transform: AffineTransform_float_3_3
Parameters: 1 0.000547233 7.46767e-05 -0.000546848 0.999995 -0.00294003 -7.70213e-05 0.00293995 0.999995 -0.0534205 0.271728 -0.000968279
FixedParameters: 0 0 0

#Transform 127
Transform: AffineTransform_float_3_3
Parameters: 1 0.000487988 7.0902e-05 -0.000487681 0.999996 -0.00257905 -7.25149e-05 0.00257898 0.999996 -0.0559026 0.205888 0.0122929
FixedParameters: 0 0 0

#Transform 128
Transform: AffineTransform_float_3_3
Parameters: 1 0.000426486 6.66164e-05 -0.000427156 0.999996 -0.00287613 -6.82693e-05 0.00287606 0.999996 -0.0576343 0.249276 0.00735007
FixedParameters: 0 0 0

#Transform 129
Transform: AffineTransform_float_3_3
Parameters: 1 2.59308e-05 -0.000233852 -2.629e-05 0.999995 -0.0029205 0.000233644 0.00292052 0.999995 -0.0465839 0.321747 0.0614622
FixedParameters: 0 0 0

#Transform 130
Transform: AffineTransform_float_3_3
Parameters: 1 -0.000171142 2.65149e-05 0.000171363 0.999997 -0.00267768 -2.67199e-05 0.00267769 0.999997 -0.0561273 0.263611 0.0703565
FixedParameters: 0 0 0

#Transform 131
Transform: AffineTransform_float_3_3
Parameters: 1 -0.000170826 -0.000189819 0.000169552 0.999993 -0.0035736 0.00018985 0.00357354 0.999993 -0.0377691 0.324939 0.037553
FixedParameters: 0 0 0

#Transform 132
Transform: AffineTransform_float_3_3
Parameters: 1 0.000284517 -9.80636e-07 -0.000284581 0.999997 -0.00269478 3.19081e-07 0.00269478 0.999997 -0.0466551 0.265327 0.0630524
FixedParameters: 0 0 0

#Transform 133
Transform: AffineTransform_float_3_3
Parameters: 0.999999 0.000754676 8.89231e-05 -0.00075436 0.999996 -0.00249827 -9.07926e-05 0.00249813 0.999997 -0.0712916 0.249292 0.0674087
FixedParameters: 0 0 0

#Transform 134
Transform: AffineTransform_float_3_3
Parameters: 1 0.000220807 5.26785e-05 -0.000220503 0.999994 -0.00339594 -5.33677e-05 0.00339591 0.999994 -0.0353883 0.325132 0.0446717
FixedParameters: 0 0 0

#Transform 135
Transform: AffineTransform_float_3_3
Parameters: 1 -0.000153716 -0.000263948 0.00015224 0.999996 -0.00280971 0.000264683 0.00280962 0.999996 -0.03683 0.290976 0.0678324
FixedParameters: 0 0 0

#Transform 136
Transform: AffineTransform_float_3_3
Parameters: 1 0.000157251 4.84799e-05 -0.000156915 0.999994 -0.00331192 -4.96767e-05 0.0033119 0.999994 -0.044381 0.304655 0.0551677
FixedParameters: 0 0 0

#Transform 137
Transform: AffineTransform_float_3_3
Parameters: 1 0.000152994 -0.00029152 -0.000153819 0.999996 -0.0030524 0.000291496 0.00305151 0.999996 -0.0391095 0.297707 0.0981873
FixedParameters: 0 0 0

#Transform 138
Transform: AffineTransform_float_3_3
Parameters: 1 0.000229204 5.33642e-05 -0.000229942 0.999996 -0.00298497 -5.39324e-05 0.00298506 0.999995 -0.0474459 0.315815 0.0610703
FixedParameters: 0 0 0

#Transform 139
Transform: AffineTransform_float_3_3
Parameters: 1 0.0001023 4.48823e-05 -0.000103029 0.999996 -0.00286802 -4.56659e-05 0.00286799 0.999996 -0.0606932 0.303756 0.0830525
FixedParameters: 0 0 0

#Transform 140
Transform: AffineTransform_float_3_3
Parameters: 1 0.00041767 0.000181336 -0.000416728 0.999996 -0.00275514 -0.000182762 0.00275498 0.999996 -0.06686 0.298472 0.0780793
FixedParameters: 0 0 0

#Transform 141
Transform: AffineTransform_float_3_3
Parameters: 1 0.000531131 9.76679e-05 -0.000531687 0.999995 -0.00290983 -9.89611e-05 0.00290971 0.999996 -0.060217 0.272759 0.122787
FixedParameters: 0 0 0

#Transform 142
Transform: AffineTransform_float_3_3
Parameters: 1 0.000516134 0.000201593 -0.00051587 0.999994 -0.00342682 -0.000203393 0.00342659 0.999994 -0.0616928 0.321644 0.0819479
FixedParameters: 0 0 0

#Transform 143
Transform: AffineTransform_float_3_3
Parameters: 1 0.000317256 0.000188486 -0.000317131 0.999995 -0.00312262 -0.000189696 0.00312248 0.999995 -0.0561435 0.317653 0.071261
FixedParameters: 0 0 0

#Transform 144
Transform: AffineTransform_float_3_3
Parameters: 1 0.000522152 0.000202218 -0.000522045 0.999996 -0.00303687 -0.000203621 0.00303664 0.999996 -0.0623039 0.264001 0.115352
FixedParameters: 0 0 0

#Transform 145
Transform: AffineTransform_float_3_3
Parameters: 1 0.000519451 0.000201945 -0.00051929 0.999994 -0.00321085 -0.000203513 0.00321161 0.999995 -0.0620863 0.3213 0.107423
FixedParameters: 0 0 0

#Transform 146
Transform: AffineTransform_float_3_3
Parameters: 1 0.000521276 0.000296576 -0.000520753 0.999996 -0.00268397 -0.000298572 0.00268463 0.999997 -0.063484 0.313248 0.0720304
FixedParameters: 0 0 0

#Transform 147
Transform: AffineTransform_float_3_3
Parameters: 1 0.000525823 0.000202608 -0.000525741 0.999996 -0.0027989 -0.000204749 0.00279867 0.999996 -0.0619737 0.314448 0.100228
FixedParameters: 0 0 0

#Transform 148
Transform: AffineTransform_float_3_3
Parameters: 1 0.000523894 0.000202411 -0.000523835 0.999995 -0.00292388 -0.000203675 0.00292365 0.999995 -0.0651261 0.315481 0.0898972
FixedParameters: 0 0 0

#Transform 149
Transform: AffineTransform_float_3_3
Parameters: 1 0.000525715 0.000202597 -0.000525631 0.999996 -0.0028059 -0.000204744 0.00280567 0.999996 -0.0618895 0.297269 0.0920756
FixedParameters: 0 0 0

#Transform 150
Transform: AffineTransform_float_3_3
Parameters: 1 0.000518186 0.000289227 -0.000517623 0.999995 -0.00291693 -0.000290449 0.00291661 0.999995 -0.063876 0.336621 0.110095
FixedParameters: 0 0 0

#Transform 151
Transform: AffineTransform_float_3_3
Parameters: 1 0.000525406 0.000202565 -0.000525386 0.999996 -0.0028259 -0.000203735 0.00282566 0.999996 -0.0821749 0.308196 0.121191
FixedParameters: 0 0 0

#Transform 152
Transform: AffineTransform_float_3_3
Parameters: 1 0.000414986 0.00019504 -0.000413845 0.999995 -0.00306215 -0.000196737 0.00306199 0.999996 -0.0656472 0.389695 0.105337
FixedParameters: 0 0 0

#Transform 153
Transform: AffineTransform_float_3_3
Parameters: 0.999999 0.000784251 2.4881e-05 -0.00078426 0.999994 -0.00356868 -2.76749e-05 0.00356877 0.999993 -0.0635326 0.30701 0.148883
FixedParameters: 0 0 0

#Transform 154
Transform: AffineTransform_float_3_3
Parameters: 1 0.000522845 0.000202304 -0.000522759 0.999996 -0.00299181 -0.000203633 0.00299171 0.999995 -0.02657 0.270166 0.172643
FixedParameters: 0 0 0

#Transform 155
Transform: AffineTransform_float_3_3
Parameters: 1 0.000534712 2.57044e-05 -0.000534612 0.999996 -0.0029887 -2.80283e-05 0.00298881 0.999995 -0.0191714 0.300498 0.195109
FixedParameters: 0 0 0

#Transform 156
Transform: AffineTransform_float_3_3
Parameters: 1 0.000524017 0.00013209 -0.000524288 0.999994 -0.00321781 -0.000133695 0.00321765 0.999995 -0.0384318 0.316889 0.195557
FixedParameters: 0 0 0

#Transform 157
Transform: AffineTransform_float_3_3
Parameters: 1 0.000553281 -0.000219531 -0.000554661 0.999996 -0.00285365 0.000218238 0.00285389 0.999996 -0.051005 0.312393 0.135741
FixedParameters: 0 0 0

#Transform 158
Transform: AffineTransform_float_3_3
Parameters: 1 0.000400928 0.000299125 -0.000399868 0.999993 -0.00352215 -0.000301206 0.00352189 0.999994 -0.0621513 0.332483 0.0949276
FixedParameters: 0 0 0

#Transform 159
Transform: AffineTransform_float_3_3
Parameters: 1 0.000553976 -0.000223478 -0.000555367 0.999996 -0.00282665 0.000222212 0.00282689 0.999996 -0.0573515 0.269084 0.14038
FixedParameters: 0 0 0

#Transform 160
Transform: AffineTransform_float_3_3
Parameters: 1 0.000518198 8.22557e-05 -0.000518686 0.999992 -0.00380171 -8.4492e-05 0.00380161 0.999993 -0.0755676 0.345127 0.116232
FixedParameters: 0 0 0

#Transform 161
Transform: AffineTransform_float_3_3
Parameters: 1 0.000367984 0.00019196 -0.00036791 0.999995 -0.0029394 -0.00019332 0.00293924 0.999995 -0.0500339 0.307192 0.0854308
FixedParameters: 0 0 0

#Transform 162
Transform: AffineTransform_float_3_3
Parameters: 1 0.000608813 0.000208064 -0.000608694 0.999996 -0.00298218 -0.000209895 0.00298204 0.999995 -0.0585782 0.290335 0.0992057
FixedParameters: 0 0 0

#Transform 163
Transform: AffineTransform_float_3_3
Parameters: 1 0.00052455 0.000103013 -0.000524988 0.999995 -0.00330772 -0.000104717 0.00330773 0.999994 -0.073859 0.330195 0.150171
FixedParameters: 0 0 0

#Transform 164
Transform: AffineTransform_float_3_3
Parameters: 0.999999 0.000910745 1.40703e-05 -0.000910892 0.999992 -0.00372873 -1.70932e-05 0.00372869 0.999993 -0.0863801 0.335093 0.200559
FixedParameters: 0 0 0

#Transform 165
Transform: AffineTransform_float_3_3
Parameters: 1 0.00051962 0.000201961 -0.000519449 0.999994 -0.00320085 -0.000203519 0.00320062 0.999995 -0.0521381 0.353891 0.183353
FixedParameters: 0 0 0

#Transform 166
Transform: AffineTransform_float_3_3
Parameters: 0.999999 0.000676101 0.000212243 -0.000674772 0.999994 -0.00340736 -0.00021504 0.00340706 0.999994 -0.0805062 0.339876 0.211473
FixedParameters: 0 0 0

#Transform 167
Transform: AffineTransform_float_3_3
Parameters: 1 0.000517594 0.000243947 -0.000517121 0.999995 -0.00314988 -0.000246437 0.0031506 0.999995 -0.100955 0.379161 0.140304
FixedParameters: 0 0 0

#Transform 168
Transform: AffineTransform_float_3_3
Parameters: 0.999999 0.000923723 7.19168e-06 -0.000923931 0.999993 -0.00344288 -9.75219e-06 0.00344286 0.999994 -0.0774965 0.311069 0.184078
FixedParameters: 0 0 0

#Transform 169
Transform: AffineTransform_float_3_3
Parameters: 1 0.000510741 0.000267345 -0.000509991 0.999994 -0.00349285 -0.000269174 0.00349255 0.999994 -0.0920084 0.340473 0.18575
FixedParameters: 0 0 0

#Transform 170
Transform: AffineTransform_float_3_3
Parameters: 1 0.000578535 8.04748e-05 -0.000578105 0.999994 -0.0034126 -8.26153e-05 0.0034125 0.999994 -0.0813477 0.330879 0.156127
FixedParameters: 0 0 0

#Transform 171
Transform: AffineTransform_float_3_3
Parameters: 1 0.000508682 0.0003666 -0.000507459 0.999995 -0.00319793 -0.000368081 0.00319754 0.999995 -0.0918197 0.34554 0.134558
FixedParameters: 0 0 0

#Transform 172
Transform: AffineTransform_float_3_3
Parameters: 1 0.000519316 0.000309435 -0.000518663 0.999996 -0.00275596 -0.000311493 0.00275562 0.999996 -0.0958393 0.291282 0.136307
FixedParameters: 0 0 0

#Transform 173
Transform: AffineTransform_float_3_3
Parameters: 0.999999 0.000479405 0.000661927 -0.000477437 0.999993 -0.00383302 -0.00066406 0.00383233 0.999993 -0.109266 0.378761 0.120807
FixedParameters: 0 0 0

#Transform 174
Transform: AffineTransform_float_3_3
Parameters: 0.999999 0.000491499 0.000663206 -0.000489607 0.999996 -0.00302511 -0.000664476 0.00302442 0.999995 -0.0939739 0.31078 0.144757
FixedParameters: 0 0 0

#Transform 175
Transform: AffineTransform_float_3_3
Parameters: 1 0.000512948 0.000246474 -0.00051237 0.999994 -0.00343984 -0.000248264 0.00343957 0.999994 -0.0862276 0.333103 0.136695
FixedParameters: 0 0 0

#Transform 176
Transform: AffineTransform_float_3_3
Parameters: 1 0.000501605 0.000400021 -0.000500909 0.999993 -0.00351392 -0.000401876 0.00351348 0.999994 -0.0809844 0.330107 0.13329
FixedParameters: 0 0 0

#Transform 177
Transform: AffineTransform_float_3_3
Parameters: 1 0.000516698 0.00031419 -0.000515997 0.999995 -0.00290494 -0.00031539 0.0029046 0.999995 -0.0813784 0.299128 0.0994885
FixedParameters: 0 0 0

#Transform 178
Transform: AffineTransform_float_3_3
Parameters: 1 0.000322631 0.000372054 -0.00032101 0.999994 -0.00360502 -0.000373667 0.00360575 0.999994 -0.0898112 0.331279 0.132443
FixedParameters: 0 0 0

#Transform 179
Transform: AffineTransform_float_3_3
Parameters: 1 0.00045343 0.000245571 -0.000451912 0.999995 -0.00333887 -0.000246787 0.00333864 0.999995 -0.0754626 0.27617 0.12581
FixedParameters: 0 0 0

#Transform 180
Transform: AffineTransform_float_3_3
Parameters: 1 0.000409306 0.000240746 -0.000408863 0.999995 -0.00310215 -0.000242513 0.00310193 0.999995 -0.0850218 0.314775 0.159697
FixedParameters: 0 0 0

#Transform 181
Transform: AffineTransform_float_3_3
Parameters: 1 0.000344644 -0.000209417 -0.00034583 0.999997 -0.00269443 0.000208428 0.00269457 0.999997 -0.0598443 0.312411 0.147313
FixedParameters: 0 0 0

#Transform 182
Transform: AffineTransform_float_3_3
Parameters: 1 0.000437254 5.99891e-05 -0.000436949 0.999993 -0.00356036 -6.1295e-05 0.0035603 0.999993 -0.0687139 0.372942 0.171816
FixedParameters: 0 0 0

#Transform 183
Transform: AffineTransform_float_3_3
Parameters: 1 0.000329361 -0.000168476 -0.000329443 0.999996 -0.00304128 0.000167382 0.0030414 0.999996 -0.0587574 0.299343 0.188531
FixedParameters: 0 0 0

#Transform 184
Transform: AffineTransform_float_3_3
Parameters: 1 0.000423858 -0.00028255 -0.000424855 0.999995 -0.00331261 0.000281614 0.00331286 0.999995 -0.0577917 0.345649 0.173541
FixedParameters: 0 0 0

#Transform 185
Transform: AffineTransform_float_3_3
Parameters: 1 0.000491328 0.000275229 -0.000490675 0.999994 -0.00322352 -0.000276626 0.00322323 0.999995 -0.0767785 0.345626 0.138048
FixedParameters: 0 0 0

#Transform 186
Transform: AffineTransform_float_3_3
Parameters: 1 0.000324166 0.000365378 -0.000323017 0.999996 -0.00301296 -0.000366557 0.0030127 0.999996 -0.0898017 0.313106 0.122504
FixedParameters: 0 0 0

#Transform 187
Transform: AffineTransform_float_3_3
Parameters: 1 0.000334563 0.000366122 -0.00033348 0.999995 -0.00292011 -0.000367271 0.00291985 0.999995 -0.0897973 0.340452 0.144093
FixedParameters: 0 0 0

#Transform 188
Transform: AffineTransform_float_3_3
Parameters: 1 0.000391673 0.00019469 -0.000391707 0.999997 -0.00262867 -0.000195916 0.00262864 0.999996 -0.0812216 0.304061 0.162481
FixedParameters: 0 0 0

#Transform 189
Transform: AffineTransform_float_3_3
Parameters: 1 0.000520488 0.000117841 -0.000519862 0.999995 -0.00318371 -0.000119316 0.00318359 0.999995 -0.07592 0.347044 0.142724
FixedParameters: 0 0 0

#Transform 190
Transform: AffineTransform_float_3_3
Parameters: 1 0.00050888 0.000377861 -0.000507809 0.999996 -0.00280991 -0.000379915 0.0028095 0.999996 -0.0847639 0.315844 0.203858
FixedParameters: 0 0 0

#Transform 191
Transform: AffineTransform_float_3_3
Parameters: 0.999999 0.000527515 0.000451093 -0.000525835 0.999995 -0.00310536 -0.000452595 0.00310486 0.999995 -0.0917383 0.333317 0.161059
FixedParameters: 0 0 0

#Transform 192
Transform: AffineTransform_float_3_3
