#Insight Transform File V1.0
#Transform 0
Transform: AffineTransform_float_3_3
Parameters: 1 -0.000454748 -0.000373636 0.000455978 0.999996 0.00279083 0.00037316 -0.00279117 0.999996 -0.00333161 -0.182012 0.10294
FixedParameters: 0 0 0

#Transform 1
Transform: AffineTransform_float_3_3
Parameters: 1 -0.000253407 1.7347e-05 0.000253365 0.999995 0.00321 -1.79763e-05 -0.00320999 0.999995 -0.00995179 -0.166382 0.0480205
FixedParameters: 0 0 0

#Transform 2
Transform: AffineTransform_float_3_3
Parameters: 1 0.000144932 -0.000332053 -0.000145304 0.999999 0.000942047 0.000332398 -0.000941951 0.999999 0.0103244 -0.122563 0.194215
FixedParameters: 0 0 0

#Transform 3
Transform: AffineTransform_float_3_3
Parameters: 0.999999 0.000107533 -0.000742513 -0.00010783 1 0.00047208 0.000742686 -0.00047192 0.999999 0.0276908 -0.127595 0.271114
FixedParameters: 0 0 0

#Transform 4
Transform: AffineTransform_float_3_3
Parameters: 1 -3.03757e-05 -0.000434941 3.09727e-05 0.999999 0.00183299 0.0004349 -0.00183301 0.999998 0.0113878 -0.163663 0.104548
FixedParameters: 0 0 0

#Transform 5
Transform: AffineTransform_float_3_3
Parameters: 1 -1.21526e-05 -0.000173575 1.27285e-05 0.999998 0.001659 0.000173534 -0.001659 0.999998 -0.01088 -0.141349 -0.00161671
FixedParameters: 0 0 0

#Transform 6
Transform: AffineTransform_float_3_3
Parameters: 1 0.000339716 -1.60249e-05 -0.000339687 0.999999 0.000897005 1.66343e-05 -0.000896994 0.999999 -0.00594703 -0.116206 0.098357
FixedParameters: 0 0 0

#Transform 7
Transform: AffineTransform_float_3_3
Parameters: 1 0.00047631 -0.000308567 -0.000475965 0.999999 0.000559147 0.000309099 -0.000558853 1 0.0137246 -0.123494 0.14596
FixedParameters: 0 0 0

#Transform 8
Transform: AffineTransform_float_3_3
Parameters: 1 4.23419e-05 -0.000469102 -4.18519e-05 0.999998 0.00166302 0.000468316 -0.00166298 0.999998 0.0108761 -0.144979 0.0644127
FixedParameters: 0 0 0

#Transform 9
Transform: AffineTransform_float_3_3
Parameters: 1 -0.000250092 0.000121796 0.000249789 0.999998 0.00153803 -0.000121567 -0.00153896 0.999999 -0.00810994 -0.119784 -0.00666872
FixedParameters: 0 0 0

#Transform 10
Transform: AffineTransform_float_3_3
Parameters: 1 -0.000287036 0.000107775 0.000287019 1 7.90309e-05 -0.00010782 -7.89691e-05 1 -0.00873967 -0.0291454 0.0131698
FixedParameters: 0 0 0

#Transform 11
Transform: AffineTransform_float_3_3
Parameters: 1 -0.000350885 0.000141193 0.000350757 0.999999 0.000709049 -0.000140693 -0.00070895 0.999999 -0.0157842 -0.0361468 -0.0397653
FixedParameters: 0 0 0

#Transform 12
Transform: AffineTransform_float_3_3
Parameters: 1 -0.000482932 0.000344837 0.000482221 0.999999 0.00113417 -0.000344934 -0.00113383 1 -0.0305229 -0.0557595 -0.0632465
FixedParameters: 0 0 0

#Transform 13
Transform: AffineTransform_float_3_3
Parameters: 1 -4.25101e-06 0.00040333 4.09613e-06 1 0.000192002 -0.000403331 -0.000191998 1 -0.0247395 -0.00335847 0.0205934
FixedParameters: 0 0 0

#Transform 14
Transform: AffineTransform_float_3_3
Parameters: 1 -1.84013e-05 0.000203849 1.85448e-05 1 -0.000351996 -0.000203836 0.000352004 1 -0.0217741 -0.0341727 0.046686
FixedParameters: 0 0 0

#Transform 15
Transform: AffineTransform_float_3_3
Parameters: 1 -2.47297e-05 0.00011804 2.45139e-05 0.999999 0.000914002 -0.000118085 -0.000913996 0.999999 -0.0214382 -0.101547 -0.0352747
FixedParameters: 0 0 0

#Transform 16
Transform: AffineTransform_float_3_3
Parameters: 1 -2.4746e-05 0.000118037 2.44976e-05 1 0.001052 -0.000118088 -0.001052 1 -0.0311629 -0.0793704 -0.0539521
FixedParameters: 0 0 0

#Transform 17
Transform: AffineTransform_float_3_3
Parameters: 1 -2.46102e-05 0.000118065 2.46335e-05 1 -9.89971e-05 -0.00011806 9.90029e-05 1 -0.0143093 -0.050915 0.0418951
FixedParameters: 0 0 0

#Transform 18
Transform: AffineTransform_float_3_3
Parameters: 1 -3.8626e-05 -7.74405e-05 3.86446e-05 1 0.000119997 7.74312e-05 -0.000120003 1 -0.0106119 -0.0561528 0.0261516
FixedParameters: 0 0 0

#Transform 19
Transform: AffineTransform_float_3_3
Parameters: 1 -0.000334209 0.000193066 0.000334918 0.999999 0.000932064 -0.000192763 -0.000931935 0.999999 -0.0116617 -0.0765165 -0.0568858
FixedParameters: 0 0 0

#Transform 20
Transform: AffineTransform_float_3_3
Parameters: 1 -0.000132348 0.000125782 0.000132343 1 1.70166e-05 -0.000125787 -1.69834e-05 1 -0.00535782 -0.0101687 0.0114033
FixedParameters: 0 0 0

#Transform 21
Transform: AffineTransform_float_3_3
Parameters: 1 -4.91683e-05 -0.000223041 4.89796e-05 1 -0.000423011 0.000223083 0.000422989 1 0.00374252 -0.038838 0.0460506
FixedParameters: 0 0 0

#Transform 22
Transform: AffineTransform_float_3_3
Parameters: 1 -3.19932e-05 1.53114e-05 3.1979e-05 1 0.000462 -1.53409e-05 -0.000461999 1 -0.0180189 -0.0771701 -0.0554054
FixedParameters: 0 0 0

#Transform 23
Transform: AffineTransform_float_3_3
Parameters: 1 -0.000113399 0.000124421 0.000113389 1 4.10141e-05 -0.00012443 -4.09859e-05 1 -0.0163463 -0.0251571 0.024932
FixedParameters: 0 0 0

#Transform 24
Transform: AffineTransform_float_3_3
Parameters: 1 0.000330518 9.24287e-05 -0.000330345 1 -0.00054703 -9.17927e-05 0.000546969 1 -0.0238423 -0.0271066 0.0568893
FixedParameters: 0 0 0

#Transform 25
Transform: AffineTransform_float_3_3
Parameters: 1 0.000101019 0.000109088 -0.000101092 1 0.000333989 -0.00010902 -0.000334011 1 -0.0160031 -0.0672089 -0.0251509
FixedParameters: 0 0 0

#Transform 26
Transform: AffineTransform_float_3_3
Parameters: 1 0.000174798 0.000103877 -0.000174934 1 0.000652982 -0.000103649 -0.000653018 1 -0.00943451 -0.0338253 -0.0804854
FixedParameters: 0 0 0

#Transform 27
Transform: AffineTransform_float_3_3
Parameters: 1 0.000240751 9.89125e-05 -0.000240572 1 -0.000547024 -9.81784e-05 0.000546976 1 -0.0135095 -0.00414514 0.0235248
FixedParameters: 0 0 0

#Transform 28
Transform: AffineTransform_float_3_3
Parameters: 1 0.000216117 -0.000243129 -0.000216231 1 -0.000233947 0.000243027 0.000234053 1 -0.00969855 -0.0502726 0.00221748
FixedParameters: 0 0 0

#Transform 29
Transform: AffineTransform_float_3_3
Parameters: 1 -7.96183e-05 -7.65567e-05 7.97285e-05 1 0.000720988 7.64419e-05 -0.000720011 0.999999 -0.0274686 -0.0617078 -0.0533463
FixedParameters: 0 0 0

#Transform 30
Transform: AffineTransform_float_3_3
Parameters: 1 0.000327525 9.26448e-05 -0.000327353 1 -0.00054703 -9.20056e-05 0.00054697 1 -0.0181979 0.00289313 0.0458623
FixedParameters: 0 0 0

#Transform 31
Transform: AffineTransform_float_3_3
Parameters: 1 0.000385882 -0.000265481 -0.00038616 1 -0.000523897 0.000265076 0.000524102 1 -0.011338 -0.0111235 0.0341875
FixedParameters: 0 0 0

#Transform 32
Transform: AffineTransform_float_3_3
Parameters: 1 0.000338318 -0.00032998 -0.000338221 1 0.000147112 0.00033008 -0.000146888 1 -0.0228916 -0.039018 -0.0396935
FixedParameters: 0 0 0

#Transform 33
Transform: AffineTransform_float_3_3
Parameters: 1 0.000211848 -0.000305793 -0.000211491 1 0.000584064 0.00030604 -0.000583935 1 -0.0261387 -0.032789 -0.0898875
FixedParameters: 0 0 0

#Transform 34
Transform: AffineTransform_float_3_3
Parameters: 1 0.000633498 -0.000266235 -0.000633711 0.999999 -0.000399831 0.000265728 0.000400168 1 -0.0256682 0.00248959 -0.032842
FixedParameters: 0 0 0

#Transform 35
Transform: AffineTransform_float_3_3
Parameters: 1 0.0010129 -0.000575097 -0.00101315 0.999999 -0.00114542 0.000573701 0.00114658 0.999999 -0.00516152 0.00787476 0.0474634
FixedParameters: 0 0 0

#Transform 36
Transform: AffineTransform_float_3_3
Parameters: 0.999999 0.000526111 -0.000700538 -0.000526426 1 -0.000225626 0.0007003 0.000225374 1 -0.0193819 -0.0429224 -0.00587891
FixedParameters: 0 0 0

#Transform 37
Transform: AffineTransform_float_3_3
Parameters: 1 0.000491887 -0.000228791 -0.00049192 1 -7.18875e-05 0.00022872 7.21125e-05 1 -0.0215861 -0.0235174 -0.0288449
FixedParameters: 0 0 0

#Transform 38
Transform: AffineTransform_float_3_3
Parameters: 1 0.000894378 -0.000566197 -0.000894282 0.999999 -0.00085956 0.000565585 0.00085944 0.999999 0.00335481 0.015448 0.0694715
FixedParameters: 0 0 0

#Transform 39
Transform: AffineTransform_float_3_3
Parameters: 1 0.000692482 -0.000838951 -0.00069214 0.999999 -0.000390414 0.000838339 0.000390586 0.999999 0.00383487 -0.0402515 0.0317192
FixedParameters: 0 0 0

#Transform 40
Transform: AffineTransform_float_3_3
Parameters: 1 0.000895001 -0.00056521 -0.000894726 0.999999 0.000243511 0.000565646 -0.000243489 1 -0.0103148 -0.0564947 -0.0237964
FixedParameters: 0 0 0

#Transform 41
Transform: AffineTransform_float_3_3
Parameters: 0.999999 0.000905668 -0.000412274 -0.000905011 1 -0.000499693 0.000412296 0.000499308 1 -0.0168542 -0.00673026 0.0728737
FixedParameters: 0 0 0

#Transform 42
Transform: AffineTransform_float_3_3
Parameters: 1 0.00089468 -0.000565717 -0.000894049 0.999999 -0.000323494 0.000565066 0.000324506 1 0.00309923 -0.0164208 0.0395167
FixedParameters: 0 0 0

#Transform 43
Transform: AffineTransform_float_3_3
Parameters: 0.999999 0.000603866 -0.000544267 -0.000603355 0.999999 0.000469328 0.000544833 -0.000468671 0.999999 -0.00950564 -0.0520315 -0.0540719
FixedParameters: 0 0 0

#Transform 44
Transform: AffineTransform_float_3_3
Parameters: 0.999999 0.000665521 -0.000380508 -0.000665467 1 7.12532e-05 0.000380602 -7.07467e-05 1 -0.0061396 0.00395209 0.0122754
FixedParameters: 0 0 0

#Transform 45
Transform: AffineTransform_float_3_3
Parameters: 1 0.0010634 -0.000434855 -0.0010629 0.999999 -0.000651609 0.000434394 0.000652391 0.999999 -0.00811732 0.0157819 0.0952765
FixedParameters: 0 0 0

#Transform 46
Transform: AffineTransform_float_3_3
Parameters: 0.999999 0.000904702 -0.000426992 -0.000904899 0.999999 -0.000230614 0.000426574 0.000231386 1 -0.00865709 -0.0543412 0.04595
FixedParameters: 0 0 0

#Transform 47
Transform: AffineTransform_float_3_3
Parameters: 1 0.000575664 -0.000321588 -0.000575241 0.999999 0.000658185 0.000322346 -0.000657814 0.999999 -0.026083 -0.0460856 -0.029315
FixedParameters: 0 0 0

#Transform 48
Transform: AffineTransform_float_3_3
Parameters: 1 0.00102717 -0.000354707 -0.00102742 1 -0.000341707 0.000354004 0.000342293 1 -0.0181244 0.00527967 0.093082
FixedParameters: 0 0 0

#Transform 49
Transform: AffineTransform_float_3_3
Parameters: 0.999999 0.000910367 -0.000346584 -0.00090975 1 -0.000651756 0.000346323 0.000652244 0.999999 -0.00116986 -0.0151241 0.113601
FixedParameters: 0 0 0

#Transform 50
Transform: AffineTransform_float_3_3
Parameters: 0.999999 0.00091069 -0.000345732 -0.000910494 0.999999 0.000284315 0.000346249 -0.000283685 1 -0.00117025 -0.0519861 0.0177192
FixedParameters: 0 0 0

#Transform 51
Transform: AffineTransform_float_3_3
Parameters: 1 0.000459868 -0.0003135 -0.000459631 1 0.000377149 0.000313847 -0.000377851 1 -0.0125154 -0.0287337 -0.0181271
FixedParameters: 0 0 0

#Transform 52
Transform: AffineTransform_float_3_3
Parameters: 0.999999 0.000910499 -0.000346236 -0.000910685 0.999999 -0.00026968 0.000345745 0.00026932 1 -0.0202771 0.00919901 0.0569818
FixedParameters: 0 0 0

#Transform 53
Transform: AffineTransform_float_3_3
Parameters: 1 0.000995193 -0.000352584 -0.000995488 1 -0.000518721 0.000352549 0.00051928 1 -0.0110123 -0.0276335 0.0745938
FixedParameters: 0 0 0

#Transform 54
Transform: AffineTransform_float_3_3
Parameters: 0.999999 0.000752159 -0.000334263 -0.000751839 0.999999 0.000478251 0.000334982 -0.000477748 1 -0.0124417 -0.0619459 0.0037236
FixedParameters: 0 0 0

#Transform 55
Transform: AffineTransform_float_3_3
Parameters: 0.999999 0.000703207 -0.000330945 -0.000703043 0.999999 0.000247233 0.000331293 -0.000246767 1 -0.0113748 -0.0195578 0.0274622
FixedParameters: 0 0 0

#Transform 56
Transform: AffineTransform_float_3_3
Parameters: 0.999999 0.000910597 -0.000345978 -0.000910588 0.999999 1.33202e-05 0.000346003 -1.36798e-05 1 -0.0132867 0.00588329 -0.00216305
FixedParameters: 0 0 0

#Transform 57
Transform: AffineTransform_float_3_3
Parameters: 0.999999 0.000910897 -0.000345189 -0.00091036 0.999999 0.000880243 0.000345794 -0.000879757 0.999999 -0.0153135 -0.0436219 -0.0636361
FixedParameters: 0 0 0

#Transform 58
Transform: AffineTransform_float_3_3
Parameters: 0.999999 0.000910841 -0.000345337 -0.000910417 1 0.000717243 0.000345646 -0.000716757 0.999999 -0.0233249 -0.0121272 -0.0692455
FixedParameters: 0 0 0

#Transform 59
Transform: AffineTransform_float_3_3
Parameters: 0.999999 0.000911598 -0.00033684 -0.000910802 0.999999 0.00128531 0.000338184 -0.00128469 0.999999 -0.0219161 -0.0059765 -0.0714726
FixedParameters: 0 0 0

#Transform 60
Transform: AffineTransform_float_3_3
Parameters: 0.999999 0.000661588 -0.000325689 -0.000661234 0.999999 0.000653215 0.000325555 -0.000652784 0.999999 -0.0223852 0.0038179 -0.0563439
FixedParameters: 0 0 0

#Transform 61
Transform: AffineTransform_float_3_3
Parameters: 0.999999 0.00066669 -0.000252249 -0.000666643 1 9.31682e-05 0.000252373 -9.28317e-05 1 -0.0158505 0.0300696 0.0345348
FixedParameters: 0 0 0

#Transform 62
Transform: AffineTransform_float_3_3
Parameters: 0.999999 0.000931197 -5.82829e-05 -0.000931101 0.999996 0.00261998 6.01698e-05 -0.00262002 0.999996 -0.0549586 0.0937869 -0.183822
FixedParameters: 0 0 0

#Transform 63
Transform: AffineTransform_float_3_3
Parameters: 0.999999 0.000750413 0.000346574 -0.000751789 0.999995 0.00323067 -0.000343787 -0.00323133 0.999994 -0.0530353 0.0545304 -0.20704
FixedParameters: 0 0 0

#Transform 64
Transform: AffineTransform_float_3_3
Parameters: 1 0.000258596 0.000285624 -0.000259512 0.999998 0.00160592 -0.000284792 -0.00160607 0.999998 -0.0402954 0.107322 -0.0159534
FixedParameters: 0 0 0

#Transform 65
Transform: AffineTransform_float_3_3
Parameters: 1 0.000443048 0.000285741 -0.000443052 0.999998 0.00162887 -0.000285367 -0.00162913 0.999998 -0.0457921 0.064447 0.0169448
FixedParameters: 0 0 0

#Transform 66
Transform: AffineTransform_float_3_3
Parameters: 1 0.000648518 0.000215518 -0.000648572 0.999997 0.00211186 -0.000214845 -0.00211214 0.999997 -0.039186 0.00111776 -0.0446861
FixedParameters: 0 0 0

#Transform 67
Transform: AffineTransform_float_3_3
Parameters: 1 0.000428139 7.34166e-05 -0.000428501 0.999998 0.00198997 -7.27093e-05 -0.00199003 0.999998 -0.0249215 0.0453502 0.0102747
FixedParameters: 0 0 0

#Transform 68
Transform: AffineTransform_float_3_3
Parameters: 1 0.000433083 0.000144219 -0.00043371 0.999998 0.00193094 -0.000143543 -0.00193106 0.999998 -0.0201907 0.0463034 0.0409675
FixedParameters: 0 0 0

#Transform 69
Transform: AffineTransform_float_3_3
Parameters: 1 0.000529842 0.000239973 -0.000530077 0.999997 0.00242587 -0.000238471 -0.00242613 0.999997 -0.041987 -0.0235228 -0.00987998
FixedParameters: 0 0 0

#Transform 70
Transform: AffineTransform_float_3_3
Parameters: 0.999999 0.000467135 0.000637253 -0.000468301 0.999997 0.0024257 -0.000636124 -0.0024263 0.999997 -0.0376207 0.0158024 -0.0199672
FixedParameters: 0 0 0

#Transform 71
Transform: AffineTransform_float_3_3
Parameters: 1 0.000257754 7.31274e-05 -0.000257043 0.999999 0.00146498 -7.34422e-05 -0.00146502 0.999999 -0.0309456 0.0815806 0.00675136
FixedParameters: 0 0 0

#Transform 72
Transform: AffineTransform_float_3_3
Parameters: 1 0.000488905 0.000226618 -0.000488931 0.999997 0.00210589 -0.000225627 -0.00210611 0.999998 -0.0286698 0.0214947 -0.0244743
FixedParameters: 0 0 0

#Transform 73
Transform: AffineTransform_float_3_3
Parameters: 1 0.000354756 0.00055089 -0.00035678 0.999997 0.00267881 -0.000550053 -0.0026792 0.999997 -0.0490082 0.0174677 -0.044897
FixedParameters: 0 0 0

#Transform 74
Transform: AffineTransform_float_3_3
Parameters: 1 3.13536e-05 0.000561181 -3.20531e-05 0.999999 0.00151198 -0.000561157 -0.00151202 0.999998 -0.0342712 0.0587175 0.0460456
FixedParameters: 0 0 0

#Transform 75
Transform: AffineTransform_float_3_3
Parameters: 1 2.19327e-05 0.000428514 -2.24556e-05 0.999999 0.00177399 -0.000428507 -0.00177401 0.999999 -0.0354637 0.0307385 0.0370611
FixedParameters: 0 0 0

#Transform 76
Transform: AffineTransform_float_3_3
Parameters: 1 3.95494e-05 0.000684906 -4.05913e-05 0.999998 0.00221697 -0.000684871 -0.00221703 0.999998 -0.0538221 0.000418453 -0.011519
FixedParameters: 0 0 0

#Transform 77
Transform: AffineTransform_float_3_3
Parameters: 1 -0.000116377 0.000531365 0.000115193 0.999998 0.00205206 -0.000531912 -0.00205194 0.999998 -0.0491387 0.0476646 0.00547605
FixedParameters: 0 0 0

#Transform 78
Transform: AffineTransform_float_3_3
Parameters: 1 -0.000442047 0.00050113 0.000441521 0.999998 0.00159023 -0.000501609 -0.00159077 0.999998 -0.0461466 0.0434629 0.0617319
FixedParameters: 0 0 0

#Transform 79
Transform: AffineTransform_float_3_3
Parameters: 1 -0.000161577 0.000659811 0.00016084 0.999998 0.00206911 -0.000660621 -0.00206889 0.999997 -0.0627765 -0.0138607 -0.00839335
FixedParameters: 0 0 0

#Transform 80
Transform: AffineTransform_float_3_3
Parameters: 0.999999 -0.000428941 0.000696283 0.000427597 0.999997 0.0024473 -0.000697525 -0.0024477 0.999997 -0.0545398 0.0224393 -0.0276327
FixedParameters: 0 0 0

#Transform 81
Transform: AffineTransform_float_3_3
Parameters: 1 -0.000658543 0.000228853 0.000658059 0.999999 0.00121315 -0.000229453 -0.00121285 0.999999 -0.0155527 0.0470726 0.0740768
FixedParameters: 0 0 0

#Transform 82
Transform: AffineTransform_float_3_3
Parameters: 1 -0.000373161 -1.81086e-05 0.00037323 0.999998 0.00200099 1.6615e-05 -0.00200101 0.999998 -0.0337622 -0.0035688 0.0181965
FixedParameters: 0 0 0

#Transform 83
Transform: AffineTransform_float_3_3
Parameters: 1 -0.000456546 0.000355379 0.00045488 0.999997 0.00244016 -0.000356606 -0.00243984 0.999997 -0.0618699 0.01554 -0.0205
FixedParameters: 0 0 0

#Transform 84
Transform: AffineTransform_float_3_3
Parameters: 1 -0.000645379 0.0001738 0.000645032 0.999999 0.00120111 -0.000174352 -0.00120089 1 -0.0308233 0.0806786 0.0712637
FixedParameters: 0 0 0

#Transform 85
Transform: AffineTransform_float_3_3
Parameters: 1 -0.000350841 7.17267e-05 0.00035062 0.999999 0.00152402 -7.27957e-05 -0.00152397 0.999999 -0.0271054 0.051898 0.0432956
FixedParameters: 0 0 0

#Transform 86
Transform: AffineTransform_float_3_3
Parameters: 0.999999 -0.000120288 0.000783158 0.000118353 0.999996 0.00255517 -0.000782913 -0.00255484 0.999997 -0.0549939 -0.0070885 -0.0331042
FixedParameters: 0 0 0

#Transform 87
Transform: AffineTransform_float_3_3
Parameters: 1 -0.000443947 0.00053227 0.000442171 0.999999 0.00173524 -0.00053281 -0.00173477 0.999999 -0.0387382 0.0469535 0.0164917
FixedParameters: 0 0 0

#Transform 88
Transform: AffineTransform_float_3_3
Parameters: 1 -0.000279589 0.000231032 0.000279725 0.999998 0.00185907 -0.000232144 -0.00185894 0.999998 -0.0310203 0.0409526 0.00609395
FixedParameters: 0 0 0

#Transform 89
Transform: AffineTransform_float_3_3
Parameters: 1 -0.000236115 0.000586674 0.000234104 0.999996 0.00256114 -0.00058795 -0.00256185 0.999996 -0.049691 0.00661579 -0.0171963
FixedParameters: 0 0 0

#Transform 90
Transform: AffineTransform_float_3_3
Parameters: 0.999999 -0.000677522 0.000486731 0.000676283 0.999999 0.00134533 -0.000487555 -0.00134467 0.999999 -0.0433647 0.0630323 0.0564996
FixedParameters: 0 0 0

#Transform 91
Transform: AffineTransform_float_3_3
Parameters: 1 -0.000504138 0.000471557 0.000503985 0.999999 0.00129424 -0.000471936 -0.00129476 0.999999 -0.0389299 0.0506581 0.0337839
FixedParameters: 0 0 0

#Transform 92
Transform: AffineTransform_float_3_3
Parameters: 1 -0.000219277 0.000525379 0.000217703 0.999997 0.00251411 -0.000525552 -0.00251388 0.999996 -0.0526614 0.00174365 -0.0667211
FixedParameters: 0 0 0

#Transform 93
Transform: AffineTransform_float_3_3
Parameters: 0.999999 -0.000735479 0.000391296 0.000735219 0.999999 0.00169529 -0.000392863 -0.00169471 0.999999 -0.0346188 0.0663841 -0.00872814
FixedParameters: 0 0 0

#Transform 94
Transform: AffineTransform_float_3_3
Parameters: 0.999999 -0.000730208 0.000108889 0.000729802 0.999998 0.00217101 -0.000111061 -0.00217099 0.999997 -0.0268857 0.031493 -0.030617
FixedParameters: 0 0 0

#Transform 95
Transform: AffineTransform_float_3_3
Parameters: 0.999999 -0.000343969 0.000710334 0.000342139 0.999996 0.00274124 -0.00071136 -0.00274076 0.999996 -0.052564 0.014201 -0.05118
FixedParameters: 0 0 0

#Transform 96
Transform: AffineTransform_float_3_3
Parameters: 1 -0.000504142 0.000448041 0.000503279 0.999997 0.00215322 -0.000449284 -0.00215277 0.999997 -0.03852 0.0906823 -0.0220298
FixedParameters: 0 0 0

#Transform 97
Transform: AffineTransform_float_3_3
Parameters: 1 -3.80582e-06 0.000521522 2.62938e-06 0.999998 0.002084 -0.000521607 -0.002084 0.999997 -0.0434324 0.0583426 -0.0444573
FixedParameters: 0 0 0

#Transform 98
Transform: AffineTransform_float_3_3
Parameters: 0.999999 -2.41995e-05 0.00072737 2.18875e-05 0.999995 0.00296009 -0.000727649 -0.00295991 0.999996 -0.0556341 0.0398932 -0.0741745
FixedParameters: 0 0 0

#Transform 99
Transform: AffineTransform_float_3_3
Parameters: 0.999999 -0.000586749 0.000554298 0.000585986 0.999999 0.00171633 -0.000554388 -0.00171667 0.999999 -0.0373659 0.0914403 0.0263406
FixedParameters: 0 0 0

#Transform 100
Transform: AffineTransform_float_3_3
Parameters: 1 -0.000367362 0.000438632 0.000366761 0.999998 0.00190216 -0.000439102 -0.00190184 0.999998 -0.0387147 0.0568223 -0.00155393
FixedParameters: 0 0 0

#Transform 101
Transform: AffineTransform_float_3_3
Parameters: 1 -1.33315e-05 0.000535174 1.11934e-05 0.999995 0.002929 -0.000535317 -0.00292899 0.999995 -0.0436309 -0.0058296 -0.0406291
FixedParameters: 0 0 0

#Transform 102
Transform: AffineTransform_float_3_3
Parameters: 0.999999 -0.000307629 0.00069593 0.000305315 0.999997 0.00237622 -0.000697458 -0.00237678 0.999997 -0.0328425 0.047428 -0.00361159
FixedParameters: 0 0 0

#Transform 103
Transform: AffineTransform_float_3_3
Parameters: 1 -0.000135375 0.000362185 0.000134542 0.999996 0.00262612 -0.000361967 -0.00262588 0.999997 -0.0319991 0.0216775 -0.0127494
FixedParameters: 0 0 0

#Transform 104
Transform: AffineTransform_float_3_3
Parameters: 0.999999 -0.000142185 0.000829764 0.000139894 0.999996 0.00262619 -0.00082965 -0.00262581 0.999996 -0.0439519 0.0261102 -0.0141284
FixedParameters: 0 0 0

#Transform 105
Transform: AffineTransform_float_3_3
Parameters: 1 -0.000384039 0.000356678 0.000383823 0.999998 0.00169714 -0.000358052 -0.00169686 0.999998 -0.0337996 0.0680367 0.0562539
FixedParameters: 0 0 0

#Transform 106
Transform: AffineTransform_float_3_3
Parameters: 1 -8.44396e-05 0.000519051 8.27293e-05 0.999996 0.00260711 -0.000519558 -0.00260689 0.999997 -0.044619 0.0134147 -0.0223111
FixedParameters: 0 0 0

#Transform 107
Transform: AffineTransform_float_3_3
Parameters: 1 -2.58599e-05 0.000686403 2.40953e-05 0.999997 0.00273802 -0.000686683 -0.00273798 0.999996 -0.0437435 0.0215665 -0.0415934
FixedParameters: 0 0 0

#Transform 108
Transform: AffineTransform_float_3_3
Parameters: 1 -0.000302719 0.000559474 0.000300819 0.999999 0.00176217 -0.00055954 -0.00176183 0.999999 -0.0386328 0.079857 0.015315
FixedParameters: 0 0 0

#Transform 109
Transform: AffineTransform_float_3_3
Parameters: 1 0.000102172 0.000651505 -0.00010456 0.999997 0.00254193 -0.000652048 -0.00254207 0.999996 -0.0459519 0.0242833 -0.0421618
FixedParameters: 0 0 0

#Transform 110
Transform: AffineTransform_float_3_3
Parameters: 0.999999 2.99961e-05 0.00082893 -3.16195e-05 0.999998 0.00162505 -0.000827904 -0.00162495 0.999999 -0.0426681 0.0781738 -0.00041663
FixedParameters: 0 0 0

#Transform 111
Transform: AffineTransform_float_3_3
Parameters: 1 -0.000348724 8.68986e-05 0.000348598 0.999999 0.00072503 -8.74041e-05 -0.000724969 0.999999 0.00201397 0.131443 -0.109909
FixedParameters: 0 0 0

#Transform 112
Transform: AffineTransform_float_3_3
Parameters: 0.999999 -0.000912317 -0.0009035 0.000914412 0.999998 0.00167317 0.000901512 -0.00167383 0.999998 0.0304891 0.035524 -0.0992139
FixedParameters: 0 0 0

#Transform 113
Transform: AffineTransform_float_3_3
Parameters: 1 -0.000342694 -0.00107193 0.000345307 0.999996 0.0025817 0.00107137 -0.0025823 0.999996 0.0159639 0.00470398 -0.144293
FixedParameters: 0 0 0

#Transform 114
Transform: AffineTransform_float_3_3
Parameters: 1 -0.000101762 -0.000300757 0.000102725 0.999994 0.00326297 0.000300161 -0.00326303 0.999994 -0.0385384 0.0111214 -0.0730209
FixedParameters: 0 0 0

#Transform 115
Transform: AffineTransform_float_3_3
Parameters: 1 0.000263603 -0.000146378 -0.000262769 0.999995 0.00308604 0.000147005 -0.00308596 0.999995 -0.0398897 0.0414929 -0.0537935
FixedParameters: 0 0 0

#Transform 116
Transform: AffineTransform_float_3_3
Parameters: 1 -0.000222268 -0.000154977 0.00022296 0.999998 0.00223797 0.00015398 -0.00223804 0.999998 -0.0369431 0.0758378 0.0291613
FixedParameters: 0 0 0

#Transform 117
Transform: AffineTransform_float_3_3
Parameters: 1 -0.000503826 -0.000447553 0.000504614 0.999996 0.00303478 0.000445633 -0.00303523 0.999996 -0.0300136 0.00942272 -0.0192983
FixedParameters: 0 0 0

#Transform 118
Transform: AffineTransform_float_3_3
Parameters: 1 -0.000101277 0.000117149 0.000101506 0.999993 0.00358901 -0.000116951 -0.00358898 0.999993 -0.0425744 -0.0103026 -0.0775009
FixedParameters: 0 0 0

#Transform 119
Transform: AffineTransform_float_3_3
Parameters: 1 -0.000203398 0.000103201 0.000202874 0.999996 0.00288302 -0.000103375 -0.00288298 0.999996 -0.0342537 0.0547619 -0.0377244
FixedParameters: 0 0 0

#Transform 120
Transform: AffineTransform_float_3_3
Parameters: 1 -0.000195394 0.00010183 0.000195062 0.999998 0.00198402 -0.000101607 -0.00198398 0.999998 -0.0339972 0.0566086 -0.0257114
FixedParameters: 0 0 0

#Transform 121
Transform: AffineTransform_float_3_3
Parameters: 1 -0.000142078 3.70654e-06 0.000142051 0.999994 0.003248 -4.6294e-06 -0.003248 0.999994 -0.0307672 0.0102594 -0.106213
FixedParameters: 0 0 0

#Transform 122
Transform: AffineTransform_float_3_3
Parameters: 1 6.87702e-05 5.23895e-05 -6.90474e-05 0.999997 0.002654 -5.20237e-05 -0.00265401 0.999997 -0.036199 0.0509479 -0.0584558
FixedParameters: 0 0 0

#Transform 123
Transform: AffineTransform_float_3_3
Parameters: 1 -3.12763e-05 8.43493e-05 3.08085e-05 0.999996 0.00277 -8.45212e-05 -0.00277 0.999996 -0.042953 0.0208895 -0.064229
FixedParameters: 0 0 0

#Transform 124
Transform: AffineTransform_float_3_3
Parameters: 1 0.000102735 0.000372848 -0.000104067 0.999995 0.00312596 -0.000372273 -0.00312604 0.999995 -0.0575361 0.031633 -0.108546
FixedParameters: 0 0 0

#Transform 125
Transform: AffineTransform_float_3_3
Parameters: 1 0.000167912 0.00012374 -0.000168651 0.999997 0.00269798 -0.000123829 -0.00269802 0.999997 -0.0392817 0.0776136 -0.0303778
FixedParameters: 0 0 0

#Transform 126
Transform: AffineTransform_float_3_3
Parameters: 1 0.000387385 2.14927e-05 -0.000387654 0.999995 0.00294799 -2.12028e-05 -0.00294801 0.999995 -0.0345342 0.0407104 -0.100471
FixedParameters: 0 0 0

#Transform 127
Transform: AffineTransform_float_3_3
Parameters: 1 0.000174409 0.000306781 -0.000175282 0.999996 0.00305294 -0.000305785 -0.00305206 0.999996 -0.0468879 0.0518991 -0.0973078
FixedParameters: 0 0 0

#Transform 128
Transform: AffineTransform_float_3_3
Parameters: 1 0.000187688 -4.00259e-05 -0.000187477 0.999996 0.00260901 4.10047e-05 -0.00260899 0.999996 -0.0345854 0.0681718 -0.0406616
FixedParameters: 0 0 0

#Transform 129
Transform: AffineTransform_float_3_3
Parameters: 1 0.000297065 0.000195106 -0.000298302 0.999996 0.00299387 -0.000194321 -0.00299413 0.999995 -0.0523792 0.0409975 -0.0985857
FixedParameters: 0 0 0

#Transform 130
Transform: AffineTransform_float_3_3
Parameters: 1 0.000122005 0.000229172 -0.000122344 0.999995 0.00291997 -0.00022853 -0.00292003 0.999995 -0.0380339 0.055518 -0.0478406
FixedParameters: 0 0 0

#Transform 131
Transform: AffineTransform_float_3_3
Parameters: 1 0.000361862 5.82565e-05 -0.000362251 0.999996 0.00274498 -5.72663e-05 -0.00274502 0.999996 -0.0355458 0.0557263 -0.0432588
FixedParameters: 0 0 0

#Transform 132
Transform: AffineTransform_float_3_3
Parameters: 1 0.000189237 0.000202582 -0.000189612 0.999994 0.00339796 -0.000201366 -0.00339804 0.999994 -0.0464716 0.0173103 -0.0669244
FixedParameters: 0 0 0

#Transform 133
Transform: AffineTransform_float_3_3
Parameters: 1 -0.000110498 -3.34294e-06 0.000110511 0.999997 0.002134 2.8713e-06 -0.002134 0.999997 -0.0298346 0.0657883 0.014786
FixedParameters: 0 0 0

#Transform 134
Transform: AffineTransform_float_3_3
Parameters: 1 0.000291591 5.72081e-05 -0.000292022 0.999995 0.00317098 -5.63549e-05 -0.00317102 0.999995 -0.0449033 0.0184355 -0.0583451
FixedParameters: 0 0 0

#Transform 135
Transform: AffineTransform_float_3_3
Parameters: 1 0.000291231 0.000254537 -0.000291553 0.999996 0.00259792 -0.000253095 -0.00259807 0.999996 -0.039461 0.0528444 -0.0210075
FixedParameters: 0 0 0

#Transform 136
Transform: AffineTransform_float_3_3
Parameters: 1 0.000259275 -0.000207428 -0.000258374 0.999997 0.00234305 0.000207644 -0.00234295 0.999997 -0.0269025 0.0602354 -0.014252
FixedParameters: 0 0 0

#Transform 137
Transform: AffineTransform_float_3_3
Parameters: 1 0.000294316 0.000301576 -0.000295262 0.999995 0.00310691 -0.000300813 -0.00310709 0.999995 -0.0510736 0.0499519 -0.0677848
FixedParameters: 0 0 0

#Transform 138
Transform: AffineTransform_float_3_3
Parameters: 1 1.65263e-05 0.000165251 -1.71852e-05 0.999998 0.001994 -0.000165184 -0.001994 0.999998 -0.0302388 0.0926724 0.0491491
FixedParameters: 0 0 0

#Transform 139
Transform: AffineTransform_float_3_3
Parameters: 1 0.00035156 4.00701e-05 -0.000351956 0.999995 0.00317099 -3.98341e-05 -0.00317101 0.999995 -0.0454131 0.0535301 -0.0445387
FixedParameters: 0 0 0

#Transform 140
Transform: AffineTransform_float_3_3
Parameters: 1 0.000477006 0.000217913 -0.00047753 0.999995 0.0031709 -0.000216953 -0.0031711 0.999995 -0.0495865 0.0645916 -0.0497602
FixedParameters: 0 0 0

#Transform 141
Transform: AffineTransform_float_3_3
Parameters: 1 0.000458448 4.83863e-05 -0.000457742 0.999998 0.00229198 -4.73553e-05 -0.00229202 0.999998 -0.0506141 0.105514 0.0132898
FixedParameters: 0 0 0

#Transform 142
Transform: AffineTransform_float_3_3
Parameters: 0.999999 0.000869902 0.000175388 -0.000870393 0.999993 0.00366385 -0.000172075 -0.00366415 0.999994 -0.0555442 0.0481585 -0.108135
FixedParameters: 0 0 0

#Transform 143
Transform: AffineTransform_float_3_3
Parameters: 1 0.000533886 0.000241879 -0.000534298 0.999996 0.00277587 -0.000239982 -0.00277613 0.999996 -0.0648042 0.0880197 -0.00244202
FixedParameters: 0 0 0

#Transform 144
Transform: AffineTransform_float_3_3
Parameters: 0.999999 0.000780685 0.000157718 -0.0007807 0.999996 0.00277588 -0.00015545 -0.00277612 0.999996 -0.0572889 0.0833394 0.0124361
FixedParameters: 0 0 0

#Transform 145
Transform: AffineTransform_float_3_3
Parameters: 1 0.000598649 0.000179569 -0.000598962 0.999995 0.00326882 -0.00017772 -0.00326918 0.999994 -0.0599053 0.0742063 -0.0372763
FixedParameters: 0 0 0

#Transform 146
Transform: AffineTransform_float_3_3
Parameters: 1 0.000331386 -6.39502e-05 -0.000331109 0.999997 0.00270602 6.47455e-05 -0.00270598 0.999997 -0.0538121 0.10174 -0.00379168
FixedParameters: 0 0 0

#Transform 147
Transform: AffineTransform_float_3_3
Parameters: 0.999999 0.000741195 0.000124966 -0.000741231 0.999993 0.00361291 -0.000121677 -0.00361309 0.999994 -0.0574794 0.0606413 -0.10106
FixedParameters: 0 0 0

#Transform 148
Transform: AffineTransform_float_3_3
Parameters: 1 0.000591758 7.87907e-05 -0.000592407 0.999994 0.00324595 -7.69417e-05 -0.00324604 0.999994 -0.0599979 0.087677 -0.0415394
FixedParameters: 0 0 0

#Transform 149
Transform: AffineTransform_float_3_3
Parameters: 1 0.000593215 9.96035e-05 -0.000593954 0.999996 0.00301294 -9.80215e-05 -0.00301306 0.999996 -0.0605063 0.0719655 -0.00107416
FixedParameters: 0 0 0

#Transform 150
Transform: AffineTransform_float_3_3
Parameters: 1 0.000604105 0.000260543 -0.000605087 0.999993 0.00353884 -0.00025833 -0.00353915 0.999993 -0.0635207 0.0489251 -0.0646025
FixedParameters: 0 0 0

#Transform 151
Transform: AffineTransform_float_3_3
Parameters: 1 0.000580103 -9.11377e-05 -0.000579754 0.999996 0.00268605 9.22582e-05 -0.00268595 0.999997 -0.0418954 0.103605 0.0414919
FixedParameters: 0 0 0

#Transform 152
Transform: AffineTransform_float_3_3
Parameters: 1 0.000690136 -3.62377e-05 -0.000690041 0.999994 0.00318102 3.86332e-05 -0.00318097 0.999995 -0.0554044 0.0706169 -0.0277932
FixedParameters: 0 0 0

#Transform 153
Transform: AffineTransform_float_3_3
Parameters: 1 0.000333438 -4.88962e-05 -0.000333195 0.999995 0.00318102 5.00193e-05 -0.00318098 0.999995 -0.0504044 0.0753837 -0.0165101
FixedParameters: 0 0 0

#Transform 154
Transform: AffineTransform_float_3_3
Parameters: 1 0.00027278 -7.08823e-05 -0.000272439 0.999996 0.00289502 7.14633e-05 -0.00289498 0.999996 -0.042623 0.0871244 0.000567526
FixedParameters: 0 0 0

#Transform 155
Transform: AffineTransform_float_3_3
Parameters: 1 0.000474241 0.000178092 -0.000474501 0.999995 0.00335092 -0.000175982 -0.00335109 0.999995 -0.0648816 0.0485077 -0.0402838
FixedParameters: 0 0 0

#Transform 156
Transform: AffineTransform_float_3_3
Parameters: 1 0.000184989 0.000123496 -0.000185631 0.999998 0.00230798 -0.000123638 -0.00230802 0.999998 -0.0519932 0.100432 0.0740343
FixedParameters: 0 0 0

#Transform 157
Transform: AffineTransform_float_3_3
Parameters: 1 0.000461958 2.75027e-05 -0.000462199 0.999995 0.00318399 -2.55576e-05 -0.00318401 0.999995 -0.0620464 0.047831 -0.00535438
FixedParameters: 0 0 0

#Transform 158
Transform: AffineTransform_float_3_3
Parameters: 1 0.00018108 6.77201e-05 -0.000181457 0.999996 0.00280599 -6.67028e-05 -0.00280601 0.999996 -0.0548805 0.0588418 0.0090791
FixedParameters: 0 0 0

#Transform 159
Transform: AffineTransform_float_3_3
Parameters: 1 0.000162797 -0.000197659 -0.000161779 0.999996 0.00275703 0.000197557 -0.00275697 0.999996 -0.0516116 0.083865 0.0133609
FixedParameters: 0 0 0

#Transform 160
Transform: AffineTransform_float_3_3
Parameters: 1 0.000194045 0.000258386 -0.000194806 0.999994 0.00340995 -0.000257132 -0.00341005 0.999994 -0.063684 0.0683253 -0.0246683
FixedParameters: 0 0 0

#Transform 161
Transform: AffineTransform_float_3_3
Parameters: 1 0.000156407 -0.000286597 -0.000155368 0.999999 0.00181105 0.000287162 -0.00181096 0.999999 -0.0287266 0.120761 0.123512
FixedParameters: 0 0 0

#Transform 162
Transform: AffineTransform_float_3_3
Parameters: 1 0.000551899 -0.000137865 -0.000551003 0.999994 0.00347608 0.000140701 -0.00347592 0.999994 -0.0401112 0.0427849 0.0162875
FixedParameters: 0 0 0

#Transform 163
Transform: AffineTransform_float_3_3
Parameters: 1 0.000197773 0.000311188 -0.000198657 0.999996 0.00302894 -0.000310059 -0.00302906 0.999996 -0.0528465 0.0611784 0.00553385
FixedParameters: 0 0 0

#Transform 164
Transform: AffineTransform_float_3_3
Parameters: 1 0.000623072 -0.000121511 -0.00062262 0.999997 0.00213907 0.000123178 -0.00213892 0.999997 -0.0404185 0.0927711 0.0454452
FixedParameters: 0 0 0

#Transform 165
Transform: AffineTransform_float_3_3
Parameters: 1 0.000500158 4.4062e-05 -0.0005006 0.999994 0.00344698 -4.26072e-05 -0.00344702 0.999994 -0.0635588 0.0541296 -0.0438506
FixedParameters: 0 0 0

#Transform 166
Transform: AffineTransform_float_3_3
Parameters: 1 0.000158132 -0.000265493 -0.000157717 0.999996 0.00279404 0.000265449 -0.00279396 0.999996 -0.0574863 0.0967163 0.0344125
FixedParameters: 0 0 0

#Transform 167
Transform: AffineTransform_float_3_3
Parameters: 1 0.000588432 -0.000174655 -0.000587484 0.999995 0.0031101 0.000176317 -0.0031099 0.999995 -0.0495017 0.061338 -0.0114039
FixedParameters: 0 0 0

#Transform 168
Transform: AffineTransform_float_3_3
Parameters: 1 0.000550208 0.000278201 -0.000551268 0.999994 0.00345185 -0.000276465 -0.00345215 0.999994 -0.0631378 0.0651717 -0.0201804
FixedParameters: 0 0 0

#Transform 169
Transform: AffineTransform_float_3_3
Parameters: 1 0.000157926 -0.000268485 -0.000157494 0.999996 0.00279605 0.000268441 -0.00279695 0.999996 -0.0429045 0.0934046 0.0245655
FixedParameters: 0 0 0

#Transform 170
Transform: AffineTransform_float_3_3
Parameters: 0.999999 0.00073796 0.000256928 -0.000739333 0.999991 0.00422181 -0.000253755 -0.00422219 0.999991 -0.0665462 0.0491294 -0.0847172
FixedParameters: 0 0 0

#Transform 171
Transform: AffineTransform_float_3_3
Parameters: 1 0.000386871 0.000161012 -0.00038802 0.999995 0.00336294 -0.000159403 -0.00336306 0.999995 -0.0531182 0.0732581 -0.0228722
FixedParameters: 0 0 0

#Transform 172
Transform: AffineTransform_float_3_3
Parameters: 1 0.000577155 -1.74618e-05 -0.000577106 0.999994 0.00320301 2.01615e-05 -0.00320299 0.999995 -0.0568024 0.0636353 -0.047086
FixedParameters: 0 0 0

#Transform 173
Transform: AffineTransform_float_3_3
Parameters: 0.999999 0.00154109 0.000318415 -0.00154293 0.999991 0.00381743 -0.000312698 -0.00381756 0.999992 -0.0997334 0.14409 -0.272964
FixedParameters: 0 0 0

#Transform 174
Transform: AffineTransform_float_3_3
Parameters: 0.999998 0.00137805 0.00131999 -0.00138529 0.999983 0.00555917 -0.00131318 -0.00556083 0.999983 -0.0958523 0.165435 -0.342421
FixedParameters: 0 0 0

#Transform 175
Transform: AffineTransform_float_3_3
Parameters: 1 0.000737047 0.000832804 -0.000741531 0.999988 0.00497039 -0.000828732 -0.00497162 0.999988 -0.0868829 0.109818 -0.189953
FixedParameters: 0 0 0

#Transform 176
Transform: AffineTransform_float_3_3
Parameters: 0.999999 0.000712938 0.00101805 -0.000718074 0.999985 0.00532934 -0.00101484 -0.00532966 0.999985 -0.086784 0.0639221 -0.156964
FixedParameters: 0 0 0

#Transform 177
Transform: AffineTransform_float_3_3
Parameters: 1 0.00035457 0.000557258 -0.000355904 0.999993 0.0037548 -0.000556799 -0.0037552 0.999993 -0.0718499 0.131507 -0.0890432
FixedParameters: 0 0 0

#Transform 178
Transform: AffineTransform_float_3_3
Parameters: 0.999999 0.000694487 0.000434722 -0.000695972 0.999987 0.00492369 -0.000431083 -0.0049233 0.999988 -0.073334 0.0700501 -0.124801
FixedParameters: 0 0 0

#Transform 179
Transform: AffineTransform_float_3_3
Parameters: 1 0.000704828 0.000937242 -0.000709539 0.999987 0.00506933 -0.000933422 -0.00506966 0.999986 -0.0833363 0.075956 -0.176134
FixedParameters: 0 0 0

#Transform 180
Transform: AffineTransform_float_3_3
Parameters: 1 0.000564517 0.00022654 -0.000565573 0.999991 0.00424187 -0.000223813 -0.00424213 0.999991 -0.072032 0.126026 -0.110627
FixedParameters: 0 0 0

#Transform 181
Transform: AffineTransform_float_3_3
Parameters: 0.999999 0.00119652 0.000554682 -0.00119951 0.999986 0.00502834 -0.000548831 -0.00502966 0.999987 -0.0639423 0.0739634 -0.149453
FixedParameters: 0 0 0

#Transform 182
Transform: AffineTransform_float_3_3
Parameters: 1 0.000779378 0.000744702 -0.000782876 0.999988 0.00484641 -0.000741406 -0.00484659 0.999988 -0.083607 0.0921499 -0.100374
FixedParameters: 0 0 0

#Transform 183
Transform: AffineTransform_float_3_3
Parameters: 1 0.000452752 4.07152e-05 -0.000452248 0.99999 0.00441498 -3.8786e-05 -0.00441502 0.999991 -0.0708854 0.111109 -0.0895199
FixedParameters: 0 0 0

#Transform 184
Transform: AffineTransform_float_3_3
Parameters: 0.999999 0.00120235 0.000767194 -0.00120704 0.999984 0.00540207 -0.000760448 -0.00540292 0.999985 -0.0911071 0.0755807 -0.187692
FixedParameters: 0 0 0

#Transform 185
Transform: AffineTransform_float_3_3
Parameters: 0.999999 0.000717719 0.000450404 -0.000719982 0.999977 0.00666267 -0.000445101 -0.00666232 0.999977 -0.064316 0.103943 -0.135019
FixedParameters: 0 0 0

#Transform 186
Transform: AffineTransform_float_3_3
Parameters: 1 0.000442421 -0.000111471 -0.000441843 0.999994 0.00322105 0.000112324 -0.00322194 0.999995 -0.0419659 0.130858 -0.0367467
FixedParameters: 0 0 0

#Transform 187
Transform: AffineTransform_float_3_3
Parameters: 0.999999 0.000956713 5.71154e-05 -0.000956865 0.999977 0.00670287 -5.03447e-05 -0.00670312 0.999977 -0.0633698 0.0551129 -0.153152
FixedParameters: 0 0 0

#Transform 188
Transform: AffineTransform_float_3_3
Parameters: 0.999999 0.000620672 0.000359989 -0.000622767 0.999992 0.0041137 -0.00035694 -0.00411429 0.999991 -0.0591771 0.12089 -0.1018
FixedParameters: 0 0 0

#Transform 189
Transform: AffineTransform_float_3_3
