# transform file /out/sourcedata/freesurfer/sub-v1s22x0050455_ses-1/mri/transforms/cc_up.lta
# created by oesteban on Mon Mar  9 14:14:21 2026

type      = 0 # LINEAR_VOX_TO_VOX
nxforms   = 1
mean      = 126.0000 109.0000 113.0000
sigma     = 10000.0000
1 4 4
9.982076287269592e-01 2.123880945146084e-02 -5.594887584447861e-02 5.428034782409668e+00 
-2.120552584528923e-02 9.997743368148804e-01 1.188555615954101e-03 3.858311080932617e+01 
5.596150085330009e-02 0.000000000000000e+00 9.984328746795654e-01 1.106526660919189e+01 
0.000000000000000e+00 0.000000000000000e+00 0.000000000000000e+00 1.000000000000000e+00 
src volume info
valid = 1  # volume info valid
filename = /out/sourcedata/freesurfer/sub-v1s22x0050455_ses-1/mri/norm.mgz
volume = 256 256 256
voxelsize = 1.000000000000000e+00 1.000000000000000e+00 1.000000000000000e+00
xras   = -9.999999403953552e-01 -9.049472282640636e-10 -1.862645149230957e-09
yras   = -3.725290298461914e-09 -1.164153218269348e-10 -1.000000000000000e+00
zras   = 9.058567229658365e-10 9.999998807907104e-01 0.000000000000000e+00
cras   = 2.149375915527344e+00 3.754444122314453e+01 -5.109458923339844e+00
dst volume info
valid = 1  # volume info valid
filename = /out/sourcedata/freesurfer/sub-v1s22x0050455_ses-1/mri/norm.mgz
volume = 256 256 256
voxelsize = 1.000000000000000e+00 1.000000000000000e+00 1.000000000000000e+00
xras   = -9.999999403953552e-01 -9.049472282640636e-10 -1.862645149230957e-09
yras   = -3.725290298461914e-09 -1.164153218269348e-10 -1.000000000000000e+00
zras   = 9.058567229658365e-10 9.999998807907104e-01 0.000000000000000e+00
cras   = 2.149375915527344e+00 3.754444122314453e+01 -5.109458923339844e+00
