# transform file transforms/talairach.lta
# created by oesteban on Mon Mar  9 12:46:55 2026

type      = 0 # LINEAR_VOX_TO_VOX
nxforms   = 1
mean      = 127.0000 111.0000 113.0000
sigma     = 10000.0000
1 4 4
1.000624418258667e+00 2.844077534973621e-02 -1.691686362028122e-02 -1.479602813720703e+00 
-2.995198406279087e-02 1.116503357887268e+00 5.772821605205536e-02 -1.554481267929077e+00 
1.315644755959511e-02 -4.732290282845497e-02 9.955841302871704e-01 2.047296285629272e+00 
0.000000000000000e+00 0.000000000000000e+00 0.000000000000000e+00 1.000000000000000e+00 
src volume info
valid = 1  # volume info valid
filename = nu.mgz
volume = 256 256 256
voxelsize = 1.000000000000000e+00 1.000000000000000e+00 1.000000000000000e+00
xras   = -9.999999403953552e-01 -9.049472282640636e-10 -1.862645149230957e-09
yras   = -3.725290298461914e-09 -1.164153218269348e-10 -1.000000000000000e+00
zras   = 9.058567229658365e-10 9.999998807907104e-01 0.000000000000000e+00
cras   = 2.149375915527344e+00 3.754444122314453e+01 -5.109458923339844e+00
dst volume info
valid = 1  # volume info valid
filename = /opt/freesurfer/average/RB_all_2020-01-02.gca
volume = 256 256 256
voxelsize = 1.000000000000000e+00 1.000000000000000e+00 1.000000000000000e+00
xras   = -1.000000000000000e+00 0.000000000000000e+00 0.000000000000000e+00
yras   = 0.000000000000000e+00 0.000000000000000e+00 -1.000000000000000e+00
zras   = 0.000000000000000e+00 1.000000000000000e+00 0.000000000000000e+00
cras   = 0.000000000000000e+00 0.000000000000000e+00 0.000000000000000e+00
