type      = 1 # LINEAR_RAS_TO_RAS
nxforms   = 1
mean      = 0.0000 0.0000 0.0000
sigma     = 1.0000
1 4 4
1.031218051910400e+00 3.963800147175789e-02 -4.188000224530697e-03 -3.881340026855469e+00 
-4.955599829554558e-02 9.826459884643555e-01 8.058200031518936e-02 -4.133628845214844e+01 
-3.106999909505248e-03 -9.281499683856964e-02 1.097663044929504e+00 -7.403060913085938e+00 
0.000000000000000e+00 0.000000000000000e+00 0.000000000000000e+00 1.000000000000000e+00 
src volume info
valid = 1  # volume info valid
filename = /out/sourcedata/freesurfer/sub-v1s22x0050455_ses-1/mri/orig_nu.mgz
volume = 256 256 256
voxelsize = 1.000000000000000e+00 1.000000000000000e+00 1.000000000000000e+00
xras   = -9.999999403953552e-01 -9.049472282640636e-10 -1.862645149230957e-09
yras   = -3.725290298461914e-09 -1.164153218269348e-10 -1.000000000000000e+00
zras   = 9.058567229658365e-10 9.999998807907104e-01 0.000000000000000e+00
cras   = 2.149375915527344e+00 3.754444122314453e+01 -5.109458923339844e+00
dst volume info
valid = 1  # volume info valid
filename = /opt/freesurfer/average/mni305.cor.mgz
volume = 256 256 256
voxelsize = 1.000000000000000e+00 1.000000000000000e+00 1.000000000000000e+00
xras   = -1.000000000000000e+00 0.000000000000000e+00 0.000000000000000e+00
yras   = 0.000000000000000e+00 0.000000000000000e+00 -1.000000000000000e+00
zras   = 0.000000000000000e+00 1.000000000000000e+00 0.000000000000000e+00
cras   = 0.000000000000000e+00 0.000000000000000e+00 0.000000000000000e+00
subject fsaverage
fscale 0.100000
