#Insight Transform File V1.0
#Transform 0
Transform: AffineTransform_float_3_3
Parameters: 0.999999 -0.000618245 0.000756078 0.000618834 1 -0.000389519 -0.000755596 0.00038948 0.999999 -0.0312537 0.0331236 0.12847
FixedParameters: 0 0 0

#Transform 1
Transform: AffineTransform_float_3_3
Parameters: 0.999999 -0.000726579 0.000581394 0.000727409 1 0.000140436 -0.000581485 -0.000140565 1 -0.0309365 0.00380287 0.130123
FixedParameters: 0 0 0

#Transform 2
Transform: AffineTransform_float_3_3
Parameters: 1 -0.000420953 -0.000298502 0.00042086 1 -0.000155126 0.000298632 0.000154874 1 0.00419012 0.02603 0.0941531
FixedParameters: 0 0 0

#Transform 3
Transform: AffineTransform_float_3_3
Parameters: 1 -0.000673899 -0.000180468 0.00067391 1 2.98784e-05 0.000180428 -3.01216e-05 1 0.00447848 0.00331897 0.0524034
FixedParameters: 0 0 0

#Transform 4
Transform: AffineTransform_float_3_3
Parameters: 1 -0.000453734 -1.05054e-05 0.000453737 1 0.000162995 1.03574e-05 -0.000163005 1 0.00100498 -0.0258345 0.0762681
FixedParameters: 0 0 0

#Transform 5
Transform: AffineTransform_float_3_3
Parameters: 0.999999 -0.000713629 8.88545e-05 0.000713646 0.999999 -9.79366e-05 -8.87146e-05 9.80633e-05 1 -0.00621932 -0.0112989 0.0641169
FixedParameters: 0 0 0

#Transform 6
Transform: AffineTransform_float_3_3
Parameters: 1 -0.000468226 0.000116746 0.000468226 1 5.46634e-08 -0.000116746 5.46634e-08 1 -0.00642977 -0.0208363 0.0406821
FixedParameters: 0 0 0

#Transform 7
Transform: AffineTransform_float_3_3
Parameters: 1 -0.000460752 5.11917e-05 0.000460757 1 -4.69764e-05 -5.11484e-05 4.70236e-05 1 -0.00334103 0.00635165 0.0461198
FixedParameters: 0 0 0

#Transform 8
Transform: AffineTransform_float_3_3
Parameters: 1 -0.000374312 6.10303e-05 0.000374315 1 -3.09772e-05 -6.10071e-05 3.10228e-05 1 -0.0114224 0.00607263 0.0904095
FixedParameters: 0 0 0

#Transform 9
Transform: AffineTransform_float_3_3
Parameters: 1 -0.000256583 0.00014088 0.000256607 1 -8.49638e-05 -0.000140836 8.50361e-05 1 -0.0124094 0.0152252 0.0924193
FixedParameters: 0 0 0

#Transform 10
Transform: AffineTransform_float_3_3
Parameters: 1 -0.000437939 -0.00014938 0.000437836 1 -0.000345065 0.000149682 0.000344934 1 -0.00310194 0.023269 0.0669258
FixedParameters: 0 0 0

#Transform 11
Transform: AffineTransform_float_3_3
Parameters: 1 -0.000393197 -0.000541974 0.000393147 1 -4.52259e-05 0.00054201 4.57741e-05 1 0.0395968 0.0378216 0.0376412
FixedParameters: 0 0 0

#Transform 12
Transform: AffineTransform_float_3_3
Parameters: 1 -0.000293973 -0.000433895 0.000294527 1 -0.000506128 0.000434306 0.000505872 1 0.0356617 0.0255008 0.0886845
FixedParameters: 0 0 0

#Transform 13
Transform: AffineTransform_float_3_3
Parameters: 1 -0.000277755 -0.000426018 0.000277328 1 -0.000502118 0.000426297 0.000501881 1 0.0266081 0.0334806 0.0699615
FixedParameters: 0 0 0

#Transform 14
Transform: AffineTransform_float_3_3
Parameters: 1 -4.05822e-05 -0.000121347 4.04604e-05 1 -0.000502005 0.000121388 0.000501995 1 0.0183964 0.0123896 0.00785537
FixedParameters: 0 0 0

#Transform 15
Transform: AffineTransform_float_3_3
Parameters: 1 -0.000418184 -0.000321574 0.000418422 1 0.000370865 0.000321264 -0.000371134 1 0.00819917 0.00223188 0.0366109
FixedParameters: 0 0 0

#Transform 16
Transform: AffineTransform_float_3_3
Parameters: 1 -0.000431247 -0.000208072 0.000431283 1 -0.00018709 0.000207239 0.000186911 1 0.0122364 0.021604 0.0569756
FixedParameters: 0 0 0

#Transform 17
Transform: AffineTransform_float_3_3
Parameters: 1 -6.16679e-05 -0.000280767 6.15542e-05 1 -0.00020203 0.000280792 0.00020297 1 0.0245136 0.0189434 0.018823
FixedParameters: 0 0 0

#Transform 18
Transform: AffineTransform_float_3_3
Parameters: 1 -8.84359e-05 -0.000283836 8.84388e-05 1 4.9749e-06 0.000283835 -5.0251e-06 1 0.0215103 0.0122925 -0.0127486
FixedParameters: 0 0 0

#Transform 19
Transform: AffineTransform_float_3_3
Parameters: 1 6.35144e-05 -0.000266531 -6.36439e-05 1 -0.000242983 0.0002665 0.000243017 1 0.0138289 0.0224001 0.00603452
FixedParameters: 0 0 0

#Transform 20
Transform: AffineTransform_float_3_3
Parameters: 1 7.67567e-05 -2.32546e-06 -7.67567e-05 1 5.00018e-06 2.32623e-06 -4.99982e-06 1 0.00188323 -0.00410218 -0.0142993
FixedParameters: 0 0 0

#Transform 21
Transform: AffineTransform_float_3_3
Parameters: 1 -0.000349779 -0.000198794 0.000349806 1 -0.00021707 0.000197952 0.000216931 1 0.0179428 0.0212019 0.0400251
FixedParameters: 0 0 0

#Transform 22
Transform: AffineTransform_float_3_3
Parameters: 1 -8.50924e-05 -0.000127473 8.50322e-05 1 0.000206989 0.000128431 -0.000207011 1 0.0040428 0.000451242 0.133414
FixedParameters: 0 0 0

#Transform 23
Transform: AffineTransform_float_3_3
Parameters: 1 -0.000341471 -0.000314257 0.000342894 0.999991 0.00421189 0.000313248 -0.00421211 0.999991 0.019056 -0.163328 0.238408
FixedParameters: 0 0 0

#Transform 24
Transform: AffineTransform_float_3_3
Parameters: 0.999999 -0.000788429 -3.33466e-05 0.000788358 0.999997 0.00238797 3.15684e-05 -0.00238803 0.999997 0.00491279 -0.0776944 0.154669
FixedParameters: 0 0 0

#Transform 25
Transform: AffineTransform_float_3_3
Parameters: 0.999999 -0.000882826 0.000175192 0.000882304 0.999999 0.00116116 -0.000176248 -0.00116085 1 0.00496578 0.00194676 0.134371
FixedParameters: 0 0 0

#Transform 26
Transform: AffineTransform_float_3_3
Parameters: 0.999999 -0.000920909 3.41826e-05 0.000920736 0.999999 0.000864144 -3.47802e-05 -0.000863856 0.999999 -0.00242115 0.00857256 0.159015
FixedParameters: 0 0 0

#Transform 27
Transform: AffineTransform_float_3_3
Parameters: 0.999999 -0.000883907 0.000254607 0.000883212 0.999999 0.00114024 -0.000255629 -0.00114076 1 -0.00375932 0.0399705 0.091286
FixedParameters: 0 0 0

#Transform 28
Transform: AffineTransform_float_3_3
Parameters: 0.999999 -0.00089635 -0.00017959 0.000896617 0.999999 0.00105984 0.000178683 -0.00106016 1 -0.00113597 -0.00713572 0.107573
FixedParameters: 0 0 0

#Transform 29
Transform: AffineTransform_float_3_3
Parameters: 1 -0.000431259 0.00045293 0.000430871 1 0.000428195 -0.000453299 -0.000427804 1 -0.0199262 0.0545814 0.101053
FixedParameters: 0 0 0

#Transform 30
Transform: AffineTransform_float_3_3
Parameters: 1 -0.000216459 0.000132217 0.000216289 1 0.000645028 -0.000132496 -0.000644971 1 -0.00540926 0.0213124 0.066114
FixedParameters: 0 0 0

#Transform 31
Transform: AffineTransform_float_3_3
Parameters: 1 -0.000407324 1.47255e-05 0.000407305 0.999999 0.000642006 -1.52485e-05 -0.000641994 1 -0.0150394 0.03259 0.124262
FixedParameters: 0 0 0

#Transform 32
Transform: AffineTransform_float_3_3
Parameters: 1 -0.000503264 0.000341841 0.000502692 0.999999 0.000835171 -0.000342681 -0.000834827 0.999999 -0.0288429 0.0379816 0.15055
FixedParameters: 0 0 0

#Transform 33
Transform: AffineTransform_float_3_3
Parameters: 1 -0.000356287 0.000280186 0.000355796 0.999999 0.000875099 -0.000280809 -0.000874899 0.999999 -0.0359773 0.0282278 0.137978
FixedParameters: 0 0 0

#Transform 34
Transform: AffineTransform_float_3_3
Parameters: 1 -0.000164461 0.000407943 0.000164912 1 0.000526067 -0.00040701 -0.000525933 1 -0.0562028 0.0821429 0.152232
FixedParameters: 0 0 0

#Transform 35
Transform: AffineTransform_float_3_3
Parameters: 1 -9.4456e-05 0.000279045 9.38395e-05 0.999999 0.000903025 -0.000278221 -0.000902973 0.999999 -0.0575401 0.0619261 0.18599
FixedParameters: 0 0 0

#Transform 36
Transform: AffineTransform_float_3_3
Parameters: 1 0.000351235 7.94906e-05 -0.000351332 1 0.000610972 -7.90614e-05 -0.000611028 1 -0.0740455 0.129684 0.232292
FixedParameters: 0 0 0

#Transform 37
Transform: AffineTransform_float_3_3
Parameters: 1 0.00014844 0.000162042 -0.000148823 1 0.00118098 -0.00016169 -0.00118102 1 -0.0761488 0.0544842 0.244702
FixedParameters: 0 0 0

#Transform 38
Transform: AffineTransform_float_3_3
Parameters: 0.999999 0.000154769 0.000704221 -0.000155813 0.999999 0.000740778 -0.00070399 -0.000741222 1 -0.0798083 0.0960393 0.244898
FixedParameters: 0 0 0

#Transform 39
Transform: AffineTransform_float_3_3
Parameters: 1 0.000358745 1.39658e-05 -0.000358765 0.999999 0.000739995 -1.34348e-05 -0.000740004 0.999999 -0.0708988 0.109393 0.192285
FixedParameters: 0 0 0

#Transform 40
Transform: AffineTransform_float_3_3
Parameters: 1 -0.000135868 0.000254165 0.000135446 0.999999 0.000828034 -0.00025439 -0.000827965 0.999999 -0.0770014 0.0888321 0.242318
FixedParameters: 0 0 0

#Transform 41
Transform: AffineTransform_float_3_3
Parameters: 1 0.000107124 0.000137057 -0.000107233 1 0.000399985 -0.000136971 -0.000400015 1 -0.0847964 0.147416 0.278648
FixedParameters: 0 0 0

#Transform 42
Transform: AffineTransform_float_3_3
Parameters: 1 9.74584e-05 0.000169136 -9.75044e-05 1 0.000135984 -0.000169109 -0.000136016 1 -0.0883984 0.164115 0.280028
FixedParameters: 0 0 0

#Transform 43
Transform: AffineTransform_float_3_3
Parameters: 1 0.00031071 0.000284164 -0.000309989 1 0.000479912 -0.000283752 -0.000480088 1 -0.0880833 0.108596 0.297632
FixedParameters: 0 0 0

#Transform 44
Transform: AffineTransform_float_3_3
Parameters: 1 5.97797e-05 0.000488971 -5.92995e-05 1 0.000524971 -0.000488795 -0.000525029 0.999999 -0.0934557 0.109864 0.265308
FixedParameters: 0 0 0

#Transform 45
Transform: AffineTransform_float_3_3
Parameters: 1 -0.000210596 0.000331973 0.000210235 0.999998 0.00187107 -0.000331654 -0.00187093 0.999998 -0.0336447 0.0799896 0.246645
FixedParameters: 0 0 0

#Transform 46
Transform: AffineTransform_float_3_3
Parameters: 0.999999 -0.000986786 0.00102452 0.000986825 0.999999 0.000410912 -0.00102423 -0.000410089 1 -0.0402753 0.126318 0.297757
FixedParameters: 0 0 0

#Transform 47
Transform: AffineTransform_float_3_3
Parameters: 1 -0.000182185 0.000473306 0.000181235 0.999999 0.000883973 -0.000472634 -0.000884027 1 -0.027857 0.098979 0.235564
FixedParameters: 0 0 0

#Transform 48
Transform: AffineTransform_float_3_3
Parameters: 1 -0.000396288 0.000449094 0.000396468 1 -0.000199822 -0.000448936 0.000200178 1 -0.0397619 0.122597 0.205897
FixedParameters: 0 0 0

#Transform 49
Transform: AffineTransform_float_3_3
Parameters: 1 -0.000392617 0.00019473 0.000392536 1 0.000207076 -0.000194893 -0.000206923 1 -0.021928 0.102049 0.210882
FixedParameters: 0 0 0

#Transform 50
Transform: AffineTransform_float_3_3
Parameters: 0.999999 -0.000610106 0.000424517 0.000609772 1 0.000261259 -0.000423842 -0.000260741 1 -0.0523086 0.0992781 0.209853
FixedParameters: 0 0 0

#Transform 51
Transform: AffineTransform_float_3_3
Parameters: 1 -0.000553157 -7.41791e-05 0.000553179 1 0.000148959 7.40142e-05 -0.000149041 1 -0.0278919 0.106364 0.141418
FixedParameters: 0 0 0

#Transform 52
Transform: AffineTransform_float_3_3
Parameters: 1 -0.000169464 5.61319e-05 0.000169433 1 0.000278009 -5.62261e-05 -0.00027799 1 -0.0504338 0.063327 0.144184
FixedParameters: 0 0 0

#Transform 53
Transform: AffineTransform_float_3_3
Parameters: 1 -3.71866e-05 0.000139668 3.69195e-05 0.999999 0.000956004 -0.000139739 -0.000955994 0.999999 -0.0597908 0.0797974 0.214208
FixedParameters: 0 0 0

#Transform 54
Transform: AffineTransform_float_3_3
Parameters: 1 -0.000449598 0.000154686 0.000450294 1 0.000960182 -0.000155437 -0.000959818 0.999999 -0.0814769 -0.0153655 0.232607
FixedParameters: 0 0 0

#Transform 55
Transform: AffineTransform_float_3_3
Parameters: 0.999995 -0.00189854 -0.00228485 0.00190415 0.999995 0.0024406 0.00227997 -0.0024444 0.999994 -0.0147486 -0.035717 0.32442
FixedParameters: 0 0 0

#Transform 56
Transform: AffineTransform_float_3_3
Parameters: 0.999995 -0.00249638 -0.00205872 0.00250723 0.999982 0.00547603 0.00204508 -0.00548098 0.999983 0.019923 -0.195334 0.465931
FixedParameters: 0 0 0

#Transform 57
Transform: AffineTransform_float_3_3
Parameters: 0.999997 -0.00207428 -0.000507147 0.00207613 0.999995 0.00239316 0.000502181 -0.00239383 0.999997 -0.0291933 0.0614719 0.414905
FixedParameters: 0 0 0

#Transform 58
Transform: AffineTransform_float_3_3
Parameters: 0.999998 -0.00183908 -0.000803062 0.00184001 0.999997 0.00141174 0.000800733 -0.00141326 0.999998 -0.0079583 0.011005 0.283979
FixedParameters: 0 0 0

#Transform 59
Transform: AffineTransform_float_3_3
Parameters: 0.999998 -0.0012928 -0.00101796 0.00129458 0.999998 0.00147778 0.00101601 -0.00147922 0.999998 0.00720616 0.0590445 0.264542
FixedParameters: 0 0 0

#Transform 60
Transform: AffineTransform_float_3_3
Parameters: 0.999999 -0.00145507 -0.00110234 0.0014574 0.999998 0.0016125 0.00109951 -0.0016145 0.999998 0.00139052 0.0436019 0.27857
FixedParameters: 0 0 0

#Transform 61
Transform: AffineTransform_float_3_3
Parameters: 0.999998 -0.00115208 -0.00123424 0.00115459 0.999998 0.00146955 0.00123173 -0.00147045 0.999999 0.00719398 0.0687147 0.299231
FixedParameters: 0 0 0

#Transform 62
Transform: AffineTransform_float_3_3
Parameters: 0.999998 -0.00104319 -0.0012899 0.00104529 0.999999 0.00128575 0.00128909 -0.00128725 0.999998 0.0232847 0.0732403 0.289451
FixedParameters: 0 0 0

#Transform 63
Transform: AffineTransform_float_3_3
Parameters: 0.999999 -0.00109619 -0.00082995 0.00109711 0.999999 0.0012862 0.000829002 -0.0012878 0.999999 0.00251067 0.0657109 0.295326
FixedParameters: 0 0 0

#Transform 64
Transform: AffineTransform_float_3_3
Parameters: 0.999999 -0.00113747 -0.000472169 0.00113833 0.999998 0.00115545 0.000471526 -0.00115555 1 -0.0117674 0.0818553 0.27065
FixedParameters: 0 0 0

#Transform 65
Transform: AffineTransform_float_3_3
Parameters: 0.999999 -0.00112319 -0.000596312 0.00112342 0.999998 0.00112232 0.00059467 -0.00112268 0.999999 -0.0144118 0.0847214 0.258706
FixedParameters: 0 0 0

#Transform 66
Transform: AffineTransform_float_3_3
Parameters: 0.999999 -0.00110102 -0.000790702 0.00110122 0.999999 0.00082713 0.000789759 -0.000828871 1 -0.00870139 0.0993862 0.256405
FixedParameters: 0 0 0

#Transform 67
Transform: AffineTransform_float_3_3
Parameters: 0.999999 -0.000945491 -0.000806626 0.000945135 1 0.000395338 0.000805765 -0.000395663 0.999999 -0.00841751 0.117456 0.229142
FixedParameters: 0 0 0

#Transform 68
Transform: AffineTransform_float_3_3
Parameters: 1 -0.000661762 -0.000867742 0.00066123 0.999999 0.000330426 0.000868184 -0.000331574 0.999999 -0.00555871 0.106315 0.266672
FixedParameters: 0 0 0

#Transform 69
Transform: AffineTransform_float_3_3
Parameters: 0.999999 -0.000615319 -0.000745679 0.0006157 1 0.000330541 0.000746265 -0.000331459 0.999999 -0.0177576 0.095132 0.275914
FixedParameters: 0 0 0

#Transform 70
Transform: AffineTransform_float_3_3
Parameters: 1 -0.000470256 -0.000446411 0.000470785 0.999999 0.00059279 0.000445853 -0.000593209 0.999999 -0.029292 0.101658 0.224657
FixedParameters: 0 0 0

#Transform 71
Transform: AffineTransform_float_3_3
Parameters: 0.999999 -0.000212768 -0.00072305 0.000213332 1 0.00107785 0.000722478 -0.00107815 0.999999 -0.0143716 0.0846512 0.228994
FixedParameters: 0 0 0

#Transform 72
Transform: AffineTransform_float_3_3
Parameters: 1 -0.000144309 -0.000137317 0.000144365 1 0.00061598 0.000138133 -0.00061602 1 -0.0625449 0.0913113 0.191192
FixedParameters: 0 0 0

#Transform 73
Transform: AffineTransform_float_3_3
Parameters: 1 -0.000200075 0.000216541 0.00019946 1 0.00116004 -0.000216011 -0.00115996 1 -0.0720434 0.0239785 0.116914
FixedParameters: 0 0 0

#Transform 74
Transform: AffineTransform_float_3_3
Parameters: 1 -0.000406673 -0.000486973 0.000407254 1 -0.000423211 0.00048743 0.000423789 1 -0.0437707 0.17814 0.282204
FixedParameters: 0 0 0

#Transform 75
Transform: AffineTransform_float_3_3
Parameters: 0.999999 -0.000550541 -0.000583949 0.000550299 1 -0.000207321 0.000584177 0.000206678 1 -0.0258499 0.146179 0.233564
FixedParameters: 0 0 0

#Transform 76
Transform: AffineTransform_float_3_3
Parameters: 1 -0.000165223 -0.000520033 0.00016516 1 -6.10859e-05 0.000520053 6.09141e-05 1 -0.00541356 0.115503 0.143784
FixedParameters: 0 0 0

#Transform 77
Transform: AffineTransform_float_3_3
Parameters: 1 -5.58048e-05 -0.000456228 5.56159e-05 1 -0.000207025 0.000456251 0.000206975 1 0.00404857 0.197454 0.185682
FixedParameters: 0 0 0

#Transform 78
Transform: AffineTransform_float_3_3
Parameters: 0.999999 -0.000238432 -0.000807068 0.000237886 1 -0.000338192 0.000807229 0.000337807 0.999999 0.0130657 0.184474 0.169971
FixedParameters: 0 0 0

#Transform 79
Transform: AffineTransform_float_3_3
Parameters: 0.999999 -0.00024456 -0.000679116 0.000244841 1 0.000206834 0.000679015 -0.000207166 0.999999 0.0106467 0.142431 0.193681
FixedParameters: 0 0 0

#Transform 80
Transform: AffineTransform_float_3_3
Parameters: 0.999999 -0.00020148 -0.000755768 0.000202019 1 0.000356834 0.000755624 -0.000356165 0.999999 0.0153197 0.119261 0.188369
FixedParameters: 0 0 0

#Transform 81
Transform: AffineTransform_float_3_3
Parameters: 1 -9.66139e-05 -0.000662205 9.67026e-05 1 6.6936e-05 0.000662192 -6.7064e-05 1 -0.00860383 0.164275 0.163108
FixedParameters: 0 0 0

#Transform 82
Transform: AffineTransform_float_3_3
Parameters: 0.999999 -0.000224692 -0.000676847 0.000224966 1 0.000202835 0.000676756 -0.000202165 1 -0.0160365 0.154693 0.151173
FixedParameters: 0 0 0

#Transform 83
Transform: AffineTransform_float_3_3
Parameters: 0.999999 -0.000309337 -0.000686399 0.000309228 1 -7.92123e-05 0.000686448 7.87877e-05 1 -0.0109798 0.152309 0.146006
FixedParameters: 0 0 0

#Transform 84
Transform: AffineTransform_float_3_3
Parameters: 1 -4.19016e-05 -0.000655979 4.2122e-05 1 0.000167972 0.000655965 -0.000168027 1 -0.02648 0.117686 0.107517
FixedParameters: 0 0 0

#Transform 85
Transform: AffineTransform_float_3_3
Parameters: 1 0.0002032 -0.00041468 -0.000203294 1 -0.000113903 0.000414634 0.000113097 1 -0.0401768 0.0907562 0.129862
FixedParameters: 0 0 0

#Transform 86
Transform: AffineTransform_float_3_3
Parameters: 1 4.59741e-05 -0.000473842 -4.68918e-05 1 8.00222e-05 0.000473736 -7.99782e-05 1 -0.0274609 0.100917 0.163809
FixedParameters: 0 0 0

#Transform 87
Transform: AffineTransform_float_3_3
Parameters: 1 2.36895e-05 -0.000453246 -2.32326e-05 1 0.00050401 0.000453269 -0.000503989 1 -0.026509 0.0779701 0.167105
FixedParameters: 0 0 0

#Transform 88
Transform: AffineTransform_float_3_3
Parameters: 1 0.000116579 -0.000403367 -0.000116253 1 0.000404047 0.000403461 -0.000403953 1 -0.0293943 0.12437 0.170431
FixedParameters: 0 0 0

#Transform 89
Transform: AffineTransform_float_3_3
Parameters: 1 5.30096e-05 -0.00035025 -5.29711e-05 1 5.50186e-05 0.000350256 -5.49814e-05 1 -0.028536 0.15142 0.190084
FixedParameters: 0 0 0

#Transform 90
Transform: AffineTransform_float_3_3
Parameters: 1 7.40483e-05 -0.000198881 -7.39357e-05 1 0.000283015 0.000198923 -0.000282985 1 -0.0299396 0.0610657 0.126524
FixedParameters: 0 0 0

#Transform 91
Transform: AffineTransform_float_3_3
Parameters: 1 8.38108e-05 -0.000321599 -8.40726e-05 1 -0.000406973 0.00032153 0.000407027 1 -0.0225918 0.117957 0.0947017
FixedParameters: 0 0 0

#Transform 92
Transform: AffineTransform_float_3_3
Parameters: 1 -6.13179e-06 -0.000651898 6.35474e-06 1 0.000170996 0.000651896 -0.000171004 1 -0.00280222 0.0805169 0.130185
FixedParameters: 0 0 0

#Transform 93
Transform: AffineTransform_float_3_3
Parameters: 1 4.67993e-05 -0.000355987 -4.73971e-05 1 0.000556017 0.000355926 -0.000555983 1 -0.0216846 0.0658265 0.108902
FixedParameters: 0 0 0

#Transform 94
Transform: AffineTransform_float_3_3
Parameters: 1 4.17742e-05 -0.000392796 -4.16949e-05 1 0.000101016 0.000392805 -0.000100984 1 -0.0190845 0.0803999 0.0997675
FixedParameters: 0 0 0

#Transform 95
Transform: AffineTransform_float_3_3
Parameters: 1 -3.2918e-05 4.1538e-05 3.29103e-05 1 9.20014e-05 -4.15441e-05 -9.19986e-05 1 -0.0439636 0.0728309 0.0764863
FixedParameters: 0 0 0

#Transform 96
Transform: AffineTransform_float_3_3
Parameters: 1 7.1443e-05 -0.000422621 -7.11632e-05 1 0.00033103 0.000422669 -0.00033097 1 -0.026244 0.0571916 0.0951219
FixedParameters: 0 0 0

#Transform 97
Transform: AffineTransform_float_3_3
Parameters: 1 9.20231e-05 -0.000435367 -9.17349e-05 1 0.00033104 0.000435428 -0.00033096 1 -0.0280553 0.0715105 0.11451
FixedParameters: 0 0 0

#Transform 98
Transform: AffineTransform_float_3_3
Parameters: 1 5.76067e-05 -0.000178624 -5.75764e-05 1 8.50103e-05 0.000178634 -8.49897e-05 1 -0.0392932 0.0925629 0.114556
FixedParameters: 0 0 0

#Transform 99
Transform: AffineTransform_float_3_3
Parameters: 1 -2.82145e-05 0.000123596 2.81327e-05 1 0.000331003 -0.000123615 -0.000330996 1 -0.0399332 0.0838852 0.0959446
FixedParameters: 0 0 0

#Transform 100
Transform: AffineTransform_float_3_3
Parameters: 1 -8.84524e-05 -0.0002386 8.8675e-05 1 0.000466966 0.000238518 -0.000466034 1 -0.0373611 0.09144 0.107652
FixedParameters: 0 0 0

#Transform 101
Transform: AffineTransform_float_3_3
Parameters: 1 -7.39194e-05 1.26855e-05 7.39095e-05 1 0.000390001 -1.27432e-05 -0.000389999 1 -0.0284535 0.111102 0.129466
FixedParameters: 0 0 0

#Transform 102
Transform: AffineTransform_float_3_3
Parameters: 1 -0.000270864 8.73941e-05 0.00027041 0.999998 0.00194902 -8.74555e-05 -0.00194898 0.999998 -0.0299841 0.0616947 0.170055
FixedParameters: 0 0 0

#Transform 103
Transform: AffineTransform_float_3_3
Parameters: 1 -0.000171438 -0.000311681 0.000172255 0.999999 0.00131095 0.00031123 -0.00131105 0.999999 -0.0180233 0.0730867 0.141087
FixedParameters: 0 0 0

#Transform 104
Transform: AffineTransform_float_3_3
Parameters: 1 -0.000205327 -0.000315501 0.000205929 0.999999 0.00095481 0.000315108 -0.00095419 1 -0.0143659 0.0776193 0.190305
FixedParameters: 0 0 0

#Transform 105
Transform: AffineTransform_float_3_3
Parameters: 1 -0.000232894 -0.000475891 0.000234339 0.999998 0.00163689 0.000476119 -0.00163711 0.999998 -0.0225061 0.0543192 0.189194
FixedParameters: 0 0 0

#Transform 106
Transform: AffineTransform_float_3_3
Parameters: 1 -0.000229936 -0.000397025 0.000231223 0.999998 0.00162191 0.000396277 -0.00162209 0.999998 -0.0216326 0.0722979 0.276475
FixedParameters: 0 0 0

#Transform 107
Transform: AffineTransform_float_3_3
Parameters: 1 0.000105078 -0.00065126 -0.00010462 1 0.00102807 0.000650369 -0.00102793 1 -0.0177033 0.169437 0.391159
FixedParameters: 0 0 0

#Transform 108
Transform: AffineTransform_float_3_3
Parameters: 1 -0.000653819 -0.000884838 0.000654395 0.999998 0.00151341 0.000883625 -0.00151359 0.999998 0.0225051 0.177866 0.40708
FixedParameters: 0 0 0

#Transform 109
Transform: AffineTransform_float_3_3
Parameters: 0.999999 -0.000924125 -0.00112895 0.000926386 0.999998 0.00198295 0.00112704 -0.00198406 0.999998 0.0145852 0.118618 0.430886
FixedParameters: 0 0 0

#Transform 110
Transform: AffineTransform_float_3_3
Parameters: 0.999997 -0.00127973 -0.00197846 0.0012906 0.999986 0.00524343 0.0019719 -0.00524656 0.999984 0.0629534 -0.00437186 0.763369
FixedParameters: 0 0 0

#Transform 111
Transform: AffineTransform_float_3_3
Parameters: 0.999998 0.000549669 -0.00186815 -0.000546411 0.999998 0.0019058 0.00186879 -0.0019042 0.999997 0.109301 0.248028 0.727719
FixedParameters: 0 0 0

#Transform 112
Transform: AffineTransform_float_3_3
Parameters: 0.999999 0.000500987 -0.0017424 -0.000499972 1 0.00029166 0.00174269 -0.00029134 0.999999 0.080692 0.31068 0.639519
FixedParameters: 0 0 0

#Transform 113
Transform: AffineTransform_float_3_3
Parameters: 0.999981 -0.00561399 -0.00236301 0.00561846 0.999982 0.00209632 0.00235185 -0.00210968 0.999995 0.0154422 0.165597 0.399642
FixedParameters: 0 0 0

#Transform 114
Transform: AffineTransform_float_3_3
Parameters: 0.999999 -0.00112409 -0.000656152 0.00112374 1 -0.000265625 0.000656748 0.000264374 1 -0.0145753 0.261651 0.24863
FixedParameters: 0 0 0

#Transform 115
Transform: AffineTransform_float_3_3
Parameters: 0.999998 -0.00155931 -0.000705558 0.00155899 0.999998 -0.000305001 0.000705514 0.000304 1 -0.0320658 0.236544 0.340774
FixedParameters: 0 0 0

#Transform 116
Transform: AffineTransform_float_3_3
Parameters: 0.999999 -0.00128216 0.000231168 0.00128258 0.999999 -0.000662579 -0.000230462 0.000662421 0.999999 -0.0731773 0.252285 0.359622
FixedParameters: 0 0 0

#Transform 117
Transform: AffineTransform_float_3_3
Parameters: 0.999999 -0.00147845 0.00023823 0.00147848 0.999999 -4.45354e-05 -0.000238097 4.54645e-05 1 -0.0736272 0.169816 0.288574
FixedParameters: 0 0 0

#Transform 118
Transform: AffineTransform_float_3_3
Parameters: 0.999999 -0.00140763 -2.02547e-05 0.00140782 0.999998 -0.000873916 2.07282e-05 0.000874084 0.999999 -0.0546656 0.213079 0.278071
FixedParameters: 0 0 0

#Transform 119
Transform: AffineTransform_float_3_3
Parameters: 0.999999 -0.00128936 -2.44444e-05 0.00128941 0.999999 -0.00130292 2.6811e-05 0.00130308 0.999999 -0.046109 0.285308 0.280417
FixedParameters: 0 0 0

#Transform 120
Transform: AffineTransform_float_3_3
Parameters: 1 -0.00112695 -2.27457e-06 0.00112706 1 -0.00028089 1.91438e-06 0.000281111 1 -0.0457971 0.221486 0.259573
FixedParameters: 0 0 0

#Transform 121
Transform: AffineTransform_float_3_3
Parameters: 1 -0.00106078 -9.32019e-06 0.00106067 1 0.000167103 9.95948e-06 -0.000166898 1 -0.0420888 0.201491 0.200993
FixedParameters: 0 0 0

#Transform 122
Transform: AffineTransform_float_3_3
Parameters: 0.999999 -0.000899688 -8.90023e-05 0.000899519 0.999999 -0.00156797 9.08298e-05 0.00156803 0.999999 -0.0522224 0.347486 0.265812
FixedParameters: 0 0 0

#Transform 123
Transform: AffineTransform_float_3_3
Parameters: 1 -0.000670209 1.9353e-07 0.000670321 0.999998 -0.001595 9.51046e-07 0.001595 0.999998 -0.0463174 0.294248 0.261783
FixedParameters: 0 0 0

#Transform 124
Transform: AffineTransform_float_3_3
Parameters: 1 -0.000622185 0.000110288 0.000622665 0.999999 -0.00167081 -0.000109202 0.00167019 0.999998 -0.0490646 0.269542 0.258821
FixedParameters: 0 0 0

#Transform 125
Transform: AffineTransform_float_3_3
Parameters: 0.999999 -0.000890474 0.000169811 0.000891296 0.999998 -0.00175985 -0.000168662 0.00176015 0.999999 -0.0553802 0.291677 0.242248
FixedParameters: 0 0 0

#Transform 126
Transform: AffineTransform_float_3_3
Parameters: 1 -0.000468196 0.000181951 0.000467956 0.999999 -0.00175992 -0.00018141 0.00176009 0.999999 -0.0284607 0.330522 0.28892
FixedParameters: 0 0 0

#Transform 127
Transform: AffineTransform_float_3_3
Parameters: 1 -0.000456292 7.54895e-05 0.000455634 0.999999 -0.00147897 -7.52476e-05 0.00147903 0.999999 -0.0406424 0.277763 0.276757
FixedParameters: 0 0 0

#Transform 128
Transform: AffineTransform_float_3_3
Parameters: 1 -0.000471476 0.00020942 0.000470902 1 -0.0010039 -0.000208587 0.0010041 1 -0.0633037 0.271121 0.240926
FixedParameters: 0 0 0

#Transform 129
Transform: AffineTransform_float_3_3
Parameters: 1 -0.000474626 0.000236005 0.000473864 1 -0.000488888 -0.000235655 0.000489112 1 -0.0644417 0.248232 0.298115
FixedParameters: 0 0 0

#Transform 130
Transform: AffineTransform_float_3_3
Parameters: 0.999997 -0.00196431 -0.0014109 0.00196915 0.999994 0.00305643 0.00140548 -0.00305957 0.999994 -0.0478345 0.0154111 0.327933
FixedParameters: 0 0 0

#Transform 131
Transform: AffineTransform_float_3_3
Parameters: 0.999999 -0.00118052 -0.000966816 0.00118186 0.999999 0.000749846 0.000966037 -0.000751154 1 -0.023588 0.196172 0.250834
FixedParameters: 0 0 0

#Transform 132
Transform: AffineTransform_float_3_3
Parameters: 1 -0.000887132 -0.000598852 0.000887591 1 -0.000446419 0.000599757 0.000445581 0.999999 -0.0337829 0.238569 0.20831
FixedParameters: 0 0 0

#Transform 133
Transform: AffineTransform_float_3_3
Parameters: 1 -0.000938508 -0.00057154 0.000938076 1 -0.000377424 0.000572247 0.000376576 1 -0.0220018 0.216937 0.160334
FixedParameters: 0 0 0

#Transform 134
Transform: AffineTransform_float_3_3
Parameters: 1 -0.00100371 -0.000627936 0.00100298 0.999999 -0.000678531 0.000628304 0.000678469 0.999999 -0.0208933 0.211353 0.164909
FixedParameters: 0 0 0

#Transform 135
Transform: AffineTransform_float_3_3
Parameters: 0.999999 -0.000823987 -0.000304556 0.000823615 1 -0.000797139 0.000304875 0.000796862 0.999999 -0.0252802 0.235523 0.149496
FixedParameters: 0 0 0

#Transform 136
Transform: AffineTransform_float_3_3
Parameters: 0.999999 -0.000862758 -0.00030889 0.000862342 0.999999 -0.000855167 0.000309372 0.000855833 0.999999 -0.0172283 0.225948 0.115482
FixedParameters: 0 0 0

#Transform 137
Transform: AffineTransform_float_3_3
Parameters: 0.999999 -0.000697186 -0.000465201 0.000696409 1 -0.000957325 0.000465541 0.000956676 1 -0.0215064 0.230445 0.120452
FixedParameters: 0 0 0

#Transform 138
Transform: AffineTransform_float_3_3
Parameters: 1 -0.000533196 -0.000431216 0.000531943 0.999999 -0.00158312 0.000431908 0.00158288 0.999998 -0.0192803 0.250687 0.0966267
FixedParameters: 0 0 0

#Transform 139
Transform: AffineTransform_float_3_3
Parameters: 1 -0.000468503 -0.000263875 0.000467702 0.999999 -0.00173101 0.000264502 0.00173099 0.999998 -0.0255954 0.294975 0.129389
FixedParameters: 0 0 0

#Transform 140
Transform: AffineTransform_float_3_3
Parameters: 1 0.000168965 -0.000602805 -0.000169668 1 -0.000582898 0.000602608 0.000583102 0.999999 -0.0122642 0.407955 0.0710593
FixedParameters: 0 0 0

#Transform 141
Transform: AffineTransform_float_3_3
Parameters: 1 -0.000295227 -0.000185036 0.000295542 0.999999 -0.00182806 0.000186229 0.00182795 0.999999 -0.0508175 0.275328 0.103497
FixedParameters: 0 0 0

#Transform 142
Transform: AffineTransform_float_3_3
Parameters: 1 -0.000156728 0.000482545 0.00015749 0.999999 -0.00181993 -0.000482086 0.00182008 0.999998 -0.0451751 0.371745 0.115941
FixedParameters: 0 0 0

#Transform 143
Transform: AffineTransform_float_3_3
Parameters: 1 0.00107393 0.000204129 -0.00107338 0.999998 -0.00161011 -0.000206593 0.00160989 0.999998 -0.0380356 0.315735 0.139229
FixedParameters: 0 0 0

#Transform 144
Transform: AffineTransform_float_3_3
Parameters: 1 0.00041906 0.000320432 -0.000418653 0.999997 -0.00235814 -0.000321527 0.00235787 0.999997 -0.0512052 0.297533 0.13132
FixedParameters: 0 0 0

#Transform 145
Transform: AffineTransform_float_3_3
Parameters: 0.999999 0.000376514 0.000707662 -0.000374009 0.999995 -0.00333227 -0.000708402 0.00333174 0.999994 -0.0784653 0.445009 0.134631
FixedParameters: 0 0 0

#Transform 146
Transform: AffineTransform_float_3_3
Parameters: 0.999999 -0.000738891 -3.29343e-05 0.000738941 0.999997 -0.00260491 3.47969e-05 0.00260509 0.999996 -0.0467981 0.344973 0.136405
FixedParameters: 0 0 0

#Transform 147
Transform: AffineTransform_float_3_3
Parameters: 1 -0.000568011 -8.58381e-05 0.000567628 0.999993 -0.00350905 8.7836e-05 0.00350895 0.999994 -0.0594164 0.504137 0.161842
FixedParameters: 0 0 0

#Transform 148
Transform: AffineTransform_float_3_3
Parameters: 1 -0.000641523 -0.000130967 0.000640735 0.999993 -0.00382997 0.000133891 0.00383003 0.999992 -0.0248436 0.471369 0.200856
FixedParameters: 0 0 0

#Transform 149
Transform: AffineTransform_float_3_3
Parameters: 1 0.000800557 0.000829733 -0.000795291 0.999983 -0.00589168 -0.00083462 0.00589133 0.999983 -0.0401648 0.748861 0.428567
FixedParameters: 0 0 0

#Transform 150
Transform: AffineTransform_float_3_3
Parameters: 0.999998 0.00126458 0.00102269 -0.00126059 0.999993 -0.00367719 -0.00102734 0.00367581 0.999993 -0.0377044 0.509251 0.344136
FixedParameters: 0 0 0

#Transform 151
Transform: AffineTransform_float_3_3
Parameters: 1 0.000798406 0.000831803 -0.00079523 0.999994 -0.00330268 -0.000834312 0.00330232 0.999995 -0.0199974 0.442397 0.119531
FixedParameters: 0 0 0

#Transform 152
Transform: AffineTransform_float_3_3
Parameters: 1 0.000594312 0.000809516 -0.000591846 0.999995 -0.00288761 -0.00081118 0.00288739 0.999996 -0.0498175 0.392142 0.0983116
FixedParameters: 0 0 0

#Transform 153
Transform: AffineTransform_float_3_3
Parameters: 0.999999 0.00028593 0.000705824 -0.000283824 0.999996 -0.0029782 -0.000706754 0.0029778 0.999996 -0.0424971 0.411489 0.12913
FixedParameters: 0 0 0

#Transform 154
Transform: AffineTransform_float_3_3
Parameters: 0.999999 0.000167989 0.000762169 -0.000165571 0.999995 -0.00296325 -0.000762391 0.00296375 0.999996 -0.0498719 0.425762 0.124911
FixedParameters: 0 0 0

#Transform 155
Transform: AffineTransform_float_3_3
Parameters: 0.999999 0.000397153 0.000787854 -0.000395435 0.999997 -0.00242132 -0.000789006 0.00242167 0.999997 -0.0405185 0.382755 0.08789
FixedParameters: 0 0 0

#Transform 156
Transform: AffineTransform_float_3_3
Parameters: 0.999999 -6.05947e-05 0.00073684 6.10156e-05 0.999998 -0.00163407 -0.000736868 0.00163393 0.999999 -0.0598122 0.283029 0.10864
FixedParameters: 0 0 0

#Transform 157
Transform: AffineTransform_float_3_3
Parameters: 0.999999 -0.000903543 -1.65806e-05 0.000904041 0.999976 0.006883 1.02125e-05 -0.006884 0.999977 -0.0438053 -0.195127 0.201305
FixedParameters: 0 0 0

#Transform 158
Transform: AffineTransform_float_3_3
Parameters: 0.999999 -0.000998258 9.83643e-05 0.000997252 0.999994 0.00332722 -0.000102024 -0.00332777 0.999994 -0.0458667 0.044346 0.145345
FixedParameters: 0 0 0

#Transform 159
Transform: AffineTransform_float_3_3
Parameters: 0.999998 -0.00149844 -0.000642151 0.00150141 0.999985 0.00537116 0.000633645 -0.00537285 0.999986 -0.0208093 -0.0386613 0.17472
FixedParameters: 0 0 0

#Transform 160
Transform: AffineTransform_float_3_3
Parameters: 1 -0.000679574 0.0009662 0.000676184 0.999993 0.00368965 -0.000968762 -0.00368834 0.999992 -0.0842465 0.0152349 0.088631
FixedParameters: 0 0 0

#Transform 161
Transform: AffineTransform_float_3_3
Parameters: 1 -0.000734783 0.000873319 0.000731662 0.999994 0.00335964 -0.000875918 -0.00335836 0.999994 -0.0624911 0.0683006 0.153096
FixedParameters: 0 0 0

#Transform 162
Transform: AffineTransform_float_3_3
Parameters: 1 -0.00121186 4.42017e-05 0.00121151 0.999983 0.00575407 -5.10789e-05 -0.00575493 0.999984 -0.0357172 -0.12678 0.23347
FixedParameters: 0 0 0

#Transform 163
Transform: AffineTransform_float_3_3
Parameters: 0.999999 -0.0011761 0.000674546 0.00117237 0.999986 0.00518481 -0.000680308 -0.00518419 0.999987 -0.0580793 -0.0302952 0.146195
FixedParameters: 0 0 0

#Transform 164
Transform: AffineTransform_float_3_3
Parameters: 0.999999 -0.00100683 0.00101863 0.00100222 0.999989 0.00446993 -0.00102307 -0.00446907 0.99999 -0.0535447 0.0327497 0.14676
FixedParameters: 0 0 0

#Transform 165
Transform: AffineTransform_float_3_3
Parameters: 0.999999 -0.00100155 0.000972805 0.000997074 0.999989 0.00461199 -0.000977481 -0.00461101 0.999989 -0.056448 -0.0115732 0.100413
FixedParameters: 0 0 0

#Transform 166
Transform: AffineTransform_float_3_3
Parameters: 0.999999 -0.00106307 0.000829613 0.001059 0.999989 0.0045599 -0.000834861 -0.00455911 0.999989 -0.0605815 -0.0350513 0.106225
FixedParameters: 0 0 0

#Transform 167
Transform: AffineTransform_float_3_3
Parameters: 0.999999 -0.000997298 0.000941542 0.000993092 0.999991 0.00409595 -0.000945267 -0.00409505 0.999991 -0.0723532 -0.0112764 0.097309
FixedParameters: 0 0 0

#Transform 168
Transform: AffineTransform_float_3_3
Parameters: 0.999999 -0.000985475 0.000838952 0.000981594 0.99999 0.00440084 -0.000843182 -0.00440016 0.99999 -0.0568526 -0.0403547 0.099145
FixedParameters: 0 0 0

#Transform 169
Transform: AffineTransform_float_3_3
Parameters: 0.999999 -0.000758113 0.00108476 0.000753577 0.999993 0.00381284 -0.00108808 -0.00381217 0.999992 -0.0667821 -0.0116964 0.092142
FixedParameters: 0 0 0

#Transform 170
Transform: AffineTransform_float_3_3
Parameters: 1 -0.000692855 0.000874042 0.000690219 0.999993 0.00364662 -0.000876646 -0.00364638 0.999993 -0.0497651 0.0335493 0.0664794
FixedParameters: 0 0 0

#Transform 171
Transform: AffineTransform_float_3_3
Parameters: 1 -0.000244792 0.00113421 0.000241145 0.999995 0.00330929 -0.00113437 -0.00330971 0.999994 -0.08524 -0.00130104 0.0362284
FixedParameters: 0 0 0

#Transform 172
Transform: AffineTransform_float_3_3
Parameters: 1 -0.000137135 0.00111462 0.000134011 0.999996 0.00273815 -0.00111502 -0.00273785 0.999995 -0.0661474 0.048032 0.030727
FixedParameters: 0 0 0

#Transform 173
Transform: AffineTransform_float_3_3
Parameters: 0.999999 -0.000202322 0.00125899 0.000197399 0.999993 0.00353214 -0.00125995 -0.00353186 0.999993 -0.0704252 -0.0275989 0.0280557
FixedParameters: 0 0 0

#Transform 174
Transform: AffineTransform_float_3_3
Parameters: 0.999999 -1.29529e-06 0.00128964 -3.3785e-06 0.999995 0.00335399 -0.00128918 -0.00335301 0.999993 -0.0643223 -0.0192067 0.0254076
FixedParameters: 0 0 0

#Transform 175
Transform: AffineTransform_float_3_3
Parameters: 0.999999 -0.000260227 0.00131571 0.000256095 0.999997 0.00270223 -0.00131676 -0.00270177 0.999996 -0.0805402 0.0169523 0.00580287
FixedParameters: 0 0 0

#Transform 176
Transform: AffineTransform_float_3_3
Parameters: 0.999999 -0.000442628 0.00137181 0.000438765 0.999995 0.00317649 -0.00137305 -0.00317551 0.999994 -0.0929781 0.0243987 0.0177079
FixedParameters: 0 0 0

#Transform 177
Transform: AffineTransform_float_3_3
Parameters: 0.999999 -0.000462887 0.00135947 0.000458966 0.999996 0.00286151 -0.00136066 -0.00286048 0.999995 -0.083767 0.0293482 0.0298473
FixedParameters: 0 0 0

#Transform 178
Transform: AffineTransform_float_3_3
Parameters: 0.999999 -0.000444271 0.00144632 0.000441071 0.999997 0.00247953 -0.00144806 -0.00247847 0.999996 -0.0880824 0.0564441 0.00183567
FixedParameters: 0 0 0

#Transform 179
Transform: AffineTransform_float_3_3
Parameters: 0.999999 -0.000349858 0.00130536 0.000347294 0.999997 0.00212334 -0.00130651 -0.00212266 0.999997 -0.0821604 0.049353 -0.0142586
FixedParameters: 0 0 0

#Transform 180
Transform: AffineTransform_float_3_3
Parameters: 1 -0.000344929 0.00113175 0.000342862 0.999998 0.00222939 -0.00113295 -0.00222861 0.999997 -0.0644048 0.0365276 -0.0484723
FixedParameters: 0 0 0

#Transform 181
Transform: AffineTransform_float_3_3
Parameters: 0.999999 -0.000179466 0.00133722 0.000176629 0.999997 0.00217512 -0.00133766 -0.00217487 0.999996 -0.079786 0.0281338 -0.0308657
FixedParameters: 0 0 0

#Transform 182
Transform: AffineTransform_float_3_3
Parameters: 0.999999 -2.37373e-05 0.00149525 2.01637e-05 0.999998 0.00222892 -0.00149601 -0.00222908 0.999997 -0.0916839 0.0410217 -0.0414099
FixedParameters: 0 0 0

#Transform 183
Transform: AffineTransform_float_3_3
Parameters: 0.999999 -0.00032123 0.0013591 0.000319682 0.999998 0.00166534 -0.00135983 -0.00166566 0.999997 -0.0817387 0.0662141 -0.0378004
FixedParameters: 0 0 0

#Transform 184
Transform: AffineTransform_float_3_3
Parameters: 0.999999 -2.32513e-05 0.00149526 1.96561e-05 0.999998 0.00190392 -0.00149611 -0.00190408 0.999997 -0.0931887 0.0360699 -0.0694522
FixedParameters: 0 0 0

#Transform 185
Transform: AffineTransform_float_3_3
Parameters: 0.999999 -2.32155e-05 0.00149526 1.9692e-05 0.999998 0.00187992 -0.00149611 -0.00188008 0.999997 -0.0750991 0.0219103 -0.086649
FixedParameters: 0 0 0

#Transform 186
Transform: AffineTransform_float_3_3
Parameters: 0.999999 -0.000220118 0.00147244 0.000217125 0.999998 0.00202821 -0.00147299 -0.00202779 0.999997 -0.0892903 0.0426145 -0.0675539
FixedParameters: 0 0 0

#Transform 187
Transform: AffineTransform_float_3_3
Parameters: 0.999999 -2.3063e-05 0.00149526 1.98446e-05 0.999999 0.00177792 -0.00149611 -0.00177808 0.999998 -0.0858594 0.0499864 -0.0623848
FixedParameters: 0 0 0

#Transform 188
Transform: AffineTransform_float_3_3
Parameters: 0.999999 -0.000246102 0.00137987 0.000243521 0.999998 0.00165522 -0.00138045 -0.00165477 0.999997 -0.0855184 0.0732006 -0.0449048
FixedParameters: 0 0 0

#Transform 189
Transform: AffineTransform_float_3_3
Parameters: 1 -0.000413373 0.00115104 0.000410689 0.999998 0.00202836 -0.00115248 -0.00202764 0.999998 -0.0665771 0.0550773 -0.0404702
FixedParameters: 0 0 0

#Transform 190
Transform: AffineTransform_float_3_3
Parameters: 0.999999 -2.28627e-05 0.00149527 2.00453e-05 0.999998 0.00164381 -0.0014961 -0.00164419 0.999998 -0.0857853 0.0821332 -0.010347
FixedParameters: 0 0 0

#Transform 191
Transform: AffineTransform_float_3_3
Parameters: 0.999999 -9.61061e-06 0.00137606 6.12804e-06 0.999998 0.0020279 -0.00137686 -0.0020281 0.999997 -0.0635461 0.0316489 -0.0643243
FixedParameters: 0 0 0

#Transform 192
Transform: AffineTransform_float_3_3
Parameters: 0.999999 -2.33097e-05 0.00149526 2.05916e-05 0.999998 0.00194292 -0.001496 -0.00194308 0.999997 -0.0858422 0.0648884 -0.0513422
FixedParameters: 0 0 0

#Transform 193
