# transform file /out/sourcedata/freesurfer/sub-v1s22x0050432_ses-1/mri/transforms/cc_up.lta
# created by oesteban on Mon Mar  9 13:39:04 2026

type      = 0 # LINEAR_VOX_TO_VOX
nxforms   = 1
mean      = 126.0000 117.0000 116.0000
sigma     = 10000.0000
1 4 4
9.951208829879761e-01 -6.295789033174515e-02 7.596559822559357e-02 1.120357871055603e+00 
6.277524679899216e-02 9.980161786079407e-01 4.792140331119299e-03 1.672822380065918e+01 
-7.611659914255142e-02 0.000000000000000e+00 9.970989227294922e-01 4.600982284545898e+01 
0.000000000000000e+00 0.000000000000000e+00 0.000000000000000e+00 1.000000000000000e+00 
src volume info
valid = 1  # volume info valid
filename = /out/sourcedata/freesurfer/sub-v1s22x0050432_ses-1/mri/norm.mgz
volume = 256 256 256
voxelsize = 1.000000000000000e+00 1.000000000000000e+00 1.000000000000000e+00
xras   = -1.000000000000000e+00 0.000000000000000e+00 0.000000000000000e+00
yras   = 0.000000000000000e+00 0.000000000000000e+00 -1.000000000000000e+00
zras   = 0.000000000000000e+00 1.000000000000000e+00 0.000000000000000e+00
cras   = 2.148841857910156e+00 4.218269348144531e+01 3.290634155273438e-01
dst volume info
valid = 1  # volume info valid
filename = /out/sourcedata/freesurfer/sub-v1s22x0050432_ses-1/mri/norm.mgz
volume = 256 256 256
voxelsize = 1.000000000000000e+00 1.000000000000000e+00 1.000000000000000e+00
xras   = -1.000000000000000e+00 0.000000000000000e+00 0.000000000000000e+00
yras   = 0.000000000000000e+00 0.000000000000000e+00 -1.000000000000000e+00
zras   = 0.000000000000000e+00 1.000000000000000e+00 0.000000000000000e+00
cras   = 2.148841857910156e+00 4.218269348144531e+01 3.290634155273438e-01
