# transform file /out/sourcedata/freesurfer/sub-v1s22x0050529_ses-1/mri/transforms/cc_up.lta
# created by oesteban on Mon Mar  9 18:19:57 2026

type      = 0 # LINEAR_VOX_TO_VOX
nxforms   = 1
mean      = 131.0000 103.0000 120.0000
sigma     = 10000.0000
1 4 4
9.988495707511902e-01 3.023614361882210e-02 -3.722172603011131e-02 -2.307550191879272e+00 
-3.021517209708691e-02 9.995428323745728e-01 1.125956187024713e-03 4.990429306030273e+01 
3.723875433206558e-02 0.000000000000000e+00 9.993064403533936e-01 1.515938949584961e+01 
0.000000000000000e+00 0.000000000000000e+00 0.000000000000000e+00 1.000000000000000e+00 
src volume info
valid = 1  # volume info valid
filename = /out/sourcedata/freesurfer/sub-v1s22x0050529_ses-1/mri/norm.mgz
volume = 256 256 256
voxelsize = 1.000000000000000e+00 1.000000000000000e+00 1.000000000000000e+00
xras   = -1.000000000000000e+00 0.000000000000000e+00 0.000000000000000e+00
yras   = 0.000000000000000e+00 0.000000000000000e+00 -1.000000000000000e+00
zras   = 0.000000000000000e+00 1.000000000000000e+00 0.000000000000000e+00
cras   = -1.756362915039062e-01 4.118446350097656e+01 5.805076599121094e+00
dst volume info
valid = 1  # volume info valid
filename = /out/sourcedata/freesurfer/sub-v1s22x0050529_ses-1/mri/norm.mgz
volume = 256 256 256
voxelsize = 1.000000000000000e+00 1.000000000000000e+00 1.000000000000000e+00
xras   = -1.000000000000000e+00 0.000000000000000e+00 0.000000000000000e+00
yras   = 0.000000000000000e+00 0.000000000000000e+00 -1.000000000000000e+00
zras   = 0.000000000000000e+00 1.000000000000000e+00 0.000000000000000e+00
cras   = -1.756362915039062e-01 4.118446350097656e+01 5.805076599121094e+00
