#Insight Transform File V1.0
#Transform 0
Transform: AffineTransform_float_3_3
Parameters: 1 -3.22648e-06 0.000462357 3.64868e-06 1 -0.000456572 -0.000462354 0.000456575 1 0.00597511 -0.0305123 0.0396399
FixedParameters: 0 0 0

#Transform 1
Transform: AffineTransform_float_3_3
Parameters: 1 0.000144804 0.000258049 -0.000145281 0.999999 0.000925319 -0.000257781 -0.000925394 0.999999 0.000102935 -0.0631348 0.124603
FixedParameters: 0 0 0

#Transform 2
Transform: AffineTransform_float_3_3
Parameters: 1 -5.56502e-05 0.00050414 5.48025e-05 0.999999 0.000840771 -0.000504233 -0.000840715 0.999999 -0.0257349 -0.0359053 0.154462
FixedParameters: 0 0 0

#Transform 3
Transform: AffineTransform_float_3_3
Parameters: 1 -6.56623e-05 0.000513627 6.5617e-05 1 0.00108736 -0.000513648 -0.00108733 1 -0.0222407 -0.0147432 0.0686836
FixedParameters: 0 0 0

#Transform 4
Transform: AffineTransform_float_3_3
Parameters: 1 0.000269129 0.000250133 -0.000269571 1 0.00103676 -0.000249495 -0.0010369 1 -0.0142983 -0.0630771 0.0542626
FixedParameters: 0 0 0

#Transform 5
Transform: AffineTransform_float_3_3
Parameters: 1 0.000396371 9.13523e-05 -0.000396428 1 0.000316864 -9.11011e-05 -0.000316937 1 -0.00314435 -0.027961 0.0202135
FixedParameters: 0 0 0

#Transform 6
Transform: AffineTransform_float_3_3
Parameters: 1 0.000209618 6.0841e-05 -0.000209589 1 -0.000234296 -6.09393e-05 0.000234271 1 0.00563705 -0.0184068 0.0257507
FixedParameters: 0 0 0

#Transform 7
Transform: AffineTransform_float_3_3
Parameters: 1 0.000282784 6.78693e-05 -0.000282765 1 -0.000139489 -6.79482e-05 0.00013945 1 0.00715906 -0.00492663 0.0360814
FixedParameters: 0 0 0

#Transform 8
Transform: AffineTransform_float_3_3
Parameters: 1 0.000379675 -9.34119e-05 -0.000379684 1 -4.62146e-05 9.33767e-05 4.62855e-05 1 0.00629976 0.00536725 0.0230561
FixedParameters: 0 0 0

#Transform 9
Transform: AffineTransform_float_3_3
Parameters: 1 0.0004055 9.36367e-05 -0.000405568 1 0.000363214 -9.33421e-05 -0.00036329 1 0.00532709 -0.0426041 0.00070422
FixedParameters: 0 0 0

#Transform 10
Transform: AffineTransform_float_3_3
Parameters: 1 0.00034342 -0.000361517 -0.000343865 1 -0.000616176 0.000361093 0.000616425 0.999999 0.0103879 0.0248768 -0.00112787
FixedParameters: 0 0 0

#Transform 11
Transform: AffineTransform_float_3_3
Parameters: 1 0.000482807 -0.000290272 -0.00048311 1 -0.00044103 0.000290841 0.000441274 1 0.00720258 -0.0178215 0.00803112
FixedParameters: 0 0 0

#Transform 12
Transform: AffineTransform_float_3_3
Parameters: 1 4.09425e-05 -0.000375066 -4.14135e-05 1 -0.000627917 0.000375014 0.000627948 0.999999 -0.00238171 0.0229844 0.0430892
FixedParameters: 0 0 0

#Transform 13
Transform: AffineTransform_float_3_3
Parameters: 1 0.000197764 -0.000224332 -0.000197838 1 -0.000163667 0.000224267 0.000163755 1 0.00701605 -0.0246392 0.0303049
FixedParameters: 0 0 0

#Transform 14
Transform: AffineTransform_float_3_3
Parameters: 1 2.22774e-05 6.29024e-05 -2.21953e-05 1 -0.000652528 -6.29314e-05 0.000652525 1 -0.000259766 0.0386838 0.0436467
FixedParameters: 0 0 0

#Transform 15
Transform: AffineTransform_float_3_3
Parameters: 1 0.000282494 -0.000353085 -0.000282772 1 -0.000342544 0.00035285 0.000341749 1 0.0080915 -0.0182691 0.000620194
FixedParameters: 0 0 0

#Transform 16
Transform: AffineTransform_float_3_3
Parameters: 1 0.000344517 -0.000357539 -0.000344924 1 -0.000519133 0.00035714 0.000518385 1 0.000927297 0.00256695 0.0037065
FixedParameters: 0 0 0

#Transform 17
Transform: AffineTransform_float_3_3
Parameters: 1 0.000550681 -0.00025885 -0.000550789 1 -0.000209152 0.000258619 0.000209437 1 -0.00218302 -0.00315469 0.00248055
FixedParameters: 0 0 0

#Transform 18
Transform: AffineTransform_float_3_3
Parameters: 1 0.00015854 -0.000360486 -0.000158823 1 -0.000392356 0.000360362 0.000392471 1 0.00850356 0.0289513 0.00496752
FixedParameters: 0 0 0

#Transform 19
Transform: AffineTransform_float_3_3
Parameters: 1 -1.52387e-05 5.85312e-05 1.52005e-05 1 0.000326649 -5.85411e-05 -0.000326647 1 -0.00560286 -0.0109504 -0.00230484
FixedParameters: 0 0 0

#Transform 20
Transform: AffineTransform_float_3_3
Parameters: 1 5.57859e-06 -4.83726e-05 -5.58711e-06 1 -8.80563e-05 4.83717e-05 8.80569e-05 1 0.00194158 0.0257569 0.0125283
FixedParameters: 0 0 0

#Transform 21
Transform: AffineTransform_float_3_3
Parameters: 1 -0.000202353 0.00032977 0.000202353 1 1.29973e-06 -0.000329771 -1.16627e-06 1 0.00935924 0.0122101 0.000521929
FixedParameters: 0 0 0

#Transform 22
Transform: AffineTransform_float_3_3
Parameters: 1 6.88608e-06 0.000100564 -6.82634e-06 1 -0.00029704 -0.000100568 0.000297039 1 -0.00550976 0.0161217 0.0204743
FixedParameters: 0 0 0

#Transform 23
Transform: AffineTransform_float_3_3
Parameters: 1 2.83693e-05 -8.07322e-05 -2.84733e-05 1 -0.000643754 8.06957e-05 0.000643759 1 0.000525875 0.0275895 0.00701474
FixedParameters: 0 0 0

#Transform 24
Transform: AffineTransform_float_3_3
Parameters: 1 0.000292578 3.0522e-05 -0.000292438 1 -0.000973908 -3.10883e-05 0.000973977 0.999999 -0.000351475 0.0316852 0.0583968
FixedParameters: 0 0 0

#Transform 25
Transform: AffineTransform_float_3_3
Parameters: 1 4.64726e-05 -1.3461e-06 -4.63992e-05 1 -0.00120595 1.31425e-06 0.00120594 1 -0.00456227 0.0213664 0.00858209
FixedParameters: 0 0 0

#Transform 26
Transform: AffineTransform_float_3_3
Parameters: 1 3.36559e-05 -6.0923e-05 -3.37539e-05 0.999999 -0.00080455 6.08688e-05 0.000804554 0.999999 -0.00231336 0.0392356 0.0107498
FixedParameters: 0 0 0

#Transform 27
Transform: AffineTransform_float_3_3
Parameters: 1 0.000299707 -4.6544e-05 -0.000299775 0.999999 -0.000732307 4.6105e-05 0.000732335 0.999999 -0.0031361 -0.0166305 -0.0105082
FixedParameters: 0 0 0

#Transform 28
Transform: AffineTransform_float_3_3
Parameters: 1 5.86681e-05 -8.48704e-05 -5.88338e-05 0.999999 -0.00142759 8.47828e-05 0.00142759 0.999999 -0.00204305 0.0514203 0.00582746
FixedParameters: 0 0 0

#Transform 29
Transform: AffineTransform_float_3_3
Parameters: 1 0.000518557 -3.39548e-05 -0.000518602 0.999999 -0.000654888 3.32756e-05 0.000654923 1 0.000262937 -0.0228354 -0.0160815
FixedParameters: 0 0 0

#Transform 30
Transform: AffineTransform_float_3_3
Parameters: 1 0.000282862 -6.34797e-05 -0.000282928 1 -0.00113395 6.29183e-05 0.00113399 1 -0.00220537 0.0401999 -0.0359507
FixedParameters: 0 0 0

#Transform 31
Transform: AffineTransform_float_3_3
Parameters: 1 0.000450432 -2.56309e-05 -0.000450451 1 -0.000377514 2.52908e-05 0.000377537 1 -0.00444932 -0.0262116 -0.0665617
FixedParameters: 0 0 0

#Transform 32
Transform: AffineTransform_float_3_3
Parameters: 1 -9.99316e-05 -2.91346e-05 9.99393e-05 1 0.000132307 2.91082e-05 -0.000132313 1 -0.0199719 0.036542 -0.116841
FixedParameters: 0 0 0

#Transform 33
Transform: AffineTransform_float_3_3
Parameters: 1 0.000504253 -4.9018e-06 -0.000504252 1 7.45465e-05 4.97698e-06 -7.45415e-05 1 -0.0289338 -0.0255308 -0.134421
FixedParameters: 0 0 0

#Transform 34
Transform: AffineTransform_float_3_3
Parameters: 1 0.000403288 -2.14655e-05 -0.000403298 1 -0.00022433 2.12846e-05 0.000224347 1 -0.0327999 0.0223546 -0.117147
FixedParameters: 0 0 0

#Transform 35
Transform: AffineTransform_float_3_3
Parameters: 1 0.000617428 -8.56021e-05 -0.00061743 1 -1.19007e-05 8.55873e-05 1.20064e-05 1 -0.0157114 -0.0331253 -0.151583
FixedParameters: 0 0 0

#Transform 36
Transform: AffineTransform_float_3_3
Parameters: 1 0.000508111 -2.78733e-05 -0.000508138 0.999999 -0.000494294 2.73709e-05 0.000494322 1 -0.0175287 0.0160639 -0.179072
FixedParameters: 0 0 0

#Transform 37
Transform: AffineTransform_float_3_3
Parameters: 0.999999 0.000704319 -0.000286067 -0.000704381 0.999999 -0.000107726 0.000285915 0.000108129 1 -0.0118945 -0.0168046 -0.183812
FixedParameters: 0 0 0

#Transform 38
Transform: AffineTransform_float_3_3
Parameters: 0.999999 0.000685039 -0.000460275 -0.000684791 1 -0.000894967 0.000459171 0.000895552 1 0.00105912 0.0598097 -0.10297
FixedParameters: 0 0 0

#Transform 39
Transform: AffineTransform_float_3_3
Parameters: 0.999999 0.000690724 -0.000216036 -0.000690755 1 -7.09524e-05 0.000215937 7.12508e-05 1 -0.019163 -0.00589178 -0.119415
FixedParameters: 0 0 0

#Transform 40
Transform: AffineTransform_float_3_3
Parameters: 1 0.000707269 -5.07393e-05 -0.000707352 0.999999 -0.000358189 5.12277e-05 0.000358225 1 -0.0249313 0.012778 -0.13234
FixedParameters: 0 0 0

#Transform 41
Transform: AffineTransform_float_3_3
Parameters: 1 0.000557298 -0.00018504 -0.000557326 1 -7.6551e-05 0.000184954 7.67572e-05 1 -0.0196866 -0.0155386 -0.133726
FixedParameters: 0 0 0

#Transform 42
Transform: AffineTransform_float_3_3
Parameters: 1 0.00051561 -0.000184123 -0.000515613 1 -9.16271e-06 0.000184114 9.35258e-06 1 -0.0201693 0.0283659 -0.140061
FixedParameters: 0 0 0

#Transform 43
Transform: AffineTransform_float_3_3
Parameters: 1 -0.000662464 0.000784396 0.000661506 0.999999 0.00119166 -0.000784978 -0.00119169 0.999999 -0.0713899 -0.0475787 -0.323955
FixedParameters: 0 0 0

#Transform 44
Transform: AffineTransform_float_3_3
Parameters: 0.999998 -0.000760947 0.00224601 0.000755979 0.999998 0.00193585 -0.00224672 -0.00193494 0.999996 -0.0344131 0.011032 -0.437834
FixedParameters: 0 0 0

#Transform 45
Transform: AffineTransform_float_3_3
Parameters: 0.999999 -0.000590009 0.00111738 0.000591277 1 -0.00102944 -0.00111625 0.00102981 0.999999 -0.0113012 0.0138024 -0.402126
FixedParameters: 0 0 0

#Transform 46
Transform: AffineTransform_float_3_3
Parameters: 1 -0.000655329 0.000937696 0.000654731 1 0.000829603 -0.000938782 -0.00082941 0.999999 -0.0134861 0.0538029 -0.275109
FixedParameters: 0 0 0

#Transform 47
Transform: AffineTransform_float_3_3
Parameters: 1 -0.000358874 0.000496172 0.000358574 1 0.000302213 -0.000496388 -0.000301857 1 -0.00866332 0.00303189 -0.363594
FixedParameters: 0 0 0

#Transform 48
Transform: AffineTransform_float_3_3
Parameters: 1 -9.64994e-05 -0.000297405 9.69803e-05 0.999999 0.000808738 0.000297249 -0.000808795 0.999999 -0.00774364 0.0489016 -0.42238
FixedParameters: 0 0 0

#Transform 49
Transform: AffineTransform_float_3_3
Parameters: 1 0.000121846 -7.05911e-05 -0.000121754 1 0.000328111 6.96759e-05 -0.000328058 1 -0.00687218 0.027105 -0.323211
FixedParameters: 0 0 0

#Transform 50
Transform: AffineTransform_float_3_3
Parameters: 1 -4.32903e-06 0.000112292 4.46185e-06 1 -0.000591394 -0.000112287 0.000591395 1 -0.00600967 0.0729767 -0.314104
FixedParameters: 0 0 0

#Transform 51
Transform: AffineTransform_float_3_3
Parameters: 1 -4.95516e-05 -0.000233093 4.94176e-05 1 -0.000287501 0.000233121 0.000287478 1 0.000878253 0.0506651 -0.283337
FixedParameters: 0 0 0

#Transform 52
Transform: AffineTransform_float_3_3
Parameters: 1 -7.12345e-05 -0.000256645 7.12849e-05 1 9.8115e-05 0.000256631 -9.81516e-05 1 0.000115115 0.0464608 -0.314769
FixedParameters: 0 0 0

#Transform 53
Transform: AffineTransform_float_3_3
Parameters: 1 -0.000591275 0.00019682 0.000591251 1 5.9927e-05 -0.000196891 -5.96942e-05 1 0.0077196 0.0251143 -0.290368
FixedParameters: 0 0 0

#Transform 54
Transform: AffineTransform_float_3_3
Parameters: 1 -0.000234473 -0.0009471 0.000243241 0.999964 0.0084747 0.000945436 -0.00847484 0.999963 -0.0553191 0.0372472 -1.36941
FixedParameters: 0 0 0

#Transform 55
Transform: AffineTransform_float_3_3
Parameters: 0.999998 0.0011699 -0.0015897 -0.00116047 0.999982 0.00595522 0.0015963 -0.00595387 0.999981 -0.052665 0.0767055 -1.15856
FixedParameters: 0 0 0

#Transform 56
Transform: AffineTransform_float_3_3
Parameters: 0.999997 0.00131644 -0.00209198 -0.00131137 0.999996 0.00261492 0.00209572 -0.00261222 0.999995 -0.046493 0.104637 -1.03596
FixedParameters: 0 0 0

#Transform 57
Transform: AffineTransform_float_3_3
Parameters: 0.999994 0.00136648 -0.00307029 -0.00135911 0.999996 0.00252565 0.00307382 -0.00252117 0.999992 -0.0379949 0.068767 -1.09876
FixedParameters: 0 0 0

#Transform 58
Transform: AffineTransform_float_3_3
Parameters: 0.999993 0.00138645 -0.00341327 -0.00137821 0.999996 0.00242287 0.00341661 -0.00241749 0.999991 -0.0358202 0.110351 -1.12797
FixedParameters: 0 0 0

#Transform 59
Transform: AffineTransform_float_3_3
Parameters: 0.999994 0.00142526 -0.00320313 -0.00141721 0.999996 0.00254349 0.00320689 -0.00253926 0.999991 -0.0403546 0.0872729 -1.18126
FixedParameters: 0 0 0

#Transform 60
Transform: AffineTransform_float_3_3
Parameters: 0.999993 0.00140314 -0.00360113 -0.00139571 0.999997 0.00219973 0.00360381 -0.0021947 0.999991 -0.0346527 0.103096 -1.19204
FixedParameters: 0 0 0

#Transform 61
Transform: AffineTransform_float_3_3
Parameters: 0.999992 0.00143998 -0.00369155 -0.00143533 0.999998 0.00125938 0.00369278 -0.0012541 0.999993 -0.0369657 0.102618 -1.19773
FixedParameters: 0 0 0

#Transform 62
Transform: AffineTransform_float_3_3
Parameters: 0.999993 0.00140298 -0.00341698 -0.00139611 0.999997 0.00195298 0.00342005 -0.00194859 0.999992 -0.0444292 0.0986344 -1.2096
FixedParameters: 0 0 0

#Transform 63
Transform: AffineTransform_float_3_3
Parameters: 0.999995 0.00137492 -0.00275 -0.00136999 0.999997 0.00185622 0.00275279 -0.00185271 0.999995 -0.0548517 0.0990486 -1.18996
FixedParameters: 0 0 0

#Transform 64
Transform: AffineTransform_float_3_3
Parameters: 0.999994 0.00138394 -0.00308524 -0.0013776 0.999997 0.00204922 0.00308851 -0.0020457 0.999993 -0.0563926 0.0951987 -1.25639
FixedParameters: 0 0 0

#Transform 65
Transform: AffineTransform_float_3_3
Parameters: 0.999994 0.00139875 -0.00318841 -0.00139284 0.999997 0.00176746 0.00319104 -0.00176269 0.999994 -0.0574425 0.0961688 -1.22042
FixedParameters: 0 0 0

#Transform 66
Transform: AffineTransform_float_3_3
Parameters: 0.999994 0.00143144 -0.00328542 -0.00142868 0.999998 0.000964481 0.00328679 -0.000959333 0.999994 -0.0590726 0.133863 -1.17405
FixedParameters: 0 0 0

#Transform 67
Transform: AffineTransform_float_3_3
Parameters: 0.999992 0.00145994 -0.00371334 -0.00145734 0.999999 0.000713294 0.00371403 -0.000707834 0.999993 -0.0443798 0.126787 -1.15427
FixedParameters: 0 0 0

#Transform 68
Transform: AffineTransform_float_3_3
Parameters: 0.999996 0.0014275 -0.00215761 -0.00142836 0.999999 -0.00036655 0.00215647 0.00036951 0.999998 -0.0690186 0.137089 -0.988467
FixedParameters: 0 0 0

#Transform 69
Transform: AffineTransform_float_3_3
Parameters: 0.999996 0.00133752 -0.00243882 -0.00133127 0.999996 0.00249135 0.00244126 -0.00248761 0.999994 -0.0504128 0.109711 -1.15447
FixedParameters: 0 0 0

#Transform 70
Transform: AffineTransform_float_3_3
Parameters: 0.999995 0.00108279 -0.00295467 -0.00107737 0.999998 0.00163736 0.00295598 -0.00163407 0.999995 -0.050141 0.158921 -1.30267
FixedParameters: 0 0 0

#Transform 71
Transform: AffineTransform_float_3_3
Parameters: 0.999988 0.00158354 -0.00454645 -0.00159413 0.999997 -0.0021587 0.0045429 0.00216685 0.999987 -0.0359038 0.206074 -1.39013
FixedParameters: 0 0 0

#Transform 72
Transform: AffineTransform_float_3_3
Parameters: 0.999984 0.00134189 -0.00541501 -0.00135115 0.999998 -0.00174761 0.00541265 0.00175546 0.999984 -0.0486476 0.225694 -1.47462
FixedParameters: 0 0 0

#Transform 73
Transform: AffineTransform_float_3_3
Parameters: 0.999985 0.00110462 -0.00526228 -0.00110423 0.999999 6.94348e-05 0.00526221 -6.40493e-05 0.999986 -0.037837 0.140302 -1.47856
FixedParameters: 0 0 0

#Transform 74
Transform: AffineTransform_float_3_3
Parameters: 0.999986 0.000940108 -0.00519365 -0.000922895 0.999994 0.00336645 0.00519632 -0.00336116 0.999981 -0.0198143 0.115728 -1.42093
FixedParameters: 0 0 0

#Transform 75
Transform: AffineTransform_float_3_3
Parameters: 0.999985 0.00113219 -0.00517946 -0.00112094 0.999997 0.00205452 0.00518161 -0.0020486 0.999985 -0.0253185 0.14423 -1.47031
FixedParameters: 0 0 0

#Transform 76
Transform: AffineTransform_float_3_3
Parameters: 0.999985 0.00101653 -0.00522377 -0.00101015 0.999999 0.00110356 0.00522463 -0.00109788 0.999985 -0.0296603 0.198454 -1.47276
FixedParameters: 0 0 0

#Transform 77
Transform: AffineTransform_float_3_3
Parameters: 0.999993 0.000856613 -0.00366475 -0.000843081 0.999993 0.00363144 0.00366764 -0.00362817 0.999986 -0.0213692 0.152145 -1.26327
FixedParameters: 0 0 0

#Transform 78
Transform: AffineTransform_float_3_3
Parameters: 0.999992 0.00130317 -0.00388048 -0.00129069 0.999994 0.00330713 0.00388461 -0.00330197 0.999987 -0.0359363 0.111714 -1.21604
FixedParameters: 0 0 0

#Transform 79
Transform: AffineTransform_float_3_3
Parameters: 0.999992 0.00144588 -0.00366838 -0.00144139 0.999998 0.00137697 0.00367092 -0.00137163 0.999992 -0.0289851 0.146511 -1.16294
FixedParameters: 0 0 0

#Transform 80
Transform: AffineTransform_float_3_3
Parameters: 0.999988 0.00166173 -0.00454507 -0.00165493 0.999997 0.00162372 0.00454783 -0.00161612 0.999988 -0.0265948 0.118189 -1.24133
FixedParameters: 0 0 0

#Transform 81
Transform: AffineTransform_float_3_3
Parameters: 0.999989 0.00154277 -0.00449225 -0.0015379 0.999998 0.00121664 0.00449442 -0.00120939 0.999989 -0.0260569 0.148113 -1.31057
FixedParameters: 0 0 0

#Transform 82
Transform: AffineTransform_float_3_3
Parameters: 0.999987 0.00159596 -0.00469206 -0.00159387 0.999999 0.000449752 0.00469307 -0.00044158 0.999989 -0.02503 0.156864 -1.3728
FixedParameters: 0 0 0

#Transform 83
Transform: AffineTransform_float_3_3
Parameters: 0.999984 0.00161898 -0.00529592 -0.00161681 0.999999 0.00052689 0.00529719 -0.000517853 0.999986 -0.0238523 0.144287 -1.37928
FixedParameters: 0 0 0

#Transform 84
Transform: AffineTransform_float_3_3
Parameters: 0.999984 0.00190531 -0.0053174 -0.00190693 0.999999 -0.000287516 0.0053169 0.000297541 0.999986 -0.0243612 0.176722 -1.37016
FixedParameters: 0 0 0

#Transform 85
Transform: AffineTransform_float_3_3
Parameters: 0.999984 0.00188142 -0.00532697 -0.00188427 0.999999 -0.000491537 0.00532676 0.000501273 0.999986 -0.0319254 0.165166 -1.34393
FixedParameters: 0 0 0

#Transform 86
Transform: AffineTransform_float_3_3
Parameters: 0.999985 0.0018063 -0.00510586 -0.00181088 0.999998 -0.000997629 0.00510418 0.00100772 0.999987 -0.0374557 0.175096 -1.35441
FixedParameters: 0 0 0

#Transform 87
Transform: AffineTransform_float_3_3
Parameters: 0.999986 0.00180071 -0.00501498 -0.0018102 0.999997 -0.00191093 0.00501122 0.00191954 0.999986 -0.0300323 0.195711 -1.28695
FixedParameters: 0 0 0

#Transform 88
Transform: AffineTransform_float_3_3
Parameters: 0.999985 0.00190091 -0.00510031 -0.00190667 0.999997 -0.00120089 0.00509863 0.00120986 0.999986 -0.0339706 0.181284 -1.27487
FixedParameters: 0 0 0

#Transform 89
Transform: AffineTransform_float_3_3
Parameters: 0.999987 0.00176453 -0.00473432 -0.0017643 0.999998 5.13242e-05 0.00473411 -4.25796e-05 0.999989 -0.0354468 0.243687 -1.19361
FixedParameters: 0 0 0

#Transform 90
Transform: AffineTransform_float_3_3
Parameters: 0.999992 0.00130927 -0.00375896 -0.00129392 0.999991 0.00403271 0.00376409 -0.00402771 0.999985 -0.113027 0.171246 -1.41652
FixedParameters: 0 0 0

#Transform 91
Transform: AffineTransform_float_3_3
Parameters: 0.999988 0.00172664 -0.00468016 -0.00171706 0.999996 0.00208576 0.00468359 -0.00207799 0.999987 -0.0782577 0.137067 -1.46626
FixedParameters: 0 0 0

#Transform 92
Transform: AffineTransform_float_3_3
Parameters: 0.999988 0.00195946 -0.00435368 -0.00195765 0.999998 0.000324286 0.00435453 -0.000314888 0.999991 -0.0827703 0.239941 -1.44766
FixedParameters: 0 0 0

#Transform 93
Transform: AffineTransform_float_3_3
Parameters: 0.999986 0.00207127 -0.00483431 -0.00206525 0.999997 0.00116691 0.00483745 -0.00115661 0.999988 -0.0703996 0.184624 -1.53403
FixedParameters: 0 0 0

#Transform 94
Transform: AffineTransform_float_3_3
Parameters: 0.999987 0.00200579 -0.0045155 -0.0020021 0.999998 0.000859722 0.00451736 -0.000850199 0.99999 -0.0801879 0.185554 -1.60788
FixedParameters: 0 0 0

#Transform 95
Transform: AffineTransform_float_3_3
Parameters: 0.999986 0.00209541 -0.00489758 -0.00209449 0.999998 0.000233125 0.00489792 -0.000223417 0.999988 -0.0735324 0.173536 -1.52631
FixedParameters: 0 0 0

#Transform 96
Transform: AffineTransform_float_3_3
Parameters: 0.999981 0.00176298 -0.00587551 -0.00177121 0.999997 -0.00139354 0.00587362 0.00140333 0.999982 -0.0200653 0.181912 -1.50232
FixedParameters: 0 0 0

#Transform 97
Transform: AffineTransform_float_3_3
Parameters: 0.999976 0.00115063 -0.00678439 -0.00118037 0.99999 -0.0042945 0.00678021 0.00430198 0.999968 -0.00100302 0.252306 -1.46651
FixedParameters: 0 0 0

#Transform 98
Transform: AffineTransform_float_3_3
Parameters: 0.999978 0.00177918 -0.00634039 -0.00181132 0.999986 -0.00512312 0.0063311 0.00513463 0.999967 -0.0307771 0.214679 -1.54171
FixedParameters: 0 0 0

#Transform 99
Transform: AffineTransform_float_3_3
Parameters: 0.999983 0.000997074 -0.00576207 -0.000954701 0.999973 0.00734046 0.00576927 -0.00733576 0.999957 -0.0197853 0.0782027 -1.37704
FixedParameters: 0 0 0

#Transform 100
Transform: AffineTransform_float_3_3
Parameters: 0.999978 0.00130189 -0.00650905 -0.00127541 0.999991 0.00404973 0.00651459 -0.00404166 0.999971 -0.00929293 0.109113 -1.50418
FixedParameters: 0 0 0

#Transform 101
Transform: AffineTransform_float_3_3
Parameters: 0.999977 0.00130184 -0.00669187 -0.00124794 0.999965 0.00815636 0.00670229 -0.0081478 0.999945 0.00131906 0.0671565 -1.37433
FixedParameters: 0 0 0

#Transform 102
Transform: AffineTransform_float_3_3
Parameters: 0.999978 0.00114026 -0.00646645 -0.00108218 0.999958 0.0090844 0.00647675 -0.00907719 0.999938 -0.0166102 0.0636242 -1.43908
FixedParameters: 0 0 0

#Transform 103
Transform: AffineTransform_float_3_3
Parameters: 0.999977 0.00116967 -0.00668643 -0.00111268 0.999963 0.00852646 0.00669671 -0.00851868 0.999942 -0.0142717 0.0774393 -1.51557
FixedParameters: 0 0 0

#Transform 104
Transform: AffineTransform_float_3_3
Parameters: 0.999976 0.00134888 -0.00680118 -0.00129376 0.999966 0.00812082 0.00681218 -0.00811136 0.999944 -0.0226871 0.110392 -1.48377
FixedParameters: 0 0 0

#Transform 105
Transform: AffineTransform_float_3_3
Parameters: 0.999978 0.00165931 -0.00634051 -0.00162182 0.999981 0.00590473 0.00635102 -0.00589489 0.999963 -0.0274498 0.132308 -1.43384
FixedParameters: 0 0 0

#Transform 106
Transform: AffineTransform_float_3_3
Parameters: 0.999974 0.00159011 -0.0070331 -0.00155659 0.999988 0.00475712 0.00704083 -0.00474657 0.999964 -0.0118672 0.134311 -1.38265
FixedParameters: 0 0 0

#Transform 107
Transform: AffineTransform_float_3_3
Parameters: 0.999972 0.00182866 -0.00725499 -0.00180764 0.999994 0.00291231 0.00726034 -0.00289928 0.999969 -0.0220606 0.145868 -1.49985
FixedParameters: 0 0 0

#Transform 108
Transform: AffineTransform_float_3_3
Parameters: 0.999969 0.00144969 -0.00779602 -0.00143958 0.999998 0.00127806 0.00779793 -0.00126687 0.999969 -0.00700127 0.189799 -1.37036
FixedParameters: 0 0 0

#Transform 109
Transform: AffineTransform_float_3_3
Parameters: 0.999969 0.00198804 -0.0077055 -0.00196544 0.999994 0.00286484 0.00771145 -0.0028489 0.999966 -0.020677 0.128338 -1.45713
FixedParameters: 0 0 0

#Transform 110
Transform: AffineTransform_float_3_3
Parameters: 0.999968 0.00206027 -0.00771026 -0.00203975 0.999994 0.00267118 0.00771583 -0.0026552 0.999967 -0.0147445 0.120198 -1.50841
FixedParameters: 0 0 0

#Transform 111
Transform: AffineTransform_float_3_3
Parameters: 0.999968 0.0020563 -0.00772728 -0.00203903 0.999995 0.00227004 0.00773224 -0.00225419 0.999968 -0.0288148 0.182568 -1.4922
FixedParameters: 0 0 0

#Transform 112
Transform: AffineTransform_float_3_3
Parameters: 0.999966 0.00201302 -0.00797639 -0.00199125 0.999994 0.00273265 0.00798191 -0.00271648 0.999964 -0.0285786 0.126981 -1.56497
FixedParameters: 0 0 0

#Transform 113
Transform: AffineTransform_float_3_3
Parameters: 0.999968 0.00209446 -0.00770639 -0.00207315 0.999994 0.00272573 0.00771233 -0.00271024 0.999967 -0.0403229 0.146132 -1.62249
FixedParameters: 0 0 0

#Transform 114
Transform: AffineTransform_float_3_3
Parameters: 0.999969 0.00200509 -0.00769837 -0.00198223 0.999994 0.00301561 0.00770497 -0.00300043 0.999966 -0.0421121 0.127856 -1.60869
FixedParameters: 0 0 0

#Transform 115
Transform: AffineTransform_float_3_3
Parameters: 0.999967 0.00179925 -0.0079218 -0.00177379 0.999993 0.00322093 0.00792796 -0.00320624 0.999963 -0.0435884 0.15858 -1.66792
FixedParameters: 0 0 0

#Transform 116
Transform: AffineTransform_float_3_3
Parameters: 0.999973 0.00195466 -0.0071674 -0.00195028 0.999998 0.000629211 0.007168 -0.000615215 0.999974 -0.020827 0.188027 -1.42334
FixedParameters: 0 0 0

#Transform 117
Transform: AffineTransform_float_3_3
Parameters: 0.999974 0.00229188 -0.00678802 -0.00228469 0.999997 0.00107561 0.00678989 -0.0010601 0.999976 -0.0509281 0.206997 -1.49329
FixedParameters: 0 0 0

#Transform 118
Transform: AffineTransform_float_3_3
Parameters: 0.999977 0.00241348 -0.00630204 -0.00242794 0.999995 -0.00232076 0.00629693 0.00233592 0.999977 -0.0667973 0.208066 -1.28459
FixedParameters: 0 0 0

#Transform 119
Transform: AffineTransform_float_3_3
Parameters: 0.999968 0.00221062 -0.00761165 -0.00221161 0.999998 -0.000127006 0.00761141 0.000143101 0.999971 -0.076783 0.199444 -1.6973
FixedParameters: 0 0 0

#Transform 120
Transform: AffineTransform_float_3_3
Parameters: 0.999977 0.00248536 -0.00638964 -0.00247983 0.999997 0.00084022 0.00639073 -0.000824775 0.999979 -0.103209 0.234234 -1.79259
FixedParameters: 0 0 0

#Transform 121
Transform: AffineTransform_float_3_3
Parameters: 0.999974 0.00216861 -0.00692738 -0.00215808 0.999996 0.00144193 0.00693059 -0.00142661 0.999975 -0.0728711 0.173136 -1.60685
FixedParameters: 0 0 0

#Transform 122
Transform: AffineTransform_float_3_3
Parameters: 0.99997 0.00228338 -0.00742656 -0.00227342 0.999996 0.0012672 0.00742917 -0.0012503 0.999972 -0.0488369 0.185368 -1.58377
FixedParameters: 0 0 0

#Transform 123
Transform: AffineTransform_float_3_3
Parameters: 0.999969 0.00207882 -0.00767577 -0.00207908 0.999998 -1.35225e-05 0.007676 2.99069e-05 0.99997 -0.0445085 0.224253 -1.54776
FixedParameters: 0 0 0

#Transform 124
Transform: AffineTransform_float_3_3
Parameters: 0.999969 0.00229341 -0.00741897 -0.00228782 0.999997 0.000770651 0.00742047 -0.000753682 0.999972 -0.0504632 0.179123 -1.60409
FixedParameters: 0 0 0

#Transform 125
Transform: AffineTransform_float_3_3
Parameters: 0.999971 0.00186525 -0.00736754 -0.00185676 0.999998 0.00116083 0.00736992 -0.00114732 0.999972 -0.0413609 0.190318 -1.72295
FixedParameters: 0 0 0

#Transform 126
Transform: AffineTransform_float_3_3
Parameters: 0.99998 0.00181748 -0.00602854 -0.00181269 0.999998 0.000719415 0.0060295 -0.000708924 0.999982 -0.0518248 0.168307 -1.55191
FixedParameters: 0 0 0

#Transform 127
Transform: AffineTransform_float_3_3
Parameters: 0.999977 0.00183445 -0.00659874 -0.00182725 0.999998 0.00101043 0.00660068 -0.00099784 0.999978 -0.0578261 0.198693 -1.7697
FixedParameters: 0 0 0

#Transform 128
Transform: AffineTransform_float_3_3
Parameters: 0.999973 0.00190577 -0.00712246 -0.00190949 0.999998 -0.00049866 0.00712216 0.000512476 0.999974 -0.0247345 0.213864 -1.55232
FixedParameters: 0 0 0

#Transform 129
Transform: AffineTransform_float_3_3
Parameters: 0.999973 0.00193333 -0.00715609 -0.00194301 0.999998 -0.00133233 0.00715384 0.00134642 0.999973 -0.038 0.242875 -1.58944
FixedParameters: 0 0 0

#Transform 130
Transform: AffineTransform_float_3_3
Parameters: 0.999972 0.00195253 -0.00724492 -0.00196564 0.999997 -0.00182368 0.00724193 0.00183812 0.999972 -0.0225794 0.22334 -1.54089
FixedParameters: 0 0 0

#Transform 131
Transform: AffineTransform_float_3_3
Parameters: 0.99997 0.00194456 -0.00748965 -0.00195371 0.999998 -0.00122328 0.00748775 0.00123766 0.999971 -0.0516347 0.236368 -1.66593
FixedParameters: 0 0 0

#Transform 132
Transform: AffineTransform_float_3_3
Parameters: 0.999978 0.00240868 -0.00615439 -0.00243415 0.999988 -0.00404074 0.00614393 0.0040557 0.999973 -0.0714712 0.271209 -1.4139
FixedParameters: 0 0 0

#Transform 133
Transform: AffineTransform_float_3_3
Parameters: 0.999981 0.00190509 -0.00592508 -0.00191805 0.999996 -0.00212312 0.00592016 0.00213472 0.99998 -0.062081 0.277033 -1.46653
FixedParameters: 0 0 0

#Transform 134
Transform: AffineTransform_float_3_3
Parameters: 0.999976 0.0019672 -0.0066077 -0.00197539 0.999997 -0.00135675 0.00660533 0.00137049 0.999977 -0.0492319 0.22472 -1.52872
FixedParameters: 0 0 0

#Transform 135
Transform: AffineTransform_float_3_3
Parameters: 0.999972 0.0019528 -0.00711354 -0.00196697 0.999996 -0.00201322 0.00710994 0.0020272 0.999973 -0.0468966 0.262372 -1.55182
FixedParameters: 0 0 0

#Transform 136
Transform: AffineTransform_float_3_3
Parameters: 0.999973 0.00214139 -0.00695933 -0.00214267 0.999998 -0.000195614 0.00695892 0.000210288 0.999976 -0.0540136 0.189921 -1.57985
FixedParameters: 0 0 0

#Transform 137
Transform: AffineTransform_float_3_3
Parameters: 0.999971 0.00192404 -0.00729229 -0.00193005 0.999998 -0.000842608 0.00729084 0.00085705 0.999973 -0.0551215 0.235844 -1.60603
FixedParameters: 0 0 0

#Transform 138
Transform: AffineTransform_float_3_3
Parameters: 0.999969 0.00221108 -0.0075859 -0.0022158 0.999997 -0.000634849 0.00758462 0.000651654 0.999971 -0.048915 0.201809 -1.62667
FixedParameters: 0 0 0

#Transform 139
Transform: AffineTransform_float_3_3
Parameters: 0.999969 0.00239634 -0.0074777 -0.00240644 0.999996 -0.00127437 0.00747431 0.00129239 0.999972 -0.0517727 0.241623 -1.59359
FixedParameters: 0 0 0

#Transform 140
Transform: AffineTransform_float_3_3
Parameters: 0.999968 0.00266286 -0.0076004 -0.00266994 0.999996 -0.000841959 0.00759826 0.00086274 0.999971 -0.0497297 0.217616 -1.64373
FixedParameters: 0 0 0

#Transform 141
Transform: AffineTransform_float_3_3
Parameters: 0.999966 0.00239751 -0.00781601 -0.00241505 0.999995 -0.0022662 0.00781035 0.00228537 0.999967 -0.0460423 0.259042 -1.66159
FixedParameters: 0 0 0

#Transform 142
Transform: AffineTransform_float_3_3
Parameters: 0.999971 0.0028406 -0.00718332 -0.00286414 0.99999 -0.00324441 0.00717422 0.00326403 0.999969 -0.0466191 0.268996 -1.72905
FixedParameters: 0 0 0

#Transform 143
Transform: AffineTransform_float_3_3
Parameters: 0.99998 0.00193637 -0.00602265 -0.00195366 0.999994 -0.00295612 0.00601683 0.00296816 0.999977 -0.0661485 0.296645 -1.6642
FixedParameters: 0 0 0

#Transform 144
Transform: AffineTransform_float_3_3
Parameters: 0.999969 0.00201977 -0.00764528 -0.00204606 0.999992 -0.00344199 0.00763833 0.00345732 0.999965 -0.040676 0.287039 -1.69143
FixedParameters: 0 0 0

#Transform 145
Transform: AffineTransform_float_3_3
Parameters: 0.999969 0.0020489 -0.00758649 -0.0020829 0.999988 -0.00446159 0.00757683 0.00447783 0.999962 -0.0553211 0.306008 -1.78136
FixedParameters: 0 0 0

#Transform 146
Transform: AffineTransform_float_3_3
Parameters: 0.999967 0.00223652 -0.00774045 -0.00225842 0.999994 -0.00283788 0.00773432 0.00285502 0.999966 -0.0502846 0.303047 -1.64399
FixedParameters: 0 0 0

#Transform 147
Transform: AffineTransform_float_3_3
Parameters: 0.999977 0.00239374 -0.00638988 -0.00246045 0.999941 -0.0105093 0.0063646 0.0105252 0.999924 -0.0588337 0.522461 -2.33217
FixedParameters: 0 0 0

#Transform 148
Transform: AffineTransform_float_3_3
Parameters: 0.999999 0.000474816 -0.000914424 -0.000481969 0.999968 -0.00796282 0.000910576 0.00796335 0.999968 -0.0850452 0.450561 -2.54214
FixedParameters: 0 0 0

#Transform 149
Transform: AffineTransform_float_3_3
Parameters: 0.999999 0.000719336 0.000164375 -0.000719836 0.99999 0.00446246 -0.000161132 -0.00446258 0.99999 -0.0937349 0.263742 -2.0838
FixedParameters: 0 0 0

#Transform 150
Transform: AffineTransform_float_3_3
Parameters: 0.999998 0.000891611 -0.00195269 -0.000885178 0.999995 0.00312023 0.00195522 -0.00311858 0.999993 -0.0640381 0.241101 -1.80756
FixedParameters: 0 0 0

#Transform 151
Transform: AffineTransform_float_3_3
Parameters: 0.999997 0.000912211 -0.00245872 -0.00090269 0.999993 0.00370484 0.00246242 -0.00370316 0.99999 -0.0620769 0.279406 -2.07662
FixedParameters: 0 0 0

#Transform 152
Transform: AffineTransform_float_3_3
Parameters: 0.999995 0.00105679 -0.0028047 -0.00104549 0.999991 0.00409024 0.00280923 -0.00408705 0.999987 -0.0451592 0.259033 -1.76827
FixedParameters: 0 0 0

#Transform 153
Transform: AffineTransform_float_3_3
Parameters: 0.99999 0.00134165 -0.00424546 -0.00133425 0.999997 0.001902 0.00424801 -0.00189699 0.999989 -0.0529826 0.235757 -1.98598
FixedParameters: 0 0 0

#Transform 154
Transform: AffineTransform_float_3_3
Parameters: 0.999989 0.0014611 -0.00463893 -0.00146553 0.999998 -0.000881555 0.00463825 0.00088792 0.999989 -0.0579315 0.292088 -2.01869
FixedParameters: 0 0 0

#Transform 155
Transform: AffineTransform_float_3_3
Parameters: 0.999982 0.00212428 -0.00565026 -0.00215757 0.999981 -0.00579797 0.00563768 0.00581017 0.999968 -0.0447907 0.343755 -1.72135
FixedParameters: 0 0 0

#Transform 156
Transform: AffineTransform_float_3_3
Parameters: 0.999984 0.00158944 -0.00545145 -0.00160967 0.999991 -0.00367493 0.0054458 0.00368409 0.999978 -0.0301139 0.292266 -1.73783
FixedParameters: 0 0 0

#Transform 157
Transform: AffineTransform_float_3_3
Parameters: 0.999975 0.00111003 -0.0071015 -0.00113786 0.999992 -0.0038032 0.00709746 0.00381078 0.999968 -0.00750568 0.324225 -1.8329
FixedParameters: 0 0 0

#Transform 158
Transform: AffineTransform_float_3_3
Parameters: 0.999977 0.00108246 -0.00667236 -0.00110577 0.999993 -0.00349589 0.00666802 0.00350246 0.999972 -0.00935996 0.290119 -1.90924
FixedParameters: 0 0 0

#Transform 159
Transform: AffineTransform_float_3_3
Parameters: 0.999977 0.00118123 -0.00661925 -0.00121137 0.999989 -0.00452294 0.00661339 0.00453052 0.999968 -0.00801973 0.308516 -1.89914
FixedParameters: 0 0 0

#Transform 160
Transform: AffineTransform_float_3_3
Parameters: 0.999984 0.000872999 -0.00567969 -0.000891082 0.999995 -0.00316479 0.00567712 0.00316963 0.999978 -0.0101762 0.252538 -1.80838
FixedParameters: 0 0 0

#Transform 161
Transform: AffineTransform_float_3_3
Parameters: 0.999995 0.000937297 -0.00297688 -0.000940977 0.999999 -0.00121151 0.00297567 0.00121456 0.999995 -0.0569373 0.281381 -2.13853
FixedParameters: 0 0 0

#Transform 162
Transform: AffineTransform_float_3_3
Parameters: 0.999996 0.00120138 -0.00269514 -0.00121101 0.999993 -0.00344977 0.00269057 0.00345351 0.999991 -0.0392502 0.320233 -2.03397
FixedParameters: 0 0 0

#Transform 163
Transform: AffineTransform_float_3_3
Parameters: 0.999993 0.00138719 -0.00348411 -0.00140489 0.999986 -0.00500703 0.00347671 0.0050124 0.999981 -0.0363961 0.398092 -2.2531
FixedParameters: 0 0 0

#Transform 164
Transform: AffineTransform_float_3_3
Parameters: 0.999985 0.00198702 -0.00498431 -0.00202721 0.999966 -0.00803151 0.00496803 0.00804148 0.999956 -0.0293078 0.353959 -2.17112
FixedParameters: 0 0 0

#Transform 165
Transform: AffineTransform_float_3_3
Parameters: 0.999998 0.00154231 -0.00136617 -0.00155583 0.99995 -0.00978718 0.00135102 0.00978943 0.999951 -0.081559 0.429341 -2.41939
FixedParameters: 0 0 0

#Transform 166
Transform: AffineTransform_float_3_3
Parameters: 0.999998 0.00169738 -0.000942011 -0.00170705 0.999937 -0.0111339 0.000923261 0.0111352 0.999937 -0.123436 0.441295 -2.30209
FixedParameters: 0 0 0

#Transform 167
Transform: AffineTransform_float_3_3
Parameters: 0.999995 0.00189668 -0.00244999 -0.00191987 0.999952 -0.00957775 0.00243188 0.00958238 0.999951 -0.0925336 0.388935 -2.301
FixedParameters: 0 0 0

#Transform 168
Transform: AffineTransform_float_3_3
Parameters: 0.999994 0.00199583 -0.00292273 -0.00202358 0.999953 -0.0094433 0.00290318 0.00944907 0.999951 -0.0860123 0.450094 -2.2171
FixedParameters: 0 0 0

#Transform 169
Transform: AffineTransform_float_3_3
Parameters: 0.999992 0.00219222 -0.00340077 -0.00222507 0.999949 -0.00992334 0.00337897 0.00993097 0.999945 -0.0759404 0.403956 -2.22271
FixedParameters: 0 0 0

#Transform 170
Transform: AffineTransform_float_3_3
Parameters: 0.999992 0.00198846 -0.00352758 -0.0020264 0.999937 -0.0109757 0.00350564 0.0109832 0.999933 -0.0652239 0.472972 -2.19298
FixedParameters: 0 0 0

#Transform 171
Transform: AffineTransform_float_3_3
Parameters: 0.999994 0.00164843 -0.00306713 -0.00168375 0.999933 -0.0115126 0.00304832 0.0115176 0.999929 -0.0786146 0.464867 -2.2105
FixedParameters: 0 0 0

#Transform 172
Transform: AffineTransform_float_3_3
Parameters: 0.999994 0.00143741 -0.00311671 -0.00147394 0.99993 -0.011725 0.00310037 0.0117299 0.999926 -0.0563341 0.520146 -2.13192
FixedParameters: 0 0 0

#Transform 173
Transform: AffineTransform_float_3_3
Parameters: 0.999999 0.00170039 -0.00056217 -0.0017049 0.999956 -0.00919594 0.00054625 0.00919623 0.999958 -0.110192 0.425718 -2.31346
FixedParameters: 0 0 0

#Transform 174
Transform: AffineTransform_float_3_3
Parameters: 0.999996 0.00164035 -0.00231711 -0.00166798 0.999923 -0.0122592 0.00229657 0.0122629 0.999923 -0.0778749 0.489052 -2.13317
FixedParameters: 0 0 0

#Transform 175
Transform: AffineTransform_float_3_3
Parameters: 0.999996 0.00172467 -0.00243699 -0.00175301 0.99993 -0.0116618 0.00241681 0.0116664 0.999929 -0.0776468 0.428256 -2.17991
FixedParameters: 0 0 0

#Transform 176
Transform: AffineTransform_float_3_3
Parameters: 0.999994 0.00183076 -0.00286108 -0.0018634 0.999932 -0.0115141 0.00283992 0.0115195 0.999929 -0.0661445 0.459995 -2.22048
FixedParameters: 0 0 0

#Transform 177
Transform: AffineTransform_float_3_3
Parameters: 0.999995 0.00170946 -0.00272908 -0.00174827 0.9999 -0.0140686 0.00270466 0.0140737 0.999898 -0.0872194 0.539425 -2.58917
FixedParameters: 0 0 0

#Transform 178
Transform: AffineTransform_float_3_3
Parameters: 0.999996 0.00120194 -0.00236034 -0.00124656 0.99982 -0.0189132 0.00233779 0.0189167 0.999818 -0.0835716 0.62038 -2.98854
FixedParameters: 0 0 0

#Transform 179
Transform: AffineTransform_float_3_3
Parameters: 0.999999 -0.00100492 -0.000530746 0.00098081 0.999067 -0.0431738 0.000573869 0.0431736 0.999067 -0.0662882 0.899689 -3.6481
FixedParameters: 0 0 0

#Transform 180
Transform: AffineTransform_float_3_3
Parameters: 0.999993 -0.00134883 0.00350354 0.00147746 0.99932 -0.0368438 -0.00345071 0.036849 0.999315 -0.116934 0.826639 -3.59024
FixedParameters: 0 0 0

#Transform 181
Transform: AffineTransform_float_3_3
Parameters: 0.999996 -0.00138833 0.00239958 0.00143636 0.999793 -0.0202984 -0.002371 0.0203016 0.999791 -0.0974246 0.525601 -3.31128
FixedParameters: 0 0 0

#Transform 182
Transform: AffineTransform_float_3_3
Parameters: 0.999998 -0.00120131 0.00164524 0.00125785 0.999391 -0.0348986 -0.00160272 0.0349003 0.999389 -0.0847453 0.872058 -3.57863
FixedParameters: 0 0 0

#Transform 183
Transform: AffineTransform_float_3_3
Parameters: 0.999998 -0.0013438 0.00150966 0.00139027 0.999506 -0.0314108 -0.0014665 0.0314129 0.999505 -0.0674874 0.734036 -3.42822
FixedParameters: 0 0 0

#Transform 184
Transform: AffineTransform_float_3_3
Parameters: 0.999999 -0.00132467 0.000913492 0.00135297 0.999498 -0.0316754 -0.000870827 0.0316772 0.999498 -0.0502356 0.769565 -3.32708
FixedParameters: 0 0 0

#Transform 185
Transform: AffineTransform_float_3_3
Parameters: 0.999999 -0.00137034 0.000722689 0.00139193 0.999535 -0.0304804 -0.000680127 0.0304813 0.999535 -0.0638929 0.745584 -3.31663
FixedParameters: 0 0 0

#Transform 186
Transform: AffineTransform_float_3_3
Parameters: 0.999999 -0.000961189 0.00150953 0.00100561 0.999562 -0.029594 -0.00147998 0.0295959 0.999561 -0.0550192 0.727839 -3.26337
FixedParameters: 0 0 0

#Transform 187
Transform: AffineTransform_float_3_3
Parameters: 0.999994 -0.00167004 0.00289131 0.00172391 0.999825 -0.0186585 -0.00285951 0.0186638 0.999822 -0.0451327 0.511805 -3.06725
FixedParameters: 0 0 0

#Transform 188
Transform: AffineTransform_float_3_3
Parameters: 0.999994 -0.00249027 0.00207047 0.0025222 0.999877 -0.0154233 -0.00203204 0.0154288 0.999879 0.00303587 0.409629 -2.77283
FixedParameters: 0 0 0

#Transform 189
Transform: AffineTransform_float_3_3
Parameters: 0.999999 -0.000566021 0.00063219 0.000573894 0.999923 -0.0123613 -0.00062466 0.0123618 0.999923 -0.0683226 0.563285 -3.31215
FixedParameters: 0 0 0

#Transform 190
Transform: AffineTransform_float_3_3
Parameters: 1 -5.55652e-05 -9.20076e-05 5.42806e-05 0.999895 -0.0144448 9.26372e-05 0.0144441 0.999896 -0.081528 0.508901 -3.40943
