#Insight Transform File V1.0
#Transform 0
Transform: AffineTransform_float_3_3
Parameters: 0.999999 -0.00119373 0.000895194 0.00119871 0.999984 -0.0055456 -0.000888785 0.00554688 0.999985 0.0409248 -0.0485905 0.0897275
FixedParameters: 0 0 0

#Transform 1
Transform: AffineTransform_float_3_3
Parameters: 0.999999 -0.00107123 0.000700758 0.0010745 0.999987 -0.00497717 -0.000695234 0.00497851 0.999987 0.0429818 -0.0401338 0.0502359
FixedParameters: 0 0 0

#Transform 2
Transform: AffineTransform_float_3_3
Parameters: 0.999999 -0.00119496 0.000820126 0.00119846 0.99999 -0.00440946 -0.000814801 0.00441028 0.99999 0.0243661 -0.0468981 0.0411011
FixedParameters: 0 0 0

#Transform 3
Transform: AffineTransform_float_3_3
Parameters: 0.999999 -0.00166091 0.000776697 0.00166347 0.99999 -0.00413879 -0.000769232 0.00414023 0.999992 0.0364412 -0.0276426 0.0361621
FixedParameters: 0 0 0

#Transform 4
Transform: AffineTransform_float_3_3
Parameters: 0.999998 -0.00136274 0.000737593 0.00136592 0.999991 -0.00402034 -0.000732052 0.00402119 0.999992 0.0261333 -0.0215418 0.0590594
FixedParameters: 0 0 0

#Transform 5
Transform: AffineTransform_float_3_3
Parameters: 0.999999 -0.00119737 0.000716005 0.00120049 0.999991 -0.00400731 -0.000710835 0.00400786 0.999992 0.0249054 -0.0069636 0.0794001
FixedParameters: 0 0 0

#Transform 6
Transform: AffineTransform_float_3_3
Parameters: 0.999999 -0.00136407 0.000364081 0.00136537 0.999989 -0.00433104 -0.000358771 0.00433183 0.99999 0.0280554 0.0173866 0.0833413
FixedParameters: 0 0 0

#Transform 7
Transform: AffineTransform_float_3_3
Parameters: 0.999999 -0.00124479 0.000786789 0.00124743 0.999991 -0.00404924 -0.000782002 0.00405006 0.999991 0.0254864 0.0116581 0.0330149
FixedParameters: 0 0 0

#Transform 8
Transform: AffineTransform_float_3_3
Parameters: 0.999999 -0.00149147 0.000868435 0.00149378 0.999992 -0.00348468 -0.000863449 0.00348613 0.999993 0.0340162 -0.0100353 0.0315153
FixedParameters: 0 0 0

#Transform 9
Transform: AffineTransform_float_3_3
Parameters: 0.999999 -0.0012845 0.00079123 0.00128748 0.999993 -0.00354389 -0.000786629 0.00354476 0.999993 0.0353383 0.00894528 0.0399361
FixedParameters: 0 0 0

#Transform 10
Transform: AffineTransform_float_3_3
Parameters: 0.999999 -0.00113009 0.00068792 0.00113187 0.999994 -0.00310475 -0.000684458 0.00310539 0.999995 0.0197896 0.00398595 0.048139
FixedParameters: 0 0 0

#Transform 11
Transform: AffineTransform_float_3_3
Parameters: 1 -0.000808415 0.000729066 0.000810791 0.999995 -0.00324013 -0.000726391 0.00324111 0.999994 0.0285808 -0.00360682 0.0703621
FixedParameters: 0 0 0

#Transform 12
Transform: AffineTransform_float_3_3
Parameters: 0.999999 -0.00114863 0.000772861 0.00115076 0.999995 -0.00298818 -0.00076955 0.00298904 0.999996 0.0252596 0.0117334 0.0465392
FixedParameters: 0 0 0

#Transform 13
Transform: AffineTransform_float_3_3
Parameters: 0.999999 -0.00119699 0.000499936 0.00119793 0.999996 -0.00232161 -0.000497147 0.00232187 0.999998 0.0192927 0.00154266 0.0470425
FixedParameters: 0 0 0

#Transform 14
Transform: AffineTransform_float_3_3
Parameters: 1 -0.00120691 2.46485e-05 0.00120774 0.999997 -0.00178317 -2.2413e-05 0.00178322 0.999999 0.0324395 0.0193682 0.0561008
FixedParameters: 0 0 0

#Transform 15
Transform: AffineTransform_float_3_3
Parameters: 0.999999 -0.0012388 0.000255578 0.00123947 0.999997 -0.00178403 -0.0002531 0.00178467 0.999999 0.0322111 0.00899032 0.0337142
FixedParameters: 0 0 0

#Transform 16
Transform: AffineTransform_float_3_3
Parameters: 0.999999 -0.0012662 0.000185228 0.00126638 0.999999 -0.000828406 -0.000184159 0.00082863 0.999999 0.0281113 -0.00647051 0.0395082
FixedParameters: 0 0 0

#Transform 17
Transform: AffineTransform_float_3_3
Parameters: 0.999999 -0.00126242 0.000185002 0.00126267 0.999998 -0.00102637 -0.000183439 0.00102659 0.999999 0.0228983 0.0185706 0.0499512
FixedParameters: 0 0 0

#Transform 18
Transform: AffineTransform_float_3_3
Parameters: 0.999999 -0.000903188 0.00013902 0.000903401 1 -0.000769537 -0.000137629 0.000769539 0.999999 0.0129694 0.010612 0.0493167
FixedParameters: 0 0 0

#Transform 19
Transform: AffineTransform_float_3_3
Parameters: 1 -0.000371578 7.14095e-05 0.000371679 0.999999 -0.000706293 -7.08845e-05 0.000706346 0.999999 0.00154859 0.0358885 0.0271357
FixedParameters: 0 0 0

#Transform 20
Transform: AffineTransform_float_3_3
Parameters: 1 -0.000389319 -6.13147e-06 0.000389315 1 -0.000294397 6.3607e-06 0.000294392 1 2.08237e-05 0.00349288 0.0100819
FixedParameters: 0 0 0

#Transform 21
Transform: AffineTransform_float_3_3
Parameters: 1 0.00022572 -4.44202e-06 -0.000225599 1 -0.000495816 5.20964e-06 0.000495813 1 0.00196016 0.027255 -0.00759378
FixedParameters: 0 0 0

#Transform 22
Transform: AffineTransform_float_3_3
Parameters: 1 -8.02795e-05 3.43701e-05 8.03085e-05 1 -0.000422673 -3.43022e-05 0.000422679 1 -0.00670877 0.0240363 -0.00525368
FixedParameters: 0 0 0

#Transform 23
Transform: AffineTransform_float_3_3
Parameters: 1 0.00033864 -1.86016e-05 -0.000338641 1 -1.25527e-05 1.85931e-05 1.25653e-05 1 -0.0134988 0.0120994 -0.0066515
FixedParameters: 0 0 0

#Transform 24
Transform: AffineTransform_float_3_3
Parameters: 0.999999 0.000786392 -0.000524755 -0.000786438 0.999999 -4.34825e-05 0.000524686 4.43078e-05 1 -0.00358685 0.0550983 -0.00438109
FixedParameters: 0 0 0

#Transform 25
Transform: AffineTransform_float_3_3
Parameters: 0.999999 0.000785214 -0.000481976 -0.000785045 0.999999 0.000306422 0.000481465 -0.000305661 1 0.00333047 0.0357475 -0.0135728
FixedParameters: 0 0 0

#Transform 26
Transform: AffineTransform_float_3_3
Parameters: 0.999999 0.00136681 -0.000556248 -0.00136643 0.999999 0.000348852 0.000557162 -0.000347579 1 2.99006e-05 0.0514298 -0.0227208
FixedParameters: 0 0 0

#Transform 27
Transform: AffineTransform_float_3_3
Parameters: 0.999999 0.0012285 -0.000538866 -0.00122819 0.999999 0.000314109 0.000539602 -0.000314001 1 -0.00114521 0.0524984 -0.0341887
FixedParameters: 0 0 0

#Transform 28
Transform: AffineTransform_float_3_3
Parameters: 0.999999 0.00126113 -0.000542754 -0.00126063 0.999999 0.000482786 0.000543936 -0.000482633 1 -0.000742396 0.0452761 -0.02526
FixedParameters: 0 0 0

#Transform 29
Transform: AffineTransform_float_3_3
Parameters: 0.999998 0.00157784 -0.000583076 -0.00157862 0.999998 0.000204073 0.000583809 -0.00020343 1 0.0100029 0.0603951 -0.00121887
FixedParameters: 0 0 0

#Transform 30
Transform: AffineTransform_float_3_3
Parameters: 0.999998 0.00157055 -0.000582124 -0.00157029 0.999998 0.000223895 0.000582787 -0.000222315 1 0.00164058 0.0641988 -0.0151485
FixedParameters: 0 0 0

#Transform 31
Transform: AffineTransform_float_3_3
Parameters: 0.999998 0.00181505 -0.00087985 -0.0018146 0.999998 0.000343822 0.00088003 -0.00034209 0.999999 0.00627379 0.0704565 -0.00144967
FixedParameters: 0 0 0

#Transform 32
Transform: AffineTransform_float_3_3
Parameters: 0.999998 0.00180519 -0.000729499 -0.00180395 0.999997 0.00188429 0.00073246 -0.00188308 0.999998 0.00454868 0.0754293 -0.0268908
FixedParameters: 0 0 0

#Transform 33
Transform: AffineTransform_float_3_3
Parameters: 0.999998 0.00175487 -0.00105067 -0.00175223 0.999996 0.00244775 0.00105558 -0.00244643 0.999996 0.00350173 0.0669988 -0.0362799
FixedParameters: 0 0 0

#Transform 34
Transform: AffineTransform_float_3_3
Parameters: 0.999998 0.00176467 -0.00108765 -0.00176258 0.999997 0.00166307 0.00108968 -0.00166138 0.999998 0.0076854 0.0934259 -0.0311143
FixedParameters: 0 0 0

#Transform 35
Transform: AffineTransform_float_3_3
Parameters: 0.999998 0.00206304 -0.000724294 -0.00206029 0.999993 0.00327346 0.000730061 -0.00327212 0.999994 0.00663678 0.0423962 -0.00628226
FixedParameters: 0 0 0

#Transform 36
Transform: AffineTransform_float_3_3
Parameters: 0.999998 0.00182535 -0.00134129 -0.00182232 0.999996 0.00207645 0.00134516 -0.00207465 0.999997 0.020512 0.107546 -0.0316336
FixedParameters: 0 0 0

#Transform 37
Transform: AffineTransform_float_3_3
Parameters: 0.999998 0.00176971 -0.000880558 -0.00176742 0.999995 0.00278439 0.000885775 -0.00278267 0.999996 0.00566206 0.0895059 -0.049452
FixedParameters: 0 0 0

#Transform 38
Transform: AffineTransform_float_3_3
Parameters: 0.999996 0.00248298 -0.00137467 -0.00247911 0.999992 0.00282182 0.00138211 -0.00281854 0.999995 0.0145685 0.109698 -0.061778
FixedParameters: 0 0 0

#Transform 39
Transform: AffineTransform_float_3_3
Parameters: 0.9999 0.0132532 0.00490173 -0.0132974 0.99987 0.00913367 -0.00478038 -0.00919825 0.999947 -0.0885614 0.16074 -0.0733519
FixedParameters: 0 0 0

#Transform 40
Transform: AffineTransform_float_3_3
Parameters: 0.999851 0.0160848 0.00617857 -0.0161437 0.999822 0.00970635 -0.00602164 -0.00980403 0.999933 -0.125977 0.144768 -0.104995
FixedParameters: 0 0 0

#Transform 41
Transform: AffineTransform_float_3_3
Parameters: 0.99984 0.0170501 0.0053657 -0.0171028 0.999804 0.0099861 -0.00519432 -0.0100767 0.999936 -0.111667 0.202631 -0.127133
FixedParameters: 0 0 0

#Transform 42
Transform: AffineTransform_float_3_3
Parameters: 0.999828 0.0175077 0.00601503 -0.0175668 0.999797 0.00985502 -0.00584069 -0.00995902 0.999934 -0.112871 0.161953 -0.119937
FixedParameters: 0 0 0

#Transform 43
Transform: AffineTransform_float_3_3
Parameters: 0.999835 0.0173456 0.00534565 -0.0173979 0.9998 0.00988285 -0.00517303 -0.00997416 0.999937 -0.109642 0.187098 -0.116353
FixedParameters: 0 0 0

#Transform 44
Transform: AffineTransform_float_3_3
Parameters: 0.999837 0.0170427 0.00606991 -0.017102 0.999805 0.00989681 -0.00589926 -0.00999941 0.999933 -0.106518 0.164192 -0.134533
FixedParameters: 0 0 0

#Transform 45
Transform: AffineTransform_float_3_3
Parameters: 0.99987 0.0151795 0.00542381 -0.0152324 0.999837 0.00973893 -0.00527529 -0.00981973 0.999938 -0.0921346 0.183864 -0.0903718
FixedParameters: 0 0 0

#Transform 46
Transform: AffineTransform_float_3_3
Parameters: 0.999866 0.0153934 0.00549857 -0.0154424 0.999839 0.00913502 -0.0053576 -0.00921906 0.999943 -0.0815628 0.190294 -0.0867743
FixedParameters: 0 0 0

#Transform 47
Transform: AffineTransform_float_3_3
Parameters: 0.999861 0.0158489 0.00533718 -0.0159004 0.999827 0.00970834 -0.00518285 -0.00979203 0.999939 -0.109592 0.169803 -0.0731088
FixedParameters: 0 0 0

#Transform 48
Transform: AffineTransform_float_3_3
Parameters: 0.999886 0.0142546 0.00503535 -0.0143018 0.999853 0.00945005 -0.00490031 -0.00952128 0.999943 -0.0876574 0.188982 -0.0747704
FixedParameters: 0 0 0

#Transform 49
Transform: AffineTransform_float_3_3
Parameters: 0.999898 0.0135327 0.00451083 -0.0135721 0.999869 0.00885594 -0.00439063 -0.00891621 0.999951 -0.103359 0.15707 -0.0934975
FixedParameters: 0 0 0

#Transform 50
Transform: AffineTransform_float_3_3
Parameters: 0.999895 0.0138456 0.00408295 -0.0138809 0.999865 0.00875271 -0.00396182 -0.00880819 0.999954 -0.0995237 0.176893 -0.0864144
FixedParameters: 0 0 0

#Transform 51
Transform: AffineTransform_float_3_3
Parameters: 0.999903 0.0131661 0.00438286 -0.0132054 0.999871 0.00910025 -0.00426249 -0.00915773 0.999949 -0.0998856 0.169633 -0.0983148
FixedParameters: 0 0 0

#Transform 52
Transform: AffineTransform_float_3_3
Parameters: 0.99991 0.0129028 0.00382216 -0.0129351 0.999879 0.00858183 -0.00371134 -0.00863053 0.999956 -0.0893 0.17197 -0.109371
FixedParameters: 0 0 0

#Transform 53
Transform: AffineTransform_float_3_3
Parameters: 0.99992 0.012163 0.00341492 -0.0121923 0.999888 0.00866646 -0.00330903 -0.00870786 0.999957 -0.0822021 0.168741 -0.109479
FixedParameters: 0 0 0

#Transform 54
Transform: AffineTransform_float_3_3
Parameters: 0.999921 0.0121546 0.00322732 -0.0121816 0.99989 0.00839087 -0.00312511 -0.00842885 0.999959 -0.100972 0.163541 -0.0704846
FixedParameters: 0 0 0

#Transform 55
Transform: AffineTransform_float_3_3
Parameters: 0.999926 0.0117784 0.00298825 -0.0118002 0.999904 0.0073015 -0.00290148 -0.00733663 0.999969 -0.0784233 0.156841 -0.0592338
FixedParameters: 0 0 0

#Transform 56
Transform: AffineTransform_float_3_3
Parameters: 0.999931 0.0114485 0.00253985 -0.0114672 0.999906 0.00754671 -0.00245392 -0.00757514 0.999969 -0.0657906 0.16512 -0.0528578
FixedParameters: 0 0 0

#Transform 57
Transform: AffineTransform_float_3_3
Parameters: 0.999937 0.0109445 0.00242054 -0.0109621 0.99991 0.0077386 -0.00233585 -0.0077648 0.999967 -0.0859245 0.158 -0.062828
FixedParameters: 0 0 0

#Transform 58
Transform: AffineTransform_float_3_3
Parameters: 0.999938 0.0109047 0.00239687 -0.0109253 0.999903 0.00865266 -0.00230168 -0.00867876 0.99996 -0.0931052 0.171884 -0.0340931
FixedParameters: 0 0 0

#Transform 59
Transform: AffineTransform_float_3_3
Parameters: 0.99993 0.011546 0.00237822 -0.0115661 0.999897 0.00851962 -0.00227926 -0.00854708 0.999961 -0.0828135 0.182705 -0.0553904
FixedParameters: 0 0 0

#Transform 60
Transform: AffineTransform_float_3_3
Parameters: 0.999934 0.0112155 0.00226529 -0.0112339 0.999905 0.00807995 -0.00217457 -0.00810459 0.999965 -0.0890995 0.162074 -0.0848701
FixedParameters: 0 0 0

#Transform 61
Transform: AffineTransform_float_3_3
Parameters: 0.999941 0.010572 0.00238218 -0.0105908 0.999913 0.00793053 -0.00229786 -0.00795508 0.999966 -0.0882928 0.169653 -0.058528
FixedParameters: 0 0 0

#Transform 62
Transform: AffineTransform_float_3_3
Parameters: 0.999945 0.0102531 0.00204524 -0.0102683 0.999919 0.00752658 -0.00196792 -0.00754734 0.999969 -0.082535 0.187381 -0.0544785
FixedParameters: 0 0 0

#Transform 63
Transform: AffineTransform_float_3_3
Parameters: 0.999941 0.0106949 0.00163449 -0.0107076 0.999911 0.00802687 -0.00154869 -0.00804388 0.999966 -0.0811989 0.172171 -0.0715343
FixedParameters: 0 0 0

#Transform 64
Transform: AffineTransform_float_3_3
Parameters: 0.999941 0.0107029 0.00173624 -0.0107172 0.99991 0.00802579 -0.00165032 -0.00804378 0.999966 -0.0810213 0.175476 -0.0473316
FixedParameters: 0 0 0

#Transform 65
Transform: AffineTransform_float_3_3
Parameters: 0.999937 0.0110771 0.00193673 -0.0110916 0.99991 0.00757687 -0.00185216 -0.00759872 0.999969 -0.0817708 0.182147 -0.0519697
FixedParameters: 0 0 0

#Transform 66
Transform: AffineTransform_float_3_3
Parameters: 0.999938 0.0109191 0.00229306 -0.0109375 0.999907 0.00805801 -0.00220455 -0.00808316 0.999965 -0.0897743 0.158592 -0.0721439
FixedParameters: 0 0 0

#Transform 67
Transform: AffineTransform_float_3_3
Parameters: 0.99994 0.0107349 0.00233501 -0.0107533 0.999911 0.00796261 -0.00224948 -0.00798738 0.999966 -0.0857066 0.173124 -0.0672855
FixedParameters: 0 0 0

#Transform 68
Transform: AffineTransform_float_3_3
Parameters: 0.999942 0.0105679 0.00221556 -0.0105862 0.999911 0.0081297 -0.00212892 -0.00815259 0.999965 -0.0933001 0.168166 -0.0902351
FixedParameters: 0 0 0

#Transform 69
Transform: AffineTransform_float_3_3
Parameters: 0.999936 0.0111272 0.00208675 -0.0111439 0.999905 0.00811193 -0.00199665 -0.00813509 0.999965 -0.0884505 0.173351 -0.067878
FixedParameters: 0 0 0

#Transform 70
Transform: AffineTransform_float_3_3
Parameters: 0.999936 0.0111048 0.00191413 -0.0111201 0.999905 0.0081988 -0.00182233 -0.00821921 0.999964 -0.0932063 0.204069 -0.0962905
FixedParameters: 0 0 0

#Transform 71
Transform: AffineTransform_float_3_3
Parameters: 0.99994 0.0106639 0.00231831 -0.0106823 0.99991 0.0081607 -0.0022317 -0.00818576 0.999964 -0.0913135 0.168329 -0.0885971
FixedParameters: 0 0 0

#Transform 72
Transform: AffineTransform_float_3_3
Parameters: 0.999937 0.0110748 0.00160321 -0.0110867 0.999908 0.00789933 -0.00151532 -0.00791685 0.999968 -0.0816317 0.178177 -0.0461041
FixedParameters: 0 0 0

#Transform 73
Transform: AffineTransform_float_3_3
Parameters: 0.999953 0.00964204 0.000961394 -0.00964972 0.999922 0.00790482 -0.000884832 -0.00791318 0.999968 -0.0665175 0.143969 -0.0396967
FixedParameters: 0 0 0

#Transform 74
Transform: AffineTransform_float_3_3
Parameters: 0.999946 0.0103937 0.000942452 -0.0104015 0.999912 0.00816177 -0.000856936 -0.00817082 0.999966 -0.0816213 0.197245 -0.0281648
FixedParameters: 0 0 0

#Transform 75
Transform: AffineTransform_float_3_3
Parameters: 0.999949 0.00990995 0.00171211 -0.00992396 0.999916 0.0084154 -0.00162895 -0.00843146 0.999963 -0.0577321 0.185236 -0.0397543
FixedParameters: 0 0 0

#Transform 76
Transform: AffineTransform_float_3_3
Parameters: 0.999949 0.00997962 0.00149693 -0.00999146 0.999917 0.00826101 -0.00141454 -0.00827541 0.999964 -0.0828993 0.165804 -0.0518618
FixedParameters: 0 0 0

#Transform 77
Transform: AffineTransform_float_3_3
Parameters: 0.999947 0.0101932 0.00165395 -0.0102066 0.999912 0.00845866 -0.00156722 -0.00847518 0.999962 -0.0643374 0.167903 -0.0655017
FixedParameters: 0 0 0

#Transform 78
Transform: AffineTransform_float_3_3
Parameters: 0.999947 0.0101146 0.00167979 -0.0101302 0.999907 0.00910129 -0.00158717 -0.00911776 0.999957 -0.0697733 0.153152 -0.0793219
FixedParameters: 0 0 0

#Transform 79
Transform: AffineTransform_float_3_3
Parameters: 0.999951 0.00987866 0.00151715 -0.00989187 0.999912 0.00879541 -0.00142974 -0.00881033 0.99996 -0.0633324 0.177385 -0.0750733
FixedParameters: 0 0 0

#Transform 80
Transform: AffineTransform_float_3_3
Parameters: 0.999948 0.0101081 0.00160196 -0.0101222 0.99991 0.00879808 -0.00151362 -0.00881395 0.99996 -0.066123 0.187325 -0.0780604
FixedParameters: 0 0 0

#Transform 81
Transform: AffineTransform_float_3_3
Parameters: 0.999948 0.0101285 0.00130283 -0.0101398 0.999909 0.00893001 -0.00121224 -0.00894321 0.999959 -0.0743136 0.169963 -0.0814919
FixedParameters: 0 0 0

#Transform 82
Transform: AffineTransform_float_3_3
Parameters: 0.999949 0.00997045 0.00165227 -0.00998468 0.999913 0.00868615 -0.00156561 -0.00870238 0.999961 -0.0677536 0.169924 -0.073796
FixedParameters: 0 0 0

#Transform 83
Transform: AffineTransform_float_3_3
Parameters: 0.999946 0.0103966 0.00119227 -0.0104071 0.999906 0.00887891 -0.00109994 -0.00889094 0.99996 -0.0509414 0.172409 -0.0944897
FixedParameters: 0 0 0

#Transform 84
Transform: AffineTransform_float_3_3
Parameters: 0.999945 0.0103774 0.00107966 -0.0103877 0.999904 0.00915997 -0.000984594 -0.00916981 0.999957 -0.0758357 0.157579 -0.0717826
FixedParameters: 0 0 0

#Transform 85
Transform: AffineTransform_float_3_3
Parameters: 0.999948 0.0101842 0.000980734 -0.0101919 0.999907 0.00898897 -0.000888749 -0.00899884 0.999959 -0.0609687 0.195853 -0.0736852
FixedParameters: 0 0 0

#Transform 86
Transform: AffineTransform_float_3_3
Parameters: 0.999951 0.00985123 0.00112972 -0.00986066 0.999912 0.00879959 -0.00104241 -0.00880989 0.999961 -0.067728 0.15235 -0.0708458
FixedParameters: 0 0 0

#Transform 87
Transform: AffineTransform_float_3_3
Parameters: 0.99995 0.0100414 0.00102497 -0.01005 0.999914 0.00841983 -0.000939949 -0.00842917 0.999964 -0.0655395 0.158006 -0.0356951
FixedParameters: 0 0 0

#Transform 88
Transform: AffineTransform_float_3_3
Parameters: 0.999952 0.00972254 0.00102001 -0.00973093 0.999914 0.00879877 -0.000933797 -0.00880834 0.999961 -0.0524574 0.172795 -0.0438225
FixedParameters: 0 0 0

#Transform 89
Transform: AffineTransform_float_3_3
Parameters: 0.999956 0.00930912 0.00106884 -0.00931775 0.999919 0.00871414 -0.000987395 -0.00872409 0.999962 -0.0421307 0.140092 -0.0390944
FixedParameters: 0 0 0

#Transform 90
Transform: AffineTransform_float_3_3
Parameters: 0.999954 0.00956151 0.000926124 -0.00956929 0.999916 0.00879702 -0.000842672 -0.00880545 0.999961 -0.0599355 0.17983 -0.0451532
FixedParameters: 0 0 0

#Transform 91
Transform: AffineTransform_float_3_3
Parameters: 0.999949 0.00998614 0.0010597 -0.00999558 0.999908 0.0091227 -0.000968477 -0.00913232 0.999957 -0.0552792 0.1596 -0.0441703
FixedParameters: 0 0 0

#Transform 92
Transform: AffineTransform_float_3_3
Parameters: 0.99995 0.00994323 0.00122203 -0.00995454 0.999909 0.00914505 -0.00113021 -0.00915662 0.999957 -0.0547185 0.193796 -0.0483761
FixedParameters: 0 0 0

#Transform 93
Transform: AffineTransform_float_3_3
Parameters: 0.999949 0.00996024 0.00144594 -0.00997266 0.999906 0.00938172 -0.00135243 -0.00939565 0.999955 -0.0654347 0.163132 -0.0690659
FixedParameters: 0 0 0

#Transform 94
Transform: AffineTransform_float_3_3
Parameters: 0.999948 0.0101073 0.00142215 -0.010121 0.999903 0.00952841 -0.00132577 -0.00954271 0.999954 -0.0538528 0.184047 -0.0693222
FixedParameters: 0 0 0

#Transform 95
Transform: AffineTransform_float_3_3
Parameters: 0.999947 0.010273 0.00102189 -0.0102822 0.999905 0.00920598 -0.000926765 -0.0092161 0.999957 -0.0515469 0.200494 -0.0402918
FixedParameters: 0 0 0

#Transform 96
Transform: AffineTransform_float_3_3
Parameters: 0.999946 0.0103093 0.00121233 -0.0103203 0.999901 0.00953339 -0.00111398 -0.00954533 0.999954 -0.0513603 0.160923 -0.0366737
FixedParameters: 0 0 0

#Transform 97
Transform: AffineTransform_float_3_3
Parameters: 0.999961 0.00875683 0.00129347 -0.00876807 0.999918 0.00935162 -0.00121144 -0.00936294 0.999955 -0.0238201 0.151339 0.0390608
FixedParameters: 0 0 0

#Transform 98
Transform: AffineTransform_float_3_3
Parameters: 0.999973 0.00698679 0.00259623 -0.00702213 0.999879 0.0138971 -0.00249886 -0.0139145 0.9999 -0.0308798 0.123722 -0.128283
FixedParameters: 0 0 0

#Transform 99
Transform: AffineTransform_float_3_3
Parameters: 0.999978 0.0065984 0.000511802 -0.00660644 0.999826 0.0174689 -0.000396053 -0.0174718 0.999847 -0.049394 0.153512 -0.65669
FixedParameters: 0 0 0

#Transform 100
Transform: AffineTransform_float_3_3
Parameters: 0.999993 0.00189729 0.00308374 -0.00194085 0.999899 0.0140826 -0.00305757 -0.0140883 0.999896 -0.0405746 0.113093 -0.151622
FixedParameters: 0 0 0

#Transform 101
Transform: AffineTransform_float_3_3
Parameters: 0.999994 0.00152649 0.00302216 -0.00156609 0.999914 0.0130278 -0.00300168 -0.013033 0.999911 -0.0232427 0.107597 -0.0651951
FixedParameters: 0 0 0

#Transform 102
Transform: AffineTransform_float_3_3
Parameters: 0.999996 0.00233365 0.0012327 -0.00235339 0.999867 0.016144 -0.00119489 -0.0161476 0.999869 -0.0243986 0.110771 -0.105796
FixedParameters: 0 0 0

#Transform 103
Transform: AffineTransform_float_3_3
Parameters: 0.999995 0.00283879 0.000919594 -0.00285406 0.999861 0.0164785 -0.000872907 -0.0164808 0.999864 -0.0265807 0.150343 -0.123333
FixedParameters: 0 0 0

#Transform 104
Transform: AffineTransform_float_3_3
Parameters: 0.999995 0.00316103 0.000733572 -0.00317276 0.999868 0.0159551 -0.000682615 -0.015957 0.999872 -0.0321665 0.128235 -0.143445
FixedParameters: 0 0 0

#Transform 105
Transform: AffineTransform_float_3_3
Parameters: 0.999993 0.00371538 0.000496184 -0.00372309 0.999846 0.0171636 -0.000431684 -0.0171649 0.999853 -0.0183084 0.159966 -0.126702
FixedParameters: 0 0 0

#Transform 106
Transform: AffineTransform_float_3_3
Parameters: 0.999993 0.00373975 0.000551843 -0.00374746 0.999858 0.0164036 -0.000490831 -0.0164054 0.999865 -0.0351599 0.153363 -0.108199
FixedParameters: 0 0 0

#Transform 107
Transform: AffineTransform_float_3_3
Parameters: 0.999992 0.00388783 0.000475129 -0.0038955 0.999854 0.0166277 -0.000410162 -0.0166292 0.999861 -0.0443843 0.142852 -0.0966748
FixedParameters: 0 0 0

#Transform 108
Transform: AffineTransform_float_3_3
Parameters: 0.99999 0.00451273 -3.89811e-05 -0.00451144 0.999855 0.0164215 0.000113455 -0.0164214 0.999866 -0.0263836 0.165829 -0.103422
FixedParameters: 0 0 0

#Transform 109
Transform: AffineTransform_float_3_3
Parameters: 0.99999 0.00456791 0.000397867 -0.00457352 0.99986 0.0160594 -0.000323894 -0.0160615 0.999871 -0.042274 0.152241 -0.0861862
FixedParameters: 0 0 0

#Transform 110
Transform: AffineTransform_float_3_3
Parameters: 0.99999 0.00456244 0.00039985 -0.00456853 0.999856 0.0163433 -0.000325246 -0.0163454 0.999867 -0.0414044 0.16168 -0.0896862
FixedParameters: 0 0 0

#Transform 111
Transform: AffineTransform_float_3_3
Parameters: 0.999989 0.00464119 0.0011609 -0.00465963 0.999851 0.0165735 -0.00108289 -0.0165789 0.999862 -0.0391719 0.173306 -0.107103
FixedParameters: 0 0 0

#Transform 112
Transform: AffineTransform_float_3_3
Parameters: 0.999988 0.00465808 0.00137587 -0.00468072 0.999847 0.0168894 -0.00129653 -0.0168958 0.999856 -0.052742 0.145175 -0.109977
FixedParameters: 0 0 0

#Transform 113
Transform: AffineTransform_float_3_3
Parameters: 0.999989 0.00458475 0.000751334 -0.00459686 0.999843 0.0171404 -0.000672932 -0.0171439 0.999853 -0.055461 0.1721 -0.1196
FixedParameters: 0 0 0

#Transform 114
Transform: AffineTransform_float_3_3
Parameters: 0.999987 0.0049728 0.000708407 -0.00498494 0.999843 0.0170246 -0.000623824 -0.0170286 0.999855 -0.0357216 0.177921 -0.114247
FixedParameters: 0 0 0

#Transform 115
Transform: AffineTransform_float_3_3
Parameters: 0.999988 0.00489268 0.000720954 -0.00490456 0.99983 0.0177633 -0.0006346 -0.0177671 0.999842 -0.0532048 0.158556 -0.118537
FixedParameters: 0 0 0

#Transform 116
Transform: AffineTransform_float_3_3
Parameters: 0.999988 0.00493159 0.000397559 -0.00493848 0.999824 0.0180893 -0.000308733 -0.0180911 0.999836 -0.049524 0.17535 -0.111955
FixedParameters: 0 0 0

#Transform 117
Transform: AffineTransform_float_3_3
Parameters: 0.99999 0.0045215 0.000319527 -0.00452649 0.999829 0.0179514 -0.000237649 -0.0179527 0.999839 -0.0515289 0.151871 -0.115033
FixedParameters: 0 0 0

#Transform 118
Transform: AffineTransform_float_3_3
Parameters: 0.999987 0.00481645 -0.00167421 -0.00478497 0.999822 0.0182571 0.0017625 -0.0182491 0.999832 -0.0637255 0.163347 -0.480139
FixedParameters: 0 0 0

#Transform 119
Transform: AffineTransform_float_3_3
Parameters: 0.999985 0.00488185 -0.00244115 -0.00482775 0.999754 0.0216278 0.00254635 -0.0216164 0.999763 -0.0358314 0.200694 -0.745241
FixedParameters: 0 0 0

#Transform 120
Transform: AffineTransform_float_3_3
Parameters: 0.999983 0.00426277 -0.00409069 -0.00417078 0.999744 0.0222295 0.00418378 -0.0222127 0.999744 0.0136767 0.136802 -1.16499
FixedParameters: 0 0 0

#Transform 121
Transform: AffineTransform_float_3_3
Parameters: 0.999985 0.00496448 -0.00244827 -0.00490519 0.999708 0.0236779 0.00256449 -0.0236661 0.999716 -0.06792 0.395118 -1.8249
FixedParameters: 0 0 0

#Transform 122
Transform: AffineTransform_float_3_3
Parameters: 0.999998 0.00185147 -0.00071529 -0.00183456 0.999741 0.02269 0.000756376 -0.0226884 0.999743 -0.0431036 0.375078 -1.91175
FixedParameters: 0 0 0

#Transform 123
Transform: AffineTransform_float_3_3
Parameters: 0.999998 -0.0017727 -0.000992769 0.00179797 0.999645 0.0265929 0.00094492 -0.0265949 0.999646 0.0452905 0.221054 -1.19095
FixedParameters: 0 0 0

#Transform 124
Transform: AffineTransform_float_3_3
Parameters: 0.999992 -0.00359052 0.00172361 0.00355831 0.99983 0.0180729 -0.00178823 -0.0180662 0.999835 0.0417876 0.0914959 -0.219531
FixedParameters: 0 0 0

#Transform 125
Transform: AffineTransform_float_3_3
Parameters: 0.999993 -0.00307044 0.00217683 0.00302109 0.999745 0.0224141 -0.00224567 -0.0224073 0.999746 0.0626509 0.0619376 -0.20845
FixedParameters: 0 0 0

#Transform 126
Transform: AffineTransform_float_3_3
Parameters: 0.999994 -0.0031273 0.00147563 0.00308654 0.999635 0.0268344 -0.00155925 -0.0268296 0.999639 0.0180243 0.0854173 -0.247093
FixedParameters: 0 0 0

#Transform 127
Transform: AffineTransform_float_3_3
Parameters: 0.999994 -0.00316416 0.00124324 0.00312842 0.999616 0.0275228 -0.00132986 -0.0275182 0.999621 0.024939 0.131727 -0.242243
FixedParameters: 0 0 0

#Transform 128
Transform: AffineTransform_float_3_3
Parameters: 0.999994 -0.00307168 0.0014062 0.00303753 0.999713 0.0237458 -0.00147839 -0.0237415 0.999717 0.0320977 0.108052 -0.153197
FixedParameters: 0 0 0

#Transform 129
Transform: AffineTransform_float_3_3
Parameters: 0.999994 -0.00314351 0.00112552 0.00311471 0.9997 0.0242945 -0.00120133 -0.0242905 0.999704 0.0407933 0.139015 -0.221194
FixedParameters: 0 0 0

#Transform 130
Transform: AffineTransform_float_3_3
Parameters: 0.999995 -0.00298952 0.00134084 0.00295476 0.99968 0.0251215 -0.00141605 -0.0251177 0.999683 0.0325429 0.0984367 -0.179332
FixedParameters: 0 0 0

#Transform 131
Transform: AffineTransform_float_3_3
Parameters: 0.999994 -0.00307408 0.00142107 0.0030379 0.999692 0.0246338 -0.00149611 -0.0246296 0.999695 0.0369756 0.145553 -0.170074
FixedParameters: 0 0 0

#Transform 132
Transform: AffineTransform_float_3_3
Parameters: 0.999995 -0.00282646 0.00152057 0.00278624 0.999662 0.0258535 -0.00159358 -0.0258494 0.999664 0.0330435 0.111852 -0.141026
FixedParameters: 0 0 0

#Transform 133
Transform: AffineTransform_float_3_3
Parameters: 0.999994 -0.00297111 0.00167954 0.00292553 0.999649 0.0263302 -0.00175775 -0.0263257 0.999652 0.0305517 0.136118 -0.137562
FixedParameters: 0 0 0

#Transform 134
Transform: AffineTransform_float_3_3
Parameters: 0.999994 -0.0031055 0.00164906 0.00306117 0.999643 0.0265609 -0.00173165 -0.0265551 0.999646 0.0302881 0.117267 -0.17078
FixedParameters: 0 0 0

#Transform 135
Transform: AffineTransform_float_3_3
Parameters: 0.999995 -0.00293955 0.00145522 0.00289946 0.999627 0.0271397 -0.00153535 -0.0271356 0.99963 0.0404655 0.140307 -0.172025
FixedParameters: 0 0 0

#Transform 136
Transform: AffineTransform_float_3_3
Parameters: 0.999995 -0.00295818 0.00147356 0.00291562 0.9996 0.0281456 -0.00155565 -0.0281414 0.999602 0.0401521 0.123225 -0.154318
FixedParameters: 0 0 0

#Transform 137
Transform: AffineTransform_float_3_3
Parameters: 0.999997 -0.00229643 0.00101632 0.00226602 0.999575 0.0290526 -0.00108217 -0.0290507 0.999578 0.0321545 0.144068 -0.169543
FixedParameters: 0 0 0

#Transform 138
Transform: AffineTransform_float_3_3
Parameters: 0.999997 -0.00215458 0.00107522 0.00212374 0.999598 0.028276 -0.00113656 -0.0282731 0.999599 0.0376255 0.130286 -0.201263
FixedParameters: 0 0 0

#Transform 139
Transform: AffineTransform_float_3_3
Parameters: 0.999997 -0.00165986 0.00128161 0.00162209 0.999563 0.029505 -0.00133043 -0.0295025 0.999564 0.0271559 0.138924 -0.157148
FixedParameters: 0 0 0

#Transform 140
Transform: AffineTransform_float_3_3
Parameters: 0.999999 -0.00102207 3.01463e-05 0.00102114 0.999535 0.0304591 -6.17244e-05 -0.0304591 0.999536 0.0411103 0.136957 -0.190237
FixedParameters: 0 0 0

#Transform 141
Transform: AffineTransform_float_3_3
Parameters: 0.999997 -0.00239323 0.000504425 0.00237724 0.999593 0.0284286 -0.000572056 -0.0284279 0.999595 0.039095 0.129258 -0.141178
FixedParameters: 0 0 0

#Transform 142
Transform: AffineTransform_float_3_3
Parameters: 0.999996 -0.00287736 0.000362502 0.00286596 0.9996 0.0281136 -0.00044281 -0.0281131 0.999605 0.0510477 0.153726 -0.141193
FixedParameters: 0 0 0

#Transform 143
Transform: AffineTransform_float_3_3
Parameters: 0.999996 -0.00279136 0.000717285 0.00277229 0.999675 0.0253417 -0.000787017 -0.0253397 0.999678 0.0482639 0.10255 -0.164145
FixedParameters: 0 0 0

#Transform 144
Transform: AffineTransform_float_3_3
Parameters: 0.999996 -0.00251394 0.000867398 0.00249186 0.999712 0.0238696 -0.000926239 -0.0238671 0.999715 0.0153426 0.0978638 -0.137685
FixedParameters: 0 0 0

#Transform 145
Transform: AffineTransform_float_3_3
Parameters: 0.999994 -0.0031849 0.000930501 0.00316033 0.999681 0.0250796 -0.00101022 -0.025077 0.999685 0.0331202 0.135093 -0.129861
FixedParameters: 0 0 0

#Transform 146
Transform: AffineTransform_float_3_3
Parameters: 0.999995 -0.00307399 0.000990981 0.003046 0.999635 0.0268411 -0.00107348 -0.0268381 0.999639 0.0383886 0.124795 -0.113641
FixedParameters: 0 0 0

#Transform 147
Transform: AffineTransform_float_3_3
Parameters: 0.999995 -0.00296514 0.00102934 0.00293628 0.999613 0.0276742 -0.00111135 -0.0276713 0.999617 0.0249958 0.152449 -0.109759
FixedParameters: 0 0 0

#Transform 148
Transform: AffineTransform_float_3_3
Parameters: 0.999993 -0.00331244 0.00113455 0.0032802 0.999619 0.0274159 -0.00122549 -0.0274119 0.999624 0.0371066 0.152639 -0.114076
FixedParameters: 0 0 0

#Transform 149
Transform: AffineTransform_float_3_3
Parameters: 0.999993 -0.00343624 0.000685439 0.00341566 0.999608 0.0277833 -0.000780041 -0.0277808 0.999614 0.033311 0.118342 -0.142811
FixedParameters: 0 0 0

#Transform 150
Transform: AffineTransform_float_3_3
Parameters: 0.999995 -0.00318748 0.000838457 0.00316304 0.999634 0.0268339 -0.0009235 -0.0268316 0.99964 0.0299634 0.147417 -0.0953797
FixedParameters: 0 0 0

#Transform 151
Transform: AffineTransform_float_3_3
Parameters: 0.999995 -0.00320882 0.000738469 0.00318699 0.999619 0.0274185 -0.000826623 -0.0274158 0.999624 0.0282826 0.133327 -0.0980196
FixedParameters: 0 0 0

#Transform 152
Transform: AffineTransform_float_3_3
Parameters: 0.999994 -0.00324248 0.00105338 0.00321311 0.99961 0.0277422 -0.00114221 -0.0277376 0.999615 0.0272295 0.135755 -0.0756842
FixedParameters: 0 0 0

#Transform 153
Transform: AffineTransform_float_3_3
Parameters: 0.999995 -0.00311786 0.00110268 0.00308623 0.999623 0.0272784 -0.0011871 -0.0272748 0.999627 0.0306456 0.149145 -0.0520772
FixedParameters: 0 0 0

#Transform 154
Transform: AffineTransform_float_3_3
Parameters: 0.999994 -0.00314584 0.00141406 0.00310544 0.999614 0.0275972 -0.00150056 -0.0275927 0.999618 0.0248769 0.119398 -0.081575
FixedParameters: 0 0 0

#Transform 155
Transform: AffineTransform_float_3_3
Parameters: 0.999994 -0.00314701 0.00139915 0.00310663 0.999615 0.0275822 -0.00148451 -0.0275778 0.999619 0.0280954 0.13271 -0.0542373
FixedParameters: 0 0 0

#Transform 156
Transform: AffineTransform_float_3_3
Parameters: 0.999994 -0.00320637 0.00154562 0.0031619 0.999604 0.0279483 -0.00163477 -0.0279429 0.999608 0.0270394 0.147564 -0.0881233
FixedParameters: 0 0 0

#Transform 157
Transform: AffineTransform_float_3_3
Parameters: 0.999999 -0.001363 -0.000635131 0.00138105 0.999589 0.0286581 0.00059558 -0.0286595 0.99959 0.0495241 0.155758 -0.675077
FixedParameters: 0 0 0

#Transform 158
Transform: AffineTransform_float_3_3
Parameters: 0.999996 0.000238819 -0.00280387 -0.00015378 0.999544 0.0301907 0.00280962 -0.0301901 0.99954 0.10871 0.20068 -1.72372
FixedParameters: 0 0 0

#Transform 159
Transform: AffineTransform_float_3_3
Parameters: 0.99999 0.00230823 -0.00357621 -0.0022166 0.999677 0.0253372 0.00363387 -0.0253297 0.999673 0.238758 0.326346 -1.4878
FixedParameters: 0 0 0

#Transform 160
Transform: AffineTransform_float_3_3
Parameters: 0.999999 -0.00116564 -0.000847125 0.00118669 0.999689 0.0249035 0.000818124 -0.0249041 0.999689 0.115928 0.172279 -0.660427
FixedParameters: 0 0 0

#Transform 161
Transform: AffineTransform_float_3_3
Parameters: 0.999975 -0.00437213 0.00569405 0.00417303 0.999397 0.0344802 -0.00584112 -0.0344553 0.999389 0.0438484 0.123678 -0.267835
FixedParameters: 0 0 0

#Transform 162
Transform: AffineTransform_float_3_3
Parameters: 0.999973 -0.00433695 0.00592126 0.00413392 0.999417 0.0338952 -0.00606417 -0.0338705 0.999408 0.0405783 0.148158 -0.38143
FixedParameters: 0 0 0

#Transform 163
Transform: AffineTransform_float_3_3
Parameters: 0.999974 -0.00449351 0.00565025 0.00430268 0.99943 0.0334854 -0.00579775 -0.0334602 0.999424 0.0496468 0.134197 -0.360269
FixedParameters: 0 0 0

#Transform 164
Transform: AffineTransform_float_3_3
Parameters: 0.999982 -0.00296095 0.00533574 0.00277465 0.999397 0.0346152 -0.00543524 -0.0346003 0.999387 0.0727105 0.128356 -0.377252
FixedParameters: 0 0 0

#Transform 165
Transform: AffineTransform_float_3_3
Parameters: 0.99999 -0.00162549 0.00402362 0.00147467 0.999309 0.0371476 -0.00408092 -0.037141 0.999302 0.0832116 0.15321 -0.539273
FixedParameters: 0 0 0

#Transform 166
Transform: AffineTransform_float_3_3
Parameters: 0.999991 -0.00371815 0.00181888 0.00365298 0.999382 0.034965 -0.00194788 -0.0349584 0.999387 0.101786 0.132155 -0.702678
FixedParameters: 0 0 0

#Transform 167
Transform: AffineTransform_float_3_3
Parameters: 0.999989 -0.00438704 0.00144359 0.00433543 0.999395 0.0345184 -0.00159381 -0.0345121 0.999403 0.108014 0.132014 -0.594641
FixedParameters: 0 0 0

#Transform 168
Transform: AffineTransform_float_3_3
Parameters: 0.999984 -0.00555783 0.00131264 0.00551501 0.999519 0.0305272 -0.00148144 -0.030519 0.999533 0.118795 0.102116 -0.44661
FixedParameters: 0 0 0

#Transform 169
Transform: AffineTransform_float_3_3
Parameters: 0.999985 -0.0054268 0.000855379 0.00539901 0.999533 0.0300701 -0.0010185 -0.0300648 0.999547 0.115107 0.0749686 -0.426675
FixedParameters: 0 0 0

#Transform 170
Transform: AffineTransform_float_3_3
Parameters: 0.999985 -0.00541942 0.00118762 0.00538285 0.999566 0.0289721 -0.00134449 -0.0289653 0.99958 0.120418 0.0901701 -0.443717
FixedParameters: 0 0 0

#Transform 171
Transform: AffineTransform_float_3_3
Parameters: 0.999986 -0.00516982 0.000659253 0.00514947 0.999605 0.0276498 -0.000801853 -0.0276457 0.999618 0.0957776 0.0898868 -0.401875
FixedParameters: 0 0 0

#Transform 172
Transform: AffineTransform_float_3_3
Parameters: 0.999986 -0.00516079 0.00122568 0.00512411 0.999578 0.0285827 -0.0013731 -0.028576 0.99959 0.0994301 0.0893696 -0.45082
FixedParameters: 0 0 0

#Transform 173
Transform: AffineTransform_float_3_3
Parameters: 0.999987 -0.00506533 0.000621079 0.00504571 0.9996 0.0278218 -0.000761292 -0.027818 0.999613 0.12374 0.0880386 -0.422153
FixedParameters: 0 0 0

#Transform 174
Transform: AffineTransform_float_3_3
Parameters: 0.999987 -0.00481417 0.00138211 0.00477338 0.999588 0.0282934 -0.00151763 -0.0282867 0.999599 0.106274 0.122544 -0.391294
FixedParameters: 0 0 0

#Transform 175
Transform: AffineTransform_float_3_3
Parameters: 0.999986 -0.00509397 0.00135711 0.00505126 0.999549 0.0295995 -0.00150725 -0.0295927 0.999561 0.114748 0.0913657 -0.35576
FixedParameters: 0 0 0

#Transform 176
Transform: AffineTransform_float_3_3
Parameters: 0.999987 -0.00479735 0.00157385 0.00475087 0.999592 0.0281891 -0.00170898 -0.0281819 0.999601 0.106307 0.144955 -0.29474
FixedParameters: 0 0 0

#Transform 177
Transform: AffineTransform_float_3_3
Parameters: 0.999991 -0.00424435 0.000874441 0.00421635 0.999545 0.0298639 -0.00100095 -0.0298595 0.999553 0.0666444 0.155437 -0.214507
FixedParameters: 0 0 0

#Transform 178
Transform: AffineTransform_float_3_3
Parameters: 0.999991 -0.00401478 0.00150512 0.00396551 0.999501 0.0313435 -0.00162998 -0.0313376 0.999507 0.0504808 0.125453 -0.235382
FixedParameters: 0 0 0

#Transform 179
Transform: AffineTransform_float_3_3
Parameters: 0.99999 -0.00423079 0.0013059 0.00418787 0.999503 0.0312563 -0.00143706 -0.0312504 0.99951 0.0687409 0.151579 -0.261327
FixedParameters: 0 0 0

#Transform 180
Transform: AffineTransform_float_3_3
Parameters: 0.999989 -0.00426277 0.0017567 0.004205 0.999475 0.0321058 -0.0018926 -0.0320981 0.999483 0.0626166 0.138182 -0.224604
FixedParameters: 0 0 0

#Transform 181
Transform: AffineTransform_float_3_3
Parameters: 0.99999 -0.00421342 0.0016115 0.00416063 0.999485 0.0318244 -0.00174474 -0.031818 0.999493 0.0641635 0.144165 -0.234538
FixedParameters: 0 0 0

#Transform 182
Transform: AffineTransform_float_3_3
Parameters: 0.999992 -0.00377979 0.00184931 0.00371906 0.999491 0.0317093 -0.00196782 -0.0317024 0.999495 0.0532447 0.127417 -0.227181
FixedParameters: 0 0 0

#Transform 183
Transform: AffineTransform_float_3_3
Parameters: 0.999992 -0.00356447 0.00176472 0.00350641 0.99948 0.032038 -0.0018774 -0.0320323 0.999485 0.0547443 0.132216 -0.239814
FixedParameters: 0 0 0

#Transform 184
Transform: AffineTransform_float_3_3
Parameters: 0.999991 -0.00386693 0.00176597 0.00380855 0.999479 0.0320477 -0.00188904 -0.0320412 0.999485 0.0533141 0.153755 -0.237685
FixedParameters: 0 0 0

#Transform 185
Transform: AffineTransform_float_3_3
Parameters: 0.999993 -0.00326982 0.00190831 0.00320558 0.999464 0.0325774 -0.00201436 -0.0325707 0.999468 0.0463347 0.155089 -0.228558
FixedParameters: 0 0 0

#Transform 186
Transform: AffineTransform_float_3_3
Parameters: 0.999992 -0.00356395 0.00197522 0.00349766 0.999467 0.0324814 -0.00209005 -0.0324743 0.99947 0.0472001 0.162345 -0.20105
FixedParameters: 0 0 0

#Transform 187
Transform: AffineTransform_float_3_3
Parameters: 0.999991 -0.00368468 0.00187998 0.00362192 0.999466 0.0324971 -0.00199855 -0.0324904 0.99947 0.0403211 0.160815 -0.223754
FixedParameters: 0 0 0

#Transform 188
Transform: AffineTransform_float_3_3
Parameters: 0.999991 -0.00367886 0.0019338 0.00361475 0.999466 0.0324593 -0.00205195 -0.0324521 0.999471 0.0593115 0.147873 -0.191642
FixedParameters: 0 0 0

#Transform 189
Transform: AffineTransform_float_3_3
