#Insight Transform File V1.0
#Transform 0
Transform: AffineTransform_float_3_3
Parameters: 1 -0.000614193 -3.14854e-05 0.000614288 0.999997 0.00234898 2.95985e-05 -0.00234902 0.999997 0.0406207 -0.123637 -0.0154586
FixedParameters: 0 0 0

#Transform 1
Transform: AffineTransform_float_3_3
Parameters: 0.999999 -0.00176743 -9.52777e-05 0.0017679 0.999986 0.00498593 8.66397e-05 -0.00498606 0.999987 0.020884 -0.224989 0.3996
FixedParameters: 0 0 0

#Transform 2
Transform: AffineTransform_float_3_3
Parameters: 0.999998 -0.00160371 0.000591982 0.00160115 0.999995 0.002789 -0.000595876 -0.002788 0.999996 0.053705 0.0321535 0.348122
FixedParameters: 0 0 0

#Transform 3
Transform: AffineTransform_float_3_3
Parameters: 1 -0.000700075 -3.5994e-05 0.000700153 0.999996 0.00249997 3.4491e-05 -0.00250002 0.999997 0.0249233 -0.015471 0.240918
FixedParameters: 0 0 0

#Transform 4
Transform: AffineTransform_float_3_3
Parameters: 1 4.99334e-06 2.57997e-07 -4.99469e-06 0.999996 0.002753 -2.30499e-07 -0.002753 0.999996 0.0461118 -0.0446576 0.183948
FixedParameters: 0 0 0

#Transform 5
Transform: AffineTransform_float_3_3
Parameters: 0.999999 -0.000717262 0.00030084 0.00071689 0.999997 0.00211221 -0.000301822 -0.00211178 0.999997 0.0200064 -0.0136219 0.152693
FixedParameters: 0 0 0

#Transform 6
Transform: AffineTransform_float_3_3
Parameters: 0.999999 -0.00071571 0.000275465 0.000714951 0.999999 0.0012862 -0.000276306 -0.0012858 0.999999 0.0171784 0.0273807 0.122644
FixedParameters: 0 0 0

#Transform 7
Transform: AffineTransform_float_3_3
Parameters: 1 -0.00062769 0.000256799 0.000627932 0.999999 0.00137616 -0.00025748 -0.00137684 0.999999 0.0145601 -0.0334872 0.0603697
FixedParameters: 0 0 0

#Transform 8
Transform: AffineTransform_float_3_3
Parameters: 1 -0.000349909 0.000345769 0.000349714 0.999998 0.00165612 -0.00034588 -0.00165588 0.999998 0.0153534 -0.0690188 0.108233
FixedParameters: 0 0 0

#Transform 9
Transform: AffineTransform_float_3_3
Parameters: 0.999999 -0.000706701 9.55809e-05 0.000706375 0.999998 0.00144207 -9.66197e-05 -0.00144193 0.999999 -0.000498858 -0.0596967 0.0939213
FixedParameters: 0 0 0

#Transform 10
Transform: AffineTransform_float_3_3
Parameters: 1 -0.000558698 -8.00285e-05 0.000558831 0.999999 0.00113996 7.97533e-05 -0.00114005 1 -0.0114412 -0.0200637 0.103068
FixedParameters: 0 0 0

#Transform 11
Transform: AffineTransform_float_3_3
Parameters: 1 -0.000447438 -2.24301e-05 0.000447444 0.999999 0.00121899 2.23381e-05 -0.00121901 1 -0.0163311 -0.041674 0.104859
FixedParameters: 0 0 0

#Transform 12
Transform: AffineTransform_float_3_3
Parameters: 1 -0.000626212 -3.1426e-05 0.000626242 0.999999 0.00127298 3.08304e-05 -0.00127302 0.999999 -0.017358 -0.0176681 0.174357
FixedParameters: 0 0 0

#Transform 13
Transform: AffineTransform_float_3_3
Parameters: 1 -0.000351561 -1.75741e-05 0.000351598 1 0.00107799 1.68161e-05 -0.00107801 1 0.0202785 0.0210034 0.181994
FixedParameters: 0 0 0

#Transform 14
Transform: AffineTransform_float_3_3
Parameters: 1 -0.000287644 -1.43127e-05 0.000287668 0.999999 0.000847995 1.38248e-05 -0.000848003 0.999999 0.0441722 0.0255731 0.150332
FixedParameters: 0 0 0

#Transform 15
Transform: AffineTransform_float_3_3
Parameters: 0.999999 -0.000824901 0.00034051 0.000824346 1 0.00074333 -0.000340737 -0.00074267 0.999999 0.0465276 -0.000777089 0.111484
FixedParameters: 0 0 0

#Transform 16
Transform: AffineTransform_float_3_3
Parameters: 0.999999 -0.000773056 8.27645e-05 0.000772932 1 0.000743113 -8.39131e-05 -0.000742887 0.999999 0.051459 -0.017402 0.0902727
FixedParameters: 0 0 0

#Transform 17
Transform: AffineTransform_float_3_3
Parameters: 1 -0.000413315 3.661e-05 0.000414271 0.999999 0.000592015 -3.70511e-05 -0.000591984 1 0.0152698 -0.0041506 0.0215287
FixedParameters: 0 0 0

#Transform 18
Transform: AffineTransform_float_3_3
Parameters: 1 -6.49543e-06 0.000376135 6.26824e-06 1 0.000302002 -0.000376139 -0.000301998 1 0.0234041 0.0163842 0.0236032
FixedParameters: 0 0 0

#Transform 19
Transform: AffineTransform_float_3_3
Parameters: 1 5.79297e-05 2.8546e-06 -5.79318e-05 1 0.000368 -2.81197e-06 -0.000368 1 0.0193961 -0.0183467 0.0315762
FixedParameters: 0 0 0

#Transform 20
Transform: AffineTransform_float_3_3
Parameters: 1 3.56638e-05 6.88338e-05 -3.56972e-05 1 0.000241998 -6.88165e-05 -0.000242002 1 0.00387398 -0.00290506 -0.00418011
FixedParameters: 0 0 0

#Transform 21
Transform: AffineTransform_float_3_3
Parameters: 1 -0.000216743 -1.05577e-05 0.000216739 1 -0.000197002 1.06431e-05 0.000196998 1 -0.0101434 0.0308871 0.0110721
FixedParameters: 0 0 0

#Transform 22
Transform: AffineTransform_float_3_3
Parameters: 1 -8.95042e-05 6.97209e-05 8.95202e-05 1 -0.000114994 -6.97003e-05 0.000115006 1 -0.017885 0.0112732 0.0349301
FixedParameters: 0 0 0

#Transform 23
Transform: AffineTransform_float_3_3
Parameters: 1 -6.39242e-05 -3.11379e-06 6.3923e-05 1 -0.000197 3.13898e-06 0.000197 1 -0.00855353 0.0114536 0.0528012
FixedParameters: 0 0 0

#Transform 24
Transform: AffineTransform_float_3_3
Parameters: 1 -0.000145824 -7.15642e-06 0.000145827 1 0.000166999 7.10771e-06 -0.000167001 1 -0.00817514 0.00234226 -0.00817387
FixedParameters: 0 0 0

#Transform 25
Transform: AffineTransform_float_3_3
Parameters: 1 -0.000541835 6.57493e-05 0.000541869 1 -0.000258964 -6.54686e-05 0.000259035 1 -0.0152875 0.0193789 -0.0329371
FixedParameters: 0 0 0

#Transform 26
Transform: AffineTransform_float_3_3
Parameters: 1 -0.000276672 -1.34769e-05 0.000276667 1 -0.000197004 1.35859e-05 0.000196996 1 -0.0253697 -0.00909805 -0.0498854
FixedParameters: 0 0 0

#Transform 27
Transform: AffineTransform_float_3_3
Parameters: 1 -0.000325611 -1.59296e-05 0.000325611 1 1.39948e-05 1.59205e-05 -1.40052e-05 1 -0.0114893 -0.0267988 -0.0435249
FixedParameters: 0 0 0

#Transform 28
Transform: AffineTransform_float_3_3
Parameters: 1 -0.000260357 0.000103419 0.000260368 1 -5.29731e-05 -0.000103391 5.30269e-05 1 -0.00714765 -0.0126833 -0.0527271
FixedParameters: 0 0 0

#Transform 29
Transform: AffineTransform_float_3_3
Parameters: 1 -0.000351584 -1.70998e-05 0.000351575 1 -0.000271006 1.72904e-05 0.000270994 1 -0.0109474 0.0261346 -0.0459033
FixedParameters: 0 0 0

#Transform 30
Transform: AffineTransform_float_3_3
Parameters: 1 -6.99174e-06 -3.39935e-07 6.99154e-06 1 -0.000288 3.43962e-07 0.000288 1 -0.00750705 -0.00648173 -0.052902
FixedParameters: 0 0 0

#Transform 31
Transform: AffineTransform_float_3_3
Parameters: 1 -0.000212748 -1.03476e-05 0.000212743 1 -0.000270002 1.04624e-05 0.000269998 1 -0.0166621 0.00934145 -0.0169749
FixedParameters: 0 0 0

#Transform 32
Transform: AffineTransform_float_3_3
Parameters: 1 -0.000253252 0.000145012 0.000253499 0.999999 -0.000852963 -0.000144579 0.000853036 0.999999 -0.0166794 0.079355 0.0407803
FixedParameters: 0 0 0

#Transform 33
Transform: AffineTransform_float_3_3
Parameters: 1 -0.000223741 -1.07725e-05 0.000223724 0.999999 -0.000759002 1.11122e-05 0.000758997 0.999999 -0.0127961 0.0942194 0.0250632
FixedParameters: 0 0 0

#Transform 34
Transform: AffineTransform_float_3_3
Parameters: 1 -6.56618e-05 -0.000112297 6.55194e-05 1 -0.000634007 0.00011238 0.000633992 1 -0.0164964 0.0522604 -0.00427076
FixedParameters: 0 0 0

#Transform 35
Transform: AffineTransform_float_3_3
Parameters: 1 -0.000113241 -0.000164616 0.000113934 0.999999 -0.000927018 0.000164875 0.000926981 0.999999 -0.0308144 0.0573847 -0.0136412
FixedParameters: 0 0 0

#Transform 36
Transform: AffineTransform_float_3_3
Parameters: 1 5.79324e-05 2.80027e-06 -5.79291e-05 1 -0.00057 -2.86631e-06 0.00057 1 -0.0201831 0.0310013 -0.0116239
FixedParameters: 0 0 0

#Transform 37
Transform: AffineTransform_float_3_3
Parameters: 1 0.000172796 8.39813e-06 -0.000172791 1 -0.000306001 -8.50388e-06 0.000305999 1 -0.016786 0.0304001 0.00424542
FixedParameters: 0 0 0

#Transform 38
Transform: AffineTransform_float_3_3
Parameters: 1 0.000151822 7.34971e-06 -0.000151815 1 -0.000497001 -7.50062e-06 0.000496999 1 -0.0365635 0.0719195 0.0290586
FixedParameters: 0 0 0

#Transform 39
Transform: AffineTransform_float_3_3
Parameters: 1 -0.00027468 -1.3267e-05 0.000274663 1 -0.000607003 1.36004e-05 0.000606996 1 -0.0498434 0.0860984 0.00408806
FixedParameters: 0 0 0

#Transform 40
Transform: AffineTransform_float_3_3
Parameters: 1 -0.000211746 -0.000300565 0.000211381 1 -0.000607063 0.000300822 0.000606936 1 -0.031137 0.0470231 0.00339756
FixedParameters: 0 0 0

#Transform 41
Transform: AffineTransform_float_3_3
Parameters: 1 -0.000239379 -8.06699e-05 0.000239299 1 -0.000494019 8.09063e-05 0.000493981 1 -0.0100897 0.0320852 -0.0106119
FixedParameters: 0 0 0

#Transform 42
Transform: AffineTransform_float_3_3
Parameters: 1 -9.76688e-05 -0.000154873 9.74255e-05 0.999999 -0.000785015 0.000155027 0.000784984 0.999999 -0.00470146 0.0460409 -0.0424741
FixedParameters: 0 0 0

#Transform 43
Transform: AffineTransform_float_3_3
Parameters: 1 -0.000428506 -2.05833e-05 0.000428469 0.999999 -0.000871008 2.13297e-05 0.00087099 0.999999 -0.0277849 0.0662932 -0.0396527
FixedParameters: 0 0 0

#Transform 44
Transform: AffineTransform_float_3_3
Parameters: 1 -0.000305528 -0.000224031 0.000305298 1 -0.000512068 0.000224343 0.000511931 1 -0.000529732 0.0253526 -0.0674389
FixedParameters: 0 0 0

#Transform 45
Transform: AffineTransform_float_3_3
Parameters: 1 -0.000325305 -0.000231794 0.000324789 1 -0.00111108 0.000232517 0.00111093 1 -0.0106731 0.0666001 -0.0391952
FixedParameters: 0 0 0

#Transform 46
Transform: AffineTransform_float_3_3
Parameters: 1 -0.000394291 -0.000483446 0.00039338 0.999999 -0.000941241 0.000484187 0.000941758 1 -0.00947524 0.0276345 -0.0655305
FixedParameters: 0 0 0

#Transform 47
Transform: AffineTransform_float_3_3
Parameters: 1 -0.000418119 -0.000318542 0.000417732 0.999999 -0.000607133 0.00031905 0.000606866 1 0.020013 -0.00312061 -0.0641333
FixedParameters: 0 0 0

#Transform 48
Transform: AffineTransform_float_3_3
Parameters: 1 -5.59336e-05 -2.7258e-06 5.59327e-05 1 -0.000175 2.74538e-06 0.000175 1 0.005589 0.00349145 -0.0466941
FixedParameters: 0 0 0

#Transform 49
Transform: AffineTransform_float_3_3
Parameters: 1 8.88957e-05 4.30683e-06 -8.88917e-05 1 -0.000459 -4.38843e-06 0.000459 1 0.00419806 0.0226052 -0.0669749
FixedParameters: 0 0 0

#Transform 50
Transform: AffineTransform_float_3_3
Parameters: 1 -0.000131224 -0.000458796 0.000131249 1 -0.00106006 0.000459123 0.00105994 1 0.00362763 0.05537 -0.0800351
FixedParameters: 0 0 0

#Transform 51
Transform: AffineTransform_float_3_3
Parameters: 1 1.60868e-05 -0.000480782 -1.59246e-05 0.999999 -0.000869992 0.000480803 0.000870007 0.999999 -0.00270165 0.0176882 -0.100206
FixedParameters: 0 0 0

#Transform 52
Transform: AffineTransform_float_3_3
Parameters: 1 -0.00030302 -0.000444067 0.000303291 0.999999 -0.000819134 0.000444612 0.000818865 0.999999 0.0152392 -0.00757355 -0.107397
FixedParameters: 0 0 0

#Transform 53
Transform: AffineTransform_float_3_3
Parameters: 1 -0.000225321 -0.000393307 0.000224775 0.999999 -0.000693088 0.000393619 0.000692911 0.999999 0.00416874 -0.00759856 -0.0946519
FixedParameters: 0 0 0

#Transform 54
Transform: AffineTransform_float_3_3
Parameters: 1 -0.000581333 -2.78661e-05 0.000581327 1 -0.000971017 2.79962e-05 0.000970985 1 -0.0131861 0.013607 -0.107989
FixedParameters: 0 0 0

#Transform 55
Transform: AffineTransform_float_3_3
Parameters: 1 -0.00046313 -0.000321552 0.000462566 1 -0.0009531 0.000321435 0.0009529 0.999999 -0.0069916 0.00205301 -0.132954
FixedParameters: 0 0 0

#Transform 56
Transform: AffineTransform_float_3_3
Parameters: 1 -0.000700176 -3.39727e-05 0.000700149 0.999999 -0.000387024 3.45146e-05 0.000386976 1 0.0250109 -0.0248645 -0.168653
FixedParameters: 0 0 0

#Transform 57
Transform: AffineTransform_float_3_3
Parameters: 0.999999 -0.000764108 -3.6923e-05 0.000764064 0.999999 -0.000585028 3.7817e-05 0.000584971 1 0.0311625 -0.00452918 -0.185428
FixedParameters: 0 0 0

#Transform 58
Transform: AffineTransform_float_3_3
Parameters: 1 -0.000700199 -3.35092e-05 0.000700177 0.999999 -0.00104902 3.39794e-05 0.00104898 1 0.0339248 0.0262291 -0.128728
FixedParameters: 0 0 0

#Transform 59
Transform: AffineTransform_float_3_3
Parameters: 1 -0.000526494 -0.000145922 0.000526509 1 5.39232e-05 0.000145865 -5.40768e-05 1 0.0581821 -0.00411679 -0.129084
FixedParameters: 0 0 0

#Transform 60
Transform: AffineTransform_float_3_3
Parameters: 1 -0.000998275 -0.000584192 0.000999104 0.999999 0.000710465 0.000582772 -0.000711533 0.999999 0.049193 0.00464509 0.122344
FixedParameters: 0 0 0

#Transform 61
Transform: AffineTransform_float_3_3
Parameters: 1 -0.00076528 -0.000816117 0.00076479 0.999999 -0.000300627 0.000816576 0.000300373 0.999999 0.0298333 0.025728 0.0338987
FixedParameters: 0 0 0

#Transform 62
Transform: AffineTransform_float_3_3
Parameters: 1 -0.000927805 -0.000745082 0.000927603 0.999999 -0.000135691 0.000745333 0.000134308 0.999999 0.053621 -0.00664706 -0.000380642
FixedParameters: 0 0 0

#Transform 63
Transform: AffineTransform_float_3_3
Parameters: 0.999999 -0.000562963 -0.000562431 0.000562457 0.999999 0.000438684 0.000561888 -0.000439316 0.999999 0.0789647 -0.000832177 -0.0501907
FixedParameters: 0 0 0

#Transform 64
Transform: AffineTransform_float_3_3
Parameters: 0.999999 -0.000663825 -0.000737259 0.000664771 1 -6.94901e-05 0.000736401 6.85112e-05 0.999999 0.0747566 0.00437038 -0.0289228
FixedParameters: 0 0 0

#Transform 65
Transform: AffineTransform_float_3_3
Parameters: 0.999999 -0.000720448 -0.00102952 0.000720698 0.999999 0.000121256 0.00102934 -0.000121744 0.999999 0.0674149 0.0197211 -0.0380587
FixedParameters: 0 0 0

#Transform 66
Transform: AffineTransform_float_3_3
Parameters: 1 -0.000607481 -0.000892474 0.000606749 0.999999 -0.000410541 0.000892972 0.000409457 0.999999 0.0820089 0.00369606 -0.0890122
FixedParameters: 0 0 0

#Transform 67
Transform: AffineTransform_float_3_3
Parameters: 0.999999 -0.000743038 -0.000570919 0.00074295 0.999999 -7.74242e-05 0.000571034 7.65757e-05 1 0.10115 -0.0252934 -0.0624947
FixedParameters: 0 0 0

#Transform 68
Transform: AffineTransform_float_3_3
Parameters: 0.999999 -0.00110692 -0.00077619 0.00110686 0.999999 -0.000708863 0.000776808 0.000708139 1 0.0860347 -0.014666 -0.0480958
FixedParameters: 0 0 0

#Transform 69
Transform: AffineTransform_float_3_3
Parameters: 0.999999 -0.000778169 -0.000572392 0.000778784 0.999999 -0.000378446 0.00057203 0.000377555 1 0.0782161 0.00761905 -0.0496921
FixedParameters: 0 0 0

#Transform 70
Transform: AffineTransform_float_3_3
Parameters: 1 -0.000846609 -0.000790072 0.00084625 0.999999 -0.000258671 0.00078951 0.000258329 0.999999 0.074082 -0.0156124 -0.0641639
FixedParameters: 0 0 0

#Transform 71
Transform: AffineTransform_float_3_3
Parameters: 1 -0.000931292 -0.000579324 0.000931298 0.999999 -0.000898493 0.000580048 0.000898506 0.999999 0.0970011 -0.00567816 -0.118564
FixedParameters: 0 0 0

#Transform 72
Transform: AffineTransform_float_3_3
Parameters: 1 -0.000641061 -0.000635687 0.000640377 1 -0.000577359 0.000635428 0.000576642 0.999999 0.121511 -0.0431391 -0.101199
FixedParameters: 0 0 0

#Transform 73
Transform: AffineTransform_float_3_3
Parameters: 0.999999 -0.000838838 -0.000575726 0.000838921 0.999999 7.1517e-05 0.000575605 -7.24828e-05 1 0.106479 -0.0458964 -0.0784372
FixedParameters: 0 0 0

#Transform 74
Transform: AffineTransform_float_3_3
Parameters: 1 -0.000774348 -0.000571965 0.000773619 1 -0.000680396 0.000572019 0.000680604 0.999999 0.0750026 -0.0132024 -0.054258
FixedParameters: 0 0 0

#Transform 75
Transform: AffineTransform_float_3_3
Parameters: 0.999999 -0.000839139 -0.000575288 0.00083867 0.999999 -0.000450485 0.000575045 0.000450515 1 0.099635 -0.0304118 -0.0620884
FixedParameters: 0 0 0

#Transform 76
Transform: AffineTransform_float_3_3
Parameters: 0.999999 -0.000597149 -0.000803563 0.000595764 1 -0.00089248 0.000803628 0.000891521 1 0.12658 -0.00987316 -0.0463155
FixedParameters: 0 0 0

#Transform 77
Transform: AffineTransform_float_3_3
Parameters: 1 -0.000317589 -0.000550118 0.000317419 1 -0.000154177 0.000550216 0.000154823 1 0.141179 -0.0399482 -0.0792199
FixedParameters: 0 0 0

#Transform 78
Transform: AffineTransform_float_3_3
Parameters: 1 -0.000364579 -0.000552376 0.000364316 1 -0.000238201 0.000552549 0.000237799 1 0.14629 -0.0364733 -0.0685565
FixedParameters: 0 0 0

#Transform 79
Transform: AffineTransform_float_3_3
Parameters: 0.999999 -0.000469215 -0.000695288 0.00046898 1 -0.000922327 0.000695203 0.000921675 1 0.144889 -0.0240545 -0.102571
FixedParameters: 0 0 0

#Transform 80
Transform: AffineTransform_float_3_3
Parameters: 1 -0.00045566 -0.000972101 0.000455423 0.999999 -0.000635494 0.000972729 0.000635506 1 0.126443 -0.0291552 -0.103258
FixedParameters: 0 0 0

#Transform 81
Transform: AffineTransform_float_3_3
Parameters: 0.999999 -0.000459354 -0.000893251 0.000459497 0.999999 -0.000506413 0.000892766 0.000506587 0.999999 0.0947318 -0.0503215 -0.107795
FixedParameters: 0 0 0

#Transform 82
Transform: AffineTransform_float_3_3
Parameters: 0.999999 -0.000475804 -0.000557467 0.000475874 0.999999 -0.000877265 0.000557352 0.000876734 0.999999 0.0898749 -0.0314651 -0.107806
FixedParameters: 0 0 0

#Transform 83
Transform: AffineTransform_float_3_3
Parameters: 1 -0.00045835 -0.000925921 0.000457278 0.999999 -0.00114443 0.000926019 0.00114457 0.999999 0.0886875 -0.0288165 -0.176666
FixedParameters: 0 0 0

#Transform 84
Transform: AffineTransform_float_3_3
Parameters: 1 3.83459e-05 -0.00111546 -3.87251e-05 1 -0.000170006 0.00111544 0.000169994 1 0.092757 -0.0798082 -0.207828
FixedParameters: 0 0 0

#Transform 85
Transform: AffineTransform_float_3_3
Parameters: 1 0.000103775 -0.00106321 -0.000103348 1 -0.000268939 0.00106321 0.000269062 1 0.100788 -0.0635958 -0.168371
FixedParameters: 0 0 0

#Transform 86
Transform: AffineTransform_float_3_3
Parameters: 1 -6.05137e-05 -0.00121931 5.94957e-05 0.999999 -0.000827122 0.00121946 0.000826878 0.999999 0.0921747 -0.0379958 -0.182118
FixedParameters: 0 0 0

#Transform 87
Transform: AffineTransform_float_3_3
Parameters: 0.999999 0.000182305 -0.0013538 -0.000183385 0.999999 -0.000767801 0.00135357 0.000768198 0.999999 0.102306 -0.0570183 -0.162403
FixedParameters: 0 0 0

#Transform 88
Transform: AffineTransform_float_3_3
Parameters: 0.999999 0.000337746 -0.00122609 -0.000337837 1 -0.000444633 0.00122584 0.000444368 0.999999 0.113212 -0.0680914 -0.195327
FixedParameters: 0 0 0

#Transform 89
Transform: AffineTransform_float_3_3
Parameters: 0.999999 0.000355237 -0.00129552 -0.000356199 1 -0.00112254 0.00129582 0.00112346 0.999998 0.0893642 -0.0296055 -0.171891
FixedParameters: 0 0 0

#Transform 90
Transform: AffineTransform_float_3_3
Parameters: 0.999999 0.000531882 -0.00144313 -0.000533389 0.999999 -0.000850279 0.00144327 0.000851719 0.999998 0.0864434 -0.0489656 -0.154055
FixedParameters: 0 0 0

#Transform 91
Transform: AffineTransform_float_3_3
Parameters: 0.999998 0.000572404 -0.00152714 -0.000573135 0.999999 -0.000566172 0.00152654 0.000566828 0.999998 0.0998861 -0.0616462 -0.172351
FixedParameters: 0 0 0

#Transform 92
Transform: AffineTransform_float_3_3
Parameters: 0.999998 0.000814359 -0.00138555 -0.000814935 1 -0.00091087 0.00138516 0.000912131 0.999998 0.0942688 -0.0369878 -0.143956
FixedParameters: 0 0 0

#Transform 93
Transform: AffineTransform_float_3_3
Parameters: 0.999999 0.000740096 -0.00130877 -0.0007415 0.999999 -0.000536076 0.00130798 0.000536922 0.999999 0.0993538 -0.0701153 -0.196634
FixedParameters: 0 0 0

#Transform 94
Transform: AffineTransform_float_3_3
Parameters: 0.999998 0.000589111 -0.0018459 -0.000590641 1 -0.000941958 0.00184588 0.000943043 0.999998 0.100252 -0.0468602 -0.169949
FixedParameters: 0 0 0

#Transform 95
Transform: AffineTransform_float_3_3
Parameters: 0.999998 0.000710458 -0.00181481 -0.000711508 0.999999 -0.000563805 0.00181406 0.000565195 0.999998 0.0939537 -0.053929 -0.150187
FixedParameters: 0 0 0

#Transform 96
Transform: AffineTransform_float_3_3
Parameters: 0.999998 0.000147294 -0.00197319 -0.000147836 1 -0.000643805 0.0019731 0.000643196 0.999998 0.0815618 -0.0468115 -0.206062
FixedParameters: 0 0 0

#Transform 97
Transform: AffineTransform_float_3_3
Parameters: 0.999997 0.000849766 -0.00223462 -0.000851538 1 -0.000619192 0.00223361 0.000620807 0.999998 0.0871526 -0.0479818 -0.17636
FixedParameters: 0 0 0

#Transform 98
Transform: AffineTransform_float_3_3
Parameters: 0.999998 0.000760398 -0.00185751 -0.000761899 0.999999 -0.000658681 0.00185756 0.000660318 0.999998 0.0882274 -0.0539885 -0.185667
FixedParameters: 0 0 0

#Transform 99
Transform: AffineTransform_float_3_3
Parameters: 0.999997 0.000941871 -0.00203816 -0.00094348 0.999999 -0.000872173 0.00203761 0.000873829 0.999998 0.0763013 -0.0408575 -0.169742
FixedParameters: 0 0 0

#Transform 100
Transform: AffineTransform_float_3_3
Parameters: 0.999998 0.00124771 -0.00197718 -0.00124941 0.999999 -0.000667575 0.00197656 0.000670424 0.999998 0.0973438 -0.0708865 -0.190967
FixedParameters: 0 0 0

#Transform 101
Transform: AffineTransform_float_3_3
Parameters: 0.999997 0.000807653 -0.00206779 -0.000810269 0.999999 -0.00110342 0.00206711 0.00110458 0.999997 0.0524544 -0.0456853 -0.170043
FixedParameters: 0 0 0

#Transform 102
Transform: AffineTransform_float_3_3
Parameters: 0.999997 0.000842245 -0.00224976 -0.000843545 0.999999 -0.000288245 0.00224927 0.000289754 0.999998 0.0558474 -0.0582171 -0.159625
FixedParameters: 0 0 0

#Transform 103
Transform: AffineTransform_float_3_3
Parameters: 0.999996 0.000860226 -0.00240891 -0.000863119 0.999998 -0.00141907 0.00240766 0.00142093 0.999996 0.0808384 -0.0411134 -0.173547
FixedParameters: 0 0 0

#Transform 104
Transform: AffineTransform_float_3_3
Parameters: 0.999996 0.000864026 -0.00245632 -0.000866007 1 -0.000798968 0.00245603 0.000801032 0.999996 0.0815191 -0.0473065 -0.146519
FixedParameters: 0 0 0

#Transform 105
Transform: AffineTransform_float_3_3
Parameters: 0.999996 0.000861746 -0.00241751 -0.000863428 0.999999 -0.000967058 0.00241599 0.000968944 0.999997 0.0809627 -0.0484979 -0.157565
FixedParameters: 0 0 0

#Transform 106
Transform: AffineTransform_float_3_3
Parameters: 0.999996 0.00060518 -0.00248396 -0.000607888 0.999999 -0.00114764 0.00248271 0.00114936 0.999996 0.0900106 -0.0268651 -0.13678
FixedParameters: 0 0 0

#Transform 107
Transform: AffineTransform_float_3_3
Parameters: 0.999997 0.000869292 -0.00255504 -0.000870414 0.999999 -0.000599969 0.00255509 0.000602033 0.999997 0.0990423 -0.0559409 -0.114902
FixedParameters: 0 0 0

#Transform 108
Transform: AffineTransform_float_3_3
Parameters: 0.999997 0.000466067 -0.00266248 -0.000467161 1 -0.00020495 0.00266229 0.000206049 0.999997 0.0977647 -0.064719 -0.136918
FixedParameters: 0 0 0

#Transform 109
Transform: AffineTransform_float_3_3
Parameters: 0.999996 0.000491775 -0.00273153 -0.000493238 0.999999 -0.000815848 0.00273087 0.000817153 0.999996 0.0976136 -0.0502841 -0.120878
FixedParameters: 0 0 0

#Transform 110
Transform: AffineTransform_float_3_3
Parameters: 0.999997 0.000869253 -0.00253271 -0.000869302 0.999999 -0.00019594 0.00253341 0.000198061 0.999996 0.0751639 -0.054848 -0.111282
FixedParameters: 0 0 0

#Transform 111
Transform: AffineTransform_float_3_3
Parameters: 0.999997 0.000869805 -0.00256501 -0.000870878 0.999999 -0.000587959 0.00256508 0.000590043 0.999997 0.082307 -0.0416501 -0.15417
FixedParameters: 0 0 0

#Transform 112
Transform: AffineTransform_float_3_3
Parameters: 0.999996 0.000681834 -0.00278926 -0.000683276 0.999999 -0.000436289 0.00278871 0.00043871 0.999996 0.0804587 -0.0636238 -0.202587
FixedParameters: 0 0 0

#Transform 113
Transform: AffineTransform_float_3_3
Parameters: 0.999995 0.000995433 -0.00275679 -0.000996268 0.999999 -0.000150442 0.00275649 0.000152557 0.999996 0.0636361 -0.0985694 -0.109292
FixedParameters: 0 0 0

#Transform 114
Transform: AffineTransform_float_3_3
Parameters: 0.999995 0.000711125 -0.00283185 -0.000712222 0.999999 -0.000369175 0.00283138 0.000370825 0.999996 0.0640965 -0.0585652 -0.109825
FixedParameters: 0 0 0

#Transform 115
Transform: AffineTransform_float_3_3
Parameters: 0.999996 0.000873208 -0.0026065 -0.000872527 0.999999 -5.99164e-05 0.00260645 6.20858e-05 0.999997 0.0598925 -0.0667112 -0.0545475
FixedParameters: 0 0 0

#Transform 116
Transform: AffineTransform_float_3_3
Parameters: 0.999996 0.000548507 -0.00273256 -0.000548763 1 -0.000228694 0.00273236 0.000230307 0.999996 0.0577457 -0.0645298 -0.0855068
FixedParameters: 0 0 0

#Transform 117
Transform: AffineTransform_float_3_3
Parameters: 0.999997 0.000871351 -0.00258073 -0.000871844 0.999999 -0.000287942 0.00258028 0.000290059 0.999997 0.0657179 -0.0604269 -0.116906
FixedParameters: 0 0 0

#Transform 118
Transform: AffineTransform_float_3_3
Parameters: 0.999997 0.00053161 -0.00232776 -0.000531086 1 0.000113093 0.00232788 -0.000111907 0.999998 0.0658709 -0.107233 -0.0718151
FixedParameters: 0 0 0

#Transform 119
Transform: AffineTransform_float_3_3
Parameters: 0.999997 0.000450282 -0.00233167 -0.000448608 1 0.000359901 0.00233199 -0.000358097 0.999997 0.0658161 -0.0886927 -0.0906879
FixedParameters: 0 0 0

#Transform 120
Transform: AffineTransform_float_3_3
Parameters: 0.999996 0.000414155 -0.00285918 -0.000414175 1 -3.00859e-06 0.00285918 3.99138e-06 0.999996 0.0638175 -0.099612 -0.176813
FixedParameters: 0 0 0

#Transform 121
Transform: AffineTransform_float_3_3
Parameters: 0.999998 0.000390553 -0.00227867 -0.000391 1 -9.72557e-05 0.00227859 9.87438e-05 0.999998 0.0679393 -0.0723409 -0.0185711
FixedParameters: 0 0 0

#Transform 122
Transform: AffineTransform_float_3_3
Parameters: 0.999997 0.000381822 -0.00212306 -0.000383492 1 -0.000628282 0.00212262 0.000628716 0.999997 0.0443692 -0.0283337 -0.0353198
FixedParameters: 0 0 0

#Transform 123
Transform: AffineTransform_float_3_3
Parameters: 0.999996 0.000424222 -0.0030493 -0.00042871 0.999999 -0.00138194 0.00304932 0.00138406 0.999995 0.053431 -0.0280136 -0.228028
FixedParameters: 0 0 0

#Transform 124
Transform: AffineTransform_float_3_3
Parameters: 0.999995 3.98541e-05 -0.00322077 -4.29158e-05 1 -0.00109511 0.00322088 0.00109589 0.999994 0.041042 -0.0656308 -0.238989
FixedParameters: 0 0 0

#Transform 125
Transform: AffineTransform_float_3_3
Parameters: 0.999995 0.000419655 -0.00290815 -0.000421502 0.999999 -0.000652019 0.0029087 0.000652982 0.999996 0.0594182 -0.0416087 -0.153277
FixedParameters: 0 0 0

#Transform 126
Transform: AffineTransform_float_3_3
Parameters: 0.999996 0.000424381 -0.00302414 -0.000427061 0.999999 -0.000937954 0.00302349 0.000939045 0.999995 0.0787123 -0.0390802 -0.120664
FixedParameters: 0 0 0

#Transform 127
Transform: AffineTransform_float_3_3
Parameters: 0.999995 0.000592237 -0.00303236 -0.000596368 0.999998 -0.00150444 0.00303082 0.00150556 0.999994 0.0677346 -0.0736572 -0.226956
FixedParameters: 0 0 0

#Transform 128
Transform: AffineTransform_float_3_3
Parameters: 0.999995 0.000586089 -0.00312368 -0.000590432 0.999999 -0.0013344 0.0031223 0.0013356 0.999994 0.0646979 -0.0778272 -0.194736
FixedParameters: 0 0 0

#Transform 129
Transform: AffineTransform_float_3_3
Parameters: 0.999995 0.000417322 -0.00291553 -0.000422522 0.999998 -0.00156802 0.00291541 0.00156898 0.999995 0.0563515 -0.06603 -0.153018
FixedParameters: 0 0 0

#Transform 130
Transform: AffineTransform_float_3_3
Parameters: 0.999994 0.000432384 -0.00325428 -0.000438531 0.999998 -0.00186482 0.00325294 0.00186618 0.999993 0.0713102 -0.0307723 -0.21948
FixedParameters: 0 0 0

#Transform 131
Transform: AffineTransform_float_3_3
Parameters: 0.999995 0.000768016 -0.00309094 -0.000771771 0.999999 -0.00124486 0.00309022 0.00124714 0.999995 0.0725663 -0.0655013 -0.198897
FixedParameters: 0 0 0

#Transform 132
Transform: AffineTransform_float_3_3
Parameters: 0.999995 0.000616822 -0.0032412 -0.000620318 1 -0.000993235 0.00324111 0.000994766 0.999994 0.0548329 -0.0784453 -0.201688
FixedParameters: 0 0 0

#Transform 133
Transform: AffineTransform_float_3_3
Parameters: 0.999994 0.000859478 -0.00334444 -0.000866223 0.999997 -0.0020454 0.00334225 0.0020486 0.999993 0.0392093 -0.0818656 -0.284077
FixedParameters: 0 0 0

#Transform 134
Transform: AffineTransform_float_3_3
Parameters: 0.999995 0.000770127 -0.00328913 -0.000774971 0.999999 -0.0013427 0.00328725 0.0013453 0.999993 0.0455366 -0.11088 -0.260236
FixedParameters: 0 0 0

#Transform 135
Transform: AffineTransform_float_3_3
Parameters: 0.999995 0.000436533 -0.00330499 -0.000441364 0.999999 -0.00133479 0.00330401 0.00133621 0.999993 0.0352712 -0.107538 -0.20134
FixedParameters: 0 0 0

#Transform 136
Transform: AffineTransform_float_3_3
Parameters: 0.999995 0.000557467 -0.00329935 -0.000563141 0.999998 -0.00161644 0.00329779 0.00161756 0.999993 0.0389947 -0.0780278 -0.213288
FixedParameters: 0 0 0

#Transform 137
Transform: AffineTransform_float_3_3
Parameters: 0.999995 0.000793361 -0.00328797 -0.000797682 0.999999 -0.00126362 0.00328615 0.00126637 0.999993 0.0461679 -0.130272 -0.262682
FixedParameters: 0 0 0

#Transform 138
Transform: AffineTransform_float_3_3
Parameters: 0.999994 0.00104644 -0.00327555 -0.001049 0.999999 -0.000847806 0.00327391 0.000851194 0.999994 0.0534711 -0.131858 -0.186537
FixedParameters: 0 0 0

#Transform 139
Transform: AffineTransform_float_3_3
Parameters: 0.999993 0.0010463 -0.00364215 -0.00104999 0.999999 -0.00104647 0.00364114 0.00105053 0.999992 0.0583131 -0.0768864 -0.211642
FixedParameters: 0 0 0

#Transform 140
Transform: AffineTransform_float_3_3
Parameters: 0.999994 0.000646404 -0.00337405 -0.00065077 0.999999 -0.0012311 0.00337364 0.0012329 0.999994 0.0674049 -0.0704603 -0.244405
FixedParameters: 0 0 0

#Transform 141
Transform: AffineTransform_float_3_3
Parameters: 0.999995 0.000429043 -0.00312907 -0.000432654 1 -0.00105485 0.0031283 0.00105715 0.999994 0.0507767 -0.0869126 -0.265957
FixedParameters: 0 0 0

#Transform 142
Transform: AffineTransform_float_3_3
Parameters: 0.999994 0.000125093 -0.00339087 -0.000130443 0.999998 -0.00167986 0.00338974 0.00168014 0.999993 0.0125983 -0.105119 -0.367744
FixedParameters: 0 0 0

#Transform 143
Transform: AffineTransform_float_3_3
Parameters: 0.999993 0.000682535 -0.00370754 -0.00068627 0.999999 -0.000906848 0.00370645 0.000909151 0.999993 0.0437618 -0.147439 -0.329227
FixedParameters: 0 0 0

#Transform 144
Transform: AffineTransform_float_3_3
Parameters: 0.999993 0.000989443 -0.00377281 -0.000992505 1 -0.000794596 0.00377238 0.000798405 0.999993 0.0337342 -0.12946 -0.267305
FixedParameters: 0 0 0

#Transform 145
Transform: AffineTransform_float_3_3
Parameters: 0.999992 0.000746103 -0.00378506 -0.00075342 0.999998 -0.0017505 0.00378372 0.0017535 0.999991 0.0267242 -0.108206 -0.342488
FixedParameters: 0 0 0

#Transform 146
Transform: AffineTransform_float_3_3
Parameters: 0.999994 0.000438859 -0.00337906 -0.000445318 0.999999 -0.00168675 0.00337881 0.00168825 0.999993 0.0355189 -0.1267 -0.341011
FixedParameters: 0 0 0

#Transform 147
Transform: AffineTransform_float_3_3
Parameters: 0.999992 0.000460286 -0.0037984 -0.000464924 0.999999 -0.00126058 0.00379847 0.00126242 0.999992 0.0411398 -0.121017 -0.239499
FixedParameters: 0 0 0

#Transform 148
Transform: AffineTransform_float_3_3
Parameters: 0.999994 0.000689556 -0.00345217 -0.000694335 0.999999 -0.0014069 0.00345147 0.0014101 0.999993 0.0438233 -0.101826 -0.283372
FixedParameters: 0 0 0

#Transform 149
Transform: AffineTransform_float_3_3
Parameters: 0.999993 0.000453387 -0.00370079 -0.000460252 0.999998 -0.00186465 0.00370042 0.00186635 0.999992 0.0248773 -0.104723 -0.390565
FixedParameters: 0 0 0

#Transform 150
Transform: AffineTransform_float_3_3
Parameters: 0.999994 0.000448128 -0.00348942 -0.00044984 1 -0.000530724 0.00348904 0.000532276 0.999993 0.0518494 -0.110306 -0.319259
FixedParameters: 0 0 0

#Transform 151
Transform: AffineTransform_float_3_3
Parameters: 0.999994 0.000440873 -0.00337779 -0.000445155 1 -0.00107674 0.00337699 0.00107825 0.999993 0.0521806 -0.0752904 -0.356664
FixedParameters: 0 0 0

#Transform 152
Transform: AffineTransform_float_3_3
Parameters: 0.999994 0.000318725 -0.00338365 -0.000322593 1 -0.00116116 0.0033831 0.00116284 0.999993 0.0599003 -0.0755421 -0.311779
FixedParameters: 0 0 0

#Transform 153
Transform: AffineTransform_float_3_3
Parameters: 0.999995 6.44273e-05 -0.00323464 -6.67519e-05 0.999999 -0.000822084 0.00323468 0.000822918 0.999995 0.0774798 -0.0806311 -0.279488
FixedParameters: 0 0 0

#Transform 154
Transform: AffineTransform_float_3_3
Parameters: 0.999994 2.81358e-05 -0.00339753 -3.18803e-05 1 -0.00113914 0.00339765 0.00113886 0.999993 0.0694188 -0.0479508 -0.302743
FixedParameters: 0 0 0

#Transform 155
Transform: AffineTransform_float_3_3
Parameters: 0.999995 0.000108787 -0.00309435 -0.000111789 0.999999 -0.000807902 0.00309427 0.000808096 0.999995 0.0725725 -0.0676068 -0.259193
FixedParameters: 0 0 0

#Transform 156
Transform: AffineTransform_float_3_3
Parameters: 0.999996 1.21767e-05 -0.00306291 -1.51099e-05 1 -0.00113115 0.00306307 0.00113085 0.999994 0.0792404 -0.0628866 -0.276151
FixedParameters: 0 0 0

#Transform 157
Transform: AffineTransform_float_3_3
Parameters: 0.999997 -3.78692e-06 -0.00273828 6.81508e-07 0.999999 -0.00129621 0.00273848 0.0012968 0.999996 0.0812985 -0.0670079 -0.307721
FixedParameters: 0 0 0

#Transform 158
Transform: AffineTransform_float_3_3
Parameters: 0.999995 6.3695e-06 -0.00292506 -8.43356e-06 0.999999 -0.000865223 0.0029252 0.000864778 0.999996 0.0865786 -0.104086 -0.26408
FixedParameters: 0 0 0

#Transform 159
Transform: AffineTransform_float_3_3
Parameters: 0.999995 1.60287e-05 -0.00313782 -1.85822e-05 1 -0.00104314 0.00313798 0.00104386 0.999994 0.0921569 -0.0817716 -0.286576
FixedParameters: 0 0 0

#Transform 160
Transform: AffineTransform_float_3_3
Parameters: 0.999995 1.51784e-05 -0.00313783 -1.94359e-05 0.999999 -0.00131519 0.00313798 0.00131481 0.999994 0.0749084 -0.0775421 -0.293744
FixedParameters: 0 0 0

#Transform 161
Transform: AffineTransform_float_3_3
Parameters: 0.999995 1.73781e-05 -0.00313781 -1.92337e-05 1 -0.000614186 0.00313789 0.000613813 0.999995 0.0748844 -0.11144 -0.286641
FixedParameters: 0 0 0

#Transform 162
Transform: AffineTransform_float_3_3
Parameters: 0.999995 1.4421e-05 -0.00308688 -1.62094e-05 0.999999 -0.000775197 0.003087 0.000774804 0.999995 0.0740732 -0.0870383 -0.257861
FixedParameters: 0 0 0

#Transform 163
Transform: AffineTransform_float_3_3
Parameters: 0.999995 -0.000438213 -0.00294045 0.000436559 1 -0.000799488 0.0029403 0.000798516 0.999996 0.0673064 -0.0693946 -0.257228
FixedParameters: 0 0 0

#Transform 164
Transform: AffineTransform_float_3_3
Parameters: 0.999997 -1.6375e-05 -0.00243763 1.55011e-05 1 -0.000589186 0.00243775 0.000588815 0.999997 0.0342255 -0.0675059 -0.221228
FixedParameters: 0 0 0

#Transform 165
Transform: AffineTransform_float_3_3
Parameters: 0.999996 9.30032e-06 -0.00299199 -1.20457e-05 0.999999 -0.000959214 0.00299212 0.000959785 0.999995 0.0466279 -0.041753 -0.256203
FixedParameters: 0 0 0

#Transform 166
Transform: AffineTransform_float_3_3
Parameters: 0.999996 0.000174685 -0.00280183 -0.000176465 1 -0.000495703 0.00280171 0.000496296 0.999996 0.0301095 -0.052449 -0.198082
FixedParameters: 0 0 0

#Transform 167
Transform: AffineTransform_float_3_3
Parameters: 0.999996 4.90842e-06 -0.0028911 -6.57257e-06 0.999999 -0.000806179 0.00289124 0.000805822 0.999995 0.0371542 -0.0570049 -0.259577
FixedParameters: 0 0 0

#Transform 168
Transform: AffineTransform_float_3_3
Parameters: 0.999997 -1.94147e-05 -0.00236173 1.88878e-05 1 -0.000323192 0.00236179 0.000322809 0.999997 0.0496274 -0.0568517 -0.14204
FixedParameters: 0 0 0

#Transform 169
Transform: AffineTransform_float_3_3
Parameters: 0.999997 -2.29809e-06 -0.00272829 1.14992e-06 1 -0.000576203 0.00272839 0.000576798 0.999996 0.0551288 -0.0488449 -0.231101
FixedParameters: 0 0 0

#Transform 170
Transform: AffineTransform_float_3_3
Parameters: 0.999997 -0.000310956 -0.00234181 0.000309976 1 -0.000422876 0.00234212 0.000422124 0.999997 0.0405801 -0.0559611 -0.179397
FixedParameters: 0 0 0

#Transform 171
Transform: AffineTransform_float_3_3
Parameters: 0.999998 -9.99247e-05 -0.0023316 9.95129e-05 1 -0.000302382 0.00233171 0.000302619 0.999998 0.046749 -0.0370942 -0.132758
FixedParameters: 0 0 0

#Transform 172
Transform: AffineTransform_float_3_3
Parameters: 0.999996 -0.0003799 -0.0027985 0.000377557 0.999999 -0.000776257 0.00279918 0.000774742 0.999996 0.0571757 -0.0383069 -0.23911
FixedParameters: 0 0 0

#Transform 173
Transform: AffineTransform_float_3_3
Parameters: 0.999998 -0.000435166 -0.00225278 0.000433762 1 -0.000312127 0.00225305 0.000310872 0.999998 0.0687034 -0.0636567 -0.212274
FixedParameters: 0 0 0

#Transform 174
Transform: AffineTransform_float_3_3
Parameters: 0.999998 -0.000497308 -0.00193651 0.000496674 1 -0.000164062 0.00193667 0.000162937 0.999998 0.0591964 -0.0636168 -0.226232
FixedParameters: 0 0 0

#Transform 175
Transform: AffineTransform_float_3_3
Parameters: 0.999996 -0.000495203 -0.00251063 0.000492691 1 -0.000908392 0.00251063 0.000907609 0.999997 0.0546509 -0.0533052 -0.289734
FixedParameters: 0 0 0

#Transform 176
Transform: AffineTransform_float_3_3
Parameters: 0.999998 -0.00049484 -0.00205148 0.000493899 1 -0.000230114 0.00205171 0.000228885 0.999998 0.0607731 -0.0915559 -0.24524
FixedParameters: 0 0 0

#Transform 177
Transform: AffineTransform_float_3_3
Parameters: 0.999998 -0.000917129 -0.00207166 0.000915653 1 -0.000609952 0.00207182 0.000608048 0.999997 0.056054 -0.0733535 -0.247025
FixedParameters: 0 0 0

#Transform 178
Transform: AffineTransform_float_3_3
Parameters: 0.999997 -0.00101537 -0.00220623 0.00101346 0.999999 -0.000897344 0.00220715 0.000895657 0.999997 0.0468839 -0.0295336 -0.264686
FixedParameters: 0 0 0

#Transform 179
Transform: AffineTransform_float_3_3
Parameters: 0.999998 -0.00117626 -0.0017341 0.00117613 0.999999 -0.000341045 0.00173395 0.000338956 0.999998 0.0543693 -0.0431274 -0.219177
FixedParameters: 0 0 0

#Transform 180
Transform: AffineTransform_float_3_3
Parameters: 0.999997 -0.00146571 -0.00229487 0.00146349 0.999999 -0.000932418 0.0022967 0.000928582 0.999997 0.0531223 -0.041929 -0.316658
FixedParameters: 0 0 0

#Transform 181
Transform: AffineTransform_float_3_3
Parameters: 0.999997 -0.00101118 -0.00229509 0.00100895 0.999999 -0.000931423 0.00229607 0.000929576 0.999997 0.0445546 -0.0634121 -0.318216
FixedParameters: 0 0 0

#Transform 182
Transform: AffineTransform_float_3_3
Parameters: 0.999998 -0.000654345 -0.00197492 0.000653278 0.999999 -0.000536391 0.00197467 0.000534609 0.999998 0.0569033 -0.0870521 -0.226471
FixedParameters: 0 0 0

#Transform 183
Transform: AffineTransform_float_3_3
Parameters: 0.999997 -0.00101492 -0.00221816 0.00101273 0.999999 -0.000955352 0.00221919 0.000952648 0.999997 0.0498735 -0.0685027 -0.259664
FixedParameters: 0 0 0

#Transform 184
Transform: AffineTransform_float_3_3
Parameters: 0.999998 -0.00102028 -0.00207703 0.00101925 1 -0.000260174 0.00207656 0.000258826 0.999998 0.0547107 -0.0604442 -0.223042
FixedParameters: 0 0 0

#Transform 185
Transform: AffineTransform_float_3_3
Parameters: 0.999997 -0.00119087 -0.00208484 0.00119025 0.999999 -0.000640539 0.00208546 0.000638462 0.999997 0.0388016 -0.0280684 -0.24047
FixedParameters: 0 0 0

#Transform 186
Transform: AffineTransform_float_3_3
Parameters: 0.999998 -0.00103328 -0.00182685 0.00103168 0.999999 -0.00072394 0.00182739 0.00072206 0.999998 0.00142594 -0.0312734 -0.241361
FixedParameters: 0 0 0

#Transform 187
Transform: AffineTransform_float_3_3
Parameters: 0.999997 -0.000927967 -0.00198032 0.000924739 0.999998 -0.00134494 0.00198091 0.00134306 0.999997 0.00670946 -0.0480644 -0.227698
FixedParameters: 0 0 0

#Transform 188
Transform: AffineTransform_float_3_3
Parameters: 0.999997 -0.00130428 -0.00211388 0.00130223 0.999999 -0.000970813 0.0021155 0.000968189 0.999998 -0.0031123 -0.0191273 -0.234569
FixedParameters: 0 0 0

#Transform 189
Transform: AffineTransform_float_3_3
Parameters: 0.999997 -0.0010172 -0.00214679 0.00101644 1 -0.000411237 0.00214768 0.000408763 0.999997 0.00605947 -0.0399666 -0.194411
