# transform file /out/sourcedata/freesurfer/sub-v1s22x0050448_ses-1/mri/transforms/cc_up.lta
# created by oesteban on Mon Mar  9 13:55:31 2026

type      = 0 # LINEAR_VOX_TO_VOX
nxforms   = 1
mean      = 132.0000 102.0000 120.0000
sigma     = 10000.0000
1 4 4
9.934842586517334e-01 -5.506238900125027e-03 1.138356924057007e-01 -1.500367546081543e+01 
5.470444913953543e-03 9.999848008155823e-01 6.268160650506616e-04 4.221129226684570e+01 
-1.138374209403992e-01 0.000000000000000e+00 9.934993386268616e-01 2.969364356994629e+01 
0.000000000000000e+00 0.000000000000000e+00 0.000000000000000e+00 1.000000000000000e+00 
src volume info
valid = 1  # volume info valid
filename = /out/sourcedata/freesurfer/sub-v1s22x0050448_ses-1/mri/norm.mgz
volume = 256 256 256
voxelsize = 1.000000000000000e+00 1.000000000000000e+00 1.000000000000000e+00
xras   = -1.000000000000000e+00 -2.328306436538696e-09 3.725290298461914e-09
yras   = -3.725290298461914e-09 2.328306436538696e-10 -9.999999403953552e-01
zras   = -5.107722245156765e-09 1.000000000000000e+00 -2.328306436538696e-10
cras   = 1.862335205078125e+00 2.354550170898438e+01 -7.745697021484375e+00
dst volume info
valid = 1  # volume info valid
filename = /out/sourcedata/freesurfer/sub-v1s22x0050448_ses-1/mri/norm.mgz
volume = 256 256 256
voxelsize = 1.000000000000000e+00 1.000000000000000e+00 1.000000000000000e+00
xras   = -1.000000000000000e+00 -2.328306436538696e-09 3.725290298461914e-09
yras   = -3.725290298461914e-09 2.328306436538696e-10 -9.999999403953552e-01
zras   = -5.107722245156765e-09 1.000000000000000e+00 -2.328306436538696e-10
cras   = 1.862335205078125e+00 2.354550170898438e+01 -7.745697021484375e+00
