type      = 0 # LINEAR_VOX_TO_VOX
nxforms   = 1
mean      = 0.0000 0.0000 0.0000
sigma     = 1.0000
1 4 4
1.059506058692932e+00 1.096200291067362e-02 1.100420057773590e-01 -2.471969604492188e+01 
-2.768400311470032e-02 1.096200823783875e+00 1.926700025796890e-02 9.819931030273438e+00 
-5.627200379967690e-02 -9.050299227237701e-02 1.012670993804932e+00 4.351005554199219e+00 
0.000000000000000e+00 0.000000000000000e+00 0.000000000000000e+00 1.000000000000000e+00 
src volume info
valid = 1  # volume info valid
filename = /out/sourcedata/freesurfer/sub-v1s22x0050448_ses-1/mri/orig.mgz
volume = 256 256 256
voxelsize = 1.000000000000000e+00 1.000000000000000e+00 1.000000000000000e+00
xras   = -1.000000000000000e+00 -2.328306436538696e-09 3.725290298461914e-09
yras   = -3.725290298461914e-09 2.328306436538696e-10 -9.999999403953552e-01
zras   = -5.107722245156765e-09 1.000000000000000e+00 -2.328306436538696e-10
cras   = 1.862335205078125e+00 2.354550170898438e+01 -7.745697021484375e+00
dst volume info
valid = 1  # volume info valid
filename = /opt/freesurfer/average/mni305.cor.mgz
volume = 256 256 256
voxelsize = 1.000000000000000e+00 1.000000000000000e+00 1.000000000000000e+00
xras   = -1.000000000000000e+00 0.000000000000000e+00 0.000000000000000e+00
yras   = 0.000000000000000e+00 0.000000000000000e+00 -1.000000000000000e+00
zras   = 0.000000000000000e+00 1.000000000000000e+00 0.000000000000000e+00
cras   = 0.000000000000000e+00 0.000000000000000e+00 0.000000000000000e+00
subject fsaverage
fscale 0.100000
