# transform file transforms/talairach.lta
# created by oesteban on Mon Mar  9 12:35:23 2026

type      = 0 # LINEAR_VOX_TO_VOX
nxforms   = 1
mean      = 131.0000 104.0000 120.0000
sigma     = 10000.0000
1 4 4
1.010071635246277e+00 3.266097605228424e-02 1.212409734725952e-01 -2.333270835876465e+01 
-3.895462676882744e-02 1.158997654914856e+00 6.464990973472595e-02 8.382751345634460e-01 
-1.086335033178329e-01 -7.054417580366135e-02 9.707395434379578e-01 1.546262741088867e+01 
0.000000000000000e+00 0.000000000000000e+00 0.000000000000000e+00 1.000000000000000e+00 
src volume info
valid = 1  # volume info valid
filename = nu.mgz
volume = 256 256 256
voxelsize = 1.000000000000000e+00 1.000000000000000e+00 1.000000000000000e+00
xras   = -1.000000000000000e+00 -2.328306436538696e-09 3.725290298461914e-09
yras   = -3.725290298461914e-09 2.328306436538696e-10 -9.999999403953552e-01
zras   = -5.107722245156765e-09 1.000000000000000e+00 -2.328306436538696e-10
cras   = 1.862335205078125e+00 2.354550170898438e+01 -7.745697021484375e+00
dst volume info
valid = 1  # volume info valid
filename = /opt/freesurfer/average/RB_all_2020-01-02.gca
volume = 256 256 256
voxelsize = 1.000000000000000e+00 1.000000000000000e+00 1.000000000000000e+00
xras   = -1.000000000000000e+00 0.000000000000000e+00 0.000000000000000e+00
yras   = 0.000000000000000e+00 0.000000000000000e+00 -1.000000000000000e+00
zras   = 0.000000000000000e+00 1.000000000000000e+00 0.000000000000000e+00
cras   = 0.000000000000000e+00 0.000000000000000e+00 0.000000000000000e+00
