type      = 1 # LINEAR_RAS_TO_RAS
nxforms   = 1
mean      = 0.0000 0.0000 0.0000
sigma     = 1.0000
1 4 4
1.059506058692932e+00 -1.100419983267784e-01 1.096200011670589e-02 2.317153930664062e+00 
5.627200007438660e-02 1.012670993804932e+00 9.050299972295761e-02 -3.606194305419922e+01 
-2.768399938941002e-02 -1.926700025796890e-02 1.096200942993164e+00 -1.206022644042969e+01 
0.000000000000000e+00 0.000000000000000e+00 0.000000000000000e+00 1.000000000000000e+00 
src volume info
valid = 1  # volume info valid
filename = /out/sourcedata/freesurfer/sub-v1s22x0050448_ses-1/mri/orig_nu.mgz
volume = 256 256 256
voxelsize = 1.000000000000000e+00 1.000000000000000e+00 1.000000000000000e+00
xras   = -1.000000000000000e+00 -2.328306436538696e-09 3.725290298461914e-09
yras   = -3.725290298461914e-09 2.328306436538696e-10 -9.999999403953552e-01
zras   = -5.107722245156765e-09 1.000000000000000e+00 -2.328306436538696e-10
cras   = 1.862335205078125e+00 2.354550170898438e+01 -7.745697021484375e+00
dst volume info
valid = 1  # volume info valid
filename = /opt/freesurfer/average/mni305.cor.mgz
volume = 256 256 256
voxelsize = 1.000000000000000e+00 1.000000000000000e+00 1.000000000000000e+00
xras   = -1.000000000000000e+00 0.000000000000000e+00 0.000000000000000e+00
yras   = 0.000000000000000e+00 0.000000000000000e+00 -1.000000000000000e+00
zras   = 0.000000000000000e+00 1.000000000000000e+00 0.000000000000000e+00
cras   = 0.000000000000000e+00 0.000000000000000e+00 0.000000000000000e+00
subject fsaverage
fscale 0.100000
