# transform file /out/sourcedata/freesurfer/sub-v1s22x0050468_ses-1/mri/transforms/cc_up.lta
# created by oesteban on Mon Mar  9 14:01:25 2026

type      = 0 # LINEAR_VOX_TO_VOX
nxforms   = 1
mean      = 128.0000 112.0000 110.0000
sigma     = 10000.0000
1 4 4
9.996481537818909e-01 2.652405761182308e-02 2.036335645243526e-04 -2.067240715026855e+00 
-2.652405574917793e-02 9.996482133865356e-01 -5.403088835009839e-06 3.344315719604492e+01 
-2.037052181549370e-04 0.000000000000000e+00 9.999999403953552e-01 3.602618026733398e+01 
0.000000000000000e+00 0.000000000000000e+00 0.000000000000000e+00 1.000000000000000e+00 
src volume info
valid = 1  # volume info valid
filename = /out/sourcedata/freesurfer/sub-v1s22x0050468_ses-1/mri/norm.mgz
volume = 256 256 256
voxelsize = 1.000000000000000e+00 1.000000000000000e+00 1.000000000000000e+00
xras   = -1.000000000000000e+00 0.000000000000000e+00 0.000000000000000e+00
yras   = 0.000000000000000e+00 0.000000000000000e+00 -1.000000000000000e+00
zras   = 0.000000000000000e+00 1.000000000000000e+00 0.000000000000000e+00
cras   = 5.991821289062500e-01 3.675897216796875e+01 -2.678958129882812e+01
dst volume info
valid = 1  # volume info valid
filename = /out/sourcedata/freesurfer/sub-v1s22x0050468_ses-1/mri/norm.mgz
volume = 256 256 256
voxelsize = 1.000000000000000e+00 1.000000000000000e+00 1.000000000000000e+00
xras   = -1.000000000000000e+00 0.000000000000000e+00 0.000000000000000e+00
yras   = 0.000000000000000e+00 0.000000000000000e+00 -1.000000000000000e+00
zras   = 0.000000000000000e+00 1.000000000000000e+00 0.000000000000000e+00
cras   = 5.991821289062500e-01 3.675897216796875e+01 -2.678958129882812e+01
