#Insight Transform File V1.0
#Transform 0
Transform: AffineTransform_float_3_3
Parameters: 0.999998 -0.00066168 -0.00218809 0.000658414 0.999999 -0.00138901 0.00218848 0.00138799 0.999997 -0.0557576 0.0565006 0.921136
FixedParameters: 0 0 0

#Transform 1
Transform: AffineTransform_float_3_3
Parameters: 0.999996 -0.000803175 -0.00245744 0.000799717 0.999998 -0.00147754 0.0024582 0.00147546 0.999996 -0.0758986 0.180726 0.84688
FixedParameters: 0 0 0

#Transform 2
Transform: AffineTransform_float_3_3
Parameters: 0.999999 -0.000210737 -0.00148224 0.000207774 0.999998 -0.00166601 0.00148263 0.00166599 0.999998 -0.0637009 0.260236 0.754612
FixedParameters: 0 0 0

#Transform 3
Transform: AffineTransform_float_3_3
Parameters: 0.999997 -0.000197949 -0.00241245 0.000193798 0.999998 -0.001885 0.00241242 0.00188401 0.999996 -0.0427885 0.0325979 0.840481
FixedParameters: 0 0 0

#Transform 4
Transform: AffineTransform_float_3_3
Parameters: 0.999998 9.63188e-05 -0.00208094 -0.000100258 0.999998 -0.00169532 0.00208113 0.00169568 0.999997 -0.0485771 0.21151 0.641079
FixedParameters: 0 0 0

#Transform 5
Transform: AffineTransform_float_3_3
Parameters: 0.999997 -0.000167797 -0.00268222 0.000164777 0.999999 -0.00129999 0.00268204 0.00130001 0.999995 -0.0316526 0.170754 0.626771
FixedParameters: 0 0 0

#Transform 6
Transform: AffineTransform_float_3_3
Parameters: 0.999996 0.000111727 -0.00256159 -0.000113217 0.999999 -0.000676235 0.00256113 0.000676765 0.999996 -0.0175124 0.0935718 0.541405
FixedParameters: 0 0 0

#Transform 7
Transform: AffineTransform_float_3_3
Parameters: 0.999999 4.34106e-05 -0.00183137 -4.43067e-05 1 -0.000514594 0.00183117 0.000514406 0.999998 -0.040347 0.239524 0.448968
FixedParameters: 0 0 0

#Transform 8
Transform: AffineTransform_float_3_3
Parameters: 0.999998 0.000137968 -0.00193428 -0.0001394 1 -0.000920558 0.0019347 0.000920443 0.999998 -0.00417948 0.000306892 0.343218
FixedParameters: 0 0 0

#Transform 9
Transform: AffineTransform_float_3_3
Parameters: 0.999998 0.000377393 -0.00219853 -0.000379903 0.999999 -0.00127982 0.00219809 0.00128018 0.999997 -0.0154143 0.257565 0.312143
FixedParameters: 0 0 0

#Transform 10
Transform: AffineTransform_float_3_3
Parameters: 0.999999 -0.000298434 -0.00179548 0.000298952 1 -0.000131235 0.0017954 0.000130767 0.999999 0.0191626 0.0922271 0.276207
FixedParameters: 0 0 0

#Transform 11
Transform: AffineTransform_float_3_3
Parameters: 0.999999 -0.000288667 -0.00172209 0.000287065 1 -0.00103935 0.00172238 0.00103866 0.999998 0.00841202 0.114849 0.223863
FixedParameters: 0 0 0

#Transform 12
Transform: AffineTransform_float_3_3
Parameters: 1 -0.000175023 -0.000998982 0.000175597 1 -0.000131024 0.000997887 0.000130977 1 0.000804118 0.183522 0.24904
FixedParameters: 0 0 0

#Transform 13
Transform: AffineTransform_float_3_3
Parameters: 0.999999 -0.000236483 -0.00139626 0.00023729 1 -6.51802e-05 0.00139613 6.48211e-05 0.999999 0.0188103 0.0341226 0.199877
FixedParameters: 0 0 0

#Transform 14
Transform: AffineTransform_float_3_3
Parameters: 0.999999 -0.000308103 -0.000833691 0.00030823 1 7.5743e-05 0.000833644 -7.62568e-05 0.999999 -0.00453859 0.245911 0.233011
FixedParameters: 0 0 0

#Transform 15
Transform: AffineTransform_float_3_3
Parameters: 0.999999 -0.000632798 -0.000514587 0.000633589 0.999999 0.000619674 0.00051479 -0.000620326 0.999999 0.0084478 0.0133108 0.183004
FixedParameters: 0 0 0

#Transform 16
Transform: AffineTransform_float_3_3
Parameters: 0.999999 -0.000649831 -0.000623019 0.000650213 1 0.000183571 0.000623769 -0.000183429 0.999999 -0.0194841 0.226664 0.134855
FixedParameters: 0 0 0

#Transform 17
Transform: AffineTransform_float_3_3
Parameters: 1 -0.000556604 -2.0654e-05 0.000556799 1 0.00102999 2.04955e-05 -0.00103001 1 -0.00182112 0.0552154 0.143409
FixedParameters: 0 0 0

#Transform 18
Transform: AffineTransform_float_3_3
Parameters: 1 -0.000459052 -0.000227721 0.000459498 0.999999 0.000640895 0.00022812 -0.000641104 1 -0.0134186 0.0888527 0.0320772
FixedParameters: 0 0 0

#Transform 19
Transform: AffineTransform_float_3_3
Parameters: 1 3.56543e-05 0.000271737 -3.63232e-05 0.999999 0.00123099 -0.000271648 -0.00123101 0.999999 -0.0038917 0.17031 0.0865399
FixedParameters: 0 0 0

#Transform 20
Transform: AffineTransform_float_3_3
Parameters: 1 -4.98065e-05 -0.000231109 5.00732e-05 1 0.000576988 0.000231051 -0.000577011 1 0.0115683 0.0115589 0.0259395
FixedParameters: 0 0 0

#Transform 21
Transform: AffineTransform_float_3_3
Parameters: 1 5.77793e-05 0.000118569 -5.78549e-05 1 0.000318993 -0.000118532 -0.000319007 1 0.00927896 0.226561 0.0205234
FixedParameters: 0 0 0

#Transform 22
Transform: AffineTransform_float_3_3
Parameters: 1 -0.000213596 0.000457055 0.000213586 1 1.0121e-05 -0.000457059 -1.0879e-05 1 0.015587 -0.0257495 0.0282341
FixedParameters: 0 0 0

#Transform 23
Transform: AffineTransform_float_3_3
Parameters: 1 6.87166e-06 -0.00012553 -6.8817e-06 1 -3.99991e-05 0.000125529 4.00009e-05 1 0.00728375 0.203131 -0.0740736
FixedParameters: 0 0 0

#Transform 24
Transform: AffineTransform_float_3_3
Parameters: 1 0.000363069 0.000309752 -0.000362219 1 -0.00112611 -0.00030958 0.00112589 1 0.0101381 0.153658 -0.299117
FixedParameters: 0 0 0

#Transform 25
Transform: AffineTransform_float_3_3
Parameters: 1 0.000491191 -0.000251468 -0.000491539 0.999999 -0.000691876 0.000250788 0.000692123 0.999999 0.0205838 -0.0490361 -0.229521
FixedParameters: 0 0 0

#Transform 26
Transform: AffineTransform_float_3_3
Parameters: 1 0.000257077 0.000162334 -0.000256725 1 -0.00108204 -0.00016289 0.00108196 1 0.00122818 0.265264 -0.381892
FixedParameters: 0 0 0

#Transform 27
Transform: AffineTransform_float_3_3
Parameters: 1 0.000280346 0.000313777 -0.00028027 1 -0.000121088 -0.000313845 0.000120912 1 0.02525 -0.0493246 -0.359924
FixedParameters: 0 0 0

#Transform 28
Transform: AffineTransform_float_3_3
Parameters: 1 0.000620942 8.69187e-05 -0.000620465 0.999998 -0.00184806 -8.82246e-05 0.00184795 0.999999 0.000114661 0.236402 -0.392617
FixedParameters: 0 0 0

#Transform 29
Transform: AffineTransform_float_3_3
Parameters: 1 0.000325341 0.000133709 -0.000325259 1 -0.000306043 -0.000133908 0.000305956 1 0.0142768 0.00464021 -0.407321
FixedParameters: 0 0 0

#Transform 30
Transform: AffineTransform_float_3_3
Parameters: 1 0.000832863 -0.000434098 -0.000833251 0.999998 -0.00176562 0.000431991 0.00176538 0.999999 0.0208337 0.134321 -0.500903
FixedParameters: 0 0 0

#Transform 31
Transform: AffineTransform_float_3_3
Parameters: 1 0.000272292 -0.000442099 -0.000271927 0.999999 -0.000705856 0.000441562 0.000705143 0.999999 0.0209777 0.059329 -0.503938
FixedParameters: 0 0 0

#Transform 32
Transform: AffineTransform_float_3_3
Parameters: 1 0.00057315 -0.000911423 -0.000574614 0.999999 -0.00142948 0.000910617 0.00143052 0.999998 0.0139627 0.133512 -0.624875
FixedParameters: 0 0 0

#Transform 33
Transform: AffineTransform_float_3_3
Parameters: 0.999999 0.000110097 -0.000779313 -0.000111127 0.999999 -0.00129589 0.000778873 0.00129511 0.999999 0.0116565 0.0855706 -0.441748
FixedParameters: 0 0 0

#Transform 34
Transform: AffineTransform_float_3_3
Parameters: 0.999999 0.000334221 -0.000782931 -0.00033526 0.999999 -0.00129571 0.000781911 0.00129529 0.999999 0.0163774 0.101353 -0.475468
FixedParameters: 0 0 0

#Transform 35
Transform: AffineTransform_float_3_3
Parameters: 0.999999 0.000493763 -0.000662977 -0.000495036 1 -0.00107567 0.000662902 0.00107633 0.999999 0.0141012 0.137597 -0.468715
FixedParameters: 0 0 0

#Transform 36
Transform: AffineTransform_float_3_3
Parameters: 0.999999 0.000396653 -0.000675217 -0.00039825 0.999999 -0.00118373 0.000674276 0.00118427 0.999999 0.0189998 0.0112063 -0.602266
FixedParameters: 0 0 0

#Transform 37
Transform: AffineTransform_float_3_3
Parameters: 1 0.000340804 5.75999e-05 -0.000340825 1 0.00018298 -5.74752e-05 -0.00018302 1 -0.00434303 0.187981 -0.622613
FixedParameters: 0 0 0

#Transform 38
Transform: AffineTransform_float_3_3
Parameters: 1 0.000166176 -0.000422481 -0.000166491 1 -0.00037293 0.000422357 0.00037307 1 0.0212311 -0.0250459 -0.684453
FixedParameters: 0 0 0

#Transform 39
Transform: AffineTransform_float_3_3
Parameters: 1 0.000188316 -0.000279262 -0.000188717 0.999999 -0.000718924 0.000278991 0.000718076 1 0.00567449 0.143142 -0.65107
FixedParameters: 0 0 0

#Transform 40
Transform: AffineTransform_float_3_3
Parameters: 1 0.000296817 -0.000296361 -0.000297626 0.999999 -0.00136789 0.000295548 0.00136711 0.999999 0.00148264 0.140009 -0.714282
FixedParameters: 0 0 0

#Transform 41
Transform: AffineTransform_float_3_3
Parameters: 1 -1.91829e-05 -7.79809e-05 1.913e-05 1 -0.000339001 7.79939e-05 0.000338998 1 0.0126739 0.0507969 -0.668069
FixedParameters: 0 0 0

#Transform 42
Transform: AffineTransform_float_3_3
Parameters: 1 0.000188261 -0.000279299 -0.000188772 0.999999 -0.000915923 0.000278953 0.000915075 0.999999 0.00457535 0.137618 -0.718795
FixedParameters: 0 0 0

#Transform 43
Transform: AffineTransform_float_3_3
Parameters: 1 -0.00015639 -0.000225723 0.000156359 1 -6.90353e-05 0.000225745 6.89647e-05 1 0.0166218 0.000855007 -0.764931
FixedParameters: 0 0 0

#Transform 44
Transform: AffineTransform_float_3_3
Parameters: 1 0.000157221 -0.000479815 -0.0001577 1 -0.000499924 0.000479658 0.000500075 1 0.00830651 0.186643 -0.749156
FixedParameters: 0 0 0

#Transform 45
Transform: AffineTransform_float_3_3
Parameters: 1 -0.000133719 0.000299965 0.000133642 1 0.00012904 -0.0003 -0.00012896 1 0.0150716 0.00860778 -0.744826
FixedParameters: 0 0 0

#Transform 46
Transform: AffineTransform_float_3_3
Parameters: 1 -0.000329228 3.69536e-05 0.000329262 1 -0.000456988 -3.66526e-05 0.000457012 1 0.00998326 0.189343 -0.723087
FixedParameters: 0 0 0

#Transform 47
Transform: AffineTransform_float_3_3
Parameters: 0.999999 -0.00072988 0.000109216 0.000729662 0.999999 0.000990929 -0.000110662 -0.00099107 0.999999 0.0249451 -0.0269545 -0.832076
FixedParameters: 0 0 0

#Transform 48
Transform: AffineTransform_float_3_3
Parameters: 1 -0.00034688 -7.66562e-05 0.000346797 1 -0.000539026 7.70301e-05 0.000538973 1 0.00613499 0.222195 -0.723537
FixedParameters: 0 0 0

#Transform 49
Transform: AffineTransform_float_3_3
Parameters: 1 -0.000390764 -0.000360444 0.000390727 1 -5.21408e-05 0.000360485 5.18591e-05 1 0.0213915 0.0153238 -0.623824
FixedParameters: 0 0 0

#Transform 50
Transform: AffineTransform_float_3_3
Parameters: 1 -0.000368923 -0.000219057 0.000368815 1 -0.000246081 0.000219239 0.000245919 1 0.0140239 0.226746 -0.677709
FixedParameters: 0 0 0

#Transform 51
Transform: AffineTransform_float_3_3
Parameters: 1 -0.000268003 4.67286e-05 0.000267911 1 -0.000653987 -4.73663e-05 0.000654012 1 0.017606 0.0192749 -0.690137
FixedParameters: 0 0 0

#Transform 52
Transform: AffineTransform_float_3_3
Parameters: 1 -0.000326331 5.56255e-05 0.000326346 1 -0.000140982 -5.55334e-05 0.000141018 1 0.0120549 0.217106 -0.628322
FixedParameters: 0 0 0

#Transform 53
Transform: AffineTransform_float_3_3
Parameters: 1 -0.000461753 7.63713e-05 0.000461698 1 0.000362035 -7.67056e-05 -0.000361965 1 0.0186875 -0.000856284 -0.711805
FixedParameters: 0 0 0

#Transform 54
Transform: AffineTransform_float_3_3
Parameters: 1 -0.000125895 0.000154089 0.000125926 1 -9.89806e-05 -0.000154064 9.90194e-05 1 -0.00163702 0.239054 -0.709308
FixedParameters: 0 0 0

#Transform 55
Transform: AffineTransform_float_3_3
Parameters: 1 -0.000326355 5.54819e-05 0.000326322 1 0.000299018 -5.5677e-05 -0.000298982 1 0.0265625 0.00485515 -0.729871
FixedParameters: 0 0 0

#Transform 56
Transform: AffineTransform_float_3_3
Parameters: 1 -0.000275322 0.00038559 0.000275161 1 0.000209129 -0.000385705 -0.00020987 1 -0.00912255 0.237074 -0.811132
FixedParameters: 0 0 0

#Transform 57
Transform: AffineTransform_float_3_3
Parameters: 0.999999 -0.000663871 0.000354085 0.00066338 1 0.000909084 -0.000354303 -0.000908916 0.999999 0.00969205 -0.00670288 -0.798904
FixedParameters: 0 0 0

#Transform 58
Transform: AffineTransform_float_3_3
Parameters: 1 -0.000235548 -0.000213368 0.000235318 1 -0.00054005 0.000213622 0.00053995 1 0.00282027 0.124974 -0.799871
FixedParameters: 0 0 0

#Transform 59
Transform: AffineTransform_float_3_3
Parameters: 1 -0.000326464 5.47531e-05 0.000326366 1 -0.000495982 -5.54176e-05 0.000496018 1 0.0122272 0.1339 -0.688755
FixedParameters: 0 0 0

#Transform 60
Transform: AffineTransform_float_3_3
Parameters: 1 -0.000319672 9.83616e-05 0.000319848 0.999999 -0.000901968 -9.77848e-05 0.000902031 0.999999 0.00848335 0.133534 -0.725171
FixedParameters: 0 0 0

#Transform 61
Transform: AffineTransform_float_3_3
Parameters: 1 -0.000243944 0.000123074 0.000244081 1 -0.00117497 -0.000123489 0.00117503 1 0.00714642 0.129354 -0.695487
FixedParameters: 0 0 0

#Transform 62
Transform: AffineTransform_float_3_3
Parameters: 1 -0.000304437 0.000196934 0.000304486 1 -0.00012294 -0.000196859 0.00012306 1 0.00841831 0.0884596 -0.775854
FixedParameters: 0 0 0

#Transform 63
Transform: AffineTransform_float_3_3
Parameters: 1 -0.000294691 0.000259305 0.000294956 1 -0.000509923 -0.000259004 0.000510076 1 -0.00258516 0.13724 -0.751609
FixedParameters: 0 0 0

#Transform 64
Transform: AffineTransform_float_3_3
Parameters: 1 -0.000612255 0.000123712 0.000612335 1 -0.000944076 -0.000123544 0.000943925 0.999999 0.00586132 0.0777573 -0.905698
FixedParameters: 0 0 0

#Transform 65
Transform: AffineTransform_float_3_3
Parameters: 0.999999 -0.000757203 -0.000278087 0.000756974 0.999998 -0.00190721 0.000279833 0.00190679 0.999998 -0.00848316 0.14772 -0.879391
FixedParameters: 0 0 0

#Transform 66
Transform: AffineTransform_float_3_3
Parameters: 1 -0.000571571 -8.87894e-05 0.000572143 0.999998 -0.00147605 8.93363e-05 0.00147595 0.999999 -0.00901998 0.145058 -0.850087
FixedParameters: 0 0 0

#Transform 67
Transform: AffineTransform_float_3_3
Parameters: 1 -0.000498498 0.000133017 0.000498595 1 -0.000365934 -0.000132652 0.000366066 1 -0.0104678 0.137516 -0.785933
FixedParameters: 0 0 0

#Transform 68
Transform: AffineTransform_float_3_3
Parameters: 1 -0.000447562 0.000167694 0.00044774 1 -0.000531925 -0.000167217 0.000532075 1 -0.00884996 0.116657 -0.782829
FixedParameters: 0 0 0

#Transform 69
Transform: AffineTransform_float_3_3
Parameters: 1 -0.000328009 4.47975e-05 0.000328034 1 -0.000269985 -4.46204e-05 0.000270015 1 -0.00186631 0.134651 -0.791529
FixedParameters: 0 0 0

#Transform 70
Transform: AffineTransform_float_3_3
Parameters: 1 -0.000503858 0.000267613 0.000504235 0.999999 -0.000704865 -0.000266902 0.000705134 0.999999 -0.00781863 0.112813 -0.778504
FixedParameters: 0 0 0

#Transform 71
Transform: AffineTransform_float_3_3
Parameters: 0.999999 -0.000882567 0.000240759 0.000882516 0.999999 0.000105212 -0.000240944 -0.000104787 1 -0.0172213 0.12604 -0.773699
FixedParameters: 0 0 0

#Transform 72
Transform: AffineTransform_float_3_3
Parameters: 0.999999 -0.000868741 0.000329874 0.000868651 0.999999 -9.47135e-05 -0.000330698 9.52873e-05 1 -0.0168582 0.147919 -0.717113
FixedParameters: 0 0 0

#Transform 73
Transform: AffineTransform_float_3_3
Parameters: 0.999999 -0.000877417 0.000273707 0.000877569 0.999999 -0.00027776 -0.000273219 0.00027824 1 -0.0163556 0.146141 -0.731018
FixedParameters: 0 0 0

#Transform 74
Transform: AffineTransform_float_3_3
Parameters: 0.999999 -0.000770542 0.000343077 0.000770673 0.999999 -0.000191736 -0.000342781 0.000192264 1 -0.00772116 0.167138 -0.712623
FixedParameters: 0 0 0

#Transform 75
Transform: AffineTransform_float_3_3
Parameters: 0.999999 -0.000877222 0.000275326 0.000877151 0.999999 0.000129242 -0.000275553 -0.000128758 1 -0.0156818 0.163959 -0.685356
FixedParameters: 0 0 0

#Transform 76
Transform: AffineTransform_float_3_3
Parameters: 0.999999 -0.000923234 -2.20669e-05 0.00092339 0.999999 5.39796e-05 2.29555e-05 -5.40212e-05 1 0.000144286 0.151803 -0.694842
FixedParameters: 0 0 0

#Transform 77
Transform: AffineTransform_float_3_3
Parameters: 0.999999 -0.000842558 -8.914e-05 0.000842555 0.999999 -1.20985e-05 8.9161e-05 1.29015e-05 1 0.00602962 0.137483 -0.714883
FixedParameters: 0 0 0

#Transform 78
Transform: AffineTransform_float_3_3
Parameters: 1 -0.000943393 -0.000152698 0.000943469 0.999999 0.000248833 0.000152229 -0.000248167 1 0.00153166 0.149747 -0.742974
FixedParameters: 0 0 0

#Transform 79
Transform: AffineTransform_float_3_3
Parameters: 0.999999 -0.000924148 -2.81146e-05 0.000924159 0.999999 0.000181951 2.77792e-05 -0.000181049 1 0.00617842 0.112323 -0.674843
FixedParameters: 0 0 0

#Transform 80
Transform: AffineTransform_float_3_3
Parameters: 0.999999 0.000384362 -0.000764647 -0.000385967 0.999999 -0.00169671 0.000763187 0.0016973 0.999999 0.00140496 0.153072 -0.469417
FixedParameters: 0 0 0

#Transform 81
Transform: AffineTransform_float_3_3
Parameters: 1 0.000451396 -0.000336771 -0.000452256 0.999998 -0.00150482 0.000336399 0.00150417 0.999999 0.0150106 0.203281 -0.561939
FixedParameters: 0 0 0

#Transform 82
Transform: AffineTransform_float_3_3
Parameters: 0.999999 0.000128365 -0.00078714 -0.00012888 0.999999 -0.000954747 0.000786742 0.000955252 0.999999 -0.0005836 0.192702 -0.588804
FixedParameters: 0 0 0

#Transform 83
Transform: AffineTransform_float_3_3
Parameters: 1 0.000130437 -0.000540487 -0.000131302 0.999999 -0.000800929 0.000540277 0.00080107 0.999999 -0.00385636 0.148992 -0.637909
FixedParameters: 0 0 0

#Transform 84
Transform: AffineTransform_float_3_3
Parameters: 1 -2.66202e-05 -0.000262023 2.61799e-05 0.999999 -0.000840006 0.000262068 0.000839992 0.999999 -0.0109421 0.128743 -0.67234
FixedParameters: 0 0 0

#Transform 85
Transform: AffineTransform_float_3_3
Parameters: 1 -2.66097e-05 -0.000262025 2.61904e-05 0.999999 -0.000800006 0.000262067 0.000799993 0.999999 -0.0109417 0.142364 -0.675397
FixedParameters: 0 0 0

#Transform 86
Transform: AffineTransform_float_3_3
Parameters: 1 -2.64053e-05 -0.000262045 2.63948e-05 1 -2.00069e-05 0.000262046 1.99931e-05 1 -0.0136662 0.125738 -0.690659
FixedParameters: 0 0 0

#Transform 87
Transform: AffineTransform_float_3_3
Parameters: 1 -2.65617e-05 -0.000262029 2.62384e-05 1 -0.000617007 0.000262062 0.000616993 1 -0.0133643 0.163356 -0.682846
FixedParameters: 0 0 0

#Transform 88
Transform: AffineTransform_float_3_3
Parameters: 1 1.19962e-05 -1.40033e-05 -1.20025e-05 1 -0.000227 1.39978e-05 0.000227 1 -0.0102996 0.152796 -0.664822
FixedParameters: 0 0 0

#Transform 89
Transform: AffineTransform_float_3_3
Parameters: 1 4.3405e-06 -6.34126e-05 -4.35965e-06 1 -0.000151 6.34113e-05 0.000151 1 -0.00332667 0.176589 -0.673042
FixedParameters: 0 0 0

#Transform 90
Transform: AffineTransform_float_3_3
Parameters: 1 7.96738e-05 -9.32796e-05 -7.96589e-05 1 8.00074e-05 9.32923e-05 -7.99926e-05 1 0.000379993 0.156812 -0.675302
FixedParameters: 0 0 0

#Transform 91
Transform: AffineTransform_float_3_3
Parameters: 1 1.56699e-05 9.7188e-06 -1.56722e-05 1 0.000119 -9.71507e-06 -0.000119 1 -0.00864274 0.14699 -0.66099
FixedParameters: 0 0 0

#Transform 92
Transform: AffineTransform_float_3_3
Parameters: 1 1.85839e-05 2.84893e-05 -1.85716e-05 1 -0.000215001 -2.84973e-05 0.000214999 1 -0.0161444 0.181799 -0.618938
FixedParameters: 0 0 0

#Transform 93
Transform: AffineTransform_float_3_3
Parameters: 1 1.15373e-05 -1.69674e-05 -1.15435e-05 1 -0.000185 1.69631e-05 0.000185 1 -0.00149331 0.155235 -0.64749
FixedParameters: 0 0 0

#Transform 94
Transform: AffineTransform_float_3_3
Parameters: 1 -0.000198356 0.000432935 0.000199981 0.999998 -0.00187791 -0.000432187 0.00187809 0.999998 -0.0080085 0.207316 -0.657731
FixedParameters: 0 0 0

#Transform 95
Transform: AffineTransform_float_3_3
Parameters: 1 0.000159346 0.000360796 -0.000159816 0.999999 -0.000719057 -0.000360872 0.000718942 0.999999 0.015009 0.19993 -0.480063
FixedParameters: 0 0 0

#Transform 96
Transform: AffineTransform_float_3_3
Parameters: 1 0.00023423 0.000333905 -0.000233518 1 -0.00106508 -0.000334403 0.00106492 1 -0.00495175 0.1625 -0.582853
FixedParameters: 0 0 0

#Transform 97
Transform: AffineTransform_float_3_3
Parameters: 1 0.000474215 -3.52144e-05 -0.000474252 0.999999 -0.000530983 3.47108e-05 0.000531016 1 -0.00559442 0.137466 -0.540988
FixedParameters: 0 0 0

#Transform 98
Transform: AffineTransform_float_3_3
Parameters: 1 0.000525655 -0.000114366 -0.00052591 0.999999 -0.00111994 0.000113188 0.00112006 1 -0.00680824 0.202227 -0.594771
FixedParameters: 0 0 0

#Transform 99
Transform: AffineTransform_float_3_3
Parameters: 1 0.000497652 -0.000293394 -0.00049838 0.999998 -0.00150283 0.000292886 0.00150217 0.999999 -0.00490424 0.174079 -0.647613
FixedParameters: 0 0 0

#Transform 100
Transform: AffineTransform_float_3_3
Parameters: 1 8.59565e-05 -4.58201e-05 -8.60863e-05 0.999999 -0.00142 4.55758e-05 0.00142 0.999999 -0.000581401 0.17507 -0.640993
FixedParameters: 0 0 0

#Transform 101
Transform: AffineTransform_float_3_3
Parameters: 1 2.14491e-05 -0.000459788 -2.14037e-05 1 -0.00102597 0.000459591 0.00102503 1 7.45292e-05 0.16705 -0.666398
FixedParameters: 0 0 0

#Transform 102
Transform: AffineTransform_float_3_3
Parameters: 1 -0.000137929 -0.00046226 0.000136795 0.999999 -0.00122706 0.000462597 0.00122694 0.999999 -0.00936501 0.171471 -0.653027
FixedParameters: 0 0 0

#Transform 103
Transform: AffineTransform_float_3_3
Parameters: 1 -0.000203911 -0.0004823 0.000202532 0.999999 -0.0014281 0.00048288 0.0014279 0.999999 -0.0071382 0.166834 -0.584004
FixedParameters: 0 0 0

#Transform 104
Transform: AffineTransform_float_3_3
Parameters: 1 2.22942e-05 -0.000454844 -2.20881e-05 0.999999 -0.000859989 0.000454652 0.000860009 0.999999 0.00451426 0.11237 -0.452017
FixedParameters: 0 0 0

#Transform 105
Transform: AffineTransform_float_3_3
Parameters: 1 2.22654e-05 -0.000454845 -2.21167e-05 0.999999 -0.000922839 0.000454652 0.000923161 1 0.00454781 0.213341 -0.507558
FixedParameters: 0 0 0

#Transform 106
Transform: AffineTransform_float_3_3
Parameters: 1 -0.000158444 -0.00030113 0.000158477 0.999998 -0.00158505 0.00030148 0.00158495 0.999998 -0.0153499 0.212269 -0.556759
FixedParameters: 0 0 0

#Transform 107
Transform: AffineTransform_float_3_3
Parameters: 1 -0.000114208 -6.42376e-05 0.00011415 1 -0.000450007 6.43403e-05 0.000449993 1 -0.00924379 0.182241 -0.456513
FixedParameters: 0 0 0

#Transform 108
Transform: AffineTransform_float_3_3
Parameters: 1 -0.000212402 8.55477e-05 0.000212437 1 -0.000206982 -8.54597e-05 0.000207018 1 0.00340737 0.1499 -0.461915
FixedParameters: 0 0 0

#Transform 109
Transform: AffineTransform_float_3_3
Parameters: 1 -0.000353858 -0.000175049 0.000353993 1 0.000383938 0.000174777 -0.000384062 1 0.00793621 0.155091 -0.548175
FixedParameters: 0 0 0

#Transform 110
Transform: AffineTransform_float_3_3
Parameters: 0.999999 -0.00079679 0.000303332 0.000797417 0.999999 -0.00103576 -0.000301681 0.00103624 1 -0.00626854 0.233406 -0.494289
FixedParameters: 0 0 0

#Transform 111
Transform: AffineTransform_float_3_3
Parameters: 1 -0.000447272 0.000248347 0.00044727 1 5.13448e-06 -0.000248352 -5.86551e-06 1 -0.00426212 0.142536 -0.507237
FixedParameters: 0 0 0

#Transform 112
Transform: AffineTransform_float_3_3
Parameters: 1 -0.000373394 -0.000150761 0.00037349 1 0.000319944 0.000150522 -0.000320056 1 0.000455295 0.172736 -0.52759
FixedParameters: 0 0 0

#Transform 113
Transform: AffineTransform_float_3_3
Parameters: 1 -0.000202036 -0.000108233 0.000202868 0.999999 -0.000721022 0.000108372 0.000720978 0.999999 0.000253916 0.19108 -0.456766
FixedParameters: 0 0 0

#Transform 114
Transform: AffineTransform_float_3_3
Parameters: 1 -0.000365951 0.000152741 0.000365917 1 0.000110056 -0.000152821 -0.000109944 1 -0.000428062 0.1865 -0.317486
FixedParameters: 0 0 0

#Transform 115
Transform: AffineTransform_float_3_3
Parameters: 1 -0.00036595 0.000158989 0.000366059 1 -0.000342942 -0.000158738 0.000343058 1 -0.00779467 0.152931 -0.426387
FixedParameters: 0 0 0

#Transform 116
Transform: AffineTransform_float_3_3
Parameters: 1 -0.00042843 0.000245556 0.000428559 1 -0.000262895 -0.00024533 0.000263105 1 -0.00611295 0.222736 -0.395345
FixedParameters: 0 0 0

#Transform 117
Transform: AffineTransform_float_3_3
Parameters: 1 -0.000219171 0.000479232 0.000219374 1 -0.000210895 -0.00047914 0.000211105 1 -0.00512482 0.194677 -0.383352
FixedParameters: 0 0 0

#Transform 118
Transform: AffineTransform_float_3_3
Parameters: 1 -0.000346848 0.000334988 0.000346816 1 4.71162e-05 -0.00033502 -4.68838e-05 1 0.00224704 0.174424 -0.378772
FixedParameters: 0 0 0

#Transform 119
Transform: AffineTransform_float_3_3
Parameters: 1 -0.00037688 0.000330532 0.000376855 1 3.71246e-05 -0.00033056 -3.68754e-05 1 -0.00629333 0.158279 -0.401928
FixedParameters: 0 0 0

#Transform 120
Transform: AffineTransform_float_3_3
Parameters: 1 -0.000304326 0.000322288 0.000304209 1 0.000182098 -0.000322398 -0.000181902 1 -0.00468856 0.172635 -0.366169
FixedParameters: 0 0 0

#Transform 121
Transform: AffineTransform_float_3_3
Parameters: 1 -0.000377884 0.000318334 0.000377546 1 0.00053012 -0.000318735 -0.000529879 1 0.000844601 0.175725 -0.323604
FixedParameters: 0 0 0

#Transform 122
Transform: AffineTransform_float_3_3
Parameters: 1 -0.000281108 0.00030332 0.000280629 0.999999 0.000789085 -0.000303763 -0.000788914 0.999999 -0.00388975 0.182617 -0.304308
FixedParameters: 0 0 0

#Transform 123
Transform: AffineTransform_float_3_3
Parameters: 1 -0.000261075 0.000629189 0.000261503 1 0.000445164 -0.000629575 -0.000444836 0.999999 -0.00793274 0.158238 -0.339385
FixedParameters: 0 0 0

#Transform 124
Transform: AffineTransform_float_3_3
Parameters: 1 -0.000159042 0.000333158 0.000158739 1 0.000454053 -0.000333303 -0.000453947 1 -0.0050305 0.221158 -0.290441
FixedParameters: 0 0 0

#Transform 125
Transform: AffineTransform_float_3_3
Parameters: 0.999999 -0.000779287 0.000417272 0.000779427 0.999999 -0.000167651 -0.000417011 0.000167348 1 -0.0158729 0.172612 -0.396229
FixedParameters: 0 0 0

#Transform 126
Transform: AffineTransform_float_3_3
Parameters: 1 -0.000529749 6.20852e-05 0.000529821 0.999999 -0.000581967 -6.14685e-05 0.000582032 1 -0.00575659 0.214243 -0.296621
FixedParameters: 0 0 0

#Transform 127
Transform: AffineTransform_float_3_3
Parameters: 1 -0.000505086 0.000261788 0.000504691 1 0.00104813 -0.000261858 -0.00104787 1 -0.000990717 0.157623 -0.285159
FixedParameters: 0 0 0

#Transform 128
Transform: AffineTransform_float_3_3
Parameters: 1 -0.000299652 0.000136451 0.000299654 1 -7.95911e-06 -0.000136446 8.04089e-06 1 -0.0134666 0.207417 -0.254301
FixedParameters: 0 0 0

#Transform 129
Transform: AffineTransform_float_3_3
Parameters: 1 -0.000251423 0.000147958 0.00025214 0.999999 0.000915037 -0.000148572 -0.000914962 0.999999 -0.00446292 0.175249 -0.15362
FixedParameters: 0 0 0

#Transform 130
Transform: AffineTransform_float_3_3
Parameters: 1 -0.00033832 0.000161507 0.000339171 1 0.000424055 -0.000161947 -0.000423945 1 0.00150493 0.189638 -0.186357
FixedParameters: 0 0 0

#Transform 131
Transform: AffineTransform_float_3_3
Parameters: 1 -0.000350214 0.000163263 0.000350006 0.999999 0.000637057 -0.000163709 -0.000636942 1 -0.0137133 0.230133 -0.213721
FixedParameters: 0 0 0

#Transform 132
Transform: AffineTransform_float_3_3
Parameters: 1 -0.000423485 0.00017421 0.000423146 0.999999 0.00141207 -0.000174417 -0.00141193 0.999999 -0.00316152 0.187545 -0.254519
FixedParameters: 0 0 0

#Transform 133
Transform: AffineTransform_float_3_3
Parameters: 1 -0.000272154 0.000151196 0.000271926 0.999999 0.000752041 -0.000151605 -0.000751958 0.999999 0.00133562 0.174856 -0.237424
FixedParameters: 0 0 0

#Transform 134
Transform: AffineTransform_float_3_3
Parameters: 1 -0.000537286 -2.67681e-05 0.000537505 0.999999 0.00123396 2.64306e-05 -0.00123304 0.999999 0.00805194 0.144282 -0.192368
FixedParameters: 0 0 0

#Transform 135
Transform: AffineTransform_float_3_3
Parameters: 1 -0.000532052 0.000191336 0.000531836 0.999999 0.000563102 -0.000191935 -0.000562898 1 0.000965062 0.159739 -0.190227
FixedParameters: 0 0 0

#Transform 136
Transform: AffineTransform_float_3_3
Parameters: 1 -0.000265878 4.08663e-05 0.000265789 1 0.00107901 -4.144e-05 -0.00107899 1 0.0123137 0.193921 -0.161709
FixedParameters: 0 0 0

#Transform 137
Transform: AffineTransform_float_3_3
Parameters: 1 -0.000262183 -0.000237938 0.000262863 1 0.00110794 0.000238344 -0.00110806 1 -0.00559046 0.256996 -0.135664
FixedParameters: 0 0 0

#Transform 138
Transform: AffineTransform_float_3_3
Parameters: 1 -5.6789e-05 -0.000335261 5.71236e-05 1 0.000498981 0.000335204 -0.000499019 1 -0.00589271 0.149698 -0.207397
FixedParameters: 0 0 0

#Transform 139
Transform: AffineTransform_float_3_3
Parameters: 1 3.32465e-05 -0.000105341 -3.33087e-05 1 -0.000294996 0.000105321 0.000295003 1 -0.0100887 0.27991 -0.230775
FixedParameters: 0 0 0

#Transform 140
Transform: AffineTransform_float_3_3
Parameters: 1 0.000475805 4.62534e-05 -0.000475704 1 -0.00107902 -4.72801e-05 0.00107898 1 -0.00852389 0.105367 -0.177532
FixedParameters: 0 0 0

#Transform 141
Transform: AffineTransform_float_3_3
Parameters: 0.999998 0.00130147 -0.00110182 -0.00130355 0.999996 -0.00257054 0.00109862 0.00257246 0.999996 0.0137163 0.248824 -0.194392
FixedParameters: 0 0 0

#Transform 142
Transform: AffineTransform_float_3_3
Parameters: 1 0.000489084 -0.00102789 -0.000490059 0.999998 -0.00151047 0.00102709 0.00151053 0.999998 0.0032721 0.196518 -0.222171
FixedParameters: 0 0 0

#Transform 143
Transform: AffineTransform_float_3_3
Parameters: 0.999999 0.000361664 -0.000821578 -0.000362637 0.999999 -0.0011937 0.00082056 0.0011943 0.999999 -0.000258113 0.183995 -0.178289
FixedParameters: 0 0 0

#Transform 144
Transform: AffineTransform_float_3_3
Parameters: 1 -4.04461e-05 -0.000402572 3.96844e-05 0.999999 -0.000945865 0.000402648 0.000946135 1 -0.0073406 0.185115 -0.160177
FixedParameters: 0 0 0

#Transform 145
Transform: AffineTransform_float_3_3
Parameters: 1 -4.03318e-05 -0.000402583 3.97987e-05 1 -0.000662016 0.000402636 0.000661983 0.999999 -0.0139568 0.198008 -0.19333
FixedParameters: 0 0 0

#Transform 146
Transform: AffineTransform_float_3_3
Parameters: 1 0.000223454 -0.000443627 -0.000223977 0.999999 -0.0007619 0.000444275 0.000762099 0.999999 -0.00235789 0.162017 -0.185384
FixedParameters: 0 0 0

#Transform 147
Transform: AffineTransform_float_3_3
Parameters: 1 0.000300281 0.000115205 -0.000301094 0.999999 -0.000762034 -0.00011551 0.000761965 0.999999 -0.00335236 0.22309 -0.157382
FixedParameters: 0 0 0

#Transform 148
Transform: AffineTransform_float_3_3
Parameters: 1 0.000366206 -2.0346e-05 -0.000366215 1 -0.000224993 2.01812e-05 0.000225007 1 0.00272423 0.162439 -0.195297
FixedParameters: 0 0 0

#Transform 149
Transform: AffineTransform_float_3_3
Parameters: 1 0.000887709 -0.000546545 -0.000887902 1 -0.000316643 0.000546971 0.000316358 1 0.00854647 0.222542 -0.187875
FixedParameters: 0 0 0

#Transform 150
Transform: AffineTransform_float_3_3
Parameters: 0.999999 0.00084522 -0.000539947 -0.000845401 0.999999 -0.00030952 0.000540412 0.00030948 1 -0.0017492 0.207872 -0.283895
FixedParameters: 0 0 0

#Transform 151
Transform: AffineTransform_float_3_3
Parameters: 0.999999 0.000910259 -0.000120801 -0.0009104 0.999999 -0.00122289 0.000119563 0.00122311 0.999999 -0.0230416 0.265026 -0.298079
FixedParameters: 0 0 0

#Transform 152
Transform: AffineTransform_float_3_3
Parameters: 0.999999 0.000910316 -0.000120372 -0.000910344 1 -0.000751042 0.000119993 0.000750958 0.999999 -0.0199235 0.159366 -0.284281
FixedParameters: 0 0 0

#Transform 153
Transform: AffineTransform_float_3_3
Parameters: 1 0.000391693 -0.000240171 -0.00039118 1 -0.000991057 0.000239242 0.000990943 0.999999 -0.0238251 0.18331 -0.275402
FixedParameters: 0 0 0

#Transform 154
Transform: AffineTransform_float_3_3
Parameters: 0.999999 0.000684011 -0.000572211 -0.000685102 0.999999 -0.00108761 0.000571709 0.00108839 0.999999 -0.0131603 0.200299 -0.169947
FixedParameters: 0 0 0

#Transform 155
Transform: AffineTransform_float_3_3
Parameters: 0.999999 0.00103911 -0.000878497 -0.00104075 0.999999 -0.00102106 0.000877361 0.00102194 0.999999 -0.00800137 0.179117 -0.246543
FixedParameters: 0 0 0

#Transform 156
Transform: AffineTransform_float_3_3
Parameters: 1 0.000949268 -0.000711568 -0.000950644 0.999998 -0.00187732 0.000709823 0.00187867 0.999998 -0.0196336 0.253969 -0.383218
FixedParameters: 0 0 0

#Transform 157
Transform: AffineTransform_float_3_3
Parameters: 1 0.000846532 -0.000592186 -0.000847567 0.999998 -0.00184048 0.000589903 0.00184052 0.999998 -0.024872 0.182743 -0.29296
FixedParameters: 0 0 0

#Transform 158
Transform: AffineTransform_float_3_3
Parameters: 0.999999 0.000556008 -0.000821527 -0.0005568 0.999999 -0.00117654 0.000821052 0.00117746 0.999999 -0.0117485 0.232109 -0.263875
FixedParameters: 0 0 0

#Transform 159
Transform: AffineTransform_float_3_3
Parameters: 1 0.000346303 -0.000532521 -0.000346001 0.999999 -0.000644815 0.000531922 0.000645184 0.999999 -0.00909507 0.17898 -0.287099
FixedParameters: 0 0 0

#Transform 160
Transform: AffineTransform_float_3_3
Parameters: 1 0.000411045 -0.000537761 -0.000411106 1 -0.00111778 0.000537677 0.00111822 0.999999 -0.0185858 0.221005 -0.261341
FixedParameters: 0 0 0

#Transform 161
Transform: AffineTransform_float_3_3
Parameters: 0.999999 0.000718438 -0.000337963 -0.000719237 0.999998 -0.00140976 0.000336924 0.00141024 0.999999 -0.017421 0.236474 -0.278901
FixedParameters: 0 0 0

#Transform 162
Transform: AffineTransform_float_3_3
Parameters: 1 0.000384656 -0.000285561 -0.000384141 0.999999 -0.00083089 0.000284769 0.000831109 0.999999 -0.0226383 0.17154 -0.282273
FixedParameters: 0 0 0

#Transform 163
Transform: AffineTransform_float_3_3
Parameters: 1 0.000384714 -0.000285482 -0.000384084 0.999999 -0.00062789 0.000284847 0.000628109 1 -0.0225983 0.250027 -0.299062
FixedParameters: 0 0 0

#Transform 164
Transform: AffineTransform_float_3_3
Parameters: 0.999999 0.000749375 -0.000342074 -0.000749722 0.999999 -0.00050872 0.000341312 0.000508279 1 -0.0361817 0.192975 -0.326781
FixedParameters: 0 0 0

#Transform 165
Transform: AffineTransform_float_3_3
Parameters: 0.999999 0.000944768 -0.000373124 -0.000945514 0.999999 -0.00120665 0.000371831 0.00120735 0.999999 -0.0251912 0.19937 -0.273758
FixedParameters: 0 0 0

#Transform 166
Transform: AffineTransform_float_3_3
Parameters: 0.999999 0.000737353 -0.000340588 -0.000737875 0.999999 -0.000991726 0.000340114 0.000991275 1 -0.0388485 0.186398 -0.276609
FixedParameters: 0 0 0

#Transform 167
Transform: AffineTransform_float_3_3
Parameters: 0.999999 0.00071254 -0.000336973 -0.000713276 0.999999 -0.00131976 0.000336079 0.00132024 0.999999 -0.0362764 0.165574 -0.321501
FixedParameters: 0 0 0

#Transform 168
Transform: AffineTransform_float_3_3
Parameters: 0.999999 0.0009252 -0.00036956 -0.000925707 1 -0.000687809 0.000368287 0.00068819 0.999999 -0.0390178 0.232064 -0.355797
FixedParameters: 0 0 0

#Transform 169
Transform: AffineTransform_float_3_3
Parameters: 1 0.000916238 -0.000575216 -0.000917557 0.999999 -0.00128047 0.000573855 0.00128153 0.999999 -0.0389615 0.178621 -0.335649
FixedParameters: 0 0 0

#Transform 170
Transform: AffineTransform_float_3_3
Parameters: 0.999999 0.00125038 -0.000419843 -0.00125078 0.999999 -0.000468603 0.000418671 0.000468396 1 -0.034221 0.192837 -0.336575
FixedParameters: 0 0 0

#Transform 171
Transform: AffineTransform_float_3_3
Parameters: 0.999999 0.00128496 -0.000457169 -0.00128563 0.999999 -0.000900564 0.000455841 0.000901435 0.999999 -0.0519499 0.255378 -0.336335
FixedParameters: 0 0 0

#Transform 172
Transform: AffineTransform_float_3_3
Parameters: 0.999999 0.00140373 -0.000422671 -0.00140413 0.999999 -0.000650558 0.000421831 0.000651441 0.999999 -0.0333879 0.151512 -0.326163
FixedParameters: 0 0 0

#Transform 173
Transform: AffineTransform_float_3_3
Parameters: 0.999998 0.00184486 -0.000740461 -0.00184646 0.999998 -0.00129391 0.000737659 0.00129508 0.999999 -0.0467188 0.272718 -0.402134
FixedParameters: 0 0 0

#Transform 174
Transform: AffineTransform_float_3_3
Parameters: 0.999999 0.00164054 -0.000797734 -0.00164126 0.999997 -0.00135482 0.000796097 0.00135618 0.999999 -0.0391377 0.162481 -0.27448
FixedParameters: 0 0 0

#Transform 175
Transform: AffineTransform_float_3_3
Parameters: 0.999999 0.00121591 -0.000159841 -0.0012161 0.999998 -0.00158496 0.000157963 0.00158504 0.999998 -0.0566159 0.206691 -0.344191
FixedParameters: 0 0 0

#Transform 176
Transform: AffineTransform_float_3_3
Parameters: 0.999997 0.00238184 -0.000695294 -0.00238127 0.999997 0.000520204 0.000696778 -0.000517795 0.999999 -0.0608081 0.323236 -0.38896
FixedParameters: 0 0 0

#Transform 177
Transform: AffineTransform_float_3_3
Parameters: 0.999997 0.00240325 -0.000546151 -0.0024053 0.999993 -0.00287015 0.000539263 0.00287185 0.999996 -0.0268373 0.17258 -0.392124
FixedParameters: 0 0 0

#Transform 178
Transform: AffineTransform_float_3_3
Parameters: 0.999997 0.0023834 -0.000672259 -0.00238599 0.999994 -0.00273184 0.000666144 0.00273317 0.999996 -0.0231839 0.193468 -0.355704
FixedParameters: 0 0 0

#Transform 179
Transform: AffineTransform_float_3_3
Parameters: 0.999996 0.00279607 -0.000682264 -0.00279691 0.999994 -0.0019077 0.000676375 0.00191029 0.999998 -0.036467 0.167026 -0.414262
FixedParameters: 0 0 0

#Transform 180
Transform: AffineTransform_float_3_3
Parameters: 0.999995 0.00312391 -0.000765912 -0.0031255 0.999992 -0.00248935 0.000758101 0.00249165 0.999996 -0.00978125 0.18363 -0.382745
FixedParameters: 0 0 0

#Transform 181
Transform: AffineTransform_float_3_3
Parameters: 0.999997 0.00240544 -0.000532877 -0.00240709 0.999995 -0.00227916 0.000526848 0.00227985 0.999998 -0.0142375 0.197583 -0.362501
FixedParameters: 0 0 0

#Transform 182
Transform: AffineTransform_float_3_3
Parameters: 0.999996 0.00257502 -0.000612545 -0.00257637 0.999992 -0.00280086 0.000604878 0.00280214 0.999996 -0.020722 0.195331 -0.372377
FixedParameters: 0 0 0

#Transform 183
Transform: AffineTransform_float_3_3
Parameters: 0.999995 0.00310703 -0.000698351 -0.00310907 0.99999 -0.00339758 0.000687943 0.00339942 0.999994 -0.0105745 0.189186 -0.401744
FixedParameters: 0 0 0

#Transform 184
Transform: AffineTransform_float_3_3
Parameters: 0.999994 0.00337317 -0.000738327 -0.00337588 0.999991 -0.00278041 0.000728448 0.00278259 0.999996 -0.0132233 0.160361 -0.452694
FixedParameters: 0 0 0

#Transform 185
Transform: AffineTransform_float_3_3
Parameters: 0.999995 0.00325046 -0.000720053 -0.00325336 0.99999 -0.00309941 0.00070977 0.00310159 0.999995 -0.0158852 0.192091 -0.503094
FixedParameters: 0 0 0

#Transform 186
Transform: AffineTransform_float_3_3
Parameters: 0.999995 0.00305397 -0.000579778 -0.00305583 0.999992 -0.002812 0.000571485 0.002814 0.999996 -0.00862792 0.131851 -0.500944
FixedParameters: 0 0 0

#Transform 187
Transform: AffineTransform_float_3_3
Parameters: 0.999995 0.00330877 -0.000646197 -0.00331075 0.999992 -0.00249078 0.000637607 0.00249322 0.999997 -0.0142585 0.174267 -0.514757
FixedParameters: 0 0 0

#Transform 188
Transform: AffineTransform_float_3_3
Parameters: 0.999993 0.00342568 -0.000925956 -0.00342801 0.99999 -0.00254272 0.000917257 0.00254627 0.999996 -0.0104725 0.173874 -0.518988
FixedParameters: 0 0 0

#Transform 189
Transform: AffineTransform_float_3_3
Parameters: 0.999993 0.00340661 -0.00105354 -0.00340958 0.99999 -0.00254228 0.00104494 0.00254571 0.999996 0.00207397 0.140393 -0.473702
FixedParameters: 0 0 0

#Transform 190
Transform: AffineTransform_float_3_3
Parameters: 0.999993 0.00337332 -0.00113277 -0.00337552 0.999993 -0.00181305 0.0011263 0.00181695 0.999998 -0.0149704 0.175538 -0.472782
FixedParameters: 0 0 0

#Transform 191
Transform: AffineTransform_float_3_3
Parameters: 0.999994 0.00347593 -0.00112068 -0.00347844 0.99999 -0.00269198 0.00111152 0.00269602 0.999996 -0.0143995 0.139302 -0.434896
FixedParameters: 0 0 0

#Transform 192
Transform: AffineTransform_float_3_3
Parameters: 0.999994 0.00351327 -0.000884784 -0.00351491 0.999992 -0.00218494 0.00087717 0.00218806 0.999997 -0.00658665 0.185568 -0.435494
FixedParameters: 0 0 0

#Transform 193
Transform: AffineTransform_float_3_3
