#Insight Transform File V1.0
#Transform 0
Transform: AffineTransform_float_3_3
Parameters: 0.999996 -0.00230394 0.00202309 0.00229494 0.999986 0.00481748 -0.00203345 -0.00481252 0.999986 0.0723142 -0.223939 0.0552314
FixedParameters: 0 0 0

#Transform 1
Transform: AffineTransform_float_3_3
Parameters: 0.999996 -0.00211273 0.00197946 0.00210519 0.999989 0.004216 -0.0019883 -0.004212 0.999989 0.0705372 -0.224109 0.0498708
FixedParameters: 0 0 0

#Transform 2
Transform: AffineTransform_float_3_3
Parameters: 0.999996 -0.00219861 0.00184153 0.00219048 0.999986 0.00471787 -0.0018523 -0.00471413 0.999987 0.0700781 -0.194821 0.0261509
FixedParameters: 0 0 0

#Transform 3
Transform: AffineTransform_float_3_3
Parameters: 0.999997 -0.00165116 0.00193462 0.00164291 0.999989 0.00443312 -0.00194226 -0.00442988 0.999988 0.0692232 -0.2385 0.0193354
FixedParameters: 0 0 0

#Transform 4
Transform: AffineTransform_float_3_3
Parameters: 0.999996 -0.00170316 0.00234961 0.00169323 0.999991 0.00401106 -0.00235627 -0.00400694 0.999989 0.074819 -0.171558 0.0117802
FixedParameters: 0 0 0

#Transform 5
Transform: AffineTransform_float_3_3
Parameters: 0.999997 -0.00186516 0.00164083 0.00185794 0.99999 0.00404198 -0.00164756 -0.00403901 0.99999 0.079293 -0.196466 -0.0276017
FixedParameters: 0 0 0

#Transform 6
Transform: AffineTransform_float_3_3
Parameters: 0.999997 -0.0015121 0.00217238 0.00150322 0.999991 0.00406534 -0.00217868 -0.00406266 0.999989 0.121525 -0.243601 -0.0189798
FixedParameters: 0 0 0

#Transform 7
Transform: AffineTransform_float_3_3
Parameters: 0.999998 -0.00130903 0.00144991 0.00130391 0.99999 0.00406993 -0.00145533 -0.00406807 0.999991 0.132229 -0.182279 0.0216078
FixedParameters: 0 0 0

#Transform 8
Transform: AffineTransform_float_3_3
Parameters: 0.999999 -0.00114051 0.000924256 0.00113696 0.999992 0.00385706 -0.000928448 -0.00385495 0.999992 0.0923444 -0.181484 -0.00569655
FixedParameters: 0 0 0

#Transform 9
Transform: AffineTransform_float_3_3
Parameters: 0.999999 -0.00108372 0.000953486 0.00107953 0.999992 0.00400805 -0.000958557 -0.00400695 0.999992 0.0937405 -0.209071 -0.054527
FixedParameters: 0 0 0

#Transform 10
Transform: AffineTransform_float_3_3
Parameters: 0.999998 -0.0012691 0.00144533 0.00126347 0.999992 0.00391374 -0.0014499 -0.00391226 0.999991 0.092556 -0.15404 -0.0780809
FixedParameters: 0 0 0

#Transform 11
Transform: AffineTransform_float_3_3
Parameters: 0.999999 -0.000923419 0.00115213 0.000919505 0.999993 0.00363108 -0.00115535 -0.00362992 0.999993 0.0908828 -0.227868 -0.0725108
FixedParameters: 0 0 0

#Transform 12
Transform: AffineTransform_float_3_3
Parameters: 0.999998 -0.00123593 0.00144173 0.00123115 0.999993 0.00363169 -0.00144535 -0.00363031 0.999992 0.0968803 -0.201564 -0.0615319
FixedParameters: 0 0 0

#Transform 13
Transform: AffineTransform_float_3_3
Parameters: 0.999998 -0.00169205 0.0012366 0.00168737 0.999991 0.00384 -0.00124312 -0.003838 0.999992 0.0893351 -0.174343 -0.0440651
FixedParameters: 0 0 0

#Transform 14
Transform: AffineTransform_float_3_3
Parameters: 0.999998 -0.0017668 0.00107478 0.00176281 0.999991 0.00363181 -0.00108102 -0.00363019 0.999993 0.0946047 -0.242628 -0.0196997
FixedParameters: 0 0 0

#Transform 15
Transform: AffineTransform_float_3_3
Parameters: 0.999999 -0.00138991 0.00103014 0.00138614 0.999995 0.00302534 -0.00103482 -0.00302466 0.999995 0.05688 -0.135524 -0.0627732
FixedParameters: 0 0 0

#Transform 16
Transform: AffineTransform_float_3_3
Parameters: 0.999999 -0.00125271 0.00048322 0.00125173 0.999996 0.0025515 -0.000485764 -0.0025515 0.999996 0.0150094 -0.171888 -0.0229842
FixedParameters: 0 0 0

#Transform 17
Transform: AffineTransform_float_3_3
Parameters: 0.999999 -0.00078001 0.000539244 0.000778462 0.999999 0.0015483 -0.000540664 -0.0015477 0.999998 0.0115007 -0.114689 0.0249294
FixedParameters: 0 0 0

#Transform 18
Transform: AffineTransform_float_3_3
Parameters: 1 -0.000288281 0.000928905 0.000286439 0.999997 0.00212639 -0.000929382 -0.00212561 0.999998 0.0266647 -0.0181555 -0.0235168
FixedParameters: 0 0 0

#Transform 19
Transform: AffineTransform_float_3_3
Parameters: 1 -0.000245724 0.000376903 0.000245908 0.999999 0.00123709 -0.000376642 -0.00123691 0.999999 0.0144445 -0.0583861 0.0114354
FixedParameters: 0 0 0

#Transform 20
Transform: AffineTransform_float_3_3
Parameters: 1 -0.000129126 1.50784e-05 0.000129127 1 -1.99981e-05 -1.50733e-05 2.00019e-05 1 0.00193456 -0.020417 0.0156093
FixedParameters: 0 0 0

#Transform 21
Transform: AffineTransform_float_3_3
Parameters: 1 -0.000130136 1.50518e-05 0.000130102 1 0.001135 -1.53471e-05 -0.001135 1 -0.0146514 0.00163378 -0.0374425
FixedParameters: 0 0 0

#Transform 22
Transform: AffineTransform_float_3_3
Parameters: 1 -0.000131647 -7.03496e-05 0.000130749 1 0.00067199 7.02969e-05 -0.000672009 1 -0.0130728 -0.0454567 -0.0115224
FixedParameters: 0 0 0

#Transform 23
Transform: AffineTransform_float_3_3
Parameters: 1 -0.000168825 1.99821e-05 0.000168816 1 0.000224003 -2.00577e-05 -0.000223997 1 -0.0160834 -0.0328226 -0.0321311
FixedParameters: 0 0 0

#Transform 24
Transform: AffineTransform_float_3_3
Parameters: 1 -0.000278176 0.000300471 0.000277761 0.999999 0.000690083 -0.000300855 -0.000689916 0.999999 -0.0252207 -0.0177704 -0.0839125
FixedParameters: 0 0 0

#Transform 25
Transform: AffineTransform_float_3_3
Parameters: 0.999999 4.89323e-06 0.000746073 -4.62613e-06 1 0.000485996 -0.000746192 -0.000486004 0.999999 -0.0189341 -0.120626 0.0441428
FixedParameters: 0 0 0

#Transform 26
Transform: AffineTransform_float_3_3
Parameters: 1 0.000132141 0.000430997 -0.000132421 1 0.000324943 -0.000430911 -0.000325057 1 -0.0189847 -0.00170022 -0.0464107
FixedParameters: 0 0 0

#Transform 27
Transform: AffineTransform_float_3_3
Parameters: 1 0.000518703 0.000183103 -0.00051844 1 -0.000383095 -0.000182508 0.000382905 1 -0.0274309 -0.032741 -0.117146
FixedParameters: 0 0 0

#Transform 28
Transform: AffineTransform_float_3_3
Parameters: 0.999999 0.00113439 0.000592168 -0.0011327 0.999998 -0.00205481 -0.000594717 0.00205419 0.999997 0.0254179 0.0514568 -0.0195311
FixedParameters: 0 0 0

#Transform 29
Transform: AffineTransform_float_3_3
Parameters: 1 0.000333183 0.000109443 -0.000333035 0.999999 -0.000676036 -0.000109893 0.000675963 1 0.0131082 0.0455137 -0.060098
FixedParameters: 0 0 0

#Transform 30
Transform: AffineTransform_float_3_3
Parameters: 1 0.000556537 -7.0631e-05 -0.000556612 0.999999 -0.000535961 7.00344e-05 0.000536039 1 -0.016615 0.0158547 -0.0624881
FixedParameters: 0 0 0

#Transform 31
Transform: AffineTransform_float_3_3
Parameters: 0.999999 0.00127045 0.000165016 -0.00126988 0.999998 -0.000983211 -0.000165529 0.000982791 1 -0.0360833 -0.00472317 -0.0564393
FixedParameters: 0 0 0

#Transform 32
Transform: AffineTransform_float_3_3
Parameters: 0.999999 0.00140554 0.000646941 -0.00140501 0.999998 -0.000983925 -0.000647597 0.000983076 0.999999 -0.0235461 0.0402229 -0.0825174
FixedParameters: 0 0 0

#Transform 33
Transform: AffineTransform_float_3_3
Parameters: 1 0.00108883 0.000293037 -0.00108835 0.999999 -0.000603442 -0.000293357 0.000602558 1 -0.014477 0.0262119 -0.139172
FixedParameters: 0 0 0

#Transform 34
Transform: AffineTransform_float_3_3
Parameters: 1 0.00109524 -0.000138802 -0.00109546 0.999998 -0.00123585 0.000137087 0.00123615 0.999999 -0.00990942 0.0115983 -0.170912
FixedParameters: 0 0 0

#Transform 35
Transform: AffineTransform_float_3_3
Parameters: 1 0.000335209 -4.3358e-05 -0.000335359 0.999999 -0.00175499 4.21812e-05 0.00175502 0.999999 -0.0220437 0.0372705 -0.213758
FixedParameters: 0 0 0

#Transform 36
Transform: AffineTransform_float_3_3
Parameters: 1 0.000426436 8.97775e-05 -0.000426348 1 -0.000492038 -9.01971e-05 0.000491961 1 -0.0101979 -0.0406492 -0.0479891
FixedParameters: 0 0 0

#Transform 37
Transform: AffineTransform_float_3_3
Parameters: 1 0.000316405 -4.06186e-05 -0.000316455 1 -0.000623987 4.02237e-05 0.000624012 1 -0.035644 -0.0851909 -0.023448
FixedParameters: 0 0 0

#Transform 38
Transform: AffineTransform_float_3_3
Parameters: 0.999999 0.00151304 -0.00025423 -0.00151363 0.999996 -0.00213074 0.00025175 0.00213126 0.999997 -0.0558922 0.0129478 -0.0719653
FixedParameters: 0 0 0

#Transform 39
Transform: AffineTransform_float_3_3
Parameters: 0.999999 0.0015294 -0.000125034 -0.00152952 0.999997 -0.00198193 0.000121948 0.00198207 0.999998 -0.0477155 0.0931537 -0.0878298
FixedParameters: 0 0 0

#Transform 40
Transform: AffineTransform_float_3_3
Parameters: 1 0.00108823 -0.000138421 -0.00108845 0.999998 -0.00168897 0.00013673 0.00168903 0.999998 -0.0460227 0.0458885 -0.120494
FixedParameters: 0 0 0

#Transform 41
Transform: AffineTransform_float_3_3
Parameters: 1 0.00108819 -0.000138756 -0.00108849 0.999998 -0.00199597 0.000136396 0.00199603 0.999998 -0.0280331 0.00497486 -0.142964
FixedParameters: 0 0 0

#Transform 42
Transform: AffineTransform_float_3_3
Parameters: 1 0.00109558 -8.04691e-05 -0.00109556 0.999997 -0.00222103 7.85796e-05 0.00222096 0.999997 -0.0183278 0.0805259 -0.143549
FixedParameters: 0 0 0

#Transform 43
Transform: AffineTransform_float_3_3
Parameters: 0.999999 0.00154362 -0.000195862 -0.00154402 0.999998 -0.00164895 0.000192755 0.00164905 0.999998 -0.0348269 0.0237121 -0.169626
FixedParameters: 0 0 0

#Transform 44
Transform: AffineTransform_float_3_3
Parameters: 0.999998 0.0018546 -0.000598327 -0.00185543 0.999997 -0.00183114 0.000594384 0.00183286 0.999998 -0.0416311 0.0168073 -0.152535
FixedParameters: 0 0 0

#Transform 45
Transform: AffineTransform_float_3_3
Parameters: 0.999999 0.0017439 -0.000222245 -0.0017444 0.999996 -0.00227074 0.000218292 0.00227126 0.999998 -0.0385779 0.0916651 -0.143491
FixedParameters: 0 0 0

#Transform 46
Transform: AffineTransform_float_3_3
Parameters: 0.999998 0.00189962 -0.000673288 -0.00190052 0.999996 -0.00169095 0.000669713 0.00169204 0.999998 -0.0696322 0.0267126 -0.159413
FixedParameters: 0 0 0

#Transform 47
Transform: AffineTransform_float_3_3
Parameters: 0.999998 0.00217116 -0.000524885 -0.00217312 0.999995 -0.00247822 0.000519079 0.00247878 0.999997 -0.05777 0.0772082 -0.114415
FixedParameters: 0 0 0

#Transform 48
Transform: AffineTransform_float_3_3
Parameters: 0.999997 0.00209023 -0.000679684 -0.00209133 0.999996 -0.00190683 0.000675552 0.00190917 0.999998 -0.0677425 0.0794416 -0.0882406
FixedParameters: 0 0 0

#Transform 49
Transform: AffineTransform_float_3_3
Parameters: 0.999995 0.0028986 -0.000369058 -0.00289947 0.999993 -0.00238043 0.000362199 0.00238157 0.999997 -0.0798077 0.0831888 -0.148646
FixedParameters: 0 0 0

#Transform 50
Transform: AffineTransform_float_3_3
Parameters: 0.999996 0.00278299 -0.000613009 -0.00278497 0.999994 -0.00222878 0.00060655 0.00223022 0.999998 -0.0671798 0.128224 -0.115544
FixedParameters: 0 0 0

#Transform 51
Transform: AffineTransform_float_3_3
Parameters: 0.999991 0.00405379 -0.000512024 -0.00405455 0.99999 -0.00147792 0.000505985 0.00148008 0.999999 -0.0693592 0.0545137 -0.158408
FixedParameters: 0 0 0

#Transform 52
Transform: AffineTransform_float_3_3
Parameters: 0.999993 0.00377538 -0.000481788 -0.00377676 0.999989 -0.00274506 0.000470973 0.00274694 0.999996 -0.0904414 0.154487 -0.155262
FixedParameters: 0 0 0

#Transform 53
Transform: AffineTransform_float_3_3
Parameters: 0.999994 0.00334785 -0.000841227 -0.0033494 0.999992 -0.0020349 0.000834414 0.0020371 0.999997 -0.103924 0.0940705 -0.160874
FixedParameters: 0 0 0

#Transform 54
Transform: AffineTransform_float_3_3
Parameters: 0.999995 0.0031744 -0.000608148 -0.00317645 0.999988 -0.00375768 0.000596063 0.00375931 0.999993 -0.0859029 0.0427187 0.0113236
FixedParameters: 0 0 0

#Transform 55
Transform: AffineTransform_float_3_3
Parameters: 0.999993 0.00351017 -0.000867497 -0.00351281 0.999987 -0.0036137 0.000854759 0.0036173 0.999993 -0.120821 0.120637 -0.080448
FixedParameters: 0 0 0

#Transform 56
Transform: AffineTransform_float_3_3
Parameters: 0.999993 0.00367794 -0.000888415 -0.00368144 0.999987 -0.00345658 0.000875743 0.00345942 0.999994 -0.134636 0.0626637 -0.0284157
FixedParameters: 0 0 0

#Transform 57
Transform: AffineTransform_float_3_3
Parameters: 0.999995 0.00328943 -0.000411066 -0.00329072 0.999989 -0.00311728 0.000400473 0.00311872 0.999995 -0.0772218 0.0669444 0.191134
FixedParameters: 0 0 0

#Transform 58
Transform: AffineTransform_float_3_3
Parameters: 0.999995 0.00287607 -0.000808055 -0.00287811 0.999993 -0.00249428 0.000801511 0.00249672 0.999996 -0.0607087 0.126514 0.0601496
FixedParameters: 0 0 0

#Transform 59
Transform: AffineTransform_float_3_3
Parameters: 0.999995 0.00296749 -0.000931303 -0.0029695 0.999994 -0.00208183 0.000925759 0.00208417 0.999997 -0.0859438 0.06806 0.0373457
FixedParameters: 0 0 0

#Transform 60
Transform: AffineTransform_float_3_3
Parameters: 0.999995 0.00304642 -0.000793354 -0.00304797 0.999993 -0.00215417 0.000787043 0.00215582 0.999997 -0.0635901 0.0504433 -0.0415718
FixedParameters: 0 0 0

#Transform 61
Transform: AffineTransform_float_3_3
Parameters: 0.999995 0.00306496 -0.000543705 -0.00306643 0.999993 -0.00215494 0.000537435 0.00215606 0.999997 -0.0685588 0.119824 -0.0679669
FixedParameters: 0 0 0

#Transform 62
Transform: AffineTransform_float_3_3
Parameters: 0.999994 0.00342634 -0.000682939 -0.00342729 0.999992 -0.00206541 0.000675595 0.00206859 0.999997 -0.0617293 0.0760352 -0.0265582
FixedParameters: 0 0 0

#Transform 63
Transform: AffineTransform_float_3_3
Parameters: 0.999992 0.00383776 -0.000300397 -0.00383802 0.99999 -0.00253286 0.000290874 0.00253414 0.999996 -0.0654864 0.0723963 0.0947797
FixedParameters: 0 0 0

#Transform 64
Transform: AffineTransform_float_3_3
Parameters: 0.999992 0.0040137 0.000144286 -0.00401333 0.99999 -0.00169548 -0.000150822 0.00169452 0.999999 -0.0876894 0.0931575 0.105349
FixedParameters: 0 0 0

#Transform 65
Transform: AffineTransform_float_3_3
Parameters: 0.999994 0.00352853 -0.000810756 -0.00352741 0.999992 0.00183215 0.000816849 -0.00182885 0.999998 -0.0834395 -0.0390201 0.12032
FixedParameters: 0 0 0

#Transform 66
Transform: AffineTransform_float_3_3
Parameters: 0.99999 0.00445601 6.4901e-05 -0.0044562 0.99999 -0.00132058 -7.15844e-05 0.00132042 0.999999 -0.139823 0.0652379 0.228942
FixedParameters: 0 0 0

#Transform 67
Transform: AffineTransform_float_3_3
Parameters: 0.999988 0.00471693 -0.000568627 -0.00471777 0.999988 -0.00173481 0.00056118 0.00173719 0.999998 -0.159157 0.11513 0.292997
FixedParameters: 0 0 0

#Transform 68
Transform: AffineTransform_float_3_3
Parameters: 0.999988 0.00485041 -0.000580886 -0.00485085 0.999988 -0.000799663 0.000577084 0.000802336 0.999999 -0.176155 0.113607 0.144157
FixedParameters: 0 0 0

#Transform 69
Transform: AffineTransform_float_3_3
Parameters: 0.999985 0.00530069 -0.000638968 -0.00530136 0.999985 -0.00110235 0.000633217 0.00110566 1 -0.164628 0.0585783 0.168716
FixedParameters: 0 0 0

#Transform 70
Transform: AffineTransform_float_3_3
Parameters: 0.999982 0.00587099 -0.000514048 -0.00587158 0.99998 -0.00228114 0.000501132 0.00228487 0.999998 -0.163619 0.129393 0.178105
FixedParameters: 0 0 0

#Transform 71
Transform: AffineTransform_float_3_3
Parameters: 0.999987 0.00505521 -0.000611565 -0.00505625 0.999985 -0.0017744 0.000602538 0.0017776 0.999999 -0.145906 0.131952 0.0439708
FixedParameters: 0 0 0

#Transform 72
Transform: AffineTransform_float_3_3
Parameters: 0.999988 0.00484998 -0.000584524 -0.00485079 0.999987 -0.00154967 0.000577411 0.00155333 0.999998 -0.146219 0.0895471 0.00886248
FixedParameters: 0 0 0

#Transform 73
Transform: AffineTransform_float_3_3
Parameters: 0.999986 0.00539923 -0.00046563 -0.00540076 0.999984 -0.00179124 0.000455325 0.00179375 0.999999 -0.155405 0.055104 0.0765895
FixedParameters: 0 0 0

#Transform 74
Transform: AffineTransform_float_3_3
Parameters: 0.999987 0.00503999 -0.000612492 -0.00504134 0.999985 -0.00233154 0.00060088 0.00233447 0.999997 -0.146593 0.111208 0.156852
FixedParameters: 0 0 0

#Transform 75
Transform: AffineTransform_float_3_3
Parameters: 0.999988 0.00484995 -0.000584751 -0.00485082 0.999987 -0.00159665 0.000577188 0.00159935 0.999998 -0.133684 0.115431 0.00760877
FixedParameters: 0 0 0

#Transform 76
Transform: AffineTransform_float_3_3
Parameters: 0.999988 0.00486123 -0.00058309 -0.00486174 0.999987 -0.000971648 0.000578591 0.000974352 0.999999 -0.135194 0.0654249 0.000114091
FixedParameters: 0 0 0

#Transform 77
Transform: AffineTransform_float_3_3
Parameters: 0.999986 0.00523357 -0.000475844 -0.00523402 0.999986 -0.00139226 0.000468204 0.00139474 0.999999 -0.142691 0.0273347 0.0212309
FixedParameters: 0 0 0

#Transform 78
Transform: AffineTransform_float_3_3
Parameters: 0.999983 0.00567888 -0.000796945 -0.00568053 0.999982 -0.00190145 0.000786238 0.00190555 0.999998 -0.121 0.0823461 0.0467876
FixedParameters: 0 0 0

#Transform 79
Transform: AffineTransform_float_3_3
Parameters: 0.999985 0.00533661 -0.00057004 -0.00533732 0.999985 -0.00149982 0.000561957 0.00150218 0.999999 -0.122388 0.10946 0.00872276
FixedParameters: 0 0 0

#Transform 80
Transform: AffineTransform_float_3_3
Parameters: 0.999988 0.00475995 -0.000515104 -0.00476066 0.999988 -0.00142304 0.000507501 0.00142496 0.999999 -0.137677 0.0762643 -0.0117562
FixedParameters: 0 0 0

#Transform 81
Transform: AffineTransform_float_3_3
Parameters: 0.999989 0.00480724 -0.000579787 -0.00480807 0.999987 -0.0016837 0.000572516 0.0016863 0.999998 -0.111269 0.042371 0.0433086
FixedParameters: 0 0 0

#Transform 82
Transform: AffineTransform_float_3_3
Parameters: 0.999987 0.00495402 -0.000598708 -0.00495501 0.999986 -0.00176053 0.00059018 0.00176347 0.999999 -0.117035 0.0775229 0.0777325
FixedParameters: 0 0 0

#Transform 83
Transform: AffineTransform_float_3_3
Parameters: 0.999992 0.00393631 -0.000966234 -0.00393566 0.999992 0.00117186 0.000970606 -0.00116814 0.999999 -0.126743 -0.013157 0.156777
FixedParameters: 0 0 0

#Transform 84
Transform: AffineTransform_float_3_3
Parameters: 0.999988 0.00437131 -0.00228545 -0.00437327 0.99999 -0.000994999 0.00228142 0.001005 0.999997 -0.149316 0.0668956 0.544374
FixedParameters: 0 0 0

#Transform 85
Transform: AffineTransform_float_3_3
Parameters: 0.999978 0.00550317 -0.00387599 -0.00551164 0.999982 -0.00218899 0.0038638 0.00221001 0.99999 -0.175524 0.286857 1.88205
FixedParameters: 0 0 0

#Transform 86
Transform: AffineTransform_float_3_3
Parameters: 0.999978 0.00442707 -0.0049701 -0.00443731 0.999988 -0.0019439 0.00496171 0.0019661 0.999986 -0.116411 0.359774 1.06644
FixedParameters: 0 0 0

#Transform 87
Transform: AffineTransform_float_3_3
Parameters: 0.999976 0.00527004 -0.00452283 -0.00528963 0.999977 -0.00426107 0.00450054 0.00428493 0.99998 -0.210894 0.285604 0.817239
FixedParameters: 0 0 0

#Transform 88
Transform: AffineTransform_float_3_3
Parameters: 0.999975 0.00580438 -0.00402123 -0.00582428 0.999971 -0.00493112 0.00399254 0.00495489 0.99998 -0.156806 0.28073 0.877496
FixedParameters: 0 0 0

#Transform 89
Transform: AffineTransform_float_3_3
Parameters: 0.999975 0.00602489 -0.00365548 -0.00603894 0.999974 -0.00399183 0.0036315 0.00401417 0.999985 -0.14057 0.300587 0.739756
FixedParameters: 0 0 0

#Transform 90
Transform: AffineTransform_float_3_3
Parameters: 0.999976 0.00607245 -0.00328935 -0.00608458 0.999974 -0.00380604 0.00326554 0.00382596 0.999987 -0.147414 0.224016 0.732487
FixedParameters: 0 0 0

#Transform 91
Transform: AffineTransform_float_3_3
Parameters: 0.999976 0.0060607 -0.0033715 -0.00607506 0.999973 -0.00426757 0.00334601 0.00428743 0.999985 -0.137337 0.208553 0.844041
FixedParameters: 0 0 0

#Transform 92
Transform: AffineTransform_float_3_3
Parameters: 0.999972 0.00650098 -0.00376429 -0.00651775 0.999969 -0.0043066 0.00373636 0.0043304 0.999984 -0.143768 0.244344 0.792689
FixedParameters: 0 0 0

#Transform 93
Transform: AffineTransform_float_3_3
Parameters: 0.999971 0.00683059 -0.00353815 -0.0068436 0.99997 -0.0035543 0.00351407 0.0035787 0.999988 -0.152299 0.2437 0.669909
FixedParameters: 0 0 0

#Transform 94
Transform: AffineTransform_float_3_3
Parameters: 0.999973 0.00656831 -0.003333 -0.00657929 0.999973 -0.00324647 0.00331101 0.00326852 0.999989 -0.148284 0.188507 0.641682
FixedParameters: 0 0 0

#Transform 95
Transform: AffineTransform_float_3_3
Parameters: 0.999972 0.00674461 -0.00340913 -0.00675743 0.99997 -0.0038285 0.00338283 0.00385151 0.999987 -0.13901 0.228462 0.606631
FixedParameters: 0 0 0

#Transform 96
Transform: AffineTransform_float_3_3
Parameters: 0.999971 0.00681619 -0.0033839 -0.00682662 0.999972 -0.00311454 0.0033621 0.00313746 0.999989 -0.131116 0.229192 0.487456
FixedParameters: 0 0 0

#Transform 97
Transform: AffineTransform_float_3_3
Parameters: 0.99997 0.00698354 -0.00338986 -0.00699452 0.99997 -0.00321005 0.00336666 0.00323394 0.999989 -0.123457 0.170442 0.52231
FixedParameters: 0 0 0

#Transform 98
Transform: AffineTransform_float_3_3
Parameters: 0.999972 0.0065675 -0.00361642 -0.00658282 0.999969 -0.00428246 0.00358823 0.00430554 0.999984 -0.160361 0.228465 0.755313
FixedParameters: 0 0 0

#Transform 99
Transform: AffineTransform_float_3_3
Parameters: 0.999973 0.00656367 -0.00348762 -0.00657452 0.999973 -0.00324034 0.00346661 0.00326367 0.999989 -0.162062 0.254245 0.616092
FixedParameters: 0 0 0

#Transform 100
Transform: AffineTransform_float_3_3
Parameters: 0.99997 0.00692261 -0.00346756 -0.0069331 0.999971 -0.00304558 0.00344604 0.00306942 0.999989 -0.15011 0.208423 0.550031
FixedParameters: 0 0 0

#Transform 101
Transform: AffineTransform_float_3_3
Parameters: 0.999968 0.00709395 -0.00349003 -0.00710499 0.99997 -0.00312406 0.00346733 0.00314793 0.999989 -0.144052 0.193395 0.574399
FixedParameters: 0 0 0

#Transform 102
Transform: AffineTransform_float_3_3
Parameters: 0.999971 0.00680695 -0.00345613 -0.00681916 0.999971 -0.00350594 0.0034319 0.00352906 0.999988 -0.122781 0.227983 0.614291
FixedParameters: 0 0 0

#Transform 103
Transform: AffineTransform_float_3_3
Parameters: 0.99997 0.00700506 -0.00337434 -0.00701592 0.999971 -0.00305807 0.00335326 0.00308093 0.99999 -0.128887 0.247419 0.494489
FixedParameters: 0 0 0

#Transform 104
Transform: AffineTransform_float_3_3
Parameters: 0.999972 0.00700617 -0.00282231 -0.00701432 0.999971 -0.00296014 0.00280076 0.00297985 0.999991 -0.159022 0.215491 0.458111
FixedParameters: 0 0 0

#Transform 105
Transform: AffineTransform_float_3_3
Parameters: 0.999969 0.00709524 -0.0034874 -0.00710406 0.999971 -0.00275309 0.00346698 0.00277791 0.99999 -0.153317 0.184655 0.402585
FixedParameters: 0 0 0

#Transform 106
Transform: AffineTransform_float_3_3
Parameters: 0.999967 0.00733894 -0.00341275 -0.00734875 0.999968 -0.00303292 0.00339084 0.00305809 0.99999 -0.136213 0.214744 0.427704
FixedParameters: 0 0 0

#Transform 107
Transform: AffineTransform_float_3_3
Parameters: 0.999969 0.00717835 -0.00320907 -0.00718829 0.999969 -0.00307396 0.0031867 0.00309704 0.99999 -0.149902 0.257155 0.44308
FixedParameters: 0 0 0

#Transform 108
Transform: AffineTransform_float_3_3
Parameters: 0.999969 0.00705302 -0.00346866 -0.00706219 0.999971 -0.00285337 0.00344905 0.00287764 0.99999 -0.18845 0.229699 0.396391
FixedParameters: 0 0 0

#Transform 109
Transform: AffineTransform_float_3_3
Parameters: 0.999966 0.00730596 -0.00366792 -0.00731597 0.99997 -0.00281113 0.00364746 0.00283788 0.99999 -0.211963 0.185317 0.454451
FixedParameters: 0 0 0

#Transform 110
Transform: AffineTransform_float_3_3
Parameters: 0.999974 0.00657305 -0.00292769 -0.0065788 0.999976 -0.00214028 0.00291368 0.00215972 0.999993 -0.163519 0.121024 0.555077
FixedParameters: 0 0 0

#Transform 111
Transform: AffineTransform_float_3_3
Parameters: 0.99997 0.00736584 -0.00262153 -0.00737265 0.999969 -0.00274101 0.00260121 0.00276099 0.999993 -0.310374 0.25366 0.497338
FixedParameters: 0 0 0

#Transform 112
Transform: AffineTransform_float_3_3
Parameters: 0.999968 0.00767622 -0.00251296 -0.00768284 0.999967 -0.00262526 0.00249284 0.00264374 0.999994 -0.320528 0.217381 0.498367
FixedParameters: 0 0 0

#Transform 113
Transform: AffineTransform_float_3_3
Parameters: 0.999963 0.00812361 -0.00256988 -0.0081304 0.999964 -0.00262417 0.00254839 0.00264483 0.999994 -0.295343 0.179955 0.466332
FixedParameters: 0 0 0

#Transform 114
Transform: AffineTransform_float_3_3
Parameters: 0.999961 0.00842754 -0.00261959 -0.00843578 0.999959 -0.00342436 0.0025907 0.00344564 0.999991 -0.236782 0.232613 0.548582
FixedParameters: 0 0 0

#Transform 115
Transform: AffineTransform_float_3_3
Parameters: 0.999961 0.00833044 -0.00292658 -0.00833903 0.999961 -0.00305688 0.00290148 0.00308112 0.999991 -0.225943 0.264666 0.495368
FixedParameters: 0 0 0

#Transform 116
Transform: AffineTransform_float_3_3
Parameters: 0.999962 0.00816221 -0.00302748 -0.00817183 0.999962 -0.0031023 0.00300166 0.00312769 0.999991 -0.258056 0.226803 0.492902
FixedParameters: 0 0 0

#Transform 117
Transform: AffineTransform_float_3_3
Parameters: 0.99996 0.00839164 -0.00305273 -0.00840085 0.999959 -0.00321464 0.00302545 0.00324036 0.99999 -0.247808 0.221775 0.511111
FixedParameters: 0 0 0

#Transform 118
Transform: AffineTransform_float_3_3
Parameters: 0.999963 0.00795778 -0.00342173 -0.00797003 0.999963 -0.00345748 0.00339324 0.00348452 0.999988 -0.173784 0.265274 0.43293
FixedParameters: 0 0 0

#Transform 119
Transform: AffineTransform_float_3_3
Parameters: 0.999961 0.00805994 -0.00358388 -0.00807191 0.999962 -0.00308478 0.00355882 0.00311321 0.999989 -0.21741 0.251278 0.346862
FixedParameters: 0 0 0

#Transform 120
Transform: AffineTransform_float_3_3
Parameters: 0.999958 0.00837681 -0.00386118 -0.00839108 0.999958 -0.00364356 0.00383033 0.00367644 0.999986 -0.251913 0.211455 0.393818
FixedParameters: 0 0 0

#Transform 121
Transform: AffineTransform_float_3_3
Parameters: 0.999933 0.010347 -0.00508426 -0.0103713 0.999935 -0.00477634 0.00503413 0.00482866 0.999976 -0.244121 0.336418 0.615386
FixedParameters: 0 0 0

#Transform 122
Transform: AffineTransform_float_3_3
Parameters: 0.999942 0.00992912 -0.00420187 -0.00994651 0.999943 -0.00396811 0.00416191 0.00400988 0.999983 -0.238303 0.335656 0.499296
FixedParameters: 0 0 0

#Transform 123
Transform: AffineTransform_float_3_3
Parameters: 0.999947 0.0094941 -0.00383999 -0.00950886 0.999947 -0.00382581 0.00380341 0.00386219 0.999985 -0.244038 0.281646 0.44827
FixedParameters: 0 0 0

#Transform 124
Transform: AffineTransform_float_3_3
Parameters: 0.999949 0.00933588 -0.00386028 -0.0093507 0.999948 -0.0039581 0.00382332 0.0039939 0.999984 -0.214909 0.251813 0.528726
FixedParameters: 0 0 0

#Transform 125
Transform: AffineTransform_float_3_3
Parameters: 0.999948 0.00910092 -0.00448597 -0.00912207 0.999948 -0.00463786 0.00444389 0.00467814 0.999979 -0.212771 0.301717 0.626963
FixedParameters: 0 0 0

#Transform 126
Transform: AffineTransform_float_3_3
Parameters: 0.999951 0.00902991 -0.00406672 -0.00904821 0.999949 -0.00435589 0.00402784 0.00439211 0.999983 -0.248665 0.315372 0.550536
FixedParameters: 0 0 0

#Transform 127
Transform: AffineTransform_float_3_3
Parameters: 0.999958 0.00849437 -0.00322131 -0.00850788 0.999956 -0.00402789 0.00318733 0.00405512 0.999987 -0.2208 0.215508 0.738744
FixedParameters: 0 0 0

#Transform 128
Transform: AffineTransform_float_3_3
Parameters: 0.999975 0.00596988 -0.00375176 -0.00596778 0.999982 0.000620733 0.00375532 -0.000598269 0.999993 -0.157552 0.077367 0.953294
FixedParameters: 0 0 0

#Transform 129
Transform: AffineTransform_float_3_3
Parameters: 0.999971 0.00685903 -0.00330879 -0.00686718 0.999974 -0.00229289 0.00329342 0.00231511 0.999992 -0.234935 0.187251 0.757823
FixedParameters: 0 0 0

#Transform 130
Transform: AffineTransform_float_3_3
Parameters: 0.999967 0.00742072 -0.00327363 -0.00743094 0.999967 -0.00324482 0.00324908 0.00326918 0.999989 -0.224811 0.203418 0.680122
FixedParameters: 0 0 0

#Transform 131
Transform: AffineTransform_float_3_3
Parameters: 0.999967 0.0074238 -0.00327379 -0.00743481 0.999967 -0.0032148 0.00324978 0.00323919 0.99999 -0.240998 0.234559 0.626659
FixedParameters: 0 0 0

#Transform 132
Transform: AffineTransform_float_3_3
Parameters: 0.999965 0.00769408 -0.00346838 -0.00770575 0.999965 -0.00330564 0.00344307 0.00333236 0.999989 -0.226054 0.207228 0.632616
FixedParameters: 0 0 0

#Transform 133
Transform: AffineTransform_float_3_3
Parameters: 0.999965 0.0076957 -0.00322705 -0.0077044 0.999966 -0.00286152 0.00320475 0.00288648 0.999991 -0.205982 0.249431 0.56004
FixedParameters: 0 0 0

#Transform 134
Transform: AffineTransform_float_3_3
Parameters: 0.999971 0.00716162 -0.00286161 -0.00716949 0.99997 -0.00286754 0.00284046 0.00288845 0.999992 -0.214542 0.170417 0.565269
FixedParameters: 0 0 0

#Transform 135
Transform: AffineTransform_float_3_3
Parameters: 0.999968 0.00727077 -0.00314345 -0.00728174 0.999968 -0.00336227 0.00311929 0.00338473 0.999989 -0.201758 0.186439 0.632517
FixedParameters: 0 0 0

#Transform 136
Transform: AffineTransform_float_3_3
Parameters: 0.999965 0.00770908 -0.00320258 -0.00771966 0.999965 -0.0032388 0.00317736 0.00326321 0.99999 -0.219182 0.247328 0.526369
FixedParameters: 0 0 0

#Transform 137
Transform: AffineTransform_float_3_3
Parameters: 0.999966 0.00734657 -0.00371841 -0.00735763 0.999968 -0.00293259 0.00369692 0.00295941 0.999989 -0.238027 0.178707 0.597126
FixedParameters: 0 0 0

#Transform 138
Transform: AffineTransform_float_3_3
Parameters: 0.999981 0.00541806 -0.00313049 -0.00540932 0.999982 0.00264648 0.00314491 -0.00262951 0.999991 -0.170879 -0.00809797 0.901575
FixedParameters: 0 0 0

#Transform 139
Transform: AffineTransform_float_3_3
Parameters: 0.999982 0.00548001 -0.00271837 -0.00547873 0.999985 0.000495231 0.00272086 -0.00047977 0.999996 -0.202051 0.0955521 0.70044
FixedParameters: 0 0 0

#Transform 140
Transform: AffineTransform_float_3_3
Parameters: 0.999978 0.00564285 -0.00326859 -0.00564666 0.999983 -0.00133318 0.00326088 0.00135182 0.999994 -0.168876 0.11628 0.686708
FixedParameters: 0 0 0

#Transform 141
Transform: AffineTransform_float_3_3
Parameters: 0.999976 0.00601128 -0.00360832 -0.00601592 0.999981 -0.00133801 0.00360054 0.00135999 0.999993 -0.149489 0.176264 0.539587
FixedParameters: 0 0 0

#Transform 142
Transform: AffineTransform_float_3_3
Parameters: 0.999974 0.00663185 -0.0029818 -0.00663701 0.999976 -0.00160461 0.0029719 0.00162539 0.999995 -0.152413 0.160009 0.517911
FixedParameters: 0 0 0

#Transform 143
Transform: AffineTransform_float_3_3
Parameters: 0.999974 0.00662442 -0.00303757 -0.00662974 0.999977 -0.00178638 0.00302616 0.00180663 0.999994 -0.145339 0.119996 0.527475
FixedParameters: 0 0 0

#Transform 144
Transform: AffineTransform_float_3_3
Parameters: 0.999976 0.0062861 -0.00294962 -0.00629421 0.999977 -0.00256961 0.00293343 0.00258839 0.999993 -0.161848 0.154637 0.563834
FixedParameters: 0 0 0

#Transform 145
Transform: AffineTransform_float_3_3
Parameters: 0.999973 0.00658614 -0.00333352 -0.00659359 0.999975 -0.00213338 0.00331953 0.00215462 0.999992 -0.138115 0.196947 0.457792
FixedParameters: 0 0 0

#Transform 146
Transform: AffineTransform_float_3_3
Parameters: 0.999966 0.00732822 -0.00364778 -0.00734057 0.999968 -0.00335533 0.00362305 0.00338167 0.999987 -0.14837 0.200397 0.458614
FixedParameters: 0 0 0

#Transform 147
Transform: AffineTransform_float_3_3
Parameters: 0.999965 0.00777214 -0.00314343 -0.00779533 0.999942 -0.0074703 0.0030855 0.0074947 0.999967 -0.186335 0.208484 0.559371
FixedParameters: 0 0 0

#Transform 148
Transform: AffineTransform_float_3_3
Parameters: 0.999972 0.00711471 -0.00255273 -0.00713104 0.999954 -0.00632698 0.00250787 0.00634501 0.999976 -0.173307 0.24041 0.560781
FixedParameters: 0 0 0

#Transform 149
Transform: AffineTransform_float_3_3
Parameters: 0.999974 0.00680617 -0.00262121 -0.00682132 0.99996 -0.00576003 0.00258105 0.00577796 0.99998 -0.163785 0.236032 0.539773
FixedParameters: 0 0 0

#Transform 150
Transform: AffineTransform_float_3_3
Parameters: 0.999976 0.00652919 -0.00259856 -0.0065431 0.999963 -0.00551952 0.00256277 0.00553648 0.999982 -0.175138 0.178581 0.537792
FixedParameters: 0 0 0

#Transform 151
Transform: AffineTransform_float_3_3
Parameters: 0.999971 0.00670087 -0.00342031 -0.00672166 0.999958 -0.0061816 0.00337887 0.00620439 0.999975 -0.143529 0.218215 0.621439
FixedParameters: 0 0 0

#Transform 152
Transform: AffineTransform_float_3_3
Parameters: 0.999971 0.00670038 -0.00342126 -0.00672103 0.999957 -0.00632361 0.00337879 0.00634639 0.999974 -0.154375 0.265197 0.643524
FixedParameters: 0 0 0

#Transform 153
Transform: AffineTransform_float_3_3
Parameters: 0.999972 0.00675992 -0.0029782 -0.00677635 0.999961 -0.00561356 0.00294029 0.00563344 0.99998 -0.167624 0.229586 0.604813
FixedParameters: 0 0 0

#Transform 154
Transform: AffineTransform_float_3_3
Parameters: 0.999968 0.00728334 -0.00349119 -0.00730235 0.999959 -0.00549069 0.00345186 0.00551532 0.999979 -0.15564 0.202137 0.633804
FixedParameters: 0 0 0

#Transform 155
Transform: AffineTransform_float_3_3
Parameters: 0.999967 0.00729382 -0.00340937 -0.00731248 0.999958 -0.00555715 0.00336796 0.00558185 0.999979 -0.159586 0.25857 0.618333
FixedParameters: 0 0 0

#Transform 156
Transform: AffineTransform_float_3_3
Parameters: 0.999966 0.00737453 -0.00349289 -0.00739063 0.999961 -0.00483535 0.00345741 0.00486065 0.999982 -0.162504 0.270129 0.558194
FixedParameters: 0 0 0

#Transform 157
Transform: AffineTransform_float_3_3
Parameters: 0.999969 0.00717611 -0.0034274 -0.00719184 0.999964 -0.00450939 0.00339481 0.00453361 0.999984 -0.168355 0.201862 0.597806
FixedParameters: 0 0 0

#Transform 158
Transform: AffineTransform_float_3_3
Parameters: 0.999966 0.00719366 -0.00405218 -0.00721228 0.999963 -0.00468751 0.00401831 0.00471649 0.999981 -0.148025 0.241125 0.661071
FixedParameters: 0 0 0

#Transform 159
Transform: AffineTransform_float_3_3
Parameters: 0.999966 0.00744828 -0.0035379 -0.00746464 0.999962 -0.00447387 0.00350436 0.00450013 0.999983 -0.159088 0.26946 0.584983
FixedParameters: 0 0 0

#Transform 160
Transform: AffineTransform_float_3_3
Parameters: 0.999965 0.00743746 -0.00381553 -0.00745338 0.999964 -0.00418367 0.00378429 0.00421133 0.999984 -0.175875 0.21021 0.582423
FixedParameters: 0 0 0

#Transform 161
Transform: AffineTransform_float_3_3
Parameters: 0.999965 0.007565 -0.0037653 -0.00757895 0.999964 -0.0037937 0.00373604 0.0038223 0.999986 -0.160848 0.173113 0.523099
FixedParameters: 0 0 0

#Transform 162
Transform: AffineTransform_float_3_3
Parameters: 0.999963 0.00766797 -0.00373524 -0.00768321 0.999962 -0.00404967 0.00370423 0.00407833 0.999985 -0.166311 0.234826 0.503824
FixedParameters: 0 0 0

#Transform 163
Transform: AffineTransform_float_3_3
Parameters: 0.999963 0.00767333 -0.00382671 -0.00768935 0.999962 -0.00405493 0.00379558 0.00408407 0.999984 -0.181456 0.203019 0.470116
FixedParameters: 0 0 0

#Transform 164
Transform: AffineTransform_float_3_3
Parameters: 0.999962 0.00774038 -0.00383405 -0.00775539 0.999962 -0.00389762 0.00380382 0.00392739 0.999985 -0.172486 0.187615 0.443221
FixedParameters: 0 0 0

#Transform 165
Transform: AffineTransform_float_3_3
Parameters: 0.999963 0.00770209 -0.00381081 -0.00771677 0.999963 -0.00387695 0.0037812 0.00390607 0.999986 -0.152421 0.246673 0.458533
FixedParameters: 0 0 0

#Transform 166
Transform: AffineTransform_float_3_3
Parameters: 0.999963 0.00751004 -0.00403841 -0.00752661 0.999964 -0.0040307 0.00400884 0.00406131 0.999984 -0.164842 0.181878 0.463311
FixedParameters: 0 0 0

#Transform 167
Transform: AffineTransform_float_3_3
Parameters: 0.999964 0.00746938 -0.00400765 -0.00748538 0.999964 -0.00411609 0.00397701 0.00414591 0.999983 -0.183064 0.211324 0.517114
FixedParameters: 0 0 0

#Transform 168
Transform: AffineTransform_float_3_3
Parameters: 0.999968 0.00713308 -0.00379461 -0.0071506 0.999963 -0.00473275 0.00376081 0.00475925 0.999981 -0.181291 0.202227 0.584427
FixedParameters: 0 0 0

#Transform 169
Transform: AffineTransform_float_3_3
Parameters: 0.999966 0.00732346 -0.0036138 -0.00733834 0.999964 -0.0041195 0.0035836 0.0041465 0.999985 -0.1713 0.2182 0.472465
FixedParameters: 0 0 0

#Transform 170
Transform: AffineTransform_float_3_3
Parameters: 0.999967 0.0074719 -0.00321987 -0.0074885 0.99996 -0.00505835 0.00318234 0.00508265 0.999982 -0.197318 0.222286 0.743389
FixedParameters: 0 0 0

#Transform 171
Transform: AffineTransform_float_3_3
Parameters: 0.999971 0.0063043 -0.0042861 -0.00632121 0.999972 -0.00411076 0.00425996 0.00413825 0.999983 -0.175914 0.170894 0.743772
FixedParameters: 0 0 0

#Transform 172
Transform: AffineTransform_float_3_3
Parameters: 0.999969 0.00712741 -0.00331661 -0.00714194 0.999965 -0.00429124 0.00328573 0.00431476 0.999985 -0.198222 0.222074 0.648603
FixedParameters: 0 0 0

#Transform 173
Transform: AffineTransform_float_3_3
Parameters: 0.999971 0.00675002 -0.00338536 -0.00676552 0.999967 -0.00449377 0.00335486 0.00451623 0.999984 -0.207186 0.208117 0.803825
FixedParameters: 0 0 0

#Transform 174
Transform: AffineTransform_float_3_3
Parameters: 0.999969 0.00586978 -0.00524867 -0.00588957 0.999976 -0.00367311 0.00522713 0.00370389 0.99998 -0.173194 0.13536 1.67126
FixedParameters: 0 0 0

#Transform 175
Transform: AffineTransform_float_3_3
Parameters: 0.999962 0.00667067 -0.00551407 -0.00669192 0.99997 -0.00385069 0.00548793 0.00388731 0.999977 -0.214661 0.249217 1.76439
FixedParameters: 0 0 0

#Transform 176
Transform: AffineTransform_float_3_3
Parameters: 0.999967 0.00680677 -0.00442272 -0.00682378 0.999969 -0.003882 0.00439566 0.00391199 0.999983 -0.220304 0.298511 1.40633
FixedParameters: 0 0 0

#Transform 177
Transform: AffineTransform_float_3_3
Parameters: 0.999966 0.00659877 -0.00479238 -0.00661832 0.999969 -0.00418308 0.00476455 0.00421492 0.99998 -0.256649 0.238153 1.45219
FixedParameters: 0 0 0

#Transform 178
Transform: AffineTransform_float_3_3
Parameters: 0.999974 0.00569001 -0.0044834 -0.00571156 0.999971 -0.00493564 0.00445539 0.00496136 0.999978 -0.163644 0.178761 1.6229
FixedParameters: 0 0 0

#Transform 179
Transform: AffineTransform_float_3_3
Parameters: 0.99997 0.006175 -0.00470549 -0.00619375 0.999973 -0.00403042 0.00468028 0.00405958 0.999981 -0.203057 0.272785 1.26269
FixedParameters: 0 0 0

#Transform 180
Transform: AffineTransform_float_3_3
Parameters: 0.999966 0.00648168 -0.00495209 -0.00649841 0.999974 -0.00338357 0.00493005 0.00341543 0.999982 -0.220628 0.215695 1.12922
FixedParameters: 0 0 0

#Transform 181
Transform: AffineTransform_float_3_3
Parameters: 0.999963 0.0069997 -0.004958 -0.00702463 0.999963 -0.00497735 0.00492219 0.00501264 0.999976 -0.215559 0.243308 1.25126
FixedParameters: 0 0 0

#Transform 182
Transform: AffineTransform_float_3_3
Parameters: 0.999964 0.006692 -0.00510118 -0.00671688 0.999966 -0.00491665 0.00506815 0.00495036 0.999975 -0.19261 0.257732 1.24144
FixedParameters: 0 0 0

#Transform 183
Transform: AffineTransform_float_3_3
Parameters: 0.999965 0.00703084 -0.00464168 -0.00704656 0.99997 -0.00330068 0.00461831 0.00333332 0.999983 -0.192798 0.238638 0.88768
FixedParameters: 0 0 0

#Transform 184
Transform: AffineTransform_float_3_3
Parameters: 0.999965 0.00711014 -0.00425599 -0.0071237 0.99997 -0.00308635 0.00423343 0.00311665 0.999986 -0.222855 0.191351 0.804718
FixedParameters: 0 0 0

#Transform 185
Transform: AffineTransform_float_3_3
Parameters: 0.999963 0.0072857 -0.00454851 -0.00730203 0.999967 -0.00358744 0.00452211 0.00362056 0.999983 -0.210172 0.201325 0.890944
FixedParameters: 0 0 0

#Transform 186
Transform: AffineTransform_float_3_3
Parameters: 0.999965 0.00701988 -0.00442774 -0.00703549 0.999969 -0.00359128 0.00440223 0.00362273 0.999984 -0.199488 0.238114 0.908481
FixedParameters: 0 0 0

#Transform 187
Transform: AffineTransform_float_3_3
Parameters: 0.999963 0.00719671 -0.00470201 -0.00721513 0.999966 -0.0040496 0.00467219 0.0040834 0.99998 -0.173921 0.219555 0.94805
FixedParameters: 0 0 0

#Transform 188
Transform: AffineTransform_float_3_3
Parameters: 0.999962 0.00728722 -0.00475084 -0.0073044 0.999967 -0.0035218 0.00472538 0.00355621 0.999983 -0.160435 0.239349 0.856501
FixedParameters: 0 0 0

#Transform 189
Transform: AffineTransform_float_3_3
