# transform file /out/sourcedata/freesurfer/sub-v1s22x0050521_ses-1/mri/transforms/cc_up.lta
# created by oesteban on Mon Mar  9 17:35:13 2026

type      = 0 # LINEAR_VOX_TO_VOX
nxforms   = 1
mean      = 128.0000 101.0000 116.0000
sigma     = 10000.0000
1 4 4
9.990407824516296e-01 -3.704211488366127e-02 2.335276082158089e-02 2.669295549392700e+00 
3.703200072050095e-02 9.993136525154114e-01 8.656298159621656e-04 4.430004119873047e+01 
-2.336880005896091e-02 0.000000000000000e+00 9.997268915176392e-01 2.497113800048828e+01 
0.000000000000000e+00 0.000000000000000e+00 0.000000000000000e+00 1.000000000000000e+00 
src volume info
valid = 1  # volume info valid
filename = /out/sourcedata/freesurfer/sub-v1s22x0050521_ses-1/mri/norm.mgz
volume = 256 256 256
voxelsize = 1.000000000000000e+00 1.000000000000000e+00 1.000000000000000e+00
xras   = -1.000000000000000e+00 -4.466775307786349e-23 0.000000000000000e+00
yras   = 0.000000000000000e+00 0.000000000000000e+00 -1.000000000000000e+00
zras   = 4.301339185275744e-23 1.000000000000000e+00 1.058791184067875e-22
cras   = -1.669921875000000e-01 3.675897216796875e+01 -2.292603302001953e+01
dst volume info
valid = 1  # volume info valid
filename = /out/sourcedata/freesurfer/sub-v1s22x0050521_ses-1/mri/norm.mgz
volume = 256 256 256
voxelsize = 1.000000000000000e+00 1.000000000000000e+00 1.000000000000000e+00
xras   = -1.000000000000000e+00 -4.466775307786349e-23 0.000000000000000e+00
yras   = 0.000000000000000e+00 0.000000000000000e+00 -1.000000000000000e+00
zras   = 4.301339185275744e-23 1.000000000000000e+00 1.058791184067875e-22
cras   = -1.669921875000000e-01 3.675897216796875e+01 -2.292603302001953e+01
