# transform file transforms/talairach.lta
# created by oesteban on Mon Mar  9 16:34:09 2026

type      = 0 # LINEAR_VOX_TO_VOX
nxforms   = 1
mean      = 127.0000 103.0000 116.0000
sigma     = 10000.0000
1 4 4
1.106623649597168e+00 -6.059667840600014e-02 7.704616524279118e-03 -8.259568214416504e+00 
5.401934310793877e-02 1.121665716171265e+00 3.283823132514954e-01 -3.375296020507812e+01 
-3.012696281075478e-02 -2.964849174022675e-01 9.943239688873291e-01 3.082240676879883e+01 
0.000000000000000e+00 0.000000000000000e+00 0.000000000000000e+00 1.000000000000000e+00 
src volume info
valid = 1  # volume info valid
filename = nu.mgz
volume = 256 256 256
voxelsize = 1.000000000000000e+00 1.000000000000000e+00 1.000000000000000e+00
xras   = -1.000000000000000e+00 -4.466775307786349e-23 0.000000000000000e+00
yras   = 0.000000000000000e+00 0.000000000000000e+00 -1.000000000000000e+00
zras   = 4.301339185275744e-23 1.000000000000000e+00 1.058791184067875e-22
cras   = -1.669921875000000e-01 3.675897216796875e+01 -2.292603302001953e+01
dst volume info
valid = 1  # volume info valid
filename = /opt/freesurfer/average/RB_all_2020-01-02.gca
volume = 256 256 256
voxelsize = 1.000000000000000e+00 1.000000000000000e+00 1.000000000000000e+00
xras   = -1.000000000000000e+00 0.000000000000000e+00 0.000000000000000e+00
yras   = 0.000000000000000e+00 0.000000000000000e+00 -1.000000000000000e+00
zras   = 0.000000000000000e+00 1.000000000000000e+00 0.000000000000000e+00
cras   = 0.000000000000000e+00 0.000000000000000e+00 0.000000000000000e+00
