# transform file /out/sourcedata/freesurfer/sub-v1s22x0050458_ses-1/mri/transforms/cc_up.lta
# created by oesteban on Mon Mar  9 16:01:15 2026

type      = 0 # LINEAR_VOX_TO_VOX
nxforms   = 1
mean      = 129.0000 121.0000 115.0000
sigma     = 10000.0000
1 4 4
9.994830489158630e-01 1.440640352666378e-02 2.873931266367435e-02 -3.392836332321167e+00 
-1.440045144408941e-02 9.998962283134460e-01 -4.140731180086732e-04 2.388209342956543e+01 
-2.874229662120342e-02 0.000000000000000e+00 9.995868206024170e-01 2.969241714477539e+01 
0.000000000000000e+00 0.000000000000000e+00 0.000000000000000e+00 1.000000000000000e+00 
src volume info
valid = 1  # volume info valid
filename = /out/sourcedata/freesurfer/sub-v1s22x0050458_ses-1/mri/norm.mgz
volume = 256 256 256
voxelsize = 1.000000000000000e+00 1.000000000000000e+00 1.000000000000000e+00
xras   = -1.000000000000000e+00 0.000000000000000e+00 0.000000000000000e+00
yras   = 0.000000000000000e+00 0.000000000000000e+00 -1.000000000000000e+00
zras   = 0.000000000000000e+00 1.000000000000000e+00 0.000000000000000e+00
cras   = -1.756362915039062e-01 4.447138977050781e+01 5.473403930664062e+00
dst volume info
valid = 1  # volume info valid
filename = /out/sourcedata/freesurfer/sub-v1s22x0050458_ses-1/mri/norm.mgz
volume = 256 256 256
voxelsize = 1.000000000000000e+00 1.000000000000000e+00 1.000000000000000e+00
xras   = -1.000000000000000e+00 0.000000000000000e+00 0.000000000000000e+00
yras   = 0.000000000000000e+00 0.000000000000000e+00 -1.000000000000000e+00
zras   = 0.000000000000000e+00 1.000000000000000e+00 0.000000000000000e+00
cras   = -1.756362915039062e-01 4.447138977050781e+01 5.473403930664062e+00
