# transform file /out/sourcedata/freesurfer/sub-v1s22x0050443_ses-1/mri/transforms/cc_up.lta
# created by oesteban on Mon Mar  9 13:27:02 2026

type      = 0 # LINEAR_VOX_TO_VOX
nxforms   = 1
mean      = 129.0000 100.0000 123.0000
sigma     = 10000.0000
1 4 4
9.995753765106201e-01 -1.860243268311024e-02 2.242459729313850e-02 -3.738755881786346e-01 
1.859775185585022e-02 9.998269081115723e-01 4.172242479398847e-04 4.559767913818359e+01 
-2.242847904562950e-02 0.000000000000000e+00 9.997483491897583e-01 1.488465785980225e+01 
0.000000000000000e+00 0.000000000000000e+00 0.000000000000000e+00 1.000000000000000e+00 
src volume info
valid = 1  # volume info valid
filename = /out/sourcedata/freesurfer/sub-v1s22x0050443_ses-1/mri/norm.mgz
volume = 256 256 256
voxelsize = 1.000000000000000e+00 1.000000000000000e+00 1.000000000000000e+00
xras   = -1.000000119209290e+00 -1.016360329231247e-09 0.000000000000000e+00
yras   = 1.862645149230957e-09 2.910383045673370e-11 -1.000000119209290e+00
zras   = 1.016360329231247e-09 1.000000119209290e+00 2.910383045673370e-11
cras   = 2.168701171875000e+00 4.604457092285156e+01 -6.653762817382812e+00
dst volume info
valid = 1  # volume info valid
filename = /out/sourcedata/freesurfer/sub-v1s22x0050443_ses-1/mri/norm.mgz
volume = 256 256 256
voxelsize = 1.000000000000000e+00 1.000000000000000e+00 1.000000000000000e+00
xras   = -1.000000119209290e+00 -1.016360329231247e-09 0.000000000000000e+00
yras   = 1.862645149230957e-09 2.910383045673370e-11 -1.000000119209290e+00
zras   = 1.016360329231247e-09 1.000000119209290e+00 2.910383045673370e-11
cras   = 2.168701171875000e+00 4.604457092285156e+01 -6.653762817382812e+00
