# transform file transforms/talairach.lta
# created by oesteban on Mon Mar  9 12:21:27 2026

type      = 0 # LINEAR_VOX_TO_VOX
nxforms   = 1
mean      = 129.0000 100.0000 123.0000
sigma     = 10000.0000
1 4 4
1.082944869995117e+00 -3.897854313254356e-02 1.274842023849487e-02 -1.053998374938965e+01 
3.594814240932465e-02 1.121423006057739e+00 7.300747931003571e-02 -1.620927453041077e+00 
-1.772625930607319e-02 -9.642998874187469e-02 9.275836944580078e-01 8.459462165832520e+00 
0.000000000000000e+00 0.000000000000000e+00 0.000000000000000e+00 1.000000000000000e+00 
src volume info
valid = 1  # volume info valid
filename = nu.mgz
volume = 256 256 256
voxelsize = 1.000000000000000e+00 1.000000000000000e+00 1.000000000000000e+00
xras   = -1.000000119209290e+00 -1.016360329231247e-09 0.000000000000000e+00
yras   = 1.862645149230957e-09 2.910383045673370e-11 -1.000000119209290e+00
zras   = 1.016360329231247e-09 1.000000119209290e+00 2.910383045673370e-11
cras   = 2.168701171875000e+00 4.604457092285156e+01 -6.653762817382812e+00
dst volume info
valid = 1  # volume info valid
filename = /opt/freesurfer/average/RB_all_2020-01-02.gca
volume = 256 256 256
voxelsize = 1.000000000000000e+00 1.000000000000000e+00 1.000000000000000e+00
xras   = -1.000000000000000e+00 0.000000000000000e+00 0.000000000000000e+00
yras   = 0.000000000000000e+00 0.000000000000000e+00 -1.000000000000000e+00
zras   = 0.000000000000000e+00 1.000000000000000e+00 0.000000000000000e+00
cras   = 0.000000000000000e+00 0.000000000000000e+00 0.000000000000000e+00
