type      = 0 # LINEAR_VOX_TO_VOX
nxforms   = 1
mean      = 0.0000 0.0000 0.0000
sigma     = 1.0000
1 4 4
1.075057148933411e+00 -2.739000506699085e-02 2.289699949324131e-02 -9.394638061523438e+00 
1.434000208973885e-02 1.090570092201233e+00 6.599100679159164e-02 5.667839050292969e+00 
-2.978400513529778e-02 -1.127440184354782e-01 9.344471096992493e-01 9.853233337402344e+00 
0.000000000000000e+00 0.000000000000000e+00 0.000000000000000e+00 1.000000000000000e+00 
src volume info
valid = 1  # volume info valid
filename = /out/sourcedata/freesurfer/sub-v1s22x0050443_ses-1/mri/orig.mgz
volume = 256 256 256
voxelsize = 1.000000000000000e+00 1.000000000000000e+00 1.000000000000000e+00
xras   = -1.000000119209290e+00 -1.016360329231247e-09 0.000000000000000e+00
yras   = 1.862645149230957e-09 2.910383045673370e-11 -1.000000119209290e+00
zras   = 1.016360329231247e-09 1.000000119209290e+00 2.910383045673370e-11
cras   = 2.168701171875000e+00 4.604457092285156e+01 -6.653762817382812e+00
dst volume info
valid = 1  # volume info valid
filename = /opt/freesurfer/average/mni305.cor.mgz
volume = 256 256 256
voxelsize = 1.000000000000000e+00 1.000000000000000e+00 1.000000000000000e+00
xras   = -1.000000000000000e+00 0.000000000000000e+00 0.000000000000000e+00
yras   = 0.000000000000000e+00 0.000000000000000e+00 -1.000000000000000e+00
zras   = 0.000000000000000e+00 1.000000000000000e+00 0.000000000000000e+00
cras   = 0.000000000000000e+00 0.000000000000000e+00 0.000000000000000e+00
subject fsaverage
fscale 0.100000
