type      = 1 # LINEAR_RAS_TO_RAS
nxforms   = 1
mean      = 0.0000 0.0000 0.0000
sigma     = 1.0000
1 4 4
1.075057029724121e+00 -2.289699949324131e-02 -2.738999947905540e-02 -1.097030997276306e+00 
2.978399954736233e-02 9.344469904899597e-01 1.127440035343170e-01 -5.912175750732422e+01 
1.434000022709370e-02 -6.599099934101105e-02 1.090569972991943e+00 -1.727936553955078e+01 
0.000000000000000e+00 0.000000000000000e+00 0.000000000000000e+00 1.000000000000000e+00 
src volume info
valid = 1  # volume info valid
filename = /out/sourcedata/freesurfer/sub-v1s22x0050443_ses-1/mri/orig_nu.mgz
volume = 256 256 256
voxelsize = 1.000000000000000e+00 1.000000000000000e+00 1.000000000000000e+00
xras   = -1.000000119209290e+00 -1.016360329231247e-09 0.000000000000000e+00
yras   = 1.862645149230957e-09 2.910383045673370e-11 -1.000000119209290e+00
zras   = 1.016360329231247e-09 1.000000119209290e+00 2.910383045673370e-11
cras   = 2.168701171875000e+00 4.604457092285156e+01 -6.653762817382812e+00
dst volume info
valid = 1  # volume info valid
filename = /opt/freesurfer/average/mni305.cor.mgz
volume = 256 256 256
voxelsize = 1.000000000000000e+00 1.000000000000000e+00 1.000000000000000e+00
xras   = -1.000000000000000e+00 0.000000000000000e+00 0.000000000000000e+00
yras   = 0.000000000000000e+00 0.000000000000000e+00 -1.000000000000000e+00
zras   = 0.000000000000000e+00 1.000000000000000e+00 0.000000000000000e+00
cras   = 0.000000000000000e+00 0.000000000000000e+00 0.000000000000000e+00
subject fsaverage
fscale 0.100000
