# transform file /out/sourcedata/freesurfer/sub-v1s22x0050464_ses-1/mri/transforms/cc_up.lta
# created by oesteban on Mon Mar  9 14:25:44 2026

type      = 0 # LINEAR_VOX_TO_VOX
nxforms   = 1
mean      = 129.0000 99.0000 123.0000
sigma     = 10000.0000
1 4 4
9.964004158973694e-01 -4.616850987076759e-02 7.109769433736801e-02 -3.641449213027954e+00 
4.605142399668694e-02 9.989337325096130e-01 3.285978222265840e-03 4.483363342285156e+01 
-7.117358595132828e-02 2.328306714094452e-10 9.974640011787415e-01 1.935715484619141e+01 
0.000000000000000e+00 0.000000000000000e+00 0.000000000000000e+00 1.000000000000000e+00 
src volume info
valid = 1  # volume info valid
filename = /out/sourcedata/freesurfer/sub-v1s22x0050464_ses-1/mri/norm.mgz
volume = 256 256 256
voxelsize = 1.000000000000000e+00 1.000000000000000e+00 1.000000000000000e+00
xras   = -1.000000000000000e+00 -1.862645149230957e-09 0.000000000000000e+00
yras   = 0.000000000000000e+00 0.000000000000000e+00 -1.000000000000000e+00
zras   = -1.862645149230957e-09 1.000000000000000e+00 0.000000000000000e+00
cras   = -1.652832031250000e-01 3.364702606201172e+01 -2.356440734863281e+01
dst volume info
valid = 1  # volume info valid
filename = /out/sourcedata/freesurfer/sub-v1s22x0050464_ses-1/mri/norm.mgz
volume = 256 256 256
voxelsize = 1.000000000000000e+00 1.000000000000000e+00 1.000000000000000e+00
xras   = -1.000000000000000e+00 -1.862645149230957e-09 0.000000000000000e+00
yras   = 0.000000000000000e+00 0.000000000000000e+00 -1.000000000000000e+00
zras   = -1.862645149230957e-09 1.000000000000000e+00 0.000000000000000e+00
cras   = -1.652832031250000e-01 3.364702606201172e+01 -2.356440734863281e+01
