# transform file /out/sourcedata/freesurfer/sub-v1s22x0050525_ses-1/mri/transforms/cc_up.lta
# created by oesteban on Mon Mar  9 18:13:05 2026

type      = 0 # LINEAR_VOX_TO_VOX
nxforms   = 1
mean      = 129.0000 105.0000 112.0000
sigma     = 10000.0000
1 4 4
9.992473721504211e-01 1.967902667820454e-02 -3.343112021684647e-02 1.379873871803284e+00 
-1.966802217066288e-02 9.998064637184143e-01 6.580192712135613e-04 4.247519683837891e+01 
3.343759477138519e-02 0.000000000000000e+00 9.994409084320068e-01 2.876773834228516e+01 
0.000000000000000e+00 0.000000000000000e+00 0.000000000000000e+00 1.000000000000000e+00 
src volume info
valid = 1  # volume info valid
filename = /out/sourcedata/freesurfer/sub-v1s22x0050525_ses-1/mri/norm.mgz
volume = 256 256 256
voxelsize = 1.000000000000000e+00 1.000000000000000e+00 1.000000000000000e+00
xras   = -1.000000000000000e+00 -3.725290298461914e-09 0.000000000000000e+00
yras   = 0.000000000000000e+00 0.000000000000000e+00 -1.000000000000000e+00
zras   = 3.725290298461914e-09 9.999999403953552e-01 0.000000000000000e+00
cras   = 3.682456970214844e+00 4.065166473388672e+01 4.549713134765625e-01
dst volume info
valid = 1  # volume info valid
filename = /out/sourcedata/freesurfer/sub-v1s22x0050525_ses-1/mri/norm.mgz
volume = 256 256 256
voxelsize = 1.000000000000000e+00 1.000000000000000e+00 1.000000000000000e+00
xras   = -1.000000000000000e+00 -3.725290298461914e-09 0.000000000000000e+00
yras   = 0.000000000000000e+00 0.000000000000000e+00 -1.000000000000000e+00
zras   = 3.725290298461914e-09 9.999999403953552e-01 0.000000000000000e+00
cras   = 3.682456970214844e+00 4.065166473388672e+01 4.549713134765625e-01
