# transform file /out/sourcedata/freesurfer/sub-v1s22x0050447_ses-1/mri/transforms/cc_up.lta
# created by oesteban on Mon Mar  9 13:25:53 2026

type      = 0 # LINEAR_VOX_TO_VOX
nxforms   = 1
mean      = 123.0000 96.0000 120.0000
sigma     = 10000.0000
1 4 4
9.997413754463196e-01 1.649817638099194e-02 -1.565158180892467e-02 2.530013084411621e+00 
-1.649615541100502e-02 9.998639225959778e-01 2.582576998975128e-04 5.205968856811523e+01 
1.565371267497540e-02 2.910383045673370e-11 9.998775124549866e-01 1.204159927368164e+01 
0.000000000000000e+00 0.000000000000000e+00 0.000000000000000e+00 1.000000000000000e+00 
src volume info
valid = 1  # volume info valid
filename = /out/sourcedata/freesurfer/sub-v1s22x0050447_ses-1/mri/norm.mgz
volume = 256 256 256
voxelsize = 1.000000000000000e+00 1.000000000000000e+00 1.000000000000000e+00
xras   = -1.000000000000000e+00 0.000000000000000e+00 0.000000000000000e+00
yras   = 0.000000000000000e+00 0.000000000000000e+00 -1.000000000000000e+00
zras   = 0.000000000000000e+00 9.999999403953552e-01 0.000000000000000e+00
cras   = 3.690551757812500e+00 3.831795501708984e+01 1.660024261474609e+01
dst volume info
valid = 1  # volume info valid
filename = /out/sourcedata/freesurfer/sub-v1s22x0050447_ses-1/mri/norm.mgz
volume = 256 256 256
voxelsize = 1.000000000000000e+00 1.000000000000000e+00 1.000000000000000e+00
xras   = -1.000000000000000e+00 0.000000000000000e+00 0.000000000000000e+00
yras   = 0.000000000000000e+00 0.000000000000000e+00 -1.000000000000000e+00
zras   = 0.000000000000000e+00 9.999999403953552e-01 0.000000000000000e+00
cras   = 3.690551757812500e+00 3.831795501708984e+01 1.660024261474609e+01
