# transform file /out/sourcedata/freesurfer/sub-v1s22x0050510_ses-1/mri/transforms/cc_up.lta
# created by oesteban on Mon Mar  9 17:43:49 2026

type      = 0 # LINEAR_VOX_TO_VOX
nxforms   = 1
mean      = 127.0000 98.0000 120.0000
sigma     = 10000.0000
1 4 4
9.984443783760071e-01 4.693944007158279e-03 -5.555846914649010e-02 8.454468727111816e+00 
-4.686693660914898e-03 9.999889731407166e-01 2.607912174426019e-04 5.056028366088867e+01 
5.555908381938934e-02 0.000000000000000e+00 9.984553456306458e-01 7.191829681396484e+00 
0.000000000000000e+00 0.000000000000000e+00 0.000000000000000e+00 1.000000000000000e+00 
src volume info
valid = 1  # volume info valid
filename = /out/sourcedata/freesurfer/sub-v1s22x0050510_ses-1/mri/norm.mgz
volume = 256 256 256
voxelsize = 1.000000000000000e+00 1.000000000000000e+00 1.000000000000000e+00
xras   = -1.000000000000000e+00 0.000000000000000e+00 0.000000000000000e+00
yras   = 0.000000000000000e+00 0.000000000000000e+00 -1.000000000000000e+00
zras   = 0.000000000000000e+00 1.000000000000000e+00 0.000000000000000e+00
cras   = -4.824546813964844e+00 3.598414611816406e+01 5.878700256347656e+00
dst volume info
valid = 1  # volume info valid
filename = /out/sourcedata/freesurfer/sub-v1s22x0050510_ses-1/mri/norm.mgz
volume = 256 256 256
voxelsize = 1.000000000000000e+00 1.000000000000000e+00 1.000000000000000e+00
xras   = -1.000000000000000e+00 0.000000000000000e+00 0.000000000000000e+00
yras   = 0.000000000000000e+00 0.000000000000000e+00 -1.000000000000000e+00
zras   = 0.000000000000000e+00 1.000000000000000e+00 0.000000000000000e+00
cras   = -4.824546813964844e+00 3.598414611816406e+01 5.878700256347656e+00
