# transform file /out/sourcedata/freesurfer/sub-v1s22x0050515_ses-1/mri/transforms/cc_up.lta
# created by oesteban on Mon Mar  9 17:54:50 2026

type      = 0 # LINEAR_VOX_TO_VOX
nxforms   = 1
mean      = 129.0000 100.0000 109.0000
sigma     = 10000.0000
1 4 4
9.999699592590332e-01 2.192159183323383e-03 -7.434257771819830e-03 5.443590879440308e-01 
-2.192098647356033e-03 9.999975562095642e-01 1.629711550776847e-05 4.927921676635742e+01 
7.434275932610035e-03 0.000000000000000e+00 9.999724030494690e-01 3.105105972290039e+01 
0.000000000000000e+00 0.000000000000000e+00 0.000000000000000e+00 1.000000000000000e+00 
src volume info
valid = 1  # volume info valid
filename = /out/sourcedata/freesurfer/sub-v1s22x0050515_ses-1/mri/norm.mgz
volume = 256 256 256
voxelsize = 1.000000000000000e+00 1.000000000000000e+00 1.000000000000000e+00
xras   = -1.000000000000000e+00 -1.008174876915291e-09 -4.656612873077393e-10
yras   = -4.656612873077393e-10 -1.455191522836685e-11 -1.000000000000000e+00
zras   = 1.008288563753013e-09 9.999999403953552e-01 2.910383045673370e-11
cras   = -1.733268737792969e+00 4.761911010742188e+01 -8.972976684570312e+00
dst volume info
valid = 1  # volume info valid
filename = /out/sourcedata/freesurfer/sub-v1s22x0050515_ses-1/mri/norm.mgz
volume = 256 256 256
voxelsize = 1.000000000000000e+00 1.000000000000000e+00 1.000000000000000e+00
xras   = -1.000000000000000e+00 -1.008174876915291e-09 -4.656612873077393e-10
yras   = -4.656612873077393e-10 -1.455191522836685e-11 -1.000000000000000e+00
zras   = 1.008288563753013e-09 9.999999403953552e-01 2.910383045673370e-11
cras   = -1.733268737792969e+00 4.761911010742188e+01 -8.972976684570312e+00
