type      = 1 # LINEAR_RAS_TO_RAS
nxforms   = 1
mean      = 0.0000 0.0000 0.0000
sigma     = 1.0000
1 4 4
1.071977972984314e+00 1.116499956697226e-02 -2.637100033462048e-02 2.619888067245483e+00 
-1.700999960303307e-02 9.818360209465027e-01 2.453279942274094e-01 -4.955150985717773e+01 
2.958299964666367e-02 -2.214870005846024e-01 1.088513970375061e+00 -1.024601745605469e+01 
0.000000000000000e+00 0.000000000000000e+00 0.000000000000000e+00 1.000000000000000e+00 
src volume info
valid = 1  # volume info valid
filename = /out/sourcedata/freesurfer/sub-v1s22x0050515_ses-1/mri/orig_nu.mgz
volume = 256 256 256
voxelsize = 1.000000000000000e+00 1.000000000000000e+00 1.000000000000000e+00
xras   = -1.000000000000000e+00 -1.008174876915291e-09 -4.656612873077393e-10
yras   = -4.656612873077393e-10 -1.455191522836685e-11 -1.000000000000000e+00
zras   = 1.008288563753013e-09 9.999999403953552e-01 2.910383045673370e-11
cras   = -1.733268737792969e+00 4.761911010742188e+01 -8.972976684570312e+00
dst volume info
valid = 1  # volume info valid
filename = /opt/freesurfer/average/mni305.cor.mgz
volume = 256 256 256
voxelsize = 1.000000000000000e+00 1.000000000000000e+00 1.000000000000000e+00
xras   = -1.000000000000000e+00 0.000000000000000e+00 0.000000000000000e+00
yras   = 0.000000000000000e+00 0.000000000000000e+00 -1.000000000000000e+00
zras   = 0.000000000000000e+00 1.000000000000000e+00 0.000000000000000e+00
cras   = 0.000000000000000e+00 0.000000000000000e+00 0.000000000000000e+00
subject fsaverage
fscale 0.100000
