# transform file transforms/talairach.lta
# created by oesteban on Mon Mar  9 16:30:41 2026

type      = 0 # LINEAR_VOX_TO_VOX
nxforms   = 1
mean      = 129.0000 100.0000 109.0000
sigma     = 10000.0000
1 4 4
1.032230257987976e+00 -9.124096482992172e-03 -2.478408860042691e-03 -4.334849834442139e+00 
8.152129128575325e-03 1.158153533935547e+00 2.738073468208313e-01 -2.021606254577637e+01 
2.479873946867883e-04 -2.235026210546494e-01 9.757456779479980e-01 2.778339767456055e+01 
0.000000000000000e+00 0.000000000000000e+00 0.000000000000000e+00 1.000000000000000e+00 
src volume info
valid = 1  # volume info valid
filename = nu.mgz
volume = 256 256 256
voxelsize = 1.000000000000000e+00 1.000000000000000e+00 1.000000000000000e+00
xras   = -1.000000000000000e+00 -1.008174876915291e-09 -4.656612873077393e-10
yras   = -4.656612873077393e-10 -1.455191522836685e-11 -1.000000000000000e+00
zras   = 1.008288563753013e-09 9.999999403953552e-01 2.910383045673370e-11
cras   = -1.733268737792969e+00 4.761911010742188e+01 -8.972976684570312e+00
dst volume info
valid = 1  # volume info valid
filename = /opt/freesurfer/average/RB_all_2020-01-02.gca
volume = 256 256 256
voxelsize = 1.000000000000000e+00 1.000000000000000e+00 1.000000000000000e+00
xras   = -1.000000000000000e+00 0.000000000000000e+00 0.000000000000000e+00
yras   = 0.000000000000000e+00 0.000000000000000e+00 -1.000000000000000e+00
zras   = 0.000000000000000e+00 1.000000000000000e+00 0.000000000000000e+00
cras   = 0.000000000000000e+00 0.000000000000000e+00 0.000000000000000e+00
