type      = 0 # LINEAR_VOX_TO_VOX
nxforms   = 1
mean      = 0.0000 0.0000 0.0000
sigma     = 1.0000
1 4 4
1.071977972984314e+00 -2.637100033462048e-02 -1.116499956697226e-02 -5.938735961914062e+00 
2.958299964666367e-02 1.088513970375061e+00 2.214869856834412e-01 -1.285522460937500e+01 
1.700999774038792e-02 -2.453279942274094e-01 9.818359613418579e-01 2.658050537109375e+01 
0.000000000000000e+00 0.000000000000000e+00 0.000000000000000e+00 1.000000000000000e+00 
src volume info
valid = 1  # volume info valid
filename = /out/sourcedata/freesurfer/sub-v1s22x0050515_ses-1/mri/orig.mgz
volume = 256 256 256
voxelsize = 1.000000000000000e+00 1.000000000000000e+00 1.000000000000000e+00
xras   = -1.000000000000000e+00 -1.008174876915291e-09 -4.656612873077393e-10
yras   = -4.656612873077393e-10 -1.455191522836685e-11 -1.000000000000000e+00
zras   = 1.008288563753013e-09 9.999999403953552e-01 2.910383045673370e-11
cras   = -1.733268737792969e+00 4.761911010742188e+01 -8.972976684570312e+00
dst volume info
valid = 1  # volume info valid
filename = /opt/freesurfer/average/mni305.cor.mgz
volume = 256 256 256
voxelsize = 1.000000000000000e+00 1.000000000000000e+00 1.000000000000000e+00
xras   = -1.000000000000000e+00 0.000000000000000e+00 0.000000000000000e+00
yras   = 0.000000000000000e+00 0.000000000000000e+00 -1.000000000000000e+00
zras   = 0.000000000000000e+00 1.000000000000000e+00 0.000000000000000e+00
cras   = 0.000000000000000e+00 0.000000000000000e+00 0.000000000000000e+00
subject fsaverage
fscale 0.100000
