# transform file /out/sourcedata/freesurfer/sub-v1s22x0050473_ses-1/mri/transforms/cc_up.lta
# created by oesteban on Mon Mar  9 15:28:02 2026

type      = 0 # LINEAR_VOX_TO_VOX
nxforms   = 1
mean      = 124.0000 100.0000 116.0000
sigma     = 10000.0000
1 4 4
9.999442696571350e-01 -9.008905850350857e-03 -5.502305924892426e-03 4.352471828460693e+00 
9.008768945932388e-03 9.999594092369080e-01 -4.957176497555338e-05 4.288261795043945e+01 
5.502528976649046e-03 0.000000000000000e+00 9.999848604202271e-01 2.031380271911621e+01 
0.000000000000000e+00 0.000000000000000e+00 0.000000000000000e+00 1.000000000000000e+00 
src volume info
valid = 1  # volume info valid
filename = /out/sourcedata/freesurfer/sub-v1s22x0050473_ses-1/mri/norm.mgz
volume = 256 256 256
voxelsize = 1.000000000000000e+00 1.000000000000000e+00 1.000000000000000e+00
xras   = -9.999998807907104e-01 5.575202521868050e-10 -1.862645149230957e-09
yras   = -1.862645149230957e-09 -2.910383045673370e-11 -9.999999403953552e-01
zras   = 1.305124897044152e-09 9.999997615814209e-01 -2.910383045673370e-11
cras   = 3.286483764648438e+00 4.550258636474609e+01 -2.044049835205078e+01
dst volume info
valid = 1  # volume info valid
filename = /out/sourcedata/freesurfer/sub-v1s22x0050473_ses-1/mri/norm.mgz
volume = 256 256 256
voxelsize = 1.000000000000000e+00 1.000000000000000e+00 1.000000000000000e+00
xras   = -9.999998807907104e-01 5.575202521868050e-10 -1.862645149230957e-09
yras   = -1.862645149230957e-09 -2.910383045673370e-11 -9.999999403953552e-01
zras   = 1.305124897044152e-09 9.999997615814209e-01 -2.910383045673370e-11
cras   = 3.286483764648438e+00 4.550258636474609e+01 -2.044049835205078e+01
