type      = 1 # LINEAR_RAS_TO_RAS
nxforms   = 1
mean      = 0.0000 0.0000 0.0000
sigma     = 1.0000
1 4 4
1.061303973197937e+00 6.920000072568655e-03 -3.036100044846535e-02 -5.996535778045654e+00 
5.435000173747540e-03 9.469320178031921e-01 2.016279995441437e-01 -5.065882492065430e+01 
-1.092000026255846e-02 -1.366000026464462e-01 1.009539008140564e+00 4.447669982910156e+00 
0.000000000000000e+00 0.000000000000000e+00 0.000000000000000e+00 1.000000000000000e+00 
src volume info
valid = 1  # volume info valid
filename = /out/sourcedata/freesurfer/sub-v1s22x0050473_ses-1/mri/orig_nu.mgz
volume = 256 256 256
voxelsize = 1.000000000000000e+00 1.000000000000000e+00 1.000000000000000e+00
xras   = -9.999998807907104e-01 5.575202521868050e-10 -1.862645149230957e-09
yras   = -1.862645149230957e-09 -2.910383045673370e-11 -9.999999403953552e-01
zras   = 1.305124897044152e-09 9.999997615814209e-01 -2.910383045673370e-11
cras   = 3.286483764648438e+00 4.550258636474609e+01 -2.044049835205078e+01
dst volume info
valid = 1  # volume info valid
filename = /opt/freesurfer/average/mni305.cor.mgz
volume = 256 256 256
voxelsize = 1.000000000000000e+00 1.000000000000000e+00 1.000000000000000e+00
xras   = -1.000000000000000e+00 0.000000000000000e+00 0.000000000000000e+00
yras   = 0.000000000000000e+00 0.000000000000000e+00 -1.000000000000000e+00
zras   = 0.000000000000000e+00 1.000000000000000e+00 0.000000000000000e+00
cras   = 0.000000000000000e+00 0.000000000000000e+00 0.000000000000000e+00
subject fsaverage
fscale 0.100000
