# transform file transforms/talairach.lta
# created by oesteban on Mon Mar  9 14:00:47 2026

type      = 0 # LINEAR_VOX_TO_VOX
nxforms   = 1
mean      = 124.0000 103.0000 117.0000
sigma     = 10000.0000
1 4 4
1.035621523857117e+00 -1.930174231529236e-02 1.321322005242109e-02 -3.322201728820801e+00 
1.689065620303154e-02 1.042188644409180e+00 1.449909508228302e-01 -2.907485961914062e+00 
-1.658482290804386e-02 -1.351161152124405e-01 9.647095799446106e-01 1.363165855407715e+01 
0.000000000000000e+00 0.000000000000000e+00 0.000000000000000e+00 1.000000000000000e+00 
src volume info
valid = 1  # volume info valid
filename = nu.mgz
volume = 256 256 256
voxelsize = 1.000000000000000e+00 1.000000000000000e+00 1.000000000000000e+00
xras   = -9.999998807907104e-01 5.575202521868050e-10 -1.862645149230957e-09
yras   = -1.862645149230957e-09 -2.910383045673370e-11 -9.999999403953552e-01
zras   = 1.305124897044152e-09 9.999997615814209e-01 -2.910383045673370e-11
cras   = 3.286483764648438e+00 4.550258636474609e+01 -2.044049835205078e+01
dst volume info
valid = 1  # volume info valid
filename = /opt/freesurfer/average/RB_all_2020-01-02.gca
volume = 256 256 256
voxelsize = 1.000000000000000e+00 1.000000000000000e+00 1.000000000000000e+00
xras   = -1.000000000000000e+00 0.000000000000000e+00 0.000000000000000e+00
yras   = 0.000000000000000e+00 0.000000000000000e+00 -1.000000000000000e+00
zras   = 0.000000000000000e+00 1.000000000000000e+00 0.000000000000000e+00
cras   = 0.000000000000000e+00 0.000000000000000e+00 0.000000000000000e+00
