#Insight Transform File V1.0
#Transform 0
Transform: AffineTransform_float_3_3
Parameters: 1 -0.00043429 3.85745e-05 0.000434305 0.999999 -0.00132298 -3.84215e-05 0.00132302 0.999999 -0.00415454 -0.00623232 0.0831357
FixedParameters: 0 0 0

#Transform 1
Transform: AffineTransform_float_3_3
Parameters: 1 -0.000339649 3.03271e-05 0.00033967 0.999999 -0.00178699 -3.01094e-05 0.00178701 0.999999 -0.00106171 0.0346094 0.0958198
FixedParameters: 0 0 0

#Transform 2
Transform: AffineTransform_float_3_3
Parameters: 1 -0.000255985 2.28194e-05 0.000256058 0.999998 -0.00164199 -2.19786e-05 0.001642 0.999998 -0.00869017 0.0185144 0.12787
FixedParameters: 0 0 0

#Transform 3
Transform: AffineTransform_float_3_3
Parameters: 1 -1.49758e-22 -1.42739e-19 -1.02208e-22 0.999999 -0.001422 1.422e-19 0.001422 0.999999 -5e-06 -0.0172517 0.0543424
FixedParameters: 0 0 0

#Transform 4
Transform: AffineTransform_float_3_3
Parameters: 1 -1.65284e-22 -1.47557e-19 -1.1609e-22 0.999999 -0.00147 1.47e-19 0.00147 0.999999 0 0.0263013 0.132071
FixedParameters: 0 0 0

#Transform 5
Transform: AffineTransform_float_3_3
Parameters: 1 -0.000156743 0.000212745 0.000156414 0.999999 -0.00157097 -0.000212166 0.00157103 0.999998 -0.0128273 0.0122522 0.169974
FixedParameters: 0 0 0

#Transform 6
Transform: AffineTransform_float_3_3
Parameters: 1 -1.67917e-22 -1.4836e-19 -1.18448e-22 0.999999 -0.001478 1.478e-19 0.001478 0.999999 -3e-06 -0.00439554 0.0721763
FixedParameters: 0 0 0

#Transform 7
Transform: AffineTransform_float_3_3
Parameters: 1 -7.61335e-05 0.000193517 7.67365e-05 0.999999 -0.00155898 -0.000193278 0.00155901 0.999999 -0.00970707 0.0118803 0.0942522
FixedParameters: 0 0 0

#Transform 8
Transform: AffineTransform_float_3_3
Parameters: 1 -1.46265e-22 -1.41635e-19 -9.90918e-23 0.999999 -0.001411 1.411e-19 0.001411 0.999999 0.007064 0.039656 0.153947
FixedParameters: 0 0 0

#Transform 9
Transform: AffineTransform_float_3_3
Parameters: 1 -1.15474e-22 -9.23487e-20 -8.46397e-23 0.999999 -0.000919999 9.19999e-20 0.000919999 0.999999 0 0.000781683 0.0437931
FixedParameters: 0 0 0

#Transform 10
Transform: AffineTransform_float_3_3
Parameters: 1 3.35851e-05 0.000377509 -3.34752e-05 0.999999 -0.00146501 -0.00037752 0.00146499 0.999999 -0.0133099 0.0336506 0.0628351
FixedParameters: 0 0 0

#Transform 11
Transform: AffineTransform_float_3_3
Parameters: 1 1.68614e-05 0.000190254 -1.64321e-05 1 -0.001128 -0.000190292 0.001128 1 -0.00667047 0.0197535 0.125043
FixedParameters: 0 0 0

#Transform 12
Transform: AffineTransform_float_3_3
Parameters: 1 0.000116546 -1.02944e-05 -0.000116563 0.999999 -0.000833998 1.01e-05 0.000834001 0.999999 0.00393744 -0.0168647 0.0367498
FixedParameters: 0 0 0

#Transform 13
Transform: AffineTransform_float_3_3
Parameters: 1 -1.62338e-22 -1.46654e-19 -1.13452e-22 0.999999 -0.001461 1.461e-19 0.001461 0.999999 -3e-06 0.0454273 0.134436
FixedParameters: 0 0 0

#Transform 14
Transform: AffineTransform_float_3_3
Parameters: 1 3.06558e-06 3.48655e-05 -3.03532e-06 1 -0.000434 -3.48681e-05 0.000434 1 -0.00120182 -0.0120637 0.0597917
FixedParameters: 0 0 0

#Transform 15
Transform: AffineTransform_float_3_3
Parameters: 1 1.19635e-05 0.000135473 -1.17429e-05 0.999999 -0.000814001 -0.000135492 0.000813998 0.999999 0.000961779 0.00491221 0.071267
FixedParameters: 0 0 0

#Transform 16
Transform: AffineTransform_float_3_3
Parameters: 1 3.08849e-06 3.48635e-05 -3.01241e-06 1 -0.001091 -3.48701e-05 0.001091 1 -0.0011992 0.0255126 0.131923
FixedParameters: 0 0 0

#Transform 17
Transform: AffineTransform_float_3_3
Parameters: 1 0.000134992 8.5528e-05 -0.000134862 1 -0.000253012 -8.46e-05 0.000252989 1 0.000861478 -0.0309591 -0.025197
FixedParameters: 0 0 0

#Transform 18
Transform: AffineTransform_float_3_3
Parameters: 1 2.28957e-05 0.00025899 -2.24253e-05 0.999999 -0.000908005 -0.000259031 0.000907993 0.999999 -1.73524e-05 0.0172154 0.0751162
FixedParameters: 0 0 0

#Transform 19
Transform: AffineTransform_float_3_3
Parameters: 1 7.93726e-05 -2.2045e-05 -7.93962e-05 1 -0.000534998 2.19601e-05 0.000535002 1 0.00326956 0.0225459 0.14381
FixedParameters: 0 0 0

#Transform 20
Transform: AffineTransform_float_3_3
Parameters: 1 -4.43829e-06 -5.08065e-05 4.4516e-06 1 0.000131 5.08053e-05 -0.000131 1 0.00177446 -0.0128344 -0.00592533
FixedParameters: 0 0 0

#Transform 21
Transform: AffineTransform_float_3_3
Parameters: 1 1.24214e-05 0.000140452 -1.21565e-05 0.999999 -0.000943001 -0.000140475 0.000942997 0.999999 -0.00493774 0.0358043 0.117097
FixedParameters: 0 0 0

#Transform 22
Transform: AffineTransform_float_3_3
Parameters: 1 -4.35938e-07 -4.98096e-06 4.35619e-07 1 -3.2e-05 4.98099e-06 3.2e-05 1 0.000204398 -0.00138158 0.0599172
FixedParameters: 0 0 0

#Transform 23
Transform: AffineTransform_float_3_3
Parameters: 1 -4.36665e-07 -4.9809e-06 4.34892e-07 1 -0.000178 4.98105e-06 0.000178 1 0.000204595 0.000335689 0.0203227
FixedParameters: 0 0 0

#Transform 24
Transform: AffineTransform_float_3_3
Parameters: 1 8.90324e-06 0.000100607 -8.70221e-06 1 -0.000999088 -0.000100624 0.000998912 0.999999 0.00891429 0.0510686 0.167977
FixedParameters: 0 0 0

#Transform 25
Transform: AffineTransform_float_3_3
Parameters: 1 -0.000223642 -8.87309e-05 0.000223547 1 -0.00053502 8.89701e-05 0.00053498 1 0.0105879 0.0185926 0.134203
FixedParameters: 0 0 0

#Transform 26
Transform: AffineTransform_float_3_3
Parameters: 1 -0.000195056 6.52467e-05 0.000195055 1 9.01273e-06 -6.52502e-05 -8.98727e-06 1 -0.00846726 -0.0119073 0.0741003
FixedParameters: 0 0 0

#Transform 27
Transform: AffineTransform_float_3_3
Parameters: 1 -2.21772e-05 -0.000254034 2.22722e-05 1 0.000186994 0.000254025 -0.000187006 1 0.00897684 -0.00300529 -0.0443861
FixedParameters: 0 0 0

#Transform 28
Transform: AffineTransform_float_3_3
Parameters: 1 -0.000116508 0.00014777 0.00011663 1 -0.000411983 -0.000147674 0.000412017 1 -0.00915594 0.0303165 0.0683
FixedParameters: 0 0 0

#Transform 29
Transform: AffineTransform_float_3_3
Parameters: 1 9.295e-06 0.000105592 -9.18201e-06 1 -0.000535001 -0.000105602 0.000534999 1 0.0120202 0.0389618 0.157451
FixedParameters: 0 0 0

#Transform 30
Transform: AffineTransform_float_3_3
Parameters: 1 -0.000212626 1.357e-05 0.000212624 1 6.20029e-05 -1.35964e-05 -6.19971e-05 1 -0.00700144 0.0305927 0.0958781
FixedParameters: 0 0 0

#Transform 31
Transform: AffineTransform_float_3_3
Parameters: 1 -4.34519e-07 -4.98108e-06 4.37039e-07 1 0.000253 4.98086e-06 -0.000253 1 0.000204987 -0.0246392 -0.0563187
FixedParameters: 0 0 0

#Transform 32
Transform: AffineTransform_float_3_3
Parameters: 1 3.0798e-05 0.000351654 -3.0734e-05 1 -9.10108e-05 -0.000351659 9.09892e-05 1 -0.00680162 0.00544552 -0.0188804
FixedParameters: 0 0 0

#Transform 33
Transform: AffineTransform_float_3_3
Parameters: 1 1.41444e-05 0.000161381 -1.40941e-05 1 -0.000156002 -0.000161386 0.000155998 1 0.0103805 0.00407128 0.105438
FixedParameters: 0 0 0

#Transform 34
Transform: AffineTransform_float_3_3
Parameters: 1 9.12175e-06 0.000104603 -9.18095e-06 1 0.000282999 -0.000104598 -0.000283001 1 -0.00370451 -0.0159124 0.0406575
FixedParameters: 0 0 0

#Transform 35
Transform: AffineTransform_float_3_3
Parameters: 1 -0.0001409 7.28897e-06 0.000140898 1 0.000135001 -7.32701e-06 -0.000134999 1 -0.00455391 -0.0160269 -0.108491
FixedParameters: 0 0 0

#Transform 36
Transform: AffineTransform_float_3_3
Parameters: 1 2.60128e-05 0.000296862 -2.5932e-05 1 -0.000136008 -0.00029687 0.000135992 1 0.00696539 0.0237914 0.0581383
FixedParameters: 0 0 0

#Transform 37
Transform: AffineTransform_float_3_3
Parameters: 1 -0.000255258 0.000420872 0.000255326 1 -8.08925e-05 -0.000420831 8.11074e-05 1 0.000217799 0.0199176 0.133721
FixedParameters: 0 0 0

#Transform 38
Transform: AffineTransform_float_3_3
Parameters: 1 -0.000215614 1.38395e-05 0.000215613 1 2.4003e-05 -1.38498e-05 -2.3997e-05 1 0.00986519 0.0172382 0.0582641
FixedParameters: 0 0 0

#Transform 39
Transform: AffineTransform_float_3_3
Parameters: 1 3.23259e-05 0.000369589 -3.23436e-05 1 2.3988e-05 -0.000369587 -2.40119e-05 1 -0.00711448 0.012189 -0.0222416
FixedParameters: 0 0 0

#Transform 40
Transform: AffineTransform_float_3_3
Parameters: 1 -0.000126139 0.000301188 0.000125332 1 -0.000313962 -0.000301021 0.000314038 1 0.00126343 0.0506163 0.153458
FixedParameters: 0 0 0

#Transform 41
Transform: AffineTransform_float_3_3
Parameters: 1 -0.000246496 1.65406e-05 0.000246495 1 2.40041e-05 -1.65524e-05 -2.39959e-05 1 0.00637278 0.0225055 0.144414
FixedParameters: 0 0 0

#Transform 42
Transform: AffineTransform_float_3_3
Parameters: 1 -4.34135e-07 -4.98112e-06 4.37422e-07 1 0.00033 4.98083e-06 -0.00033 1 0.0113967 -0.0120332 -0.00555694
FixedParameters: 0 0 0

#Transform 43
Transform: AffineTransform_float_3_3
Parameters: 1 -4.36232e-07 -4.98093e-06 4.35325e-07 1 -9.1e-05 4.98101e-06 9.1e-05 1 0.00895753 0.0238039 0.0316866
FixedParameters: 0 0 0

#Transform 44
Transform: AffineTransform_float_3_3
Parameters: 1 -4.26014e-05 0.00043036 4.27073e-05 1 -0.000122982 -0.00043035 0.000123018 1 0.00964709 0.045157 0.212562
FixedParameters: 0 0 0

#Transform 45
Transform: AffineTransform_float_3_3
Parameters: 1 1.87803e-05 0.000216186 -1.90453e-05 1 0.000612996 -0.000216163 -0.000613004 1 0.0174425 -0.00466333 0.0962898
FixedParameters: 0 0 0

#Transform 46
Transform: AffineTransform_float_3_3
Parameters: 1 9.32158e-05 -1.31076e-05 -9.31971e-05 0.999999 0.000708001 1.32396e-05 -0.000707998 0.999999 0.0182908 -0.0147779 -0.0333733
FixedParameters: 0 0 0

#Transform 47
Transform: AffineTransform_float_3_3
Parameters: 1 2.71419e-05 0.000310817 -2.72433e-05 1 0.000162992 -0.000310808 -0.000163008 1 0.0107452 0.0323596 0.185972
FixedParameters: 0 0 0

#Transform 48
Transform: AffineTransform_float_3_3
Parameters: 1 1.48651e-05 0.000170353 -1.49421e-05 1 0.000225997 -0.000170346 -0.000226003 1 0.0221031 0.00659963 0.221763
FixedParameters: 0 0 0

#Transform 49
Transform: AffineTransform_float_3_3
Parameters: 1 -4.31186e-07 -4.98137e-06 4.40371e-07 0.999999 0.000921999 4.98057e-06 -0.000921999 0.999999 0.0196996 -0.0233868 0.0123467
FixedParameters: 0 0 0

#Transform 50
Transform: AffineTransform_float_3_3
Parameters: 1 -0.000117009 0.000155673 0.000116727 1 0.000904932 -0.000155884 -0.000905069 0.999999 0.0104997 0.00282178 0.00793905
FixedParameters: 0 0 0

#Transform 51
Transform: AffineTransform_float_3_3
Parameters: 1 4.48324e-05 0.000515052 -4.52866e-05 1 0.000440977 -0.000515013 -0.000441023 1 0.00871659 0.0387897 0.195764
FixedParameters: 0 0 0

#Transform 52
Transform: AffineTransform_float_3_3
Parameters: 1 1.33114e-05 0.000153424 -1.35326e-05 0.999999 0.000720998 -0.000153404 -0.000721002 0.999999 0.0127609 0.00605347 0.144803
FixedParameters: 0 0 0

#Transform 53
Transform: AffineTransform_float_3_3
Parameters: 1 -4.30105e-07 -4.98147e-06 4.41452e-07 1 0.001139 4.98048e-06 -0.001139 1 0.00648993 -0.0145633 -0.0462152
FixedParameters: 0 0 0

#Transform 54
Transform: AffineTransform_float_3_3
Parameters: 1 3.4003e-05 0.00039253 -3.46757e-05 0.999999 0.000856986 -0.000392471 -0.000857013 0.999999 0.00564372 0.0456575 0.0942926
FixedParameters: 0 0 0

#Transform 55
Transform: AffineTransform_float_3_3
Parameters: 1 -0.000264285 0.00020552 0.000264936 1 0.00105406 -0.000205169 -0.00105395 1 0.011648 0.00329302 0.1107
FixedParameters: 0 0 0

#Transform 56
Transform: AffineTransform_float_3_3
Parameters: 1 -4.29328e-07 -4.98153e-06 4.42229e-07 0.999999 0.001295 4.98041e-06 -0.001295 0.999999 0.00512096 -0.0244529 -0.0517419
FixedParameters: 0 0 0

#Transform 57
Transform: AffineTransform_float_3_3
Parameters: 1 -0.000163877 0.000112594 0.000163724 1 0.000680018 -0.000112816 -0.000679981 1 0.0175677 0.0471298 0.0872985
FixedParameters: 0 0 0

#Transform 58
Transform: AffineTransform_float_3_3
Parameters: 1 3.38469e-05 0.000389532 -3.43089e-05 1 0.000592986 -0.000389492 -0.000593013 0.999999 0.0208116 0.0138793 0.124567
FixedParameters: 0 0 0

#Transform 59
Transform: AffineTransform_float_3_3
Parameters: 1 -4.3006e-07 -4.98147e-06 4.41497e-07 1 0.001148 4.98047e-06 -0.001148 1 0.0179928 -0.0450174 -0.0123586
FixedParameters: 0 0 0

#Transform 60
Transform: AffineTransform_float_3_3
Parameters: 1 -4.30245e-07 -4.98146e-06 4.41312e-07 1 0.001111 4.98049e-06 -0.001111 1 0.0218639 -0.00706097 -0.0390912
FixedParameters: 0 0 0

#Transform 61
Transform: AffineTransform_float_3_3
Parameters: 1 3.12958e-05 0.000360645 -3.1805e-05 1 0.000705988 -0.0003606 -0.000706011 0.999999 0.0249126 0.0388465 0.165875
FixedParameters: 0 0 0

#Transform 62
Transform: AffineTransform_float_3_3
Parameters: 1 2.98429e-05 0.00034471 -3.04688e-05 0.999999 0.000907989 -0.000344656 -0.00090801 0.999999 0.00770053 0.0251703 0.165216
FixedParameters: 0 0 0

#Transform 63
Transform: AffineTransform_float_3_3
Parameters: 1 -8.59832e-07 -9.96297e-06 8.83282e-07 1 0.001177 9.96092e-06 -0.001177 1 0.00653756 -0.0224657 -0.0153127
FixedParameters: 0 0 0

#Transform 64
Transform: AffineTransform_float_3_3
Parameters: 1 6.9398e-05 0.000198756 -6.97656e-05 0.999999 0.000924985 -0.000198627 -0.000925013 0.999999 0.0174604 0.029266 0.060287
FixedParameters: 0 0 0

#Transform 65
Transform: AffineTransform_float_3_3
Parameters: 1 2.37593e-05 0.000273972 -2.41763e-05 0.999999 0.000760993 -0.000273935 -0.000761006 0.999999 0.017878 0.0247401 0.207092
FixedParameters: 0 0 0

#Transform 66
Transform: AffineTransform_float_3_3
Parameters: 1 1.75908e-05 0.00020324 -1.79688e-05 0.999999 0.000929996 -0.000203207 -0.000930003 0.999999 -0.000964628 -0.0263094 0.00611157
FixedParameters: 0 0 0

#Transform 67
Transform: AffineTransform_float_3_3
Parameters: 1 0.000111731 -4.27821e-05 -0.000111642 1 0.00103201 4.30126e-05 -0.001032 1 0.0112109 -0.00833725 -0.0589615
FixedParameters: 0 0 0

#Transform 68
Transform: AffineTransform_float_3_3
Parameters: 1 1.76326e-05 0.000203236 -1.79269e-05 0.999999 0.000723996 -0.000203211 -0.000724003 0.999999 0.0155042 0.0227361 0.0895455
FixedParameters: 0 0 0

#Transform 69
Transform: AffineTransform_float_3_3
Parameters: 1 1.75233e-05 0.000203246 -1.80362e-05 0.999999 0.001262 -0.000203201 -0.001262 0.999999 0.0128938 -0.00652357 0.144166
FixedParameters: 0 0 0

#Transform 70
Transform: AffineTransform_float_3_3
Parameters: 1 0.000251663 7.87507e-05 -0.00025191 0.999998 0.00157798 -7.7956e-05 -0.00157802 0.999999 0.0109334 -0.0432774 -0.0244083
FixedParameters: 0 0 0

#Transform 71
Transform: AffineTransform_float_3_3
Parameters: 1 0.000302478 0.000178658 -0.000302904 0.999999 0.00119395 -0.000177936 -0.00119405 1 0.0173756 -0.00367438 0.0210222
FixedParameters: 0 0 0

#Transform 72
Transform: AffineTransform_float_3_3
Parameters: 1 1.09251e-05 0.000126529 -1.12125e-05 1 0.001136 -0.000126504 -0.001136 1 0.0159471 -0.00279106 0.101345
FixedParameters: 0 0 0

#Transform 73
Transform: AffineTransform_float_3_3
Parameters: 1 0.000247616 0.000183475 -0.000247188 0.999999 0.00155095 -0.000182795 -0.00155104 0.999999 0.0110888 -0.0466637 -0.0335742
FixedParameters: 0 0 0

#Transform 74
Transform: AffineTransform_float_3_3
Parameters: 1 1.76227e-05 0.000203237 -1.79369e-05 0.999999 0.000772996 -0.00020321 -0.000773003 0.999999 0.0194907 0.00467707 0.0983508
FixedParameters: 0 0 0

#Transform 75
Transform: AffineTransform_float_3_3
Parameters: 1 2.24533e-05 0.000260032 -2.3042e-05 1 0.00113199 -0.000259981 -0.00113201 1 0.0153708 0.0146617 0.187708
FixedParameters: 0 0 0

#Transform 76
Transform: AffineTransform_float_3_3
Parameters: 1 1.29039e-05 0.000150448 -1.34171e-05 0.999998 0.001706 -0.000150403 -0.001706 0.999998 0.0243067 -0.0328317 0.0410457
FixedParameters: 0 0 0

#Transform 77
Transform: AffineTransform_float_3_3
Parameters: 1 1.35495e-05 0.000158422 -1.4166e-05 0.999998 0.001946 -0.000158368 -0.001946 0.999998 0.0248599 -0.0625881 -0.0510396
FixedParameters: 0 0 0

#Transform 78
Transform: AffineTransform_float_3_3
Parameters: 1 -4.61207e-05 0.000534956 4.59644e-05 1 0.00107703 -0.000535142 -0.00107698 1 0.0121155 0.0277457 0.155811
FixedParameters: 0 0 0

#Transform 79
Transform: AffineTransform_float_3_3
Parameters: 1 8.57779e-06 9.96314e-05 -8.85334e-06 0.999999 0.001383 -9.96073e-05 -0.001383 0.999999 0.0215887 -0.00559611 0.137709
FixedParameters: 0 0 0

#Transform 80
Transform: AffineTransform_float_3_3
Parameters: 1 8.53117e-06 9.96355e-05 -8.89996e-06 0.999999 0.001851 -9.96032e-05 -0.001851 0.999999 0.0180533 -0.0335096 -0.0253713
FixedParameters: 0 0 0

#Transform 81
Transform: AffineTransform_float_3_3
Parameters: 0.999999 0.000272814 0.000760514 -0.000274751 0.999998 0.00192979 -0.000759545 -0.00193021 0.999998 0.0149428 -0.0118932 0.102905
FixedParameters: 0 0 0

#Transform 82
Transform: AffineTransform_float_3_3
Parameters: 1 2.38219e-05 0.000280992 -2.43379e-05 0.999997 0.002691 -0.00028095 -0.00269101 0.999997 0.0175073 -0.0491792 0.109617
FixedParameters: 0 0 0

#Transform 83
Transform: AffineTransform_float_3_3
Parameters: 1 3.64484e-05 0.000428452 -3.75094e-05 0.999997 0.00240098 -0.000428362 -0.00240102 0.999997 0.0107102 -0.0543595 -0.0301516
FixedParameters: 0 0 0

#Transform 84
Transform: AffineTransform_float_3_3
Parameters: 1 1.94919e-05 0.000228169 -2.04254e-05 0.999998 0.00204599 -0.000228087 -0.002046 0.999998 0.0243435 -0.00734394 0.116388
FixedParameters: 0 0 0

#Transform 85
Transform: AffineTransform_float_3_3
Parameters: 1 0.000344227 0.000390298 -0.000345368 0.999997 0.00262887 -0.000389568 -0.00262914 0.999997 0.0319533 -0.044989 0.157735
FixedParameters: 0 0 0

#Transform 86
Transform: AffineTransform_float_3_3
Parameters: 1 0.000112041 9.08997e-05 -0.000112688 0.999996 0.00306999 -9.1206e-05 -0.00307001 0.999996 0.0304863 -0.0885669 -0.00509989
FixedParameters: 0 0 0

#Transform 87
Transform: AffineTransform_float_3_3
Parameters: 1 1.52327e-05 0.000179354 -1.61433e-05 0.999997 0.002539 -0.000179275 -0.002539 0.999997 0.0269109 -0.0553129 0.00994394
FixedParameters: 0 0 0

#Transform 88
Transform: AffineTransform_float_3_3
Parameters: 1 2.42353e-05 0.000284971 -2.46217e-05 0.999997 0.00242599 -0.00028494 -0.00242601 0.999997 0.0212709 -0.000983512 0.107824
FixedParameters: 0 0 0

#Transform 89
Transform: AffineTransform_float_3_3
Parameters: 1 8.38101e-06 9.96482e-05 -9.05005e-06 0.999995 0.003358 -9.95897e-05 -0.003358 0.999995 0.0219713 -0.0466366 0.0462983
FixedParameters: 0 0 0

#Transform 90
Transform: AffineTransform_float_3_3
Parameters: 1 8.44109e-06 9.96431e-05 -8.99e-06 0.999996 0.002755 -9.95951e-05 -0.002755 0.999996 0.0173638 -0.0345393 -0.0399454
FixedParameters: 0 0 0

#Transform 91
Transform: AffineTransform_float_3_3
Parameters: 1 0.000230921 0.000319575 -0.000231454 0.999997 0.00239593 -0.000318555 -0.00239607 0.999997 0.0241207 0.00550951 0.0913098
FixedParameters: 0 0 0

#Transform 92
Transform: AffineTransform_float_3_3
Parameters: 1 8.45186e-06 9.96422e-05 -8.97924e-06 0.999997 0.002647 -9.95961e-05 -0.002647 0.999997 0.0157514 -0.0265465 0.0557964
FixedParameters: 0 0 0

#Transform 93
Transform: AffineTransform_float_3_3
Parameters: 1 0.00010708 9.12959e-05 -0.000106691 0.999996 0.00284399 -9.17713e-05 -0.00284401 0.999996 0.022581 -0.0339899 -0.0361258
FixedParameters: 0 0 0

#Transform 94
Transform: AffineTransform_float_3_3
Parameters: 1 0.000420108 0.00051317 -0.000421477 0.999997 0.00222187 -0.000512383 -0.00222213 0.999998 0.0209222 0.0183875 0.173797
FixedParameters: 0 0 0

#Transform 95
Transform: AffineTransform_float_3_3
Parameters: 1 0.000382365 0.000483314 -0.000382649 0.999997 0.00235882 -0.000481684 -0.00235919 0.999997 0.0185889 -0.0242498 0.141981
FixedParameters: 0 0 0

#Transform 96
Transform: AffineTransform_float_3_3
Parameters: 1 0.000326334 7.25774e-05 -0.000326758 0.999997 0.00232998 -7.20518e-05 -0.00233002 0.999998 0.0296285 -0.0324399 0.0200521
FixedParameters: 0 0 0

#Transform 97
Transform: AffineTransform_float_3_3
Parameters: 1 0.000376119 0.000185754 -0.000376066 0.999998 0.00230793 -0.000185101 -0.00230807 0.999998 0.0354453 0.000175336 0.0741121
FixedParameters: 0 0 0

#Transform 98
Transform: AffineTransform_float_3_3
Parameters: 1 0.000156502 0.000426323 -0.000157936 0.999996 0.00285193 -0.000425513 -0.00285207 0.999996 0.020949 -0.0152362 0.117268
FixedParameters: 0 0 0

#Transform 99
Transform: AffineTransform_float_3_3
Parameters: 1 0.000142951 8.82615e-05 -0.000143542 0.999996 0.00285199 -8.84406e-05 -0.00285201 0.999996 0.0246909 -0.0497157 0.036305
FixedParameters: 0 0 0

#Transform 100
Transform: AffineTransform_float_3_3
Parameters: 1 0.000198787 8.34558e-05 -0.000199279 0.999997 0.00242898 -8.34851e-05 -0.00242902 0.999997 0.0338626 -0.0310952 -0.0489687
FixedParameters: 0 0 0

#Transform 101
Transform: AffineTransform_float_3_3
Parameters: 1 0.000405674 0.000343777 -0.000407275 0.999997 0.00220395 -0.000342982 -0.00220405 0.999998 0.0315512 -0.00968798 0.075722
FixedParameters: 0 0 0

#Transform 102
Transform: AffineTransform_float_3_3
Parameters: 0.999999 0.0004258 0.000580986 -0.000427639 0.999997 0.00236774 -0.000580049 -0.00236726 0.999997 0.0256027 -0.0275243 0.168004
FixedParameters: 0 0 0

#Transform 103
Transform: AffineTransform_float_3_3
Parameters: 1 0.000382078 6.81289e-05 -0.000382676 0.999995 0.00312097 -6.77345e-05 -0.00312103 0.999995 0.0317129 -0.0773886 -0.00344049
FixedParameters: 0 0 0

#Transform 104
Transform: AffineTransform_float_3_3
Parameters: 1 7.32062e-05 9.41587e-05 -7.38196e-05 0.999996 0.00278599 -9.47453e-05 -0.00278601 0.999996 0.0229031 -0.0484258 -0.057039
FixedParameters: 0 0 0

#Transform 105
Transform: AffineTransform_float_3_3
Parameters: 1 0.000197853 0.000201936 -0.000198776 0.999998 0.00228896 -0.000201028 -0.00228904 0.999998 0.02781 -0.00197213 0.104808
FixedParameters: 0 0 0

#Transform 106
Transform: AffineTransform_float_3_3
Parameters: 1 0.000119026 9.02985e-05 -0.000119649 0.999995 0.00296499 -9.0587e-05 -0.00296501 0.999995 0.027921 -0.0350545 0.0402379
FixedParameters: 0 0 0

#Transform 107
Transform: AffineTransform_float_3_3
Parameters: 1 0.000374171 -2.56295e-05 -0.000374107 0.999996 0.00287801 2.67868e-05 -0.00287799 0.999996 0.0445333 -0.0663241 -0.0498333
FixedParameters: 0 0 0

#Transform 108
Transform: AffineTransform_float_3_3
Parameters: 1 0.00010611 9.13494e-05 -0.000106665 0.999996 0.00255299 -9.18024e-05 -0.00255301 0.999996 0.0274747 -0.0131341 0.0846652
FixedParameters: 0 0 0

#Transform 109
Transform: AffineTransform_float_3_3
Parameters: 1 0.000515874 5.96977e-05 -0.000516292 0.999996 0.00281397 -5.77893e-05 -0.00281403 0.999996 0.0365248 -0.0515223 0.0148498
FixedParameters: 0 0 0

#Transform 110
Transform: AffineTransform_float_3_3
Parameters: 1 0.000404705 0.000335056 -0.000405678 0.999996 0.00281386 -0.000333859 -0.00281414 0.999996 0.032289 -0.0489697 -0.0194589
FixedParameters: 0 0 0

#Transform 111
Transform: AffineTransform_float_3_3
Parameters: 1 6.58178e-05 0.000409909 -6.71147e-05 0.999996 0.00279797 -0.000409624 -0.00279803 0.999996 0.0189669 0.00164739 0.120148
FixedParameters: 0 0 0

#Transform 112
Transform: AffineTransform_float_3_3
Parameters: 1 0.000397372 0.000249488 -0.000399016 0.999995 0.0031279 -0.000247993 -0.0031281 0.999995 0.0284353 -0.0564583 0.0337214
FixedParameters: 0 0 0

#Transform 113
Transform: AffineTransform_float_3_3
Parameters: 1 0.000185199 0.000385753 -0.000186371 0.999996 0.00281393 -0.000384794 -0.00281407 0.999996 0.018885 -0.0443857 -0.000531455
FixedParameters: 0 0 0

#Transform 114
Transform: AffineTransform_float_3_3
Parameters: 1 0.000125486 0.000343625 -0.000126318 0.999997 0.00266296 -0.000343042 -0.00266305 0.999997 0.0145995 -0.0112278 0.124924
FixedParameters: 0 0 0

#Transform 115
Transform: AffineTransform_float_3_3
Parameters: 1 0.000383587 8.60813e-05 -0.000384304 0.999995 0.00316297 -8.56448e-05 -0.00316303 0.999995 0.0284664 -0.0557756 0.0544377
FixedParameters: 0 0 0

#Transform 116
Transform: AffineTransform_float_3_3
Parameters: 1 0.000247202 -9.11435e-05 -0.000246751 0.999995 0.00294502 9.1602e-05 -0.00294498 0.999995 0.0333308 -0.0563208 -0.0144158
FixedParameters: 0 0 0

#Transform 117
Transform: AffineTransform_float_3_3
Parameters: 1 0.000164532 -4.80536e-05 -0.000164261 0.999996 0.00279201 4.89716e-05 -0.00279199 0.999996 0.0334583 -0.013512 0.149874
FixedParameters: 0 0 0

#Transform 118
Transform: AffineTransform_float_3_3
Parameters: 1 0.000167327 -0.000194655 -0.000166988 0.999994 0.00365003 0.000194966 -0.00364997 0.999994 0.0362991 -0.0640929 0.0540633
FixedParameters: 0 0 0

#Transform 119
Transform: AffineTransform_float_3_3
Parameters: 1 0.000397884 0.000257708 -0.000398902 0.999993 0.0037519 -0.000255801 -0.0037521 0.999993 0.0345853 -0.090145 -0.0508553
FixedParameters: 0 0 0

#Transform 120
Transform: AffineTransform_float_3_3
Parameters: 1 -8.65611e-05 0.000210065 8.64319e-05 0.999997 0.00267502 -0.000210615 -0.00267498 0.999997 0.0183826 -0.0126315 0.115024
FixedParameters: 0 0 0

#Transform 121
Transform: AffineTransform_float_3_3
Parameters: 1 0.000392649 0.000192553 -0.000393894 0.999996 0.00278192 -0.000192358 -0.00278208 0.999996 0.0336159 -0.0118849 0.163549
FixedParameters: 0 0 0

#Transform 122
Transform: AffineTransform_float_3_3
Parameters: 1 0.000410491 0.000414645 -0.000412754 0.999987 0.00493283 -0.000412751 -0.00493317 0.999987 0.0376615 -0.0375063 -0.0518656
FixedParameters: 0 0 0

#Transform 123
Transform: AffineTransform_float_3_3
Parameters: 1 0.000413518 0.000448318 -0.000415655 0.99999 0.00441881 -0.000446821 -0.00441819 0.99999 0.0332205 -0.00947269 0.0398198
FixedParameters: 0 0 0

#Transform 124
Transform: AffineTransform_float_3_3
Parameters: 0.999999 0.000679598 0.000280637 -0.000681258 0.99999 0.00428681 -0.000277879 -0.00428719 0.999991 0.0502862 0.00630623 0.157001
FixedParameters: 0 0 0

#Transform 125
Transform: AffineTransform_float_3_3
Parameters: 1 0.000211732 0.000319829 -0.000213523 0.999983 0.00579093 -0.000318537 -0.00579107 0.999983 0.0320514 -0.0260376 0.0261822
FixedParameters: 0 0 0

#Transform 126
Transform: AffineTransform_float_3_3
Parameters: 1 0.000371244 0.000306756 -0.000373878 0.999984 0.00565288 -0.000304624 -0.00565212 0.999984 0.047411 -0.0579202 -0.120241
FixedParameters: 0 0 0

#Transform 127
Transform: AffineTransform_float_3_3
Parameters: 0.999999 0.000415757 0.000658958 -0.000419139 0.999989 0.00470672 -0.000657282 -0.00470727 0.999988 0.0419317 0.0067207 0.0437561
FixedParameters: 0 0 0

#Transform 128
Transform: AffineTransform_float_3_3
Parameters: 1 0.000258674 0.000315924 -0.000260315 0.999985 0.00548092 -0.000315246 -0.00548108 0.999985 0.033663 -0.0222229 0.0703227
FixedParameters: 0 0 0

#Transform 129
Transform: AffineTransform_float_3_3
Parameters: 1 0.000259808 0.000315729 -0.000261173 0.999987 0.00504492 -0.000315267 -0.00504508 0.999987 0.0335501 -0.0499303 -0.0925635
FixedParameters: 0 0 0

#Transform 130
Transform: AffineTransform_float_3_3
Parameters: 1 0.000500165 0.000295646 -0.000501973 0.99999 0.00446585 -0.00029325 -0.00446615 0.99999 0.048896 -0.00708171 0.00656116
FixedParameters: 0 0 0

#Transform 131
Transform: AffineTransform_float_3_3
Parameters: 1 0.000481161 0.00037063 -0.000482897 0.999989 0.00481083 -0.000368158 -0.00481118 0.999989 0.0499898 0.00876849 0.105544
FixedParameters: 0 0 0

#Transform 132
Transform: AffineTransform_float_3_3
Parameters: 1 0.000359431 0.000307561 -0.000360786 0.999986 0.00517189 -0.000306003 -0.00517211 0.999986 0.0450928 -0.0428659 -0.043722
FixedParameters: 0 0 0

#Transform 133
Transform: AffineTransform_float_3_3
Parameters: 1 0.000322536 0.000310616 -0.000323964 0.999986 0.0052359 -0.000309398 -0.0052361 0.999986 0.0461717 -0.0112966 -0.0897604
FixedParameters: 0 0 0

#Transform 134
Transform: AffineTransform_float_3_3
Parameters: 1 0.000521933 0.000294106 -0.000524129 0.999988 0.00499985 -0.000291951 -0.00500016 0.999988 0.0424694 0.0108268 0.071486
FixedParameters: 0 0 0

#Transform 135
Transform: AffineTransform_float_3_3
Parameters: 1 0.000307272 0.000312155 -0.000309342 0.999981 0.00624391 -0.000310472 -0.0062441 0.999981 0.0352266 -0.0451156 0.0347411
FixedParameters: 0 0 0

#Transform 136
Transform: AffineTransform_float_3_3
Parameters: 1 0.000148739 0.000325049 -0.000150998 0.99998 0.00641296 -0.000324297 -0.00641305 0.99998 0.0299267 -0.0788066 -0.105471
FixedParameters: 0 0 0

#Transform 137
Transform: AffineTransform_float_3_3
Parameters: 1 0.000332144 0.000590953 -0.00033527 0.999982 0.00587779 -0.000589371 -0.0058772 0.999982 0.025423 -0.0190951 0.0177295
FixedParameters: 0 0 0

#Transform 138
Transform: AffineTransform_float_3_3
Parameters: 1 0.000159629 0.000324197 -0.000162022 0.999978 0.00663895 -0.000323232 -0.00663905 0.999978 0.0452577 -0.0444769 0.052602
FixedParameters: 0 0 0

#Transform 139
Transform: AffineTransform_float_3_3
Parameters: 1 4.12977e-05 0.000333746 -4.31716e-05 0.999983 0.00579499 -0.000333431 -0.00579502 0.999983 0.0369799 -0.0858337 -0.0701723
FixedParameters: 0 0 0

#Transform 140
Transform: AffineTransform_float_3_3
Parameters: 1 0.000304801 0.000230968 -0.00030557 0.999983 0.00581993 -0.000228586 -0.00582007 0.999983 0.0542257 -0.042277 0.0321716
FixedParameters: 0 0 0

#Transform 141
Transform: AffineTransform_float_3_3
Parameters: 1 0.00022731 0.00031879 -0.000229915 0.999976 0.00694792 -0.00031778 -0.00694807 0.999976 0.0468031 -0.0788312 0.0620275
FixedParameters: 0 0 0

#Transform 142
Transform: AffineTransform_float_3_3
Parameters: 1 0.000311117 0.000311972 -0.000313464 0.999977 0.0066969 -0.000309956 -0.00669709 0.999977 0.0514059 -0.126708 -0.201462
FixedParameters: 0 0 0

#Transform 143
Transform: AffineTransform_float_3_3
Parameters: 1 0.000285111 -1.02699e-05 -0.000285162 0.999984 0.005679 1.15161e-05 -0.005679 0.999984 0.0694136 -0.0732325 -0.0378691
FixedParameters: 0 0 0

#Transform 144
Transform: AffineTransform_float_3_3
Parameters: 1 0.000164866 0.000323665 -0.000166748 0.999983 0.00585794 -0.000322893 -0.00585805 0.999983 0.0568263 -0.0343024 0.159358
FixedParameters: 0 0 0

#Transform 145
Transform: AffineTransform_float_3_3
Parameters: 1 7.02353e-05 -0.000174204 -6.89275e-05 0.999977 0.00686202 0.00017425 -0.00686199 0.999977 0.0531041 -0.0699776 0.057101
FixedParameters: 0 0 0

#Transform 146
Transform: AffineTransform_float_3_3
Parameters: 1 0.000277415 -0.000104834 -0.000276299 0.999982 0.00611003 0.000106225 -0.00610997 0.999982 0.0587426 -0.0923235 -0.111746
FixedParameters: 0 0 0

#Transform 147
Transform: AffineTransform_float_3_3
Parameters: 1 0.000305566 0.000239896 -0.000306467 0.999984 0.00568192 -0.000238585 -0.00568207 0.999984 0.0541928 -0.0422626 0.0617742
FixedParameters: 0 0 0

#Transform 148
Transform: AffineTransform_float_3_3
Parameters: 1 0.00031116 0.00031193 -0.000313422 0.999979 0.00656091 -0.000309999 -0.0065611 0.999979 0.035315 -0.0714413 0.0816785
FixedParameters: 0 0 0

#Transform 149
Transform: AffineTransform_float_3_3
Parameters: 1 2.50208e-05 -1.30752e-05 -2.48631e-05 0.999982 0.005963 1.33727e-05 -0.005963 0.999982 0.0518243 -0.103831 -0.0753798
FixedParameters: 0 0 0

#Transform 150
Transform: AffineTransform_float_3_3
Parameters: 1 0.000311446 0.000311645 -0.000313138 0.999984 0.0056449 -0.000310286 -0.0056451 0.999984 0.0541237 -0.0462026 0.0230475
FixedParameters: 0 0 0

#Transform 151
Transform: AffineTransform_float_3_3
Parameters: 1 0.000311289 0.000311801 -0.000313294 0.999981 0.0061469 -0.000310129 -0.0061471 0.999981 0.0630637 -0.0649539 0.109786
FixedParameters: 0 0 0

#Transform 152
Transform: AffineTransform_float_3_3
Parameters: 1 0.000274463 -0.00014162 -0.000273797 0.999979 0.00644804 0.00014325 -0.00644796 0.999979 0.067449 -0.0932464 -0.0777458
FixedParameters: 0 0 0

#Transform 153
Transform: AffineTransform_float_3_3
Parameters: 1 0.000177403 0.00015814 -0.000178421 0.999982 0.00611398 -0.000157047 -0.00611403 0.999982 0.0645316 -0.0644367 -0.0175637
FixedParameters: 0 0 0

#Transform 154
Transform: AffineTransform_float_3_3
Parameters: 1 3.80014e-05 -5.1224e-05 -3.73103e-05 0.999978 0.00671301 5.17295e-05 -0.006713 0.999978 0.0582185 -0.0628164 0.0399449
FixedParameters: 0 0 0

#Transform 155
Transform: AffineTransform_float_3_3
Parameters: 1 7.79013e-05 0.000295717 -8.01606e-05 0.999974 0.00720097 -0.000294753 -0.00720003 0.999974 0.0471227 -0.0929947 -0.134993
FixedParameters: 0 0 0

#Transform 156
Transform: AffineTransform_float_3_3
Parameters: 1 6.73787e-05 0.00013904 -6.82971e-05 0.999976 0.00690599 -0.00013819 -0.00690601 0.999976 0.0563256 -0.0651988 -0.0355009
FixedParameters: 0 0 0

#Transform 157
Transform: AffineTransform_float_3_3
Parameters: 1 0.000137644 0.000418395 -0.00014127 0.99997 0.00780895 -0.000417474 -0.00780907 0.99997 0.0444777 -0.136218 0.0956552
FixedParameters: 0 0 0

#Transform 158
Transform: AffineTransform_float_3_3
Parameters: 0.999999 -0.000724933 0.000628191 0.000720686 0.999975 0.00694346 -0.000632601 -0.00694353 0.999975 0.0361964 -0.110414 -0.0823273
FixedParameters: 0 0 0

#Transform 159
Transform: AffineTransform_float_3_3
Parameters: 1 -0.000358469 0.000223072 0.000357114 0.999967 0.00803608 -0.000226008 -0.00803591 0.999967 0.052353 -0.0597823 0.0455337
FixedParameters: 0 0 0

#Transform 160
Transform: AffineTransform_float_3_3
Parameters: 1 -0.000321749 0.000324953 0.000318745 0.999954 0.00957311 -0.000328357 -0.0095729 0.999954 0.0517289 -0.105622 0.0563502
FixedParameters: 0 0 0

#Transform 161
Transform: AffineTransform_float_3_3
Parameters: 1 -0.000699843 -3.41521e-05 0.000699909 0.999962 0.00866298 2.80902e-05 -0.00866303 0.999963 0.0373307 -0.119127 -0.131538
FixedParameters: 0 0 0

#Transform 162
Transform: AffineTransform_float_3_3
Parameters: 0.999999 -0.000664949 0.000268186 0.000662885 0.999964 0.00845218 -0.000273606 -0.00845182 0.999964 0.0386558 -0.0978214 -0.136576
FixedParameters: 0 0 0

#Transform 163
Transform: AffineTransform_float_3_3
Parameters: 0.999999 -0.00077335 -6.37342e-05 0.00077405 0.999959 0.00900596 5.68586e-05 -0.00900605 0.99996 0.0499197 -0.0883602 0.0319692
FixedParameters: 0 0 0

#Transform 164
Transform: AffineTransform_float_3_3
Parameters: 1 -0.000389774 -0.000337356 0.000392716 0.999965 0.00844387 0.000333999 -0.00844314 0.999965 0.0776614 -0.0857842 -0.00310717
FixedParameters: 0 0 0

#Transform 165
Transform: AffineTransform_float_3_3
Parameters: 0.999999 -0.000883349 1.79828e-05 0.000882617 0.999968 0.00802293 -2.50908e-05 -0.00802307 0.999968 0.0271855 -0.114541 -0.181334
FixedParameters: 0 0 0

#Transform 166
Transform: AffineTransform_float_3_3
Parameters: 0.999999 -0.000861977 -0.000117129 0.000862324 0.999967 0.0080179 0.000109454 -0.00801809 0.999968 0.0328654 -0.0586048 -0.0702889
FixedParameters: 0 0 0

#Transform 167
Transform: AffineTransform_float_3_3
Parameters: 1 -0.000976078 2.45355e-05 0.000976355 0.999961 0.00885194 -3.2853e-05 -0.00885206 0.999961 0.0241301 -0.102815 -0.0633141
FixedParameters: 0 0 0

#Transform 168
Transform: AffineTransform_float_3_3
Parameters: 1 -0.000875377 -0.000395125 0.000879364 0.999955 0.00942466 0.000385908 -0.00942535 0.999956 0.043042 -0.160802 -0.232749
FixedParameters: 0 0 0

#Transform 169
Transform: AffineTransform_float_3_3
Parameters: 0.999999 -0.000885301 -0.000212506 0.0008868 0.999959 0.00908573 0.000204636 -0.00908627 0.999958 0.0527993 -0.100267 -0.15523
FixedParameters: 0 0 0

#Transform 170
Transform: AffineTransform_float_3_3
Parameters: 0.999999 -0.00184531 9.46182e-05 0.00184402 0.999967 0.00789001 -0.000108695 -0.00788899 0.999969 0.0319711 -0.0907294 -0.117772
FixedParameters: 0 0 0

#Transform 171
Transform: AffineTransform_float_3_3
Parameters: 0.999997 -0.00245133 0.000487611 0.00244744 0.999958 0.00881597 -0.000509143 -0.00881503 0.999961 0.0213598 0.00741708 -0.0300247
FixedParameters: 0 0 0

#Transform 172
Transform: AffineTransform_float_3_3
Parameters: 0.999999 -0.000517945 0.00127536 0.000504195 0.999942 0.0106857 -0.00128045 -0.0106853 0.999942 0.0288067 -0.100504 0.156136
FixedParameters: 0 0 0

#Transform 173
Transform: AffineTransform_float_3_3
Parameters: 1 -0.000857933 0.000828513 0.00085043 0.999958 0.00911172 -0.00083672 -0.00911128 0.999958 0.00659393 -0.0546637 0.0359216
FixedParameters: 0 0 0

#Transform 174
Transform: AffineTransform_float_3_3
Parameters: 0.999992 -0.00380973 0.00012817 0.00380998 0.999989 0.00298381 -0.000138953 -0.00298419 0.999995 -0.00208424 0.110053 -0.00166045
FixedParameters: 0 0 0

#Transform 175
Transform: AffineTransform_float_3_3
Parameters: 0.999993 -0.00353966 0.000357118 0.00353733 0.999979 0.00555069 -0.000376472 -0.00554931 0.999984 -0.0087874 0.155491 0.0523667
FixedParameters: 0 0 0

#Transform 176
Transform: AffineTransform_float_3_3
Parameters: 0.999995 -0.00298374 0.000987314 0.00297832 0.999977 0.00605265 -0.0010049 -0.00605036 0.999982 0.00516499 0.14743 0.01483
FixedParameters: 0 0 0

#Transform 177
Transform: AffineTransform_float_3_3
Parameters: 0.999998 -0.00208492 0.000932965 0.00207924 0.999982 0.0057048 -0.000945112 -0.00570321 0.999984 0.0164624 0.105498 -0.215055
FixedParameters: 0 0 0

#Transform 178
Transform: AffineTransform_float_3_3
Parameters: 0.999999 -0.0015635 0.000831945 0.00155852 0.999981 0.00582922 -0.000841525 -0.00582777 0.999982 0.018762 0.181333 0.0127557
FixedParameters: 0 0 0

#Transform 179
Transform: AffineTransform_float_3_3
Parameters: 0.999999 -0.00117709 0.000596075 0.00117323 0.999974 0.00718363 -0.000604341 -0.00718338 0.999974 0.0211153 0.136431 0.128205
FixedParameters: 0 0 0

#Transform 180
Transform: AffineTransform_float_3_3
Parameters: 0.999998 -0.00177603 0.000641687 0.00177024 0.999962 0.00852808 -0.000657334 -0.00852693 0.999964 0.00689123 0.116831 0.0761371
FixedParameters: 0 0 0

#Transform 181
Transform: AffineTransform_float_3_3
Parameters: 0.999999 -0.00125134 0.000600977 0.0012465 0.999967 0.00799667 -0.000611337 -0.00799533 0.999968 0.0186748 0.056082 -0.0967976
FixedParameters: 0 0 0

#Transform 182
Transform: AffineTransform_float_3_3
Parameters: 0.999999 -0.00122781 0.000513109 0.00122435 0.999975 0.00699155 -0.000521549 -0.00699144 0.999975 0.0391924 -0.00932286 -0.292505
FixedParameters: 0 0 0

#Transform 183
Transform: AffineTransform_float_3_3
Parameters: 0.999998 -0.00193206 0.000450571 0.00192897 0.999975 0.00689471 -0.000463417 -0.0068933 0.999976 0.0366406 0.0274768 -0.164175
FixedParameters: 0 0 0

#Transform 184
Transform: AffineTransform_float_3_3
Parameters: 0.999999 -0.00173024 0.000684197 0.00172442 0.999966 0.00797711 -0.000698155 -0.00797588 0.999968 0.0376442 0.0467653 0.015396
FixedParameters: 0 0 0

#Transform 185
Transform: AffineTransform_float_3_3
Parameters: 0.999999 -0.00159115 0.000876335 0.00158172 0.999948 0.0100613 -0.000892927 -0.0100597 0.999949 0.0182068 -0.0213048 -0.102584
FixedParameters: 0 0 0

#Transform 186
Transform: AffineTransform_float_3_3
Parameters: 0.999999 -0.00130223 0.00086913 0.00129414 0.999957 0.00925406 -0.000880816 -0.00925294 0.999957 0.0270835 -0.0648969 -0.240736
FixedParameters: 0 0 0

#Transform 187
Transform: AffineTransform_float_3_3
Parameters: 0.999999 -0.00156781 0.000891001 0.00156061 0.999962 0.00857732 -0.000904496 -0.00857567 0.999963 0.0314376 0.00504879 -0.191068
FixedParameters: 0 0 0

#Transform 188
Transform: AffineTransform_float_3_3
Parameters: 0.999997 -0.00179265 0.00130429 0.00178004 0.999949 0.00998519 -0.00132208 -0.0099838 0.999949 0.0156782 -0.00943178 -0.0419371
FixedParameters: 0 0 0

#Transform 189
Transform: AffineTransform_float_3_3
Parameters: 0.999999 -0.00121542 0.000860964 0.0012067 0.999946 0.0103311 -0.000872737 -0.0103299 0.999947 0.0301871 -0.0321087 -0.131689
FixedParameters: 0 0 0

#Transform 190
Transform: AffineTransform_float_3_3
Parameters: 0.999999 -0.00124984 0.000864344 0.00124093 0.999952 0.00977901 -0.00087636 -0.009778 0.999952 0.0289283 -0.0648817 -0.229622
FixedParameters: 0 0 0

#Transform 191
Transform: AffineTransform_float_3_3
Parameters: 0.999999 -0.0014048 0.000364813 0.00140117 0.999957 0.00909843 -0.000377566 -0.00909756 0.999958 0.0431104 -0.0368097 -0.188447
FixedParameters: 0 0 0

#Transform 192
Transform: AffineTransform_float_3_3
