#Insight Transform File V1.0
#Transform 0
Transform: AffineTransform_float_3_3
Parameters: 0.999998 0.00170297 -0.00100345 -0.00169955 0.999992 0.00381668 0.00100958 -0.00381433 0.999992 -0.0346322 -0.213982 0.0241535
FixedParameters: 0 0 0

#Transform 1
Transform: AffineTransform_float_3_3
Parameters: 0.999998 0.00114198 -0.00130875 -0.00113853 0.999996 0.0025015 0.00131157 -0.0025005 0.999996 -0.0161689 -0.148083 0.0129257
FixedParameters: 0 0 0

#Transform 2
Transform: AffineTransform_float_3_3
Parameters: 0.999998 0.000835255 -0.00144884 -0.000832631 0.999997 0.00196525 0.00145023 -0.00196375 0.999997 -0.0233229 -0.130547 0.0778811
FixedParameters: 0 0 0

#Transform 3
Transform: AffineTransform_float_3_3
Parameters: 1 0.000770851 -0.00090838 -0.000769579 0.999998 0.0018397 0.000909289 -0.0018393 0.999998 -0.00676203 -0.149756 -0.01118
FixedParameters: 0 0 0

#Transform 4
Transform: AffineTransform_float_3_3
Parameters: 0.999999 0.000824761 -0.00133536 -0.000823464 1 0.000874102 0.00133583 -0.000872898 0.999998 0.00555344 -0.0364637 -0.0312612
FixedParameters: 0 0 0

#Transform 5
Transform: AffineTransform_float_3_3
Parameters: 0.999999 0.00059134 -0.00080389 -0.000590516 0.999999 0.000512476 0.000804496 -0.000512523 0.999999 -0.00150054 -0.0524537 0.00384611
FixedParameters: 0 0 0

#Transform 6
Transform: AffineTransform_float_3_3
Parameters: 0.999999 0.00110496 -0.00107552 -0.00110369 0.999999 0.000606189 0.00107586 -0.000604811 1 0.00910428 -0.0188912 0.0245608
FixedParameters: 0 0 0

#Transform 7
Transform: AffineTransform_float_3_3
Parameters: 0.999999 0.0013584 -0.000645853 -0.0013581 0.999999 0.000258842 0.000645556 -0.000258159 1 0.000351168 -0.0429923 0.0234625
FixedParameters: 0 0 0

#Transform 8
Transform: AffineTransform_float_3_3
Parameters: 0.999999 0.0013229 -0.000720151 -0.00132207 0.999999 0.000599917 0.000720737 -0.000599082 0.999999 0.0127884 -0.0390581 0.0336926
FixedParameters: 0 0 0

#Transform 9
Transform: AffineTransform_float_3_3
Parameters: 0.999999 0.001165 -0.000714464 -0.00116519 0.999999 0.000593835 0.000714884 -0.000593167 1 0.0234516 -0.039957 -0.0493317
FixedParameters: 0 0 0

#Transform 10
Transform: AffineTransform_float_3_3
Parameters: 0.999999 0.000928679 -0.000908269 -0.000928977 1 0.000386807 0.000909022 -0.000385193 0.999999 0.0246611 -0.0246487 -0.0403055
FixedParameters: 0 0 0

#Transform 11
Transform: AffineTransform_float_3_3
Parameters: 0.999999 0.000711307 -0.000278185 -0.000711256 0.999999 9.21992e-05 0.000278317 -9.28007e-05 1 0.00141194 -0.0455338 -0.0197596
FixedParameters: 0 0 0

#Transform 12
Transform: AffineTransform_float_3_3
Parameters: 0.999999 0.000595193 -0.000694066 -0.000594761 1 0.000338413 0.000693469 -0.000337587 0.999999 0.0121279 -0.0364905 0.0261431
FixedParameters: 0 0 0

#Transform 13
Transform: AffineTransform_float_3_3
Parameters: 1 0.000610497 -0.000271466 -0.000610421 1 0.000140166 0.000271637 -0.000139834 1 0.00525381 -0.0206562 0.0157223
FixedParameters: 0 0 0

#Transform 14
Transform: AffineTransform_float_3_3
Parameters: 1 0.000493588 -0.000350186 -0.0004934 1 0.000268173 0.000350451 -0.000267827 1 0.0153191 -0.0159171 -0.00192333
FixedParameters: 0 0 0

#Transform 15
Transform: AffineTransform_float_3_3
Parameters: 1 0.000179492 -0.000371829 -0.000179499 1 -9.93326e-06 0.000371825 1.00667e-05 1 0.0197889 -0.0490388 0.0100527
FixedParameters: 0 0 0

#Transform 16
Transform: AffineTransform_float_3_3
Parameters: 1 0.00024423 -0.000244101 -0.000244244 1 4.80596e-05 0.000243125 -4.79406e-05 1 0.00703307 -0.0333727 0.0186732
FixedParameters: 0 0 0

#Transform 17
Transform: AffineTransform_float_3_3
Parameters: 1 0.000139662 -0.000148218 -0.000139663 1 -1.9793e-06 0.000148217 2.0207e-06 1 0.00541381 -0.0202265 -0.0121985
FixedParameters: 0 0 0

#Transform 18
Transform: AffineTransform_float_3_3
Parameters: 1 0.000140548 -0.000124226 -0.000140536 1 5.20175e-05 0.000124241 -5.19825e-05 1 0.00405721 -0.0115795 -0.00117441
FixedParameters: 0 0 0

#Transform 19
Transform: AffineTransform_float_3_3
Parameters: 1 0.000139794 -0.000144235 -0.000139825 1 -0.00010698 0.000144205 0.00010702 1 0.00518425 -0.0307101 0.0202664
FixedParameters: 0 0 0

#Transform 20
Transform: AffineTransform_float_3_3
Parameters: 1 -0.000172467 -0.000228858 0.000172535 1 0.000146961 0.000228807 -0.000147039 1 0.00208653 -0.00961046 0.00662913
FixedParameters: 0 0 0

#Transform 21
Transform: AffineTransform_float_3_3
Parameters: 1 -8.55213e-05 -0.000121951 8.55308e-05 1 3.89896e-05 0.000121945 -3.90104e-05 1 0.0155929 -0.0231344 0.00491787
FixedParameters: 0 0 0

#Transform 22
Transform: AffineTransform_float_3_3
Parameters: 1 -0.000109511 -0.000231157 0.000109576 1 0.000141975 0.000231126 -0.000142025 1 0.0136698 -0.0349044 -0.00863651
FixedParameters: 0 0 0

#Transform 23
Transform: AffineTransform_float_3_3
Parameters: 1 -0.000158508 -0.000229347 0.000158513 1 1.09636e-05 0.000229344 -1.10364e-05 1 0.0181208 -0.00271812 -0.0226524
FixedParameters: 0 0 0

#Transform 24
Transform: AffineTransform_float_3_3
Parameters: 1 -0.000121593 -0.000230671 0.000121441 1 -0.000251028 0.000229733 0.000250972 1 0.0234435 -0.00131432 -0.027542
FixedParameters: 0 0 0

#Transform 25
Transform: AffineTransform_float_3_3
Parameters: 1 2.62696e-05 -0.000236135 -2.64608e-05 1 -0.000404994 0.000236114 0.000405006 1 0.0394942 0.00558259 -0.0494551
FixedParameters: 0 0 0

#Transform 26
Transform: AffineTransform_float_3_3
Parameters: 0.999999 -0.000119602 -0.00088922 0.000119727 1 6.98935e-05 0.000889203 -7.01064e-05 0.999999 0.0430035 0.00796025 -0.0912535
FixedParameters: 0 0 0

#Transform 27
Transform: AffineTransform_float_3_3
Parameters: 1 -0.000310224 -0.000549054 0.000310427 1 0.00018483 0.00054894 -0.00018517 1 0.00362825 -0.0336413 -0.0296586
FixedParameters: 0 0 0

#Transform 28
Transform: AffineTransform_float_3_3
Parameters: 1 -0.000119109 -0.000680077 0.000118893 1 -0.000159081 0.000680115 0.000158919 1 0.050266 0.00895972 -0.0151025
FixedParameters: 0 0 0

#Transform 29
Transform: AffineTransform_float_3_3
Parameters: 0.999999 -0.000479191 -0.000666593 0.000478291 0.999999 -0.000648319 0.000666215 0.00064768 0.999999 0.0564717 0.0321528 -0.0277912
FixedParameters: 0 0 0

#Transform 30
Transform: AffineTransform_float_3_3
Parameters: 1 -0.000293557 -9.12581e-05 0.000293528 1 -0.000159027 9.13515e-05 0.000158973 1 0.0282653 -0.0168138 0.0163595
FixedParameters: 0 0 0

#Transform 31
Transform: AffineTransform_float_3_3
Parameters: 1 -0.000475073 -0.000289569 0.000474802 1 -0.000467137 0.000290013 0.000466862 1 0.0457465 0.0193582 -0.0042746
FixedParameters: 0 0 0

#Transform 32
Transform: AffineTransform_float_3_3
Parameters: 1 -0.000533894 -6.69845e-05 0.000533768 1 -0.000935072 6.79828e-05 0.000934927 0.999999 0.0430084 0.0340307 0.0146116
FixedParameters: 0 0 0

#Transform 33
Transform: AffineTransform_float_3_3
Parameters: 1 -0.000286882 8.87843e-05 0.000286976 0.999999 -0.000731974 -8.93635e-05 0.000732025 0.999999 0.0267831 0.025767 0.00798904
FixedParameters: 0 0 0

#Transform 34
Transform: AffineTransform_float_3_3
Parameters: 0.999999 -0.000734058 -1.45628e-05 0.000733999 1 -0.000748048 1.46616e-05 0.000747953 0.999999 0.0413713 0.0452841 -0.0116201
FixedParameters: 0 0 0

#Transform 35
Transform: AffineTransform_float_3_3
Parameters: 1 -0.000430302 -2.54079e-05 0.000431163 0.999998 -0.00196101 2.60612e-05 0.00196099 0.999998 0.04159 0.0894175 -0.00318311
FixedParameters: 0 0 0

#Transform 36
Transform: AffineTransform_float_3_3
Parameters: 1 -0.000267303 2.32847e-05 0.000267384 0.999999 -0.001769 -2.23388e-05 0.00176901 0.999999 0.033717 0.0845732 0.0176206
FixedParameters: 0 0 0

#Transform 37
Transform: AffineTransform_float_3_3
Parameters: 1 -0.000269425 -3.1595e-05 0.000270257 0.999998 -0.00206501 3.16734e-05 0.00206499 0.999998 0.0296882 0.108605 0.0360238
FixedParameters: 0 0 0

#Transform 38
Transform: AffineTransform_float_3_3
Parameters: 1 -0.000269427 -3.15783e-05 0.000270255 0.999997 -0.00212701 3.16902e-05 0.00212699 0.999997 0.0243052 0.111478 0.0135513
FixedParameters: 0 0 0

#Transform 39
Transform: AffineTransform_float_3_3
Parameters: 1 -9.05614e-05 -3.8518e-05 9.03967e-05 0.999997 -0.002127 3.89029e-05 0.002127 0.999997 0.0269433 0.0761887 0.0295388
FixedParameters: 0 0 0

#Transform 40
Transform: AffineTransform_float_3_3
Parameters: 1 -0.000167512 -3.54912e-05 0.000167308 0.999997 -0.00237501 3.52871e-05 0.00237499 0.999997 0.0247949 0.158774 -0.156671
FixedParameters: 0 0 0

#Transform 41
Transform: AffineTransform_float_3_3
Parameters: 1 1.23546e-05 -4.25131e-05 -1.25484e-05 0.999998 -0.002281 4.24563e-05 0.002281 0.999998 0.00684803 0.0599243 -0.0411601
FixedParameters: 0 0 0

#Transform 42
Transform: AffineTransform_float_3_3
Parameters: 1 2.4314e-05 0.000289271 -2.39212e-05 0.999997 -0.00240601 -0.000289351 0.00240599 0.999997 -0.000865876 0.0886045 0.0273526
FixedParameters: 0 0 0

#Transform 43
Transform: AffineTransform_float_3_3
Parameters: 1 -7.19178e-05 0.000470124 7.27368e-05 0.999998 -0.00193496 -0.000469808 0.00193404 0.999998 0.0134801 0.0704729 -0.0178916
FixedParameters: 0 0 0

#Transform 44
Transform: AffineTransform_float_3_3
Parameters: 1 -0.000245079 0.0005989 0.000246395 0.999998 -0.00193485 -0.000597913 0.00193415 0.999998 0.0275075 0.0694592 -0.0391607
FixedParameters: 0 0 0

#Transform 45
Transform: AffineTransform_float_3_3
Parameters: 1 0.000317399 0.000430705 -0.000316626 0.999995 -0.00317214 -0.000431643 0.00317186 0.999995 0.0285257 0.155729 -0.0115906
FixedParameters: 0 0 0

#Transform 46
Transform: AffineTransform_float_3_3
Parameters: 1 0.00045841 0.000429128 -0.000456719 0.999995 -0.0030852 -0.000430915 0.0030848 0.999995 0.0559264 0.138644 -0.0186854
FixedParameters: 0 0 0

#Transform 47
Transform: AffineTransform_float_3_3
Parameters: 1 0.00036824 0.000576806 -0.000366571 0.999995 -0.00314421 -0.000578044 0.00314379 0.999995 0.0749274 0.115417 0.0131328
FixedParameters: 0 0 0

#Transform 48
Transform: AffineTransform_float_3_3
Parameters: 1 0.000633899 0.000285966 -0.000632983 0.999994 -0.00320818 -0.000287995 0.00320782 0.999995 0.0774256 0.142003 0.0344455
FixedParameters: 0 0 0

#Transform 49
Transform: AffineTransform_float_3_3
Parameters: 0.999999 0.000777439 0.000273424 -0.000776737 0.999996 -0.00296325 -0.000275994 0.00296275 0.999995 0.101653 0.10587 0.0232682
FixedParameters: 0 0 0

#Transform 50
Transform: AffineTransform_float_3_3
Parameters: 0.999999 0.000844608 -7.62266e-05 -0.000845066 0.999993 -0.00380897 7.27886e-05 0.00380903 0.999992 0.126309 0.141607 0.064676
FixedParameters: 0 0 0

#Transform 51
Transform: AffineTransform_float_3_3
Parameters: 1 0.00120904 -1.70304e-07 -0.00120879 0.999988 -0.00485604 -5.57475e-06 0.00485596 0.999988 0.163191 0.162708 0.0628471
FixedParameters: 0 0 0

#Transform 52
Transform: AffineTransform_float_3_3
Parameters: 0.999998 0.00202553 -0.00053463 -0.00202837 0.999986 -0.004913 0.000524629 0.004915 0.999988 0.193095 0.144004 0.108887
FixedParameters: 0 0 0

#Transform 53
Transform: AffineTransform_float_3_3
Parameters: 0.999998 0.00189324 -0.000884015 -0.00189792 0.999981 -0.00573237 0.000873088 0.00573463 0.999983 0.23619 0.216607 0.102871
FixedParameters: 0 0 0

#Transform 54
Transform: AffineTransform_float_3_3
Parameters: 0.999997 0.00211972 -0.000611506 -0.00212379 0.999978 -0.00626379 0.000598805 0.00626422 0.99998 0.21576 0.205108 0.166609
FixedParameters: 0 0 0

#Transform 55
Transform: AffineTransform_float_3_3
Parameters: 0.999997 0.0021284 -0.000407259 -0.00213112 0.999977 -0.00652926 0.000393361 0.00653074 0.999978 0.17706 0.256179 0.172822
FixedParameters: 0 0 0

#Transform 56
Transform: AffineTransform_float_3_3
Parameters: 0.999998 0.00173963 0.00011601 -0.00173963 0.999977 -0.00653029 -0.000127666 0.00653071 0.999978 0.135625 0.196337 0.208755
FixedParameters: 0 0 0

#Transform 57
Transform: AffineTransform_float_3_3
Parameters: 0.999999 0.00172655 -0.000187333 -0.00172744 0.999978 -0.00631372 0.000176482 0.00631328 0.99998 0.153514 0.233745 0.151619
FixedParameters: 0 0 0

#Transform 58
Transform: AffineTransform_float_3_3
Parameters: 0.999999 0.00172741 -0.000351931 -0.00172951 0.999977 -0.00654844 0.000341212 0.00654857 0.999979 0.163254 0.190634 0.174298
FixedParameters: 0 0 0

#Transform 59
Transform: AffineTransform_float_3_3
Parameters: 0.999999 0.00179347 -0.000120161 -0.0017946 0.999974 -0.00687883 0.000107472 0.00687817 0.999977 0.15113 0.226013 0.16469
FixedParameters: 0 0 0

#Transform 60
Transform: AffineTransform_float_3_3
Parameters: 0.999998 0.00160849 0.00032383 -0.0016058 0.999978 -0.00655257 -0.000334826 0.00655244 0.999979 0.154197 0.220043 0.126212
FixedParameters: 0 0 0

#Transform 61
Transform: AffineTransform_float_3_3
Parameters: 0.999998 0.00174049 0.00031742 -0.00173855 0.999975 -0.00695964 -0.000329531 0.00695936 0.999975 0.144231 0.232062 0.171438
FixedParameters: 0 0 0

#Transform 62
Transform: AffineTransform_float_3_3
Parameters: 0.999999 0.00143565 0.000331302 -0.00143291 0.999977 -0.00655251 -0.000341031 0.00655247 0.999978 0.160934 0.222658 0.137869
FixedParameters: 0 0 0

#Transform 63
Transform: AffineTransform_float_3_3
Parameters: 0.999999 0.00174037 0.000318129 -0.00173871 0.999977 -0.0065526 -0.000329824 0.0065524 0.999979 0.157495 0.189171 0.155381
FixedParameters: 0 0 0

#Transform 64
Transform: AffineTransform_float_3_3
Parameters: 0.999999 0.00174442 0.000419126 -0.00174199 0.999981 -0.00592778 -0.000428688 0.00592623 0.999983 0.145501 0.219373 0.0198751
FixedParameters: 0 0 0

#Transform 65
Transform: AffineTransform_float_3_3
Parameters: 0.999999 0.00170218 -0.000633105 -0.0017038 0.999997 -0.00133596 0.000630551 0.00133704 0.999999 0.103393 -0.0883568 0.0717583
FixedParameters: 0 0 0

#Transform 66
Transform: AffineTransform_float_3_3
Parameters: 0.999999 0.000813684 -0.000126009 -0.000814255 0.999997 -0.00257793 0.000123811 0.00257807 0.999996 0.0676074 0.0463574 0.119572
FixedParameters: 0 0 0

#Transform 67
Transform: AffineTransform_float_3_3
Parameters: 0.999999 0.00110775 -0.000538801 -0.00110935 0.999996 -0.00252544 0.000536163 0.00252556 0.999996 0.0822227 0.0210635 0.163512
FixedParameters: 0 0 0

#Transform 68
Transform: AffineTransform_float_3_3
Parameters: 1 0.000965944 -0.000581331 -0.000966827 0.999996 -0.00257747 0.000579274 0.00257753 0.999996 0.115142 0.0176448 0.11069
FixedParameters: 0 0 0

#Transform 69
Transform: AffineTransform_float_3_3
Parameters: 1 0.000970697 -0.000461327 -0.000971869 0.999997 -0.00247759 0.000459475 0.00247741 0.999997 0.112526 0.00626521 0.17192
FixedParameters: 0 0 0

#Transform 70
Transform: AffineTransform_float_3_3
Parameters: 0.999999 0.000589516 -0.000456519 -0.000590864 0.999997 -0.00265473 0.000455347 0.00265527 0.999997 0.12785 0.0310139 0.0982512
FixedParameters: 0 0 0

#Transform 71
Transform: AffineTransform_float_3_3
Parameters: 0.999999 0.00054569 -0.000565416 -0.00054768 0.999994 -0.00359769 0.000563407 0.00359831 0.999994 0.142155 0.0542788 0.113963
FixedParameters: 0 0 0

#Transform 72
Transform: AffineTransform_float_3_3
Parameters: 1 0.000487004 -0.000854298 -0.000490105 0.999994 -0.00361558 0.000852654 0.00361642 0.999993 0.167127 0.0786484 0.0984617
FixedParameters: 0 0 0

#Transform 73
Transform: AffineTransform_float_3_3
Parameters: 0.999999 0.000547688 -0.000565497 -0.000549679 0.999994 -0.00359869 0.000563473 0.00359931 0.999994 0.130439 0.062119 0.100724
FixedParameters: 0 0 0

#Transform 74
Transform: AffineTransform_float_3_3
Parameters: 1 0.000475645 -0.000941815 -0.000479024 0.999994 -0.00342655 0.000940432 0.00342745 0.999993 0.170624 0.0912273 0.148254
FixedParameters: 0 0 0

#Transform 75
Transform: AffineTransform_float_3_3
Parameters: 0.999999 0.000647691 -0.000569425 -0.000649507 0.999994 -0.00345063 0.000567874 0.00345037 0.999994 0.152675 0.0612427 0.160836
FixedParameters: 0 0 0

#Transform 76
Transform: AffineTransform_float_3_3
Parameters: 0.999999 0.000767631 -0.000574187 -0.000770404 0.999994 -0.00338656 0.000571939 0.00338744 0.999994 0.156857 0.0833896 0.149608
FixedParameters: 0 0 0

#Transform 77
Transform: AffineTransform_float_3_3
Parameters: 0.999999 0.000528779 -0.000564661 -0.000530614 0.999994 -0.0034647 0.000562916 0.0034653 0.999994 0.15007 0.0747165 0.0755242
FixedParameters: 0 0 0

#Transform 78
Transform: AffineTransform_float_3_3
Parameters: 1 0.00048076 -0.00101996 -0.000484216 0.999995 -0.00318447 0.00101777 0.00318553 0.999995 0.133769 0.0801436 0.0518167
FixedParameters: 0 0 0

#Transform 79
Transform: AffineTransform_float_3_3
Parameters: 1 0.000965805 -0.000570374 -0.000967842 0.999993 -0.00364745 0.000566246 0.00364755 0.999993 0.11941 0.0578554 0.201305
FixedParameters: 0 0 0

#Transform 80
Transform: AffineTransform_float_3_3
Parameters: 1 0.000976317 -0.000306983 -0.000977643 0.999992 -0.00405174 0.000303026 0.00405226 0.999991 0.103952 0.0851749 0.212344
FixedParameters: 0 0 0

#Transform 81
Transform: AffineTransform_float_3_3
Parameters: 1 0.000969481 -0.000474844 -0.000971168 0.999992 -0.00405158 0.000470904 0.00405242 0.999991 0.113809 0.0996527 0.170865
FixedParameters: 0 0 0

#Transform 82
Transform: AffineTransform_float_3_3
Parameters: 1 0.000967482 -0.000527513 -0.000969285 0.999993 -0.00375453 0.000524165 0.00375448 0.999993 0.116875 0.0644238 0.18039
FixedParameters: 0 0 0

#Transform 83
Transform: AffineTransform_float_3_3
Parameters: 1 0.000865753 -0.000861827 -0.00086836 0.999992 -0.00392225 0.000858875 0.00392375 0.999992 0.13429 0.131549 0.0925184
FixedParameters: 0 0 0

#Transform 84
Transform: AffineTransform_float_3_3
Parameters: 1 0.000962721 -0.000649163 -0.000964105 0.999994 -0.00349441 0.000646316 0.00349559 0.999993 0.124047 0.0401664 0.129284
FixedParameters: 0 0 0

#Transform 85
Transform: AffineTransform_float_3_3
Parameters: 0.999999 0.000953985 -0.000865063 -0.000957011 0.999993 -0.00357218 0.000862124 0.00357283 0.999994 0.13672 0.0631225 0.10737
FixedParameters: 0 0 0

#Transform 86
Transform: AffineTransform_float_3_3
Parameters: 0.999999 0.000969393 -0.000474107 -0.000971327 0.99999 -0.00432258 0.000469642 0.00432242 0.99999 0.113628 0.0658907 0.135973
FixedParameters: 0 0 0

#Transform 87
Transform: AffineTransform_float_3_3
Parameters: 1 0.00096905 -0.000475722 -0.000970563 0.999987 -0.00495758 0.000470992 0.00495842 0.999987 0.130697 0.152536 0.113628
FixedParameters: 0 0 0

#Transform 88
Transform: AffineTransform_float_3_3
Parameters: 0.999998 0.00143961 -0.000886239 -0.00144362 0.999988 -0.00467776 0.0008796 0.00467824 0.999988 0.17544 0.100258 0.120486
FixedParameters: 0 0 0

#Transform 89
Transform: AffineTransform_float_3_3
Parameters: 0.999999 0.0012479 -0.000878128 -0.00125162 0.999989 -0.00453491 0.000872641 0.0045361 0.99999 0.170021 0.111688 0.096154
FixedParameters: 0 0 0

#Transform 90
Transform: AffineTransform_float_3_3
Parameters: 0.999999 0.000952996 -0.000866153 -0.000956964 0.999989 -0.00471518 0.000861997 0.00471583 0.999989 0.161645 0.124172 0.0966684
FixedParameters: 0 0 0

#Transform 91
Transform: AffineTransform_float_3_3
Parameters: 1 0.000959299 -0.000705773 -0.000962457 0.999986 -0.00521732 0.000700596 0.00521768 0.999986 0.152193 0.13031 0.11098
FixedParameters: 0 0 0

#Transform 92
Transform: AffineTransform_float_3_3
Parameters: 0.999999 0.00122278 -0.000878733 -0.00122771 0.999982 -0.00583796 0.000872238 0.00583904 0.999982 0.169422 0.149064 0.112507
FixedParameters: 0 0 0

#Transform 93
Transform: AffineTransform_float_3_3
Parameters: 0.999999 0.00122955 -0.000879342 -0.00123493 0.99998 -0.00609092 0.000872141 0.00609208 0.999981 0.169727 0.201639 0.0823599
FixedParameters: 0 0 0

#Transform 94
Transform: AffineTransform_float_3_3
Parameters: 0.999999 0.00126065 -0.000880485 -0.00126579 0.999982 -0.00594693 0.000873271 0.00594808 0.999982 0.16492 0.186357 0.0787425
FixedParameters: 0 0 0

#Transform 95
Transform: AffineTransform_float_3_3
Parameters: 0.999998 0.00142847 -0.000887684 -0.0014337 0.999981 -0.00597777 0.000879383 0.00597923 0.999982 0.163543 0.225336 0.091799
FixedParameters: 0 0 0

#Transform 96
Transform: AffineTransform_float_3_3
Parameters: 0.999998 0.00167381 -0.000898971 -0.00167895 0.999977 -0.00645753 0.000888092 0.00645846 0.999979 0.158412 0.194703 0.134325
FixedParameters: 0 0 0

#Transform 97
Transform: AffineTransform_float_3_3
Parameters: 0.999998 0.00178625 -0.000904751 -0.0017923 0.999974 -0.00696643 0.000892588 0.00696858 0.999976 0.10891 0.285467 -0.0413925
FixedParameters: 0 0 0

#Transform 98
Transform: AffineTransform_float_3_3
Parameters: 0.999997 0.00206612 -0.00121745 -0.00207815 0.999954 -0.00941857 0.00119803 0.00942144 0.999955 0.127409 0.325254 0.101733
FixedParameters: 0 0 0

#Transform 99
Transform: AffineTransform_float_3_3
Parameters: 0.999998 0.00207954 -0.000923132 -0.00208832 0.999951 -0.00959716 0.000903821 0.00959883 0.999953 0.140725 0.379417 0.0495873
FixedParameters: 0 0 0

#Transform 100
Transform: AffineTransform_float_3_3
Parameters: 0.999997 0.0020974 -0.000543257 -0.0021023 0.999958 -0.00898696 0.000524352 0.00898806 0.99996 0.151392 0.316836 0.0598321
FixedParameters: 0 0 0

#Transform 101
Transform: AffineTransform_float_3_3
Parameters: 0.999998 0.0016684 -0.000465108 -0.00167232 0.999956 -0.00928631 0.000449926 0.0092867 0.999957 0.165054 0.351201 0.0754838
FixedParameters: 0 0 0

#Transform 102
Transform: AffineTransform_float_3_3
Parameters: 0.999999 0.00176524 -0.000122665 -0.00176672 0.999958 -0.00898787 0.000106909 0.00898813 0.999959 0.18369 0.309089 0.0582201
FixedParameters: 0 0 0

#Transform 103
Transform: AffineTransform_float_3_3
Parameters: 0.999999 0.00178299 -0.000215864 -0.0017852 0.999956 -0.00915066 0.000199163 0.00915133 0.999958 0.189707 0.319716 0.0714888
FixedParameters: 0 0 0

#Transform 104
Transform: AffineTransform_float_3_3
Parameters: 0.999999 0.0015775 -4.74056e-05 -0.00157773 0.99995 -0.00986498 3.12684e-05 0.00986503 0.999952 0.194146 0.37516 0.039163
FixedParameters: 0 0 0

#Transform 105
Transform: AffineTransform_float_3_3
Parameters: 0.999999 0.00141218 0.000188071 -0.00141 0.999954 -0.00948431 -0.000201774 0.00948469 0.999955 0.172939 0.336667 0.0492827
FixedParameters: 0 0 0

#Transform 106
Transform: AffineTransform_float_3_3
Parameters: 1 0.00102791 -4.74006e-05 -0.00102837 0.999955 -0.00942899 3.70055e-05 0.009429 0.999955 0.177096 0.366073 0.0464596
FixedParameters: 0 0 0

#Transform 107
Transform: AffineTransform_float_3_3
Parameters: 0.999998 0.00159205 0.000299891 -0.00158954 0.999965 -0.00821753 -0.000312935 0.00821748 0.999966 0.151451 0.261493 0.0500747
FixedParameters: 0 0 0

#Transform 108
Transform: AffineTransform_float_3_3
Parameters: 0.999999 0.00139019 -0.000376318 -0.00139125 0.999994 -0.00293751 0.000372107 0.00293848 0.999995 0.136768 0.0106305 -0.00436091
FixedParameters: 0 0 0

#Transform 109
Transform: AffineTransform_float_3_3
Parameters: 0.999999 0.000965987 -0.000116381 -0.000965957 0.999986 -0.00505789 0.000111569 0.00505811 0.999987 0.137488 0.17078 0.0178112
FixedParameters: 0 0 0

#Transform 110
Transform: AffineTransform_float_3_3
Parameters: 0.999999 0.000904608 0.00026293 -0.000904029 0.999989 -0.00458624 -0.000267154 0.00458576 0.99999 0.120389 0.0918951 0.0290152
FixedParameters: 0 0 0

#Transform 111
Transform: AffineTransform_float_3_3
Parameters: 0.999999 0.000841607 2.08215e-05 -0.00084122 0.999986 -0.00518105 -2.5543e-05 0.00518094 0.999986 0.159763 0.133792 -0.00980972
FixedParameters: 0 0 0

#Transform 112
Transform: AffineTransform_float_3_3
Parameters: 1 0.0010419 0.000286678 -0.00104068 0.999986 -0.00518134 -0.000291399 0.00518166 0.999986 0.128321 0.11778 0.0406925
FixedParameters: 0 0 0

#Transform 113
Transform: AffineTransform_float_3_3
Parameters: 1 0.000652201 0.000202442 -0.000651645 0.999983 -0.00589517 -0.000206058 0.00589483 0.999982 0.14404 0.158218 0.0165565
FixedParameters: 0 0 0

#Transform 114
Transform: AffineTransform_float_3_3
Parameters: 0.999999 0.000860575 -0.000355189 -0.000863759 0.999981 -0.00619673 0.000349463 0.00619727 0.99998 0.182739 0.161119 0.0372652
FixedParameters: 0 0 0

#Transform 115
Transform: AffineTransform_float_3_3
Parameters: 0.999999 0.00102406 -0.000137735 -0.00102444 0.999982 -0.00594586 0.000131513 0.00594614 0.999983 0.15477 0.151528 0.0486906
FixedParameters: 0 0 0

#Transform 116
Transform: AffineTransform_float_3_3
Parameters: 0.999999 0.00102448 -0.000127132 -0.00102583 0.99998 -0.00632391 0.000120162 0.00632409 0.99998 0.165991 0.211997 -0.00440452
FixedParameters: 0 0 0

#Transform 117
Transform: AffineTransform_float_3_3
Parameters: 1 0.00103586 0.0001377 -0.00103487 0.99998 -0.00625015 -0.000144611 0.00625085 0.999981 0.158016 0.184641 0.00649564
FixedParameters: 0 0 0

#Transform 118
Transform: AffineTransform_float_3_3
Parameters: 1 0.00103796 0.000184172 -0.00103718 0.999977 -0.0067172 -0.000191042 0.00671681 0.999978 0.155298 0.233362 0.0184469
FixedParameters: 0 0 0

#Transform 119
Transform: AffineTransform_float_3_3
Parameters: 1 0.00103165 4.00253e-05 -0.00103191 0.999982 -0.00602208 -4.64195e-05 0.00602192 0.999982 0.163706 0.169284 -0.0196446
FixedParameters: 0 0 0

#Transform 120
Transform: AffineTransform_float_3_3
Parameters: 1 0.00103789 0.000184592 -0.00103629 0.999979 -0.00631219 -0.000191653 0.0063128 0.99998 0.155219 0.162604 0.000984695
FixedParameters: 0 0 0

#Transform 121
Transform: AffineTransform_float_3_3
Parameters: 1 0.00102885 -2.59505e-05 -0.0010289 0.999975 -0.00702798 1.84838e-05 0.00702802 0.999976 0.162256 0.258997 -0.111036
FixedParameters: 0 0 0

#Transform 122
Transform: AffineTransform_float_3_3
Parameters: 0.999999 0.00106285 0.000742776 -0.0010573 0.999971 -0.0075358 -0.000750538 0.00753521 0.999972 0.139693 0.219055 0.0131567
FixedParameters: 0 0 0

#Transform 123
Transform: AffineTransform_float_3_3
Parameters: 1 0.000765995 0.00061887 -0.000761608 0.999973 -0.00739748 -0.00062499 0.00739653 0.999973 0.160097 0.225397 -0.0133268
FixedParameters: 0 0 0

#Transform 124
Transform: AffineTransform_float_3_3
Parameters: 0.999999 0.00106263 0.000743089 -0.00105752 0.999973 -0.0072418 -0.000750226 0.00724021 0.999974 0.142076 0.226915 -0.0268148
FixedParameters: 0 0 0

#Transform 125
Transform: AffineTransform_float_3_3
Parameters: 1 0.00104941 0.000436882 -0.00104631 0.999969 -0.00771946 -0.000444918 0.00771854 0.99997 0.137009 0.23624 -0.0125788
FixedParameters: 0 0 0

#Transform 126
Transform: AffineTransform_float_3_3
Parameters: 1 0.000851816 0.000531132 -0.000847515 0.999964 -0.00845346 -0.000538319 0.00845354 0.999964 0.109481 0.362925 -0.198819
FixedParameters: 0 0 0

#Transform 127
Transform: AffineTransform_float_3_3
Parameters: 1 0.000487898 0.000345283 -0.000484252 0.999943 -0.0107212 -0.000350562 0.0107208 0.999943 0.0817234 0.486619 -0.243416
FixedParameters: 0 0 0

#Transform 128
Transform: AffineTransform_float_3_3
Parameters: 0.999999 0.00126387 -9.67724e-05 -0.0012642 0.999952 -0.00978393 8.39924e-05 0.00978408 0.999952 0.0901799 0.359719 -0.0710443
FixedParameters: 0 0 0

#Transform 129
Transform: AffineTransform_float_3_3
Parameters: 0.999999 0.0012675 0.000310455 -0.00126436 0.999958 -0.0090204 -0.00032119 0.0090196 0.99996 0.0751172 0.378497 -0.116926
FixedParameters: 0 0 0

#Transform 130
Transform: AffineTransform_float_3_3
Parameters: 1 0.00102735 5.95665e-06 -0.00102679 0.999957 -0.00916101 -1.47818e-05 0.00916099 0.999958 0.0923589 0.386272 -0.12152
FixedParameters: 0 0 0

#Transform 131
Transform: AffineTransform_float_3_3
Parameters: 0.999999 0.00131184 0.000807023 -0.00130351 0.999951 -0.00974706 -0.000819229 0.00974593 0.999952 0.0722032 0.358528 -0.0204908
FixedParameters: 0 0 0

#Transform 132
Transform: AffineTransform_float_3_3
Parameters: 0.999999 0.00143746 0.000445047 -0.00143261 0.999946 -0.0102837 -0.000459387 0.0102823 0.999947 0.107148 0.414026 -0.0271366
FixedParameters: 0 0 0

#Transform 133
Transform: AffineTransform_float_3_3
Parameters: 0.999999 0.00143891 0.000308356 -0.00143514 0.99995 -0.00991249 -0.000322746 0.0099125 0.999951 0.125802 0.400625 -0.101717
FixedParameters: 0 0 0

#Transform 134
Transform: AffineTransform_float_3_3
Parameters: 0.999999 0.00150384 2.60134e-05 -0.00150363 0.999949 -0.00992208 -4.08277e-05 0.00992191 0.999951 0.133842 0.385805 -0.0888685
FixedParameters: 0 0 0

#Transform 135
Transform: AffineTransform_float_3_3
Parameters: 0.999998 0.00169064 1.7226e-05 -0.00169051 0.999949 -0.00997008 -3.39133e-05 0.00997092 0.999951 0.139186 0.38279 -0.047848
FixedParameters: 0 0 0

#Transform 136
Transform: AffineTransform_float_3_3
Parameters: 0.999998 0.00168081 -0.000192868 -0.00168294 0.999947 -0.0101617 0.000175637 0.0101623 0.999949 0.151479 0.400875 -0.0696761
FixedParameters: 0 0 0

#Transform 137
Transform: AffineTransform_float_3_3
Parameters: 0.999999 0.00135445 0.000381731 -0.00134986 0.999945 -0.0103896 -0.000395691 0.0103894 0.999946 0.124778 0.405651 -0.089711
FixedParameters: 0 0 0

#Transform 138
Transform: AffineTransform_float_3_3
Parameters: 0.999998 0.00169064 1.67188e-05 -0.0016905 0.999946 -0.0102701 -3.44188e-05 0.0102699 0.999948 0.159694 0.406763 -0.0421945
FixedParameters: 0 0 0

#Transform 139
Transform: AffineTransform_float_3_3
Parameters: 0.999998 0.00170565 0.000335167 -0.00170184 0.999944 -0.0103876 -0.000352429 0.0103874 0.999946 0.154766 0.417362 -0.0623831
FixedParameters: 0 0 0

#Transform 140
Transform: AffineTransform_float_3_3
Parameters: 0.999998 0.00169065 1.63383e-05 -0.00169049 0.999944 -0.0104951 -3.47992e-05 0.0104949 0.999945 0.173284 0.383236 -0.0700755
FixedParameters: 0 0 0

#Transform 141
Transform: AffineTransform_float_3_3
Parameters: 0.999998 0.00167539 -0.000308741 -0.00167887 0.999947 -0.0101615 0.000291569 0.0101625 0.999949 0.192344 0.420564 -0.0818587
FixedParameters: 0 0 0

#Transform 142
Transform: AffineTransform_float_3_3
Parameters: 0.999998 0.00204126 6.63366e-07 -0.0020413 0.999947 -0.0100701 -2.17526e-05 0.0100699 0.99995 0.159979 0.377731 -0.0392736
FixedParameters: 0 0 0

#Transform 143
Transform: AffineTransform_float_3_3
Parameters: 0.999997 0.00237174 -0.000315473 -0.00237427 0.999941 -0.0106384 0.000289854 0.0106386 0.999944 0.170428 0.45829 -0.0289162
FixedParameters: 0 0 0

#Transform 144
Transform: AffineTransform_float_3_3
Parameters: 0.999997 0.00242283 -1.86367e-05 -0.002423 0.99994 -0.0106721 -7.06281e-06 0.0106729 0.999943 0.153959 0.402828 0.0316392
FixedParameters: 0 0 0

#Transform 145
Transform: AffineTransform_float_3_3
Parameters: 0.999998 0.00195236 3.00246e-06 -0.00195228 0.999937 -0.0110011 -2.49362e-05 0.0110009 0.99994 0.148544 0.452149 0.0148093
FixedParameters: 0 0 0

#Transform 146
Transform: AffineTransform_float_3_3
Parameters: 0.999998 0.00169065 1.56097e-05 -0.00168945 0.999939 -0.0109261 -3.45539e-05 0.0109259 0.999941 0.14946 0.444077 -0.0113902
FixedParameters: 0 0 0

#Transform 147
Transform: AffineTransform_float_3_3
Parameters: 0.999999 0.00151486 2.37363e-05 -0.00151453 0.999938 -0.0110871 -4.02989e-05 0.0110869 0.999938 0.156722 0.437888 0.01986
FixedParameters: 0 0 0

#Transform 148
Transform: AffineTransform_float_3_3
Parameters: 0.999999 0.00154084 2.1984e-05 -0.0015405 0.999933 -0.0114191 -4.01458e-05 0.0114189 0.999935 0.166014 0.458646 -0.00788478
FixedParameters: 0 0 0

#Transform 149
Transform: AffineTransform_float_3_3
Parameters: 0.999999 0.00154583 2.18519e-05 -0.0015455 0.999935 -0.0113491 -3.99129e-05 0.0113499 0.999935 0.161323 0.447063 0.00647404
FixedParameters: 0 0 0

#Transform 150
Transform: AffineTransform_float_3_3
Parameters: 0.999998 0.00167567 1.6194e-05 -0.00167545 0.999938 -0.0110031 -3.50431e-05 0.0110029 0.99994 0.157449 0.441941 -0.00317424
FixedParameters: 0 0 0

#Transform 151
Transform: AffineTransform_float_3_3
Parameters: 0.999999 0.00153086 2.17725e-05 -0.00153046 0.999929 -0.0118711 -4.00902e-05 0.0118709 0.999929 0.165735 0.491681 -0.0565586
FixedParameters: 0 0 0

#Transform 152
Transform: AffineTransform_float_3_3
Parameters: 0.999999 0.00150609 0.000279258 -0.00150301 0.999936 -0.0112135 -0.000295866 0.0112135 0.999937 0.128222 0.445254 0.0459065
FixedParameters: 0 0 0

#Transform 153
Transform: AffineTransform_float_3_3
Parameters: 0.999999 0.00125574 -3.5815e-05 -0.00125589 0.99993 -0.011763 2.02603e-05 0.011763 0.999931 0.141512 0.484125 0.0713839
FixedParameters: 0 0 0

#Transform 154
Transform: AffineTransform_float_3_3
Parameters: 0.999999 0.00136999 -0.000322686 -0.0013738 0.99993 -0.0117666 0.000306278 0.0117674 0.99993 0.165276 0.45713 0.0540692
FixedParameters: 0 0 0

#Transform 155
Transform: AffineTransform_float_3_3
Parameters: 0.999999 0.00137492 -0.000221546 -0.00137828 0.999932 -0.0115787 0.000205618 0.0115793 0.999933 0.158881 0.478152 0.0732848
FixedParameters: 0 0 0

#Transform 156
Transform: AffineTransform_float_3_3
Parameters: 0.999999 0.00152093 -0.000405204 -0.00152512 0.999921 -0.0124914 0.000385956 0.0124916 0.999922 0.19087 0.516056 0.0362017
FixedParameters: 0 0 0

#Transform 157
Transform: AffineTransform_float_3_3
Parameters: 0.999999 0.00137427 -0.000232513 -0.00137716 0.999923 -0.0122907 0.000215609 0.0122913 0.999925 0.179154 0.478964 0.046194
FixedParameters: 0 0 0

#Transform 158
Transform: AffineTransform_float_3_3
Parameters: 0.999999 0.00138673 2.3276e-05 -0.00138642 0.999933 -0.0115021 -3.91493e-05 0.0115029 0.999934 0.179422 0.454117 0.0235151
FixedParameters: 0 0 0

#Transform 159
Transform: AffineTransform_float_3_3
Parameters: 0.999999 0.00136684 -0.000384321 -0.00137145 0.999923 -0.0122835 0.000367526 0.0122835 0.999925 0.185752 0.512218 0.00174198
FixedParameters: 0 0 0

#Transform 160
Transform: AffineTransform_float_3_3
Parameters: 0.999998 0.00159849 1.13623e-05 -0.00159822 0.999919 -0.0125711 -3.15282e-05 0.0125719 0.999921 0.176708 0.500051 0.0332704
FixedParameters: 0 0 0

#Transform 161
Transform: AffineTransform_float_3_3
Parameters: 0.999999 0.0015065 -0.000108217 -0.00150728 0.99992 -0.0125449 8.93579e-05 0.0125451 0.999922 0.172781 0.509419 0.0461189
FixedParameters: 0 0 0

#Transform 162
Transform: AffineTransform_float_3_3
Parameters: 0.999998 0.00161106 -0.000263117 -0.00161355 0.999924 -0.0122807 0.000243391 0.0122813 0.999924 0.202177 0.495405 0.0247633
FixedParameters: 0 0 0

#Transform 163
Transform: AffineTransform_float_3_3
Parameters: 0.999999 0.00139282 0.000145983 -0.00139138 0.999923 -0.0123273 -0.000163207 0.0123267 0.999924 0.193364 0.492187 -0.00650947
FixedParameters: 0 0 0

#Transform 164
Transform: AffineTransform_float_3_3
Parameters: 0.999999 0.0013811 -9.32759e-05 -0.00138254 0.999927 -0.0119989 7.6103e-05 0.0119991 0.999928 0.207302 0.456978 0.0298339
FixedParameters: 0 0 0

#Transform 165
Transform: AffineTransform_float_3_3
Parameters: 0.999998 0.00158565 -0.000229892 -0.00158834 0.999923 -0.0123167 0.00021071 0.0123173 0.999924 0.217603 0.487793 0.028252
FixedParameters: 0 0 0

#Transform 166
Transform: AffineTransform_float_3_3
Parameters: 0.999999 0.00138174 -7.99434e-05 -0.00138289 0.999922 -0.0124699 6.24556e-05 0.0124701 0.999922 0.206526 0.490762 -0.00113551
FixedParameters: 0 0 0

#Transform 167
Transform: AffineTransform_float_3_3
Parameters: 0.999999 0.00139175 0.000120808 -0.00139063 0.999912 -0.0131922 -0.000138417 0.0131918 0.999913 0.194841 0.530151 0.00986852
FixedParameters: 0 0 0

#Transform 168
Transform: AffineTransform_float_3_3
Parameters: 0.999998 0.00169118 -0.000316679 -0.00169475 0.999904 -0.0137926 0.000292812 0.0137934 0.999905 0.216343 0.542678 0.00241612
FixedParameters: 0 0 0

#Transform 169
Transform: AffineTransform_float_3_3
Parameters: 0.999999 0.00140062 0.000303478 -0.00139715 0.99992 -0.0125525 -0.000321426 0.0125515 0.999921 0.181329 0.491721 0.00408606
FixedParameters: 0 0 0

#Transform 170
Transform: AffineTransform_float_3_3
Parameters: 0.999997 0.00231903 -0.000451554 -0.00232521 0.999896 -0.0142391 0.000418213 0.0142399 0.999898 0.203878 0.595008 0.0436505
FixedParameters: 0 0 0

#Transform 171
Transform: AffineTransform_float_3_3
Parameters: 0.999996 0.0025245 -0.000466326 -0.00253103 0.999893 -0.014357 0.000430526 0.014359 0.999897 0.199598 0.576999 0.0796627
FixedParameters: 0 0 0

#Transform 172
Transform: AffineTransform_float_3_3
Parameters: 0.999996 0.00252276 -0.000498862 -0.00252942 0.999891 -0.0145859 0.000461919 0.0145871 0.999893 0.182248 0.598968 0.110257
FixedParameters: 0 0 0

#Transform 173
Transform: AffineTransform_float_3_3
Parameters: 0.999996 0.0025209 -0.00053945 -0.00252827 0.999898 -0.0140478 0.00050327 0.0140492 0.999901 0.198943 0.567458 0.0709832
FixedParameters: 0 0 0

#Transform 174
Transform: AffineTransform_float_3_3
Parameters: 0.999997 0.00207499 -0.00060007 -0.00208293 0.999892 -0.0145899 0.000570086 0.0145912 0.999894 0.193279 0.569198 0.0723288
FixedParameters: 0 0 0

#Transform 175
Transform: AffineTransform_float_3_3
Parameters: 0.999997 0.00210232 -0.000556163 -0.00211086 0.999893 -0.0144729 0.00052594 0.0144741 0.999895 0.190923 0.587207 0.0694028
FixedParameters: 0 0 0

#Transform 176
Transform: AffineTransform_float_3_3
Parameters: 0.999998 0.00215552 -0.000557846 -0.00216361 0.999899 -0.0139969 0.000527146 0.0139981 0.999902 0.193481 0.586192 0.0851972
FixedParameters: 0 0 0

#Transform 177
Transform: AffineTransform_float_3_3
Parameters: 0.999998 0.00154189 -0.00048153 -0.00154763 0.999911 -0.0132613 0.000461322 0.0132617 0.999912 0.190072 0.544946 0.0493689
FixedParameters: 0 0 0

#Transform 178
Transform: AffineTransform_float_3_3
Parameters: 0.999998 0.00165532 -0.000365176 -0.00166007 0.999884 -0.0151345 0.000339796 0.0151346 0.999886 0.186168 0.616636 0.049658
FixedParameters: 0 0 0

#Transform 179
Transform: AffineTransform_float_3_3
Parameters: 0.999998 0.00164667 -0.000534471 -0.00165429 0.999889 -0.0148452 0.00050919 0.0148468 0.999889 0.192951 0.595324 0.0300917
FixedParameters: 0 0 0

#Transform 180
Transform: AffineTransform_float_3_3
Parameters: 0.999998 0.0019749 -0.0005384 -0.00198337 0.999887 -0.014859 0.000509339 0.01486 0.99989 0.196836 0.607343 0.0596426
FixedParameters: 0 0 0

#Transform 181
Transform: AffineTransform_float_3_3
Parameters: 0.999998 0.00190179 -0.000595077 -0.00191121 0.999885 -0.015049 0.000566414 0.01505 0.999886 0.202434 0.594813 0.0656653
FixedParameters: 0 0 0

#Transform 182
Transform: AffineTransform_float_3_3
Parameters: 0.999999 0.00164669 -0.000528552 -0.00165373 0.999878 -0.0154952 0.000503096 0.0154958 0.99988 0.19583 0.627962 0.0724893
FixedParameters: 0 0 0

#Transform 183
Transform: AffineTransform_float_3_3
Parameters: 0.999998 0.001656 -0.000352913 -0.00166028 0.999886 -0.0149665 0.000328076 0.0149675 0.999888 0.185448 0.592488 0.0752071
FixedParameters: 0 0 0

#Transform 184
Transform: AffineTransform_float_3_3
Parameters: 0.999998 0.00165409 -0.000389069 -0.00165952 0.999885 -0.0150894 0.000364863 0.0150906 0.999886 0.18763 0.631113 0.052184
FixedParameters: 0 0 0

#Transform 185
Transform: AffineTransform_float_3_3
Parameters: 0.999999 0.00142459 -0.000335061 -0.00142957 0.999886 -0.0150436 0.000312961 0.0150434 0.999887 0.184472 0.594161 0.0733524
FixedParameters: 0 0 0

#Transform 186
Transform: AffineTransform_float_3_3
Parameters: 0.999999 0.00117369 -0.000485691 -0.00117994 0.999893 -0.0145374 0.000468205 0.0145386 0.999894 0.216334 0.6141 0.0582972
FixedParameters: 0 0 0

#Transform 187
Transform: AffineTransform_float_3_3
Parameters: 0.999999 0.00118123 -0.000337161 -0.0011853 0.99989 -0.0147696 0.00031901 0.0147704 0.999891 0.190652 0.568836 0.0661191
FixedParameters: 0 0 0

#Transform 188
Transform: AffineTransform_float_3_3
Parameters: 0.999999 0.00115662 -0.000802572 -0.00116878 0.999876 -0.0156561 0.00078471 0.0156569 0.999877 0.231298 0.678964 0.0482349
FixedParameters: 0 0 0

#Transform 189
Transform: AffineTransform_float_3_3
Parameters: 1 0.0011918 -0.000131661 -0.00119281 0.999888 -0.0149609 0.000113898 0.0149601 0.999888 0.208883 0.574234 0.0994487
FixedParameters: 0 0 0

#Transform 190
Transform: AffineTransform_float_3_3
