# transform file /out/sourcedata/freesurfer/sub-v1s22x0050469_ses-1/mri/transforms/cc_up.lta
# created by oesteban on Mon Mar  9 14:43:57 2026

type      = 0 # LINEAR_VOX_TO_VOX
nxforms   = 1
mean      = 126.0000 110.0000 109.0000
sigma     = 10000.0000
1 4 4
9.995468854904175e-01 1.132766157388687e-02 -2.788713946938515e-02 2.445229530334473e+00 
-1.132325548678637e-02 9.999358057975769e-01 3.159163461532444e-04 3.841649627685547e+01 
2.788892947137356e-02 0.000000000000000e+00 9.996110200881958e-01 2.948862075805664e+01 
0.000000000000000e+00 0.000000000000000e+00 0.000000000000000e+00 1.000000000000000e+00 
src volume info
valid = 1  # volume info valid
filename = /out/sourcedata/freesurfer/sub-v1s22x0050469_ses-1/mri/norm.mgz
volume = 256 256 256
voxelsize = 1.000000000000000e+00 1.000000000000000e+00 1.000000000000000e+00
xras   = -1.000000000000000e+00 1.862645149230957e-09 0.000000000000000e+00
yras   = 0.000000000000000e+00 0.000000000000000e+00 -1.000000000000000e+00
zras   = -1.862645149230957e-09 1.000000000000000e+00 0.000000000000000e+00
cras   = -1.880264282226562e-01 4.064756011962891e+01 -1.904139709472656e+01
dst volume info
valid = 1  # volume info valid
filename = /out/sourcedata/freesurfer/sub-v1s22x0050469_ses-1/mri/norm.mgz
volume = 256 256 256
voxelsize = 1.000000000000000e+00 1.000000000000000e+00 1.000000000000000e+00
xras   = -1.000000000000000e+00 1.862645149230957e-09 0.000000000000000e+00
yras   = 0.000000000000000e+00 0.000000000000000e+00 -1.000000000000000e+00
zras   = -1.862645149230957e-09 1.000000000000000e+00 0.000000000000000e+00
cras   = -1.880264282226562e-01 4.064756011962891e+01 -1.904139709472656e+01
