#Insight Transform File V1.0
#Transform 0
Transform: AffineTransform_float_3_3
Parameters: 1 -0.000399186 -0.000215655 0.000398813 0.999999 -0.000863085 0.000216344 0.000862913 0.999999 -0.00148703 0.0233482 -0.0306419
FixedParameters: 0 0 0

#Transform 1
Transform: AffineTransform_float_3_3
Parameters: 1 0 0 0 0.999998 -0.001639 0 0.001639 0.999998 -0.009699 0.0456902 -0.0609337
FixedParameters: 0 0 0

#Transform 2
Transform: AffineTransform_float_3_3
Parameters: 1 0 0 0 0.999998 -0.001659 0 0.001659 0.999998 -0.010875 0.0525924 -0.0700365
FixedParameters: 0 0 0

#Transform 3
Transform: AffineTransform_float_3_3
Parameters: 1 0 0 0 0.999998 -0.002238 0 0.002238 0.999998 -0.013496 0.058895 -0.0903717
FixedParameters: 0 0 0

#Transform 4
Transform: AffineTransform_float_3_3
Parameters: 1 0 0 0 0.999998 -0.002083 0 0.002083 0.999998 -0.006584 0.0422216 -0.105236
FixedParameters: 0 0 0

#Transform 5
Transform: AffineTransform_float_3_3
Parameters: 1 0 0 0 0.999998 -0.002079 0 0.002079 0.999998 -0.013605 0.0571916 -0.0903099
FixedParameters: 0 0 0

#Transform 6
Transform: AffineTransform_float_3_3
Parameters: 1 -0.000250867 6.25365e-05 0.000251132 0.999997 -0.00213798 -6.14632e-05 0.00213801 0.999997 -0.0187219 0.0536309 -0.0769631
FixedParameters: 0 0 0

#Transform 7
Transform: AffineTransform_float_3_3
Parameters: 1 0 0 0 0.999998 -0.002037 0 0.002037 0.999998 -0.00039 0.0366911 -0.0558782
FixedParameters: 0 0 0

#Transform 8
Transform: AffineTransform_float_3_3
Parameters: 1 -4.96836e-07 -0.000373 -4.96836e-07 0.999999 -0.001332 0.000373 0.001332 0.999999 0.01835 0.0180207 -0.035455
FixedParameters: 0 0 0

#Transform 9
Transform: AffineTransform_float_3_3
Parameters: 1 -2.55512e-07 -0.000152 -2.55512e-07 0.999998 -0.001681 0.000152 0.001681 0.999998 0.00290387 0.0378665 -0.0200065
FixedParameters: 0 0 0

#Transform 10
Transform: AffineTransform_float_3_3
Parameters: 1 0 0 0 0.999998 -0.001695 0 0.001695 0.999998 -0.006193 0.0368673 -0.0264894
FixedParameters: 0 0 0

#Transform 11
Transform: AffineTransform_float_3_3
Parameters: 1 0 0 0 0.999999 -0.001517 0 0.001517 0.999999 -0.004601 0.0229414 -0.0277245
FixedParameters: 0 0 0

#Transform 12
Transform: AffineTransform_float_3_3
Parameters: 1 0 0 0 0.999999 -0.001238 0 0.001238 0.999999 -0.004601 0.022936 -0.026221
FixedParameters: 0 0 0

#Transform 13
Transform: AffineTransform_float_3_3
Parameters: 1 0 0 0 0.999999 -0.001383 0 0.001383 0.999999 -0.004602 0.0326023 -0.0388199
FixedParameters: 0 0 0

#Transform 14
Transform: AffineTransform_float_3_3
Parameters: 1 0 0 0 1 -0.001094 0 0.001094 1 -0.004589 0.0117863 -0.0443346
FixedParameters: 0 0 0

#Transform 15
Transform: AffineTransform_float_3_3
Parameters: 1 0 0 0 0.999999 -0.000854999 0 0.000854999 0.999999 -0.004601 0.0130224 -0.0431783
FixedParameters: 0 0 0

#Transform 16
Transform: AffineTransform_float_3_3
Parameters: 1 0 0 0 1 -0.000659 0 0.000659 1 -0.004596 0.0111532 -0.0422409
FixedParameters: 0 0 0

#Transform 17
Transform: AffineTransform_float_3_3
Parameters: 1 -0.000177 2.8851e-08 0.000177 1 -0.000163 2.8851e-08 0.000163 1 -0.0037284 0.00121966 -0.00368803
FixedParameters: 0 0 0

#Transform 18
Transform: AffineTransform_float_3_3
Parameters: 1 -0.000101 1.5756e-08 0.000101 1 -0.000156 1.5756e-08 0.000156 1 0.00107317 0.00190854 -0.0212306
FixedParameters: 0 0 0

#Transform 19
Transform: AffineTransform_float_3_3
Parameters: 1 -0.000214 5.3286e-08 0.000214 1 -0.000249 5.3286e-08 0.000249 1 0.00362115 0.0169964 -0.021682
FixedParameters: 0 0 0

#Transform 20
Transform: AffineTransform_float_3_3
Parameters: 1 -0.000143 2.2308e-08 0.000143 1 -0.000156 2.2308e-08 0.000156 1 -0.0039109 0.014054 -0.00353875
FixedParameters: 0 0 0

#Transform 21
Transform: AffineTransform_float_3_3
Parameters: 1 4.16e-09 -5.2e-05 4.16e-09 1 8e-05 5.2e-05 -8e-05 1 0.00213359 0.00622432 -0.00236269
FixedParameters: 0 0 0

#Transform 22
Transform: AffineTransform_float_3_3
Parameters: 1 0 0 0 1 -5.7e-05 0 5.7e-05 1 -0.004601 0.0262232 -0.0131036
FixedParameters: 0 0 0

#Transform 23
Transform: AffineTransform_float_3_3
Parameters: 1 -9.546e-09 0.000129 -9.546e-09 1 7.4e-05 -0.000129 -7.4e-05 1 -0.00802016 0.0145091 -0.0107884
FixedParameters: 0 0 0

#Transform 24
Transform: AffineTransform_float_3_3
Parameters: 1 -0.000138 2.1528e-08 0.000138 1 -0.000156 2.1528e-08 0.000156 1 -0.00653329 0.0190315 -0.010263
FixedParameters: 0 0 0

#Transform 25
Transform: AffineTransform_float_3_3
Parameters: 1 0 0 0 1 -0.000234 0 0.000234 1 -0.004601 0.0308962 -0.00903968
FixedParameters: 0 0 0

#Transform 26
Transform: AffineTransform_float_3_3
Parameters: 1 -0.000143 -5.005e-08 0.000143 1 0.00035 -5.005e-08 -0.00035 1 -0.00384814 0.0157739 -0.00107691
FixedParameters: 0 0 0

#Transform 27
Transform: AffineTransform_float_3_3
Parameters: 1 0 0 0 1 -0.000471 0 0.000471 1 -0.004601 0.043389 0.00292834
FixedParameters: 0 0 0

#Transform 28
Transform: AffineTransform_float_3_3
Parameters: 1 0 0 0 1 -0.000156 0 0.000156 1 -0.004601 0.0288429 0.00964256
FixedParameters: 0 0 0

#Transform 29
Transform: AffineTransform_float_3_3
Parameters: 1 8.0496e-08 0.000312 8.0496e-08 1 -0.000258 -0.000312 0.000258 1 -0.0128065 0.0365685 0.0040021
FixedParameters: 0 0 0

#Transform 30
Transform: AffineTransform_float_3_3
Parameters: 1 0 0 0 1 -0.000156 0 0.000156 1 -0.007612 0.028845 -0.00353844
FixedParameters: 0 0 0

#Transform 31
Transform: AffineTransform_float_3_3
Parameters: 1 0.000126 -1.9656e-08 -0.000126 1 -0.000156 -1.9656e-08 0.000156 1 -0.00525966 0.028613 -0.00354048
FixedParameters: 0 0 0

#Transform 32
Transform: AffineTransform_float_3_3
Parameters: 1 0 0 0 1 -0.000156 0 0.000156 1 0.001286 0.031632 -0.00353801
FixedParameters: 0 0 0

#Transform 33
Transform: AffineTransform_float_3_3
Parameters: 1 2.387e-08 7.7e-05 2.387e-08 1 -0.00031 -7.7e-05 0.00031 1 -0.00660199 0.0328598 -0.00893576
FixedParameters: 0 0 0

#Transform 34
Transform: AffineTransform_float_3_3
Parameters: 1 0.000201 -2.0502e-08 -0.000201 1 -0.000102 -2.0502e-08 0.000102 1 0.000590466 0.0270104 -0.0154404
FixedParameters: 0 0 0

#Transform 35
Transform: AffineTransform_float_3_3
Parameters: 1 0 0 0 1 -0.000319 0 0.000319 1 -0.004591 0.033107 -0.00440061
FixedParameters: 0 0 0

#Transform 36
Transform: AffineTransform_float_3_3
Parameters: 1 0.000156032 0.000202976 -0.000155968 1 -0.000156032 -0.000203024 0.000155968 1 -0.0107206 0.0286304 -0.00621497
FixedParameters: 0 0 0

#Transform 37
Transform: AffineTransform_float_3_3
Parameters: 1 0 0 0 1 -0.000245 0 0.000245 1 -0.004614 0.01591 -0.0105613
FixedParameters: 0 0 0

#Transform 38
Transform: AffineTransform_float_3_3
Parameters: 1 9.5e-05 1.045e-09 -9.5e-05 1 1.1e-05 1.045e-09 -1.1e-05 1 -0.00511205 0.00814482 -0.00276677
FixedParameters: 0 0 0

#Transform 39
Transform: AffineTransform_float_3_3
Parameters: 1 0 0 0 1 5e-05 0 -5e-05 1 -0.004601 0.0233848 0.00977463
FixedParameters: 0 0 0

#Transform 40
Transform: AffineTransform_float_3_3
Parameters: 1 0 0 0 1 0.000132 0 -0.000132 1 -0.004601 0.0126938 -0.00206788
FixedParameters: 0 0 0

#Transform 41
Transform: AffineTransform_float_3_3
Parameters: 1 0 0 0 1 -0.000156 0 0.000156 1 -0.004601 0.028845 -0.00353844
FixedParameters: 0 0 0

#Transform 42
Transform: AffineTransform_float_3_3
Parameters: 1 0.000148 5.4908e-08 -0.000148 1 0.000371 5.4908e-08 -0.000371 1 -0.00531071 0.0147422 0.01131
FixedParameters: 0 0 0

#Transform 43
Transform: AffineTransform_float_3_3
Parameters: 1 9.25656e-05 0.00045009 -9.24341e-05 0.999999 0.000964958 -0.000449911 -0.000965042 1 -0.00301372 -0.0182543 0.0320015
FixedParameters: 0 0 0

#Transform 44
Transform: AffineTransform_float_3_3
Parameters: 1 9.53519e-08 -0.000116 9.53519e-08 0.999999 0.000821999 0.000116 -0.000821999 0.999999 0.00871885 -0.0142865 0.0414445
FixedParameters: 0 0 0

#Transform 45
Transform: AffineTransform_float_3_3
Parameters: 1 -0.000336796 -0.000216317 0.000337203 0.999999 0.000941926 0.000215682 -0.000942072 0.999999 0.00273075 0.000559284 0.045622
FixedParameters: 0 0 0

#Transform 46
Transform: AffineTransform_float_3_3
Parameters: 1 8.87811e-08 -7.7e-05 8.87811e-08 1 0.001153 7.7e-05 -0.001153 1 -0.00263727 -0.00564608 0.0463818
FixedParameters: 0 0 0

#Transform 47
Transform: AffineTransform_float_3_3
Parameters: 1 2.18592e-07 -0.000216 2.18592e-07 1 0.001012 0.000216 -0.001012 1 0.0122723 -0.00194852 0.0262261
FixedParameters: 0 0 0

#Transform 48
Transform: AffineTransform_float_3_3
Parameters: 1 1.76472e-07 -0.000216 1.76472e-07 0.999999 0.000816999 0.000216 -0.000816999 0.999999 0.00102698 0.00686063 0.041838
FixedParameters: 0 0 0

#Transform 49
Transform: AffineTransform_float_3_3
Parameters: 1 -0.000482907 -0.000216208 0.000483093 1 0.000430895 0.000215792 -0.000431104 1 0.00349359 0.0333574 0.034603
FixedParameters: 0 0 0

#Transform 50
Transform: AffineTransform_float_3_3
Parameters: 1 -4.56341e-05 -0.000313054 4.63659e-05 1 0.00116899 0.000312946 -0.00116902 1 0.00385699 -0.0235365 0.0704897
FixedParameters: 0 0 0

#Transform 51
Transform: AffineTransform_float_3_3
Parameters: 0.999999 -0.000482572 -0.000647319 0.000483427 0.999999 0.000660687 0.00064668 -0.000661312 0.999999 0.0273884 0.0118289 0.0520256
FixedParameters: 0 0 0

#Transform 52
Transform: AffineTransform_float_3_3
Parameters: 0.999999 -0.000482555 -0.000522411 0.000483444 0.999999 0.000851747 0.000521588 -0.000852251 0.999999 0.0158005 -0.0144276 0.0442093
FixedParameters: 0 0 0

#Transform 53
Transform: AffineTransform_float_3_3
Parameters: 0.999999 -0.000333486 -0.000695247 0.000334513 0.999999 0.000738768 0.000694753 -0.000739232 1 0.0314853 0.016472 0.0363653
FixedParameters: 0 0 0

#Transform 54
Transform: AffineTransform_float_3_3
Parameters: 1 -0.000114954 -6.2085e-05 0.000115046 0.999999 0.000738992 6.1915e-05 -0.000739007 0.999999 -0.0024194 -0.0121965 0.0184521
FixedParameters: 0 0 0

#Transform 55
Transform: AffineTransform_float_3_3
Parameters: 1 -0.000248551 -0.000487229 0.000249448 0.999999 0.000920879 0.000486771 -0.000921121 1 0.0237565 -0.0135066 0.0200693
FixedParameters: 0 0 0

#Transform 56
Transform: AffineTransform_float_3_3
Parameters: 1 -0.000126553 -0.00043813 0.000126447 1 0.00102095 0.000437871 -0.00102006 1 0.0198495 -0.0196419 -0.00823166
FixedParameters: 0 0 0

#Transform 57
Transform: AffineTransform_float_3_3
Parameters: 1 -0.000482917 -6.26394e-05 0.000483082 0.999999 0.00132397 6.13604e-05 -0.00132403 0.999999 0.0301995 0.00637669 -0.145374
FixedParameters: 0 0 0

#Transform 58
Transform: AffineTransform_float_3_3
Parameters: 1 -6.26901e-05 0.000304859 6.23096e-05 0.999998 0.00226302 -0.000305142 -0.00226298 0.999998 -0.0122725 -0.0805346 -0.0108119
FixedParameters: 0 0 0

#Transform 59
Transform: AffineTransform_float_3_3
Parameters: 1 6.2084e-05 -5.89116e-05 -6.19159e-05 0.999999 0.001425 5.90883e-05 -0.001425 0.999999 -0.0033667 -0.0158752 0.0349393
FixedParameters: 0 0 0

#Transform 60
Transform: AffineTransform_float_3_3
Parameters: 1 0.000210315 -0.000143539 -0.000209686 0.999997 0.00219103 0.00014346 -0.00219097 0.999997 -0.00187346 -0.00251986 0.0405806
FixedParameters: 0 0 0

#Transform 61
Transform: AffineTransform_float_3_3
Parameters: 1 0.000190238 -0.000144687 -0.000190761 0.999998 0.00164503 0.000145314 -0.00164497 0.999998 -0.00175463 0.0175277 0.00266025
FixedParameters: 0 0 0

#Transform 62
Transform: AffineTransform_float_3_3
Parameters: 1 8.47268e-05 0.00016614 -8.52729e-05 0.999998 0.00164498 -0.00016586 -0.00164501 0.999998 -0.00935413 0.00144738 -0.0220435
FixedParameters: 0 0 0

#Transform 63
Transform: AffineTransform_float_3_3
Parameters: 1 0.000340968 1.95609e-05 -0.000341032 0.999998 0.00164499 -1.9439e-05 -0.00164501 0.999998 0.000162849 -0.0270848 -0.0331069
FixedParameters: 0 0 0

#Transform 64
Transform: AffineTransform_float_3_3
Parameters: 1 0.000495123 -8.83148e-05 -0.000495878 0.999999 0.00138404 8.86864e-05 -0.00138396 0.999999 0.00882306 -0.0300226 -0.0463861
FixedParameters: 0 0 0

#Transform 65
Transform: AffineTransform_float_3_3
Parameters: 1 0.000325726 0.000166536 -0.000326272 0.999998 0.00164494 -0.000165463 -0.00164505 0.999998 0.00670539 -0.0290827 -0.038113
FixedParameters: 0 0 0

#Transform 66
Transform: AffineTransform_float_3_3
Parameters: 1 0.000362934 0.000166144 -0.000363066 1 0.00039694 -0.000165856 -0.00039706 1 0.00574378 0.00250862 -0.0322408
FixedParameters: 0 0 0

#Transform 67
Transform: AffineTransform_float_3_3
Parameters: 1 0.000585845 0.000166546 -0.000586155 1 0.000931903 -0.000165454 -0.000932098 1 0.00327121 -0.0227836 -0.0305211
FixedParameters: 0 0 0

#Transform 68
Transform: AffineTransform_float_3_3
Parameters: 1 0.000338806 0.000166396 -0.000339194 1 0.00116794 -0.000165604 -0.00116806 1 -0.0104542 -0.0285001 0.0123927
FixedParameters: 0 0 0

#Transform 69
Transform: AffineTransform_float_3_3
Parameters: 1 0.000122225 -0.000186853 -0.000121775 1 0.00120202 0.000187147 -0.00120298 1 -0.000136261 -0.0150594 0.00420713
FixedParameters: 0 0 0

#Transform 70
Transform: AffineTransform_float_3_3
Parameters: 1 0.000205792 0.000166257 -0.000206207 0.999999 0.00124997 -0.000165742 -0.00125003 0.999999 -0.00982091 -0.00707827 0.0278612
FixedParameters: 0 0 0

#Transform 71
Transform: AffineTransform_float_3_3
Parameters: 1 0.000160981 1.52017e-05 -0.000161019 0.999999 0.001253 -1.47983e-05 -0.001253 0.999999 -0.0055928 0.0151497 0.0259605
FixedParameters: 0 0 0

#Transform 72
Transform: AffineTransform_float_3_3
Parameters: 1 0.000338985 9.5295e-06 -0.000339015 0.999998 0.001562 -9.47047e-06 -0.001562 0.999999 -0.00633117 0.00678608 0.0403737
FixedParameters: 0 0 0

#Transform 73
Transform: AffineTransform_float_3_3
Parameters: 1 1.83848e-06 0.000166002 -2.16152e-06 0.999999 0.000972999 -0.000165998 -0.000972999 0.999999 -0.0253441 0.0388098 0.0402251
FixedParameters: 0 0 0

#Transform 74
Transform: AffineTransform_float_3_3
Parameters: 1 0.000338703 0.000289348 -0.000339297 1 0.0010279 -0.000288651 -0.0010281 1 -0.0302838 0.0207524 0.0283144
FixedParameters: 0 0 0

#Transform 75
Transform: AffineTransform_float_3_3
Parameters: 1 0.000338628 0.000279451 -0.000339371 0.999999 0.00133191 -0.000278548 -0.00133209 0.999999 -0.0160108 -0.00105145 0.038093
FixedParameters: 0 0 0

#Transform 76
Transform: AffineTransform_float_3_3
Parameters: 1 0.000338357 0.000379573 -0.000339641 0.999998 0.00169387 -0.000378425 -0.00169413 0.999998 -0.0129664 -0.02559 0.0388196
FixedParameters: 0 0 0

#Transform 77
Transform: AffineTransform_float_3_3
Parameters: 1 0.000338605 0.000194688 -0.000339395 0.999998 0.00203193 -0.000194311 -0.00203207 0.999998 -0.00135635 -0.0224744 0.0305267
FixedParameters: 0 0 0

#Transform 78
Transform: AffineTransform_float_3_3
Parameters: 1 0.000338985 8.61968e-06 -0.000339014 0.999999 0.001828 -7.3803e-06 -0.001828 0.999999 0.00752465 -0.0235625 0.0096704
FixedParameters: 0 0 0

#Transform 79
Transform: AffineTransform_float_3_3
Parameters: 1 0.000240277 0.000428406 -0.000240722 0.999998 0.0016879 -0.000427594 -0.0016881 0.999999 -0.000360157 -0.0196172 0.0285702
FixedParameters: 0 0 0

#Transform 80
Transform: AffineTransform_float_3_3
Parameters: 1 0.000338725 0.000191487 -0.000339274 0.999999 0.00143693 -0.000190513 -0.00143706 0.999999 0.00543861 -0.0132749 0.00826822
FixedParameters: 0 0 0

#Transform 81
Transform: AffineTransform_float_3_3
Parameters: 1 0.000338241 0.0004286 -0.00033876 0.999999 0.00177286 -0.0004284 -0.00177315 0.999999 -0.00289988 -0.0220766 0.0288634
FixedParameters: 0 0 0

#Transform 82
Transform: AffineTransform_float_3_3
Parameters: 1 0.000338863 7.16528e-05 -0.000339138 0.999998 0.00192598 -7.1347e-05 -0.00192602 0.999998 0.00856567 -0.0260675 0.0527411
FixedParameters: 0 0 0

#Transform 83
Transform: AffineTransform_float_3_3
Parameters: 1 6.58834e-05 6.61165e-05 -6.61165e-05 0.999999 0.001766 -6.58834e-05 -0.00176601 0.999999 0.00507448 -0.00999884 0.0456323
FixedParameters: 0 0 0

#Transform 84
Transform: AffineTransform_float_3_3
Parameters: 1 0.000338748 0.000121704 -0.000339253 0.999998 0.00207896 -0.000121295 -0.00207904 0.999998 0.00725618 -0.0301602 0.0109372
FixedParameters: 0 0 0

#Transform 85
Transform: AffineTransform_float_3_3
Parameters: 1 0.000190964 1.44776e-05 -0.000191037 0.999997 0.002501 -1.45223e-05 -0.002501 0.999997 0.00603197 -0.0409223 0.0501775
FixedParameters: 0 0 0

#Transform 86
Transform: AffineTransform_float_3_3
Parameters: 1 0.000209011 -5.61752e-06 -0.000208989 0.999999 0.00183 6.38246e-06 -0.00183 0.999999 0.00720963 -0.0120685 0.0327024
FixedParameters: 0 0 0

#Transform 87
Transform: AffineTransform_float_3_3
Parameters: 1 0.000338062 0.000428741 -0.000338938 0.999997 0.00218786 -0.00042826 -0.00218815 0.999998 -0.0173435 -0.0328805 0.0405818
FixedParameters: 0 0 0

#Transform 88
Transform: AffineTransform_float_3_3
Parameters: 1 0.000338705 0.000144692 -0.000339295 0.999998 0.00204295 -0.000144307 -0.00204305 0.999998 0.00154407 -0.0160665 0.0519984
FixedParameters: 0 0 0

#Transform 89
Transform: AffineTransform_float_3_3
Parameters: 1 0.000338439 0.000228832 -0.000339561 0.999997 0.00245492 -0.000228167 -0.00245508 0.999997 -0.00079579 -0.0154313 0.0678664
FixedParameters: 0 0 0

#Transform 90
Transform: AffineTransform_float_3_3
Parameters: 1 0.000338176 0.000335831 -0.000338824 0.999997 0.00245489 -0.000335169 -0.00245511 0.999997 -4.168e-05 -0.0399334 0.0507552
FixedParameters: 0 0 0

#Transform 91
Transform: AffineTransform_float_3_3
Parameters: 1 0.000510124 0.000357253 -0.000510875 0.999997 0.00245482 -0.000355747 -0.00245518 0.999997 -0.000168814 -0.0223836 0.0507672
FixedParameters: 0 0 0

#Transform 92
Transform: AffineTransform_float_3_3
Parameters: 1 0.000339075 -2.18666e-05 -0.000338928 0.999995 0.00334301 2.21332e-05 -0.003343 0.999995 0.00792154 -0.0300722 0.0878062
FixedParameters: 0 0 0

#Transform 93
Transform: AffineTransform_float_3_3
Parameters: 1 0.00010859 0.000167267 -0.00010941 0.999997 0.00245498 -0.000166732 -0.00245502 0.999997 0.00661467 -0.014755 0.086317
FixedParameters: 0 0 0

#Transform 94
Transform: AffineTransform_float_3_3
Parameters: 1 0.000338921 2.70037e-05 -0.000339078 0.999995 0.00296099 -2.59964e-05 -0.00296001 0.999995 -0.00677386 -0.0278655 0.0815079
FixedParameters: 0 0 0

#Transform 95
Transform: AffineTransform_float_3_3
Parameters: 1 0.000339151 -5.10034e-05 -0.000338848 0.999995 0.00293902 5.19961e-05 -0.00293898 0.999995 -0.00467906 -0.0235552 0.0815627
FixedParameters: 0 0 0

#Transform 96
Transform: AffineTransform_float_3_3
Parameters: 1 0.00033934 -0.000103895 -0.000339659 0.999994 0.00325703 0.000105107 -0.00325696 0.999994 -0.00334071 -0.0236205 0.0832149
FixedParameters: 0 0 0

#Transform 97
Transform: AffineTransform_float_3_3
Parameters: 1 0.000339324 -0.000103947 -0.000339676 0.999995 0.00310404 0.000105055 -0.00310397 0.999995 -0.00334554 -0.0372661 0.0851369
FixedParameters: 0 0 0

#Transform 98
Transform: AffineTransform_float_3_3
Parameters: 1 0.000338725 7.82006e-05 -0.000339274 0.999993 0.00354297 -7.67984e-05 -0.00354302 0.999993 -0.00807386 -0.0199085 0.0842416
FixedParameters: 0 0 0

#Transform 99
Transform: AffineTransform_float_3_3
Parameters: 1 0.000338828 5.01784e-05 -0.000339172 0.999994 0.00347698 -4.8821e-05 -0.00347702 0.999994 -0.00736817 -0.0391041 0.0952875
FixedParameters: 0 0 0

#Transform 100
Transform: AffineTransform_float_3_3
Parameters: 1 0.000339349 -0.000103868 -0.000339651 0.999995 0.00333904 0.000105135 -0.00333897 0.999995 0.00734806 -0.0447657 0.0837362
FixedParameters: 0 0 0

#Transform 101
Transform: AffineTransform_float_3_3
Parameters: 1 0.000339346 -0.000103878 -0.000339654 0.999995 0.00330704 0.000105124 -0.00330696 0.999994 -0.00335045 -0.0420378 0.0974438
FixedParameters: 0 0 0

#Transform 102
Transform: AffineTransform_float_3_3
Parameters: 1 0.000339363 -0.000103821 -0.000339636 0.999994 0.00347703 0.000105182 -0.00347696 0.999994 0.0116868 -0.0335408 0.0843431
FixedParameters: 0 0 0

#Transform 103
Transform: AffineTransform_float_3_3
Parameters: 1 0.000338743 6.53487e-05 -0.000339256 0.999992 0.00397998 -6.36503e-05 -0.00398002 0.999992 0.00150994 -0.0481781 0.089932
FixedParameters: 0 0 0

#Transform 104
Transform: AffineTransform_float_3_3
Parameters: 1 0.000339394 -0.00010372 -0.000339609 0.999993 0.00377403 0.000104282 -0.00377396 0.999993 -0.00333882 -0.0427424 0.0986454
FixedParameters: 0 0 0

#Transform 105
Transform: AffineTransform_float_3_3
Parameters: 1 0.000338705 7.23943e-05 -0.000339294 0.999992 0.00411498 -7.06044e-05 -0.00411502 0.999991 -0.0079461 -0.0517169 0.108106
FixedParameters: 0 0 0

#Transform 106
Transform: AffineTransform_float_3_3
Parameters: 1 0.000338603 9.44341e-05 -0.000339399 0.999991 0.00423297 -9.35645e-05 -0.00423203 0.999991 -0.00855811 -0.0548052 0.0899612
FixedParameters: 0 0 0

#Transform 107
Transform: AffineTransform_float_3_3
Parameters: 1 0.000338284 0.000160518 -0.000338714 0.99999 0.00448295 -0.000158483 -0.00448305 0.99999 -0.00254774 -0.0521673 0.118384
FixedParameters: 0 0 0

#Transform 108
Transform: AffineTransform_float_3_3
Parameters: 1 0.000218489 -0.000303935 -0.000217511 0.999988 0.00489007 0.000305067 -0.00488993 0.999988 0.0171969 -0.0597248 0.125111
FixedParameters: 0 0 0

#Transform 109
Transform: AffineTransform_float_3_3
Parameters: 1 0.000456221 0.000161221 -0.000456778 0.999988 0.00486393 -0.00015878 -0.00486407 0.999988 -0.0108566 -0.0715516 0.114688
FixedParameters: 0 0 0

#Transform 110
Transform: AffineTransform_float_3_3
Parameters: 1 -0.000112125 -0.000334634 0.000113871 0.999985 0.00560796 0.000333367 -0.00560804 0.999984 0.0171189 -0.0794924 0.161016
FixedParameters: 0 0 0

#Transform 111
Transform: AffineTransform_float_3_3
Parameters: 1 0.000255667 -0.000254336 -0.000253329 0.999979 0.00653107 0.00025666 -0.00653194 0.999978 0.0164492 -0.102816 0.1577
FixedParameters: 0 0 0

#Transform 112
Transform: AffineTransform_float_3_3
Parameters: 1 0.000341446 -0.000331499 -0.000339557 0.999973 0.00735111 0.000333505 -0.00735189 0.999973 0.00264232 -0.0897001 0.189929
FixedParameters: 0 0 0

#Transform 113
Transform: AffineTransform_float_3_3
Parameters: 1 0.00034162 -0.00033132 -0.000339382 0.999969 0.00787611 0.000333683 -0.00787589 0.999969 0.0197489 -0.0866281 0.164283
FixedParameters: 0 0 0

#Transform 114
Transform: AffineTransform_float_3_3
Parameters: 1 0.000341583 -0.000331358 -0.00033942 0.99997 0.00776311 0.000333645 -0.00776288 0.99997 0.0230842 -0.125594 0.150748
FixedParameters: 0 0 0

#Transform 115
Transform: AffineTransform_float_3_3
Parameters: 0.999999 0.000344426 -0.000666222 -0.000339568 0.999967 0.00812723 0.000669781 -0.00812677 0.999967 0.0334589 -0.11264 0.168869
FixedParameters: 0 0 0

#Transform 116
Transform: AffineTransform_float_3_3
Parameters: 1 0.000342881 -0.000467176 -0.00033912 0.999965 0.00828215 0.000469824 -0.00828183 0.999965 0.0302427 -0.125319 0.149948
FixedParameters: 0 0 0

#Transform 117
Transform: AffineTransform_float_3_3
Parameters: 0.999999 0.000344486 -0.000649118 -0.000339515 0.999965 0.00843223 0.000651886 -0.00843178 0.999964 0.0321428 -0.140101 0.161152
FixedParameters: 0 0 0

#Transform 118
Transform: AffineTransform_float_3_3
Parameters: 0.999999 0.000344595 -0.000697262 -0.000339406 0.999968 0.00800924 0.00069974 -0.00800876 0.999967 0.0303726 -0.105818 0.172485
FixedParameters: 0 0 0

#Transform 119
Transform: AffineTransform_float_3_3
Parameters: 0.999999 0.000176796 -0.000735631 -0.000171201 0.999969 0.00787213 0.00073737 -0.00787187 0.999968 0.0326591 -0.0988482 0.166662
FixedParameters: 0 0 0

#Transform 120
Transform: AffineTransform_float_3_3
Parameters: 0.999999 0.000344132 -0.000623194 -0.00033887 0.999966 0.00821522 0.000625805 -0.00821579 0.999966 0.0129803 -0.117319 0.186938
FixedParameters: 0 0 0

#Transform 121
Transform: AffineTransform_float_3_3
Parameters: 1 0.000341495 -0.000331449 -0.000339508 0.999972 0.00749811 0.000333555 -0.00749788 0.999972 0.0140474 -0.118416 0.175561
FixedParameters: 0 0 0

#Transform 122
Transform: AffineTransform_float_3_3
Parameters: 1 0.000341494 -0.000331449 -0.000339509 0.999972 0.00749711 0.000333555 -0.00749688 0.999972 0.00652901 -0.0976524 0.17977
FixedParameters: 0 0 0

#Transform 123
Transform: AffineTransform_float_3_3
Parameters: 1 0.000341588 -0.000331353 -0.000339415 0.999969 0.00777911 0.00033365 -0.00777888 0.999969 0.00265538 -0.0867007 0.159845
FixedParameters: 0 0 0

#Transform 124
Transform: AffineTransform_float_3_3
Parameters: 1 0.000341679 -0.000331258 -0.000339322 0.999967 0.00805611 0.000333744 -0.00805588 0.999967 0.00263633 -0.102304 0.165121
FixedParameters: 0 0 0

#Transform 125
Transform: AffineTransform_float_3_3
Parameters: 1 0.000342448 -0.00042122 -0.000339554 0.999966 0.00815814 0.000423784 -0.00815785 0.999966 0.00501796 -0.0914267 0.180732
FixedParameters: 0 0 0

#Transform 126
Transform: AffineTransform_float_3_3
Parameters: 0.999999 0.000519394 -0.00055089 -0.000515605 0.999969 0.00794729 0.000555115 -0.00794672 0.999969 0.00113866 -0.10205 0.199747
FixedParameters: 0 0 0

#Transform 127
Transform: AffineTransform_float_3_3
Parameters: 1 0.000343242 -0.000552387 -0.000338761 0.99997 0.00766119 0.000554612 -0.00766081 0.999971 0.00845788 -0.122296 0.158206
FixedParameters: 0 0 0

#Transform 128
Transform: AffineTransform_float_3_3
Parameters: 1 0.000341324 -0.000308448 -0.000339672 0.999972 0.0075031 0.000311557 -0.00750289 0.999972 0.0020893 -0.0920505 0.178771
FixedParameters: 0 0 0

#Transform 129
Transform: AffineTransform_float_3_3
Parameters: 1 0.000341692 -0.000322169 -0.00033931 0.999966 0.00831912 0.000324834 -0.0083189 0.999966 0.00245073 -0.119193 0.176881
FixedParameters: 0 0 0

#Transform 130
Transform: AffineTransform_float_3_3
Parameters: 1 0.000341689 -0.000322171 -0.000339312 0.999966 0.00831112 0.000324831 -0.0083109 0.999966 0.0024506 -0.131642 0.161202
FixedParameters: 0 0 0

#Transform 131
Transform: AffineTransform_float_3_3
Parameters: 1 0.000422557 -0.000321668 -0.00041944 0.999968 0.00790813 0.000325327 -0.00790886 0.999968 0.0167708 -0.104571 0.159043
FixedParameters: 0 0 0

#Transform 132
Transform: AffineTransform_float_3_3
Parameters: 1 0.000341524 -0.000322347 -0.000339479 0.999969 0.0077971 0.000324657 -0.00779688 0.999969 0.00246297 -0.0833158 0.158173
FixedParameters: 0 0 0

#Transform 133
Transform: AffineTransform_float_3_3
Parameters: 1 0.000430398 -0.000321818 -0.000428601 0.999973 0.00741515 0.000325187 -0.00741487 0.999973 0.0115178 -0.112073 0.130998
FixedParameters: 0 0 0

#Transform 134
Transform: AffineTransform_float_3_3
Parameters: 1 0.000341268 -0.000322618 -0.00033873 0.999976 0.00700312 0.00032538 -0.0070029 0.999976 0.002473 -0.0952738 0.145598
FixedParameters: 0 0 0

#Transform 135
Transform: AffineTransform_float_3_3
Parameters: 1 0.000340993 -0.000322908 -0.000339006 0.999981 0.00615311 0.000325092 -0.00615289 0.999981 0.0126197 -0.0711189 0.12562
FixedParameters: 0 0 0

#Transform 136
Transform: AffineTransform_float_3_3
Parameters: 1 0.000181152 -0.000361931 -0.000178848 0.999983 0.00593607 0.000363068 -0.00593594 0.999983 0.0266701 -0.0587672 0.098902
FixedParameters: 0 0 0

#Transform 137
Transform: AffineTransform_float_3_3
Parameters: 1 0.000208042 -0.00062567 -0.000203956 0.999979 0.00645313 0.000627329 -0.00645287 0.999979 0.0259039 -0.0800584 0.131278
FixedParameters: 0 0 0

#Transform 138
Transform: AffineTransform_float_3_3
Parameters: 1 0.000340426 -0.000219808 -0.000339573 0.999979 0.00645308 0.000222196 -0.00645293 0.999979 -0.000212807 -0.0863482 0.16493
FixedParameters: 0 0 0

#Transform 139
Transform: AffineTransform_float_3_3
Parameters: 1 0.000340415 -0.000219825 -0.000339584 0.99998 0.00640308 0.000222179 -0.00640293 0.99998 0.0126052 -0.0850595 0.162526
FixedParameters: 0 0 0

#Transform 140
Transform: AffineTransform_float_3_3
Parameters: 1 0.000341619 -0.000404804 -0.000339379 0.999979 0.00645314 0.000407198 -0.00645286 0.999979 0.00462742 -0.0863767 0.157712
FixedParameters: 0 0 0

#Transform 141
Transform: AffineTransform_float_3_3
Parameters: 1 0.000341987 -0.000461803 -0.000339012 0.999979 0.00645316 0.000464197 -0.00645284 0.999979 0.0126733 -0.0621395 0.161644
FixedParameters: 0 0 0

#Transform 142
Transform: AffineTransform_float_3_3
Parameters: 1 0.000342888 -0.000589756 -0.00033911 0.999979 0.0065802 0.000592244 -0.0065798 0.999978 0.0253044 -0.089797 0.139911
FixedParameters: 0 0 0

#Transform 143
Transform: AffineTransform_float_3_3
Parameters: 1 0.000340492 -0.000219705 -0.000339506 0.999977 0.00675608 0.000222299 -0.00675593 0.999977 0.0168509 -0.0905122 0.124052
FixedParameters: 0 0 0

#Transform 144
Transform: AffineTransform_float_3_3
Parameters: 1 0.000340432 -0.000219798 -0.000339567 0.999979 0.00648207 0.000222206 -0.00648192 0.999979 0.0225697 -0.0872439 0.143135
FixedParameters: 0 0 0

#Transform 145
Transform: AffineTransform_float_3_3
Parameters: 1 0.000342392 -0.000502706 -0.000339606 0.999978 0.00673318 0.000505298 -0.00673283 0.999977 0.0283246 -0.0822341 0.14457
FixedParameters: 0 0 0

#Transform 146
Transform: AffineTransform_float_3_3
Parameters: 0.999999 0.000344286 -0.000799745 -0.000339713 0.999978 0.00659927 0.000802259 -0.00659973 0.999978 0.0256809 -0.0906217 0.1082
FixedParameters: 0 0 0

#Transform 147
Transform: AffineTransform_float_3_3
Parameters: 0.999999 0.000519318 -0.000681732 -0.00051568 0.99998 0.00631935 0.000685272 -0.00631864 0.99998 0.0279497 -0.0641308 0.127763
FixedParameters: 0 0 0

#Transform 148
Transform: AffineTransform_float_3_3
Parameters: 0.999999 0.000532637 -0.000705523 -0.00052836 0.999979 0.00655638 0.00070948 -0.00655663 0.999979 0.0284577 -0.0896553 0.130865
FixedParameters: 0 0 0

#Transform 149
Transform: AffineTransform_float_3_3
Parameters: 1 0.000632421 -0.000217917 -0.000630578 0.999979 0.00646314 0.00022208 -0.00646286 0.999979 0.0101223 -0.0870077 0.167035
FixedParameters: 0 0 0

#Transform 150
Transform: AffineTransform_float_3_3
Parameters: 1 0.000338873 2.20431e-05 -0.000339126 0.999982 0.00602799 -1.99561e-05 -0.006028 0.999982 -0.00653355 -0.074867 0.200047
FixedParameters: 0 0 0

#Transform 151
Transform: AffineTransform_float_3_3
Parameters: 1 0.000471737 -0.000469264 -0.000469264 0.999983 0.00581622 0.000471737 -0.00581578 0.999983 0.0223125 -0.0974774 0.158792
FixedParameters: 0 0 0

#Transform 152
Transform: AffineTransform_float_3_3
Parameters: 1 0.00034045 -0.000255076 -0.00033955 0.999984 0.00566409 0.000256927 -0.00566391 0.999984 0.0168049 -0.0456454 0.161284
FixedParameters: 0 0 0

#Transform 153
Transform: AffineTransform_float_3_3
Parameters: 1 0.000340636 -0.000277 -0.000339363 0.999982 0.00588609 0.000279002 -0.0058859 0.999982 0.0158093 -0.0584808 0.130334
FixedParameters: 0 0 0

#Transform 154
Transform: AffineTransform_float_3_3
Parameters: 1 0.000339802 -0.000145137 -0.000339193 0.999985 0.00548905 0.000147864 -0.00548895 0.999985 0.0197891 -0.0491137 0.128125
FixedParameters: 0 0 0

#Transform 155
Transform: AffineTransform_float_3_3
Parameters: 1 0.000340782 -0.00033922 -0.000339214 0.999986 0.00523812 0.000341782 -0.00523889 0.999986 0.0289051 -0.0425941 0.127264
FixedParameters: 0 0 0

#Transform 156
Transform: AffineTransform_float_3_3
Parameters: 1 0.000339736 -0.000145291 -0.00033926 0.999988 0.00503605 0.00014771 -0.00503595 0.999988 0.0238269 -0.059083 0.120053
FixedParameters: 0 0 0

#Transform 157
Transform: AffineTransform_float_3_3
Parameters: 1 0.000339756 -0.000145244 -0.00033924 0.999986 0.00517305 0.000147757 -0.00517295 0.999986 0.0128926 -0.062484 0.14785
FixedParameters: 0 0 0

#Transform 158
Transform: AffineTransform_float_3_3
Parameters: 1 0.000123233 -0.00043938 -0.000121769 0.999987 0.00507905 0.000439624 -0.00507895 0.999987 0.0182667 -0.0466589 0.155336
FixedParameters: 0 0 0

#Transform 159
Transform: AffineTransform_float_3_3
Parameters: 1 0.000340597 -0.000323326 -0.000339404 0.999988 0.00492711 0.000324676 -0.00492789 0.999988 0.0131527 -0.0561003 0.144342
FixedParameters: 0 0 0

#Transform 160
Transform: AffineTransform_float_3_3
Parameters: 1 0.000254757 -0.000145684 -0.000254241 0.999986 0.00517303 0.000147317 -0.00517296 0.999986 0.00715046 -0.0624259 0.132703
FixedParameters: 0 0 0

#Transform 161
Transform: AffineTransform_float_3_3
Parameters: 1 0.000340451 -0.000299359 -0.000339552 0.999989 0.0048311 0.000300644 -0.0048319 0.999989 0.0143237 -0.0536636 0.143762
FixedParameters: 0 0 0

#Transform 162
Transform: AffineTransform_float_3_3
Parameters: 1 0.000340657 -0.000332309 -0.000339344 0.999987 0.00497411 0.000333692 -0.00497388 0.999987 0.00865784 -0.0444527 0.144469
FixedParameters: 0 0 0

#Transform 163
Transform: AffineTransform_float_3_3
Parameters: 1 0.00041549 -0.000461772 -0.000413509 0.999986 0.0053792 0.000464231 -0.00537881 0.999986 0.0117131 -0.0681093 0.146809
FixedParameters: 0 0 0

#Transform 164
Transform: AffineTransform_float_3_3
Parameters: 1 0.000339796 -0.000145152 -0.0003392 0.999985 0.00544605 0.000147849 -0.00544595 0.999985 0.00378846 -0.0697491 0.139151
FixedParameters: 0 0 0

#Transform 165
Transform: AffineTransform_float_3_3
Parameters: 1 0.000341502 -0.000474208 -0.000339499 0.999986 0.00526616 0.000475794 -0.00526584 0.999986 0.0157367 -0.0650029 0.1498
FixedParameters: 0 0 0

#Transform 166
Transform: AffineTransform_float_3_3
Parameters: 1 0.000338418 0.000115716 -0.000339583 0.999987 0.00506696 -0.000114281 -0.00506704 0.999987 0.00501109 -0.068686 0.127559
FixedParameters: 0 0 0

#Transform 167
Transform: AffineTransform_float_3_3
Parameters: 1 0.000586872 0.000233851 -0.000588129 0.999988 0.00485286 -0.000231148 -0.00485314 0.999988 -0.00236038 -0.0727245 0.133523
FixedParameters: 0 0 0

#Transform 168
Transform: AffineTransform_float_3_3
Parameters: 1 0.00045815 -0.000238807 -0.000456849 0.999989 0.00479311 0.000241193 -0.00479289 0.999989 0.0171149 -0.0709738 0.132688
FixedParameters: 0 0 0

#Transform 169
Transform: AffineTransform_float_3_3
Parameters: 1 0.000461001 0.000201304 -0.000461998 0.999988 0.00499191 -0.000198696 -0.00499209 0.999987 0.0136862 -0.0762714 0.120747
FixedParameters: 0 0 0

#Transform 170
Transform: AffineTransform_float_3_3
Parameters: 1 0.000339566 -0.000118389 -0.000339436 0.999988 0.00474804 0.000119613 -0.00474796 0.999988 0.0229536 -0.0697014 0.105521
FixedParameters: 0 0 0

#Transform 171
Transform: AffineTransform_float_3_3
Parameters: 1 0.000339921 -0.000204476 -0.000339076 0.99999 0.00448807 0.000206524 -0.00448793 0.99999 0.023028 -0.06281 0.11882
FixedParameters: 0 0 0

#Transform 172
Transform: AffineTransform_float_3_3
Parameters: 1 0.000339238 -5.04251e-05 -0.00033876 0.999989 0.00464402 5.25738e-05 -0.00464398 0.999989 0.00129224 -0.0669604 0.100675
FixedParameters: 0 0 0

#Transform 173
Transform: AffineTransform_float_3_3
Parameters: 1 0.000337897 0.000234597 -0.0003391 0.999989 0.00471892 -0.000232402 -0.00471908 0.999989 0.00707929 -0.0689699 0.0973213
FixedParameters: 0 0 0

#Transform 174
Transform: AffineTransform_float_3_3
Parameters: 1 0.000339317 -6.33262e-05 -0.000339685 0.999988 0.00493502 6.46771e-05 -0.00493498 0.999988 0.00963356 -0.0671023 0.122791
FixedParameters: 0 0 0

#Transform 175
Transform: AffineTransform_float_3_3
Parameters: 1 0.000338136 0.000196495 -0.000338867 0.99999 0.00441694 -0.000195505 -0.00441607 0.99999 -0.00522478 -0.0610205 0.0920759
FixedParameters: 0 0 0

#Transform 176
Transform: AffineTransform_float_3_3
Parameters: 1 0.000339775 -0.000165418 -0.000339222 0.999989 0.00466206 0.000167583 -0.00466194 0.999989 0.0225868 -0.0895228 0.0795693
FixedParameters: 0 0 0

#Transform 177
Transform: AffineTransform_float_3_3
Parameters: 1 0.000230756 -0.000396985 -0.000229249 0.99999 0.00441709 0.000397016 -0.00441691 0.99999 0.0205121 -0.0646501 0.08684
FixedParameters: 0 0 0

#Transform 178
Transform: AffineTransform_float_3_3
Parameters: 1 0.000339674 -0.000141391 -0.000339327 0.999988 0.00474205 0.000142611 -0.00474195 0.999988 0.0186375 -0.0915814 0.0798227
FixedParameters: 0 0 0

#Transform 179
Transform: AffineTransform_float_3_3
Parameters: 1 0.00034011 -0.000247482 -0.000338888 0.99999 0.00447008 0.000249517 -0.00446992 0.99999 0.0252356 -0.0630712 0.0833818
FixedParameters: 0 0 0

#Transform 180
Transform: AffineTransform_float_3_3
Parameters: 1 0.00033992 -0.000207501 -0.000339082 0.99999 0.00441707 0.0002085 -0.00441693 0.99999 0.0223049 -0.0668947 0.0881671
FixedParameters: 0 0 0

#Transform 181
Transform: AffineTransform_float_3_3
Parameters: 1 0.000408462 -0.000511042 -0.000406538 0.999989 0.00480821 0.000512961 -0.00480779 0.999989 0.0241409 -0.0798577 0.0968337
FixedParameters: 0 0 0

#Transform 182
Transform: AffineTransform_float_3_3
Parameters: 0.999999 0.000400654 -0.000815213 -0.000396346 0.99999 0.00447832 0.000816782 -0.00447767 0.999989 0.0420989 -0.0494127 0.102625
FixedParameters: 0 0 0

#Transform 183
Transform: AffineTransform_float_3_3
Parameters: 1 0.000342204 -0.000598178 -0.000338797 0.999985 0.0053482 0.00059982 -0.00534879 0.999985 0.0253752 -0.0710317 0.117571
FixedParameters: 0 0 0

#Transform 184
Transform: AffineTransform_float_3_3
Parameters: 1 0.000340609 -0.000351448 -0.000339393 0.999989 0.00456812 0.000352554 -0.00456788 0.999989 0.0244081 -0.0561821 0.0948662
FixedParameters: 0 0 0

#Transform 185
Transform: AffineTransform_float_3_3
Parameters: 1 0.000340285 -0.000302561 -0.000339717 0.999991 0.0042371 0.000303442 -0.0042369 0.999991 0.025458 -0.0469617 0.109953
FixedParameters: 0 0 0

#Transform 186
Transform: AffineTransform_float_3_3
Parameters: 0.999999 0.000341597 -0.000640621 -0.000339401 0.999991 0.00405022 0.000642379 -0.00404978 0.999991 0.0167443 -0.0388621 0.0995882
FixedParameters: 0 0 0

#Transform 187
Transform: AffineTransform_float_3_3
Parameters: 1 0.000341341 -0.000535515 -0.000339661 0.999991 0.00436519 0.000536488 -0.00436482 0.999991 0.0326171 -0.0550225 0.0992034
FixedParameters: 0 0 0

#Transform 188
Transform: AffineTransform_float_3_3
Parameters: 1 0.000341217 -0.000552637 -0.000338782 0.999992 0.00400619 0.000554362 -0.00400681 0.999992 0.0387034 -0.0537907 0.0922988
FixedParameters: 0 0 0

#Transform 189
Transform: AffineTransform_float_3_3
Parameters: 1 0.0002454 -0.000566967 -0.000242599 0.999991 0.00423014 0.000568031 -0.00422986 0.999991 0.0368198 -0.0626699 0.0789393
FixedParameters: 0 0 0

#Transform 190
Transform: AffineTransform_float_3_3
Parameters: 1 0.000340854 -0.000460634 -0.000339144 0.999992 0.00401916 0.000462367 -0.00401984 0.999992 0.0390164 -0.0727186 0.0834044
FixedParameters: 0 0 0

#Transform 191
Transform: AffineTransform_float_3_3
Parameters: 0.999999 0.000342058 -0.000712539 -0.000338939 0.99999 0.00428824 0.000714459 -0.00428775 0.99999 0.0406627 -0.0600677 0.100398
FixedParameters: 0 0 0

#Transform 192
Transform: AffineTransform_float_3_3
Parameters: 1 0.000341483 -0.000526397 -0.000339513 0.999989 0.00471118 0.000528605 -0.00471082 0.999989 0.0137895 -0.0582857 0.123634
FixedParameters: 0 0 0

#Transform 193
Transform: AffineTransform_float_3_3
Parameters: 1 0.000341254 -0.000526545 -0.000338743 0.999991 0.00427618 0.000528453 -0.00427582 0.99999 0.0253741 -0.0511059 0.0968388
FixedParameters: 0 0 0

#Transform 194
Transform: AffineTransform_float_3_3
Parameters: 1 0.000340338 -0.000336652 -0.00033966 0.999992 0.00396812 0.00033835 -0.00396789 0.999992 0.0190553 -0.0431712 0.0911074
FixedParameters: 0 0 0

#Transform 195
Transform: AffineTransform_float_3_3
Parameters: 0.999999 0.000341844 -0.000663542 -0.000339154 0.999991 0.00428122 0.000665458 -0.00428077 0.99999 0.0240995 -0.0513115 0.0969945
FixedParameters: 0 0 0

#Transform 196
Transform: AffineTransform_float_3_3
Parameters: 1 0.000215346 -0.00058414 -0.000212655 0.999992 0.00401312 0.000584858 -0.00401287 0.999992 0.0311159 -0.0440825 0.0853427
FixedParameters: 0 0 0

#Transform 197
Transform: AffineTransform_float_3_3
Parameters: 1 0.000198162 -0.00056024 -0.000195839 0.999992 0.00385611 0.000560759 -0.00385589 0.999993 0.0384355 -0.0399159 0.0950188
FixedParameters: 0 0 0

#Transform 198
