# transform file /out/sourcedata/freesurfer/sub-v1s22x0050481_ses-1/mri/transforms/cc_up.lta
# created by oesteban on Mon Mar  9 15:43:27 2026

type      = 0 # LINEAR_VOX_TO_VOX
nxforms   = 1
mean      = 128.0000 113.0000 107.0000
sigma     = 10000.0000
1 4 4
9.968867897987366e-01 -6.435662508010864e-02 -4.555130004882812e-02 1.411010265350342e+01 
6.428954750299454e-02 9.979269504547119e-01 -2.937617711722851e-03 2.940167617797852e+01 
4.564592614769936e-02 0.000000000000000e+00 9.989576339721680e-01 2.637104225158691e+01 
0.000000000000000e+00 0.000000000000000e+00 0.000000000000000e+00 1.000000000000000e+00 
src volume info
valid = 1  # volume info valid
filename = /out/sourcedata/freesurfer/sub-v1s22x0050481_ses-1/mri/norm.mgz
volume = 256 256 256
voxelsize = 1.000000000000000e+00 1.000000000000000e+00 1.000000000000000e+00
xras   = -1.000000119209290e+00 -9.274572221329436e-10 9.313225746154785e-10
yras   = 0.000000000000000e+00 2.910383045673370e-11 -1.000000000000000e+00
zras   = 9.274572221329436e-10 1.000000119209290e+00 0.000000000000000e+00
cras   = 2.906486511230469e+00 4.298381805419922e+01 1.224548339843750e+00
dst volume info
valid = 1  # volume info valid
filename = /out/sourcedata/freesurfer/sub-v1s22x0050481_ses-1/mri/norm.mgz
volume = 256 256 256
voxelsize = 1.000000000000000e+00 1.000000000000000e+00 1.000000000000000e+00
xras   = -1.000000119209290e+00 -9.274572221329436e-10 9.313225746154785e-10
yras   = 0.000000000000000e+00 2.910383045673370e-11 -1.000000000000000e+00
zras   = 9.274572221329436e-10 1.000000119209290e+00 0.000000000000000e+00
cras   = 2.906486511230469e+00 4.298381805419922e+01 1.224548339843750e+00
