# transform file transforms/talairach.lta
# created by oesteban on Mon Mar  9 14:34:24 2026

type      = 0 # LINEAR_VOX_TO_VOX
nxforms   = 1
mean      = 128.0000 112.0000 108.0000
sigma     = 10000.0000
1 4 4
1.101487040519714e+00 -1.097048446536064e-01 -6.626316905021667e-02 4.271042823791504e+00 
1.197018772363663e-01 1.149569630622864e+00 2.100967615842819e-01 -4.129083633422852e+01 
4.065012559294701e-02 -1.652828007936478e-01 9.659745693206787e-01 2.030586051940918e+01 
0.000000000000000e+00 0.000000000000000e+00 0.000000000000000e+00 1.000000000000000e+00 
src volume info
valid = 1  # volume info valid
filename = nu.mgz
volume = 256 256 256
voxelsize = 1.000000000000000e+00 1.000000000000000e+00 1.000000000000000e+00
xras   = -1.000000119209290e+00 -9.274572221329436e-10 9.313225746154785e-10
yras   = 0.000000000000000e+00 2.910383045673370e-11 -1.000000000000000e+00
zras   = 9.274572221329436e-10 1.000000119209290e+00 0.000000000000000e+00
cras   = 2.906486511230469e+00 4.298381805419922e+01 1.224548339843750e+00
dst volume info
valid = 1  # volume info valid
filename = /opt/freesurfer/average/RB_all_2020-01-02.gca
volume = 256 256 256
voxelsize = 1.000000000000000e+00 1.000000000000000e+00 1.000000000000000e+00
xras   = -1.000000000000000e+00 0.000000000000000e+00 0.000000000000000e+00
yras   = 0.000000000000000e+00 0.000000000000000e+00 -1.000000000000000e+00
zras   = 0.000000000000000e+00 1.000000000000000e+00 0.000000000000000e+00
cras   = 0.000000000000000e+00 0.000000000000000e+00 0.000000000000000e+00
