type      = 0 # LINEAR_VOX_TO_VOX
nxforms   = 1
mean      = 0.0000 0.0000 0.0000
sigma     = 1.0000
1 4 4
1.105501174926758e+00 -8.693599700927734e-02 -7.793300598859787e-02 4.701156616210938e+00 
1.087750121951103e-01 1.121808052062988e+00 2.147340327501297e-01 -3.701916503906250e+01 
2.385600283741951e-02 -2.475969940423965e-01 9.668900966644287e-01 3.129785156250000e+01 
0.000000000000000e+00 0.000000000000000e+00 0.000000000000000e+00 1.000000000000000e+00 
src volume info
valid = 1  # volume info valid
filename = /out/sourcedata/freesurfer/sub-v1s22x0050481_ses-1/mri/orig.mgz
volume = 256 256 256
voxelsize = 1.000000000000000e+00 1.000000000000000e+00 1.000000000000000e+00
xras   = -1.000000119209290e+00 -9.274572221329436e-10 9.313225746154785e-10
yras   = 0.000000000000000e+00 2.910383045673370e-11 -1.000000000000000e+00
zras   = 9.274572221329436e-10 1.000000119209290e+00 0.000000000000000e+00
cras   = 2.906486511230469e+00 4.298381805419922e+01 1.224548339843750e+00
dst volume info
valid = 1  # volume info valid
filename = /opt/freesurfer/average/mni305.cor.mgz
volume = 256 256 256
voxelsize = 1.000000000000000e+00 1.000000000000000e+00 1.000000000000000e+00
xras   = -1.000000000000000e+00 0.000000000000000e+00 0.000000000000000e+00
yras   = 0.000000000000000e+00 0.000000000000000e+00 -1.000000000000000e+00
zras   = 0.000000000000000e+00 1.000000000000000e+00 0.000000000000000e+00
cras   = 0.000000000000000e+00 0.000000000000000e+00 0.000000000000000e+00
subject fsaverage
fscale 0.100000
