type      = 1 # LINEAR_RAS_TO_RAS
nxforms   = 1
mean      = 0.0000 0.0000 0.0000
sigma     = 1.0000
1 4 4
1.105501055717468e+00 7.793299853801727e-02 -8.693599700927734e-02 -3.558593988418579e+00 
-2.385599911212921e-02 9.668899774551392e-01 2.475969940423965e-01 -4.337355041503906e+01 
1.087749972939491e-01 -2.147340029478073e-01 1.121808052062988e+00 -1.244119262695312e+01 
0.000000000000000e+00 0.000000000000000e+00 0.000000000000000e+00 1.000000000000000e+00 
src volume info
valid = 1  # volume info valid
filename = /out/sourcedata/freesurfer/sub-v1s22x0050481_ses-1/mri/orig_nu.mgz
volume = 256 256 256
voxelsize = 1.000000000000000e+00 1.000000000000000e+00 1.000000000000000e+00
xras   = -1.000000119209290e+00 -9.274572221329436e-10 9.313225746154785e-10
yras   = 0.000000000000000e+00 2.910383045673370e-11 -1.000000000000000e+00
zras   = 9.274572221329436e-10 1.000000119209290e+00 0.000000000000000e+00
cras   = 2.906486511230469e+00 4.298381805419922e+01 1.224548339843750e+00
dst volume info
valid = 1  # volume info valid
filename = /opt/freesurfer/average/mni305.cor.mgz
volume = 256 256 256
voxelsize = 1.000000000000000e+00 1.000000000000000e+00 1.000000000000000e+00
xras   = -1.000000000000000e+00 0.000000000000000e+00 0.000000000000000e+00
yras   = 0.000000000000000e+00 0.000000000000000e+00 -1.000000000000000e+00
zras   = 0.000000000000000e+00 1.000000000000000e+00 0.000000000000000e+00
cras   = 0.000000000000000e+00 0.000000000000000e+00 0.000000000000000e+00
subject fsaverage
fscale 0.100000
