# transform file /out/sourcedata/freesurfer/sub-v1s22x0050462_ses-1/mri/transforms/cc_up.lta
# created by oesteban on Mon Mar  9 14:12:10 2026

type      = 0 # LINEAR_VOX_TO_VOX
nxforms   = 1
mean      = 130.0000 107.0000 114.0000
sigma     = 10000.0000
1 4 4
9.979773759841919e-01 3.887838497757912e-02 5.029384046792984e-02 -9.054929733276367e+00 
-3.882911056280136e-02 9.992439150810242e-01 -1.956823049113154e-03 4.226366424560547e+01 
-5.033189430832863e-02 0.000000000000000e+00 9.987325072288513e-01 3.961322402954102e+01 
0.000000000000000e+00 0.000000000000000e+00 0.000000000000000e+00 1.000000000000000e+00 
src volume info
valid = 1  # volume info valid
filename = /out/sourcedata/freesurfer/sub-v1s22x0050462_ses-1/mri/norm.mgz
volume = 256 256 256
voxelsize = 1.000000000000000e+00 1.000000000000000e+00 1.000000000000000e+00
xras   = -1.000000000000000e+00 0.000000000000000e+00 0.000000000000000e+00
yras   = 0.000000000000000e+00 0.000000000000000e+00 -1.000000000000000e+00
zras   = 0.000000000000000e+00 1.000000000000000e+00 0.000000000000000e+00
cras   = -1.756362915039062e-01 4.112130737304688e+01 -1.581475830078125e+01
dst volume info
valid = 1  # volume info valid
filename = /out/sourcedata/freesurfer/sub-v1s22x0050462_ses-1/mri/norm.mgz
volume = 256 256 256
voxelsize = 1.000000000000000e+00 1.000000000000000e+00 1.000000000000000e+00
xras   = -1.000000000000000e+00 0.000000000000000e+00 0.000000000000000e+00
yras   = 0.000000000000000e+00 0.000000000000000e+00 -1.000000000000000e+00
zras   = 0.000000000000000e+00 1.000000000000000e+00 0.000000000000000e+00
cras   = -1.756362915039062e-01 4.112130737304688e+01 -1.581475830078125e+01
