# transform file /out/sourcedata/freesurfer/sub-v1s22x0050524_ses-1/mri/transforms/cc_up.lta
# created by oesteban on Mon Mar  9 18:20:59 2026

type      = 0 # LINEAR_VOX_TO_VOX
nxforms   = 1
mean      = 127.0000 98.0000 121.0000
sigma     = 10000.0000
1 4 4
9.955661892890930e-01 -6.528931111097336e-02 -6.771494448184967e-02 1.491446208953857e+01 
6.513880938291550e-02 9.978663325309753e-01 -4.430515225976706e-03 4.143201828002930e+01 
6.785973906517029e-02 4.656612873077393e-10 9.976949095726013e-01 -1.339268565177917e+00 
0.000000000000000e+00 0.000000000000000e+00 0.000000000000000e+00 1.000000000000000e+00 
src volume info
valid = 1  # volume info valid
filename = /out/sourcedata/freesurfer/sub-v1s22x0050524_ses-1/mri/norm.mgz
volume = 256 256 256
voxelsize = 1.000000000000000e+00 1.000000000000000e+00 1.000000000000000e+00
xras   = -1.000000000000000e+00 3.066816134378314e-09 0.000000000000000e+00
yras   = 0.000000000000000e+00 1.164153218269348e-10 -1.000000000000000e+00
zras   = 6.548361852765083e-10 9.999999403953552e-01 -1.164153218269348e-10
cras   = 5.950927734375000e-01 4.064785003662109e+01 -1.118642425537109e+01
dst volume info
valid = 1  # volume info valid
filename = /out/sourcedata/freesurfer/sub-v1s22x0050524_ses-1/mri/norm.mgz
volume = 256 256 256
voxelsize = 1.000000000000000e+00 1.000000000000000e+00 1.000000000000000e+00
xras   = -1.000000000000000e+00 3.066816134378314e-09 0.000000000000000e+00
yras   = 0.000000000000000e+00 1.164153218269348e-10 -1.000000000000000e+00
zras   = 6.548361852765083e-10 9.999999403953552e-01 -1.164153218269348e-10
cras   = 5.950927734375000e-01 4.064785003662109e+01 -1.118642425537109e+01
