# transform file transforms/talairach.lta
# created by oesteban on Mon Mar  9 16:56:19 2026

type      = 0 # LINEAR_VOX_TO_VOX
nxforms   = 1
mean      = 127.0000 97.0000 120.0000
sigma     = 10000.0000
1 4 4
1.009185433387756e+00 -9.942838549613953e-02 -5.961117148399353e-02 1.395447731018066e+01 
9.136177599430084e-02 1.165244698524475e+00 -9.550575166940689e-02 7.944043159484863e+00 
7.716333866119385e-02 1.058903858065605e-01 1.011451125144958e+00 -3.490425109863281e+01 
0.000000000000000e+00 0.000000000000000e+00 0.000000000000000e+00 1.000000000000000e+00 
src volume info
valid = 1  # volume info valid
filename = nu.mgz
volume = 256 256 256
voxelsize = 1.000000000000000e+00 1.000000000000000e+00 1.000000000000000e+00
xras   = -1.000000000000000e+00 3.066816134378314e-09 0.000000000000000e+00
yras   = 0.000000000000000e+00 1.164153218269348e-10 -1.000000000000000e+00
zras   = 6.548361852765083e-10 9.999999403953552e-01 -1.164153218269348e-10
cras   = 5.950927734375000e-01 4.064785003662109e+01 -1.118642425537109e+01
dst volume info
valid = 1  # volume info valid
filename = /opt/freesurfer/average/RB_all_2020-01-02.gca
volume = 256 256 256
voxelsize = 1.000000000000000e+00 1.000000000000000e+00 1.000000000000000e+00
xras   = -1.000000000000000e+00 0.000000000000000e+00 0.000000000000000e+00
yras   = 0.000000000000000e+00 0.000000000000000e+00 -1.000000000000000e+00
zras   = 0.000000000000000e+00 1.000000000000000e+00 0.000000000000000e+00
cras   = 0.000000000000000e+00 0.000000000000000e+00 0.000000000000000e+00
