type      = 0 # LINEAR_VOX_TO_VOX
nxforms   = 1
mean      = 0.0000 0.0000 0.0000
sigma     = 1.0000
1 4 4
1.044867038726807e+00 -7.804899662733078e-02 -6.091599538922310e-02 8.727455139160156e+00 
8.186899870634079e-02 1.118937015533447e+00 -1.233969926834106e-01 1.817887115478516e+01 
4.395700246095657e-02 5.143100023269653e-02 1.051031827926636e+00 -3.099359130859375e+01 
0.000000000000000e+00 0.000000000000000e+00 0.000000000000000e+00 1.000000000000000e+00 
src volume info
valid = 1  # volume info valid
filename = /out/sourcedata/freesurfer/sub-v1s22x0050524_ses-1/mri/orig.mgz
volume = 256 256 256
voxelsize = 1.000000000000000e+00 1.000000000000000e+00 1.000000000000000e+00
xras   = -1.000000000000000e+00 3.066816134378314e-09 0.000000000000000e+00
yras   = 0.000000000000000e+00 1.164153218269348e-10 -1.000000000000000e+00
zras   = 6.548361852765083e-10 9.999999403953552e-01 -1.164153218269348e-10
cras   = 5.950927734375000e-01 4.064785003662109e+01 -1.118642425537109e+01
dst volume info
valid = 1  # volume info valid
filename = /opt/freesurfer/average/mni305.cor.mgz
volume = 256 256 256
voxelsize = 1.000000000000000e+00 1.000000000000000e+00 1.000000000000000e+00
xras   = -1.000000000000000e+00 0.000000000000000e+00 0.000000000000000e+00
yras   = 0.000000000000000e+00 0.000000000000000e+00 -1.000000000000000e+00
zras   = 0.000000000000000e+00 1.000000000000000e+00 0.000000000000000e+00
cras   = 0.000000000000000e+00 0.000000000000000e+00 0.000000000000000e+00
subject fsaverage
fscale 0.100000
