# transform file /out/sourcedata/freesurfer/sub-v1s22x0050490_ses-1/mri/transforms/cc_up.lta
# created by oesteban on Mon Mar  9 16:29:14 2026

type      = 0 # LINEAR_VOX_TO_VOX
nxforms   = 1
mean      = 125.0000 109.0000 111.0000
sigma     = 10000.0000
1 4 4
9.995977282524109e-01 -1.660407055169344e-03 2.831381186842918e-02 2.053776085376740e-01 
1.659741392359138e-03 9.999986886978149e-01 4.701251964434050e-05 3.978768539428711e+01 
-2.831385098397732e-02 -3.637978807091713e-12 9.995990991592407e-01 3.558545684814453e+01 
0.000000000000000e+00 0.000000000000000e+00 0.000000000000000e+00 1.000000000000000e+00 
src volume info
valid = 1  # volume info valid
filename = /out/sourcedata/freesurfer/sub-v1s22x0050490_ses-1/mri/norm.mgz
volume = 256 256 256
voxelsize = 1.000000000000000e+00 1.000000000000000e+00 1.000000000000000e+00
xras   = -1.000000000000000e+00 -1.862645149230957e-09 0.000000000000000e+00
yras   = 0.000000000000000e+00 0.000000000000000e+00 -1.000000000000000e+00
zras   = 0.000000000000000e+00 1.000000000000000e+00 0.000000000000000e+00
cras   = 6.011428833007812e+00 3.677245330810547e+01 -1.749176025390625e+01
dst volume info
valid = 1  # volume info valid
filename = /out/sourcedata/freesurfer/sub-v1s22x0050490_ses-1/mri/norm.mgz
volume = 256 256 256
voxelsize = 1.000000000000000e+00 1.000000000000000e+00 1.000000000000000e+00
xras   = -1.000000000000000e+00 -1.862645149230957e-09 0.000000000000000e+00
yras   = 0.000000000000000e+00 0.000000000000000e+00 -1.000000000000000e+00
zras   = 0.000000000000000e+00 1.000000000000000e+00 0.000000000000000e+00
cras   = 6.011428833007812e+00 3.677245330810547e+01 -1.749176025390625e+01
