# transform file /out/sourcedata/freesurfer/sub-v1s22x0050499_ses-1/mri/transforms/cc_up.lta
# created by oesteban on Mon Mar  9 17:24:20 2026

type      = 0 # LINEAR_VOX_TO_VOX
nxforms   = 1
mean      = 131.0000 109.0000 108.0000
sigma     = 10000.0000
1 4 4
9.971599578857422e-01 7.529076933860779e-02 1.832184614613652e-03 -9.079376220703125e+00 
-7.529064267873764e-02 9.971616268157959e-01 -1.383392373099923e-04 4.508547592163086e+01 
-1.837399904616177e-03 0.000000000000000e+00 9.999983310699463e-01 3.423952865600586e+01 
0.000000000000000e+00 0.000000000000000e+00 0.000000000000000e+00 1.000000000000000e+00 
src volume info
valid = 1  # volume info valid
filename = /out/sourcedata/freesurfer/sub-v1s22x0050499_ses-1/mri/norm.mgz
volume = 256 256 256
voxelsize = 1.000000000000000e+00 1.000000000000000e+00 1.000000000000000e+00
xras   = -1.000000000000000e+00 0.000000000000000e+00 1.862645149230957e-09
yras   = -1.862645149230957e-09 0.000000000000000e+00 -1.000000000000000e+00
zras   = 0.000000000000000e+00 1.000000000000000e+00 0.000000000000000e+00
cras   = 2.913047790527344e+00 3.985825347900391e+01 3.415069580078125e-01
dst volume info
valid = 1  # volume info valid
filename = /out/sourcedata/freesurfer/sub-v1s22x0050499_ses-1/mri/norm.mgz
volume = 256 256 256
voxelsize = 1.000000000000000e+00 1.000000000000000e+00 1.000000000000000e+00
xras   = -1.000000000000000e+00 0.000000000000000e+00 1.862645149230957e-09
yras   = -1.862645149230957e-09 0.000000000000000e+00 -1.000000000000000e+00
zras   = 0.000000000000000e+00 1.000000000000000e+00 0.000000000000000e+00
cras   = 2.913047790527344e+00 3.985825347900391e+01 3.415069580078125e-01
