# transform file /out/sourcedata/freesurfer/sub-v1s22x0050445_ses-1/mri/transforms/cc_up.lta
# created by oesteban on Mon Mar  9 13:41:19 2026

type      = 0 # LINEAR_VOX_TO_VOX
nxforms   = 1
mean      = 130.0000 103.0000 113.0000
sigma     = 10000.0000
1 4 4
9.987007379531860e-01 5.069779604673386e-02 -5.154524929821491e-03 -5.463849067687988e+00 
-5.069711804389954e-02 9.987140297889709e-01 2.616595302242786e-04 5.261868286132812e+01 
5.161162000149488e-03 0.000000000000000e+00 9.999866485595703e-01 2.533556938171387e+01 
0.000000000000000e+00 0.000000000000000e+00 0.000000000000000e+00 1.000000000000000e+00 
src volume info
valid = 1  # volume info valid
filename = /out/sourcedata/freesurfer/sub-v1s22x0050445_ses-1/mri/norm.mgz
volume = 256 256 256
voxelsize = 1.000000000000000e+00 1.000000000000000e+00 1.000000000000000e+00
xras   = -1.000000000000000e+00 0.000000000000000e+00 0.000000000000000e+00
yras   = 0.000000000000000e+00 0.000000000000000e+00 -1.000000000000000e+00
zras   = 0.000000000000000e+00 1.000000000000000e+00 0.000000000000000e+00
cras   = 1.374000549316406e+00 4.838124084472656e+01 5.752784729003906e+00
dst volume info
valid = 1  # volume info valid
filename = /out/sourcedata/freesurfer/sub-v1s22x0050445_ses-1/mri/norm.mgz
volume = 256 256 256
voxelsize = 1.000000000000000e+00 1.000000000000000e+00 1.000000000000000e+00
xras   = -1.000000000000000e+00 0.000000000000000e+00 0.000000000000000e+00
yras   = 0.000000000000000e+00 0.000000000000000e+00 -1.000000000000000e+00
zras   = 0.000000000000000e+00 1.000000000000000e+00 0.000000000000000e+00
cras   = 1.374000549316406e+00 4.838124084472656e+01 5.752784729003906e+00
