#Insight Transform File V1.0
#Transform 0
Transform: AffineTransform_float_3_3
Parameters: 0.999996 -0.0019983 -0.00170646 0.00199055 0.999988 -0.00439443 0.00171533 0.00439056 0.999989 -0.0323503 0.0131891 0.25979
FixedParameters: 0 0 0

#Transform 1
Transform: AffineTransform_float_3_3
Parameters: 0.999997 -0.00179864 -0.00172491 0.00179177 0.99999 -0.00412312 0.00173205 0.00411988 0.99999 -0.0275692 -0.0392845 0.188128
FixedParameters: 0 0 0

#Transform 2
Transform: AffineTransform_float_3_3
Parameters: 0.999998 -0.00182313 -0.00131816 0.00181708 0.999987 -0.00466443 0.00132657 0.00466257 0.999988 -0.018138 -0.0297047 0.152686
FixedParameters: 0 0 0

#Transform 3
Transform: AffineTransform_float_3_3
Parameters: 1 -0.000404088 -0.000152897 0.000404095 0.999995 -0.00294306 0.000154194 0.00294294 0.999995 -0.0115274 0.0995633 0.197874
FixedParameters: 0 0 0

#Transform 4
Transform: AffineTransform_float_3_3
Parameters: 0.999999 -0.00053433 -0.000470987 0.000533142 0.999998 -0.00222526 0.000472281 0.00222574 0.999998 0.00148635 0.0369081 0.0803036
FixedParameters: 0 0 0

#Transform 5
Transform: AffineTransform_float_3_3
Parameters: 0.999999 -0.000661768 -0.000392796 0.000661278 0.999998 -0.00178026 0.000394069 0.00177974 0.999999 0.00521136 0.0305171 0.0358232
FixedParameters: 0 0 0

#Transform 6
Transform: AffineTransform_float_3_3
Parameters: 1 -0.000654067 -0.00013092 0.000653201 0.999997 -0.00264017 0.000132378 0.00263983 0.999996 0.000797266 0.0435835 0.138748
FixedParameters: 0 0 0

#Transform 7
Transform: AffineTransform_float_3_3
Parameters: 1 -0.000528382 -0.00014266 0.000527892 0.999999 -0.00141708 0.00014316 0.00141692 0.999999 0.00144086 -0.00245743 0.0627001
FixedParameters: 0 0 0

#Transform 8
Transform: AffineTransform_float_3_3
Parameters: 1 -0.000222596 -0.000169245 0.00022292 0.999998 -0.00173604 0.000168937 0.00173596 0.999998 -0.00380514 0.0151558 0.075943
FixedParameters: 0 0 0

#Transform 9
Transform: AffineTransform_float_3_3
Parameters: 1 -0.000222507 -0.000169363 0.000222012 0.999999 -0.00121004 0.000168904 0.00120996 1 -0.00380728 0.00659476 0.0644224
FixedParameters: 0 0 0

#Transform 10
Transform: AffineTransform_float_3_3
Parameters: 1 -0.000212364 -5.28371e-05 0.000212253 1 -0.00104601 5.32813e-05 0.00104599 1 0.00519253 -0.0353906 0.0286892
FixedParameters: 0 0 0

#Transform 11
Transform: AffineTransform_float_3_3
Parameters: 1 -0.000222511 -0.000169358 0.000222009 0.999999 -0.00123204 0.000168909 0.00123196 0.999999 -0.00379676 0.00529214 0.0394389
FixedParameters: 0 0 0

#Transform 12
Transform: AffineTransform_float_3_3
Parameters: 1 -0.000211677 -4.48408e-05 0.000211572 1 -0.00117001 4.5336e-05 0.00116999 1 0.0149894 0.00846154 0.0431115
FixedParameters: 0 0 0

#Transform 13
Transform: AffineTransform_float_3_3
Parameters: 1 -0.000121673 2.061e-05 0.00012172 1 -0.001153 -2.03294e-05 0.001153 1 0.0213782 -0.0252487 0.0199521
FixedParameters: 0 0 0

#Transform 14
Transform: AffineTransform_float_3_3
Parameters: 1 -0.000185034 0.000262921 0.000185428 0.999999 -0.000748951 -0.000262643 0.000749048 0.999999 0.0140804 0.00316604 0.0429893
FixedParameters: 0 0 0

#Transform 15
Transform: AffineTransform_float_3_3
Parameters: 1 -0.000222304 -0.000169629 0.0002223 1 -1.10377e-05 0.000169634 1.09623e-05 1 0.0134069 -0.00835652 0.0183127
FixedParameters: 0 0 0

#Transform 16
Transform: AffineTransform_float_3_3
Parameters: 1 -0.000211799 -4.70665e-05 0.000211792 1 -6.901e-05 4.70958e-05 6.899e-05 1 0.011748 -0.0117513 0.0213947
FixedParameters: 0 0 0

#Transform 17
Transform: AffineTransform_float_3_3
Parameters: 1 -0.000217776 -0.000116823 0.000217773 1 -1.10254e-05 0.000116828 1.09746e-05 1 0.00905423 -0.009435 0.0200967
FixedParameters: 0 0 0

#Transform 18
Transform: AffineTransform_float_3_3
Parameters: 1 -0.000222304 -0.000169629 0.0002223 1 -1.10377e-05 0.000169634 1.09623e-05 1 0.00815727 -0.0139847 -0.0238808
FixedParameters: 0 0 0

#Transform 19
Transform: AffineTransform_float_3_3
Parameters: 1 9.2918e-05 -4.92473e-06 -9.29148e-05 1 0.000323 4.98475e-06 -0.000323 1 0.00212819 -0.0227087 -0.039518
FixedParameters: 0 0 0

#Transform 20
Transform: AffineTransform_float_3_3
Parameters: 1 -0.000211198 -4.01044e-05 0.000211197 1 -1.10085e-05 4.0109e-05 1.09915e-05 1 -0.00100622 -8.17268e-05 0.00116568
FixedParameters: 0 0 0

#Transform 21
Transform: AffineTransform_float_3_3
Parameters: 1 -1.56359e-05 2.84344e-05 1.562e-05 1 0.000281 -2.84432e-05 -0.000281 1 -0.000565725 -0.0120689 -0.0255448
FixedParameters: 0 0 0

#Transform 22
Transform: AffineTransform_float_3_3
Parameters: 1 -0.000196194 0.000135207 0.000196135 1 0.000220027 -0.000135293 -0.000219973 1 -0.00535319 0.000365949 -0.0128378
FixedParameters: 0 0 0

#Transform 23
Transform: AffineTransform_float_3_3
Parameters: 0.999999 -0.000474429 0.000771688 0.000471024 0.999987 0.00494737 -0.000773718 -0.00494762 0.999987 -0.0160374 0.0594397 0.390269
FixedParameters: 0 0 0

#Transform 24
Transform: AffineTransform_float_3_3
Parameters: 0.999999 -0.000376009 0.000746155 0.000365852 0.999914 0.0131183 -0.000750678 -0.0131187 0.999913 -0.0322749 0.201799 0.588561
FixedParameters: 0 0 0

#Transform 25
Transform: AffineTransform_float_3_3
Parameters: 0.999999 -0.000976882 -0.00148588 0.000965671 0.999973 -0.00727137 0.00149308 0.00726963 0.999973 -0.050905 -0.14417 -0.366371
FixedParameters: 0 0 0

#Transform 26
Transform: AffineTransform_float_3_3
Parameters: 0.999999 -0.00120462 -0.000891663 0.00119999 0.999987 -0.00508317 0.00089748 0.00508183 0.999986 -0.0279641 -0.240993 -0.352866
FixedParameters: 0 0 0

#Transform 27
Transform: AffineTransform_float_3_3
Parameters: 0.999999 -0.000798472 -2.9919e-05 0.000798473 0.999999 1.59761e-05 2.98934e-05 -1.60239e-05 1 -0.0684983 0.029627 0.648888
FixedParameters: 0 0 0

#Transform 28
Transform: AffineTransform_float_3_3
Parameters: 0.999999 -0.00139884 -0.00107632 0.00139564 0.999994 -0.00317452 0.00108087 0.00317249 0.999995 -0.0955034 -0.0343463 0.243752
FixedParameters: 0 0 0

#Transform 29
Transform: AffineTransform_float_3_3
Parameters: 1 -0.000945575 -0.000605645 0.000943945 0.999997 -0.00202358 0.000607391 0.00202342 0.999997 -0.0886307 -0.0718222 0.132916
FixedParameters: 0 0 0

#Transform 30
Transform: AffineTransform_float_3_3
Parameters: 0.999999 -0.00119063 -0.000807405 0.00118924 0.999996 -0.00254997 0.000810228 0.00254903 0.999997 -0.0926793 -0.0407094 0.141813
FixedParameters: 0 0 0

#Transform 31
Transform: AffineTransform_float_3_3
Parameters: 0.999999 -0.000843273 -0.000197788 0.000842751 0.999999 -0.00110017 0.000198646 0.00109983 1 -0.0892748 -0.0490788 0.0904789
FixedParameters: 0 0 0

#Transform 32
Transform: AffineTransform_float_3_3
Parameters: 1 -0.000546849 -0.000309865 0.000546097 1 -0.00107617 0.000310044 0.00107583 1 -0.0818826 -0.0630215 0.0415841
FixedParameters: 0 0 0

#Transform 33
Transform: AffineTransform_float_3_3
Parameters: 0.999999 -0.000424217 -0.000780167 0.000423243 0.999999 -0.00126233 0.000781151 0.00126167 0.999999 -0.0908558 -0.135877 0.0306704
FixedParameters: 0 0 0

#Transform 34
Transform: AffineTransform_float_3_3
Parameters: 1 -0.000462062 -0.000282197 0.000462499 0.999999 -0.00084013 0.000281892 0.000839869 0.999999 -0.0800756 -0.144187 -0.000166677
FixedParameters: 0 0 0

#Transform 35
Transform: AffineTransform_float_3_3
Parameters: 1 -0.000355628 -0.000474883 0.000355096 0.999999 -0.00151917 0.00047488 0.00151883 0.999998 -0.0874747 -0.130362 -0.00601444
FixedParameters: 0 0 0

#Transform 36
Transform: AffineTransform_float_3_3
Parameters: 1 -0.000391987 -0.000213868 0.000391405 1 -0.00116008 0.00021378 0.00115992 1 -0.0937638 -0.147713 -0.0276617
FixedParameters: 0 0 0

#Transform 37
Transform: AffineTransform_float_3_3
Parameters: 1 -0.000277291 -0.000326213 0.000277514 1 -0.00118409 0.000326785 0.00118391 0.999999 -0.0952159 -0.191491 -0.043066
FixedParameters: 0 0 0

#Transform 38
Transform: AffineTransform_float_3_3
Parameters: 1 -0.000315859 -0.000361754 0.000315351 0.999998 -0.00207611 0.000362979 0.00207588 0.999998 -0.10051 -0.166708 -0.0429128
FixedParameters: 0 0 0

#Transform 39
Transform: AffineTransform_float_3_3
Parameters: 1 -0.000405862 -0.000417254 0.000405489 0.999998 -0.00163818 0.000418498 0.00163882 0.999998 -0.10415 -0.163601 -0.0610786
FixedParameters: 0 0 0

#Transform 40
Transform: AffineTransform_float_3_3
Parameters: 1 -0.000314914 -0.000272635 0.000314957 0.999998 -0.00159209 0.000272556 0.00159191 0.999998 -0.0961617 -0.181738 -0.0714375
FixedParameters: 0 0 0

#Transform 41
Transform: AffineTransform_float_3_3
Parameters: 1 -0.000374524 -0.000321505 0.000373174 0.999998 -0.00196612 0.000321979 0.00196588 0.999998 -0.0897846 -0.129841 -0.0550089
FixedParameters: 0 0 0

#Transform 42
Transform: AffineTransform_float_3_3
Parameters: 1 -0.000168423 -0.000373668 0.000167699 0.999998 -0.00229906 0.000374356 0.00229894 0.999998 -0.0992612 -0.123432 -0.0431241
FixedParameters: 0 0 0

#Transform 43
Transform: AffineTransform_float_3_3
Parameters: 1 -0.000305118 -0.000539488 0.000304349 0.999998 -0.00163416 0.000540399 0.00163383 0.999998 -0.0938322 -0.129432 -0.0324517
FixedParameters: 0 0 0

#Transform 44
Transform: AffineTransform_float_3_3
Parameters: 0.999999 -0.000422435 -0.00118556 0.000420227 0.999997 -0.00215541 0.00118613 0.00215458 0.999997 -0.080353 -0.124374 -0.0033072
FixedParameters: 0 0 0

#Transform 45
Transform: AffineTransform_float_3_3
Parameters: 1 -0.000216471 -0.00111827 0.000213217 0.999996 -0.00279016 0.00111921 0.00278985 0.999996 -0.0972832 -0.120664 -0.00306887
FixedParameters: 0 0 0

#Transform 46
Transform: AffineTransform_float_3_3
Parameters: 1 -0.000281552 -0.000588246 0.000279068 0.999993 -0.00373016 0.00058917 0.00372983 0.999993 -0.104551 -0.0985535 0.0150827
FixedParameters: 0 0 0

#Transform 47
Transform: AffineTransform_float_3_3
Parameters: 0.999999 0.000167349 -0.00130357 -0.000174246 0.999986 -0.00538678 0.00130313 0.00538722 0.999984 -0.126724 -0.0586772 0.0838685
FixedParameters: 0 0 0

#Transform 48
Transform: AffineTransform_float_3_3
Parameters: 0.999994 -0.000640185 -0.00355717 0.000616462 0.999977 -0.00666865 0.00356151 0.00666635 0.999972 -0.172937 -0.0860676 0.0944745
FixedParameters: 0 0 0

#Transform 49
Transform: AffineTransform_float_3_3
Parameters: 0.999998 -3.59278e-05 -0.00160437 2.63549e-05 0.999985 -0.00546796 0.00160403 0.00546803 0.999984 -0.123914 -0.116562 0.00915386
FixedParameters: 0 0 0

#Transform 50
Transform: AffineTransform_float_3_3
Parameters: 0.999997 3.8947e-05 -0.0026819 -5.62498e-05 0.99998 -0.00641561 0.00268183 0.00641539 0.999976 -0.148728 -0.167479 -0.00605234
FixedParameters: 0 0 0

#Transform 51
Transform: AffineTransform_float_3_3
Parameters: 0.999999 -0.000317833 -0.00133431 0.000308626 0.999975 -0.00714443 0.00133694 0.00714457 0.999973 -0.126826 -0.172147 0.0438558
FixedParameters: 0 0 0

#Transform 52
Transform: AffineTransform_float_3_3
Parameters: 0.999998 -6.62094e-05 0.00199253 4.48114e-05 0.999943 0.0106843 -0.00199252 -0.0106837 0.999941 -0.292192 -0.0847619 0.529926
FixedParameters: 0 0 0

#Transform 53
Transform: AffineTransform_float_3_3
Parameters: 0.999991 -0.00132242 -0.00387571 0.00129703 0.999977 -0.00667452 0.0038849 0.00666949 0.99997 -0.185217 -0.215025 0.20603
FixedParameters: 0 0 0

#Transform 54
Transform: AffineTransform_float_3_3
Parameters: 0.999992 -0.000945807 -0.00387418 0.000912532 0.999961 -0.00873194 0.00388244 0.00872905 0.999954 -0.176092 -0.245053 0.0510683
FixedParameters: 0 0 0

#Transform 55
Transform: AffineTransform_float_3_3
Parameters: 0.999993 -0.000840507 -0.00378068 0.000807027 0.999961 -0.00872353 0.00378825 0.00872046 0.999954 -0.174041 -0.270029 0.000900646
FixedParameters: 0 0 0

#Transform 56
Transform: AffineTransform_float_3_3
Parameters: 0.999994 -0.000581479 -0.00360369 0.000556715 0.999976 -0.00701455 0.00360845 0.00701245 0.999969 -0.164871 -0.273355 0.139726
FixedParameters: 0 0 0

#Transform 57
Transform: AffineTransform_float_3_3
Parameters: 0.999988 5.56763e-05 -0.00490061 1.17368e-05 0.999906 0.0137401 0.00490096 -0.0137399 0.999893 -0.367224 0.119407 1.6771
FixedParameters: 0 0 0

#Transform 58
Transform: AffineTransform_float_3_3
Parameters: 0.999986 0.000925564 -0.00525539 -0.00085514 0.99991 0.0133738 0.00526716 -0.0133692 0.999897 -0.301779 0.249705 1.7638
FixedParameters: 0 0 0

#Transform 59
Transform: AffineTransform_float_3_3
Parameters: 0.999978 0.000725676 -0.00649965 -0.000647252 0.999926 0.0121802 0.00650817 -0.0121758 0.999905 -0.350154 0.194148 2.1344
FixedParameters: 0 0 0

#Transform 60
Transform: AffineTransform_float_3_3
Parameters: 0.99998 0.000116936 -0.00641837 -0.000116437 1 0.000116488 0.00641848 -0.000116513 0.999979 -0.253571 -0.0524553 0.588849
FixedParameters: 0 0 0

#Transform 61
Transform: AffineTransform_float_3_3
Parameters: 0.999983 0.000426347 -0.00590698 -0.000450909 0.999991 -0.00421592 0.00590513 0.00421808 0.999974 -0.240872 -0.137964 0.412703
FixedParameters: 0 0 0

#Transform 62
Transform: AffineTransform_float_3_3
Parameters: 0.999984 0.00066187 -0.00564028 -0.000686775 0.99999 -0.00445296 0.00563712 0.00445704 0.999974 -0.235404 -0.165417 0.417144
FixedParameters: 0 0 0

#Transform 63
Transform: AffineTransform_float_3_3
Parameters: 0.999984 0.000628897 -0.00552035 -0.000651972 0.999992 -0.00401523 0.00551739 0.00401877 0.999977 -0.217758 -0.175559 0.381312
FixedParameters: 0 0 0

#Transform 64
Transform: AffineTransform_float_3_3
Parameters: 0.999985 0.000467849 -0.00544288 -0.000491005 0.999991 -0.00426317 0.00544081 0.00426584 0.999977 -0.234767 -0.171177 0.384115
FixedParameters: 0 0 0

#Transform 65
Transform: AffineTransform_float_3_3
Parameters: 0.999986 0.000470081 -0.00539228 -0.00049549 0.999988 -0.00469717 0.0053896 0.00469983 0.999974 -0.241629 -0.174425 0.373085
FixedParameters: 0 0 0

#Transform 66
Transform: AffineTransform_float_3_3
Parameters: 0.999984 0.000765828 -0.00559912 -0.000797772 0.999983 -0.0057533 0.00559436 0.0057577 0.999968 -0.23113 -0.182323 0.384363
FixedParameters: 0 0 0

#Transform 67
Transform: AffineTransform_float_3_3
Parameters: 0.999984 0.000896099 -0.00546381 -0.000925592 0.999985 -0.00530678 0.00545872 0.00531123 0.999972 -0.220443 -0.189534 0.322466
FixedParameters: 0 0 0

#Transform 68
Transform: AffineTransform_float_3_3
Parameters: 0.999985 0.00108477 -0.005275 -0.00110853 0.999989 -0.00457414 0.00526988 0.00457987 0.999976 -0.224495 -0.195653 0.256077
FixedParameters: 0 0 0

#Transform 69
Transform: AffineTransform_float_3_3
Parameters: 0.999988 0.00100818 -0.00493402 -0.00103179 0.999988 -0.00477498 0.00492928 0.00478002 0.999976 -0.221145 -0.231009 0.198354
FixedParameters: 0 0 0

#Transform 70
Transform: AffineTransform_float_3_3
Parameters: 0.999989 0.00111643 -0.00464308 -0.0011401 0.999986 -0.00509095 0.00463759 0.00509605 0.999976 -0.217374 -0.259911 0.159776
FixedParameters: 0 0 0

#Transform 71
Transform: AffineTransform_float_3_3
Parameters: 0.999989 0.00100035 -0.00471918 -0.00102229 0.999989 -0.00459542 0.00471406 0.00460058 0.999978 -0.189825 -0.251046 0.132707
FixedParameters: 0 0 0

#Transform 72
Transform: AffineTransform_float_3_3
Parameters: 0.999987 0.00102329 -0.00487326 -0.00104719 0.999988 -0.00486505 0.00486819 0.00486994 0.999976 -0.178064 -0.249135 0.14077
FixedParameters: 0 0 0

#Transform 73
Transform: AffineTransform_float_3_3
Parameters: 0.999987 0.000725841 -0.00505459 -0.000752401 0.999986 -0.0052402 0.0050506 0.00524479 0.999973 -0.180815 -0.261886 0.157222
FixedParameters: 0 0 0

#Transform 74
Transform: AffineTransform_float_3_3
Parameters: 0.999987 0.00106728 -0.00487781 -0.00109287 0.999986 -0.00523883 0.00487133 0.00524417 0.999974 -0.191778 -0.257359 0.16516
FixedParameters: 0 0 0

#Transform 75
Transform: AffineTransform_float_3_3
Parameters: 0.999987 0.00106855 -0.00487753 -0.00109259 0.999987 -0.00497674 0.0048717 0.00498225 0.999976 -0.203142 -0.219626 0.191598
FixedParameters: 0 0 0

#Transform 76
Transform: AffineTransform_float_3_3
Parameters: 0.999985 0.000949123 -0.00527412 -0.000974371 0.999988 -0.00480385 0.00526871 0.00480815 0.999975 -0.191767 -0.219923 0.215589
FixedParameters: 0 0 0

#Transform 77
Transform: AffineTransform_float_3_3
Parameters: 0.999984 0.000860271 -0.00545685 -0.000886289 0.999988 -0.00480399 0.00545221 0.004809 0.999974 -0.192332 -0.237019 0.202095
FixedParameters: 0 0 0

#Transform 78
Transform: AffineTransform_float_3_3
Parameters: 0.999986 0.000877437 -0.00534494 -0.000903375 0.999988 -0.00480408 0.00534022 0.00480891 0.999974 -0.204258 -0.225633 0.208552
FixedParameters: 0 0 0

#Transform 79
Transform: AffineTransform_float_3_3
Parameters: 0.999985 0.00102475 -0.00537033 -0.00104984 0.999988 -0.00480335 0.00536511 0.00480865 0.999974 -0.189195 -0.244147 0.17461
FixedParameters: 0 0 0

#Transform 80
Transform: AffineTransform_float_3_3
Parameters: 0.999985 0.00102475 -0.00537033 -0.00104984 0.999988 -0.00480335 0.00536511 0.00480865 0.999974 -0.206881 -0.239742 0.185008
FixedParameters: 0 0 0

#Transform 81
Transform: AffineTransform_float_3_3
Parameters: 0.999985 0.00102461 -0.00537036 -0.00104999 0.999988 -0.00483027 0.00536509 0.00483574 0.999974 -0.189329 -0.252124 0.198105
FixedParameters: 0 0 0

#Transform 82
Transform: AffineTransform_float_3_3
Parameters: 0.999985 0.00102263 -0.00538835 -0.00104889 0.999987 -0.00489526 0.00538296 0.00490074 0.999974 -0.20161 -0.238483 0.197281
FixedParameters: 0 0 0

#Transform 83
Transform: AffineTransform_float_3_3
Parameters: 0.999984 0.00100836 -0.00553983 -0.00103612 0.999987 -0.00499418 0.00553528 0.00499983 0.999972 -0.204012 -0.251884 0.181568
FixedParameters: 0 0 0

#Transform 84
Transform: AffineTransform_float_3_3
Parameters: 0.999984 0.00101524 -0.00547491 -0.00104141 0.999988 -0.00481021 0.00546976 0.00481579 0.999973 -0.198931 -0.232569 0.184758
FixedParameters: 0 0 0

#Transform 85
Transform: AffineTransform_float_3_3
Parameters: 0.999984 0.00100291 -0.00558195 -0.00103239 0.999985 -0.00528907 0.00557668 0.00529493 0.99997 -0.207471 -0.23955 0.195984
FixedParameters: 0 0 0

#Transform 86
Transform: AffineTransform_float_3_3
Parameters: 0.999985 0.0010177 -0.00542256 -0.00104602 0.999986 -0.00523924 0.00541633 0.00524476 0.999972 -0.224702 -0.214068 0.234752
FixedParameters: 0 0 0

#Transform 87
Transform: AffineTransform_float_3_3
Parameters: 0.999986 0.00105006 -0.00509634 -0.0010735 0.999988 -0.0047036 0.00509127 0.00470939 0.999975 -0.226381 -0.220489 0.227989
FixedParameters: 0 0 0

#Transform 88
Transform: AffineTransform_float_3_3
Parameters: 0.999986 0.000963978 -0.00518614 -0.000988584 0.999988 -0.00483087 0.00518154 0.00483614 0.999975 -0.227459 -0.209581 0.230077
FixedParameters: 0 0 0

#Transform 89
Transform: AffineTransform_float_3_3
Parameters: 0.999987 0.00106399 -0.00494687 -0.0010862 0.999989 -0.00462178 0.00494194 0.00462623 0.999977 -0.22413 -0.209608 0.239065
FixedParameters: 0 0 0

#Transform 90
Transform: AffineTransform_float_3_3
Parameters: 0.999986 0.000805743 -0.0051919 -0.000830633 0.999988 -0.00484469 0.00518781 0.00484932 0.999975 -0.225058 -0.235129 0.210978
FixedParameters: 0 0 0

#Transform 91
Transform: AffineTransform_float_3_3
Parameters: 0.999986 0.000634122 -0.00522658 -0.000665091 0.999983 -0.00577645 0.00522258 0.00577954 0.99997 -0.21015 -0.182762 0.253831
FixedParameters: 0 0 0

#Transform 92
Transform: AffineTransform_float_3_3
Parameters: 0.999984 0.000995507 -0.00569497 -0.00102239 0.999988 -0.00477392 0.00569 0.00478008 0.999972 -0.20129 -0.244463 0.191316
FixedParameters: 0 0 0

#Transform 93
Transform: AffineTransform_float_3_3
Parameters: 0.999986 0.000780078 -0.00523981 -0.000809986 0.999984 -0.00566876 0.00523529 0.00567223 0.99997 -0.227402 -0.211064 0.195839
FixedParameters: 0 0 0

#Transform 94
Transform: AffineTransform_float_3_3
Parameters: 0.999986 0.000830991 -0.00524468 -0.000861613 0.999983 -0.00583449 0.00524021 0.00583851 0.999969 -0.224396 -0.227037 0.183073
FixedParameters: 0 0 0

#Transform 95
Transform: AffineTransform_float_3_3
Parameters: 0.999986 0.000389589 -0.00531671 -0.000426367 0.999976 -0.00697469 0.00531384 0.00697631 0.999961 -0.216952 -0.165309 0.171359
FixedParameters: 0 0 0

#Transform 96
Transform: AffineTransform_float_3_3
Parameters: 0.999988 -8.4833e-05 -0.00503449 3.8705e-05 0.999959 -0.00905919 0.00503476 0.00905881 0.999947 -0.17647 -0.116164 0.120435
FixedParameters: 0 0 0

#Transform 97
Transform: AffineTransform_float_3_3
Parameters: 0.99999 -0.000433973 -0.00432131 0.000391646 0.999952 -0.00973493 0.00432576 0.00973306 0.999943 -0.14862 -0.103385 0.0650056
FixedParameters: 0 0 0

#Transform 98
Transform: AffineTransform_float_3_3
Parameters: 0.999986 -0.000349661 -0.00538731 0.00029235 0.999944 -0.0106024 0.00539124 0.0106006 0.99993 -0.154202 -0.131106 0.0786236
FixedParameters: 0 0 0

#Transform 99
Transform: AffineTransform_float_3_3
Parameters: 0.999981 0.000169308 -0.00618504 -0.000228696 0.999953 -0.00960211 0.00618316 0.00960288 0.999935 -0.176741 -0.144933 0.150947
FixedParameters: 0 0 0

#Transform 100
Transform: AffineTransform_float_3_3
Parameters: 0.999981 5.78294e-05 -0.0061744 -0.000117078 0.999954 -0.00959981 0.00617366 0.00960018 0.999935 -0.181329 -0.154712 0.120478
FixedParameters: 0 0 0

#Transform 101
Transform: AffineTransform_float_3_3
Parameters: 0.999981 -4.57796e-05 -0.0061352 -1.05926e-05 0.999957 -0.00925055 0.00613464 0.00925044 0.999938 -0.190245 -0.152989 0.113915
FixedParameters: 0 0 0

#Transform 102
Transform: AffineTransform_float_3_3
Parameters: 0.999981 -0.000175103 -0.00613096 0.000117496 0.999957 -0.00927526 0.00613287 0.00927374 0.999938 -0.179954 -0.155861 0.0970341
FixedParameters: 0 0 0

#Transform 103
Transform: AffineTransform_float_3_3
Parameters: 0.999981 0.000204408 -0.00616701 -0.000261946 0.999957 -0.00923799 0.00616489 0.009239 0.999938 -0.170528 -0.148002 0.107333
FixedParameters: 0 0 0

#Transform 104
Transform: AffineTransform_float_3_3
Parameters: 0.999982 0.000156659 -0.00598886 -0.000212795 0.999955 -0.00947233 0.00598647 0.00947268 0.999938 -0.17517 -0.160063 0.101797
FixedParameters: 0 0 0

#Transform 105
Transform: AffineTransform_float_3_3
Parameters: 0.999981 0.000252609 -0.00604906 -0.00030831 0.999957 -0.00926673 0.00604605 0.00926826 0.999939 -0.176115 -0.144754 0.103842
FixedParameters: 0 0 0

#Transform 106
Transform: AffineTransform_float_3_3
Parameters: 0.999983 8.77177e-05 -0.00595173 -0.000140406 0.999961 -0.00882184 0.00595125 0.00882215 0.999943 -0.189191 -0.156902 0.123361
FixedParameters: 0 0 0

#Transform 107
Transform: AffineTransform_float_3_3
Parameters: 0.999984 0.000362702 -0.00566841 -0.000406984 0.99997 -0.00773842 0.00566576 0.00774058 0.999954 -0.217151 -0.207835 0.124314
FixedParameters: 0 0 0

#Transform 108
Transform: AffineTransform_float_3_3
Parameters: 0.999987 0.000334022 -0.00518078 -0.000374788 0.999969 -0.00792803 0.00517764 0.00792898 0.999956 -0.21543 -0.222159 0.114497
FixedParameters: 0 0 0

#Transform 109
Transform: AffineTransform_float_3_3
Parameters: 0.999994 -0.000262292 -0.00329599 0.000230828 0.999953 -0.0096183 0.00329899 0.0096177 0.999949 -0.161937 -0.215384 0.394711
FixedParameters: 0 0 0

#Transform 110
Transform: AffineTransform_float_3_3
Parameters: 0.999954 -0.00117738 0.00957887 0.0013098 0.999905 -0.0137514 -0.00956153 0.0137626 0.99986 0.155465 -0.284798 0.538189
FixedParameters: 0 0 0

#Transform 111
Transform: AffineTransform_float_3_3
Parameters: 0.999893 -0.000202656 0.0146312 0.000313847 0.999971 -0.00757813 -0.0146299 0.00758188 0.999865 0.299122 -0.52579 -0.561555
FixedParameters: 0 0 0

#Transform 112
Transform: AffineTransform_float_3_3
Parameters: 0.9999 -0.0001946 0.0141838 0.000217808 0.999998 -0.00166851 -0.0141841 0.0016715 0.999898 0.21873 -0.603767 -1.67174
FixedParameters: 0 0 0

#Transform 113
Transform: AffineTransform_float_3_3
Parameters: 0.999829 -0.000406127 0.018518 0.000511011 0.999983 -0.00567794 -0.0185147 0.00568607 0.999813 0.309307 -0.603954 -1.40112
FixedParameters: 0 0 0

#Transform 114
Transform: AffineTransform_float_3_3
Parameters: 0.999964 -0.000433464 0.00845601 0.000511802 0.999957 -0.00928304 -0.00845153 0.00928696 0.999921 0.0292284 -0.513762 -0.732296
FixedParameters: 0 0 0

#Transform 115
Transform: AffineTransform_float_3_3
Parameters: 0.999958 0.00118771 -0.00908927 -0.00137209 0.999793 -0.020281 0.00906372 0.020292 0.999753 -0.0813 -0.34606 0.0971082
FixedParameters: 0 0 0

#Transform 116
Transform: AffineTransform_float_3_3
Parameters: 0.999907 0.000547405 -0.0136265 -0.000959186 0.999542 -0.030256 0.0136037 0.030266 0.999449 -0.130465 -0.406976 0.234667
FixedParameters: 0 0 0

#Transform 117
Transform: AffineTransform_float_3_3
Parameters: 0.999998 -1.65986e-05 -0.0020823 2.1997e-06 0.999979 -0.00658785 0.00208231 0.00658815 0.999976 0.0611313 -0.292846 -0.159458
FixedParameters: 0 0 0

#Transform 118
Transform: AffineTransform_float_3_3
Parameters: 0.999982 -0.000818865 -0.00594094 0.000670133 0.999689 -0.0249329 0.00596036 0.0249291 0.999672 -0.0434823 -0.470427 -0.122397
FixedParameters: 0 0 0

#Transform 119
Transform: AffineTransform_float_3_3
Parameters: 0.999976 -0.000969529 -0.00678417 0.000790837 0.999653 -0.0263641 0.00680715 0.026358 0.999629 -0.0463583 -0.471788 -0.153302
FixedParameters: 0 0 0

#Transform 120
Transform: AffineTransform_float_3_3
Parameters: 0.999975 -0.00124527 -0.0070314 0.00105102 0.99962 -0.0275449 0.00706297 0.0275371 0.999596 -0.0415698 -0.516622 -0.240411
FixedParameters: 0 0 0

#Transform 121
Transform: AffineTransform_float_3_3
Parameters: 0.999967 -0.00158003 -0.00806098 0.00134238 0.999565 -0.029434 0.0081035 0.029422 0.999535 -0.00708556 -0.64576 -0.803377
FixedParameters: 0 0 0

#Transform 122
Transform: AffineTransform_float_3_3
Parameters: 0.999962 -0.00181978 -0.00850447 0.00154797 0.999493 -0.0317783 0.0085582 0.0317637 0.999459 -0.021314 -0.717098 -1.01368
FixedParameters: 0 0 0

#Transform 123
Transform: AffineTransform_float_3_3
Parameters: 0.999939 -0.00109978 -0.0109958 0.000825779 0.999691 -0.0248464 0.0110202 0.0248356 0.999631 -0.0714585 -0.471075 -0.558881
FixedParameters: 0 0 0

#Transform 124
Transform: AffineTransform_float_3_3
Parameters: 0.999934 -0.00168267 -0.0114145 0.0013164 0.999488 -0.0319765 0.011463 0.0319595 0.999424 -0.0343508 -0.649684 -0.924551
FixedParameters: 0 0 0

#Transform 125
Transform: AffineTransform_float_3_3
Parameters: 0.999935 -0.00163038 -0.0112937 0.0012675 0.999485 -0.0320829 0.0113395 0.0320671 0.999422 -0.0344291 -0.705155 -0.89021
FixedParameters: 0 0 0

#Transform 126
Transform: AffineTransform_float_3_3
Parameters: 0.999935 -0.00151629 -0.0113495 0.00115103 0.999481 -0.0321837 0.0113928 0.0321693 0.999417 -0.0438865 -0.70142 -0.798961
FixedParameters: 0 0 0

#Transform 127
Transform: AffineTransform_float_3_3
Parameters: 0.999938 -0.0016047 -0.0110157 0.0012465 0.999473 -0.0324536 0.0110614 0.0324374 0.999412 -0.0368964 -0.696484 -0.80019
FixedParameters: 0 0 0

#Transform 128
Transform: AffineTransform_float_3_3
Parameters: 0.999939 -0.00163774 -0.0109025 0.00126664 0.999421 -0.0340067 0.0109523 0.0339913 0.999362 -0.0380638 -0.713433 -0.794856
FixedParameters: 0 0 0

#Transform 129
Transform: AffineTransform_float_3_3
Parameters: 0.999931 -0.0024034 -0.0114854 0.00197664 0.999314 -0.0369766 0.0115667 0.0369514 0.999251 -0.013804 -0.719593 -0.852961
FixedParameters: 0 0 0

#Transform 130
Transform: AffineTransform_float_3_3
Parameters: 0.99994 -0.00230289 -0.0106498 0.00192334 0.999367 -0.0355338 0.0107253 0.0355113 0.999312 -0.0105353 -0.725784 -0.813715
FixedParameters: 0 0 0

#Transform 131
Transform: AffineTransform_float_3_3
Parameters: 0.999936 -0.00231159 -0.0110102 0.00191527 0.999357 -0.0358122 0.0110865 0.0357888 0.999298 -0.0163115 -0.738047 -0.795317
FixedParameters: 0 0 0

#Transform 132
Transform: AffineTransform_float_3_3
Parameters: 0.999935 -0.00250172 -0.0110826 0.00210246 0.999353 -0.0358984 0.0111654 0.0358736 0.999294 -0.0121428 -0.74626 -0.768265
FixedParameters: 0 0 0

#Transform 133
Transform: AffineTransform_float_3_3
Parameters: 0.99994 -0.00213612 -0.0106841 0.00175421 0.999363 -0.035653 0.0107529 0.035632 0.999307 -0.0114259 -0.755141 -0.779313
FixedParameters: 0 0 0

#Transform 134
Transform: AffineTransform_float_3_3
Parameters: 0.999941 -0.00186159 -0.0106319 0.00148201 0.999364 -0.035632 0.0106914 0.0356141 0.999309 -0.0355016 -0.753395 -0.753086
FixedParameters: 0 0 0

#Transform 135
Transform: AffineTransform_float_3_3
Parameters: 0.999944 -0.00219224 -0.0103398 0.00182198 0.999361 -0.0356842 0.0104122 0.0356638 0.99931 -0.0116808 -0.737148 -0.777647
FixedParameters: 0 0 0

#Transform 136
Transform: AffineTransform_float_3_3
Parameters: 0.999939 -0.00257117 -0.0106791 0.00218489 0.999351 -0.0359727 0.010765 0.0359473 0.999296 -0.0351936 -0.710676 -0.672755
FixedParameters: 0 0 0

#Transform 137
Transform: AffineTransform_float_3_3
Parameters: 0.99995 -0.00168905 -0.00979101 0.00138386 0.999518 -0.031034 0.00983823 0.0310191 0.999471 -0.0470443 -0.646028 -0.611127
FixedParameters: 0 0 0

#Transform 138
Transform: AffineTransform_float_3_3
Parameters: 0.999942 -0.00132446 -0.0106657 0.00103497 0.999631 -0.0271417 0.0106978 0.0271293 0.999575 -0.075519 -0.599085 -0.497726
FixedParameters: 0 0 0

#Transform 139
Transform: AffineTransform_float_3_3
Parameters: 0.999937 -0.00131697 -0.0111294 0.00100257 0.9996 -0.0282496 0.0111619 0.0282364 0.999539 -0.0719458 -0.661426 -0.623026
FixedParameters: 0 0 0

#Transform 140
Transform: AffineTransform_float_3_3
Parameters: 0.999944 -0.00129312 -0.0105131 0.000988087 0.999581 -0.0289353 0.010547 0.0289238 0.999526 -0.0655273 -0.668297 -0.650286
FixedParameters: 0 0 0

#Transform 141
Transform: AffineTransform_float_3_3
Parameters: 0.999944 -0.00128763 -0.0104423 0.000984373 0.999579 -0.0289961 0.0104751 0.0289839 0.999525 -0.0654332 -0.689087 -0.647609
FixedParameters: 0 0 0

#Transform 142
Transform: AffineTransform_float_3_3
Parameters: 0.999944 -0.00126143 -0.010564 0.000947131 0.999557 -0.0297529 0.0105967 0.0297411 0.999501 -0.0565664 -0.674042 -0.646551
FixedParameters: 0 0 0

#Transform 143
Transform: AffineTransform_float_3_3
Parameters: 0.999943 -0.00131337 -0.0105722 0.00100409 0.999574 -0.0291584 0.0106063 0.0291466 0.999519 -0.0594451 -0.673527 -0.618237
FixedParameters: 0 0 0

#Transform 144
Transform: AffineTransform_float_3_3
Parameters: 0.999943 -0.00131856 -0.0105876 0.00100756 0.999568 -0.0293816 0.0106212 0.0293694 0.999512 -0.0657731 -0.665211 -0.638585
FixedParameters: 0 0 0

#Transform 145
Transform: AffineTransform_float_3_3
Parameters: 0.999942 -0.00135366 -0.0106329 0.00103753 0.999558 -0.0297259 0.0106677 0.0297131 0.999501 -0.0623224 -0.684411 -0.682349
FixedParameters: 0 0 0

#Transform 146
Transform: AffineTransform_float_3_3
Parameters: 0.99994 -0.00156781 -0.0108446 0.00124468 0.999556 -0.0297612 0.0108866 0.0297458 0.999499 -0.0703173 -0.663133 -0.629729
FixedParameters: 0 0 0

#Transform 147
Transform: AffineTransform_float_3_3
Parameters: 0.999945 -0.00132965 -0.0104132 0.00101781 0.999554 -0.0298596 0.0104476 0.0298474 0.9995 -0.064359 -0.686539 -0.665616
FixedParameters: 0 0 0

#Transform 148
Transform: AffineTransform_float_3_3
Parameters: 0.999943 -0.00135758 -0.0106556 0.00103959 0.999554 -0.0298449 0.0106917 0.0298321 0.999498 -0.0666957 -0.664114 -0.663831
FixedParameters: 0 0 0

#Transform 149
Transform: AffineTransform_float_3_3
Parameters: 0.99994 -0.00138219 -0.0108742 0.00105748 0.999556 -0.0297802 0.01091 0.0297668 0.999497 -0.0682435 -0.675368 -0.665245
FixedParameters: 0 0 0

#Transform 150
Transform: AffineTransform_float_3_3
Parameters: 0.999945 -0.00161739 -0.0103513 0.00129946 0.999527 -0.0307166 0.0103964 0.0307014 0.999474 -0.0655951 -0.661829 -0.696435
FixedParameters: 0 0 0

#Transform 151
Transform: AffineTransform_float_3_3
Parameters: 0.999943 -0.00171294 -0.0104684 0.00139973 0.999555 -0.0298036 0.0105144 0.0297874 0.999501 -0.0747122 -0.698882 -0.703631
FixedParameters: 0 0 0

#Transform 152
Transform: AffineTransform_float_3_3
Parameters: 0.999946 -0.00167991 -0.0102327 0.00137523 0.999557 -0.0297371 0.0102783 0.0297209 0.999506 -0.0733407 -0.70219 -0.703249
FixedParameters: 0 0 0

#Transform 153
Transform: AffineTransform_float_3_3
Parameters: 0.999941 -0.00185987 -0.010646 0.00152869 0.99952 -0.0309653 0.0106985 0.0309467 0.999463 -0.08363 -0.71138 -0.754763
FixedParameters: 0 0 0

#Transform 154
Transform: AffineTransform_float_3_3
Parameters: 0.999943 -0.0016478 -0.0106182 0.001312 0.999504 -0.0314839 0.0106657 0.0314681 0.999448 -0.0792536 -0.714429 -0.78887
FixedParameters: 0 0 0

#Transform 155
Transform: AffineTransform_float_3_3
Parameters: 0.999946 -0.00164953 -0.0101922 0.00132952 0.999508 -0.0313338 0.010239 0.0313183 0.999457 -0.0770755 -0.739746 -0.772471
FixedParameters: 0 0 0

#Transform 156
Transform: AffineTransform_float_3_3
Parameters: 0.999945 -0.00152839 -0.0103143 0.00120925 0.999522 -0.0308965 0.0103564 0.0308825 0.99947 -0.0624771 -0.739433 -0.801224
FixedParameters: 0 0 0

#Transform 157
Transform: AffineTransform_float_3_3
Parameters: 0.999945 -0.00175194 -0.0103477 0.00143558 0.999533 -0.0305309 0.0103958 0.0305141 0.999481 -0.0715652 -0.71663 -0.738803
FixedParameters: 0 0 0

#Transform 158
Transform: AffineTransform_float_3_3
Parameters: 0.999942 -0.00157378 -0.0106424 0.00124829 0.999533 -0.0305232 0.0106855 0.0305078 0.999477 -0.0682397 -0.716347 -0.765474
FixedParameters: 0 0 0

#Transform 159
Transform: AffineTransform_float_3_3
Parameters: 0.999941 -0.00157488 -0.0107328 0.00124663 0.999535 -0.0304883 0.0107757 0.0304727 0.999477 -0.0822275 -0.715446 -0.744807
FixedParameters: 0 0 0

#Transform 160
Transform: AffineTransform_float_3_3
Parameters: 0.999941 -0.00135987 -0.0107944 0.00105092 0.999591 -0.0285861 0.0108287 0.028573 0.999533 -0.0781909 -0.69249 -0.694701
FixedParameters: 0 0 0

#Transform 161
Transform: AffineTransform_float_3_3
Parameters: 0.999941 -0.00134928 -0.0107755 0.00104914 0.999613 -0.027815 0.0108085 0.0278021 0.999555 -0.0780593 -0.697647 -0.711779
FixedParameters: 0 0 0

#Transform 162
Transform: AffineTransform_float_3_3
Parameters: 0.999938 -0.00137715 -0.0109817 0.00106681 0.999602 -0.0282113 0.011017 0.0281977 0.999542 -0.0732655 -0.663274 -0.680134
FixedParameters: 0 0 0

#Transform 163
Transform: AffineTransform_float_3_3
Parameters: 0.999938 -0.00113644 -0.0110676 0.000821789 0.999596 -0.0283986 0.0110952 0.0283874 0.999535 -0.0689208 -0.678613 -0.685611
FixedParameters: 0 0 0

#Transform 164
Transform: AffineTransform_float_3_3
Parameters: 0.999943 -0.00132496 -0.0106051 0.00101723 0.99958 -0.0289476 0.0106395 0.0289354 0.999525 -0.0764249 -0.675378 -0.672798
FixedParameters: 0 0 0

#Transform 165
Transform: AffineTransform_float_3_3
Parameters: 0.999942 -0.00130139 -0.0107135 0.000997044 0.999596 -0.0284114 0.0107466 0.0283986 0.999539 -0.0765344 -0.644219 -0.557784
FixedParameters: 0 0 0

#Transform 166
Transform: AffineTransform_float_3_3
Parameters: 0.999946 -0.00132625 -0.0103069 0.00102303 0.999568 -0.0293646 0.0103409 0.0293524 0.999516 -0.0800711 -0.637815 -0.535822
FixedParameters: 0 0 0

#Transform 167
Transform: AffineTransform_float_3_3
Parameters: 0.999945 -0.00152844 -0.0103661 0.00122297 0.999567 -0.0293726 0.0104068 0.0293583 0.999515 -0.0835949 -0.68422 -0.571232
FixedParameters: 0 0 0

#Transform 168
Transform: AffineTransform_float_3_3
Parameters: 0.999945 -0.00159035 -0.0103592 0.00129042 0.99958 -0.0289243 0.0104007 0.0289097 0.999528 -0.0824993 -0.689099 -0.611614
FixedParameters: 0 0 0

#Transform 169
Transform: AffineTransform_float_3_3
Parameters: 0.999944 -0.00156443 -0.0104676 0.00125465 0.999565 -0.0294782 0.0105092 0.0294639 0.99951 -0.0834894 -0.684418 -0.582823
FixedParameters: 0 0 0

#Transform 170
Transform: AffineTransform_float_3_3
Parameters: 0.999945 -0.00150013 -0.0104374 0.00121301 0.999623 -0.0274475 0.0104743 0.0274335 0.999569 -0.0802429 -0.65829 -0.53475
FixedParameters: 0 0 0

#Transform 171
Transform: AffineTransform_float_3_3
Parameters: 0.999944 -0.00119177 -0.0105338 0.000908836 0.999639 -0.0268563 0.0105619 0.0268447 0.999584 -0.0815828 -0.683043 -0.577315
FixedParameters: 0 0 0

#Transform 172
Transform: AffineTransform_float_3_3
Parameters: 0.999942 -0.00122415 -0.0106881 0.000937146 0.999639 -0.0268436 0.0107175 0.0268323 0.999582 -0.085229 -0.647588 -0.587656
FixedParameters: 0 0 0

#Transform 173
Transform: AffineTransform_float_3_3
Parameters: 0.999942 -0.0011619 -0.0106951 0.000880924 0.999656 -0.026227 0.0107216 0.026216 0.999599 -0.0798808 -0.661673 -0.581636
FixedParameters: 0 0 0

#Transform 174
Transform: AffineTransform_float_3_3
Parameters: 0.999942 -0.00114103 -0.0107548 0.000859811 0.99966 -0.0260969 0.010781 0.0260862 0.999602 -0.0832935 -0.674369 -0.57656
FixedParameters: 0 0 0

#Transform 175
Transform: AffineTransform_float_3_3
Parameters: 0.999938 -0.00133021 -0.0110406 0.00104819 0.999675 -0.025485 0.0110711 0.025472 0.999614 -0.0809323 -0.664554 -0.608504
FixedParameters: 0 0 0

#Transform 176
Transform: AffineTransform_float_3_3
Parameters: 0.999946 -0.00119108 -0.0103054 0.000913525 0.999637 -0.0269443 0.0103332 0.0269337 0.999584 -0.10401 -0.641305 -0.593499
FixedParameters: 0 0 0

#Transform 177
Transform: AffineTransform_float_3_3
Parameters: 0.999944 -0.00111771 -0.0105261 0.00083288 0.999636 -0.0269755 0.0105523 0.0269655 0.999581 -0.0802165 -0.63872 -0.555169
FixedParameters: 0 0 0

#Transform 178
Transform: AffineTransform_float_3_3
Parameters: 0.999942 -0.00136036 -0.0106304 0.0010704 0.999629 -0.0272011 0.0106637 0.0271879 0.999573 -0.0881714 -0.67935 -0.570981
FixedParameters: 0 0 0

#Transform 179
Transform: AffineTransform_float_3_3
Parameters: 0.999943 -0.00113093 -0.0106353 0.000842434 0.999634 -0.0270577 0.010662 0.0270473 0.999577 -0.096143 -0.669886 -0.556367
FixedParameters: 0 0 0

#Transform 180
Transform: AffineTransform_float_3_3
Parameters: 0.999942 -0.00113188 -0.0106955 0.00084775 0.999648 -0.0265166 0.0107217 0.0265063 0.999591 -0.0862264 -0.679981 -0.573239
FixedParameters: 0 0 0

#Transform 181
Transform: AffineTransform_float_3_3
Parameters: 0.999945 -0.00111641 -0.0104488 0.000825987 0.999616 -0.0276795 0.0104758 0.0276685 0.999562 -0.0877442 -0.64713 -0.545707
FixedParameters: 0 0 0

#Transform 182
Transform: AffineTransform_float_3_3
Parameters: 0.999947 -0.00134918 -0.0101506 0.00107059 0.999621 -0.0274798 0.010184 0.0274682 0.999571 -0.0982097 -0.658142 -0.567252
FixedParameters: 0 0 0

#Transform 183
Transform: AffineTransform_float_3_3
Parameters: 0.999947 -0.00109238 -0.010215 0.000805889 0.99961 -0.0279252 0.0102416 0.0279148 0.999558 -0.0906381 -0.662026 -0.588764
FixedParameters: 0 0 0

#Transform 184
Transform: AffineTransform_float_3_3
Parameters: 0.999948 -0.00110125 -0.010208 0.000805963 0.999583 -0.0288592 0.0102358 0.0288497 0.999531 -0.089472 -0.626603 -0.556186
FixedParameters: 0 0 0

#Transform 185
Transform: AffineTransform_float_3_3
Parameters: 0.99995 -0.00128799 -0.00992788 0.00100124 0.999584 -0.0288092 0.00996126 0.0287978 0.999536 -0.0798669 -0.646455 -0.538563
FixedParameters: 0 0 0

#Transform 186
Transform: AffineTransform_float_3_3
Parameters: 0.99995 -0.000616719 -0.00993694 0.000340472 0.999616 -0.0277076 0.00994994 0.0277034 0.999566 -0.0368635 -0.611931 -0.49381
FixedParameters: 0 0 0

#Transform 187
Transform: AffineTransform_float_3_3
Parameters: 0.999953 -0.000913771 -0.00958741 0.000633647 0.999575 -0.0291254 0.00960956 0.0291186 0.99953 -0.0458566 -0.624309 -0.46916
FixedParameters: 0 0 0

#Transform 188
Transform: AffineTransform_float_3_3
Parameters: 0.999949 -0.00105192 -0.0100999 0.000762346 0.999588 -0.0286948 0.010126 0.0286852 0.999537 -0.0454097 -0.615988 -0.451097
FixedParameters: 0 0 0

#Transform 189
Transform: AffineTransform_float_3_3
Parameters: 0.999948 -0.00118638 -0.0101278 0.000904905 0.999614 -0.0277552 0.0101567 0.0277448 0.999563 -0.0480204 -0.650946 -0.48347
