#Insight Transform File V1.0
#Transform 0
Transform: AffineTransform_float_3_3
Parameters: 1 0.000225955 4.51155e-06 -0.000225946 0.999999 -0.00098 -4.95441e-06 0.000979998 0.999999 0.00244624 0.00682616 0.0798875
FixedParameters: 0 0 0

#Transform 1
Transform: AffineTransform_float_3_3
Parameters: 1 0.000155969 3.11479e-06 -0.000155962 0.999999 -0.000976 -3.41924e-06 0.000975999 0.999999 0.00171886 0.0175049 0.0233699
FixedParameters: 0 0 0

#Transform 2
Transform: AffineTransform_float_3_3
Parameters: 1 5.39897e-05 1.05385e-06 -5.39865e-05 0.999999 -0.001427 -1.20793e-06 0.001427 0.999999 -0.00810386 0.0255175 0.01599
FixedParameters: 0 0 0

#Transform 3
Transform: AffineTransform_float_3_3
Parameters: 1 -0.000172268 -0.000137494 0.000173042 0.999999 -0.000820023 0.000137798 0.000819976 0.999999 0.000510629 0.000529982 0.0113534
FixedParameters: 0 0 0

#Transform 4
Transform: AffineTransform_float_3_3
Parameters: 1 -0.00048197 -0.000151966 0.000481869 1 -0.000331073 0.000152285 0.000330927 1 -0.00270448 0.00457766 0.0329809
FixedParameters: 0 0 0

#Transform 5
Transform: AffineTransform_float_3_3
Parameters: 1 -0.000306937 -6.19206e-06 0.000306927 0.999999 -0.000773001 6.66658e-06 0.000772997 0.999999 -0.00328146 0.00265016 0.0309734
FixedParameters: 0 0 0

#Transform 6
Transform: AffineTransform_float_3_3
Parameters: 1 -0.000279944 -5.61053e-06 0.000279933 0.999999 -0.000905001 6.11722e-06 0.000904998 0.999999 -0.00304049 0.0254136 0.0519164
FixedParameters: 0 0 0

#Transform 7
Transform: AffineTransform_float_3_3
Parameters: 1 -9.16449e-24 -3.05067e-20 -9.30253e-24 1 -0.000305 3.05e-20 0.000305 1 0 0.00444223 0.0485477
FixedParameters: 0 0 0

#Transform 8
Transform: AffineTransform_float_3_3
Parameters: 1 1.93378e-06 -9.59805e-05 -2.08716e-06 0.999999 -0.000798999 9.59773e-05 0.000799 0.999999 0.00170802 0.0229576 0.0633679
FixedParameters: 0 0 0

#Transform 9
Transform: AffineTransform_float_3_3
Parameters: 1 -0.000397073 -0.000147153 0.00039693 1 -0.000486058 0.000147539 0.000485941 1 -0.00180139 -0.00328178 0.0611026
FixedParameters: 0 0 0

#Transform 10
Transform: AffineTransform_float_3_3
Parameters: 1 -0.000423908 -8.80922e-06 0.000423905 1 -0.000166004 8.94995e-06 0.000165996 1 -0.00463494 0.0048166 0.0189693
FixedParameters: 0 0 0

#Transform 11
Transform: AffineTransform_float_3_3
Parameters: 1 -0.000282942 -5.74392e-06 0.000282934 1 -0.000646001 6.10948e-06 0.000645998 1 -0.00302231 0.0477057 0.0251107
FixedParameters: 0 0 0

#Transform 12
Transform: AffineTransform_float_3_3
Parameters: 1 -0.000423545 -0.000473628 0.00042281 0.999999 -0.0007982 0.000473304 0.000797799 0.999999 0.00130887 0.0256721 0.0581672
FixedParameters: 0 0 0

#Transform 13
Transform: AffineTransform_float_3_3
Parameters: 1 -0.000256237 -0.000347096 0.000255323 0.999999 -0.00131609 0.000347769 0.00131691 0.999999 0.00335283 0.066162 0.0857641
FixedParameters: 0 0 0

#Transform 14
Transform: AffineTransform_float_3_3
Parameters: 1 8.11175e-06 -0.000403918 -8.80971e-06 0.999999 -0.000863996 0.000403904 0.000864003 0.999999 -0.00686292 0.0297015 0.0387508
FixedParameters: 0 0 0

#Transform 15
Transform: AffineTransform_float_3_3
Parameters: 1 -0.000165275 -0.000331439 0.000164911 1 -0.000550054 0.000331621 0.000549945 1 0.00408531 0.0215196 0.0158435
FixedParameters: 0 0 0

#Transform 16
Transform: AffineTransform_float_3_3
Parameters: 1 8.24949e-06 -0.000403916 -8.67198e-06 1 -0.000522996 0.000403907 0.000523003 1 0.0234813 0.0208046 0.0406096
FixedParameters: 0 0 0

#Transform 17
Transform: AffineTransform_float_3_3
Parameters: 1 4.08767e-06 -0.000194957 -4.07987e-06 1 2.00008e-05 0.000194957 -1.99992e-05 1 0.00351381 0.0439901 0.0726636
FixedParameters: 0 0 0

#Transform 18
Transform: AffineTransform_float_3_3
Parameters: 1 8.37228e-06 -0.000403913 -8.54919e-06 1 -0.000218997 0.000403909 0.000219003 1 0.00265333 0.00649268 0.0475434
FixedParameters: 0 0 0

#Transform 19
Transform: AffineTransform_float_3_3
Parameters: 1 3.81283e-06 -0.00017996 -3.72644e-06 1 0.000240001 0.000179961 -0.000239999 1 0.00324485 0.0156014 0.0309049
FixedParameters: 0 0 0

#Transform 20
Transform: AffineTransform_float_3_3
Parameters: 1 2.91878e-06 -0.00013997 -2.9451e-06 1 -9.39996e-05 0.000139969 9.40004e-05 1 0.00254295 0.00792513 -0.000687005
FixedParameters: 0 0 0

#Transform 21
Transform: AffineTransform_float_3_3
Parameters: 1 -0.000444538 0.000354755 0.000444517 1 2.91581e-05 -0.000354782 -2.98418e-05 1 -0.0234428 0.102044 0.0484319
FixedParameters: 0 0 0

#Transform 22
Transform: AffineTransform_float_3_3
Parameters: 0.999999 -7.74712e-06 0.000884034 7.28389e-06 1 0.000262006 -0.000884038 -0.000261993 0.999999 -0.0158753 0.0854107 0.00589018
FixedParameters: 0 0 0

#Transform 23
Transform: AffineTransform_float_3_3
Parameters: 1 0.000676934 0.000898685 -0.000676735 0.999999 0.000445371 -0.000898061 -0.00044563 1 -0.0252302 0.0403344 0.0279695
FixedParameters: 0 0 0

#Transform 24
Transform: AffineTransform_float_3_3
Parameters: 1 0.000676875 0.000898729 -0.000676794 0.999999 0.000511371 -0.000898016 -0.00051163 1 -0.0203915 0.0364459 0.0271848
FixedParameters: 0 0 0

#Transform 25
Transform: AffineTransform_float_3_3
Parameters: 1 0.000677419 0.000898318 -0.00067725 1 -9.46084e-05 -0.000898445 9.33914e-05 0.999999 -0.0278645 0.0452568 0.000605889
FixedParameters: 0 0 0

#Transform 26
Transform: AffineTransform_float_3_3
Parameters: 0.999999 0.000686849 0.000449309 -0.000686646 0.999999 -0.000249309 -0.000448651 0.000248692 1 -0.0203729 0.0551325 0.0192268
FixedParameters: 0 0 0

#Transform 27
Transform: AffineTransform_float_3_3
Parameters: 0.999999 0.000686654 0.000449607 -0.00068582 0.999999 0.000184692 -0.000449332 -0.000185309 1 -0.000401826 0.0453533 0.0142793
FixedParameters: 0 0 0

#Transform 28
Transform: AffineTransform_float_3_3
Parameters: 0.999999 0.000865158 0.00045233 -0.000865259 0.999999 -0.00101539 -0.000453108 0.00101461 1 0.0204055 0.030309 0.00873628
FixedParameters: 0 0 0

#Transform 29
Transform: AffineTransform_float_3_3
Parameters: 1 0.000775741 -0.000780668 -0.000776287 0.999999 -0.000976395 0.000780172 0.000977606 0.999999 0.0414915 0.0301949 -0.0238232
FixedParameters: 0 0 0

#Transform 30
Transform: AffineTransform_float_3_3
Parameters: 0.999999 0.000708936 -0.000649149 -0.000709549 0.999999 -0.00122654 0.000648429 0.00122746 0.999999 0.0382325 0.0410401 -0.0393047
FixedParameters: 0 0 0

#Transform 31
Transform: AffineTransform_float_3_3
Parameters: 0.999999 0.0012302 -0.000569407 -0.00123115 0.999998 -0.0016783 0.000567295 0.0016797 0.999999 0.0345194 0.0526273 -0.0442109
FixedParameters: 0 0 0

#Transform 32
Transform: AffineTransform_float_3_3
Parameters: 0.999999 0.00128788 -0.000637621 -0.00128835 0.999998 -0.00113918 0.000635706 0.00113982 0.999999 0.0321104 0.0339662 -0.0280726
FixedParameters: 0 0 0

#Transform 33
Transform: AffineTransform_float_3_3
Parameters: 0.999999 0.00082317 -0.000457889 -0.000824347 0.999999 -0.00126362 0.000456807 0.00126438 0.999999 0.00217617 0.0680737 -0.0412218
FixedParameters: 0 0 0

#Transform 34
Transform: AffineTransform_float_3_3
Parameters: 0.999999 0.00144732 -0.000469171 -0.00144791 0.999997 -0.0016543 0.000466401 0.0016547 0.999998 0.00929803 0.0889808 -0.0453349
FixedParameters: 0 0 0

#Transform 35
Transform: AffineTransform_float_3_3
Parameters: 0.999998 0.00188821 -0.000243577 -0.00188878 0.999997 -0.00109752 0.000241431 0.00109748 1 0.00358308 0.0466906 -0.0455948
FixedParameters: 0 0 0

#Transform 36
Transform: AffineTransform_float_3_3
Parameters: 0.999999 0.00155684 0.000174915 -0.00155647 0.999998 -0.00110725 -0.000177363 0.00110775 1 -0.000901763 0.0516968 -0.114761
FixedParameters: 0 0 0

#Transform 37
Transform: AffineTransform_float_3_3
Parameters: 0.999998 0.00195456 -1.01737e-05 -0.00195468 0.999997 -0.00158894 7.96104e-06 0.00158906 0.999998 0.00692422 0.0726102 -0.112055
FixedParameters: 0 0 0

#Transform 38
Transform: AffineTransform_float_3_3
Parameters: 0.999998 0.00202866 -0.00021715 -0.00202928 0.999997 -0.00127852 0.000214962 0.00127848 0.999999 0.0114604 0.0718846 -0.121554
FixedParameters: 0 0 0

#Transform 39
Transform: AffineTransform_float_3_3
Parameters: 0.999998 0.00195215 0.000114613 -0.00195185 0.999996 -0.00168618 -0.000117196 0.00168582 0.999998 0.00459156 0.0344991 -0.160338
FixedParameters: 0 0 0

#Transform 40
Transform: AffineTransform_float_3_3
Parameters: 0.999998 0.00195849 -0.000228313 -0.00195981 0.999995 -0.00270152 0.000222724 0.00270249 0.999997 0.0107706 0.0543448 -0.0270199
FixedParameters: 0 0 0

#Transform 41
Transform: AffineTransform_float_3_3
Parameters: 0.999997 0.00216081 -0.000476689 -0.00216196 0.999992 -0.00317793 0.000469989 0.00317906 0.999995 0.0172944 0.0492679 -0.0744473
FixedParameters: 0 0 0

#Transform 42
Transform: AffineTransform_float_3_3
Parameters: 0.999997 0.00251328 -0.000386301 -0.00251484 0.999992 -0.00313298 0.000378564 0.00313402 0.999995 0.0198538 0.0980218 -0.0176382
FixedParameters: 0 0 0

#Transform 43
Transform: AffineTransform_float_3_3
Parameters: 0.999997 0.00217676 0.000131637 -0.00217666 0.999998 -0.000449225 -0.000132594 0.000449775 1 0.00997598 -0.0141048 0.0255944
FixedParameters: 0 0 0

#Transform 44
Transform: AffineTransform_float_3_3
Parameters: 0.999997 0.00262192 -0.000605526 -0.00262442 0.99999 -0.00356336 0.000596865 0.00356564 0.999994 0.0248657 0.0348907 -0.0420294
FixedParameters: 0 0 0

#Transform 45
Transform: AffineTransform_float_3_3
Parameters: 0.999996 0.00252893 -0.000388236 -0.00253022 0.999989 -0.00401097 0.000377981 0.00401203 0.999992 0.00717656 0.0621153 -0.0587699
FixedParameters: 0 0 0

#Transform 46
Transform: AffineTransform_float_3_3
Parameters: 0.999998 0.00219998 -0.000393847 -0.0022023 0.999989 -0.0040291 0.000385125 0.0040309 0.999992 0.00501893 0.0470999 -0.0915443
FixedParameters: 0 0 0

#Transform 47
Transform: AffineTransform_float_3_3
Parameters: 0.999997 0.00233894 -0.000298731 -0.0023395 0.999995 -0.00242125 0.000293422 0.00242176 0.999997 0.0163585 0.0765287 -0.0886895
FixedParameters: 0 0 0

#Transform 48
Transform: AffineTransform_float_3_3
Parameters: 0.999996 0.00259455 -0.000382954 -0.00259552 0.999994 -0.00239895 0.00037752 0.00240005 0.999997 0.0179433 0.0520979 -0.0937645
FixedParameters: 0 0 0

#Transform 49
Transform: AffineTransform_float_3_3
Parameters: 0.999998 0.00227845 -0.000389698 -0.00227975 0.999993 -0.00278708 0.000384011 0.00278792 0.999996 0.0236539 0.0488015 -0.117715
FixedParameters: 0 0 0

#Transform 50
Transform: AffineTransform_float_3_3
Parameters: 0.999998 0.00228559 -0.000388762 -0.00228659 0.999995 -0.00243306 0.000383655 0.00243395 0.999997 0.0173346 0.0488683 -0.121568
FixedParameters: 0 0 0

#Transform 51
Transform: AffineTransform_float_3_3
Parameters: 0.999998 0.00230936 -0.000317813 -0.00230986 0.999995 -0.00221723 0.000312587 0.00221877 0.999998 0.016318 0.0547413 -0.0426751
FixedParameters: 0 0 0

#Transform 52
Transform: AffineTransform_float_3_3
Parameters: 0.999998 0.00184572 -0.000396642 -0.00184663 0.999995 -0.00229025 0.000393203 0.00229175 0.999998 0.0125916 0.0462225 -0.0607036
FixedParameters: 0 0 0

#Transform 53
Transform: AffineTransform_float_3_3
Parameters: 0.999997 0.00215396 -0.000524665 -0.00215482 0.999994 -0.00263984 0.000518328 0.00264117 0.999997 0.00908478 0.0653319 -0.0727578
FixedParameters: 0 0 0

#Transform 54
Transform: AffineTransform_float_3_3
Parameters: 0.999997 0.00231242 -0.000491628 -0.00231307 0.999994 -0.00258281 0.000485721 0.00258319 0.999996 0.0194922 0.0672455 -0.0721602
FixedParameters: 0 0 0

#Transform 55
Transform: AffineTransform_float_3_3
Parameters: 0.999996 0.00272786 -0.000557245 -0.00272954 0.999993 -0.00230042 0.000550707 0.00230157 0.999997 0.0252737 0.0479942 -0.0769122
FixedParameters: 0 0 0

#Transform 56
Transform: AffineTransform_float_3_3
Parameters: 0.999998 0.00206161 -0.00045023 -0.00206303 0.999994 -0.00258503 0.000444585 0.00258596 0.999996 0.0158682 0.04915 -0.100837
FixedParameters: 0 0 0

#Transform 57
Transform: AffineTransform_float_3_3
Parameters: 0.999998 0.00231044 -0.0003803 -0.0023114 0.999995 -0.00243307 0.000375073 0.00243394 0.999997 0.00630387 0.0590831 -0.102089
FixedParameters: 0 0 0

#Transform 58
Transform: AffineTransform_float_3_3
Parameters: 0.999998 0.00230868 -0.000292126 -0.00230942 0.999993 -0.00278429 0.000285287 0.00278471 0.999996 0.0158825 0.0625635 -0.0981077
FixedParameters: 0 0 0

#Transform 59
Transform: AffineTransform_float_3_3
Parameters: 0.999997 0.00231388 -0.000569487 -0.00231487 0.999994 -0.00252763 0.000563824 0.00252937 0.999996 0.0208902 0.0522874 -0.109283
FixedParameters: 0 0 0

#Transform 60
Transform: AffineTransform_float_3_3
Parameters: 0.999997 0.00231365 -0.000570401 -0.00231512 0.999993 -0.00292262 0.000563909 0.00292438 0.999995 0.0179336 0.0584868 -0.0686881
FixedParameters: 0 0 0

#Transform 61
Transform: AffineTransform_float_3_3
Parameters: 0.999997 0.00207106 -0.000573451 -0.00207277 0.999996 -0.00228078 0.000569016 0.00228223 0.999997 0.0182166 0.0556127 -0.0876217
FixedParameters: 0 0 0

#Transform 62
Transform: AffineTransform_float_3_3
Parameters: 0.999997 0.00204728 -0.000573121 -0.00204854 0.999996 -0.00190079 0.000569352 0.00190221 0.999998 0.0258373 0.0406534 -0.118128
FixedParameters: 0 0 0

#Transform 63
Transform: AffineTransform_float_3_3
Parameters: 0.999997 0.00214778 -2.20423e-05 -0.00214798 0.999995 -0.00233692 1.70042e-05 0.00233608 0.999998 0.00926574 0.0494115 -0.144995
FixedParameters: 0 0 0

#Transform 64
Transform: AffineTransform_float_3_3
Parameters: 0.999998 0.00186896 -0.000298883 -0.0018703 0.999996 -0.0021244 0.000294936 0.0021256 0.999997 0.00408124 0.0452148 -0.147886
FixedParameters: 0 0 0

#Transform 65
Transform: AffineTransform_float_3_3
Parameters: 0.999998 0.00187067 -0.00038987 -0.0018714 0.999996 -0.00212623 0.000385933 0.00212677 0.999997 0.00503765 0.0456285 -0.16307
FixedParameters: 0 0 0

#Transform 66
Transform: AffineTransform_float_3_3
Parameters: 0.999998 0.00186848 -0.000285132 -0.00186919 0.999995 -0.00279143 0.000280718 0.00279157 0.999996 0.00192183 0.0612765 -0.177358
FixedParameters: 0 0 0

#Transform 67
Transform: AffineTransform_float_3_3
Parameters: 0.999998 0.00211268 -0.000182539 -0.00211376 0.999994 -0.00272358 0.000176027 0.00272342 0.999997 -0.00642578 0.0566215 -0.159248
FixedParameters: 0 0 0

#Transform 68
Transform: AffineTransform_float_3_3
Parameters: 0.999999 0.00186361 -1.76925e-05 -0.00186383 0.999993 -0.00306895 1.22517e-05 0.00306905 0.999996 -0.0120966 0.0622232 -0.140729
FixedParameters: 0 0 0

#Transform 69
Transform: AffineTransform_float_3_3
Parameters: 0.999998 0.00187104 -0.000427188 -0.00187255 0.999994 -0.00283416 0.000421595 0.00283584 0.999996 0.0134096 0.0897813 -0.139684
FixedParameters: 0 0 0

#Transform 70
Transform: AffineTransform_float_3_3
Parameters: 0.999998 0.00186796 -0.00024926 -0.0018692 0.999995 -0.00232152 0.000244581 0.00232248 0.999998 0.00339195 0.0802241 -0.127004
FixedParameters: 0 0 0

#Transform 71
Transform: AffineTransform_float_3_3
Parameters: 0.999999 0.00179429 -0.000417873 -0.00179494 0.999996 -0.00188023 0.000415143 0.00188077 0.999998 -0.00569172 0.0537513 -0.123703
FixedParameters: 0 0 0

#Transform 72
Transform: AffineTransform_float_3_3
Parameters: 0.999999 0.00178155 -0.000333741 -0.00178212 0.999996 -0.00224139 0.000329774 0.00224161 0.999998 -0.0073029 0.0787728 -0.133129
FixedParameters: 0 0 0

#Transform 73
Transform: AffineTransform_float_3_3
Parameters: 0.999998 0.00186916 -0.000314355 -0.00186973 0.999996 -0.00237838 0.000309482 0.00237863 0.999997 0.00587038 0.0510237 -0.133677
FixedParameters: 0 0 0

#Transform 74
Transform: AffineTransform_float_3_3
Parameters: 0.999998 0.00187112 -0.000417107 -0.0018721 0.999995 -0.0022552 0.000413682 0.0022568 0.999998 -0.00486862 0.045427 -0.135195
FixedParameters: 0 0 0

#Transform 75
Transform: AffineTransform_float_3_3
Parameters: 0.999998 0.0018711 -0.000417212 -0.00187212 0.999995 -0.0023112 0.000413579 0.0023118 0.999997 0.00562934 0.079529 -0.118471
FixedParameters: 0 0 0

#Transform 76
Transform: AffineTransform_float_3_3
Parameters: 0.999998 0.0018711 -0.000417212 -0.00187212 0.999995 -0.0023112 0.000413579 0.0023118 0.999997 0.015034 0.0707447 -0.118671
FixedParameters: 0 0 0

#Transform 77
Transform: AffineTransform_float_3_3
Parameters: 0.999998 0.0018711 -0.000417212 -0.00187212 0.999995 -0.0023112 0.000413579 0.0023118 0.999997 0.012306 0.0708375 -0.157102
FixedParameters: 0 0 0

#Transform 78
Transform: AffineTransform_float_3_3
Parameters: 0.999998 0.00187098 -0.000417731 -0.00187224 0.999995 -0.00258918 0.000413058 0.00258982 0.999996 0.0113146 0.0698759 -0.119308
FixedParameters: 0 0 0

#Transform 79
Transform: AffineTransform_float_3_3
Parameters: 0.999998 0.00187353 -0.000573668 -0.00187518 0.999994 -0.00310289 0.000567077 0.00310311 0.999995 -0.00208546 0.0770232 -0.0973883
FixedParameters: 0 0 0

#Transform 80
Transform: AffineTransform_float_3_3
Parameters: 0.999999 0.00168449 -0.000653109 -0.00168747 0.999991 -0.00373388 0.000646559 0.00373411 0.999993 -0.00267494 0.101277 -0.14585
FixedParameters: 0 0 0

#Transform 81
Transform: AffineTransform_float_3_3
Parameters: 0.999998 0.00187644 -0.000754403 -0.00187986 0.999992 -0.00350955 0.000748257 0.00351145 0.999993 0.0166005 0.112106 -0.165341
FixedParameters: 0 0 0

#Transform 82
Transform: AffineTransform_float_3_3
Parameters: 0.999998 0.00187056 -0.000419605 -0.0018727 0.999992 -0.0035902 0.000413184 0.0035908 0.999994 -0.00481077 0.0592084 -0.191022
FixedParameters: 0 0 0

#Transform 83
Transform: AffineTransform_float_3_3
Parameters: 0.999998 0.00187054 -0.000419707 -0.00187272 0.999991 -0.0036452 0.000413081 0.0036458 0.999994 -0.000247958 0.0978952 -0.189521
FixedParameters: 0 0 0

#Transform 84
Transform: AffineTransform_float_3_3
Parameters: 0.999998 0.00187775 -0.000836644 -0.00188097 0.999991 -0.00364441 0.000830005 0.00364559 0.999993 0.00267469 0.071906 -0.139938
FixedParameters: 0 0 0

#Transform 85
Transform: AffineTransform_float_3_3
Parameters: 0.999998 0.00187735 -0.000837547 -0.0018814 0.999989 -0.00412541 0.000830098 0.00412759 0.999991 0.00270107 0.079674 -0.154123
FixedParameters: 0 0 0

#Transform 86
Transform: AffineTransform_float_3_3
Parameters: 0.999998 0.00187749 -0.000837243 -0.00188127 0.999991 -0.00396339 0.000830402 0.00396561 0.999992 0.00270997 0.0790487 -0.162647
FixedParameters: 0 0 0

#Transform 87
Transform: AffineTransform_float_3_3
Parameters: 0.999998 0.00187735 -0.000837547 -0.0018814 0.999989 -0.00412541 0.000830098 0.00412759 0.999991 0.002749 0.0883003 -0.192325
FixedParameters: 0 0 0

#Transform 88
Transform: AffineTransform_float_3_3
Parameters: 0.999998 0.00187697 -0.000838392 -0.0018808 0.999988 -0.00457541 0.000830278 0.00457659 0.999989 -0.00702122 0.10912 -0.178642
FixedParameters: 0 0 0

#Transform 89
Transform: AffineTransform_float_3_3
Parameters: 0.999998 0.00187718 -0.000837919 -0.00188156 0.999989 -0.00432341 0.000829725 0.00432559 0.999991 -0.0103874 0.0959322 -0.175801
FixedParameters: 0 0 0

#Transform 90
Transform: AffineTransform_float_3_3
Parameters: 0.999997 0.00218055 -0.00108862 -0.00218482 0.999989 -0.00418759 0.00107944 0.00418941 0.99999 -0.00830443 0.102699 -0.188928
FixedParameters: 0 0 0

#Transform 91
Transform: AffineTransform_float_3_3
Parameters: 0.999997 0.00203209 -0.000751498 -0.00203509 0.999991 -0.00391044 0.000742653 0.00391156 0.999992 -0.00531315 0.0771959 -0.196525
FixedParameters: 0 0 0

#Transform 92
Transform: AffineTransform_float_3_3
Parameters: 0.999997 0.00224752 -0.000830716 -0.00225009 0.99999 -0.0038541 0.000822459 0.0038559 0.999992 0.00646296 0.0970215 -0.199108
FixedParameters: 0 0 0

#Transform 93
Transform: AffineTransform_float_3_3
Parameters: 0.999998 0.00211475 -0.000725873 -0.00211742 0.99999 -0.00380845 0.000717812 0.00381055 0.999993 -0.0155245 0.0799085 -0.210899
FixedParameters: 0 0 0

#Transform 94
Transform: AffineTransform_float_3_3
Parameters: 0.999997 0.0020286 -0.000834354 -0.00203109 0.99999 -0.00380329 0.000826993 0.00380471 0.999993 -0.0146316 0.0961805 -0.212067
FixedParameters: 0 0 0

#Transform 95
Transform: AffineTransform_float_3_3
Parameters: 0.999997 0.00202718 -0.000752387 -0.00203006 0.99999 -0.00381346 0.000744974 0.00381454 0.999993 -0.0161057 0.0852414 -0.21716
FixedParameters: 0 0 0

#Transform 96
Transform: AffineTransform_float_3_3
Parameters: 0.999997 0.0019763 -0.000773862 -0.00197981 0.999989 -0.00411945 0.000765622 0.00412154 0.999991 -0.00578584 0.0812579 -0.245094
FixedParameters: 0 0 0

#Transform 97
Transform: AffineTransform_float_3_3
Parameters: 0.999998 0.00202388 -0.000566825 -0.00202557 0.99999 -0.00401682 0.000558618 0.00401818 0.999992 -0.0086746 0.0975485 -0.214712
FixedParameters: 0 0 0

#Transform 98
Transform: AffineTransform_float_3_3
Parameters: 0.999999 0.00164939 -0.000773058 -0.00165257 0.999991 -0.00393371 0.00076613 0.00393429 0.999992 -0.0029121 0.0765636 -0.212911
FixedParameters: 0 0 0

#Transform 99
Transform: AffineTransform_float_3_3
Parameters: 0.999997 0.002027 -0.000744516 -0.00202991 0.99999 -0.00387647 0.000736848 0.00387752 0.999992 -0.000145019 0.0750178 -0.169229
FixedParameters: 0 0 0

#Transform 100
Transform: AffineTransform_float_3_3
Parameters: 0.999998 0.00188533 -0.000586776 -0.00188792 0.999991 -0.00380486 0.000579457 0.00380614 0.999992 -0.00752663 0.0966323 -0.162241
FixedParameters: 0 0 0

#Transform 101
Transform: AffineTransform_float_3_3
Parameters: 0.999997 0.00202644 -0.000719895 -0.00202845 0.999989 -0.00406153 0.000712505 0.00406248 0.999992 -0.0167108 0.0778481 -0.14368
FixedParameters: 0 0 0

#Transform 102
Transform: AffineTransform_float_3_3
Parameters: 0.999999 0.00176334 -0.000588913 -0.00176597 0.999991 -0.00383095 0.000582431 0.00383206 0.999993 -0.0114776 0.124523 -0.169305
FixedParameters: 0 0 0

#Transform 103
Transform: AffineTransform_float_3_3
Parameters: 0.999998 0.00186482 -0.000914411 -0.00186816 0.99999 -0.00393228 0.00090781 0.00393472 0.999992 -0.014911 0.121564 -0.173809
FixedParameters: 0 0 0

#Transform 104
Transform: AffineTransform_float_3_3
Parameters: 0.999999 0.00168426 -0.000725169 -0.00168772 0.999989 -0.00435876 0.00071853 0.00436024 0.99999 -0.00795166 0.108316 -0.181461
FixedParameters: 0 0 0

#Transform 105
Transform: AffineTransform_float_3_3
Parameters: 0.999999 0.00171475 -0.000591458 -0.0017176 0.999987 -0.00483597 0.000582918 0.00483703 0.999988 -0.0223105 0.117793 -0.148743
FixedParameters: 0 0 0

#Transform 106
Transform: AffineTransform_float_3_3
Parameters: 0.999998 0.0015672 -0.00059533 -0.00157023 0.999982 -0.00579605 0.000586226 0.00579695 0.999983 -0.000951426 0.1322 -0.140465
FixedParameters: 0 0 0

#Transform 107
Transform: AffineTransform_float_3_3
Parameters: 0.999998 0.0014319 -0.000919713 -0.00143806 0.999981 -0.00600469 0.00091058 0.00600632 0.999982 0.020394 0.121901 -0.222131
FixedParameters: 0 0 0

#Transform 108
Transform: AffineTransform_float_3_3
Parameters: 0.999998 0.00159206 -0.00127842 -0.00159902 0.999984 -0.00540494 0.00127031 0.00540605 0.999984 0.00956586 0.11105 -0.213821
FixedParameters: 0 0 0

#Transform 109
Transform: AffineTransform_float_3_3
Parameters: 0.999998 0.00157999 -0.00106624 -0.00158519 0.999986 -0.0051883 0.00105794 0.0051897 0.999986 0.0125612 0.106965 -0.207877
FixedParameters: 0 0 0

#Transform 110
Transform: AffineTransform_float_3_3
Parameters: 0.999998 0.00155921 -0.00110715 -0.00156568 0.999984 -0.00556426 0.00109889 0.00556575 0.999984 0.00620745 0.114265 -0.227246
FixedParameters: 0 0 0

#Transform 111
Transform: AffineTransform_float_3_3
Parameters: 0.999997 0.00185323 -0.00110253 -0.00185954 0.999983 -0.00551094 0.00109219 0.00551306 0.999984 0.015756 0.112535 -0.182432
FixedParameters: 0 0 0

#Transform 112
Transform: AffineTransform_float_3_3
Parameters: 0.999997 0.00219106 -0.00156113 -0.00220101 0.999977 -0.00631956 0.00154757 0.00632243 0.999979 0.0468548 0.117337 -0.166001
FixedParameters: 0 0 0

#Transform 113
Transform: AffineTransform_float_3_3
Parameters: 0.999996 0.00220945 -0.00147946 -0.0022192 0.999976 -0.00659672 0.00146544 0.00660028 0.999977 0.0406107 0.111058 -0.16774
FixedParameters: 0 0 0

#Transform 114
Transform: AffineTransform_float_3_3
Parameters: 0.999997 0.00216099 -0.0012378 -0.00216945 0.99997 -0.00737931 0.00122105 0.00738168 0.999972 0.0283887 0.144389 -0.177363
FixedParameters: 0 0 0

#Transform 115
Transform: AffineTransform_float_3_3
Parameters: 0.999998 0.00191035 -0.00131269 -0.0019202 0.999973 -0.00710248 0.00129966 0.00710552 0.999974 0.0344812 0.120807 -0.204883
FixedParameters: 0 0 0

#Transform 116
Transform: AffineTransform_float_3_3
Parameters: 0.999997 0.00190853 -0.00107488 -0.00191507 0.999976 -0.00667694 0.00106251 0.00667907 0.999977 0.0301108 0.113561 -0.218195
FixedParameters: 0 0 0

#Transform 117
Transform: AffineTransform_float_3_3
Parameters: 0.999996 0.00232289 -0.00117726 -0.00233012 0.999974 -0.00679524 0.00116182 0.00679777 0.999976 0.0277686 0.116497 -0.22574
FixedParameters: 0 0 0

#Transform 118
Transform: AffineTransform_float_3_3
Parameters: 0.999998 0.00212638 -0.000899259 -0.0021329 0.99997 -0.00738708 0.000883934 0.00738892 0.999973 0.019547 0.096403 -0.232621
FixedParameters: 0 0 0

#Transform 119
Transform: AffineTransform_float_3_3
Parameters: 0.999997 0.00184196 -0.00122283 -0.00185079 0.999973 -0.00721674 0.00120936 0.00721927 0.999973 0.0250896 0.131993 -0.196581
FixedParameters: 0 0 0

#Transform 120
Transform: AffineTransform_float_3_3
Parameters: 0.999998 0.0017983 -0.000901962 -0.00180404 0.999978 -0.00641036 0.00089099 0.00641164 0.999979 0.0171208 0.0934345 -0.210186
FixedParameters: 0 0 0

#Transform 121
Transform: AffineTransform_float_3_3
Parameters: 0.999998 0.00169758 -0.000791557 -0.00170113 0.999985 -0.00530862 0.000782614 0.00531038 0.999985 0.00569257 0.116135 -0.0985015
FixedParameters: 0 0 0

#Transform 122
Transform: AffineTransform_float_3_3
Parameters: 0.999998 0.00189791 0.000129456 -0.0018974 0.999995 -0.00227323 -0.000134084 0.00227277 0.999998 -0.0210066 0.0387085 0.0239347
FixedParameters: 0 0 0

#Transform 123
Transform: AffineTransform_float_3_3
Parameters: 0.999998 0.0018992 -0.00033455 -0.00190051 0.999993 -0.00330235 0.000328021 0.00330265 0.999995 -0.0109437 0.0738449 -0.0541731
FixedParameters: 0 0 0

#Transform 124
Transform: AffineTransform_float_3_3
Parameters: 0.999999 0.00174864 -0.000143915 -0.00174901 0.999989 -0.00429871 0.0001369 0.00429829 0.99999 -0.00939944 0.102669 -0.0868108
FixedParameters: 0 0 0

#Transform 125
Transform: AffineTransform_float_3_3
Parameters: 0.999998 0.0016889 -0.000339904 -0.00168992 0.99999 -0.00427939 0.000332483 0.00428061 0.999991 -0.00253784 0.167795 -0.0171841
FixedParameters: 0 0 0

#Transform 126
Transform: AffineTransform_float_3_3
Parameters: 0.999998 0.00189792 -0.000273814 -0.00189921 0.999991 -0.00396345 0.000265783 0.00396356 0.999992 -0.00147199 0.0832064 -0.040229
FixedParameters: 0 0 0

#Transform 127
Transform: AffineTransform_float_3_3
Parameters: 0.999998 0.00189907 -0.000335304 -0.00190067 0.999992 -0.00369933 0.000328266 0.00369967 0.999993 -0.000271142 0.119884 -0.0574004
FixedParameters: 0 0 0

#Transform 128
Transform: AffineTransform_float_3_3
Parameters: 0.999998 0.00189891 -0.000336164 -0.00190084 0.999989 -0.00415235 0.000328405 0.00415265 0.999992 -0.00556642 0.0908692 -0.102684
FixedParameters: 0 0 0

#Transform 129
Transform: AffineTransform_float_3_3
Parameters: 0.999998 0.00189678 -0.000210339 -0.0018977 0.999989 -0.00423557 0.000202287 0.00423543 0.999991 -0.0178832 0.0729907 -0.104148
FixedParameters: 0 0 0

#Transform 130
Transform: AffineTransform_float_3_3
Parameters: 0.999998 0.0018987 -0.000337383 -0.00190008 0.999986 -0.00479435 0.00032821 0.00479465 0.999989 -0.0186994 0.101859 -0.106304
FixedParameters: 0 0 0

#Transform 131
Transform: AffineTransform_float_3_3
Parameters: 0.999998 0.00190115 -0.000496795 -0.00190431 0.999986 -0.00502203 0.000487722 0.00502298 0.999988 -0.0164198 0.0876373 -0.122445
FixedParameters: 0 0 0

#Transform 132
Transform: AffineTransform_float_3_3
Parameters: 0.999998 0.00190281 -0.000601829 -0.00190605 0.999986 -0.00504682 0.000592665 0.00504818 0.999987 -0.00563085 0.128799 -0.121305
FixedParameters: 0 0 0

#Transform 133
Transform: AffineTransform_float_3_3
Parameters: 0.999998 0.00189865 -0.000337658 -0.00190012 0.999986 -0.00493932 0.000327934 0.00493967 0.999987 -0.0193205 0.086269 -0.123193
FixedParameters: 0 0 0

#Transform 134
Transform: AffineTransform_float_3_3
Parameters: 0.999999 0.00183375 -0.000338198 -0.00183503 0.999988 -0.00466635 0.000329116 0.00466766 0.999989 -0.000915753 0.0811914 -0.12633
FixedParameters: 0 0 0

#Transform 135
Transform: AffineTransform_float_3_3
Parameters: 0.999998 0.00189865 -0.000337618 -0.00190012 0.999986 -0.00491833 0.000327974 0.00491867 0.999988 -0.00385077 0.0945067 -0.123217
FixedParameters: 0 0 0

#Transform 136
Transform: AffineTransform_float_3_3
Parameters: 0.999999 0.00183166 -0.000338692 -0.00183314 0.999986 -0.00491835 0.000329706 0.00491866 0.999988 -0.0115954 0.096824 -0.123119
FixedParameters: 0 0 0

#Transform 137
Transform: AffineTransform_float_3_3
Parameters: 0.999998 0.00183512 -0.000741687 -0.00183856 0.999986 -0.0049176 0.000732702 0.0049184 0.999987 0.00166873 0.125837 -0.111237
FixedParameters: 0 0 0

#Transform 138
Transform: AffineTransform_float_3_3
Parameters: 0.999999 0.00132694 -0.000750258 -0.00133092 0.999986 -0.00524199 0.000743407 0.00524302 0.999986 -0.00483175 0.140535 -0.0395719
FixedParameters: 0 0 0

#Transform 139
Transform: AffineTransform_float_3_3
Parameters: 0.999998 0.00157692 -0.000613077 -0.00157929 0.999986 -0.00508902 0.000605095 0.00508998 0.999987 -0.00806518 0.0975138 -0.10028
FixedParameters: 0 0 0

#Transform 140
Transform: AffineTransform_float_3_3
Parameters: 0.999998 0.00189583 -0.000159332 -0.00189649 0.999987 -0.00475566 0.000150315 0.00475633 0.999988 -0.0224809 0.0924606 -0.118382
FixedParameters: 0 0 0

#Transform 141
Transform: AffineTransform_float_3_3
Parameters: 0.999998 0.00207609 -0.000737819 -0.00207951 0.999986 -0.00491443 0.000727474 0.00491656 0.999987 -0.00507175 0.0779547 -0.12699
FixedParameters: 0 0 0

#Transform 142
Transform: AffineTransform_float_3_3
Parameters: 0.999999 0.00182232 -0.000260346 -0.0018242 0.999985 -0.00520151 0.000251396 0.00520249 0.999987 -0.00201295 0.100184 -0.113887
FixedParameters: 0 0 0

#Transform 143
Transform: AffineTransform_float_3_3
Parameters: 0.999999 0.00170647 -0.000265771 -0.00170825 0.999986 -0.00496651 0.00025783 0.00496649 0.999987 -0.0081662 0.0875496 -0.0894553
FixedParameters: 0 0 0

#Transform 144
Transform: AffineTransform_float_3_3
Parameters: 0.999998 0.00139405 0.000877852 -0.00139173 0.999996 -0.00250623 -0.000880874 0.00250478 0.999997 -0.0211687 0.0954786 -0.00119756
FixedParameters: 0 0 0

#Transform 145
Transform: AffineTransform_float_3_3
Parameters: 0.999998 0.00144131 0.000782619 -0.00144051 0.999999 -0.000506107 -0.000784076 0.000504891 0.999999 -0.0249596 0.0254425 0.0887271
FixedParameters: 0 0 0

#Transform 146
Transform: AffineTransform_float_3_3
Parameters: 0.999999 0.00144532 0.000454569 -0.00144422 0.999998 -0.00123764 -0.000457145 0.00123736 0.999999 -0.0185178 0.0396876 0.0416959
FixedParameters: 0 0 0

#Transform 147
Transform: AffineTransform_float_3_3
Parameters: 1 0.00101418 0.000358896 -0.0010142 0.999998 -0.00139236 -0.000360741 0.00139163 0.999999 -0.00903306 0.0415684 0.0542075
FixedParameters: 0 0 0

#Transform 148
Transform: AffineTransform_float_3_3
Parameters: 1 0.00113315 0.000361241 -0.00113217 0.999999 -0.00137639 -0.000363359 0.00137661 0.999999 -0.0130316 0.0416598 0.0430754
FixedParameters: 0 0 0

#Transform 149
Transform: AffineTransform_float_3_3
Parameters: 0.999999 0.00101577 0.000728806 -0.00101408 0.999996 -0.00255074 -0.000732025 0.00254926 0.999997 -0.0208461 0.0632593 0.016667
FixedParameters: 0 0 0

#Transform 150
Transform: AffineTransform_float_3_3
Parameters: 1 0.00103556 0.000358202 -0.00103483 0.999997 -0.00245935 -0.000361315 0.00245865 0.999997 -0.0140391 0.0614817 0.0216824
FixedParameters: 0 0 0

#Transform 151
Transform: AffineTransform_float_3_3
Parameters: 1 0.00104779 0.00035774 -0.00104661 0.999994 -0.00311238 -0.000361279 0.00311162 0.999995 -0.0138755 0.0744685 -0.0228866
FixedParameters: 0 0 0

#Transform 152
Transform: AffineTransform_float_3_3
Parameters: 0.999999 0.00144766 0.000365132 -0.00144659 0.999994 -0.00293251 -0.000369642 0.00293249 0.999995 -0.00583328 0.0824519 -0.00908215
FixedParameters: 0 0 0

#Transform 153
Transform: AffineTransform_float_3_3
Parameters: 0.999999 0.00145013 0.000229049 -0.00144882 0.999995 -0.00300532 -0.000233763 0.00300569 0.999996 -0.001084 0.0737948 -0.018613
FixedParameters: 0 0 0

#Transform 154
Transform: AffineTransform_float_3_3
Parameters: 0.999999 0.00145245 0.000100656 -0.00145188 0.999993 -0.00329013 -0.000105212 0.00328987 0.999994 0.00979326 0.0575403 -0.0545917
FixedParameters: 0 0 0

#Transform 155
Transform: AffineTransform_float_3_3
Parameters: 0.999999 0.00125882 0.000361278 -0.00125751 0.999994 -0.00329046 -0.000365579 0.00328954 0.999995 -0.0116723 0.0457123 0.00828794
FixedParameters: 0 0 0

#Transform 156
Transform: AffineTransform_float_3_3
Parameters: 0.999999 0.000648105 0.000350139 -0.000647449 0.999993 -0.00383521 -0.00035315 0.00383479 0.999992 -0.0181241 0.115325 0.102142
FixedParameters: 0 0 0

#Transform 157
Transform: AffineTransform_float_3_3
Parameters: 1 0.000659658 0.000250734 -0.00065908 0.999994 -0.00321516 -0.000252995 0.00321483 0.999995 -0.0266301 0.0748508 0.049884
FixedParameters: 0 0 0

#Transform 158
Transform: AffineTransform_float_3_3
Parameters: 1 0.00103157 0.000510403 -0.00102941 0.999991 -0.00414353 -0.000514985 0.00414347 0.999992 -0.043438 0.0929575 0.0187827
FixedParameters: 0 0 0

#Transform 159
Transform: AffineTransform_float_3_3
Parameters: 0.999999 0.00103808 0.000121681 -0.00103819 0.999991 -0.00392813 -0.000125858 0.00392787 0.999993 -0.0214174 0.0907428 -0.0529724
FixedParameters: 0 0 0

#Transform 160
Transform: AffineTransform_float_3_3
Parameters: 1 0.00114419 0.000116381 -0.00114435 0.999992 -0.00401912 -0.000120601 0.00401889 0.999992 -0.0167894 0.0777806 -0.118962
FixedParameters: 0 0 0

#Transform 161
Transform: AffineTransform_float_3_3
Parameters: 1 0.00104117 -6.29934e-05 -0.00104183 0.999989 -0.00460094 5.84094e-05 0.00460007 0.99999 -0.0154288 0.104275 -0.1088
FixedParameters: 0 0 0

#Transform 162
Transform: AffineTransform_float_3_3
Parameters: 1 0.00104115 -6.32902e-05 -0.00104185 0.999987 -0.00488593 5.81115e-05 0.00488606 0.999988 -0.00639699 0.0740688 -0.0954121
FixedParameters: 0 0 0

#Transform 163
Transform: AffineTransform_float_3_3
Parameters: 0.999999 0.000931551 -0.000217303 -0.000932839 0.999987 -0.00513678 0.000211745 0.00513722 0.999987 -0.0270979 0.0779013 -0.0741172
FixedParameters: 0 0 0

#Transform 164
Transform: AffineTransform_float_3_3
Parameters: 1 0.00104111 -6.39866e-05 -0.00104191 0.999984 -0.00555491 5.8414e-05 0.00555508 0.999984 -0.00638813 0.0862023 -0.099348
FixedParameters: 0 0 0

#Transform 165
Transform: AffineTransform_float_3_3
Parameters: 0.999999 0.00083064 -0.000381966 -0.000832631 0.999979 -0.00640669 0.000377371 0.00640732 0.99998 -0.00841905 0.102124 -0.129563
FixedParameters: 0 0 0

#Transform 166
Transform: AffineTransform_float_3_3
Parameters: 0.999999 0.000872795 -0.00047779 -0.000876474 0.999976 -0.00689958 0.000471781 0.00690041 0.999976 -0.0121099 0.0818443 -0.132463
FixedParameters: 0 0 0

#Transform 167
Transform: AffineTransform_float_3_3
Parameters: 1 0.000907384 -0.000538755 -0.000911451 0.999973 -0.00739352 0.00053239 0.00739349 0.999973 -0.0241886 0.13037 -0.134626
FixedParameters: 0 0 0

#Transform 168
Transform: AffineTransform_float_3_3
Parameters: 1 0.00104745 -0.000536695 -0.00105134 0.999973 -0.00723842 0.000529584 0.00723958 0.999973 -0.0203936 0.0861274 -0.16138
FixedParameters: 0 0 0

#Transform 169
Transform: AffineTransform_float_3_3
Parameters: 1 0.00090818 -0.000539085 -0.000912652 0.99997 -0.00777149 0.000532015 0.00777251 0.999969 -0.0218798 0.0953544 -0.155381
FixedParameters: 0 0 0

#Transform 170
Transform: AffineTransform_float_3_3
Parameters: 1 0.00104697 -0.000537639 -0.00105185 0.999967 -0.00813942 0.000529636 0.00814058 0.999966 -0.0203919 0.101702 -0.139229
FixedParameters: 0 0 0

#Transform 171
Transform: AffineTransform_float_3_3
Parameters: 0.999999 0.000584993 -0.00054357 -0.000588941 0.999967 -0.00816669 0.000539086 0.00816733 0.999967 -0.0255287 0.117512 -0.118858
FixedParameters: 0 0 0

#Transform 172
Transform: AffineTransform_float_3_3
Parameters: 0.999999 0.000881023 -0.000539699 -0.000885819 0.999967 -0.00806553 0.00053253 0.00806648 0.999968 -0.017728 0.128315 -0.112408
FixedParameters: 0 0 0

#Transform 173
Transform: AffineTransform_float_3_3
Parameters: 0.999999 0.00104831 -0.000660996 -0.00105465 0.999964 -0.00848929 0.000652245 0.00848971 0.999963 -0.0181876 0.107268 -0.115945
FixedParameters: 0 0 0

#Transform 174
Transform: AffineTransform_float_3_3
Parameters: 1 0.000773816 -0.00077229 -0.000780729 0.999965 -0.0083144 0.000765488 0.0083146 0.999965 -0.019271 0.10384 -0.118015
FixedParameters: 0 0 0

#Transform 175
Transform: AffineTransform_float_3_3
Parameters: 1 0.000625714 -0.000948374 -0.000634191 0.999962 -0.00864042 0.000943653 0.00864157 0.999962 -0.0177808 0.123094 -0.101178
FixedParameters: 0 0 0

#Transform 176
Transform: AffineTransform_float_3_3
Parameters: 1 0.000617662 -0.000948507 -0.000625248 0.999962 -0.00869641 0.000943884 0.00869759 0.999961 -0.0179031 0.121765 -0.113646
FixedParameters: 0 0 0

#Transform 177
Transform: AffineTransform_float_3_3
Parameters: 0.999999 0.000803602 -0.000946269 -0.000812243 0.999962 -0.00874624 0.000939302 0.00874677 0.999962 -0.015856 0.11177 -0.122208
FixedParameters: 0 0 0

#Transform 178
Transform: AffineTransform_float_3_3
Parameters: 0.999999 0.000882625 -0.000493062 -0.000887222 0.999953 -0.00964857 0.000484088 0.00964844 0.999954 -0.0231626 0.128282 -0.124669
FixedParameters: 0 0 0

#Transform 179
Transform: AffineTransform_float_3_3
Parameters: 1 0.000713525 -0.000948171 -0.000723358 0.999951 -0.00988932 0.000941147 0.00988967 0.99995 -0.0202648 0.134867 -0.129222
FixedParameters: 0 0 0

#Transform 180
Transform: AffineTransform_float_3_3
Parameters: 0.999999 0.000693659 -0.000601404 -0.000699697 0.999951 -0.00993959 0.000594677 0.00994042 0.999951 -0.00518852 0.133059 -0.118972
FixedParameters: 0 0 0

#Transform 181
Transform: AffineTransform_float_3_3
Parameters: 1 0.000729468 -0.000948037 -0.000738407 0.999951 -0.00994831 0.000940642 0.0099487 0.99995 -0.00132236 0.132691 -0.0998502
FixedParameters: 0 0 0

#Transform 182
Transform: AffineTransform_float_3_3
Parameters: 1 0.000985893 -0.000543445 -0.000991094 0.999948 -0.0102054 0.000533391 0.0102066 0.999948 -0.0138109 0.137577 -0.0963949
FixedParameters: 0 0 0

#Transform 183
Transform: AffineTransform_float_3_3
Parameters: 0.999999 0.00105446 -0.00140829 -0.00106975 0.999942 -0.0107115 0.00139684 0.0107135 0.999941 -0.00478698 0.1402 -0.137612
FixedParameters: 0 0 0

#Transform 184
Transform: AffineTransform_float_3_3
Parameters: 0.999998 8.72901e-05 -0.00198735 -0.000112975 0.999918 -0.0127478 0.00198632 0.0127482 0.999917 -0.00515534 0.183386 -0.138796
FixedParameters: 0 0 0

#Transform 185
Transform: AffineTransform_float_3_3
Parameters: 0.999998 -0.000342111 -0.00159482 0.000321122 0.999918 -0.0128556 0.00159976 0.0128545 0.999916 -0.0121427 0.162423 -0.0922723
FixedParameters: 0 0 0

#Transform 186
Transform: AffineTransform_float_3_3
Parameters: 0.999998 0.00014579 -0.00159088 -0.000165884 0.999916 -0.0129068 0.0015893 0.0129072 0.999916 -0.0370753 0.12994 -0.0480352
FixedParameters: 0 0 0

#Transform 187
Transform: AffineTransform_float_3_3
