#Insight Transform File V1.0
#Transform 0
Transform: AffineTransform_float_3_3
Parameters: 1 5.08548e-05 0.000279008 -5.05636e-05 1 -0.00052183 -0.000279061 0.000521802 1 0.0205773 0.0123345 0.132905
FixedParameters: 0 0 0

#Transform 1
Transform: AffineTransform_float_3_3
Parameters: 1 0.000211266 0.000503674 -0.000211637 1 0.000368876 -0.000503518 -0.000369089 1 0.00303306 -0.0431451 0.0244365
FixedParameters: 0 0 0

#Transform 2
Transform: AffineTransform_float_3_3
Parameters: 1 6.18914e-05 0.000339649 -6.15688e-05 1 -0.000474988 -0.000339708 0.000474946 1 -0.000389959 5.27833e-05 0.0556582
FixedParameters: 0 0 0

#Transform 3
Transform: AffineTransform_float_3_3
Parameters: 1 7.6824e-05 0.000423226 -7.69966e-05 1 0.000203818 -0.000423194 -0.000203883 1 0.000917813 -0.0594323 0.0284266
FixedParameters: 0 0 0

#Transform 4
Transform: AffineTransform_float_3_3
Parameters: 1 7.28461e-05 0.000399832 -7.24893e-05 1 -0.000446168 -0.000399897 0.00044611 1 -0.000857806 0.0150346 0.067755
FixedParameters: 0 0 0

#Transform 5
Transform: AffineTransform_float_3_3
Parameters: 1 7.02111e-05 0.000386381 -7.02232e-05 1 1.56299e-05 -0.000386379 -1.56842e-05 1 0.0116236 -0.0202437 0.019207
FixedParameters: 0 0 0

#Transform 6
Transform: AffineTransform_float_3_3
Parameters: 1 5.85487e-05 0.000321806 -5.84197e-05 1 -0.000200403 -0.000321829 0.000200366 1 2.40838e-06 -0.0145165 0.0498611
FixedParameters: 0 0 0

#Transform 7
Transform: AffineTransform_float_3_3
Parameters: 1 0.000187373 0.000365511 -0.000187374 1 1.59475e-06 -0.000365511 -1.73173e-06 1 0.0114439 -0.030747 0.00573088
FixedParameters: 0 0 0

#Transform 8
Transform: AffineTransform_float_3_3
Parameters: 1 6.96082e-05 0.000383294 -6.97015e-05 1 0.000121584 -0.000383277 -0.000121637 1 0.0137868 -0.0179282 0.0326668
FixedParameters: 0 0 0

#Transform 9
Transform: AffineTransform_float_3_3
Parameters: 1 9.80749e-05 7.55097e-05 -9.80862e-05 1 7.47495e-05 -7.5495e-05 -7.47643e-05 1 0.0146994 -0.0252932 -0.00408307
FixedParameters: 0 0 0

#Transform 10
Transform: AffineTransform_float_3_3
Parameters: 1 6.88471e-05 0.000379392 -6.9041e-05 1 0.000255525 -0.000379357 -0.000255578 1 0.0101623 -0.0447191 -0.00493063
FixedParameters: 0 0 0

#Transform 11
Transform: AffineTransform_float_3_3
Parameters: 1 0.000187942 -7.87173e-05 -0.000187985 1 -0.000277406 7.86131e-05 0.000277436 1 0.0189484 -0.0200951 0.0134593
FixedParameters: 0 0 0

#Transform 12
Transform: AffineTransform_float_3_3
Parameters: 1 5.60613e-05 0.000308798 -5.61714e-05 1 0.000178372 -0.000308778 -0.000178406 1 0.000880445 -0.0558806 -0.00770558
FixedParameters: 0 0 0

#Transform 13
Transform: AffineTransform_float_3_3
Parameters: 1 5.8485e-05 0.000321302 -5.83022e-05 1 -0.000284455 -0.000321336 0.000284418 1 -0.00018521 -0.016255 0.00734659
FixedParameters: 0 0 0

#Transform 14
Transform: AffineTransform_float_3_3
Parameters: 1 9.10464e-05 9.2974e-05 -9.11236e-05 1 0.00041537 -9.28983e-05 -0.000415387 1 0.00270689 -0.0498858 -0.0324544
FixedParameters: 0 0 0

#Transform 15
Transform: AffineTransform_float_3_3
Parameters: 1 -8.73652e-06 -4.80446e-05 8.72619e-06 1 -0.000107496 4.80465e-05 0.000107496 1 0.000523452 -0.0126602 0.0144377
FixedParameters: 0 0 0

#Transform 16
Transform: AffineTransform_float_3_3
Parameters: 1 6.52923e-05 0.000359861 -6.54967e-05 1 0.000283951 -0.000359824 -0.000283998 1 0.0003798 -0.043916 -0.0192582
FixedParameters: 0 0 0

#Transform 17
Transform: AffineTransform_float_3_3
Parameters: 1 -0.000177035 -2.34151e-05 0.000177039 1 8.94132e-05 2.33834e-05 -8.94214e-05 1 -0.00326098 -0.0193078 0.0195875
FixedParameters: 0 0 0

#Transform 18
Transform: AffineTransform_float_3_3
Parameters: 1 -9.62455e-06 -5.29789e-05 9.63105e-06 1 6.14291e-05 5.29778e-05 -6.14301e-05 1 0.00124477 -0.0393743 0.00321078
FixedParameters: 0 0 0

#Transform 19
Transform: AffineTransform_float_3_3
Parameters: 1 5.36492e-06 2.96172e-05 -5.39869e-06 1 0.000570144 -2.96111e-05 -0.000570144 1 0.00111207 -0.0405512 0.0024446
FixedParameters: 0 0 0

#Transform 20
Transform: AffineTransform_float_3_3
Parameters: 1 -1.02541e-05 -5.64828e-05 1.02746e-05 1 0.000181376 5.64791e-05 -0.000181377 1 -0.00328737 0.00869028 0.000586138
FixedParameters: 0 0 0

#Transform 21
Transform: AffineTransform_float_3_3
Parameters: 1 -1.2889e-05 -7.12006e-05 1.29865e-05 1 0.000685154 7.11829e-05 -0.000685156 1 -0.00521447 -0.0259456 -0.0227393
FixedParameters: 0 0 0

#Transform 22
Transform: AffineTransform_float_3_3
Parameters: 1 -7.61492e-06 -4.1826e-05 7.58812e-06 1 -0.000320403 4.18309e-05 0.000320402 1 -0.00581084 0.00627239 0.0369533
FixedParameters: 0 0 0

#Transform 23
Transform: AffineTransform_float_3_3
Parameters: 1 -1.12177e-05 -6.18557e-05 1.12629e-05 1 0.000365295 6.18475e-05 -0.000365296 1 -0.00727201 -0.0248362 0.0097665
FixedParameters: 0 0 0

#Transform 24
Transform: AffineTransform_float_3_3
Parameters: 1 3.18236e-05 0.00017502 -3.17905e-05 1 -9.477e-05 -0.000175026 9.47588e-05 1 0.0115831 0.0361397 0.0551748
FixedParameters: 0 0 0

#Transform 25
Transform: AffineTransform_float_3_3
Parameters: 1 -0.000106219 0.000389024 0.000106257 1 0.000180912 -0.000388079 -0.000180802 1 0.0247785 -0.0262256 0.00165124
FixedParameters: 0 0 0

#Transform 26
Transform: AffineTransform_float_3_3
Parameters: 1 7.05928e-05 0.00038647 -6.98973e-05 0.999999 -0.000899767 -0.000386597 0.000899713 0.999999 0.0144659 0.0153185 0.00776054
FixedParameters: 0 0 0

#Transform 27
Transform: AffineTransform_float_3_3
Parameters: 1 6.65769e-05 0.000365943 -6.64341e-05 1 -0.000195076 -0.000365969 0.000195027 1 0.0147004 -0.0304925 -0.0128604
FixedParameters: 0 0 0

#Transform 28
Transform: AffineTransform_float_3_3
Parameters: 1 1.18393e-05 6.49364e-05 -1.1765e-05 1 -0.000572294 -6.49499e-05 0.000572293 1 -0.00221649 0.0180631 -0.00999328
FixedParameters: 0 0 0

#Transform 29
Transform: AffineTransform_float_3_3
Parameters: 1 0.000132465 6.87643e-05 -0.000132412 1 -0.000382466 -6.88656e-05 0.000382448 1 0.00173664 -0.0318528 -0.0461258
FixedParameters: 0 0 0

#Transform 30
Transform: AffineTransform_float_3_3
Parameters: 1 -5.81105e-06 -3.18257e-05 5.75813e-06 0.999999 -0.000831325 3.18354e-05 0.000831325 0.999999 -0.00139443 -0.00246073 -0.000446871
FixedParameters: 0 0 0

#Transform 31
Transform: AffineTransform_float_3_3
Parameters: 1 -7.16513e-06 -3.92986e-05 7.1199e-06 1 -0.000575438 3.93068e-05 0.000575438 1 0.00261537 -0.0193213 -0.0378445
FixedParameters: 0 0 0

#Transform 32
Transform: AffineTransform_float_3_3
Parameters: 1 -6.58906e-06 -3.61167e-05 6.53962e-06 1 -0.00068439 3.61257e-05 0.00068439 1 -0.00109687 -0.0115625 0.00425334
FixedParameters: 0 0 0

#Transform 33
Transform: AffineTransform_float_3_3
Parameters: 1 5.92386e-05 -0.000109945 -5.93683e-05 1 -0.000590147 0.000109875 0.00059016 1 0.000677132 -0.00828699 -0.013087
FixedParameters: 0 0 0

#Transform 34
Transform: AffineTransform_float_3_3
Parameters: 1 -7.38164e-06 -4.04955e-05 7.33835e-06 1 -0.000534457 4.05034e-05 0.000534456 1 -0.00108651 -0.0113948 0.00715995
FixedParameters: 0 0 0

#Transform 35
Transform: AffineTransform_float_3_3
Parameters: 1 -5.49844e-06 -3.01036e-05 5.44483e-06 0.999999 -0.000890299 3.01133e-05 0.000890299 0.999999 -0.00211853 0.0229934 0.00325555
FixedParameters: 0 0 0

#Transform 36
Transform: AffineTransform_float_3_3
Parameters: 1 0.000228541 0.000450072 -0.000227825 0.999999 -0.000795099 -0.000450435 0.000794894 0.999999 0.00127492 -0.018976 -0.0238577
FixedParameters: 0 0 0

#Transform 37
Transform: AffineTransform_float_3_3
Parameters: 1 -3.82321e-06 -2.07292e-05 3.71463e-06 1 -0.00121116 2.07489e-05 0.00121116 1 -0.00212618 0.026219 0.0168855
FixedParameters: 0 0 0

#Transform 38
Transform: AffineTransform_float_3_3
Parameters: 1 2.29822e-05 0.000125769 -2.2738e-05 0.999999 -0.000970636 -0.000125813 0.000970631 0.999999 0.00176989 -0.0105588 -0.0158072
FixedParameters: 0 0 0

#Transform 39
Transform: AffineTransform_float_3_3
Parameters: 1 -5.0477e-06 -2.76226e-05 4.99382e-06 0.999999 -0.000975261 2.76323e-05 0.000975261 0.999999 0.0143564 0.00154776 0.0142093
FixedParameters: 0 0 0

#Transform 40
Transform: AffineTransform_float_3_3
Parameters: 1 -5.0477e-06 -2.76226e-05 4.99382e-06 0.999999 -0.000975261 2.76323e-05 0.000975261 0.999999 -0.00184222 0.00817025 -0.0279215
FixedParameters: 0 0 0

#Transform 41
Transform: AffineTransform_float_3_3
Parameters: 1 7.30939e-05 -4.506e-05 -7.31722e-05 0.999999 -0.000870305 4.49327e-05 0.000870311 0.999999 0.0237618 0.0201041 0.0389245
FixedParameters: 0 0 0

#Transform 42
Transform: AffineTransform_float_3_3
Parameters: 1 6.74369e-05 0.000371215 -6.74838e-05 1 6.31956e-05 -0.000371206 -6.32457e-05 1 0.018042 0.0964888 0.0290347
FixedParameters: 0 0 0

#Transform 43
Transform: AffineTransform_float_3_3
Parameters: 0.999999 0.000859596 0.000989027 -0.000867765 0.999967 0.00812909 -0.000982539 -0.00812978 0.999967 0.0193322 0.536355 0.375669
FixedParameters: 0 0 0

#Transform 44
Transform: AffineTransform_float_3_3
Parameters: 0.999999 4.48012e-06 0.00117026 -1.33447e-05 0.999976 0.00704145 -0.00117051 -0.00704118 0.999975 0.000919474 0.187044 0.355563
FixedParameters: 0 0 0

#Transform 45
Transform: AffineTransform_float_3_3
Parameters: 1 0.000115092 0.00049742 -0.000116447 0.999996 0.0030444 -0.000497019 -0.00304454 0.999995 0.0133887 0.180648 0.229497
FixedParameters: 0 0 0

#Transform 46
Transform: AffineTransform_float_3_3
Parameters: 1 0.000242131 0.000448808 -0.000243039 0.999998 0.00197713 -0.000448006 -0.00197736 0.999998 0.0134789 0.131283 0.176048
FixedParameters: 0 0 0

#Transform 47
Transform: AffineTransform_float_3_3
Parameters: 1 7.54381e-05 0.000559002 -7.58987e-05 0.999999 0.00123822 -0.000558982 -0.00123831 0.999999 0.00771896 0.136787 0.151156
FixedParameters: 0 0 0

#Transform 48
Transform: AffineTransform_float_3_3
Parameters: 1 0.000258058 0.000533874 -0.000259101 0.999999 0.000977415 -0.000533368 -0.000977339 1 0.00961945 0.0880818 0.123904
FixedParameters: 0 0 0

#Transform 49
Transform: AffineTransform_float_3_3
Parameters: 1 0.000187062 0.000140518 -0.000187189 1 0.000453265 -0.000140348 -0.000453317 1 0.00854254 0.125571 0.150394
FixedParameters: 0 0 0

#Transform 50
Transform: AffineTransform_float_3_3
Parameters: 1 0.000244978 0.000462128 -0.000246092 1 0.00114317 -0.000461556 -0.0011434 0.999999 -0.000985736 0.0567645 0.1069
FixedParameters: 0 0 0

#Transform 51
Transform: AffineTransform_float_3_3
Parameters: 1 0.000210108 0.000267599 -0.000210331 1 0.00041605 -0.000267424 -0.000416163 1 -0.00198859 0.114825 0.142858
FixedParameters: 0 0 0

#Transform 52
Transform: AffineTransform_float_3_3
Parameters: 1 0.000274535 0.000625323 -0.000274865 0.999999 0.00104916 -0.000624926 -0.00104917 0.999999 -0.00169225 0.0704182 0.107407
FixedParameters: 0 0 0

#Transform 53
Transform: AffineTransform_float_3_3
Parameters: 1 0.000186991 0.00014014 -0.000187122 1 0.000466259 -0.000139966 -0.000466311 1 -0.00212795 0.127013 0.130052
FixedParameters: 0 0 0

#Transform 54
Transform: AffineTransform_float_3_3
Parameters: 1 0.000186144 0.000135616 -0.000186313 1 0.000622191 -0.000135384 -0.000622242 1 -0.00140027 0.0970848 0.105222
FixedParameters: 0 0 0

#Transform 55
Transform: AffineTransform_float_3_3
Parameters: 1 0.000185684 0.00013315 -0.000185872 0.999999 0.000707154 -0.000132888 -0.000707204 0.999999 0.00373367 0.127417 0.123413
FixedParameters: 0 0 0

#Transform 56
Transform: AffineTransform_float_3_3
Parameters: 1 0.000185928 0.000134456 -0.000186105 1 0.000662174 -0.000134209 -0.000662224 1 0.0151362 0.104088 0.0906372
FixedParameters: 0 0 0

#Transform 57
Transform: AffineTransform_float_3_3
Parameters: 1 0.000185451 0.000131903 -0.000185649 0.999999 0.000750135 -0.000131625 -0.000750184 0.999999 -0.000899717 0.0697508 0.0522137
FixedParameters: 0 0 0

#Transform 58
Transform: AffineTransform_float_3_3
Parameters: 1 0.000118604 -0.00023601 -0.000118667 1 -0.000511455 0.000236872 0.000511539 1 -0.000576467 0.0995041 0.105732
FixedParameters: 0 0 0

#Transform 59
Transform: AffineTransform_float_3_3
Parameters: 1 0.000235282 8.71268e-05 -0.000235581 0.999999 0.00068807 -8.77862e-05 -0.000688139 1 -0.0079949 0.0508778 0.0393482
FixedParameters: 0 0 0

#Transform 60
Transform: AffineTransform_float_3_3
Parameters: 1 0.000200865 0.000215797 -0.00020079 1 -0.000173755 -0.000215867 0.000173668 1 -1.11332e-05 0.0580365 0.159591
FixedParameters: 0 0 0

#Transform 61
Transform: AffineTransform_float_3_3
Parameters: 1 0.000263932 0.000571414 -0.000265932 0.999998 0.00229993 -0.000571325 -0.00230027 0.999997 -0.0174913 -0.0155024 0.144318
FixedParameters: 0 0 0

#Transform 62
Transform: AffineTransform_float_3_3
Parameters: 1 -9.56089e-05 0.000615394 9.42947e-05 0.999999 0.0017703 -0.000615888 -0.00177019 0.999998 -0.0179282 0.0614593 0.145782
FixedParameters: 0 0 0

#Transform 63
Transform: AffineTransform_float_3_3
Parameters: 1 -1.59453e-05 0.000498274 1.55151e-05 0.999999 0.00153914 -0.000497507 -0.00153911 0.999998 -0.0150286 0.0160608 0.0847573
FixedParameters: 0 0 0

#Transform 64
Transform: AffineTransform_float_3_3
Parameters: 1 -6.4306e-05 0.000258096 6.34209e-05 0.999998 0.00160092 -0.00025829 -0.00160088 0.999998 -0.0160453 0.0487605 0.0793764
FixedParameters: 0 0 0

#Transform 65
Transform: AffineTransform_float_3_3
Parameters: 1 1.0605e-05 0.000260936 -1.10528e-05 0.999999 0.000858048 -0.000260918 -0.000858053 0.999999 -0.0261265 0.0433546 0.0463244
FixedParameters: 0 0 0

#Transform 66
Transform: AffineTransform_float_3_3
Parameters: 1 -5.32966e-05 -2.48189e-05 5.32664e-05 0.999999 0.00174777 2.46539e-05 -0.00174777 0.999999 -0.024708 0.0014383 0.0352809
FixedParameters: 0 0 0

#Transform 67
Transform: AffineTransform_float_3_3
Parameters: 1 0.000154558 -3.88319e-05 -0.000154482 0.999999 0.000968113 3.91311e-05 -0.000968101 0.999999 -0.0138399 0.0345037 0.0477362
FixedParameters: 0 0 0

#Transform 68
Transform: AffineTransform_float_3_3
Parameters: 1 4.14739e-05 0.000162806 -4.10824e-05 0.999998 0.00163468 -0.000162839 -0.0016347 0.999998 -0.0238483 -0.00130304 0.00594808
FixedParameters: 0 0 0

#Transform 69
Transform: AffineTransform_float_3_3
Parameters: 1 -4.22113e-05 -1.98114e-05 4.22128e-05 0.999999 0.00151587 1.9694e-05 -0.00151587 0.999999 -0.0252874 0.0301307 0.035534
FixedParameters: 0 0 0

#Transform 70
Transform: AffineTransform_float_3_3
Parameters: 1 -8.84665e-05 -1.14778e-05 8.84426e-05 0.999999 0.00151587 1.12202e-05 -0.00151587 0.999999 -0.0259198 0.0110349 0.0256936
FixedParameters: 0 0 0

#Transform 71
Transform: AffineTransform_float_3_3
Parameters: 1 0.000148458 -7.25426e-05 -0.000148265 0.999997 0.00212861 7.31954e-05 -0.00212858 0.999997 -0.0201015 0.00213696 -0.00393389
FixedParameters: 0 0 0

#Transform 72
Transform: AffineTransform_float_3_3
Parameters: 1 -0.000108877 -6.60957e-07 0.00010882 0.999999 0.00127997 3.92916e-07 -0.00127997 0.999999 -0.0264625 0.0145798 0.0415194
FixedParameters: 0 0 0

#Transform 73
Transform: AffineTransform_float_3_3
Parameters: 1 0.000151745 -5.43059e-05 -0.00015164 0.999999 0.00150088 5.47718e-05 -0.00150086 0.999999 -0.0201415 0.00406621 -0.000894084
FixedParameters: 0 0 0

#Transform 74
Transform: AffineTransform_float_3_3
Parameters: 1 -0.000100776 0.000236535 0.000100793 0.999999 0.00179119 -0.000237054 -0.00179115 0.999999 -0.0332404 0.000568678 0.00562726
FixedParameters: 0 0 0

#Transform 75
Transform: AffineTransform_float_3_3
Parameters: 1 0.000202145 0.000225169 -0.000202804 0.999999 0.00133618 -0.000224618 -0.00133627 0.999999 -0.0387934 0.0244501 -0.00325539
FixedParameters: 0 0 0

#Transform 76
Transform: AffineTransform_float_3_3
Parameters: 1 -9.3934e-05 0.000172882 9.41861e-05 0.999999 0.00177135 -0.000173373 -0.00177132 0.999999 -0.0392558 -0.010284 -0.0289958
FixedParameters: 0 0 0

#Transform 77
Transform: AffineTransform_float_3_3
Parameters: 1 -0.000230883 0.000122783 0.000230557 1 0.00108687 -0.000123274 -0.00108682 1 -0.0296281 0.0330269 0.00271725
FixedParameters: 0 0 0

#Transform 78
Transform: AffineTransform_float_3_3
Parameters: 1 -0.000250126 1.61583e-05 0.000250016 0.999998 0.00156485 -1.69303e-05 -0.00156484 0.999999 -0.037264 -0.00154086 -0.0292597
FixedParameters: 0 0 0

#Transform 79
Transform: AffineTransform_float_3_3
Parameters: 1 0.000355988 0.0002446 -0.000356955 0.999999 0.00149258 -0.000244508 -0.00149279 0.999999 -0.0535122 -0.000281805 -0.00303031
FixedParameters: 0 0 0

#Transform 80
Transform: AffineTransform_float_3_3
Parameters: 0.999999 0.000713672 0.000346493 -0.000715027 0.999998 0.0016083 -0.000345197 -0.00160788 0.999998 -0.0454381 -0.0414511 -0.0954649
FixedParameters: 0 0 0

#Transform 81
Transform: AffineTransform_float_3_3
Parameters: 1 0.00067435 0.000127886 -0.000674773 0.999998 0.00143683 -0.000125937 -0.001437 0.999999 -0.0449158 -0.0377991 -0.0775486
FixedParameters: 0 0 0

#Transform 82
Transform: AffineTransform_float_3_3
Parameters: 1 0.000509889 0.000235592 -0.000509759 0.999999 0.00130701 -0.000235411 -0.00130729 0.999999 -0.0495029 -0.0397394 -0.0983266
FixedParameters: 0 0 0

#Transform 83
Transform: AffineTransform_float_3_3
Parameters: 1 0.000422046 0.000239412 -0.00042212 0.999998 0.00171085 -0.000239119 -0.00171109 0.999998 -0.0536652 -0.0613441 -0.125582
FixedParameters: 0 0 0

#Transform 84
Transform: AffineTransform_float_3_3
Parameters: 1 0.000366164 9.78678e-05 -0.000365488 0.999999 0.00127231 -9.71047e-05 -0.00127239 0.999999 -0.0518866 -0.0396227 -0.102992
FixedParameters: 0 0 0

#Transform 85
Transform: AffineTransform_float_3_3
Parameters: 1 0.000661703 5.77279e-05 -0.000662111 0.999999 0.00144573 -5.68166e-05 -0.0014449 0.999999 -0.0443574 -0.065298 -0.137701
FixedParameters: 0 0 0

#Transform 86
Transform: AffineTransform_float_3_3
Parameters: 1 0.000404197 7.8088e-05 -0.000404695 0.999998 0.00167211 -7.77082e-05 -0.0016722 0.999998 -0.0503637 -0.0622125 -0.130521
FixedParameters: 0 0 0

#Transform 87
Transform: AffineTransform_float_3_3
Parameters: 1 0.000411282 -1.13796e-06 -0.000411515 0.999998 0.00155882 1.44772e-06 -0.00155884 0.999999 -0.0497253 -0.0637444 -0.139227
FixedParameters: 0 0 0

#Transform 88
Transform: AffineTransform_float_3_3
Parameters: 1 0.00037161 0.000241989 -0.000372839 0.999998 0.00192878 -0.000241515 -0.00192898 0.999998 -0.0519852 -0.0727226 -0.148552
FixedParameters: 0 0 0

#Transform 89
Transform: AffineTransform_float_3_3
Parameters: 1 0.00027041 5.16586e-05 -0.000270628 0.999998 0.0015596 -5.08042e-05 -0.00155963 0.999999 -0.0469314 -0.0445701 -0.139919
FixedParameters: 0 0 0

#Transform 90
Transform: AffineTransform_float_3_3
Parameters: 1 0.000311634 0.000263614 -0.000312697 0.999998 0.00156594 -0.000263609 -0.00156613 0.999998 -0.0539196 -0.0586922 -0.160223
FixedParameters: 0 0 0

#Transform 91
Transform: AffineTransform_float_3_3
Parameters: 1 0.00033427 0.000259537 -0.00033532 0.999998 0.00156594 -0.000259462 -0.00156614 0.999998 -0.0529838 -0.0668408 -0.131183
FixedParameters: 0 0 0

#Transform 92
Transform: AffineTransform_float_3_3
Parameters: 1 0.000351005 0.000261865 -0.000351968 0.999999 0.00138701 -0.000261862 -0.00138722 0.999999 -0.0531674 -0.0492273 -0.140026
FixedParameters: 0 0 0

#Transform 93
Transform: AffineTransform_float_3_3
Parameters: 1 0.000279693 0.00026177 -0.000279959 0.999999 0.00181984 -0.000261892 -0.00182002 0.999999 -0.0548043 -0.0513141 -0.14991
FixedParameters: 0 0 0

#Transform 94
Transform: AffineTransform_float_3_3
Parameters: 1 0.00026981 -8.18644e-06 -0.000269849 1 0.00111668 8.79967e-06 -0.00111667 1 -0.0477904 -0.0476331 -0.13691
FixedParameters: 0 0 0

#Transform 95
Transform: AffineTransform_float_3_3
Parameters: 1 0.000287274 0.000263995 -0.000288409 0.999998 0.00169989 -0.000263989 -0.00170007 0.999998 -0.053683 -0.0860722 -0.16021
FixedParameters: 0 0 0

#Transform 96
Transform: AffineTransform_float_3_3
Parameters: 1 0.000289004 0.000273043 -0.000289999 0.999999 0.00138703 -0.000273213 -0.00138721 0.999999 -0.0548595 -0.0417123 -0.141409
FixedParameters: 0 0 0

#Transform 97
Transform: AffineTransform_float_3_3
Parameters: 1 0.000287611 0.000265758 -0.000288719 0.999998 0.00163892 -0.000265786 -0.0016391 0.999998 -0.0545838 -0.0555468 -0.164222
FixedParameters: 0 0 0

#Transform 98
Transform: AffineTransform_float_3_3
Parameters: 1 0.000275508 0.000198545 -0.000276219 0.999998 0.00164791 -0.000197625 -0.00164802 0.999998 -0.0437344 -0.0337388 -0.13897
FixedParameters: 0 0 0

#Transform 99
Transform: AffineTransform_float_3_3
Parameters: 1 0.00028755 0.00026544 -0.000288663 0.999998 0.00164991 -0.000265462 -0.00165009 0.999998 -0.0555132 -0.0214363 -0.153454
FixedParameters: 0 0 0

#Transform 100
Transform: AffineTransform_float_3_3
Parameters: 1 0.00028755 0.00026544 -0.000288663 0.999998 0.00164991 -0.000265462 -0.00165009 0.999998 -0.0479175 -0.0406037 -0.147821
FixedParameters: 0 0 0

#Transform 101
Transform: AffineTransform_float_3_3
Parameters: 1 0.000266262 0.000146839 -0.000266714 0.999999 0.0013252 -0.000146152 -0.00132434 0.999999 -0.0321067 -0.0194206 -0.140752
FixedParameters: 0 0 0

#Transform 102
Transform: AffineTransform_float_3_3
Parameters: 1 0.000132366 0.00028992 -0.000132704 0.999999 0.0017649 -0.000290593 -0.00176501 0.999999 -0.0474477 -0.0641445 -0.178026
FixedParameters: 0 0 0

#Transform 103
Transform: AffineTransform_float_3_3
Parameters: 1 0.000298451 0.000325558 -0.000299448 0.999999 0.00144361 -0.000324684 -0.00144381 0.999999 -0.043951 -0.049815 -0.141704
FixedParameters: 0 0 0

#Transform 104
Transform: AffineTransform_float_3_3
Parameters: 1 0.000288307 0.000269401 -0.000289359 0.999999 0.00151297 -0.0002695 -0.00151315 0.999999 -0.0430542 -0.050268 -0.169529
FixedParameters: 0 0 0

#Transform 105
Transform: AffineTransform_float_3_3
Parameters: 1 0.000255005 8.51547e-05 -0.000255657 0.999998 0.00209572 -8.50467e-05 -0.0020958 0.999998 -0.0312966 -0.0494067 -0.159791
FixedParameters: 0 0 0

#Transform 106
Transform: AffineTransform_float_3_3
Parameters: 1 0.000125332 0.000300899 -0.000126438 0.999999 0.00144204 -0.000301509 -0.00144215 0.999999 -0.0379269 -0.0457569 -0.155112
FixedParameters: 0 0 0

#Transform 107
Transform: AffineTransform_float_3_3
Parameters: 1 0.000174933 0.000227209 -0.000174872 0.999999 0.00177029 -0.000226747 -0.00177038 0.999999 -0.033919 -0.0538559 -0.172491
FixedParameters: 0 0 0

#Transform 108
Transform: AffineTransform_float_3_3
Parameters: 1 2.00755e-05 0.00023557 -2.0812e-05 0.999999 0.00143961 -0.000235501 -0.00143962 0.999999 -0.0376053 -0.0442243 -0.151562
FixedParameters: 0 0 0

#Transform 109
Transform: AffineTransform_float_3_3
Parameters: 1 4.36476e-05 0.000315622 -4.36342e-05 0.999999 0.00144206 -0.000315664 -0.0014421 0.999999 -0.0377616 -0.0417344 -0.162387
FixedParameters: 0 0 0

#Transform 110
Transform: AffineTransform_float_3_3
Parameters: 1 0.000136407 0.000284414 -0.000136816 0.999998 0.00192382 -0.000285029 -0.00192394 0.999998 -0.0528146 -0.0566681 -0.176383
FixedParameters: 0 0 0

#Transform 111
Transform: AffineTransform_float_3_3
Parameters: 1 0.000278879 0.000217177 -0.000279624 0.999998 0.00158244 -0.000216283 -0.00158256 0.999998 -0.0367569 -0.0284216 -0.15412
FixedParameters: 0 0 0

#Transform 112
Transform: AffineTransform_float_3_3
Parameters: 1 0.000276919 0.000206386 -0.000277656 0.999998 0.00164915 -0.000205461 -0.00164926 0.999998 -0.0432664 -0.0289855 -0.155499
FixedParameters: 0 0 0

#Transform 113
Transform: AffineTransform_float_3_3
Parameters: 1 0.000317525 0.000433109 -0.000318403 0.999998 0.00201506 -0.000431984 -0.00201534 0.999998 -0.0418525 -0.066139 -0.175596
FixedParameters: 0 0 0

#Transform 114
Transform: AffineTransform_float_3_3
Parameters: 1 0.000128284 0.000300367 -0.000128406 0.999999 0.00144204 -0.000301148 -0.00144215 0.999999 -0.0391726 -0.0251545 -0.150109
FixedParameters: 0 0 0

#Transform 115
Transform: AffineTransform_float_3_3
Parameters: 1 0.000102251 0.000297324 -0.000102518 0.999998 0.00169893 -0.000298128 -0.00169903 0.999998 -0.0411525 -0.0293044 -0.170878
FixedParameters: 0 0 0

#Transform 116
Transform: AffineTransform_float_3_3
Parameters: 1 0.000284249 0.000248422 -0.000284732 0.999998 0.00223866 -0.000248278 -0.00223883 0.999998 -0.0469457 -0.0548985 -0.163417
FixedParameters: 0 0 0

#Transform 117
Transform: AffineTransform_float_3_3
Parameters: 1 0.000138565 0.000285048 -0.000139943 0.999999 0.00188981 -0.000285514 -0.00188898 0.999998 -0.0424702 -0.0189845 -0.17744
FixedParameters: 0 0 0

#Transform 118
Transform: AffineTransform_float_3_3
Parameters: 1 0.00030218 0.000348103 -0.000302842 0.999997 0.00219678 -0.000346931 -0.00219665 0.999998 -0.0414359 -0.0682681 -0.196205
FixedParameters: 0 0 0

#Transform 119
Transform: AffineTransform_float_3_3
Parameters: 1 0.000285851 0.000256686 -0.000287148 0.999998 0.00195278 -0.000256529 -0.00195296 0.999998 -0.0435381 -0.0340296 -0.176927
FixedParameters: 0 0 0

#Transform 120
Transform: AffineTransform_float_3_3
Parameters: 1 0.00028666 0.000260936 -0.000287898 0.999999 0.00180585 -0.00026086 -0.00180602 0.999999 -0.0429072 -0.0528136 -0.18638
FixedParameters: 0 0 0

#Transform 121
Transform: AffineTransform_float_3_3
Parameters: 1 0.000285096 0.000252724 -0.000285466 0.999998 0.00208972 -0.000252673 -0.0020899 0.999998 -0.0377199 -0.0503037 -0.177196
FixedParameters: 0 0 0

#Transform 122
Transform: AffineTransform_float_3_3
Parameters: 1 0.000286704 0.000261167 -0.000287939 0.999999 0.00179785 -0.000261096 -0.00179803 0.999999 -0.0265024 -0.0312305 -0.166211
FixedParameters: 0 0 0

#Transform 123
Transform: AffineTransform_float_3_3
Parameters: 1 0.000101798 0.000289762 -0.000102245 0.999998 0.00195282 -0.000290505 -0.00195292 0.999998 -0.0444842 -0.0585611 -0.172465
FixedParameters: 0 0 0

#Transform 124
Transform: AffineTransform_float_3_3
Parameters: 1 0.000285851 0.000256686 -0.000287148 0.999998 0.00195278 -0.000256529 -0.00195296 0.999998 -0.0375844 -0.0524591 -0.162564
FixedParameters: 0 0 0

#Transform 125
Transform: AffineTransform_float_3_3
Parameters: 1 5.44769e-05 0.000308364 -5.4551e-05 0.999998 0.00161798 -0.000308356 -0.00161802 0.999998 -0.0533474 -0.0470744 -0.166535
FixedParameters: 0 0 0

#Transform 126
Transform: AffineTransform_float_3_3
Parameters: 1 0.000115222 0.000528402 -0.000115433 0.999998 0.00194782 -0.000528289 -0.00194796 0.999998 -0.0502387 -0.0820852 -0.187055
FixedParameters: 0 0 0

#Transform 127
Transform: AffineTransform_float_3_3
Parameters: 1 0.000106054 0.000301244 -0.000106242 0.999999 0.001546 -0.000302067 -0.0015461 0.999999 -0.0472075 -0.0493383 -0.164511
FixedParameters: 0 0 0

#Transform 128
Transform: AffineTransform_float_3_3
Parameters: 1 0.000301401 0.000343438 -0.000301942 0.999998 0.0020514 -0.000342357 -0.00205162 0.999998 -0.0424391 -0.070345 -0.173407
FixedParameters: 0 0 0

#Transform 129
Transform: AffineTransform_float_3_3
Parameters: 1 0.000256558 9.35771e-05 -0.000257192 0.999999 0.00180485 -9.36121e-05 -0.00180493 0.999999 -0.042057 -0.0547723 -0.124736
FixedParameters: 0 0 0

#Transform 130
Transform: AffineTransform_float_3_3
Parameters: 1 4.57612e-05 0.000294828 -4.61451e-05 0.999998 0.00211876 -0.000294791 -0.0021188 0.999997 -0.0563016 -0.0683058 -0.172161
FixedParameters: 0 0 0

#Transform 131
Transform: AffineTransform_float_3_3
Parameters: 1 7.6381e-06 0.000318972 -7.70081e-06 0.999999 0.00154603 -0.000319116 -0.00154604 0.999999 -0.043414 -0.0158498 -0.119486
FixedParameters: 0 0 0

#Transform 132
Transform: AffineTransform_float_3_3
Parameters: 1 2.27964e-05 0.000297171 -2.32254e-05 0.999997 0.00217774 -0.000297228 -0.00217777 0.999997 -0.0583746 -0.0532111 -0.170172
FixedParameters: 0 0 0

#Transform 133
Transform: AffineTransform_float_3_3
Parameters: 1 9.42442e-05 0.000303371 -9.42582e-05 0.999999 0.001546 -0.000303248 -0.00154607 0.999999 -0.0479434 -0.0262104 -0.127541
FixedParameters: 0 0 0

#Transform 134
Transform: AffineTransform_float_3_3
Parameters: 1 0.000135446 0.000284707 -0.000136835 0.999998 0.00191983 -0.000285147 -0.00191994 0.999998 -0.061139 -0.0652963 -0.17484
FixedParameters: 0 0 0

#Transform 135
Transform: AffineTransform_float_3_3
Parameters: 1 4.51854e-05 0.000302499 -4.64318e-05 0.999999 0.00186788 -0.000302307 -0.00186791 0.999998 -0.0648654 -0.0476613 -0.149817
FixedParameters: 0 0 0

#Transform 136
Transform: AffineTransform_float_3_3
Parameters: 1 0.000287832 0.000266915 -0.000288922 0.999998 0.00159893 -0.000266965 -0.00159911 0.999998 -0.0587704 -0.0510413 -0.156499
FixedParameters: 0 0 0

#Transform 137
Transform: AffineTransform_float_3_3
Parameters: 1 0.000283821 0.000246166 -0.000284333 0.999998 0.00231662 -0.00024598 -0.0023168 0.999998 -0.0584132 -0.0806719 -0.174309
FixedParameters: 0 0 0

#Transform 138
Transform: AffineTransform_float_3_3
Parameters: 1 0.000288125 0.000268447 -0.000289192 0.999999 0.00154596 -0.000268527 -0.00154614 0.999999 -0.062949 -0.046435 -0.134551
FixedParameters: 0 0 0

#Transform 139
Transform: AffineTransform_float_3_3
Parameters: 1 0.000282999 0.000241828 -0.000283563 0.999997 0.00246656 -0.000241561 -0.00246673 0.999997 -0.0584417 -0.0819545 -0.185617
FixedParameters: 0 0 0

#Transform 140
Transform: AffineTransform_float_3_3
Parameters: 1 0.000161167 0.000291316 -0.000161324 0.999999 0.00154598 -0.000291969 -0.00154611 0.999999 -0.0625569 -0.0336543 -0.128664
FixedParameters: 0 0 0

#Transform 141
Transform: AffineTransform_float_3_3
Parameters: 1 0.000285398 0.000254315 -0.000285747 0.999998 0.00203474 -0.000254293 -0.00203492 0.999998 -0.0585751 -0.0736576 -0.166144
FixedParameters: 0 0 0

#Transform 142
Transform: AffineTransform_float_3_3
Parameters: 1 0.00017628 0.000274636 -0.000176704 0.999998 0.00201074 -0.000275096 -0.00200994 0.999998 -0.0619225 -0.0430954 -0.138098
FixedParameters: 0 0 0

#Transform 143
Transform: AffineTransform_float_3_3
Parameters: 1 0.00028514 0.000252956 -0.000285506 0.999998 0.00208172 -0.000252909 -0.0020819 0.999998 -0.059097 -0.0558183 -0.167787
FixedParameters: 0 0 0

#Transform 144
Transform: AffineTransform_float_3_3
Parameters: 1 0.000328372 0.000494653 -0.000330057 0.999997 0.00233903 -0.000494243 -0.00233939 0.999997 -0.0590003 -0.0718738 -0.138754
FixedParameters: 0 0 0

#Transform 145
Transform: AffineTransform_float_3_3
Parameters: 1 0.000287186 0.000263532 -0.000288327 0.999998 0.00171588 -0.000263517 -0.00171606 0.999998 -0.0594855 -0.0361351 -0.136581
FixedParameters: 0 0 0

#Transform 146
Transform: AffineTransform_float_3_3
Parameters: 1 1.48998e-05 0.000287876 -1.65327e-05 0.999997 0.00253259 -0.000287764 -0.0025326 0.999997 -0.0539154 -0.0635382 -0.16373
FixedParameters: 0 0 0

#Transform 147
Transform: AffineTransform_float_3_3
Parameters: 1 7.0939e-05 0.000219824 -7.09358e-05 0.999998 0.00196163 -0.000219703 -0.00196168 0.999998 -0.0539615 -0.0198579 -0.136367
FixedParameters: 0 0 0

#Transform 148
Transform: AffineTransform_float_3_3
Parameters: 1 0.000327372 0.000488238 -0.000328572 0.999997 0.00211774 -0.000487006 -0.00211807 0.999997 -0.0503922 -0.0294719 -0.164045
FixedParameters: 0 0 0

#Transform 149
Transform: AffineTransform_float_3_3
Parameters: 1 8.5123e-05 0.000503563 -8.66762e-05 0.999998 0.00234413 -0.000503307 -0.00234423 0.999997 -0.0546528 -0.040551 -0.152344
FixedParameters: 0 0 0

#Transform 150
Transform: AffineTransform_float_3_3
Parameters: 0.999999 0.000117452 0.000766932 -0.000118589 0.999998 0.00194577 -0.000766809 -0.00194597 0.999998 -0.0547866 -0.0261118 -0.160443
FixedParameters: 0 0 0

#Transform 151
Transform: AffineTransform_float_3_3
Parameters: 1 0.000304948 0.000364589 -0.000306019 0.999996 0.00258026 -0.000363159 -0.00258049 0.999996 -0.0504043 -0.0625203 -0.156211
FixedParameters: 0 0 0

#Transform 152
Transform: AffineTransform_float_3_3
Parameters: 1 0.000226078 0.000394563 -0.000227336 0.999997 0.00239066 -0.000394609 -0.00239088 0.999997 -0.0596661 -0.0479714 -0.15986
FixedParameters: 0 0 0

#Transform 153
Transform: AffineTransform_float_3_3
Parameters: 0.999999 0.000114892 0.000744893 -0.00011717 0.999997 0.00269144 -0.000744583 -0.00269164 0.999996 -0.0635968 -0.0749652 -0.174157
FixedParameters: 0 0 0

#Transform 154
Transform: AffineTransform_float_3_3
Parameters: 1 -2.58288e-05 0.000342785 2.53687e-05 0.999998 0.00193273 -0.000343041 -0.00193272 0.999998 -0.0495053 -0.0446741 -0.164742
FixedParameters: 0 0 0

#Transform 155
Transform: AffineTransform_float_3_3
Parameters: 1 -5.55579e-05 0.000314259 5.47624e-05 0.999997 0.00254802 -0.000314686 -0.00254799 0.999996 -0.0632409 -0.0794261 -0.197547
FixedParameters: 0 0 0

#Transform 156
Transform: AffineTransform_float_3_3
Parameters: 0.999999 0.000184668 0.000741613 -0.000186416 0.999997 0.00238553 -0.000741053 -0.00238582 0.999997 -0.059784 -0.0653563 -0.177252
FixedParameters: 0 0 0

#Transform 157
Transform: AffineTransform_float_3_3
Parameters: 1 0.000294333 0.00030494 -0.000295165 0.999997 0.00239541 -0.000304658 -0.00239562 0.999997 -0.0575857 -0.0691155 -0.20194
FixedParameters: 0 0 0

#Transform 158
Transform: AffineTransform_float_3_3
Parameters: 1 -0.000207202 0.000364286 0.000205957 0.999997 0.00273183 -0.000365551 -0.00273169 0.999996 -0.0623461 -0.0633618 -0.178614
FixedParameters: 0 0 0

#Transform 159
Transform: AffineTransform_float_3_3
Parameters: 1 -4.88834e-05 0.000163812 4.82461e-05 0.999997 0.00213947 -0.000163015 -0.00213943 0.999997 -0.0555842 -0.0406357 -0.17184
FixedParameters: 0 0 0

#Transform 160
Transform: AffineTransform_float_3_3
Parameters: 1 0.000304207 0.000361425 -0.00030557 0.999995 0.00292831 -0.000359775 -0.00292854 0.999995 -0.0506068 -0.0738307 -0.209013
FixedParameters: 0 0 0

#Transform 161
Transform: AffineTransform_float_3_3
Parameters: 1 -2.80289e-05 0.000161163 2.8375e-05 0.999997 0.00217051 -0.00016046 -0.00217048 0.999997 -0.0575029 -0.0449429 -0.172188
FixedParameters: 0 0 0

#Transform 162
Transform: AffineTransform_float_3_3
Parameters: 1 -8.92904e-05 0.000499129 8.79774e-05 0.999997 0.0021811 -0.000499672 -0.00218103 0.999997 -0.0554078 -0.0736156 -0.191764
FixedParameters: 0 0 0

#Transform 163
Transform: AffineTransform_float_3_3
Parameters: 1 1.53872e-05 0.000318638 -1.58984e-05 0.999997 0.00235241 -0.000317727 -0.0023524 0.999997 -0.0456615 -0.066984 -0.179334
FixedParameters: 0 0 0

#Transform 164
Transform: AffineTransform_float_3_3
Parameters: 1 -9.40125e-06 0.00023662 9.24748e-06 0.999997 0.0021528 -0.000236817 -0.00215281 0.999997 -0.0391558 -0.0372051 -0.169947
FixedParameters: 0 0 0

#Transform 165
Transform: AffineTransform_float_3_3
Parameters: 1 -0.000145543 0.000174858 0.000145456 0.999997 0.00254849 -0.000175746 -0.00254844 0.999996 -0.0444411 -0.0798071 -0.209569
FixedParameters: 0 0 0

#Transform 166
Transform: AffineTransform_float_3_3
Parameters: 0.999999 -4.58842e-05 0.000673558 4.46111e-05 0.999998 0.00227245 -0.000674089 -0.00227241 0.999997 -0.0438532 -0.0573299 -0.197223
FixedParameters: 0 0 0

#Transform 167
Transform: AffineTransform_float_3_3
Parameters: 1 -0.000109347 0.000382834 0.000108305 0.999996 0.00264899 -0.000382574 -0.00264853 0.999997 -0.0480695 -0.0818676 -0.231149
FixedParameters: 0 0 0

#Transform 168
Transform: AffineTransform_float_3_3
Parameters: 1 -0.000100322 0.000603901 9.87799e-05 0.999997 0.00271239 -0.000604727 -0.00271322 0.999996 -0.0545553 -0.114024 -0.224384
FixedParameters: 0 0 0

#Transform 169
Transform: AffineTransform_float_3_3
Parameters: 1 -8.81398e-05 0.000443706 8.69112e-05 0.999998 0.00229254 -0.000444254 -0.00229247 0.999998 -0.0473682 -0.0893467 -0.211433
FixedParameters: 0 0 0

#Transform 170
Transform: AffineTransform_float_3_3
Parameters: 1 -0.000225165 0.000491362 0.000223276 0.999996 0.00286957 -0.000491773 -0.00287027 0.999996 -0.0542765 -0.10811 -0.253084
FixedParameters: 0 0 0

#Transform 171
Transform: AffineTransform_float_3_3
Parameters: 1 -0.00031247 0.000230294 0.00031207 0.999996 0.00287743 -0.000231244 -0.00287726 0.999996 -0.0392981 -0.0757876 -0.21211
FixedParameters: 0 0 0

#Transform 172
Transform: AffineTransform_float_3_3
Parameters: 0.999999 -4.6256e-05 0.000868171 4.26093e-05 0.999996 0.00306249 -0.000868747 -0.00306243 0.999995 -0.0488973 -0.0793769 -0.235472
FixedParameters: 0 0 0

#Transform 173
Transform: AffineTransform_float_3_3
Parameters: 1 -0.000105058 0.000537595 0.000102922 0.999997 0.00268138 -0.000538288 -0.00268128 0.999997 -0.0654597 -0.0563035 -0.192722
FixedParameters: 0 0 0

#Transform 174
Transform: AffineTransform_float_3_3
Parameters: 1 -2.2688e-05 0.000418218 2.24033e-05 0.999997 0.00247818 -0.000418655 -0.00247818 0.999997 -0.0527222 -0.0403773 -0.21115
FixedParameters: 0 0 0

#Transform 175
Transform: AffineTransform_float_3_3
Parameters: 1 -0.000101156 0.000560033 9.88519e-05 0.999995 0.00289018 -0.000559735 -0.00289098 0.999996 -0.0669278 -0.0739239 -0.230597
FixedParameters: 0 0 0

#Transform 176
Transform: AffineTransform_float_3_3
Parameters: 1 -9.89546e-05 0.000571016 9.70688e-05 0.999997 0.00251531 -0.000570672 -0.00251518 0.999996 -0.0547656 -0.055124 -0.193428
FixedParameters: 0 0 0

#Transform 177
Transform: AffineTransform_float_3_3
Parameters: 1 -0.000100021 0.000565777 9.79012e-05 0.999997 0.00269424 -0.000565463 -0.00269411 0.999996 -0.0636034 -0.0729448 -0.228143
FixedParameters: 0 0 0

#Transform 178
Transform: AffineTransform_float_3_3
Parameters: 1 -0.000138575 0.000350894 0.000137214 0.999995 0.00300307 -0.000351858 -0.00300263 0.999996 -0.0533968 -0.0919152 -0.221543
FixedParameters: 0 0 0

#Transform 179
Transform: AffineTransform_float_3_3
Parameters: 1 -0.000135447 0.000367172 0.000134454 0.999997 0.00244814 -0.000367979 -0.00244805 0.999997 -0.0577002 -0.0678292 -0.204746
FixedParameters: 0 0 0

#Transform 180
Transform: AffineTransform_float_3_3
Parameters: 1 -0.000114689 0.000484147 0.000112701 0.999996 0.00282483 -0.000484926 -0.00282473 0.999996 -0.0531711 -0.111466 -0.228812
FixedParameters: 0 0 0

#Transform 181
Transform: AffineTransform_float_3_3
Parameters: 1 -9.98767e-05 0.000566509 9.77808e-05 0.999997 0.00266925 -0.00056619 -0.00266912 0.999997 -0.0541969 -0.0781612 -0.209879
FixedParameters: 0 0 0

#Transform 182
Transform: AffineTransform_float_3_3
Parameters: 0.999999 -0.000183882 0.000740158 0.000181241 0.999996 0.00303412 -0.000740586 -0.00303384 0.999995 -0.0581131 -0.0565619 -0.251249
FixedParameters: 0 0 0

#Transform 183
Transform: AffineTransform_float_3_3
Parameters: 1 -0.000265919 0.000577343 0.000263975 0.999994 0.00328827 -0.000578377 -0.00328854 0.999995 -0.0594405 -0.0359499 -0.233601
FixedParameters: 0 0 0

#Transform 184
Transform: AffineTransform_float_3_3
Parameters: 1 -0.000101329 0.000559154 9.89914e-05 0.999995 0.00292013 -0.000558891 -0.00292 0.999995 -0.0555592 -0.0385793 -0.243675
FixedParameters: 0 0 0

#Transform 185
Transform: AffineTransform_float_3_3
Parameters: 1 -0.000300181 0.000516228 0.000297647 0.999994 0.00329311 -0.000517339 -0.00329278 0.999994 -0.0590028 -0.0676188 -0.248971
FixedParameters: 0 0 0

#Transform 186
Transform: AffineTransform_float_3_3
Parameters: 1 -0.000356309 0.000178245 0.000355238 0.999996 0.00284166 -0.000179241 -0.0028415 0.999996 -0.0590137 -0.0358562 -0.238593
FixedParameters: 0 0 0

#Transform 187
Transform: AffineTransform_float_3_3
Parameters: 0.999999 -8.31416e-05 0.000664933 8.05132e-05 0.999992 0.00388191 -0.00066603 -0.00388148 0.999992 -0.0553845 -0.0665156 -0.296384
FixedParameters: 0 0 0

#Transform 188
Transform: AffineTransform_float_3_3
Parameters: 1 -0.000294596 0.00051495 0.000292444 0.999993 0.00376831 -0.000516461 -0.003768 0.999993 -0.0593843 -0.0487994 -0.239777
FixedParameters: 0 0 0

#Transform 189
Transform: AffineTransform_float_3_3
Parameters: 1 -0.000102686 0.000553397 0.000100695 0.999994 0.00341918 -0.000553402 -0.00341906 0.999994 -0.0551741 -0.0527588 -0.252176
FixedParameters: 0 0 0

#Transform 190
Transform: AffineTransform_float_3_3
Parameters: 1 -0.000152173 0.000275956 0.00015099 0.999993 0.00361007 -0.000276182 -0.00360962 0.999994 -0.048235 -0.0402195 -0.246288
FixedParameters: 0 0 0

#Transform 191
