# transform file /out/sourcedata/freesurfer/sub-v1s22x0050470_ses-1/mri/transforms/cc_up.lta
# created by oesteban on Mon Mar  9 14:41:15 2026

type      = 0 # LINEAR_VOX_TO_VOX
nxforms   = 1
mean      = 127.0000 98.0000 119.0000
sigma     = 10000.0000
1 4 4
9.975218772888184e-01 4.260939359664917e-02 5.598693713545799e-02 -1.145573425292969e+01 
-4.254243895411491e-02 9.990918040275574e-01 -2.387738088145852e-03 5.287389373779297e+01 
-5.603783205151558e-02 0.000000000000000e+00 9.984286427497864e-01 2.246247863769531e+01 
0.000000000000000e+00 0.000000000000000e+00 0.000000000000000e+00 1.000000000000000e+00 
src volume info
valid = 1  # volume info valid
filename = /out/sourcedata/freesurfer/sub-v1s22x0050470_ses-1/mri/norm.mgz
volume = 256 256 256
voxelsize = 1.000000000000000e+00 1.000000000000000e+00 1.000000000000000e+00
xras   = -1.000000119209290e+00 5.989022611174732e-10 0.000000000000000e+00
yras   = 9.313225746154785e-10 0.000000000000000e+00 -9.999999403953552e-01
zras   = -5.979927664157003e-10 9.999999403953552e-01 0.000000000000000e+00
cras   = 6.049880981445312e-01 2.434619140625000e+01 -1.515025329589844e+01
dst volume info
valid = 1  # volume info valid
filename = /out/sourcedata/freesurfer/sub-v1s22x0050470_ses-1/mri/norm.mgz
volume = 256 256 256
voxelsize = 1.000000000000000e+00 1.000000000000000e+00 1.000000000000000e+00
xras   = -1.000000119209290e+00 5.989022611174732e-10 0.000000000000000e+00
yras   = 9.313225746154785e-10 0.000000000000000e+00 -9.999999403953552e-01
zras   = -5.979927664157003e-10 9.999999403953552e-01 0.000000000000000e+00
cras   = 6.049880981445312e-01 2.434619140625000e+01 -1.515025329589844e+01
