# transform file transforms/talairach.lta
# created by oesteban on Mon Mar  9 13:31:56 2026

type      = 0 # LINEAR_VOX_TO_VOX
nxforms   = 1
mean      = 127.0000 100.0000 119.0000
sigma     = 10000.0000
1 4 4
1.026594996452332e+00 5.774226039648056e-02 5.707436427474022e-02 -1.868374824523926e+01 
-6.509946286678314e-02 1.163018345832825e+00 8.676344156265259e-02 5.821619033813477e+00 
-5.935993790626526e-02 -1.042023524641991e-01 9.920180439949036e-01 9.088012695312500e+00 
0.000000000000000e+00 0.000000000000000e+00 0.000000000000000e+00 1.000000000000000e+00 
src volume info
valid = 1  # volume info valid
filename = nu.mgz
volume = 256 256 256
voxelsize = 1.000000000000000e+00 1.000000000000000e+00 1.000000000000000e+00
xras   = -1.000000119209290e+00 5.989022611174732e-10 0.000000000000000e+00
yras   = 9.313225746154785e-10 0.000000000000000e+00 -9.999999403953552e-01
zras   = -5.979927664157003e-10 9.999999403953552e-01 0.000000000000000e+00
cras   = 6.049880981445312e-01 2.434619140625000e+01 -1.515025329589844e+01
dst volume info
valid = 1  # volume info valid
filename = /opt/freesurfer/average/RB_all_2020-01-02.gca
volume = 256 256 256
voxelsize = 1.000000000000000e+00 1.000000000000000e+00 1.000000000000000e+00
xras   = -1.000000000000000e+00 0.000000000000000e+00 0.000000000000000e+00
yras   = 0.000000000000000e+00 0.000000000000000e+00 -1.000000000000000e+00
zras   = 0.000000000000000e+00 1.000000000000000e+00 0.000000000000000e+00
cras   = 0.000000000000000e+00 0.000000000000000e+00 0.000000000000000e+00
