type      = 1 # LINEAR_RAS_TO_RAS
nxforms   = 1
mean      = 0.0000 0.0000 0.0000
sigma     = 1.0000
1 4 4
1.079146981239319e+00 -6.184300035238266e-02 2.756400033831596e-02 1.520416021347046e+00 
2.463000081479549e-02 1.015439987182617e+00 1.376910060644150e-01 -3.704604339599609e+01 
-6.117200106382370e-02 -9.532000124454498e-02 1.140432000160217e+00 -8.301956176757812e+00 
0.000000000000000e+00 0.000000000000000e+00 0.000000000000000e+00 1.000000000000000e+00 
src volume info
valid = 1  # volume info valid
filename = /out/sourcedata/freesurfer/sub-v1s22x0050470_ses-1/mri/orig_nu.mgz
volume = 256 256 256
voxelsize = 1.000000000000000e+00 1.000000000000000e+00 1.000000000000000e+00
xras   = -1.000000119209290e+00 5.989022611174732e-10 0.000000000000000e+00
yras   = 9.313225746154785e-10 0.000000000000000e+00 -9.999999403953552e-01
zras   = -5.979927664157003e-10 9.999999403953552e-01 0.000000000000000e+00
cras   = 6.049880981445312e-01 2.434619140625000e+01 -1.515025329589844e+01
dst volume info
valid = 1  # volume info valid
filename = /opt/freesurfer/average/mni305.cor.mgz
volume = 256 256 256
voxelsize = 1.000000000000000e+00 1.000000000000000e+00 1.000000000000000e+00
xras   = -1.000000000000000e+00 0.000000000000000e+00 0.000000000000000e+00
yras   = 0.000000000000000e+00 0.000000000000000e+00 -1.000000000000000e+00
zras   = 0.000000000000000e+00 1.000000000000000e+00 0.000000000000000e+00
cras   = 0.000000000000000e+00 0.000000000000000e+00 0.000000000000000e+00
subject fsaverage
fscale 0.100000
