type      = 0 # LINEAR_VOX_TO_VOX
nxforms   = 1
mean      = 0.0000 0.0000 0.0000
sigma     = 1.0000
1 4 4
1.079147100448608e+00 2.756399661302567e-02 6.184299662709236e-02 -2.182498168945312e+01 
-6.117200851440430e-02 1.140431880950928e+00 9.531999379396439e-02 5.591247558593750e+00 
-2.463000454008579e-02 -1.376909911632538e-01 1.015439867973328e+00 4.405677795410156e+00 
0.000000000000000e+00 0.000000000000000e+00 0.000000000000000e+00 1.000000000000000e+00 
src volume info
valid = 1  # volume info valid
filename = /out/sourcedata/freesurfer/sub-v1s22x0050470_ses-1/mri/orig.mgz
volume = 256 256 256
voxelsize = 1.000000000000000e+00 1.000000000000000e+00 1.000000000000000e+00
xras   = -1.000000119209290e+00 5.989022611174732e-10 0.000000000000000e+00
yras   = 9.313225746154785e-10 0.000000000000000e+00 -9.999999403953552e-01
zras   = -5.979927664157003e-10 9.999999403953552e-01 0.000000000000000e+00
cras   = 6.049880981445312e-01 2.434619140625000e+01 -1.515025329589844e+01
dst volume info
valid = 1  # volume info valid
filename = /opt/freesurfer/average/mni305.cor.mgz
volume = 256 256 256
voxelsize = 1.000000000000000e+00 1.000000000000000e+00 1.000000000000000e+00
xras   = -1.000000000000000e+00 0.000000000000000e+00 0.000000000000000e+00
yras   = 0.000000000000000e+00 0.000000000000000e+00 -1.000000000000000e+00
zras   = 0.000000000000000e+00 1.000000000000000e+00 0.000000000000000e+00
cras   = 0.000000000000000e+00 0.000000000000000e+00 0.000000000000000e+00
subject fsaverage
fscale 0.100000
