#Insight Transform File V1.0
#Transform 0
Transform: AffineTransform_float_3_3
Parameters: 0.999999 -0.000832575 -0.000420786 0.00083513 0.999986 0.00517965 0.000416249 -0.00518035 0.999987 0.10462 0.0808312 0.100218
FixedParameters: 0 0 0

#Transform 1
Transform: AffineTransform_float_3_3
Parameters: 0.999999 -0.000841787 -0.000597859 0.000845172 0.999991 0.0043315 0.000594653 -0.00433251 0.999991 0.0772026 0.0493295 0.146965
FixedParameters: 0 0 0

#Transform 2
Transform: AffineTransform_float_3_3
Parameters: 1 -0.000843133 -0.000637599 0.000847103 0.999986 0.00526546 0.000633853 -0.00526654 0.999986 0.0714453 0.047536 0.0628351
FixedParameters: 0 0 0

#Transform 3
Transform: AffineTransform_float_3_3
Parameters: 0.999999 -0.000755479 -0.000364076 0.000756954 0.999995 0.00326167 0.000361193 -0.00326233 0.999994 0.0434407 0.0441305 0.0356461
FixedParameters: 0 0 0

#Transform 4
Transform: AffineTransform_float_3_3
Parameters: 0.999999 -0.000711957 -0.000116405 0.000712635 0.999996 0.00246392 0.000114892 -0.00246408 0.999997 0.0219816 -0.00105466 -0.0920676
FixedParameters: 0 0 0

#Transform 5
Transform: AffineTransform_float_3_3
Parameters: 0.999999 -0.000786811 -0.000112859 0.000787561 0.999995 0.00287791 0.000110325 -0.00287809 0.999996 0.0281363 0.00664232 -0.211505
FixedParameters: 0 0 0

#Transform 6
Transform: AffineTransform_float_3_3
Parameters: 0.999999 -0.000581173 -0.000545496 0.000582456 0.999997 0.00204368 0.00054417 -0.00204432 0.999998 0.00842278 -0.0247782 -0.159136
FixedParameters: 0 0 0

#Transform 7
Transform: AffineTransform_float_3_3
Parameters: 0.999999 -0.000297122 -0.000875682 0.000298461 0.999998 0.00187374 0.000875672 -0.00187426 0.999998 0.0125402 -0.0335217 -0.153611
FixedParameters: 0 0 0

#Transform 8
Transform: AffineTransform_float_3_3
Parameters: 0.999999 -0.000452093 -0.00095955 0.000452946 0.999999 0.00148562 0.000958313 -0.00148638 0.999999 -0.0176533 -0.0693385 -0.289656
FixedParameters: 0 0 0

#Transform 9
Transform: AffineTransform_float_3_3
Parameters: 0.999999 -0.000113236 -0.0013679 0.00011404 1 0.000658898 0.00136781 -0.000659101 0.999999 -0.000602529 -0.0455534 -0.407664
FixedParameters: 0 0 0

#Transform 10
Transform: AffineTransform_float_3_3
Parameters: 0.999999 -0.000651174 -0.00136443 0.000652288 0.999999 0.00112016 0.00136408 -0.00112084 0.999999 0.0300908 0.0908183 -0.325238
FixedParameters: 0 0 0

#Transform 11
Transform: AffineTransform_float_3_3
Parameters: 0.999999 -0.000870072 -0.000896873 0.000870467 1 0.000746217 0.000896626 -0.000746784 1 0.048458 -0.023471 -0.271308
FixedParameters: 0 0 0

#Transform 12
Transform: AffineTransform_float_3_3
Parameters: 0.999999 -0.000332405 -0.00149655 0.000334392 0.999999 0.00133155 0.00149577 -0.00133145 0.999998 0.0578971 -0.0106397 -0.167996
FixedParameters: 0 0 0

#Transform 13
Transform: AffineTransform_float_3_3
Parameters: 0.999999 -0.000597327 -0.00160885 0.000600339 0.999998 0.00155714 0.00160709 -0.00155786 0.999998 0.0312138 -0.00565332 -0.104125
FixedParameters: 0 0 0

#Transform 14
Transform: AffineTransform_float_3_3
Parameters: 0.999999 -8.07765e-05 -0.000996122 8.21924e-05 1 0.00121192 0.000995978 -0.00121208 0.999999 -0.0170348 -0.0198926 -0.117635
FixedParameters: 0 0 0

#Transform 15
Transform: AffineTransform_float_3_3
Parameters: 0.999999 -0.000178418 -0.00074869 0.000180107 0.999999 0.00175787 0.000749112 -0.00175814 0.999998 0.0274612 0.004948 -0.217361
FixedParameters: 0 0 0

#Transform 16
Transform: AffineTransform_float_3_3
Parameters: 1 3.26859e-06 -0.000493841 -2.32324e-06 0.999998 0.001968 0.000493906 -0.001968 0.999998 0.024922 -0.0523251 -0.183009
FixedParameters: 0 0 0

#Transform 17
Transform: AffineTransform_float_3_3
Parameters: 1 -0.000325177 -0.000433548 0.00032561 0.999998 0.00165286 0.000432526 -0.00165314 0.999998 0.063809 -0.0295527 -0.211148
FixedParameters: 0 0 0

#Transform 18
Transform: AffineTransform_float_3_3
Parameters: 1 -0.000406718 -0.000357758 0.000407196 0.999999 0.000591854 0.000358274 -0.000592146 1 0.0307711 -0.0370337 -0.100768
FixedParameters: 0 0 0

#Transform 19
Transform: AffineTransform_float_3_3
Parameters: 0.999999 -0.000333018 -0.000767095 0.000332926 1 -6.02554e-05 0.000767135 5.97445e-05 0.999999 0.0244338 -0.0308528 -0.146155
FixedParameters: 0 0 0

#Transform 20
Transform: AffineTransform_float_3_3
Parameters: 1 -0.000121656 -0.00061832 0.000121577 1 -6.40752e-05 0.000618335 6.39248e-05 1 0.0113671 -0.0205621 0.00313269
FixedParameters: 0 0 0

#Transform 21
Transform: AffineTransform_float_3_3
Parameters: 1 -0.000142956 0.000231872 0.000142363 0.999999 0.00127603 -0.000232236 -0.00127597 0.999999 0.0219571 -0.000584696 0.0372654
FixedParameters: 0 0 0

#Transform 22
Transform: AffineTransform_float_3_3
Parameters: 1 -0.000171734 0.00025255 0.000171443 1 0.000576043 -0.000252748 -0.000575956 1 0.0582763 0.0315975 -0.00496745
FixedParameters: 0 0 0

#Transform 23
Transform: AffineTransform_float_3_3
Parameters: 1 -0.000153842 0.000305682 0.000153537 1 0.000499047 -0.000305835 -0.000498953 1 0.0462654 -0.0170997 -0.0238091
FixedParameters: 0 0 0

#Transform 24
Transform: AffineTransform_float_3_3
Parameters: 1 -8.2117e-05 0.000167651 8.19869e-05 1 0.000388014 -0.000167714 -0.000387986 1 0.0424429 -0.00769598 0.00466408
FixedParameters: 0 0 0

#Transform 25
Transform: AffineTransform_float_3_3
Parameters: 1 -0.000194491 0.000256814 0.000194294 1 0.00038405 -0.000256963 -0.00038395 1 0.0254614 0.0172771 -0.0383693
FixedParameters: 0 0 0

#Transform 26
Transform: AffineTransform_float_3_3
Parameters: 1 -0.000183882 0.000618822 0.000183723 1 0.000128114 -0.000618869 -0.000127886 1 0.00371155 0.023207 -0.0353342
FixedParameters: 0 0 0

#Transform 27
Transform: AffineTransform_float_3_3
Parameters: 1 -0.000305646 0.000424044 0.000305374 1 0.000321129 -0.00042424 -0.00032087 1 0.0231801 -0.00559265 0.0176124
FixedParameters: 0 0 0

#Transform 28
Transform: AffineTransform_float_3_3
Parameters: 1 -9.57611e-05 0.000509877 9.53674e-05 1 0.000386049 -0.000509951 -0.000385951 1 0.0286128 0.0161654 -0.051473
FixedParameters: 0 0 0

#Transform 29
Transform: AffineTransform_float_3_3
Parameters: 0.999999 7.45318e-05 0.000771109 -7.50863e-05 1 0.000359939 -0.000771055 -0.00035906 0.999999 0.0105338 0.00599474 -0.0216178
FixedParameters: 0 0 0

#Transform 30
Transform: AffineTransform_float_3_3
Parameters: 1 0.000160825 0.000255813 -0.000160299 0.999999 0.000923958 -0.00025557 -0.00092404 0.999999 0.0142515 0.0633292 -0.0142689
FixedParameters: 0 0 0

#Transform 31
Transform: AffineTransform_float_3_3
Parameters: 1 7.86283e-06 0.000666542 -8.25209e-06 1 0.000291994 -0.000666537 -0.000292005 0.999999 -0.0142475 0.017664 0.0517914
FixedParameters: 0 0 0

#Transform 32
Transform: AffineTransform_float_3_3
Parameters: 1 4.46357e-06 0.000614622 -5.02807e-06 0.999999 0.001271 -0.000614664 -0.001272 0.999999 -0.00359934 0.0747749 0.0895852
FixedParameters: 0 0 0

#Transform 33
Transform: AffineTransform_float_3_3
Parameters: 0.999999 0.000234521 0.000778684 -0.00023536 1 0.00117982 -0.000778183 -0.00118018 0.999999 0.0138461 0.0922701 0.0895781
FixedParameters: 0 0 0

#Transform 34
Transform: AffineTransform_float_3_3
Parameters: 0.999999 0.000585122 0.000741011 -0.000585728 1 0.00104557 -0.000740839 -0.00104643 0.999999 -0.00279116 0.065314 0.0730249
FixedParameters: 0 0 0

#Transform 35
Transform: AffineTransform_float_3_3
Parameters: 1 0.000526604 0.000897687 -0.000526046 1 -0.000311472 -0.000898014 0.000310527 0.999999 -0.0617762 0.117921 -0.0171642
FixedParameters: 0 0 0

#Transform 36
Transform: AffineTransform_float_3_3
Parameters: 1 0.000177524 0.000659449 -0.000177311 1 0.000595883 -0.000659291 -0.000596117 0.999999 -0.0261072 0.0637114 0.0780424
FixedParameters: 0 0 0

#Transform 37
Transform: AffineTransform_float_3_3
Parameters: 0.999999 8.24777e-05 0.00077967 -8.30911e-05 1 -0.000247065 -0.000779657 0.000246936 0.999999 0.00845008 0.0984038 -0.0506825
FixedParameters: 0 0 0

#Transform 38
Transform: AffineTransform_float_3_3
Parameters: 0.999999 -0.000325781 0.000704044 0.000328065 0.999992 -0.00382772 -0.000703376 0.00382828 0.999993 -0.018503 0.0569931 -0.241877
FixedParameters: 0 0 0

#Transform 39
Transform: AffineTransform_float_3_3
Parameters: 1 -0.000599928 0.000262805 0.000601507 0.999994 -0.00322184 -0.000260931 0.00322216 0.999995 -0.00657221 0.0728607 -0.2212
FixedParameters: 0 0 0

#Transform 40
Transform: AffineTransform_float_3_3
Parameters: 1 -0.000111688 0.000523128 0.000113091 0.999998 -0.00229694 -0.000522558 0.00229706 0.999997 0.00652866 0.0384257 -0.164982
FixedParameters: 0 0 0

#Transform 41
Transform: AffineTransform_float_3_3
Parameters: 1 -0.0002239 0.000564354 0.00022476 0.999999 -0.00164788 -0.00056356 0.00164813 0.999999 0.00481109 0.0359601 -0.131042
FixedParameters: 0 0 0

#Transform 42
Transform: AffineTransform_float_3_3
Parameters: 0.999999 -0.00049718 0.000603759 0.00049592 0.999998 0.0019133 -0.000604715 -0.0019137 0.999998 0.022803 0.0712701 -0.155619
FixedParameters: 0 0 0

#Transform 43
Transform: AffineTransform_float_3_3
Parameters: 1 -0.000449527 3.29628e-06 0.000449485 0.999998 -0.00218605 -2.32957e-06 0.00218595 0.999997 -0.0270437 0.0225772 -0.296743
FixedParameters: 0 0 0

#Transform 44
Transform: AffineTransform_float_3_3
Parameters: 0.999997 0.00250634 0.000276769 -0.00250645 0.999992 0.00317615 -0.000267944 -0.00317685 0.999995 -0.218444 -0.19847 -0.383126
FixedParameters: 0 0 0

#Transform 45
Transform: AffineTransform_float_3_3
Parameters: 0.999996 0.00212528 -0.00178875 -0.00211902 0.999992 0.00352376 0.00179703 -0.00352024 0.999993 -0.27337 -0.0162062 0.234332
FixedParameters: 0 0 0

#Transform 46
Transform: AffineTransform_float_3_3
Parameters: 1 0.000712261 -0.000892615 -0.00071021 0.999996 0.00291564 0.000893928 -0.00291536 0.999996 -0.2765 -0.0272029 0.0634795
FixedParameters: 0 0 0

#Transform 47
Transform: AffineTransform_float_3_3
Parameters: 1 0.00066306 -0.000893811 -0.00066217 0.999999 0.000498592 0.000894471 -0.000497407 0.999999 -0.239501 -0.0732189 -0.117055
FixedParameters: 0 0 0

#Transform 48
Transform: AffineTransform_float_3_3
Parameters: 0.999999 0.00123369 -0.000733553 -0.00123571 0.999997 -0.00217109 0.000731132 0.00217191 0.999998 -0.218073 -0.0673791 -0.279692
FixedParameters: 0 0 0

#Transform 49
Transform: AffineTransform_float_3_3
Parameters: 1 -0.000140663 -0.000521312 0.000141114 0.999999 0.00139093 0.000520975 -0.00139107 0.999999 -0.140863 -0.0644364 -0.134012
FixedParameters: 0 0 0

#Transform 50
Transform: AffineTransform_float_3_3
Parameters: 1 -0.000348706 -0.00115412 0.000354048 0.99999 0.00445765 0.00115225 -0.00445736 0.99999 -0.100824 -0.035646 0.162762
FixedParameters: 0 0 0

#Transform 51
Transform: AffineTransform_float_3_3
Parameters: 0.999999 0.000224004 -0.00083603 -0.000196878 0.999472 0.0325102 0.00084219 -0.0325098 0.999471 -0.154639 0.144378 0.299426
FixedParameters: 0 0 0

#Transform 52
Transform: AffineTransform_float_3_3
Parameters: 0.999996 -0.000708141 -0.00295053 0.000860126 0.998647 0.0519999 0.00291026 -0.0520021 0.998642 -0.102077 0.288785 0.202551
FixedParameters: 0 0 0

#Transform 53
Transform: AffineTransform_float_3_3
Parameters: 0.999999 -2.36203e-05 -0.000942738 5.83254e-05 0.999296 0.03753 0.000940609 -0.0375301 0.999295 -0.167301 0.327725 0.474024
FixedParameters: 0 0 0

#Transform 54
Transform: AffineTransform_float_3_3
Parameters: 0.999999 -4.75185e-05 -0.00101636 8.65162e-05 0.999284 0.0378489 0.00101434 -0.0378491 0.999283 -0.171894 0.233015 0.515323
FixedParameters: 0 0 0

#Transform 55
Transform: AffineTransform_float_3_3
Parameters: 0.999999 9.12954e-05 -0.00134191 -4.36336e-05 0.999364 0.0356751 0.00134433 -0.0356749 0.999362 -0.154798 0.14775 0.269637
FixedParameters: 0 0 0

#Transform 56
Transform: AffineTransform_float_3_3
Parameters: 0.999998 8.41132e-05 -0.00166791 -2.55414e-05 0.999389 0.0349692 0.00166989 -0.0349699 0.999387 -0.180868 0.0999262 0.172755
FixedParameters: 0 0 0

#Transform 57
Transform: AffineTransform_float_3_3
Parameters: 0.999997 0.000676445 -0.0021082 -0.0006113 0.999519 0.0309815 0.00212865 -0.0309805 0.999518 -0.151997 0.161771 0.181557
FixedParameters: 0 0 0

#Transform 58
Transform: AffineTransform_float_3_3
Parameters: 0.999999 0.000395057 -0.00146973 -0.000353442 0.999603 0.0281916 0.00148107 -0.0281914 0.999602 -0.152268 0.137298 0.154239
FixedParameters: 0 0 0

#Transform 59
Transform: AffineTransform_float_3_3
Parameters: 0.999997 5.81409e-05 -0.00218531 1.46254e-06 0.999618 0.0276122 0.00218618 -0.0276128 0.999617 -0.104908 0.149045 0.110743
FixedParameters: 0 0 0

#Transform 60
Transform: AffineTransform_float_3_3
Parameters: 1 0.000636009 -0.000723086 -0.000616784 0.999659 0.0261075 0.000738798 -0.0261065 0.999659 -0.111141 0.221109 0.0751612
FixedParameters: 0 0 0

#Transform 61
Transform: AffineTransform_float_3_3
Parameters: 1 0.000101773 -0.000471299 -9.04188e-05 0.999717 0.0238121 0.000473475 -0.023812 0.999717 -0.138352 0.081591 0.182669
FixedParameters: 0 0 0

#Transform 62
Transform: AffineTransform_float_3_3
Parameters: 1 0.000265471 -0.000255181 -0.000260372 0.999799 0.0200721 0.000261014 -0.0200729 0.999799 -0.128767 0.145749 0.0791863
FixedParameters: 0 0 0

#Transform 63
Transform: AffineTransform_float_3_3
Parameters: 1 0.000808844 0.000729091 -0.000810295 0.999999 0.00099541 -0.000727479 -0.000996589 0.999999 -0.142066 0.0663599 0.347656
FixedParameters: 0 0 0

#Transform 64
Transform: AffineTransform_float_3_3
Parameters: 1 -1.53973e-05 0.000991278 2.8468e-05 0.999914 -0.013169 -0.000990996 0.013169 0.999913 -0.144048 0.173258 0.597797
FixedParameters: 0 0 0

#Transform 65
Transform: AffineTransform_float_3_3
Parameters: 1 0.000344072 0.000562465 -0.000339913 0.99996 -0.00885719 -0.000565203 0.0088568 0.99996 -0.105011 0.129895 0.385215
FixedParameters: 0 0 0

#Transform 66
Transform: AffineTransform_float_3_3
Parameters: 1 0.000340681 0.000518962 -0.00033755 0.99997 -0.00765617 -0.000520888 0.00765582 0.99997 -0.122053 0.169172 0.316708
FixedParameters: 0 0 0

#Transform 67
Transform: AffineTransform_float_3_3
Parameters: 0.999999 0.000358898 0.000816471 -0.000353561 0.999973 -0.00744129 -0.000818398 0.00744071 0.999972 -0.129451 0.13855 0.22611
FixedParameters: 0 0 0

#Transform 68
Transform: AffineTransform_float_3_3
Parameters: 0.999999 3.69342e-05 0.0012351 -2.67912e-05 0.999966 -0.00816698 -0.00123607 0.00816701 0.999966 -0.106262 0.14682 0.229081
FixedParameters: 0 0 0

#Transform 69
Transform: AffineTransform_float_3_3
Parameters: 0.999998 0.00041605 0.00169913 -0.000401113 0.999959 -0.00903964 -0.00170266 0.00903935 0.999957 -0.119366 0.0863897 0.182444
FixedParameters: 0 0 0

#Transform 70
Transform: AffineTransform_float_3_3
Parameters: 0.999998 0.000136561 0.00171682 -0.000122577 0.999965 -0.00843117 -0.00171819 0.00843084 0.999963 -0.101484 0.115433 0.155083
FixedParameters: 0 0 0

#Transform 71
Transform: AffineTransform_float_3_3
Parameters: 0.999999 -6.34893e-05 0.0017294 7.87234e-05 0.999961 -0.00875277 -0.00172835 0.00875323 0.99996 -0.127138 0.0848124 0.0831622
FixedParameters: 0 0 0

#Transform 72
Transform: AffineTransform_float_3_3
Parameters: 0.999998 -0.000185854 0.00202457 0.000202811 0.999964 -0.00842249 -0.00202337 0.0084225 0.999962 -0.0840356 0.0877889 0.0923012
FixedParameters: 0 0 0

#Transform 73
Transform: AffineTransform_float_3_3
Parameters: 0.999999 -0.000383832 0.00174901 0.000397287 0.999971 -0.00762421 -0.00174635 0.00762579 0.99997 -0.0277034 0.093233 0.0778238
FixedParameters: 0 0 0

#Transform 74
Transform: AffineTransform_float_3_3
Parameters: 0.999997 -0.000934966 0.00236943 0.00095595 0.999961 -0.00876965 -0.00236175 0.00877135 0.999959 -0.0522842 0.12899 0.0826062
FixedParameters: 0 0 0

#Transform 75
Transform: AffineTransform_float_3_3
Parameters: 0.999998 -0.000563971 0.00197633 0.000581217 0.999961 -0.00874975 -0.00197138 0.00875124 0.99996 -0.0448609 0.103288 0.0777711
FixedParameters: 0 0 0

#Transform 76
Transform: AffineTransform_float_3_3
Parameters: 0.999998 -0.000410978 0.00186076 0.000428194 0.999957 -0.00926811 -0.00185706 0.00926989 0.999956 -0.0544838 0.116769 0.040667
FixedParameters: 0 0 0

#Transform 77
Transform: AffineTransform_float_3_3
Parameters: 0.999999 -0.000193257 0.00185821 0.000212468 0.99995 -0.0100546 -0.00185616 0.0100544 0.999948 -0.0768449 0.0710603 0.010151
FixedParameters: 0 0 0

#Transform 78
Transform: AffineTransform_float_3_3
Parameters: 0.999999 -0.000198779 0.00178329 0.000216058 0.999954 -0.00965458 -0.00178136 0.00965443 0.999952 -0.074057 0.103698 0.00356863
FixedParameters: 0 0 0

#Transform 79
Transform: AffineTransform_float_3_3
Parameters: 0.999998 5.27213e-05 0.00224914 -3.26978e-05 0.999961 -0.00890199 -0.00224982 0.00890102 0.999958 -0.0957388 0.0834782 0.0511073
FixedParameters: 0 0 0

#Transform 80
Transform: AffineTransform_float_3_3
Parameters: 0.999997 -0.000592362 0.00244768 0.000615984 0.999953 -0.00960435 -0.00244182 0.00960664 0.999951 -0.0690581 0.0573782 0.084186
FixedParameters: 0 0 0

#Transform 81
Transform: AffineTransform_float_3_3
Parameters: 0.999989 0.00340165 0.00341536 -0.00337412 0.999962 -0.00803654 -0.00344225 0.00802546 0.999962 -0.0588949 -0.0713092 -0.0125723
FixedParameters: 0 0 0

#Transform 82
Transform: AffineTransform_float_3_3
Parameters: 0.999279 0.0354451 0.0135637 -0.0352626 0.999288 -0.0134141 -0.0140299 0.0129268 0.999818 0.15642 -1.18726 -0.383895
FixedParameters: 0 0 0

#Transform 83
Transform: AffineTransform_float_3_3
Parameters: 0.999845 0.0160106 0.00735323 -0.0159559 0.999845 -0.00749457 -0.00747176 0.00737645 0.999945 0.0394299 -0.527763 -0.071606
FixedParameters: 0 0 0

#Transform 84
Transform: AffineTransform_float_3_3
Parameters: 0.999946 0.00860831 0.0058403 -0.00867339 0.9999 0.0111929 -0.00574307 -0.0112431 0.99992 -0.0122082 -0.215557 -0.00144318
FixedParameters: 0 0 0

#Transform 85
Transform: AffineTransform_float_3_3
Parameters: 0.999961 0.00723255 0.00504103 -0.00727083 0.999944 0.00769699 -0.00498432 -0.007733 0.999957 -0.0140798 -0.0704926 0.0486712
FixedParameters: 0 0 0

#Transform 86
Transform: AffineTransform_float_3_3
Parameters: 0.999953 0.00796207 0.00540854 -0.0079743 0.999966 0.00222314 -0.00539144 -0.00226586 0.999982 -0.0369332 -0.0141783 -0.0359369
FixedParameters: 0 0 0

#Transform 87
Transform: AffineTransform_float_3_3
Parameters: 0.999953 0.00797734 0.00555295 -0.00798319 0.999968 0.000920931 -0.00554516 -0.000965064 0.999984 0.00644856 -0.182825 -0.0502408
FixedParameters: 0 0 0

#Transform 88
Transform: AffineTransform_float_3_3
Parameters: 0.999948 0.00846656 0.00555683 -0.00845706 0.999963 -0.00179604 -0.00557225 0.00174896 0.999983 0.0280909 -0.324109 -0.076954
FixedParameters: 0 0 0

#Transform 89
Transform: AffineTransform_float_3_3
Parameters: 0.999964 0.00716607 0.00452587 -0.00715626 0.999972 -0.00222021 -0.00454186 0.00218679 0.999987 0.12125 -0.145 0.225046
FixedParameters: 0 0 0

#Transform 90
Transform: AffineTransform_float_3_3
Parameters: 0.999964 0.00700731 0.00466226 -0.00699729 0.999973 -0.00218434 -0.00467805 0.00215166 0.999987 0.0955314 -0.106133 0.0439024
FixedParameters: 0 0 0

#Transform 91
Transform: AffineTransform_float_3_3
Parameters: 0.999959 0.00747982 0.0050762 -0.00746335 0.999967 -0.00318273 -0.00509959 0.00314527 0.999982 0.109192 -0.0287176 -0.0391852
FixedParameters: 0 0 0

#Transform 92
Transform: AffineTransform_float_3_3
Parameters: 0.999958 0.00759883 0.00509924 -0.00760357 0.999971 0.0008985 -0.00509254 -0.000937501 0.999986 0.0852763 -0.153823 0.209487
FixedParameters: 0 0 0

#Transform 93
Transform: AffineTransform_float_3_3
Parameters: 0.99996 0.00746099 0.00507914 -0.00744823 0.999969 -0.00264265 -0.00509848 0.00260535 0.999983 0.0571602 -0.124367 0.048485
FixedParameters: 0 0 0

#Transform 94
Transform: AffineTransform_float_3_3
Parameters: 0.999958 0.0072376 0.00560758 -0.00720894 0.999961 -0.00497307 -0.00564262 0.00493192 0.999972 0.0214312 -0.144756 -0.0189279
FixedParameters: 0 0 0

#Transform 95
Transform: AffineTransform_float_3_3
Parameters: 0.999958 0.00705823 0.00574253 -0.00701997 0.999953 -0.00659592 -0.005789 0.00655507 0.999961 0.0264904 -0.117115 0.00474205
FixedParameters: 0 0 0

#Transform 96
Transform: AffineTransform_float_3_3
Parameters: 0.999957 0.00708411 0.00608542 -0.00703958 0.999949 -0.0073694 -0.00613768 0.00732661 0.999954 0.00625926 0.0549951 -0.117098
FixedParameters: 0 0 0

#Transform 97
Transform: AffineTransform_float_3_3
Parameters: 0.999954 0.00718106 0.00636542 -0.00713511 0.999949 -0.00715994 -0.00641607 0.00711406 0.999954 -0.0167643 -0.081292 -0.15015
FixedParameters: 0 0 0

#Transform 98
Transform: AffineTransform_float_3_3
Parameters: 0.999955 0.00708518 0.00620917 -0.00704553 0.999955 -0.00638621 -0.00625489 0.00634178 0.99996 -0.026314 -0.134741 -0.205673
FixedParameters: 0 0 0

#Transform 99
Transform: AffineTransform_float_3_3
Parameters: 0.999952 0.00712426 0.00672863 -0.00707412 0.999947 -0.00745193 -0.00678131 0.00740406 0.99995 -0.0701559 -0.107439 -0.279507
FixedParameters: 0 0 0

#Transform 100
Transform: AffineTransform_float_3_3
Parameters: 0.999961 0.00586057 0.00663212 -0.00581687 0.999962 -0.00653546 -0.00666983 0.00649654 0.999956 -0.00198248 -0.0373387 -0.190835
FixedParameters: 0 0 0

#Transform 101
Transform: AffineTransform_float_3_3
Parameters: 0.999962 0.00603641 0.00632153 -0.00600068 0.999966 -0.00553693 -0.00635405 0.00549807 0.999964 -0.0240898 -0.0240008 -0.0977933
FixedParameters: 0 0 0

#Transform 102
Transform: AffineTransform_float_3_3
Parameters: 0.999956 0.00604828 0.00717929 -0.00600961 0.999967 -0.00537185 -0.00721168 0.00532814 0.999959 0.0170604 0.0282225 0.387939
FixedParameters: 0 0 0

#Transform 103
Transform: AffineTransform_float_3_3
Parameters: 0.999958 0.00547125 0.00743107 -0.00542812 0.999969 -0.00576078 -0.0074623 0.00572022 0.999955 0.0149818 0.0811002 0.313174
FixedParameters: 0 0 0

#Transform 104
Transform: AffineTransform_float_3_3
Parameters: 0.999965 0.00541138 0.00629331 -0.00536711 0.999961 -0.00701163 -0.00633127 0.00697836 0.999955 -0.0190012 -0.0187593 0.0782617
FixedParameters: 0 0 0

#Transform 105
Transform: AffineTransform_float_3_3
Parameters: 0.99996 0.00601148 0.00670443 -0.00595582 0.999948 -0.0082699 -0.0067531 0.00823011 0.999943 -0.0496198 -0.115154 0.0223407
FixedParameters: 0 0 0

#Transform 106
Transform: AffineTransform_float_3_3
Parameters: 0.999962 0.00560778 0.00668473 -0.00555784 0.999956 -0.00745994 -0.00672706 0.00742204 0.99995 0.0232705 -0.0988316 -0.0271493
FixedParameters: 0 0 0

#Transform 107
Transform: AffineTransform_float_3_3
Parameters: 0.999956 0.00595058 0.00727081 -0.0058917 0.999951 -0.00800056 -0.00731812 0.00795744 0.999942 0.00636976 -0.0858587 -0.0628864
FixedParameters: 0 0 0

#Transform 108
Transform: AffineTransform_float_3_3
Parameters: 0.999959 0.00628042 0.00655587 -0.00623149 0.999952 -0.0075039 -0.00660276 0.0074631 0.99995 0.00394083 -0.106449 -0.142084
FixedParameters: 0 0 0

#Transform 109
Transform: AffineTransform_float_3_3
Parameters: 0.999958 0.00642281 0.00657362 -0.00635634 0.999929 -0.010093 -0.00663764 0.010051 0.999928 -0.0185334 -0.155182 -0.216167
FixedParameters: 0 0 0

#Transform 110
Transform: AffineTransform_float_3_3
Parameters: 0.99997 0.00431853 0.00639589 -0.00442892 0.999839 0.0173988 -0.00631967 -0.0174272 0.999828 0.0456633 -0.0682889 -0.203969
FixedParameters: 0 0 0

#Transform 111
Transform: AffineTransform_float_3_3
Parameters: 0.999976 0.00383155 0.00569511 -0.00391275 0.99989 0.0143086 -0.00563967 -0.0143314 0.999882 0.12439 -0.0751352 -0.282033
FixedParameters: 0 0 0

#Transform 112
Transform: AffineTransform_float_3_3
Parameters: 0.999975 0.00362592 0.0061111 -0.00368681 0.999944 0.00999642 -0.00607527 -0.0100186 0.999932 0.104597 -0.000558508 -0.0713116
FixedParameters: 0 0 0

#Transform 113
Transform: AffineTransform_float_3_3
Parameters: 0.999975 0.00364869 0.00605038 -0.00373079 0.9999 0.0136384 -0.00600018 -0.0136606 0.999888 0.0744356 -0.123544 -0.157169
FixedParameters: 0 0 0

#Transform 114
Transform: AffineTransform_float_3_3
Parameters: 0.999977 0.00454189 0.00491959 -0.00459398 0.999935 0.0104658 -0.00487167 -0.0104872 0.999933 0.0808415 -0.203589 -0.154711
FixedParameters: 0 0 0

#Transform 115
Transform: AffineTransform_float_3_3
Parameters: 0.999977 0.00434534 0.00507146 -0.00438033 0.999967 0.0068542 -0.00504146 -0.0068758 0.999964 0.132999 -0.214126 -0.109588
FixedParameters: 0 0 0

#Transform 116
Transform: AffineTransform_float_3_3
Parameters: 0.999978 0.0045095 0.00483348 -0.00453422 0.999976 0.00522436 -0.00480956 -0.00524665 0.999975 0.142141 -0.248213 -0.160271
FixedParameters: 0 0 0

#Transform 117
Transform: AffineTransform_float_3_3
Parameters: 0.999977 0.00487011 0.00459726 -0.00488454 0.999983 0.00321261 -0.00458165 -0.0032354 0.999984 0.122459 -0.228103 -0.18735
FixedParameters: 0 0 0

#Transform 118
Transform: AffineTransform_float_3_3
Parameters: 0.999967 0.00511209 0.00620633 -0.00511695 0.999987 0.000760663 -0.00620265 -0.000792339 0.99998 0.103444 -0.238409 -0.193938
FixedParameters: 0 0 0

#Transform 119
Transform: AffineTransform_float_3_3
Parameters: 0.999967 0.00500794 0.00641174 -0.00501106 0.999987 0.000452389 -0.0064092 -0.000484609 0.999979 0.165059 -0.27626 -0.177295
FixedParameters: 0 0 0

#Transform 120
Transform: AffineTransform_float_3_3
Parameters: 0.999972 0.00393401 0.00627126 -0.00393186 0.999993 -0.000338978 -0.00627272 0.000314021 0.99998 0.0990225 -0.114838 -0.109016
FixedParameters: 0 0 0

#Transform 121
Transform: AffineTransform_float_3_3
Parameters: 0.99997 0.00410352 0.00664548 -0.00409741 0.999991 -0.000907415 -0.00664849 0.000880586 0.999978 0.132281 -0.116431 -0.119428
FixedParameters: 0 0 0

#Transform 122
Transform: AffineTransform_float_3_3
Parameters: 0.999966 0.00512066 0.00648332 -0.00510614 0.999985 -0.00217068 -0.00649461 0.00213732 0.999976 0.137676 -0.166571 -0.216527
FixedParameters: 0 0 0

#Transform 123
Transform: AffineTransform_float_3_3
Parameters: 0.999969 0.0054065 0.00584766 -0.00539157 0.999981 -0.00268038 -0.00586253 0.00264862 0.999979 0.0388568 -0.279573 -0.342528
FixedParameters: 0 0 0

#Transform 124
Transform: AffineTransform_float_3_3
Parameters: 0.999968 0.00564259 0.00554276 -0.00562821 0.999981 -0.00268221 -0.00555797 0.00265079 0.999981 0.0381307 -0.20658 -0.264979
FixedParameters: 0 0 0

#Transform 125
Transform: AffineTransform_float_3_3
Parameters: 0.999976 0.00539905 0.00431483 -0.00547994 0.999806 0.0189236 -0.00421132 -0.0189474 0.999812 -0.00531991 -0.159421 0.27733
FixedParameters: 0 0 0

#Transform 126
Transform: AffineTransform_float_3_3
Parameters: 0.999982 0.00471133 0.00368069 -0.00475456 0.999918 0.0119335 -0.0036241 -0.0119515 0.999922 0.140179 0.0750869 0.400725
FixedParameters: 0 0 0

#Transform 127
Transform: AffineTransform_float_3_3
Parameters: 0.999978 0.00504068 0.00427506 -0.00507719 0.999952 0.0083683 -0.00423222 -0.00838969 0.999956 0.120592 -0.0330645 0.18838
FixedParameters: 0 0 0

#Transform 128
Transform: AffineTransform_float_3_3
Parameters: 0.999977 0.00528377 0.00437443 -0.00531763 0.999956 0.00765374 -0.004333 -0.00767725 0.999961 0.123675 -0.0929536 0.0398117
FixedParameters: 0 0 0

#Transform 129
Transform: AffineTransform_float_3_3
Parameters: 0.99998 0.00507463 0.00390656 -0.0050925 0.999976 0.00456698 -0.00388302 -0.00458702 0.999982 0.118332 -0.101731 -0.02457
FixedParameters: 0 0 0

#Transform 130
Transform: AffineTransform_float_3_3
Parameters: 0.999981 0.00481138 0.00381176 -0.00482221 0.999984 0.00289646 -0.0037974 -0.00291454 0.999988 0.09551 -0.130842 -0.0921167
FixedParameters: 0 0 0

#Transform 131
Transform: AffineTransform_float_3_3
Parameters: 0.999976 0.00524007 0.00454825 -0.00525053 0.999983 0.00238705 -0.00453572 -0.00241095 0.999986 0.0930684 -0.0640494 -0.134017
FixedParameters: 0 0 0

#Transform 132
Transform: AffineTransform_float_3_3
Parameters: 0.999975 0.00526821 0.00476521 -0.00527619 0.999985 0.00161283 -0.00475749 -0.00163818 0.999987 0.0926295 -0.109643 -0.110254
FixedParameters: 0 0 0

#Transform 133
Transform: AffineTransform_float_3_3
Parameters: 0.999973 0.00537874 0.00504809 -0.00539126 0.999982 0.00245083 -0.00503423 -0.00247817 0.999984 0.0889579 -0.101233 -0.200445
FixedParameters: 0 0 0

#Transform 134
Transform: AffineTransform_float_3_3
Parameters: 0.999978 0.00504133 0.00434837 -0.00505017 0.999985 0.00220297 -0.0043376 -0.00222503 0.999988 0.0136225 -0.0846837 -0.201661
FixedParameters: 0 0 0

#Transform 135
Transform: AffineTransform_float_3_3
Parameters: 0.999979 0.00531509 0.00374278 -0.00532086 0.999985 0.00150478 -0.00373498 -0.00152421 0.999992 0.00455158 -0.099473 -0.147489
FixedParameters: 0 0 0

#Transform 136
Transform: AffineTransform_float_3_3
Parameters: 0.999972 0.00541885 0.0052826 -0.00540609 0.999982 -0.00257055 -0.00529648 0.00254145 0.999983 0.0457987 -0.0945174 -0.155769
FixedParameters: 0 0 0

#Transform 137
Transform: AffineTransform_float_3_3
Parameters: 0.999995 0.003118 4.69593e-05 -0.00311828 0.999981 0.00530561 -2.99031e-05 -0.00530539 0.999986 0.0210607 0.0324837 0.275615
FixedParameters: 0 0 0

#Transform 138
Transform: AffineTransform_float_3_3
Parameters: 0.999991 0.004098 0.00151393 -0.0041143 0.999931 0.0110245 -0.00146833 -0.0110305 0.999938 0.0334795 -0.0675817 0.233319
FixedParameters: 0 0 0

#Transform 139
Transform: AffineTransform_float_3_3
Parameters: 0.999986 0.00501597 0.00182196 -0.00502706 0.999968 0.00620941 -0.00179021 -0.00621858 0.99998 0.0489416 -0.0977862 0.0477806
FixedParameters: 0 0 0

#Transform 140
Transform: AffineTransform_float_3_3
Parameters: 0.999983 0.00510369 0.00257617 -0.00511385 0.999979 0.00390242 -0.0025568 -0.00391459 0.999989 0.0253051 -0.133273 -0.0491765
FixedParameters: 0 0 0

#Transform 141
Transform: AffineTransform_float_3_3
Parameters: 0.999983 0.00498509 0.00282737 -0.00499444 0.999982 0.00326851 -0.0028112 -0.00328249 0.999991 0.051628 -0.134497 -0.0720904
FixedParameters: 0 0 0

#Transform 142
Transform: AffineTransform_float_3_3
Parameters: 0.999983 0.00507413 0.002635 -0.00508011 0.999984 0.00233618 -0.00262357 -0.00234982 0.999994 0.0632423 -0.160279 -0.058953
FixedParameters: 0 0 0

#Transform 143
Transform: AffineTransform_float_3_3
Parameters: 0.999991 0.00420186 0.00126655 -0.00419737 0.999983 -0.00414275 -0.00128397 0.00413725 0.999991 -0.072537 -0.57748 -0.204588
FixedParameters: 0 0 0

#Transform 144
Transform: AffineTransform_float_3_3
Parameters: 0.999843 0.0155251 -0.00851753 -0.016068 0.997564 -0.0678862 0.00744236 0.0680119 0.997657 -0.625653 -2.74347 0.632686
FixedParameters: 0 0 0

#Transform 145
Transform: AffineTransform_float_3_3
Parameters: 0.999887 0.0138826 -0.00579022 -0.0140706 0.999334 -0.0336891 0.00531868 0.0337669 0.999415 -0.367087 -1.27598 0.104888
FixedParameters: 0 0 0

#Transform 146
Transform: AffineTransform_float_3_3
Parameters: 0.999953 0.0089756 -0.00346943 -0.00907871 0.99948 -0.030971 0.00318967 0.031001 0.999514 -0.266865 -1.05069 -0.0547744
FixedParameters: 0 0 0

#Transform 147
Transform: AffineTransform_float_3_3
Parameters: 0.999946 0.0101148 -0.00235399 -0.010159 0.999753 -0.0197579 0.00215401 0.0197802 0.999802 -0.3434 -1.19268 -0.023975
FixedParameters: 0 0 0

#Transform 148
Transform: AffineTransform_float_3_3
Parameters: 0.999961 0.00858946 -0.00212178 -0.00863089 0.999749 -0.0206785 0.00194344 0.0206965 0.999784 -0.286758 -0.772573 -0.0187799
FixedParameters: 0 0 0

#Transform 149
Transform: AffineTransform_float_3_3
Parameters: 0.999961 0.0088948 -0.000380712 -0.00889994 0.99979 -0.0184374 0.000216492 0.0184395 0.99983 -0.292358 -0.716135 0.690358
FixedParameters: 0 0 0

#Transform 150
Transform: AffineTransform_float_3_3
Parameters: 0.999978 0.00659863 0.000814403 -0.00659246 0.99995 -0.00748564 -0.000864698 0.00748036 0.999972 -0.152357 -0.40224 0.692287
FixedParameters: 0 0 0

#Transform 151
Transform: AffineTransform_float_3_3
Parameters: 0.99998 0.00600871 0.00204777 -0.00600316 0.999979 -0.0026022 -0.00206265 0.00258981 0.999994 -0.164107 -0.246976 0.446252
FixedParameters: 0 0 0

#Transform 152
Transform: AffineTransform_float_3_3
Parameters: 0.999977 0.00605983 0.00282628 -0.0060461 0.999971 -0.00478595 -0.00285435 0.00476905 0.999984 -0.171414 -0.380287 0.301348
FixedParameters: 0 0 0

#Transform 153
Transform: AffineTransform_float_3_3
Parameters: 0.99998 0.00627522 0.00136986 -0.00626563 0.999956 -0.00692073 -0.00141302 0.00691227 0.999975 -0.102263 -0.328709 0.144097
FixedParameters: 0 0 0

#Transform 154
Transform: AffineTransform_float_3_3
Parameters: 0.99998 0.00587166 0.00239596 -0.00585213 0.999952 -0.00787287 -0.00244211 0.00785912 0.999966 -0.160426 -0.399417 0.0729215
FixedParameters: 0 0 0

#Transform 155
Transform: AffineTransform_float_3_3
Parameters: 0.999981 0.00597132 0.00167368 -0.00595856 0.999954 -0.00748196 -0.00171813 0.00747204 0.999971 -0.128584 -0.462766 -0.0129601
FixedParameters: 0 0 0

#Transform 156
Transform: AffineTransform_float_3_3
Parameters: 0.999979 0.00615908 0.00204502 -0.00614107 0.999941 -0.0089466 -0.00209988 0.0089344 0.999958 -0.148355 -0.49184 0.0235339
FixedParameters: 0 0 0

#Transform 157
Transform: AffineTransform_float_3_3
Parameters: 0.999978 0.00635173 0.00161338 -0.00633579 0.999928 -0.0101704 -0.00167731 0.0101596 0.999947 -0.141672 -0.583024 -0.0304879
FixedParameters: 0 0 0

#Transform 158
Transform: AffineTransform_float_3_3
Parameters: 0.99998 0.00581794 0.00253648 -0.00579246 0.999935 -0.00983458 -0.00259314 0.00981941 0.999948 -0.121296 -0.51183 -0.131893
FixedParameters: 0 0 0

#Transform 159
Transform: AffineTransform_float_3_3
Parameters: 0.999982 0.00555215 0.0023543 -0.00552947 0.999942 -0.00923782 -0.00240538 0.00922517 0.999954 -0.1584 -0.539513 -0.114204
FixedParameters: 0 0 0

#Transform 160
Transform: AffineTransform_float_3_3
Parameters: 0.999983 0.00539393 0.00242259 -0.00538407 0.999977 -0.0040557 -0.00244467 0.0040423 0.999989 -0.244218 -0.744029 0.0821881
FixedParameters: 0 0 0

#Transform 161
Transform: AffineTransform_float_3_3
Parameters: 0.999985 0.0037276 0.00384274 -0.00371263 0.999986 -0.00379925 -0.00385616 0.00378474 0.999985 -0.212379 -0.398876 0.0721363
FixedParameters: 0 0 0

#Transform 162
Transform: AffineTransform_float_3_3
Parameters: 0.999963 0.00614391 0.00592461 -0.00609735 0.999952 -0.00775536 -0.0059718 0.00771965 0.999953 -0.194078 -0.303098 -0.0445212
FixedParameters: 0 0 0

#Transform 163
Transform: AffineTransform_float_3_3
Parameters: 0.99996 0.0073327 0.00499575 -0.00728201 0.999922 -0.0101284 -0.00506964 0.0100916 0.999936 -0.243271 -0.490271 -0.212863
FixedParameters: 0 0 0

#Transform 164
Transform: AffineTransform_float_3_3
Parameters: 0.999971 0.00679728 0.00358454 -0.00675913 0.99992 -0.0106803 -0.00365595 0.0106557 0.999937 -0.195529 -0.43262 -0.317825
FixedParameters: 0 0 0

#Transform 165
Transform: AffineTransform_float_3_3
Parameters: 0.99997 0.0066908 0.00404602 -0.00664909 0.999923 -0.0104299 -0.00411553 0.0104021 0.999937 -0.204793 -0.485773 -0.256366
FixedParameters: 0 0 0

#Transform 166
Transform: AffineTransform_float_3_3
Parameters: 0.999975 0.0060787 0.00364092 -0.00604578 0.999942 -0.00900785 -0.00369514 0.00898615 0.999952 -0.200654 -0.456616 -0.271594
FixedParameters: 0 0 0

#Transform 167
Transform: AffineTransform_float_3_3
Parameters: 0.999974 0.00573428 0.00424609 -0.00569735 0.999947 -0.00859675 -0.00429519 0.00857224 0.999954 -0.218995 -0.442538 -0.29866
FixedParameters: 0 0 0

#Transform 168
Transform: AffineTransform_float_3_3
Parameters: 0.999974 0.00559456 0.00466779 -0.00554101 0.999919 -0.0114143 -0.00473077 0.0113886 0.999923 -0.241477 -0.543612 -0.405556
FixedParameters: 0 0 0

#Transform 169
Transform: AffineTransform_float_3_3
Parameters: 0.999974 0.00546827 0.00466803 -0.00541201 0.999916 -0.0118077 -0.00473232 0.0117813 0.999919 -0.210396 -0.569296 -0.495503
FixedParameters: 0 0 0

#Transform 170
Transform: AffineTransform_float_3_3
Parameters: 0.999975 0.0056487 0.00411307 -0.00559362 0.999896 -0.0132756 -0.00418711 0.0132524 0.999904 -0.22249 -0.664228 -0.459949
FixedParameters: 0 0 0

#Transform 171
Transform: AffineTransform_float_3_3
Parameters: 0.999977 0.00571464 0.00364265 -0.00566794 0.999901 -0.0128914 -0.00371557 0.0128706 0.99991 -0.247532 -0.578659 -0.421088
FixedParameters: 0 0 0

#Transform 172
Transform: AffineTransform_float_3_3
Parameters: 0.999977 0.00574423 0.00375609 -0.00569022 0.999882 -0.0143232 -0.00383868 0.0143018 0.99989 -0.255736 -0.625944 -0.553041
FixedParameters: 0 0 0

#Transform 173
Transform: AffineTransform_float_3_3
Parameters: 0.999971 0.00625463 0.00419965 -0.00618905 0.999859 -0.0155989 -0.00429685 0.0155731 0.99987 -0.267628 -0.693561 -0.613074
FixedParameters: 0 0 0

#Transform 174
Transform: AffineTransform_float_3_3
Parameters: 0.999963 0.0060097 0.00614326 -0.00591794 0.999874 -0.0147357 -0.0062308 0.0146993 0.999872 -0.198881 -0.753745 -0.71503
FixedParameters: 0 0 0

#Transform 175
Transform: AffineTransform_float_3_3
Parameters: 0.999963 0.00603415 0.00613349 -0.00594353 0.999873 -0.0147478 -0.00622186 0.0147102 0.999873 -0.208879 -0.729874 -0.544624
FixedParameters: 0 0 0

#Transform 176
Transform: AffineTransform_float_3_3
Parameters: 0.999961 0.00607826 0.00630586 -0.00595467 0.999795 -0.0193801 -0.00642204 0.0193419 0.999793 -0.196286 -0.576062 -0.623583
FixedParameters: 0 0 0

#Transform 177
Transform: AffineTransform_float_3_3
Parameters: 0.999967 0.00596198 0.0055428 -0.00584736 0.999772 -0.0205571 -0.00566397 0.0205239 0.999773 -0.210194 -0.493224 -0.770079
FixedParameters: 0 0 0

#Transform 178
Transform: AffineTransform_float_3_3
Parameters: 0.999972 0.00615855 0.00410311 -0.00606358 0.999726 -0.022615 -0.00424113 0.0225901 0.999736 -0.312276 -0.644246 -0.840503
FixedParameters: 0 0 0

#Transform 179
Transform: AffineTransform_float_3_3
Parameters: 0.999963 0.00628542 0.00585111 -0.00615031 0.999719 -0.0228648 -0.00599373 0.0228282 0.999722 -0.304608 -0.769714 -1.02357
FixedParameters: 0 0 0

#Transform 180
Transform: AffineTransform_float_3_3
Parameters: 0.999967 0.00587949 0.00551049 -0.00574508 0.999693 -0.0241154 -0.00565019 0.0240826 0.999694 -0.269335 -0.841212 -0.934073
FixedParameters: 0 0 0

#Transform 181
Transform: AffineTransform_float_3_3
Parameters: 0.999962 0.00696412 0.00511307 -0.00682594 0.999626 -0.0264823 -0.0052954 0.0264467 0.999636 -0.254986 -0.924261 -1.05641
FixedParameters: 0 0 0

#Transform 182
Transform: AffineTransform_float_3_3
Parameters: 0.999965 0.00738747 0.00393875 -0.00727781 0.999602 -0.0272505 -0.004139 0.0272215 0.999621 -0.282988 -0.98769 -1.15236
FixedParameters: 0 0 0

#Transform 183
Transform: AffineTransform_float_3_3
Parameters: 0.999963 0.00780465 0.00358824 -0.00769547 0.999537 -0.0294489 -0.00381637 0.0294201 0.99956 -0.331782 -1.06296 -1.35163
FixedParameters: 0 0 0

#Transform 184
Transform: AffineTransform_float_3_3
Parameters: 0.999958 0.00767198 0.00515216 -0.00752313 0.999571 -0.0282916 -0.0053675 0.0282524 0.999587 -0.300904 -1.03043 -1.24031
FixedParameters: 0 0 0

#Transform 185
Transform: AffineTransform_float_3_3
Parameters: 0.999955 0.0074059 0.00604579 -0.00723164 0.999572 -0.0283373 -0.00625363 0.0282927 0.99958 -0.294481 -1.02318 -1.26853
FixedParameters: 0 0 0

#Transform 186
Transform: AffineTransform_float_3_3
Parameters: 0.999964 0.00683057 0.00498678 -0.00668692 0.999577 -0.0282978 -0.00517809 0.0282632 0.999587 -0.269234 -1.04454 -1.25705
FixedParameters: 0 0 0

#Transform 187
Transform: AffineTransform_float_3_3
Parameters: 0.999957 0.00721112 0.00595194 -0.00704031 0.99958 -0.0281234 -0.00615206 0.0280796 0.999587 -0.225875 -1.02652 -1.29704
FixedParameters: 0 0 0

#Transform 188
Transform: AffineTransform_float_3_3
Parameters: 0.999952 0.0073957 0.00640024 -0.00720925 0.999562 -0.0287177 -0.00661 0.0286704 0.999568 -0.272077 -1.05344 -1.32337
FixedParameters: 0 0 0

#Transform 189
Transform: AffineTransform_float_3_3
