# transform file /out/sourcedata/freesurfer/sub-v1s22x0050520_ses-1/mri/transforms/cc_up.lta
# created by oesteban on Mon Mar  9 17:49:27 2026

type      = 0 # LINEAR_VOX_TO_VOX
nxforms   = 1
mean      = 127.0000 100.0000 119.0000
sigma     = 10000.0000
1 4 4
9.979909062385559e-01 -6.297307461500168e-02 -6.966797634959221e-03 9.359944343566895e+00 
6.297153979539871e-02 9.980152249336243e-01 -4.395931609906256e-04 4.035491561889648e+01 
6.980652920901775e-03 0.000000000000000e+00 9.999756217002869e-01 1.413215160369873e+01 
0.000000000000000e+00 0.000000000000000e+00 0.000000000000000e+00 1.000000000000000e+00 
src volume info
valid = 1  # volume info valid
filename = /out/sourcedata/freesurfer/sub-v1s22x0050520_ses-1/mri/norm.mgz
volume = 256 256 256
voxelsize = 1.000000000000000e+00 1.000000000000000e+00 1.000000000000000e+00
xras   = -1.000000000000000e+00 -2.228262019343674e-10 0.000000000000000e+00
yras   = 0.000000000000000e+00 -5.820766091346741e-11 -9.999999403953552e-01
zras   = 2.228262019343674e-10 1.000000119209290e+00 -5.820766091346741e-11
cras   = 4.472183227539062e+00 3.521585083007812e+01 -1.440621948242188e+01
dst volume info
valid = 1  # volume info valid
filename = /out/sourcedata/freesurfer/sub-v1s22x0050520_ses-1/mri/norm.mgz
volume = 256 256 256
voxelsize = 1.000000000000000e+00 1.000000000000000e+00 1.000000000000000e+00
xras   = -1.000000000000000e+00 -2.228262019343674e-10 0.000000000000000e+00
yras   = 0.000000000000000e+00 -5.820766091346741e-11 -9.999999403953552e-01
zras   = 2.228262019343674e-10 1.000000119209290e+00 -5.820766091346741e-11
cras   = 4.472183227539062e+00 3.521585083007812e+01 -1.440621948242188e+01
