type      = 1 # LINEAR_RAS_TO_RAS
nxforms   = 1
mean      = 0.0000 0.0000 0.0000
sigma     = 1.0000
1 4 4
1.048774003982544e+00 1.296299975365400e-02 -9.010600298643112e-02 -5.356369018554688e+00 
-7.594000082463026e-03 1.057692050933838e+00 1.076159998774529e-01 -4.510700225830078e+01 
4.993699863553047e-02 -9.442099928855896e-02 1.078480958938599e+00 -7.759368896484375e+00 
0.000000000000000e+00 0.000000000000000e+00 0.000000000000000e+00 1.000000000000000e+00 
src volume info
valid = 1  # volume info valid
filename = /out/sourcedata/freesurfer/sub-v1s22x0050520_ses-1/mri/orig_nu.mgz
volume = 256 256 256
voxelsize = 1.000000000000000e+00 1.000000000000000e+00 1.000000000000000e+00
xras   = -1.000000000000000e+00 -2.228262019343674e-10 0.000000000000000e+00
yras   = 0.000000000000000e+00 -5.820766091346741e-11 -9.999999403953552e-01
zras   = 2.228262019343674e-10 1.000000119209290e+00 -5.820766091346741e-11
cras   = 4.472183227539062e+00 3.521585083007812e+01 -1.440621948242188e+01
dst volume info
valid = 1  # volume info valid
filename = /opt/freesurfer/average/mni305.cor.mgz
volume = 256 256 256
voxelsize = 1.000000000000000e+00 1.000000000000000e+00 1.000000000000000e+00
xras   = -1.000000000000000e+00 0.000000000000000e+00 0.000000000000000e+00
yras   = 0.000000000000000e+00 0.000000000000000e+00 -1.000000000000000e+00
zras   = 0.000000000000000e+00 1.000000000000000e+00 0.000000000000000e+00
cras   = 0.000000000000000e+00 0.000000000000000e+00 0.000000000000000e+00
subject fsaverage
fscale 0.100000
