type      = 0 # LINEAR_VOX_TO_VOX
nxforms   = 1
mean      = 0.0000 0.0000 0.0000
sigma     = 1.0000
1 4 4
1.048774003982544e+00 -9.010599553585052e-02 -1.296300161629915e-02 5.861228942871094e+00 
4.993699863553047e-02 1.078480839729309e+00 9.442101418972015e-02 -2.125396728515625e+00 
7.593999616801739e-03 -1.076159924268723e-01 1.057692170143127e+00 -4.025558471679688e+00 
0.000000000000000e+00 0.000000000000000e+00 0.000000000000000e+00 1.000000000000000e+00 
src volume info
valid = 1  # volume info valid
filename = /out/sourcedata/freesurfer/sub-v1s22x0050520_ses-1/mri/orig.mgz
volume = 256 256 256
voxelsize = 1.000000000000000e+00 1.000000000000000e+00 1.000000000000000e+00
xras   = -1.000000000000000e+00 -2.228262019343674e-10 0.000000000000000e+00
yras   = 0.000000000000000e+00 -5.820766091346741e-11 -9.999999403953552e-01
zras   = 2.228262019343674e-10 1.000000119209290e+00 -5.820766091346741e-11
cras   = 4.472183227539062e+00 3.521585083007812e+01 -1.440621948242188e+01
dst volume info
valid = 1  # volume info valid
filename = /opt/freesurfer/average/mni305.cor.mgz
volume = 256 256 256
voxelsize = 1.000000000000000e+00 1.000000000000000e+00 1.000000000000000e+00
xras   = -1.000000000000000e+00 0.000000000000000e+00 0.000000000000000e+00
yras   = 0.000000000000000e+00 0.000000000000000e+00 -1.000000000000000e+00
zras   = 0.000000000000000e+00 1.000000000000000e+00 0.000000000000000e+00
cras   = 0.000000000000000e+00 0.000000000000000e+00 0.000000000000000e+00
subject fsaverage
fscale 0.100000
