# transform file transforms/talairach.lta
# created by oesteban on Mon Mar  9 16:34:40 2026

type      = 0 # LINEAR_VOX_TO_VOX
nxforms   = 1
mean      = 126.0000 101.0000 118.0000
sigma     = 10000.0000
1 4 4
1.033504009246826e+00 -4.933641850948334e-02 -2.301082946360111e-03 9.216341376304626e-01 
5.647480487823486e-02 1.114562749862671e+00 9.965409338474274e-02 -8.288984298706055e+00 
-2.379491459578276e-03 -9.553425759077072e-02 1.048462629318237e+00 -3.441128730773926e+00 
0.000000000000000e+00 0.000000000000000e+00 0.000000000000000e+00 1.000000000000000e+00 
src volume info
valid = 1  # volume info valid
filename = nu.mgz
volume = 256 256 256
voxelsize = 1.000000000000000e+00 1.000000000000000e+00 1.000000000000000e+00
xras   = -1.000000000000000e+00 -2.228262019343674e-10 0.000000000000000e+00
yras   = 0.000000000000000e+00 -5.820766091346741e-11 -9.999999403953552e-01
zras   = 2.228262019343674e-10 1.000000119209290e+00 -5.820766091346741e-11
cras   = 4.472183227539062e+00 3.521585083007812e+01 -1.440621948242188e+01
dst volume info
valid = 1  # volume info valid
filename = /opt/freesurfer/average/RB_all_2020-01-02.gca
volume = 256 256 256
voxelsize = 1.000000000000000e+00 1.000000000000000e+00 1.000000000000000e+00
xras   = -1.000000000000000e+00 0.000000000000000e+00 0.000000000000000e+00
yras   = 0.000000000000000e+00 0.000000000000000e+00 -1.000000000000000e+00
zras   = 0.000000000000000e+00 1.000000000000000e+00 0.000000000000000e+00
cras   = 0.000000000000000e+00 0.000000000000000e+00 0.000000000000000e+00
