#Insight Transform File V1.0
#Transform 0
Transform: AffineTransform_float_3_3
Parameters: 0.999992 -0.00161782 0.00384572 0.00158018 0.999953 0.00955816 -0.00386128 -0.00955184 0.999947 -0.141414 -0.382763 0.117667
FixedParameters: 0 0 0

#Transform 1
Transform: AffineTransform_float_3_3
Parameters: 0.999999 -0.000550702 0.00068764 0.000549299 0.999997 0.00247338 -0.00068836 -0.00247362 0.999996 -0.00184856 -0.180354 0.0990201
FixedParameters: 0 0 0

#Transform 2
Transform: AffineTransform_float_3_3
Parameters: 0.999999 -0.000335198 0.000688418 0.000333802 0.999999 0.00174023 -0.000688582 -0.00173977 0.999998 -0.00614985 -0.110949 0.0998372
FixedParameters: 0 0 0

#Transform 3
Transform: AffineTransform_float_3_3
Parameters: 0.999999 -0.00055581 0.0014169 0.00055219 0.999998 0.00198278 -0.0014181 -0.00198221 0.999997 -0.0231297 -0.0856793 0.0831931
FixedParameters: 0 0 0

#Transform 4
Transform: AffineTransform_float_3_3
Parameters: 0.999999 -0.000562675 0.00117572 0.000559328 0.999998 0.00227366 -0.00117627 -0.00227334 0.999996 -0.0427884 -0.0574293 0.00122961
FixedParameters: 0 0 0

#Transform 5
Transform: AffineTransform_float_3_3
Parameters: 0.999999 -0.000611241 0.00114522 0.000606756 0.99999 0.0045707 -0.00114879 -0.0045703 0.999989 -0.0260988 -0.227041 -0.0266996
FixedParameters: 0 0 0

#Transform 6
Transform: AffineTransform_float_3_3
Parameters: 0.999999 -0.000148913 0.00155954 0.000144085 0.999995 0.00315023 -0.00156046 -0.00314977 0.999994 -0.0541886 -0.142387 0.00291193
FixedParameters: 0 0 0

#Transform 7
Transform: AffineTransform_float_3_3
Parameters: 0.999999 -0.000144618 0.00132393 0.000144382 1 0.000467192 -0.00132407 -0.000466809 0.999999 -0.0461698 -0.06738 0.0301658
FixedParameters: 0 0 0

#Transform 8
Transform: AffineTransform_float_3_3
Parameters: 1 -8.75225e-05 0.00111896 8.64774e-05 1 0.000467097 -0.00111904 -0.000466902 1 -0.0285839 -0.0381461 0.0117563
FixedParameters: 0 0 0

#Transform 9
Transform: AffineTransform_float_3_3
Parameters: 1 -6.80835e-05 0.00120794 6.69163e-05 0.999999 0.000897081 -0.00120806 -0.000896918 0.999999 -0.0383835 -0.0670387 0.0308378
FixedParameters: 0 0 0

#Transform 10
Transform: AffineTransform_float_3_3
Parameters: 0.999999 -0.000209415 0.000701876 0.000208585 1 0.000591146 -0.000702123 -0.000590853 0.999999 -0.00472792 -0.0310346 0.0220166
FixedParameters: 0 0 0

#Transform 11
Transform: AffineTransform_float_3_3
Parameters: 1 -8.7189e-05 0.000229928 8.68109e-05 0.999999 0.000822019 -0.000230071 -0.000821979 0.999999 -0.000968097 -0.0822888 0.053507
FixedParameters: 0 0 0

#Transform 12
Transform: AffineTransform_float_3_3
Parameters: 1 -4.70468e-05 0.000116981 4.69532e-05 1 0.000400005 -0.000117019 -0.000399994 1 -0.00381739 0.0159422 0.00832948
FixedParameters: 0 0 0

#Transform 13
Transform: AffineTransform_float_3_3
Parameters: 0.999995 0.000798999 0.00328144 -0.000821 0.999977 0.00670935 -0.00327557 -0.00671166 0.999972 -0.119613 -0.260549 0.096803
FixedParameters: 0 0 0

#Transform 14
Transform: AffineTransform_float_3_3
Parameters: 1 -8.59969e-06 0.00050099 8.4003e-06 1 0.001197 -0.00050101 -0.001197 0.999999 -0.0223525 -0.0861532 -0.0329325
FixedParameters: 0 0 0

#Transform 15
Transform: AffineTransform_float_3_3
Parameters: 1 0.00033644 0.000501376 -0.000337561 1 0.00111783 -0.000501623 -0.00111817 0.999999 -0.00638454 -0.0479966 -0.0990289
FixedParameters: 0 0 0

#Transform 16
Transform: AffineTransform_float_3_3
Parameters: 1 0.000336992 2.51088e-05 -0.000337008 1 0.000322992 -2.48911e-05 -0.000323008 1 0.00214051 0.0346191 -0.0049022
FixedParameters: 0 0 0

#Transform 17
Transform: AffineTransform_float_3_3
Parameters: 1 -7.98181e-05 -0.000563026 8.01818e-05 1 0.000322955 0.000562974 -0.000323045 1 0.0296303 -0.0541975 0.0213247
FixedParameters: 0 0 0

#Transform 18
Transform: AffineTransform_float_3_3
Parameters: 0.999999 -0.000310522 -0.000849808 0.000310477 1 -0.000615264 0.00084919 0.000614736 0.999999 0.0343007 0.0226726 0.0848495
FixedParameters: 0 0 0

#Transform 19
Transform: AffineTransform_float_3_3
Parameters: 1 -8.00136e-05 -0.000398997 7.99864e-05 1 -3.40319e-05 0.000399003 3.39681e-05 1 0.025402 -0.0364412 0.0213383
FixedParameters: 0 0 0

#Transform 20
Transform: AffineTransform_float_3_3
Parameters: 1 4.91389e-06 -0.000207002 -5.08611e-06 1 -0.000415999 0.000206998 0.000416001 1 0.0113514 0.0166248 0.0263751
FixedParameters: 0 0 0

#Transform 21
Transform: AffineTransform_float_3_3
Parameters: 1 -8.02417e-05 0.000332942 8.07582e-05 0.999999 0.000726027 -0.000333059 -0.000725973 0.999999 -0.0133487 -0.077726 -0.0172234
FixedParameters: 0 0 0

#Transform 22
Transform: AffineTransform_float_3_3
Parameters: 1 0.000261001 3.90369e-06 -0.000260998 1 -0.000369001 -4.09631e-06 0.000368999 1 0.00797949 0.0171418 0.00668718
FixedParameters: 0 0 0

#Transform 23
Transform: AffineTransform_float_3_3
Parameters: 1 0.000458007 -6.89519e-05 -0.000457993 1 0.000105032 6.90481e-05 -0.000104968 1 -0.00526535 -0.0282989 -0.0286422
FixedParameters: 0 0 0

#Transform 24
Transform: AffineTransform_float_3_3
Parameters: 1 0.000102108 -0.000154929 -0.000101892 1 0.000695015 0.000155071 -0.000694984 0.999999 0.00894632 -0.00302478 -0.0912352
FixedParameters: 0 0 0

#Transform 25
Transform: AffineTransform_float_3_3
Parameters: 0.999998 -0.00010342 0.00230307 8.05798e-05 0.999949 0.0101672 -0.00230394 -0.0101668 0.999945 -0.118094 -0.280346 -0.854464
FixedParameters: 0 0 0

#Transform 26
Transform: AffineTransform_float_3_3
Parameters: 0.999999 0.000240853 0.000971785 -0.000244147 0.999994 0.00323876 -0.000971214 -0.00323924 0.999995 -0.0671387 -0.106102 -0.200032
FixedParameters: 0 0 0

#Transform 27
Transform: AffineTransform_float_3_3
Parameters: 0.999999 0.00033216 0.000897056 -0.000334839 0.999995 0.0031667 -0.000895943 -0.0031673 0.999994 -0.0597697 -0.0987674 -0.260293
FixedParameters: 0 0 0

#Transform 28
Transform: AffineTransform_float_3_3
Parameters: 0.999999 0.000598589 0.00114978 -0.000602411 0.999995 0.00296831 -0.00114822 -0.00296869 0.999995 -0.0772239 -0.0610209 -0.228757
FixedParameters: 0 0 0

#Transform 29
Transform: AffineTransform_float_3_3
Parameters: 1 0.000648608 -0.000265519 -0.000647393 0.999997 0.00228517 0.00026648 -0.00228483 0.999998 0.00298288 -0.0957558 -0.102793
FixedParameters: 0 0 0

#Transform 30
Transform: AffineTransform_float_3_3
Parameters: 1 0.000365698 0.00011794 -0.000366302 0.999996 0.00256896 -0.000117059 -0.00256904 0.999996 -0.0144134 -0.073781 -0.158195
FixedParameters: 0 0 0

#Transform 31
Transform: AffineTransform_float_3_3
Parameters: 1 0.000517805 7.14263e-05 -0.000518196 0.999996 0.00275396 -7.05732e-05 -0.00275404 0.999996 -0.0165552 -0.0774959 -0.160903
FixedParameters: 0 0 0

#Transform 32
Transform: AffineTransform_float_3_3
Parameters: 1 0.000563651 0.000133482 -0.00056435 0.999997 0.00262792 -0.000132517 -0.00262807 0.999996 -0.0240665 -0.093265 -0.159193
FixedParameters: 0 0 0

#Transform 33
Transform: AffineTransform_float_3_3
Parameters: 0.999999 0.000669275 0.000327486 -0.000670724 0.999998 0.00221878 -0.000325512 -0.00221922 0.999998 -0.0314781 -0.0552707 -0.127767
FixedParameters: 0 0 0

#Transform 34
Transform: AffineTransform_float_3_3
Parameters: 0.999999 0.000669314 0.000330393 -0.000670684 0.999997 0.00207978 -0.000328606 -0.00207922 0.999998 -0.0446663 -0.0548448 -0.138593
FixedParameters: 0 0 0

#Transform 35
Transform: AffineTransform_float_3_3
Parameters: 0.999999 0.000668875 0.000531419 -0.000670124 0.999998 0.00211964 -0.00052958 -0.00212036 0.999997 -0.075425 -0.0729179 -0.129261
FixedParameters: 0 0 0

#Transform 36
Transform: AffineTransform_float_3_3
Parameters: 0.999999 0.000669143 0.000466232 -0.000669858 0.999998 0.00183969 -0.000465769 -0.00183931 0.999998 -0.0732353 -0.031868 -0.148677
FixedParameters: 0 0 0

#Transform 37
Transform: AffineTransform_float_3_3
Parameters: 1 0.00050605 -5.55456e-05 -0.000505951 1 0.000898028 5.54543e-05 -0.000897972 0.999999 -0.0506008 -0.0138314 -0.197123
FixedParameters: 0 0 0

#Transform 38
Transform: AffineTransform_float_3_3
Parameters: 0.999999 0.000598253 -0.000782571 -0.000598746 1 -0.000953532 0.000782429 0.000954469 0.999999 -0.0182126 0.132953 -0.255458
FixedParameters: 0 0 0

#Transform 39
Transform: AffineTransform_float_3_3
Parameters: 0.999999 0.000670479 -0.000445279 -0.000670521 0.999999 0.0010763 0.000445722 -0.0010757 1 -0.0328088 0.0114087 -0.196248
FixedParameters: 0 0 0

#Transform 40
Transform: AffineTransform_float_3_3
Parameters: 1 0.000166087 0.000305953 -0.000165913 1 -0.000285051 -0.000306047 0.000284949 1 -0.0876846 0.066117 -0.239519
FixedParameters: 0 0 0

#Transform 41
Transform: AffineTransform_float_3_3
Parameters: 0.999999 0.000238124 0.00140881 -0.000236877 0.999999 -0.000797334 -0.00140919 0.000797665 0.999998 -0.112033 0.0880049 -0.246106
FixedParameters: 0 0 0

#Transform 42
Transform: AffineTransform_float_3_3
Parameters: 0.999999 7.82149e-05 -0.000866217 -6.87874e-05 0.999944 0.0106331 0.00086678 -0.0106329 0.999943 -0.142994 -0.307422 -0.363933
FixedParameters: 0 0 0

#Transform 43
Transform: AffineTransform_float_3_3
Parameters: 0.999997 0.00182872 0.00155269 -0.00183128 0.999997 0.00146916 -0.00155031 -0.00147184 0.999997 -0.106929 -0.135465 0.295507
FixedParameters: 0 0 0

#Transform 44
Transform: AffineTransform_float_3_3
Parameters: 0.999999 0.00105176 -0.000700859 -0.00105124 0.999999 0.00108574 0.000702142 -0.00108526 0.999999 -0.00661155 -0.0571182 0.161228
FixedParameters: 0 0 0

#Transform 45
Transform: AffineTransform_float_3_3
Parameters: 0.999957 0.00933112 0.000466335 -0.00933288 0.999947 0.00421283 -0.000426664 -0.00421716 0.999991 -0.355194 -0.109396 -0.0871259
FixedParameters: 0 0 0

#Transform 46
Transform: AffineTransform_float_3_3
Parameters: 0.999807 0.0178289 -0.00822961 -0.0177621 0.999809 0.00813075 0.00837238 -0.00798227 0.999933 -0.116246 -0.133559 -0.461561
FixedParameters: 0 0 0

#Transform 47
Transform: AffineTransform_float_3_3
Parameters: 0.999984 -0.00567617 0.000830547 0.00564785 0.999482 0.0316912 -0.00100948 -0.0316858 0.999498 -0.246094 -0.726992 -2.52533
FixedParameters: 0 0 0

#Transform 48
Transform: AffineTransform_float_3_3
Parameters: 0.999991 -0.00321754 0.00295389 0.00310245 0.999273 0.0379955 -0.00307408 -0.0379855 0.999273 -0.288107 -0.881225 -3.67535
FixedParameters: 0 0 0

#Transform 49
Transform: AffineTransform_float_3_3
Parameters: 0.999987 -0.00408349 0.00303277 0.0039525 0.999116 0.0418535 -0.00320121 -0.0418405 0.999119 -0.228235 -1.00268 -4.05302
FixedParameters: 0 0 0

#Transform 50
Transform: AffineTransform_float_3_3
Parameters: 0.999989 -0.00444448 -0.000886647 0.00448254 0.998758 0.0496225 0.000665378 -0.0496254 0.998767 -0.114699 -1.222 -2.83483
FixedParameters: 0 0 0

#Transform 51
Transform: AffineTransform_float_3_3
Parameters: 0.999983 -0.00570534 -0.000296149 0.00571064 0.996906 0.0783885 -0.000152119 -0.0783884 0.996923 -0.228667 -2.79345 -0.997352
FixedParameters: 0 0 0

#Transform 52
Transform: AffineTransform_float_3_3
Parameters: 0.999986 -0.00130685 -0.0049991 0.00152814 0.999008 0.0444929 0.00493589 -0.0445 0.998997 0.0193536 -1.6166 -0.227782
FixedParameters: 0 0 0

#Transform 53
Transform: AffineTransform_float_3_3
Parameters: 0.999998 0.00175188 -0.00148717 -0.0017021 0.999457 0.0329026 0.00154484 -0.0328994 0.999458 -0.106746 -1.03358 -0.385449
FixedParameters: 0 0 0

#Transform 54
Transform: AffineTransform_float_3_3
Parameters: 0.999997 0.00233989 0.00020604 -0.00234514 0.999551 0.0298936 -0.000136955 -0.0298944 0.999553 -0.182998 -0.894215 -0.504811
FixedParameters: 0 0 0

#Transform 55
Transform: AffineTransform_float_3_3
Parameters: 0.999997 0.00242917 0.000137531 -0.00243184 0.999633 0.0269557 -7.24733e-05 -0.0269562 0.999636 -0.179453 -0.786481 -0.584798
FixedParameters: 0 0 0

#Transform 56
Transform: AffineTransform_float_3_3
Parameters: 0.999998 0.00195914 -0.000702761 -0.00194585 0.999807 0.0195874 0.000741254 -0.0195856 0.999808 -0.107884 -0.630734 -0.337298
FixedParameters: 0 0 0

#Transform 57
Transform: AffineTransform_float_3_3
Parameters: 0.999997 0.00151188 -0.00157085 -0.00148112 0.999809 0.0194754 0.00160015 -0.0194726 0.999809 -0.0786518 -0.621666 -0.382409
FixedParameters: 0 0 0

#Transform 58
Transform: AffineTransform_float_3_3
Parameters: 0.999998 0.0010708 -0.00207951 -0.00102721 0.99979 0.0204752 0.00210047 -0.0204728 0.999788 -0.0431799 -0.65472 -0.398928
FixedParameters: 0 0 0

#Transform 59
Transform: AffineTransform_float_3_3
Parameters: 0.999997 0.001943 -0.00186014 -0.001911 0.999852 0.0170556 0.00189286 -0.0170514 0.999853 -0.101954 -0.497227 -0.412639
FixedParameters: 0 0 0

#Transform 60
Transform: AffineTransform_float_3_3
Parameters: 0.999995 0.00299785 -0.00117559 -0.00297816 0.999859 0.0165386 0.00122442 -0.0165354 0.999863 -0.109966 -0.514109 -0.243173
FixedParameters: 0 0 0

#Transform 61
Transform: AffineTransform_float_3_3
Parameters: 0.999994 0.00283982 -0.00167002 -0.00280817 0.99982 0.0187598 0.00172297 -0.0187542 0.999822 -0.0951807 -0.535874 -0.564021
FixedParameters: 0 0 0

#Transform 62
Transform: AffineTransform_float_3_3
Parameters: 0.999996 0.00255793 -0.000527803 -0.00254506 0.999727 0.0231984 0.000587199 -0.0231976 0.99973 -0.142344 -0.586373 -1.17179
FixedParameters: 0 0 0

#Transform 63
Transform: AffineTransform_float_3_3
Parameters: 0.999987 0.00397952 -0.00324045 -0.00390947 0.999768 0.021184 0.00332454 -0.0211711 0.999771 -0.0211944 -0.264135 -1.91848
FixedParameters: 0 0 0

#Transform 64
Transform: AffineTransform_float_3_3
Parameters: 0.99999 0.00319666 -0.00293194 -0.00313036 0.999742 0.0224654 0.00300207 -0.0224556 0.999744 -0.0667767 -0.475061 -1.45095
FixedParameters: 0 0 0

#Transform 65
Transform: AffineTransform_float_3_3
Parameters: 0.999989 0.00331913 -0.00311594 -0.00324887 0.999747 0.0222483 0.00318905 -0.0222376 0.999747 -0.0516754 -0.406313 -2.053
FixedParameters: 0 0 0

#Transform 66
Transform: AffineTransform_float_3_3
Parameters: 0.999987 0.00355913 -0.0037714 -0.00348486 0.999804 0.0194834 0.0038406 -0.0194696 0.999803 -0.0392183 -0.51016 -0.871546
FixedParameters: 0 0 0

#Transform 67
Transform: AffineTransform_float_3_3
Parameters: 0.999986 0.00366024 -0.00377216 -0.00358876 0.999819 0.0187228 0.00383984 -0.0187092 0.999818 -0.0580918 -0.492575 -0.831116
FixedParameters: 0 0 0

#Transform 68
Transform: AffineTransform_float_3_3
Parameters: 0.999984 0.0033354 -0.00467512 -0.0032436 0.999806 0.0194245 0.00473887 -0.0194085 0.9998 -0.0318529 -0.510948 -0.860446
FixedParameters: 0 0 0

#Transform 69
Transform: AffineTransform_float_3_3
Parameters: 0.999968 0.00402468 -0.00700675 -0.00396833 0.99996 0.00808307 0.00703925 -0.00805593 0.999943 0.0406504 -0.0263557 -1.0578
FixedParameters: 0 0 0

#Transform 70
Transform: AffineTransform_float_3_3
Parameters: 0.999866 0.00513826 -0.0155003 -0.00506074 0.999975 0.00508412 0.0155257 -0.00500489 0.999867 0.440179 0.108765 -1.96023
FixedParameters: 0 0 0

#Transform 71
Transform: AffineTransform_float_3_3
Parameters: 0.99989 0.00615008 -0.0135399 -0.00603392 0.999945 0.00859765 0.0135921 -0.00851435 0.999872 0.30398 0.0967691 -2.92064
FixedParameters: 0 0 0

#Transform 72
Transform: AffineTransform_float_3_3
Parameters: 0.999934 0.0046755 -0.0105104 -0.0046815 0.999989 -0.000498828 0.0105075 0.000548164 0.999944 0.159211 0.000368633 -0.534527
FixedParameters: 0 0 0

#Transform 73
Transform: AffineTransform_float_3_3
Parameters: 0.999951 0.00455582 -0.00870338 -0.00454718 0.999989 0.00103263 0.00870761 -0.000993377 0.999961 0.0813922 0.0772644 -0.402282
FixedParameters: 0 0 0

#Transform 74
Transform: AffineTransform_float_3_3
Parameters: 0.999959 0.00414515 -0.00797828 -0.00413884 0.999991 0.000913058 0.00798171 -0.00087995 0.999968 0.0519439 0.167676 -0.53993
FixedParameters: 0 0 0

#Transform 75
Transform: AffineTransform_float_3_3
Parameters: 0.999968 0.00408883 -0.00695299 -0.00408117 0.999991 0.000996409 0.00695702 -0.000967586 0.999976 0.000224705 0.139644 -0.605301
FixedParameters: 0 0 0

#Transform 76
Transform: AffineTransform_float_3_3
Parameters: 0.999974 0.00397398 -0.0061148 -0.00391302 0.999943 0.00995219 0.0061542 -0.0099288 0.999932 -0.0583688 -0.210893 -0.659036
FixedParameters: 0 0 0

#Transform 77
Transform: AffineTransform_float_3_3
Parameters: 0.999976 0.00410253 -0.00548281 -0.00407047 0.999974 0.00593046 0.00550719 -0.00590855 0.999968 0.00894879 -0.158572 -0.233353
FixedParameters: 0 0 0

#Transform 78
Transform: AffineTransform_float_3_3
Parameters: 0.999965 0.00481211 -0.00682669 -0.00477589 0.999974 0.00529578 0.00685231 -0.00526321 0.999962 0.0675678 -0.052459 -0.517319
FixedParameters: 0 0 0

#Transform 79
Transform: AffineTransform_float_3_3
Parameters: 0.999963 0.00504282 -0.00707614 -0.00501118 0.999978 0.00436663 0.00709787 -0.00433137 0.999966 0.0277115 -0.0207913 -0.422566
FixedParameters: 0 0 0

#Transform 80
Transform: AffineTransform_float_3_3
Parameters: 0.999965 0.00476341 -0.00686745 -0.0047386 0.999982 0.00371067 0.00688455 -0.00367833 0.999969 0.00606446 0.0560916 -0.525299
FixedParameters: 0 0 0

#Transform 81
Transform: AffineTransform_float_3_3
Parameters: 0.999968 0.00476555 -0.00641563 -0.00473845 0.999979 0.00430254 0.00643638 -0.00427246 0.99997 -0.00386193 -0.0363287 -0.538816
FixedParameters: 0 0 0

#Transform 82
Transform: AffineTransform_float_3_3
Parameters: 0.999967 0.00476155 -0.00646973 -0.00473844 0.999982 0.00365178 0.00648727 -0.00362023 0.999973 -0.00191342 0.0269633 -0.531579
FixedParameters: 0 0 0

#Transform 83
Transform: AffineTransform_float_3_3
Parameters: 0.999969 0.00467584 -0.00641508 -0.00464716 0.999979 0.00450296 0.00643593 -0.00447305 0.99997 -0.00530536 -0.0496163 -0.532286
FixedParameters: 0 0 0

#Transform 84
Transform: AffineTransform_float_3_3
Parameters: 0.999968 0.0047648 -0.00641618 -0.0047382 0.99998 0.00418553 0.00643682 -0.00415546 0.99997 -0.00423042 0.0384298 -0.42715
FixedParameters: 0 0 0

#Transform 85
Transform: AffineTransform_float_3_3
Parameters: 0.999961 0.00551889 -0.00696789 -0.00541111 0.999866 0.0154093 0.00705212 -0.0153707 0.999857 -0.0176048 -0.346194 -0.930606
FixedParameters: 0 0 0

#Transform 86
Transform: AffineTransform_float_3_3
Parameters: 0.999955 0.00586692 -0.00736718 -0.00582809 0.999969 0.00529217 0.00739782 -0.00524983 0.999959 0.0573273 -0.0932341 -0.389237
FixedParameters: 0 0 0

#Transform 87
Transform: AffineTransform_float_3_3
Parameters: 0.999932 0.00688842 -0.00941688 -0.00683558 0.999961 0.00558775 0.00945512 -0.00552325 0.99994 0.0591308 -0.0564321 -0.39794
FixedParameters: 0 0 0

#Transform 88
Transform: AffineTransform_float_3_3
Parameters: 0.999885 0.00322346 -0.0147858 -0.00321754 0.999994 0.000392619 0.0147862 -0.000345377 0.99989 0.168889 0.165041 -0.604453
FixedParameters: 0 0 0

#Transform 89
Transform: AffineTransform_float_3_3
Parameters: 0.999865 0.00175429 -0.0163698 -0.00174272 0.999998 0.000703623 0.0163712 -0.000675372 0.999866 0.237868 0.159682 -0.753446
FixedParameters: 0 0 0

#Transform 90
Transform: AffineTransform_float_3_3
Parameters: 0.999886 0.00191664 -0.0149369 -0.00189937 0.999997 0.0011275 0.0149391 -0.00109949 0.999888 0.179761 0.144591 -0.813094
FixedParameters: 0 0 0

#Transform 91
Transform: AffineTransform_float_3_3
Parameters: 0.999882 0.000880554 -0.0153046 -0.000873437 0.999999 0.000435418 0.0153054 -0.000421572 0.999883 0.201365 0.183566 -0.769352
FixedParameters: 0 0 0

#Transform 92
Transform: AffineTransform_float_3_3
Parameters: 0.999886 0.00159222 -0.0150217 -0.00158879 0.999998 0.000225892 0.0150213 -0.000202106 0.999887 0.178503 0.180706 -0.761076
FixedParameters: 0 0 0

#Transform 93
Transform: AffineTransform_float_3_3
Parameters: 0.999908 0.00511593 -0.0126139 -0.00512807 0.999987 -0.000924401 0.0126091 0.000989599 0.99992 0.0547449 0.21226 -0.653854
FixedParameters: 0 0 0

#Transform 94
Transform: AffineTransform_float_3_3
Parameters: 0.999812 0.0121433 -0.0151039 -0.0120057 0.999885 0.00921306 0.0152142 -0.00902995 0.999844 -0.0623369 -0.00175938 -1.21937
FixedParameters: 0 0 0

#Transform 95
Transform: AffineTransform_float_3_3
Parameters: 0.999847 0.00776403 -0.0156272 -0.00726898 0.999475 0.0315514 0.0158638 -0.0314336 0.99938 -0.0015949 -0.508032 -3.03825
FixedParameters: 0 0 0

#Transform 96
Transform: AffineTransform_float_3_3
Parameters: 0.999861 0.007512 -0.0148998 -0.00698499 0.999359 0.035112 0.0151542 -0.035003 0.999273 0.017979 -0.67418 -3.21775
FixedParameters: 0 0 0

#Transform 97
Transform: AffineTransform_float_3_3
Parameters: 0.999893 0.00520857 -0.0137151 -0.00511243 0.999962 0.00699386 0.0137509 -0.00692312 0.999881 0.182606 -0.205574 -0.866714
FixedParameters: 0 0 0

#Transform 98
Transform: AffineTransform_float_3_3
Parameters: 0.999849 0.00405895 -0.016904 -0.00421805 0.999947 -0.00938412 0.016865 0.00945388 0.999813 0.314648 0.514056 -0.71631
FixedParameters: 0 0 0

#Transform 99
Transform: AffineTransform_float_3_3
Parameters: 0.999811 0.00508731 -0.0187917 -0.00520269 0.999968 -0.00611239 0.0187603 0.00620961 0.999804 0.327539 0.450776 -1.14656
FixedParameters: 0 0 0

#Transform 100
Transform: AffineTransform_float_3_3
Parameters: 0.999804 0.00624006 -0.0188217 -0.00614795 0.999969 0.00494468 0.0188523 -0.00482831 0.99981 0.296805 0.119932 -1.49538
FixedParameters: 0 0 0

#Transform 101
Transform: AffineTransform_float_3_3
Parameters: 0.999909 0.00509705 -0.0124847 -0.00490095 0.999865 0.0156846 0.0125623 -0.0156214 0.999799 0.0678349 -0.21225 -1.4812
FixedParameters: 0 0 0

#Transform 102
Transform: AffineTransform_float_3_3
Parameters: 0.999947 0.0052023 -0.00888227 -0.0050217 0.999781 0.0203137 0.00898575 -0.0202673 0.999754 0.0559437 -0.458761 0.0793377
FixedParameters: 0 0 0

#Transform 103
Transform: AffineTransform_float_3_3
Parameters: 0.999922 0.00591692 -0.0110039 -0.00587007 0.999973 0.00429193 0.0110291 -0.00422707 0.99993 0.0750486 -0.00376288 -0.252282
FixedParameters: 0 0 0

#Transform 104
Transform: AffineTransform_float_3_3
Parameters: 0.999923 0.00550959 -0.0111235 -0.00546542 0.999978 0.0039451 0.0111445 -0.0038839 0.999931 0.0804108 0.0159488 -0.370912
FixedParameters: 0 0 0

#Transform 105
Transform: AffineTransform_float_3_3
Parameters: 0.999921 0.0081501 -0.00950958 -0.0081179 0.999961 0.00340947 0.00953741 -0.00333153 0.999949 -0.0478525 0.0331109 -0.425911
FixedParameters: 0 0 0

#Transform 106
Transform: AffineTransform_float_3_3
Parameters: 0.99993 0.00708771 -0.00953087 -0.00707031 0.999973 0.00188952 0.00954314 -0.00182249 0.999953 -0.00200139 0.0893894 -0.43331
FixedParameters: 0 0 0

#Transform 107
Transform: AffineTransform_float_3_3
Parameters: 0.999927 0.00644601 -0.0101611 -0.00640499 0.999971 0.00406338 0.0101869 -0.00399763 0.99994 0.039101 0.00114469 -0.454409
FixedParameters: 0 0 0

#Transform 108
Transform: AffineTransform_float_3_3
Parameters: 0.999919 0.00473395 -0.0118617 -0.00451605 0.999824 0.0182501 0.0119463 -0.0181949 0.999763 0.0687335 -0.397841 -0.278343
FixedParameters: 0 0 0

#Transform 109
Transform: AffineTransform_float_3_3
Parameters: 0.999954 0.00551892 -0.00781408 -0.00547208 0.999967 0.00601304 0.00784693 -0.00596997 0.999952 -0.0649978 0.0119357 -0.476122
FixedParameters: 0 0 0

#Transform 110
Transform: AffineTransform_float_3_3
Parameters: 0.99995 0.00638921 -0.00763095 -0.00624779 0.999812 0.0183876 0.00774703 -0.0183384 0.999802 -0.0689218 -0.220887 -1.42147
FixedParameters: 0 0 0

#Transform 111
Transform: AffineTransform_float_3_3
Parameters: 0.999919 0.00529414 -0.0115838 -0.00522086 0.999967 0.00633499 0.0116171 -0.00627401 0.999913 0.112065 -0.135055 -0.716067
FixedParameters: 0 0 0

#Transform 112
Transform: AffineTransform_float_3_3
Parameters: 0.999902 0.00538858 -0.0129358 -0.00536341 0.999983 0.00193457 0.0129462 -0.00186442 0.999915 0.207562 0.0708999 -0.302493
FixedParameters: 0 0 0

#Transform 113
Transform: AffineTransform_float_3_3
Parameters: 0.99972 -0.00753621 -0.0224592 0.0078738 0.999856 0.0149904 0.0223428 -0.0151626 0.999636 0.408225 -0.295253 -0.575422
FixedParameters: 0 0 0

#Transform 114
Transform: AffineTransform_float_3_3
Parameters: 0.99983 -0.00117602 -0.0183988 0.00138798 0.999933 0.0115134 0.0183832 -0.0115366 0.999764 0.321836 -0.196875 -0.592222
FixedParameters: 0 0 0

#Transform 115
Transform: AffineTransform_float_3_3
Parameters: 0.999826 -0.000750066 -0.0186386 0.00095994 0.999936 0.0112571 0.0186294 -0.0112729 0.999763 0.322054 -0.199639 -0.644657
FixedParameters: 0 0 0

#Transform 116
Transform: AffineTransform_float_3_3
Parameters: 0.999845 -0.000123804 -0.0176364 0.000316194 0.99994 0.0109521 0.0176336 -0.0109559 0.999785 0.261386 -0.137156 -0.743566
FixedParameters: 0 0 0

#Transform 117
Transform: AffineTransform_float_3_3
Parameters: 0.999851 0.00105138 -0.0172164 -0.000900621 0.999961 0.00879781 0.0172256 -0.0087812 0.999813 0.305806 -0.169924 -0.502709
FixedParameters: 0 0 0

#Transform 118
Transform: AffineTransform_float_3_3
Parameters: 0.99986 0.000663027 -0.0166816 -0.000509982 0.999958 0.00917578 0.0166864 -0.00916621 0.999819 0.281385 -0.146404 -0.534005
FixedParameters: 0 0 0

#Transform 119
Transform: AffineTransform_float_3_3
Parameters: 0.999854 0.000840094 -0.0170769 -0.000680906 0.999957 0.00931999 0.0170841 -0.00930701 0.99981 0.29675 -0.142586 -0.528424
FixedParameters: 0 0 0

#Transform 120
Transform: AffineTransform_float_3_3
Parameters: 0.999852 0.00111246 -0.0171898 -0.000959542 0.999959 0.00893282 0.0171993 -0.00891519 0.999813 0.296342 -0.10384 -0.56405
FixedParameters: 0 0 0

#Transform 121
Transform: AffineTransform_float_3_3
Parameters: 0.999848 0.00126628 -0.0173632 -0.0011247 0.999965 0.00820277 0.0173728 -0.00818124 0.999815 0.293942 -0.0982544 -0.597957
FixedParameters: 0 0 0

#Transform 122
Transform: AffineTransform_float_3_3
Parameters: 0.999851 0.00116694 -0.017231 -0.00104306 0.999973 0.00720004 0.0172389 -0.00718095 0.999825 0.280268 -0.0739015 -0.594108
FixedParameters: 0 0 0

#Transform 123
Transform: AffineTransform_float_3_3
Parameters: 0.999852 0.00177644 -0.0170777 -0.00164455 0.999969 0.00776623 0.0170913 -0.00773678 0.999824 0.272119 -0.095881 -0.625953
FixedParameters: 0 0 0

#Transform 124
Transform: AffineTransform_float_3_3
Parameters: 0.999835 0.000293435 -0.018169 -0.00011957 0.999955 0.00954576 0.018171 -0.00954225 0.99979 0.306699 -0.151001 -0.601624
FixedParameters: 0 0 0

#Transform 125
Transform: AffineTransform_float_3_3
Parameters: 0.999849 0.00186183 -0.01727 -0.00174716 0.999977 0.00666218 0.017282 -0.00663082 0.999828 0.296041 -0.0569881 -0.454604
FixedParameters: 0 0 0

#Transform 126
Transform: AffineTransform_float_3_3
Parameters: 0.999867 0.00299557 -0.0160752 -0.00293643 0.999989 0.00366569 0.0160858 -0.0036183 0.999864 0.272561 0.050258 -0.399627
FixedParameters: 0 0 0

#Transform 127
Transform: AffineTransform_float_3_3
Parameters: 0.999848 0.0031861 -0.0170979 -0.00303692 0.999957 0.00873825 0.0171251 -0.00868575 0.999815 0.191957 -0.0518888 -0.74348
FixedParameters: 0 0 0

#Transform 128
Transform: AffineTransform_float_3_3
Parameters: 0.999883 0.0029599 -0.0149993 -0.0028481 0.999968 0.00747559 0.0150216 -0.0074324 0.999859 0.190726 -0.0957854 -0.435086
FixedParameters: 0 0 0

#Transform 129
Transform: AffineTransform_float_3_3
Parameters: 0.999877 0.00321272 -0.0153921 -0.00312127 0.999978 0.00597978 0.0154109 -0.00593022 0.999863 0.177647 0.0182257 -0.562233
FixedParameters: 0 0 0

#Transform 130
Transform: AffineTransform_float_3_3
Parameters: 0.999872 0.00314677 -0.0156957 -0.00304822 0.999976 0.00624965 0.0157153 -0.00620034 0.999858 0.194975 0.00403224 -0.576791
FixedParameters: 0 0 0

#Transform 131
Transform: AffineTransform_float_3_3
Parameters: 0.99987 0.003406 -0.0157726 -0.00331 0.999976 0.006109 0.0157924 -0.006056 0.999857 0.202875 0.0345059 -0.580729
FixedParameters: 0 0 0

#Transform 132
Transform: AffineTransform_float_3_3
Parameters: 0.999876 0.00355487 -0.0153463 -0.00346013 0.999975 0.00620387 0.0153677 -0.00615013 0.999863 0.190611 -0.00578874 -0.559138
FixedParameters: 0 0 0

#Transform 133
Transform: AffineTransform_float_3_3
Parameters: 0.99987 0.00352701 -0.0157785 -0.00343399 0.999976 0.00591795 0.0157995 -0.00586304 0.999858 0.191283 -0.0285129 -0.569541
FixedParameters: 0 0 0

#Transform 134
Transform: AffineTransform_float_3_3
Parameters: 0.999872 0.00368208 -0.0155614 -0.00359393 0.999978 0.00568365 0.0155826 -0.00562734 0.999863 0.184862 0.0027962 -0.564539
FixedParameters: 0 0 0

#Transform 135
Transform: AffineTransform_float_3_3
Parameters: 0.999875 0.00358507 -0.015365 -0.00350693 0.999981 0.00510452 0.015383 -0.00505048 0.999869 0.176439 0.0138218 -0.549019
FixedParameters: 0 0 0

#Transform 136
Transform: AffineTransform_float_3_3
Parameters: 0.999882 0.00433606 -0.0146865 -0.00425894 0.999977 0.00527417 0.0147085 -0.00521084 0.999878 0.164436 0.0283024 -0.524451
FixedParameters: 0 0 0

#Transform 137
Transform: AffineTransform_float_3_3
Parameters: 0.999874 0.00418199 -0.0153609 -0.00414102 0.999988 0.00269895 0.0153721 -0.00263505 0.999879 0.259536 0.0793524 -0.390882
FixedParameters: 0 0 0

#Transform 138
Transform: AffineTransform_float_3_3
Parameters: 0.99976 0.00466025 -0.0213731 -0.00460976 0.999986 0.0023991 0.0213849 -0.00230089 0.999768 0.325993 0.208073 -1.21241
FixedParameters: 0 0 0

#Transform 139
Transform: AffineTransform_float_3_3
Parameters: 0.999845 0.00254839 -0.0174343 -0.0024176 0.999969 0.00755332 0.0174537 -0.00750969 0.999819 0.136221 0.0372873 -1.27532
FixedParameters: 0 0 0

#Transform 140
Transform: AffineTransform_float_3_3
Parameters: 0.99994 0.00599907 -0.00917428 -0.00594092 0.999962 0.00634488 0.00921171 -0.00628912 0.999938 -0.274441 0.0315365 -1.03487
FixedParameters: 0 0 0

#Transform 141
Transform: AffineTransform_float_3_3
Parameters: 0.999968 0.0035327 -0.00727383 -0.00343532 0.999906 0.0132634 0.00731916 -0.0132386 0.999885 -0.252453 -0.216753 -1.02437
FixedParameters: 0 0 0

#Transform 142
Transform: AffineTransform_float_3_3
Parameters: 0.999949 0.0045028 -0.00911572 -0.00448621 0.999988 0.00186199 0.00912428 -0.00182101 0.999956 -0.120632 0.186657 -0.734922
FixedParameters: 0 0 0

#Transform 143
Transform: AffineTransform_float_3_3
Parameters: 0.999954 0.00464638 -0.00841849 -0.00458763 0.999965 0.00705895 0.0084505 -0.00702006 0.999939 -0.140459 -0.00616353 -1.09728
FixedParameters: 0 0 0

#Transform 144
Transform: AffineTransform_float_3_3
Parameters: 0.999931 0.00534915 -0.0104381 -0.00531985 0.999982 0.00281872 0.0104529 -0.00276228 0.999942 0.043411 0.123968 -0.551062
FixedParameters: 0 0 0

#Transform 145
Transform: AffineTransform_float_3_3
Parameters: 0.999935 0.00534654 -0.0101249 -0.00531647 0.999981 0.00304003 0.0101411 -0.00298598 0.999944 0.0255206 0.116404 -0.573613
FixedParameters: 0 0 0

#Transform 146
Transform: AffineTransform_float_3_3
Parameters: 0.999929 0.00461287 -0.0109404 -0.00459013 0.999987 0.00211437 0.0109496 -0.00206464 0.999938 0.0800036 0.150878 -0.43149
FixedParameters: 0 0 0

#Transform 147
Transform: AffineTransform_float_3_3
Parameters: 0.999884 0.0040909 -0.0146831 -0.0041021 0.999992 -0.000725853 0.0146799 0.000786146 0.999892 0.175299 0.220551 -0.494958
FixedParameters: 0 0 0

#Transform 148
Transform: AffineTransform_float_3_3
Parameters: 0.999913 0.00573473 -0.0119414 -0.00574628 0.999983 -0.000910461 0.0119356 0.000978534 0.999929 0.0473308 0.220743 -0.471178
FixedParameters: 0 0 0

#Transform 149
Transform: AffineTransform_float_3_3
Parameters: 0.999925 0.00543913 -0.0109576 -0.00541187 0.999982 0.00250449 0.0109704 -0.00244451 0.999937 0.049084 0.128363 -0.453554
FixedParameters: 0 0 0

#Transform 150
Transform: AffineTransform_float_3_3
Parameters: 0.999924 0.00436231 -0.0115211 -0.0043447 0.99999 0.00161318 0.0115279 -0.00156383 0.999933 0.0747587 0.133129 -0.481494
FixedParameters: 0 0 0

#Transform 151
Transform: AffineTransform_float_3_3
Parameters: 0.999907 0.00312703 -0.0132731 -0.00310597 0.999994 0.00160437 0.0132779 -0.00156362 0.99991 0.103758 0.16947 -0.528329
FixedParameters: 0 0 0

#Transform 152
Transform: AffineTransform_float_3_3
Parameters: 0.999925 0.00363286 -0.0116379 -0.00359414 0.999988 0.00335808 0.0116501 -0.00331592 0.999926 0.0914724 0.107458 -0.525678
FixedParameters: 0 0 0

#Transform 153
Transform: AffineTransform_float_3_3
Parameters: 0.999947 0.00420153 -0.00946991 -0.00410947 0.999945 0.00966443 0.00951007 -0.00962455 0.999908 0.00113778 -0.11918 -0.510673
FixedParameters: 0 0 0

#Transform 154
Transform: AffineTransform_float_3_3
Parameters: 0.999954 0.00590145 -0.00763681 -0.00585255 0.999962 0.00635099 0.00767419 -0.006306 0.99995 -0.0805355 0.0117516 -0.517485
FixedParameters: 0 0 0

#Transform 155
Transform: AffineTransform_float_3_3
Parameters: 0.999751 0.0112939 -0.0192587 -0.0112781 0.999936 0.000934434 0.0192673 -0.000716576 0.999814 0.0587183 0.28496 -1.80189
FixedParameters: 0 0 0

#Transform 156
Transform: AffineTransform_float_3_3
Parameters: 0.99972 0.0120547 -0.0203544 -0.0120523 0.999928 0.000256389 0.0203556 -1.06219e-05 0.999793 0.112673 0.448581 -2.71557
FixedParameters: 0 0 0

#Transform 157
Transform: AffineTransform_float_3_3
Parameters: 0.999748 0.0123793 -0.0187649 -0.0123727 0.999924 0.000451286 0.0187692 -0.000219706 0.999824 0.127789 0.499541 -2.94842
FixedParameters: 0 0 0

#Transform 158
Transform: AffineTransform_float_3_3
Parameters: 0.999735 0.0163141 -0.0162442 -0.0166839 0.999599 -0.0229051 0.0158638 0.0231699 0.999605 -0.0238984 1.55935 -3.48376
FixedParameters: 0 0 0

#Transform 159
Transform: AffineTransform_float_3_3
Parameters: 0.99971 0.0182972 -0.0156954 -0.0186608 0.999553 -0.0233549 0.0152607 0.0236401 0.999604 -0.118804 1.41729 -3.43732
FixedParameters: 0 0 0

#Transform 160
Transform: AffineTransform_float_3_3
Parameters: 0.999687 0.0176718 -0.0176702 -0.0180192 0.999644 -0.0196887 0.0173158 0.0200002 0.99965 -0.0392661 1.28376 -3.39261
FixedParameters: 0 0 0

#Transform 161
Transform: AffineTransform_float_3_3
Parameters: 0.999717 0.016852 -0.0167519 -0.017028 0.9998 -0.0104177 0.0165731 0.0107003 0.999806 -0.0953033 0.924714 -3.22112
FixedParameters: 0 0 0

#Transform 162
Transform: AffineTransform_float_3_3
Parameters: 0.999727 0.016784 -0.0162984 -0.016925 0.99982 -0.00855049 0.0161515 0.0088245 0.99983 -0.121206 0.912778 -3.17623
FixedParameters: 0 0 0

#Transform 163
Transform: AffineTransform_float_3_3
Parameters: 0.999695 0.00967665 -0.0227289 -0.00960035 0.999948 0.00343525 0.022761 -0.00321573 0.999736 0.10073 0.361361 -2.48619
FixedParameters: 0 0 0

#Transform 164
Transform: AffineTransform_float_3_3
Parameters: 0.999682 0.00774957 -0.0240002 -0.00740345 0.999868 0.0144533 0.0241088 -0.0142717 0.999608 -0.109301 -0.402638 -1.03848
FixedParameters: 0 0 0

#Transform 165
Transform: AffineTransform_float_3_3
Parameters: 0.999805 0.0156426 -0.0120614 -0.0156363 0.999877 0.000645722 0.0120696 -0.000457288 0.999927 -0.438783 0.329613 -2.17403
FixedParameters: 0 0 0

#Transform 166
Transform: AffineTransform_float_3_3
Parameters: 0.999771 0.0189892 -0.00979327 -0.0189937 0.999819 -0.000290055 0.00978572 0.000475932 0.999952 -0.615688 0.507204 -2.40304
FixedParameters: 0 0 0

#Transform 167
Transform: AffineTransform_float_3_3
Parameters: 0.999678 0.0226521 -0.011495 -0.0225649 0.999716 0.00765085 0.011664 -0.00738917 0.999904 -0.504456 0.288257 -2.96736
FixedParameters: 0 0 0

#Transform 168
Transform: AffineTransform_float_3_3
Parameters: 0.999741 0.0172759 -0.0148014 -0.0173471 0.999838 -0.00468845 0.0147186 0.00494456 0.99988 -0.125505 0.365863 -1.41878
FixedParameters: 0 0 0

#Transform 169
Transform: AffineTransform_float_3_3
Parameters: 0.999793 0.0140011 -0.0147667 -0.0141479 0.999851 -0.00989113 0.0146253 0.0100979 0.999842 0.012988 0.677822 -1.52665
FixedParameters: 0 0 0

#Transform 170
Transform: AffineTransform_float_3_3
Parameters: 0.999848 0.0125815 -0.0120489 -0.0126995 0.999872 -0.00972746 0.0119251 0.00987954 0.99988 -0.170203 0.681235 -1.64702
FixedParameters: 0 0 0

#Transform 171
Transform: AffineTransform_float_3_3
Parameters: 0.999789 0.0125593 -0.0162511 -0.0127357 0.999861 -0.0108163 0.0161129 0.0110207 0.999809 0.0709675 0.670753 -1.42164
FixedParameters: 0 0 0

#Transform 172
Transform: AffineTransform_float_3_3
Parameters: 0.99983 0.0136442 -0.0124049 -0.0137538 0.999866 -0.00881088 0.0122831 0.00898012 0.999884 -0.161006 0.764912 -2.34856
FixedParameters: 0 0 0

#Transform 173
Transform: AffineTransform_float_3_3
Parameters: 0.999809 0.0163073 -0.0107797 -0.0163757 0.999846 -0.00631868 0.0106753 0.00649432 0.999922 -0.276543 0.66643 -2.30136
FixedParameters: 0 0 0

#Transform 174
Transform: AffineTransform_float_3_3
Parameters: 0.999819 0.0144115 -0.0124185 -0.0144995 0.99987 -0.00706722 0.0123145 0.00724678 0.999898 -0.178288 0.656208 -1.91659
FixedParameters: 0 0 0

#Transform 175
Transform: AffineTransform_float_3_3
Parameters: 0.9997 0.0116772 -0.0215646 -0.0119078 0.999873 -0.0106054 0.0214374 0.0108596 0.999711 0.273943 0.660173 -1.0823
FixedParameters: 0 0 0

#Transform 176
Transform: AffineTransform_float_3_3
Parameters: 0.999721 0.011573 -0.0206188 -0.011756 0.999893 -0.00877806 0.0205142 0.00901793 0.999749 0.266966 0.579037 -0.743153
FixedParameters: 0 0 0

#Transform 177
Transform: AffineTransform_float_3_3
Parameters: 0.999696 0.0105782 -0.022296 -0.0107708 0.999906 -0.00850044 0.022204 0.00873854 0.999716 0.295531 0.556025 -0.780238
FixedParameters: 0 0 0

#Transform 178
Transform: AffineTransform_float_3_3
Parameters: 0.999696 0.0113732 -0.0219081 -0.0115638 0.999896 -0.00860328 0.0218079 0.00885472 0.999723 0.290341 0.572087 -0.80195
FixedParameters: 0 0 0

#Transform 179
Transform: AffineTransform_float_3_3
Parameters: 0.999697 0.0117286 -0.0216142 -0.0118974 0.9999 -0.00767717 0.0215228 0.00793183 0.999737 0.226236 0.571899 -0.887286
FixedParameters: 0 0 0

#Transform 180
Transform: AffineTransform_float_3_3
Parameters: 0.999725 0.0112452 -0.0205696 -0.0114038 0.999906 -0.00761952 0.0204824 0.00785249 0.99976 0.186138 0.502681 -0.900815
FixedParameters: 0 0 0

#Transform 181
Transform: AffineTransform_float_3_3
Parameters: 0.999731 0.00855953 -0.0215265 -0.00869345 0.999943 -0.0061135 0.0214734 0.00629949 0.999749 0.269961 0.500923 -0.764354
FixedParameters: 0 0 0

#Transform 182
Transform: AffineTransform_float_3_3
Parameters: 0.999403 -0.00944794 -0.0332482 0.00981407 0.999893 0.0108642 0.0331418 -0.0111838 0.999388 0.708951 -0.0297541 -1.07962
FixedParameters: 0 0 0

#Transform 183
Transform: AffineTransform_float_3_3
Parameters: 0.999422 0.00577081 -0.0334963 -0.0059162 0.999973 -0.00423727 0.0334707 0.00443271 0.99943 0.689337 0.455559 -0.906737
FixedParameters: 0 0 0

#Transform 184
Transform: AffineTransform_float_3_3
Parameters: 0.999524 0.00972626 -0.0292782 -0.00998573 0.999913 -0.00870378 0.0291908 0.0089922 0.999534 0.498226 0.66344 -1.40152
FixedParameters: 0 0 0

#Transform 185
Transform: AffineTransform_float_3_3
Parameters: 0.999556 0.00976177 -0.0281449 -0.00992624 0.999935 -0.00573718 0.0280872 0.00601385 0.999588 0.463913 0.5319 -0.968082
FixedParameters: 0 0 0

#Transform 186
Transform: AffineTransform_float_3_3
Parameters: 0.999588 0.00992902 -0.0269112 -0.010056 0.999939 -0.00458727 0.0268638 0.00485573 0.999628 0.486265 0.441525 -0.672961
FixedParameters: 0 0 0

#Transform 187
Transform: AffineTransform_float_3_3
Parameters: 0.999618 0.00962023 -0.0259387 -0.00976077 0.999939 -0.00530585 0.0258854 0.00555715 0.99965 0.424251 0.498443 -0.550759
FixedParameters: 0 0 0

#Transform 188
Transform: AffineTransform_float_3_3
Parameters: 0.999647 0.0103314 -0.024483 -0.0103996 0.999943 -0.00267533 0.0244539 0.00292868 0.999696 0.372017 0.373736 -0.439042
FixedParameters: 0 0 0

#Transform 189
Transform: AffineTransform_float_3_3
Parameters: 0.999647 0.00998258 -0.0246001 -0.0101144 0.999935 -0.00526404 0.0245459 0.00551098 0.999684 0.380623 0.519759 -0.763112
FixedParameters: 0 0 0

#Transform 190
Transform: AffineTransform_float_3_3
