#Insight Transform File V1.0
#Transform 0
Transform: AffineTransform_float_3_3
Parameters: 1 -0.000399552 -0.000200057 0.000399552 1 -7.99334e-08 0.000200057 -7.99334e-08 1 0.00964709 -0.103671 0.0365811
FixedParameters: 0 0 0

#Transform 1
Transform: AffineTransform_float_3_3
Parameters: 1 -0.000178495 -0.000572835 0.000178559 0.999999 -0.000817085 0.000573109 0.000816915 1 0.0197572 -0.0161635 -0.0436768
FixedParameters: 0 0 0

#Transform 2
Transform: AffineTransform_float_3_3
Parameters: 1 -0.000415042 -0.000450724 0.00041482 1 -0.000247187 0.000450929 0.000246813 1 0.0208728 -0.0747981 0.038771
FixedParameters: 0 0 0

#Transform 3
Transform: AffineTransform_float_3_3
Parameters: 0.999999 -0.000340579 -0.000768121 0.000340338 1 -0.000157261 0.000768228 0.000156738 0.999999 0.039506 -0.0156871 -0.0102739
FixedParameters: 0 0 0

#Transform 4
Transform: AffineTransform_float_3_3
Parameters: 1 0.000429193 -0.000101934 -0.000429395 1 -0.000993974 0.000101081 0.000994026 0.999999 0.00948242 0.0854052 -0.0459349
FixedParameters: 0 0 0

#Transform 5
Transform: AffineTransform_float_3_3
Parameters: 1 9.01068e-05 -0.000107614 -9.01653e-05 1 -0.00027199 0.000107565 0.00027201 1 0.0131939 -0.0253623 0.0189373
FixedParameters: 0 0 0

#Transform 6
Transform: AffineTransform_float_3_3
Parameters: 1 8.40913e-05 -0.000544622 -8.49266e-05 0.999999 -0.000766953 0.000544493 0.000767045 0.999999 0.0404886 0.0367287 -0.0885619
FixedParameters: 0 0 0

#Transform 7
Transform: AffineTransform_float_3_3
Parameters: 0.999999 0.00050902 -0.000552365 -0.000508867 0.999999 -0.000766718 0.000551567 0.00076728 0.999999 0.0484214 0.0507068 -0.0726527
FixedParameters: 0 0 0

#Transform 8
Transform: AffineTransform_float_3_3
Parameters: 1 0.000510345 -0.000482324 -0.000509986 0.999999 -0.000663754 0.000481629 0.000664246 0.999999 0.0700779 0.012391 0.0344555
FixedParameters: 0 0 0

#Transform 9
Transform: AffineTransform_float_3_3
Parameters: 1 4.60061e-05 -0.000338868 -4.61802e-05 1 -0.000256984 0.000338844 0.000257016 1 0.0434233 -0.0181219 -0.000838496
FixedParameters: 0 0 0

#Transform 10
Transform: AffineTransform_float_3_3
Parameters: 0.999999 7.49354e-05 -0.000775488 -7.50219e-05 0.999999 -0.000700924 0.000775366 0.000700076 1 0.045806 0.055141 -0.0180321
FixedParameters: 0 0 0

#Transform 11
Transform: AffineTransform_float_3_3
Parameters: 1 0.000156914 -0.000343843 -0.000157134 1 -0.000318946 0.000343743 0.000319054 1 0.042838 -0.0166502 0.0587107
FixedParameters: 0 0 0

#Transform 12
Transform: AffineTransform_float_3_3
Parameters: 1 -5.99694e-05 -0.000568036 5.98762e-05 1 -8.2034e-05 0.000568045 8.19659e-05 1 0.0424192 -0.0372857 0.0363011
FixedParameters: 0 0 0

#Transform 13
Transform: AffineTransform_float_3_3
Parameters: 1 0.000170478 -0.000197102 -0.000170698 1 -0.000558966 0.000196912 0.000559033 1 0.000113548 0.0256714 -0.0261483
FixedParameters: 0 0 0

#Transform 14
Transform: AffineTransform_float_3_3
Parameters: 1 0.000117473 -0.000370135 -0.000117644 1 -0.000231956 0.000370081 0.000232043 1 0.0358234 -0.0194588 0.0186766
FixedParameters: 0 0 0

#Transform 15
Transform: AffineTransform_float_3_3
Parameters: 1 2.8347e-05 -0.00067459 -2.91148e-05 1 0.00017202 0.000674618 -0.000171981 1 0.048767 -0.0654883 0.0310705
FixedParameters: 0 0 0

#Transform 16
Transform: AffineTransform_float_3_3
Parameters: 0.999999 2.64152e-05 -0.000774582 -2.65562e-05 1 -9.09794e-05 0.000774577 9.10205e-05 0.999999 0.046638 -0.00479241 -0.0213367
FixedParameters: 0 0 0

#Transform 17
Transform: AffineTransform_float_3_3
Parameters: 1 3.75737e-05 -0.000132711 -3.78067e-05 0.999999 -0.000877994 0.000132645 0.000878004 0.999999 -0.00220591 0.0591288 0.0116002
FixedParameters: 0 0 0

#Transform 18
Transform: AffineTransform_float_3_3
Parameters: 1 0.000189324 -9.7331e-05 -0.000189337 1 -6.29816e-05 9.73072e-05 6.30184e-05 1 0.00923938 -0.0285219 0.0385151
FixedParameters: 0 0 0

#Transform 19
Transform: AffineTransform_float_3_3
Parameters: 1 -0.000464544 -0.000447295 0.000465216 0.999999 0.000731792 0.000447614 -0.000732208 0.999999 0.000414796 -0.0788125 -0.00281342
FixedParameters: 0 0 0

#Transform 20
Transform: AffineTransform_float_3_3
Parameters: 1 -0.000308901 -0.000396721 0.000309038 1 0.000172877 0.000396615 -0.000173123 1 -0.00245031 -0.0195002 0.00311292
FixedParameters: 0 0 0

#Transform 21
Transform: AffineTransform_float_3_3
Parameters: 1 0.00017404 -0.000221174 -0.000174296 1 -0.000578961 0.000220972 0.000579038 1 0.00803369 0.028701 -0.015922
FixedParameters: 0 0 0

#Transform 22
Transform: AffineTransform_float_3_3
Parameters: 1 3.2768e-07 -0.000151029 -4.00779e-07 1 -0.000242 0.000151029 0.000242 1 0.0113516 0.0174795 0.0586402
FixedParameters: 0 0 0

#Transform 23
Transform: AffineTransform_float_3_3
Parameters: 1 -7.85554e-06 -0.000216895 7.71759e-06 1 -0.000318002 0.0002169 0.000317998 1 0.00674938 0.00774178 -0.0411479
FixedParameters: 0 0 0

#Transform 24
Transform: AffineTransform_float_3_3
Parameters: 1 0.000158396 0.000188193 -0.000158223 1 -0.00045903 -0.000188338 0.00045897 1 0.00389878 0.00667536 0.0444631
FixedParameters: 0 0 0

#Transform 25
Transform: AffineTransform_float_3_3
Parameters: 1 -6.45919e-06 -0.000140909 6.46117e-06 1 6.99909e-06 0.000140909 -7.00091e-06 1 0.00906365 -0.0333311 -0.00475411
FixedParameters: 0 0 0

#Transform 26
Transform: AffineTransform_float_3_3
Parameters: 1 0.000185648 -0.000456486 -0.000185481 0.999999 -0.000911898 0.000456131 0.000912102 1 0.0391529 0.0751581 -0.0176971
FixedParameters: 0 0 0

#Transform 27
Transform: AffineTransform_float_3_3
Parameters: 1 -0.000403832 -0.000386994 0.000403799 1 -4.31563e-05 0.000387029 4.28437e-05 1 0.0630303 -0.031411 0.0301661
FixedParameters: 0 0 0

#Transform 28
Transform: AffineTransform_float_3_3
Parameters: 1 -8.51731e-05 0.000324585 8.55249e-05 1 -0.000541972 -0.000324493 0.000542027 1 0.013345 -0.0397349 0.0481515
FixedParameters: 0 0 0

#Transform 29
Transform: AffineTransform_float_3_3
Parameters: 1 -0.000223185 -0.000304264 0.000223499 1 0.000516932 0.000304033 -0.000517068 1 0.037183 -0.0760484 0.00425432
FixedParameters: 0 0 0

#Transform 30
Transform: AffineTransform_float_3_3
Parameters: 1 -9.48151e-05 -0.000221405 9.49409e-05 1 0.000283979 0.000221351 -0.000284021 1 0.012816 -0.0238852 -0.039234
FixedParameters: 0 0 0

#Transform 31
Transform: AffineTransform_float_3_3
Parameters: 1 -2.68975e-05 -0.000222564 2.68793e-05 1 -4.1006e-05 0.000222566 4.0994e-05 1 0.0023636 0.00638994 -0.038641
FixedParameters: 0 0 0

#Transform 32
Transform: AffineTransform_float_3_3
Parameters: 1 -9.47826e-05 -0.000221419 9.49734e-05 1 0.000430979 0.000221337 -0.000431021 1 0.00703384 -0.0834259 -0.0672735
FixedParameters: 0 0 0

#Transform 33
Transform: AffineTransform_float_3_3
Parameters: 1 4.01352e-05 -0.000223728 -4.00676e-05 1 0.000151009 0.00022374 -0.000150991 1 0.00426213 -0.0480337 -0.0738334
FixedParameters: 0 0 0

#Transform 34
Transform: AffineTransform_float_3_3
Parameters: 1 -9.47208e-05 -0.000221445 9.50352e-05 0.999999 0.000709979 0.00022131 -0.000710021 0.999999 -0.00953025 -0.0700679 -0.0996982
FixedParameters: 0 0 0

#Transform 35
Transform: AffineTransform_float_3_3
Parameters: 1 -0.000170833 -0.000220077 0.0001709 1 0.000150962 0.000220026 -0.000151038 1 -0.0122514 -0.0241971 -0.103902
FixedParameters: 0 0 0

#Transform 36
Transform: AffineTransform_float_3_3
Parameters: 1 2.11896e-05 -0.000223394 -2.1019e-05 1 0.000382005 0.00022341 -0.000381995 1 0.00234851 -0.052019 -0.0264989
FixedParameters: 0 0 0

#Transform 37
Transform: AffineTransform_float_3_3
Parameters: 1 -9.48506e-05 -0.00022139 9.49055e-05 1 0.000123979 0.000221366 -0.000124021 1 0.0110475 -0.021887 -0.0425367
FixedParameters: 0 0 0

#Transform 38
Transform: AffineTransform_float_3_3
Parameters: 1 -9.38455e-05 -0.000163398 9.3886e-05 1 0.000123985 0.000163375 -0.000124015 1 0.0056134 -0.0518108 0.0444674
FixedParameters: 0 0 0

#Transform 39
Transform: AffineTransform_float_3_3
Parameters: 1 -9.76487e-05 -0.000368301 9.72383e-05 1 -0.000557036 0.00036841 0.000556964 1 0.00547893 0.0372671 -0.0329238
FixedParameters: 0 0 0

#Transform 40
Transform: AffineTransform_float_3_3
Parameters: 1 6.10594e-05 -0.000224111 -6.1137e-05 1 -0.000172986 0.00022409 0.000173014 1 0.0155433 -0.0170171 0.00700535
FixedParameters: 0 0 0

#Transform 41
Transform: AffineTransform_float_3_3
Parameters: 1 -9.4814e-05 -0.000221405 9.4942e-05 1 0.000288979 0.00022135 -0.000289021 1 -4.4377e-06 -0.0763316 -0.0148664
FixedParameters: 0 0 0

#Transform 42
Transform: AffineTransform_float_3_3
Parameters: 1 8.89578e-05 -0.000403617 -8.89812e-05 1 -2.89641e-05 0.000403612 2.90359e-05 1 0.0226229 -0.00807635 -0.0661126
FixedParameters: 0 0 0

#Transform 43
Transform: AffineTransform_float_3_3
Parameters: 1 -9.8437e-05 -0.000426351 9.84745e-05 1 4.3958e-05 0.000426342 -4.4042e-05 1 0.0175913 -0.0471441 -0.00245349
FixedParameters: 0 0 0

#Transform 44
Transform: AffineTransform_float_3_3
Parameters: 1 -0.000100599 -0.000559358 0.000100955 1 0.000317943 0.000559294 -0.000318056 1 0.02654 -0.077073 -0.0554477
FixedParameters: 0 0 0

#Transform 45
Transform: AffineTransform_float_3_3
Parameters: 1 0.000169395 -0.00060507 -0.000169538 1 -0.000118897 0.00060503 0.000118103 1 0.034658 -0.00172401 -0.0663121
FixedParameters: 0 0 0

#Transform 46
Transform: AffineTransform_float_3_3
Parameters: 1 -9.78122e-05 -0.000393368 9.79475e-05 1 0.000171961 0.000393335 -0.000172038 1 0.0250264 -0.0757744 -0.0128763
FixedParameters: 0 0 0

#Transform 47
Transform: AffineTransform_float_3_3
Parameters: 1 -0.000102509 -0.000667333 0.000102815 1 0.000228931 0.000667286 -0.000229068 1 0.0225985 -0.0390157 -0.0901433
FixedParameters: 0 0 0

#Transform 48
Transform: AffineTransform_float_3_3
Parameters: 1 2.61701e-05 -0.000223482 -2.60369e-05 1 0.000298006 0.000223497 -0.000297994 1 0.00509923 -0.0583222 -0.0589062
FixedParameters: 0 0 0

#Transform 49
Transform: AffineTransform_float_3_3
Parameters: 1 8.51758e-05 -0.000224488 -8.50133e-05 1 0.000362019 0.00022455 -0.000361981 1 -0.00313044 -0.0821792 -0.0928638
FixedParameters: 0 0 0

#Transform 50
Transform: AffineTransform_float_3_3
Parameters: 1 0.00017493 -0.000119098 -0.000174967 1 -0.000151979 0.000119045 0.000152021 1 -0.00483183 -0.0084109 -0.074424
FixedParameters: 0 0 0

#Transform 51
Transform: AffineTransform_float_3_3
Parameters: 1 -3.72243e-06 -0.000222969 4.06134e-06 0.999999 0.000759999 0.000222963 -0.00076 0.999999 0.00619081 -0.109017 -0.00109271
FixedParameters: 0 0 0

#Transform 52
Transform: AffineTransform_float_3_3
Parameters: 1 -0.000261927 -0.000539758 0.000262984 1 0.000978859 0.000539245 -0.000979142 1 -0.001243 -0.131855 -0.0554001
FixedParameters: 0 0 0

#Transform 53
Transform: AffineTransform_float_3_3
Parameters: 1 3.11638e-05 -0.000223568 -3.10417e-05 1 0.000273007 0.000223585 -0.000272993 1 -0.00521639 -0.0418453 -0.0554999
FixedParameters: 0 0 0

#Transform 54
Transform: AffineTransform_float_3_3
Parameters: 1 3.05534e-05 -0.000274531 -3.08718e-05 0.999999 0.00124101 0.000274625 -0.00124099 0.999999 -0.00296882 -0.143613 -0.0535978
FixedParameters: 0 0 0

#Transform 55
Transform: AffineTransform_float_3_3
Parameters: 1 -0.000394615 -0.000216539 0.00039505 1 0.0010059 0.000215745 -0.0010061 0.999999 -0.0204596 -0.0675028 -0.107307
FixedParameters: 0 0 0

#Transform 56
Transform: AffineTransform_float_3_3
Parameters: 1 -0.000277607 -0.000218494 0.000277094 1 0.00111494 0.000217893 -0.00111506 1 -0.0132916 -0.10906 -0.0919951
FixedParameters: 0 0 0

#Transform 57
Transform: AffineTransform_float_3_3
Parameters: 1 -0.000105206 -1.12088e-05 0.000105215 1 0.000410999 1.11223e-05 -0.000411001 1 -0.0195382 -0.0583423 -0.115186
FixedParameters: 0 0 0

#Transform 58
Transform: AffineTransform_float_3_3
Parameters: 1 -0.000271691 -0.000218488 0.000272011 0.999999 0.00073394 0.000218089 -0.000734059 0.999999 0.00232454 -0.0846025 -0.0496441
FixedParameters: 0 0 0

#Transform 59
Transform: AffineTransform_float_3_3
Parameters: 1 -0.000147115 -0.000351503 0.000147198 1 0.000117948 0.000351468 -0.000118052 1 -0.00554211 -0.029543 -0.104905
FixedParameters: 0 0 0

#Transform 60
Transform: AffineTransform_float_3_3
Parameters: 1 -0.000304696 -0.000217922 0.000304996 0.999999 0.000687933 0.000217503 -0.000688066 0.999999 -0.00288219 -0.083224 -0.0391695
FixedParameters: 0 0 0

#Transform 61
Transform: AffineTransform_float_3_3
Parameters: 1 -0.000388166 -0.000477475 0.000388611 1 0.000465814 0.000477113 -0.000466185 1 0.00136507 -0.0599054 -0.0578467
FixedParameters: 0 0 0

#Transform 62
Transform: AffineTransform_float_3_3
Parameters: 1 -9.57824e-05 -0.000221402 9.59733e-05 1 0.000430979 0.000221319 -0.000431021 1 0.00248935 -0.056373 -0.0618714
FixedParameters: 0 0 0

#Transform 63
Transform: AffineTransform_float_3_3
Parameters: 0.999999 -0.000577248 -0.000623668 0.000578673 0.999999 0.00114264 0.000622347 -0.00114336 0.999999 0.0130245 -0.058697 -0.0583159
FixedParameters: 0 0 0

#Transform 64
Transform: AffineTransform_float_3_3
Parameters: 0.999999 -0.000577912 -0.000661625 0.000579355 1 0.00107762 0.000661378 -0.00107738 0.999999 0.0314706 -0.0599686 -0.0434651
FixedParameters: 0 0 0

#Transform 65
Transform: AffineTransform_float_3_3
Parameters: 0.999999 -0.000584656 -0.00107761 0.000586113 0.999999 0.00114037 0.00107629 -0.00114063 0.999999 0.0706461 -0.048151 0.0171987
FixedParameters: 0 0 0

#Transform 66
Transform: AffineTransform_float_3_3
Parameters: 0.999999 -0.000594814 -0.00165627 0.000596164 0.999999 0.000709048 0.00165545 -0.000709951 0.999999 0.102794 -0.0288462 0.0147861
FixedParameters: 0 0 0

#Transform 67
Transform: AffineTransform_float_3_3
Parameters: 0.999999 -0.000667922 -0.00124399 0.000668686 0.999999 0.000709186 0.00124306 -0.000709813 0.999999 0.0814884 -0.00534114 0.0299791
FixedParameters: 0 0 0

#Transform 68
Transform: AffineTransform_float_3_3
Parameters: 0.999999 -0.000585405 -0.00110444 0.000586326 1 0.000861353 0.00110445 -0.000861648 0.999999 0.0471749 -0.00621401 -0.017678
FixedParameters: 0 0 0

#Transform 69
Transform: AffineTransform_float_3_3
Parameters: 0.999999 -0.00095021 -0.00114736 0.000951119 0.999999 0.00082391 0.00114681 -0.000825091 0.999999 0.036361 -0.0238685 -0.0013846
FixedParameters: 0 0 0

#Transform 70
Transform: AffineTransform_float_3_3
Parameters: 1 -0.000583044 -0.000928112 0.000583523 1 0.000257458 0.000927811 -0.000258541 0.999999 0.0392521 -0.013019 0.00184655
FixedParameters: 0 0 0

#Transform 71
Transform: AffineTransform_float_3_3
Parameters: 0.999999 -0.000579803 -0.000733052 0.000579958 1 0.000105575 0.000732929 -0.000106425 0.999999 0.0304611 -0.0353493 -0.00875308
FixedParameters: 0 0 0

#Transform 72
Transform: AffineTransform_float_3_3
Parameters: 0.999999 -0.000586553 -0.00111796 0.000586648 1 4.23613e-05 0.00111791 -4.26386e-05 1 0.061572 -0.0313844 0.0554217
FixedParameters: 0 0 0

#Transform 73
Transform: AffineTransform_float_3_3
Parameters: 1 -0.000585178 -0.00105512 0.000585822 1 0.0003044 0.00105476 -0.0003056 1 0.0686961 -0.00953263 0.0490774
FixedParameters: 0 0 0

#Transform 74
Transform: AffineTransform_float_3_3
Parameters: 1 -0.000584989 -0.0010633 0.00058629 0.999999 0.000611394 0.00106258 -0.000612605 0.999999 0.0667049 -0.0311314 0.0140431
FixedParameters: 0 0 0

#Transform 75
Transform: AffineTransform_float_3_3
Parameters: 1 -0.000584758 -0.00106242 0.000585506 1 0.000814379 0.00106248 -0.000814623 0.999999 0.0612449 -0.067574 0.00546899
FixedParameters: 0 0 0

#Transform 76
Transform: AffineTransform_float_3_3
Parameters: 0.999999 -0.000590539 -0.00138318 0.00059191 0.999999 0.000495199 0.0013826 -0.0004958 0.999999 0.0778818 -0.0119865 -0.0198561
FixedParameters: 0 0 0

#Transform 77
Transform: AffineTransform_float_3_3
Parameters: 1 -0.000472044 -0.00108936 0.00047311 1 0.000948485 0.00108848 -0.000948515 0.999999 0.0645008 -0.0837945 0.00895347
FixedParameters: 0 0 0

#Transform 78
Transform: AffineTransform_float_3_3
Parameters: 0.999999 -0.000651087 -0.00114334 0.00065202 1 0.000837255 0.00114327 -0.000837746 0.999999 0.0681167 -0.0819871 0.00124015
FixedParameters: 0 0 0

#Transform 79
Transform: AffineTransform_float_3_3
Parameters: 0.999999 -0.000586906 -0.001144 0.000587218 1 0.000128346 0.00114485 -0.000129655 1 0.0582176 0.00367466 -0.0439591
FixedParameters: 0 0 0

#Transform 80
Transform: AffineTransform_float_3_3
Parameters: 0.999999 -0.000587005 -0.00114395 0.000587103 1 4.23456e-05 0.0011439 -4.26544e-05 1 0.0489369 -0.0147888 0.0220522
FixedParameters: 0 0 0

#Transform 81
Transform: AffineTransform_float_3_3
Parameters: 0.999999 -0.000579952 -0.000767381 0.000580996 0.999999 0.000680572 0.000766591 -0.000680428 1 0.0319458 -0.0439204 -0.00891768
FixedParameters: 0 0 0

#Transform 82
Transform: AffineTransform_float_3_3
Parameters: 1 -0.000403715 -0.00114725 0.000403466 1 0.000319555 0.00114801 -0.000319447 1 0.055545 0.0168691 -0.00210236
FixedParameters: 0 0 0

#Transform 83
Transform: AffineTransform_float_3_3
Parameters: 0.999999 -0.000434069 -0.00125793 0.000434958 0.999999 0.000750471 0.00125729 -0.000751529 0.999999 0.0714396 -0.0631124 0.0405866
FixedParameters: 0 0 0

#Transform 84
Transform: AffineTransform_float_3_3
Parameters: 0.999999 -0.000226922 -0.00129335 0.000227289 1 0.000528724 0.00129312 -0.000528277 0.999999 0.0682811 0.00627648 -0.0281593
FixedParameters: 0 0 0

#Transform 85
Transform: AffineTransform_float_3_3
Parameters: 0.999999 -0.000380026 -0.00138087 0.000380278 0.999999 0.000815492 0.00138028 -0.000815508 0.999998 0.0710368 -0.0429407 0.0213362
FixedParameters: 0 0 0

#Transform 86
Transform: AffineTransform_float_3_3
Parameters: 0.999999 -0.00041564 -0.00129726 0.000416756 0.999999 0.000815477 0.0012966 -0.000815522 0.999999 0.0618107 -0.0286441 -0.0111435
FixedParameters: 0 0 0

#Transform 87
Transform: AffineTransform_float_3_3
Parameters: 1 -0.000397349 -0.00114781 0.000398833 0.999999 0.00150956 0.00114764 -0.00151044 0.999998 0.0556037 -0.0981839 0.00243884
FixedParameters: 0 0 0

#Transform 88
Transform: AffineTransform_float_3_3
Parameters: 1 -0.000397789 -0.00114766 0.000399395 1 0.00112754 0.00114778 -0.00112746 0.999998 0.0555915 -0.0608833 9.45291e-05
FixedParameters: 0 0 0

#Transform 89
Transform: AffineTransform_float_3_3
Parameters: 0.999999 -0.000660569 -0.00114291 0.000661534 0.999999 0.000414261 0.00114336 -0.000414738 1 0.0462149 0.00161052 0.0223936
FixedParameters: 0 0 0

#Transform 90
Transform: AffineTransform_float_3_3
Parameters: 0.999999 -0.000393996 -0.000897565 0.000394459 0.999999 0.000804664 0.000897948 -0.000805337 1 0.0442626 -0.0639168 0.00112197
FixedParameters: 0 0 0

#Transform 91
Transform: AffineTransform_float_3_3
Parameters: 1 -0.000398899 -0.00114727 0.000399283 1 0.00015956 0.00114815 -0.000160441 1 0.0719459 0.0159737 0.00439831
FixedParameters: 0 0 0

#Transform 92
Transform: AffineTransform_float_3_3
Parameters: 0.999999 -0.000403286 -0.00151876 0.000405828 0.999999 0.0014954 0.00151758 -0.0014956 0.999997 0.090171 -0.105222 -0.0124748
FixedParameters: 0 0 0

#Transform 93
Transform: AffineTransform_float_3_3
Parameters: 0.999998 -0.000633043 -0.00161302 0.00063544 0.999999 0.00135699 0.00161233 -0.00135801 0.999998 0.0771833 -0.0618849 -0.0632382
FixedParameters: 0 0 0

#Transform 94
Transform: AffineTransform_float_3_3
Parameters: 0.999998 -0.000100055 -0.00162151 0.000100591 1 0.000159854 0.00162248 -0.000160145 0.999998 0.0874486 -0.00737128 -0.0213899
FixedParameters: 0 0 0

#Transform 95
Transform: AffineTransform_float_3_3
Parameters: 0.999999 -0.000369323 -0.00117812 0.000370899 1 0.00109356 0.00117732 -0.00109344 0.999998 0.0577529 -0.0979505 -0.0119251
FixedParameters: 0 0 0

#Transform 96
Transform: AffineTransform_float_3_3
Parameters: 0.999999 -0.000376817 -0.00148917 0.000379257 0.999999 0.00149045 0.00148808 -0.00149154 0.999998 0.071595 -0.0794948 -0.0394425
FixedParameters: 0 0 0

#Transform 97
Transform: AffineTransform_float_3_3
Parameters: 0.999999 -0.000580425 -0.00144984 0.000582349 0.999999 0.00134717 0.00144931 -0.00134783 0.999998 0.0626513 -0.0623432 0.0142561
FixedParameters: 0 0 0

#Transform 98
Transform: AffineTransform_float_3_3
Parameters: 0.999999 -0.00037398 -0.00122881 0.000375021 1 0.000423557 0.00122849 -0.000423443 0.999999 0.0598742 0.0140507 -0.0146514
FixedParameters: 0 0 0

#Transform 99
Transform: AffineTransform_float_3_3
Parameters: 0.999998 -0.000379525 -0.001617 0.000381037 1 0.0010804 0.00161722 -0.0010806 0.999998 0.0943417 -0.0887655 -0.0329153
FixedParameters: 0 0 0

#Transform 100
Transform: AffineTransform_float_3_3
Parameters: 0.999999 -0.000549207 -0.00118182 0.000550203 1 0.000421367 0.00118135 -0.000421632 0.999999 0.0740551 -0.0144137 0.035878
FixedParameters: 0 0 0

#Transform 101
Transform: AffineTransform_float_3_3
Parameters: 0.999999 -0.000375101 -0.00136713 0.000376734 0.999999 0.0013215 0.00136717 -0.0013225 0.999998 0.0854397 -0.077076 -0.0237807
FixedParameters: 0 0 0

#Transform 102
Transform: AffineTransform_float_3_3
Parameters: 0.999999 -0.000377274 -0.00149107 0.000378889 0.999999 0.00120545 0.00149119 -0.00120655 0.999998 0.084808 -0.0778969 -0.0271515
FixedParameters: 0 0 0

#Transform 103
Transform: AffineTransform_float_3_3
Parameters: 0.999999 -0.000378173 -0.00151293 0.000379739 0.999999 0.000847443 0.0015123 -0.000848555 0.999998 0.0839947 -0.042769 0.000428976
FixedParameters: 0 0 0

#Transform 104
Transform: AffineTransform_float_3_3
Parameters: 0.999999 -0.000375226 -0.00135203 0.000377085 1 0.00105049 0.00135225 -0.00105151 0.999998 0.0655053 -0.0883642 -0.0326312
FixedParameters: 0 0 0

#Transform 105
Transform: AffineTransform_float_3_3
Parameters: 0.999999 -0.000377464 -0.00144583 0.000378109 1 0.000568471 0.00144542 -0.000569529 0.999999 0.0820335 -0.0214228 0.0144014
FixedParameters: 0 0 0

#Transform 106
Transform: AffineTransform_float_3_3
Parameters: 0.999998 -0.000434385 -0.00161614 0.00043616 0.999999 0.00116231 0.00161616 -0.00116269 0.999998 0.0754129 -0.0715213 -0.0211278
FixedParameters: 0 0 0

#Transform 107
Transform: AffineTransform_float_3_3
Parameters: 0.999999 -0.000288312 -0.00144956 0.000290379 0.999999 0.0013966 0.00144978 -0.0013964 0.999998 0.0670987 -0.0741136 0.00109623
FixedParameters: 0 0 0

#Transform 108
Transform: AffineTransform_float_3_3
Parameters: 0.999999 -0.000671731 -0.00161252 0.000674741 0.999998 0.00154795 0.00161147 -0.00154905 0.999998 0.0696523 -0.0652246 -0.0435625
FixedParameters: 0 0 0

#Transform 109
Transform: AffineTransform_float_3_3
Parameters: 0.999998 -0.000525839 -0.00161481 0.000527677 0.999999 0.00149219 0.00161429 -0.00149282 0.999998 0.074598 -0.0612173 -0.0222834
FixedParameters: 0 0 0

#Transform 110
Transform: AffineTransform_float_3_3
Parameters: 0.999999 -0.000613406 -0.00124717 0.000615289 0.999999 0.00115623 0.00124577 -0.00115677 0.999998 0.0358185 -0.0349865 -0.0360288
FixedParameters: 0 0 0

#Transform 111
Transform: AffineTransform_float_3_3
Parameters: 0.999998 -0.000785261 -0.00138864 0.000787425 0.999998 0.00149292 0.00138733 -0.00149407 0.999998 0.0444573 -0.0542723 -0.0260339
FixedParameters: 0 0 0

#Transform 112
Transform: AffineTransform_float_3_3
Parameters: 1 -0.000370346 -0.00103797 0.000370987 0.999999 0.000790632 0.00103741 -0.000790367 0.999999 0.0348001 -0.00399811 -0.00565823
FixedParameters: 0 0 0

#Transform 113
Transform: AffineTransform_float_3_3
Parameters: 1 -0.000370382 -0.00100879 0.000370939 1 0.000275644 0.00100858 -0.000276356 1 0.033525 -0.0120199 -0.0108808
FixedParameters: 0 0 0

#Transform 114
Transform: AffineTransform_float_3_3
Parameters: 0.999998 -0.000657439 -0.00161247 0.000660037 0.999999 0.00110995 0.00161202 -0.00111104 0.999998 0.060486 -0.0305763 0.00836601
FixedParameters: 0 0 0

#Transform 115
Transform: AffineTransform_float_3_3
Parameters: 0.999999 -0.000372851 -0.00120001 0.000374136 0.999999 0.000951569 0.00119932 -0.00095243 0.999999 0.0620262 0.0050065 0.00111622
FixedParameters: 0 0 0

#Transform 116
Transform: AffineTransform_float_3_3
Parameters: 1 -0.000369633 -0.000993972 0.000370164 0.999999 0.00076965 0.00099342 -0.00077035 0.999999 0.0485542 -0.00299291 0.0555472
FixedParameters: 0 0 0

#Transform 117
Transform: AffineTransform_float_3_3
Parameters: 0.999999 -0.00037587 -0.00142617 0.000378025 0.999999 0.00145048 0.00142611 -0.00145052 0.999998 0.0688542 -0.0349833 -0.028164
FixedParameters: 0 0 0

#Transform 118
Transform: AffineTransform_float_3_3
Parameters: 0.999998 -0.000841568 -0.00143298 0.000843671 0.999998 0.00177481 0.00143104 -0.00177619 0.999998 0.0494493 -0.0492784 -0.012053
FixedParameters: 0 0 0

#Transform 119
Transform: AffineTransform_float_3_3
Parameters: 0.999999 -0.000844711 -0.00160977 0.000846728 0.999999 0.00154666 0.0016092 -0.00154835 0.999998 0.0658381 -0.0121007 0.0143398
FixedParameters: 0 0 0

#Transform 120
Transform: AffineTransform_float_3_3
Parameters: 0.999999 -0.000704782 -0.0013206 0.000706521 0.999999 0.00103007 0.00132017 -0.00103093 0.999998 0.0518768 -0.024011 -0.0134255
FixedParameters: 0 0 0

#Transform 121
Transform: AffineTransform_float_3_3
Parameters: 1 -0.000533336 -0.000874416 0.000534327 0.999999 0.00113853 0.000873217 -0.00113947 0.999999 0.0328568 -0.0137105 0.00594557
FixedParameters: 0 0 0

#Transform 122
Transform: AffineTransform_float_3_3
Parameters: 0.999999 -0.000621691 -0.00119395 0.000623151 1 0.00103026 0.00119269 -0.00103074 0.999998 0.0468248 0.0095863 -0.0141257
FixedParameters: 0 0 0

#Transform 123
Transform: AffineTransform_float_3_3
Parameters: 0.999999 -0.000387466 -0.000877755 0.000388275 1 0.00103066 0.000876973 -0.00103134 0.999999 0.037943 -0.00610363 -0.0272118
FixedParameters: 0 0 0

#Transform 124
Transform: AffineTransform_float_3_3
Parameters: 1 -0.000615531 -0.00096426 0.000617301 0.999999 0.0014274 0.000963517 -0.00142859 0.999998 0.0390808 -0.0139274 0.0354795
FixedParameters: 0 0 0

#Transform 125
Transform: AffineTransform_float_3_3
Parameters: 1 -0.000504517 -0.00109062 0.000504695 0.999999 0.000539467 0.0010901 -0.000540533 1 0.0490992 0.0324391 0.0716691
FixedParameters: 0 0 0

#Transform 126
Transform: AffineTransform_float_3_3
Parameters: 0.999999 -0.000892624 -0.00160905 0.000894801 0.999999 0.00159758 0.00160825 -0.00159842 0.999998 0.0610241 -0.00648326 0.0100297
FixedParameters: 0 0 0

#Transform 127
Transform: AffineTransform_float_3_3
Parameters: 0.999999 -0.000768311 -0.0013178 0.000769902 0.999999 0.001356 0.00131675 -0.001357 0.999998 0.0516294 -0.0320989 -0.0117149
FixedParameters: 0 0 0

#Transform 128
Transform: AffineTransform_float_3_3
Parameters: 0.999998 -0.000771926 -0.00154076 0.00077407 0.999999 0.00133883 0.00153972 -0.00134017 0.999998 0.0643467 -0.0103597 0.00954695
FixedParameters: 0 0 0

#Transform 129
Transform: AffineTransform_float_3_3
Parameters: 0.999998 -0.000943977 -0.00187823 0.000946856 0.999999 0.00155524 0.00187734 -0.00155676 0.999997 0.0896427 -0.0452739 -0.00765976
FixedParameters: 0 0 0

#Transform 130
Transform: AffineTransform_float_3_3
Parameters: 0.999998 -0.000770632 -0.00143354 0.00077163 0.999999 0.00103891 0.00143298 -0.00104009 0.999999 0.070821 0.00317991 0.0190628
FixedParameters: 0 0 0

#Transform 131
Transform: AffineTransform_float_3_3
Parameters: 0.999999 -0.000626076 -0.00143616 0.00062823 0.999999 0.00144012 0.00143539 -0.00144088 0.999998 0.0684623 -0.0149063 0.0113702
FixedParameters: 0 0 0

#Transform 132
Transform: AffineTransform_float_3_3
Parameters: 0.999998 -0.000770413 -0.00143366 0.000771849 0.999999 0.00119191 0.00143286 -0.00119309 0.999999 0.0703436 0.0075003 0.0197587
FixedParameters: 0 0 0

#Transform 133
Transform: AffineTransform_float_3_3
Parameters: 0.999999 -0.000993391 -0.00143071 0.000995823 0.999997 0.00188659 0.00142901 -0.00188741 0.999997 0.052034 -0.0287003 0.0131047
FixedParameters: 0 0 0

#Transform 134
Transform: AffineTransform_float_3_3
Parameters: 0.999999 -0.000662124 -0.00134534 0.00066303 0.999999 0.00107313 0.00134495 -0.00107388 0.999999 0.0527884 0.00271024 0.0762935
FixedParameters: 0 0 0

#Transform 135
Transform: AffineTransform_float_3_3
Parameters: 0.999999 -0.000609289 -0.00129117 0.000610962 1 0.00102821 0.00129093 -0.00102879 0.999998 0.0639783 0.0032657 -0.00299843
FixedParameters: 0 0 0

#Transform 136
Transform: AffineTransform_float_3_3
Parameters: 0.999998 -0.000830599 -0.00154402 0.000832519 0.999999 0.00158772 0.00154243 -0.00158928 0.999997 0.074285 -0.0391226 -0.00353717
FixedParameters: 0 0 0

#Transform 137
Transform: AffineTransform_float_3_3
Parameters: 0.999999 -0.000831963 -0.00162497 0.000833982 0.999998 0.00153868 0.00162346 -0.00154032 0.999998 0.0763942 0.0276229 0.0512109
FixedParameters: 0 0 0

#Transform 138
Transform: AffineTransform_float_3_3
Parameters: 0.999999 -0.000528466 -0.00143759 0.000529872 0.999999 0.00117826 0.00143738 -0.00117874 0.999999 0.0844893 0.0119315 0.0113351
FixedParameters: 0 0 0

#Transform 139
Transform: AffineTransform_float_3_3
Parameters: 0.999998 -0.000728849 -0.00143413 0.000730426 1 0.000891953 0.00143384 -0.000893046 0.999998 0.0627005 0.0125205 0.0125173
FixedParameters: 0 0 0

#Transform 140
Transform: AffineTransform_float_3_3
Parameters: 0.999999 -0.000261404 -0.00130371 0.000262196 1 0.000296676 0.00130455 -0.000297324 0.999999 0.0729034 0.132258 0.0806414
FixedParameters: 0 0 0

#Transform 141
Transform: AffineTransform_float_3_3
Parameters: 0.999999 -0.000629191 -0.00127428 0.000629477 1 0.000112215 0.00127414 -0.000112785 0.999999 0.0588144 0.117146 0.0461123
FixedParameters: 0 0 0

#Transform 142
Transform: AffineTransform_float_3_3
Parameters: 0.999999 -0.000418788 -0.00127807 0.000418962 1 0.000452482 0.0012787 -0.000452519 0.999999 0.0663046 0.0537367 0.00853645
FixedParameters: 0 0 0

#Transform 143
Transform: AffineTransform_float_3_3
Parameters: 0.999999 -0.000578616 -0.00127585 0.000581084 0.999999 0.00135228 0.0012753 -0.00135272 0.999999 0.0778064 0.0349384 0.0207909
FixedParameters: 0 0 0

#Transform 144
Transform: AffineTransform_float_3_3
Parameters: 0.999999 -0.000653619 -0.00171839 0.00065456 1 0.000849894 0.00171831 -0.000851108 0.999998 0.0977868 0.0358461 0.00968146
FixedParameters: 0 0 0

#Transform 145
Transform: AffineTransform_float_3_3
Parameters: 0.999998 -0.000646519 -0.00152342 0.000646853 0.999999 0.000760032 0.00152347 -0.000760968 0.999998 0.069497 0.0560103 0.00769365
FixedParameters: 0 0 0

#Transform 146
Transform: AffineTransform_float_3_3
Parameters: 0.999999 -0.000559443 -0.00127581 0.000560264 0.999999 0.000706303 0.00127604 -0.000706697 0.999999 0.0778833 0.0616056 0.0235638
FixedParameters: 0 0 0

#Transform 147
Transform: AffineTransform_float_3_3
Parameters: 0.999999 -0.000576482 -0.00127551 0.00057722 0.999999 0.000674281 0.00127575 -0.000674719 0.999999 0.0725305 0.0819276 -0.0206297
FixedParameters: 0 0 0

#Transform 148
Transform: AffineTransform_float_3_3
Parameters: 0.999999 -0.000584263 -0.00127547 0.000585437 1 0.000845254 0.0012755 -0.000845747 0.999999 0.071919 0.0543915 -0.0309851
FixedParameters: 0 0 0

#Transform 149
Transform: AffineTransform_float_3_3
Parameters: 0.999999 -0.000591275 -0.00127535 0.000592423 1 0.000835245 0.00127538 -0.000835755 0.999999 0.0601281 0.0635383 0.0188682
FixedParameters: 0 0 0

#Transform 150
Transform: AffineTransform_float_3_3
Parameters: 0.999999 -0.000445006 -0.00127755 0.000445736 1 0.000278448 0.0012783 -0.000278552 0.999999 0.068591 0.0808985 0.0192718
FixedParameters: 0 0 0

#Transform 151
Transform: AffineTransform_float_3_3
Parameters: 0.999999 -0.000555739 -0.00122178 0.000556084 0.999999 0.000543338 0.00122219 -0.000543662 0.999999 0.0589698 0.0647031 0.029268
FixedParameters: 0 0 0

#Transform 152
Transform: AffineTransform_float_3_3
Parameters: 0.999999 -0.000577182 -0.00127563 0.00057852 1 0.000909263 0.00127559 -0.000909738 0.999999 0.0626529 0.0465739 0.0336709
FixedParameters: 0 0 0

#Transform 153
Transform: AffineTransform_float_3_3
Parameters: 0.999999 -0.000567252 -0.00121072 0.000568184 0.999999 0.00079033 0.00121084 -0.00079067 0.999999 0.0639764 0.0733595 0.049202
FixedParameters: 0 0 0

#Transform 154
Transform: AffineTransform_float_3_3
Parameters: 0.999998 -0.000608532 -0.00155324 0.000609865 1 0.00106707 0.00155297 -0.00106793 0.999998 0.0721491 0.045208 0.0110363
FixedParameters: 0 0 0

#Transform 155
Transform: AffineTransform_float_3_3
Parameters: 0.999999 -0.000603288 -0.0012756 0.000605405 0.999998 0.00160725 0.00127469 -0.00160775 0.999998 0.0546525 0.020779 -0.00429967
FixedParameters: 0 0 0

#Transform 156
Transform: AffineTransform_float_3_3
Parameters: 0.999999 -0.000603982 -0.00127527 0.000604712 1 0.00106323 0.00127502 -0.00106377 0.999998 0.0597065 0.0482367 0.0289531
FixedParameters: 0 0 0

#Transform 157
Transform: AffineTransform_float_3_3
Parameters: 0.999999 -0.000604415 -0.00127507 0.000605278 0.999999 0.000723246 0.00127521 -0.000723754 0.999999 0.0597521 0.0262383 0.00362269
FixedParameters: 0 0 0

#Transform 158
Transform: AffineTransform_float_3_3
Parameters: 0.999999 -0.000602941 -0.00127577 0.00060477 0.999998 0.00187825 0.00127555 -0.00187975 0.999998 0.0597687 -0.0254761 0.0151806
FixedParameters: 0 0 0

#Transform 159
Transform: AffineTransform_float_3_3
Parameters: 0.999999 -0.000603782 -0.00127537 0.000604911 0.999999 0.00121925 0.00127493 -0.00122075 0.999999 0.0596986 0.0472173 0.0293956
FixedParameters: 0 0 0

#Transform 160
Transform: AffineTransform_float_3_3
Parameters: 0.999999 -0.000605129 -0.00137447 0.000607001 0.999999 0.00140918 0.0013728 -0.00140982 0.999998 0.064135 0.0298386 -0.00079649
FixedParameters: 0 0 0

#Transform 161
Transform: AffineTransform_float_3_3
Parameters: 0.999999 -0.000605995 -0.00143853 0.000608387 0.999998 0.00152014 0.00143772 -0.00152086 0.999998 0.0670432 0.0166836 -0.013655
FixedParameters: 0 0 0

#Transform 162
Transform: AffineTransform_float_3_3
Parameters: 0.999999 -0.000606681 -0.0014473 0.000607998 0.999999 0.00114614 0.00144594 -0.00114686 0.999999 0.0641281 0.0207237 0.0191862
FixedParameters: 0 0 0

#Transform 163
Transform: AffineTransform_float_3_3
Parameters: 0.999998 -0.000807223 -0.00148206 0.00080874 0.999999 0.00118082 0.00148119 -0.00118118 0.999998 0.0619105 0.0136777 0.0219308
FixedParameters: 0 0 0

#Transform 164
Transform: AffineTransform_float_3_3
Parameters: 0.999998 -0.000318202 -0.00165199 0.000319546 1 0.00101149 0.00165138 -0.00101251 0.999998 0.096573 0.0233918 0.00833507
FixedParameters: 0 0 0

#Transform 165
Transform: AffineTransform_float_3_3
Parameters: 1 -0.000225505 -0.00113831 0.000225294 1 0.000346761 0.00113817 -0.00034624 1 0.0667778 0.092758 0.0015871
FixedParameters: 0 0 0

#Transform 166
Transform: AffineTransform_float_3_3
Parameters: 1 -0.000503123 -0.00110147 0.000503474 1 0.000159463 0.0011013 -0.000159537 1 0.0554269 0.0656245 0.00452644
FixedParameters: 0 0 0

#Transform 167
Transform: AffineTransform_float_3_3
Parameters: 0.999999 -2.67562e-05 -0.00128473 2.70951e-05 1 0.000520983 0.00128472 -0.000521017 0.999999 0.0616519 0.0492438 0.0179936
FixedParameters: 0 0 0

#Transform 168
Transform: AffineTransform_float_3_3
Parameters: 0.999999 -0.000457822 -0.00127739 0.000457917 1 0.000421433 0.00127802 -0.000421568 0.999999 0.0463866 0.0648791 0.0212986
FixedParameters: 0 0 0

#Transform 169
Transform: AffineTransform_float_3_3
Parameters: 0.999999 -0.000479465 -0.00127715 0.000480267 0.999999 0.000698404 0.00127749 -0.000698596 0.999999 0.0607919 0.0519713 -0.00591142
FixedParameters: 0 0 0

#Transform 170
Transform: AffineTransform_float_3_3
Parameters: 0.999999 -0.000550404 -0.00127639 0.000552305 0.999998 0.00152131 0.00127575 -0.00152169 0.999998 0.0602038 -0.0127196 -0.000580283
FixedParameters: 0 0 0

#Transform 171
Transform: AffineTransform_float_3_3
Parameters: 0.999999 -0.000558119 -0.00174626 0.000559977 0.999999 0.00139106 0.00174476 -0.00139194 0.999998 0.0911998 0.0223754 -0.0236918
FixedParameters: 0 0 0

#Transform 172
Transform: AffineTransform_float_3_3
Parameters: 0.999999 -0.000698765 -0.00127383 0.000699899 0.999999 0.00122313 0.00127315 -0.00122387 0.999999 0.051853 0.0303119 -0.0305168
FixedParameters: 0 0 0

#Transform 173
Transform: AffineTransform_float_3_3
Parameters: 0.999999 -0.000551492 -0.00127592 0.000552217 0.999999 0.000668313 0.0012762 -0.000669687 0.999999 0.0633615 0.0528066 0.0198952
FixedParameters: 0 0 0

#Transform 174
Transform: AffineTransform_float_3_3
Parameters: 0.999999 -0.00055061 -0.00118766 0.00055001 1 0.000168364 0.00118749 -0.000168637 1 0.0571608 0.0765404 0.0205139
FixedParameters: 0 0 0

#Transform 175
Transform: AffineTransform_float_3_3
Parameters: 1 -0.000364889 -0.00113711 0.00036592 0.999999 0.000884602 0.00113748 -0.000885398 0.999999 0.0571615 0.0410578 0.0404725
FixedParameters: 0 0 0

#Transform 176
Transform: AffineTransform_float_3_3
Parameters: 0.999999 -0.000553538 -0.00139992 0.000554482 0.999999 0.000694241 0.00139917 -0.000694758 0.999999 0.0627912 0.0539812 0.0619936
FixedParameters: 0 0 0

#Transform 177
Transform: AffineTransform_float_3_3
Parameters: 0.999999 -0.000554007 -0.00142792 0.00055499 0.999999 0.000694225 0.00142716 -0.000694774 0.999998 0.0676451 0.0364366 0.00930082
FixedParameters: 0 0 0

#Transform 178
Transform: AffineTransform_float_3_3
Parameters: 0.999998 -0.00055389 -0.00148833 0.000556219 0.999999 0.00144819 0.00148775 -0.00144881 0.999998 0.0706797 0.00245691 -0.000278963
FixedParameters: 0 0 0

#Transform 179
Transform: AffineTransform_float_3_3
Parameters: 0.999999 -0.000662702 -0.00113226 0.000664017 1 0.00101425 0.00113193 -0.00101475 0.999999 0.0630266 0.0442339 0.0147952
FixedParameters: 0 0 0

#Transform 180
Transform: AffineTransform_float_3_3
Parameters: 0.999998 -0.00055619 -0.00157499 0.000556937 0.999999 0.000872159 0.00157406 -0.000872842 0.999999 0.084447 0.0382286 0.002314
FixedParameters: 0 0 0

#Transform 181
Transform: AffineTransform_float_3_3
Parameters: 1 -0.000548582 -0.00109388 0.000548757 0.999999 0.000537417 0.00109331 -0.000537583 0.999999 0.0629152 0.0412159 0.0139155
FixedParameters: 0 0 0

#Transform 182
Transform: AffineTransform_float_3_3
Parameters: 1 -0.000239528 -0.00108909 0.000239557 1 0.000472757 0.00108888 -0.000472244 1 0.0733775 0.0809007 0.0481974
FixedParameters: 0 0 0

#Transform 183
Transform: AffineTransform_float_3_3
Parameters: 1 -0.000559655 -0.00108357 0.000560332 1 0.00031241 0.00108322 -0.000312589 1 0.0588299 0.0888033 0.0393656
FixedParameters: 0 0 0

#Transform 184
Transform: AffineTransform_float_3_3
Parameters: 1 -0.000354068 -0.00108728 0.00035498 0.999999 0.000878632 0.00108668 -0.000879368 0.999999 0.0637495 0.0421202 0.0211576
FixedParameters: 0 0 0

#Transform 185
Transform: AffineTransform_float_3_3
Parameters: 0.999999 -0.000511084 -0.00130054 0.000512458 0.999999 0.000528351 0.0013 -0.000528648 0.999999 0.0734528 0.0707027 0.0593036
FixedParameters: 0 0 0

#Transform 186
Transform: AffineTransform_float_3_3
Parameters: 1 -0.000514233 -0.00108454 0.000514767 0.999999 0.000707459 0.00108383 -0.000707541 0.999999 0.0576796 0.0553921 0.0206174
FixedParameters: 0 0 0

#Transform 187
Transform: AffineTransform_float_3_3
Parameters: 0.999999 -0.000873316 -0.00162005 0.000873497 0.999999 5.56018e-05 0.00161995 -5.63979e-05 0.999998 0.0753944 0.117033 0.0920073
FixedParameters: 0 0 0

#Transform 188
Transform: AffineTransform_float_3_3
Parameters: 0.999998 -0.000521893 -0.00157666 0.000523299 1 0.00107419 0.00157658 -0.00107481 0.999998 0.0856055 0.00532878 0.12034
FixedParameters: 0 0 0

#Transform 189
Transform: AffineTransform_float_3_3
Parameters: 1 -0.000514174 -0.00108457 0.000514826 0.999999 0.000761459 0.0010838 -0.00076154 0.999999 0.0635493 0.0396128 0.091979
FixedParameters: 0 0 0

#Transform 190
Transform: AffineTransform_float_3_3
Parameters: 0.999998 -0.000526301 -0.0017974 0.000526604 0.999999 0.000635089 0.00179777 -0.000635913 0.999998 0.119617 0.057184 0.13301
FixedParameters: 0 0 0

#Transform 191
