# transform file /out/sourcedata/freesurfer/sub-v1s22x0050459_ses-1/mri/transforms/cc_up.lta
# created by oesteban on Mon Mar  9 13:51:19 2026

type      = 0 # LINEAR_VOX_TO_VOX
nxforms   = 1
mean      = 126.0000 116.0000 111.0000
sigma     = 10000.0000
1 4 4
9.993659257888794e-01 3.185466630384326e-03 -3.546224534511566e-02 5.303791522979736e+00 
-3.183462889865041e-03 9.999949336051941e-01 1.129643715103157e-04 3.439036941528320e+01 
3.546242788434029e-02 -7.275957614183426e-12 9.993709921836853e-01 2.059192657470703e+01 
0.000000000000000e+00 0.000000000000000e+00 0.000000000000000e+00 1.000000000000000e+00 
src volume info
valid = 1  # volume info valid
filename = /out/sourcedata/freesurfer/sub-v1s22x0050459_ses-1/mri/norm.mgz
volume = 256 256 256
voxelsize = 1.000000000000000e+00 1.000000000000000e+00 1.000000000000000e+00
xras   = -1.000000000000000e+00 3.725290298461914e-09 0.000000000000000e+00
yras   = 0.000000000000000e+00 0.000000000000000e+00 -1.000000000000000e+00
zras   = 3.725290298461914e-09 1.000000000000000e+00 0.000000000000000e+00
cras   = 5.222953796386719e+00 4.608548736572266e+01 -1.051840209960938e+01
dst volume info
valid = 1  # volume info valid
filename = /out/sourcedata/freesurfer/sub-v1s22x0050459_ses-1/mri/norm.mgz
volume = 256 256 256
voxelsize = 1.000000000000000e+00 1.000000000000000e+00 1.000000000000000e+00
xras   = -1.000000000000000e+00 3.725290298461914e-09 0.000000000000000e+00
yras   = 0.000000000000000e+00 0.000000000000000e+00 -1.000000000000000e+00
zras   = 3.725290298461914e-09 1.000000000000000e+00 0.000000000000000e+00
cras   = 5.222953796386719e+00 4.608548736572266e+01 -1.051840209960938e+01
