# transform file /out/sourcedata/freesurfer/sub-v1s22x0050503_ses-1/mri/transforms/cc_up.lta
# created by oesteban on Mon Mar  9 17:17:34 2026

type      = 0 # LINEAR_VOX_TO_VOX
nxforms   = 1
mean      = 129.0000 103.0000 122.0000
sigma     = 10000.0000
1 4 4
9.995586276054382e-01 -2.732775360345840e-02 -1.164685096591711e-02 4.417555809020996e+00 
2.732589840888977e-02 9.996265172958374e-01 -3.184011729899794e-04 3.961708068847656e+01 
1.165120210498571e-02 -2.910383045673370e-11 9.999320507049561e-01 1.153625011444092e+01 
0.000000000000000e+00 0.000000000000000e+00 0.000000000000000e+00 1.000000000000000e+00 
src volume info
valid = 1  # volume info valid
filename = /out/sourcedata/freesurfer/sub-v1s22x0050503_ses-1/mri/norm.mgz
volume = 256 256 256
voxelsize = 1.000000000000000e+00 1.000000000000000e+00 1.000000000000000e+00
xras   = -1.000000000000000e+00 0.000000000000000e+00 0.000000000000000e+00
yras   = 0.000000000000000e+00 0.000000000000000e+00 -1.000000000000000e+00
zras   = 0.000000000000000e+00 1.000000000000000e+00 0.000000000000000e+00
cras   = -1.756362915039062e-01 3.675897216796875e+01 3.290634155273438e-01
dst volume info
valid = 1  # volume info valid
filename = /out/sourcedata/freesurfer/sub-v1s22x0050503_ses-1/mri/norm.mgz
volume = 256 256 256
voxelsize = 1.000000000000000e+00 1.000000000000000e+00 1.000000000000000e+00
xras   = -1.000000000000000e+00 0.000000000000000e+00 0.000000000000000e+00
yras   = 0.000000000000000e+00 0.000000000000000e+00 -1.000000000000000e+00
zras   = 0.000000000000000e+00 1.000000000000000e+00 0.000000000000000e+00
cras   = -1.756362915039062e-01 3.675897216796875e+01 3.290634155273438e-01
