# transform file /out/sourcedata/freesurfer/sub-v1s22x0050434_ses-1/mri/transforms/cc_up.lta
# created by oesteban on Mon Mar  9 13:30:43 2026

type      = 0 # LINEAR_VOX_TO_VOX
nxforms   = 1
mean      = 130.0000 102.0000 117.0000
sigma     = 10000.0000
1 4 4
9.988080263137817e-01 -2.910629101097584e-02 3.918581828474998e-02 -2.174917697906494e+00 
2.908391691744328e-02 9.995763897895813e-01 1.141037093475461e-03 4.117430877685547e+01 
-3.920242562890053e-02 0.000000000000000e+00 9.992313385009766e-01 2.111792373657227e+01 
0.000000000000000e+00 0.000000000000000e+00 0.000000000000000e+00 1.000000000000000e+00 
src volume info
valid = 1  # volume info valid
filename = /out/sourcedata/freesurfer/sub-v1s22x0050434_ses-1/mri/norm.mgz
volume = 256 256 256
voxelsize = 1.000000000000000e+00 1.000000000000000e+00 1.000000000000000e+00
xras   = -1.000000000000000e+00 0.000000000000000e+00 0.000000000000000e+00
yras   = 0.000000000000000e+00 0.000000000000000e+00 -1.000000000000000e+00
zras   = 0.000000000000000e+00 1.000000000000000e+00 0.000000000000000e+00
cras   = -1.725273132324219e+00 2.978559875488281e+01 1.362687683105469e+01
dst volume info
valid = 1  # volume info valid
filename = /out/sourcedata/freesurfer/sub-v1s22x0050434_ses-1/mri/norm.mgz
volume = 256 256 256
voxelsize = 1.000000000000000e+00 1.000000000000000e+00 1.000000000000000e+00
xras   = -1.000000000000000e+00 0.000000000000000e+00 0.000000000000000e+00
yras   = 0.000000000000000e+00 0.000000000000000e+00 -1.000000000000000e+00
zras   = 0.000000000000000e+00 1.000000000000000e+00 0.000000000000000e+00
cras   = -1.725273132324219e+00 2.978559875488281e+01 1.362687683105469e+01
