# transform file /out/sourcedata/freesurfer/sub-v1s22x0050471_ses-1/mri/transforms/cc_up.lta
# created by oesteban on Mon Mar  9 14:51:21 2026

type      = 0 # LINEAR_VOX_TO_VOX
nxforms   = 1
mean      = 125.0000 107.0000 110.0000
sigma     = 10000.0000
1 4 4
9.995655417442322e-01 1.287749409675598e-02 -2.651102840900421e-02 3.507034301757812e+00 
-1.287296693772078e-02 9.999170899391174e-01 3.414239035919309e-04 3.858287048339844e+01 
2.651322633028030e-02 2.910383045673370e-11 9.996484518051147e-01 2.572064781188965e+01 
0.000000000000000e+00 0.000000000000000e+00 0.000000000000000e+00 1.000000000000000e+00 
src volume info
valid = 1  # volume info valid
filename = /out/sourcedata/freesurfer/sub-v1s22x0050471_ses-1/mri/norm.mgz
volume = 256 256 256
voxelsize = 1.000000000000000e+00 1.000000000000000e+00 1.000000000000000e+00
xras   = -9.999999403953552e-01 0.000000000000000e+00 0.000000000000000e+00
yras   = 0.000000000000000e+00 0.000000000000000e+00 -1.000000000000000e+00
zras   = 0.000000000000000e+00 9.999999403953552e-01 0.000000000000000e+00
cras   = 2.131927490234375e+00 4.530158996582031e+01 -2.446513366699219e+01
dst volume info
valid = 1  # volume info valid
filename = /out/sourcedata/freesurfer/sub-v1s22x0050471_ses-1/mri/norm.mgz
volume = 256 256 256
voxelsize = 1.000000000000000e+00 1.000000000000000e+00 1.000000000000000e+00
xras   = -9.999999403953552e-01 0.000000000000000e+00 0.000000000000000e+00
yras   = 0.000000000000000e+00 0.000000000000000e+00 -1.000000000000000e+00
zras   = 0.000000000000000e+00 9.999999403953552e-01 0.000000000000000e+00
cras   = 2.131927490234375e+00 4.530158996582031e+01 -2.446513366699219e+01
