# transform file /out/sourcedata/freesurfer/sub-v1s22x0050513_ses-1/mri/transforms/cc_up.lta
# created by oesteban on Mon Mar  9 17:43:43 2026

type      = 0 # LINEAR_VOX_TO_VOX
nxforms   = 1
mean      = 132.0000 108.0000 111.0000
sigma     = 10000.0000
1 4 4
9.984804987907410e-01 -2.312817983329296e-02 5.001789703965187e-02 -6.217629909515381e+00 
2.309921570122242e-02 9.997324943542480e-01 1.157132443040609e-03 3.687142181396484e+01 
-5.003127828240395e-02 0.000000000000000e+00 9.987476468086243e-01 2.569060707092285e+01 
0.000000000000000e+00 0.000000000000000e+00 0.000000000000000e+00 1.000000000000000e+00 
src volume info
valid = 1  # volume info valid
filename = /out/sourcedata/freesurfer/sub-v1s22x0050513_ses-1/mri/norm.mgz
volume = 256 256 256
voxelsize = 1.000000000000000e+00 1.000000000000000e+00 1.000000000000000e+00
xras   = -1.000000000000000e+00 0.000000000000000e+00 0.000000000000000e+00
yras   = 0.000000000000000e+00 0.000000000000000e+00 -1.000000000000000e+00
zras   = 0.000000000000000e+00 9.999999403953552e-01 0.000000000000000e+00
cras   = 1.381820678710938e+00 5.457030868530273e+01 1.878684997558594e+00
dst volume info
valid = 1  # volume info valid
filename = /out/sourcedata/freesurfer/sub-v1s22x0050513_ses-1/mri/norm.mgz
volume = 256 256 256
voxelsize = 1.000000000000000e+00 1.000000000000000e+00 1.000000000000000e+00
xras   = -1.000000000000000e+00 0.000000000000000e+00 0.000000000000000e+00
yras   = 0.000000000000000e+00 0.000000000000000e+00 -1.000000000000000e+00
zras   = 0.000000000000000e+00 9.999999403953552e-01 0.000000000000000e+00
cras   = 1.381820678710938e+00 5.457030868530273e+01 1.878684997558594e+00
