#Insight Transform File V1.0
#Transform 0
Transform: AffineTransform_float_3_3
Parameters: 1 -2.56702e-05 -0.000511356 2.53507e-05 0.999999 -0.00128901 0.000511373 0.00128899 0.999999 -0.0236375 0.0121712 0.0301696
FixedParameters: 0 0 0

#Transform 1
Transform: AffineTransform_float_3_3
Parameters: 0.999999 -3.72723e-05 -0.000740062 3.61218e-05 0.999999 -0.00145203 0.000740119 0.00145197 0.999998 -0.0174868 0.0158294 0.00575523
FixedParameters: 0 0 0

#Transform 2
Transform: AffineTransform_float_3_3
Parameters: 1 -2.53685e-05 -0.000511371 2.46536e-05 1 -0.000699012 0.000511406 0.000698987 0.999999 -0.0321634 -0.0163406 0.0138189
FixedParameters: 0 0 0

#Transform 3
Transform: AffineTransform_float_3_3
Parameters: 1 -1.99044e-05 -0.000394498 1.96858e-05 0.999999 -0.00154301 0.00039451 0.00154299 0.999998 -0.0356416 0.0168352 -0.0056112
FixedParameters: 0 0 0

#Transform 4
Transform: AffineTransform_float_3_3
Parameters: 1 -2.539e-05 -0.00051137 2.46321e-05 0.999999 -0.000741012 0.000511407 0.000740987 0.999999 -0.0321544 -0.0188155 -0.0213611
FixedParameters: 0 0 0

#Transform 5
Transform: AffineTransform_float_3_3
Parameters: 1 -2.58707e-05 -0.000511346 2.51503e-05 0.999998 -0.00168096 0.000511383 0.00168104 0.999999 -0.0321641 0.0211054 -0.00223928
FixedParameters: 0 0 0

#Transform 6
Transform: AffineTransform_float_3_3
Parameters: 1 -3.0112e-05 -0.000600245 2.96042e-05 0.999999 -0.00125502 0.000600271 0.00125498 0.999999 -0.0295496 0.00477227 -0.0226432
FixedParameters: 0 0 0

#Transform 7
Transform: AffineTransform_float_3_3
Parameters: 1 7.52663e-05 -0.000516411 -7.54715e-05 1 -0.00116596 0.000516186 0.00116604 0.999999 -0.0266827 -0.00447467 0.0130668
FixedParameters: 0 0 0

#Transform 8
Transform: AffineTransform_float_3_3
Parameters: 0.999999 -0.000184715 -0.000733521 0.000183424 0.999998 -0.00224114 0.000734248 0.00224087 0.999997 -0.0286678 0.0169362 -0.0013381
FixedParameters: 0 0 0

#Transform 9
Transform: AffineTransform_float_3_3
Parameters: 1 0.000100716 -0.000448592 -0.000100711 1 -0.00110796 0.00044832 0.00110805 1 -0.0315314 -0.0249555 0.00314266
FixedParameters: 0 0 0

#Transform 10
Transform: AffineTransform_float_3_3
Parameters: 1 6.57403e-05 -0.000164546 -6.53543e-05 0.999999 -0.00186399 0.000164252 0.00186401 0.999998 -0.0524361 0.0125043 -0.0270366
FixedParameters: 0 0 0

#Transform 11
Transform: AffineTransform_float_3_3
Parameters: 1 -2.55511e-05 -0.000511362 2.54699e-05 1 -0.00105601 0.000511367 0.00105599 1 -0.0321385 -0.00480242 -0.0432903
FixedParameters: 0 0 0

#Transform 12
Transform: AffineTransform_float_3_3
Parameters: 1 -1.01453e-05 -0.000201745 9.59002e-06 0.999999 -0.001376 0.000201772 0.001376 0.999999 -0.0413388 0.0178206 -0.0221514
FixedParameters: 0 0 0

#Transform 13
Transform: AffineTransform_float_3_3
Parameters: 1 3.78855e-05 -0.000514592 -3.89405e-05 0.999998 -0.00199598 0.000514389 0.00199602 0.999998 -0.0306971 0.0129337 -0.0364561
FixedParameters: 0 0 0

#Transform 14
Transform: AffineTransform_float_3_3
Parameters: 1 -2.58502e-05 -0.000511347 2.51707e-05 0.999998 -0.00164101 0.000511382 0.00164099 0.999998 -0.0321514 0.010489 -0.0129945
FixedParameters: 0 0 0

#Transform 15
Transform: AffineTransform_float_3_3
Parameters: 1 -2.62143e-05 -0.000511328 2.48066e-05 0.999997 -0.00235301 0.0005114 0.00235299 0.999997 -0.0196573 0.0493341 -0.0209154
FixedParameters: 0 0 0

#Transform 16
Transform: AffineTransform_float_3_3
Parameters: 1 -1.49295e-05 -0.00030964 1.53574e-05 1 0.000690995 0.000309619 -0.000691004 0.999999 0.0151305 -0.0198254 0.123209
FixedParameters: 0 0 0

#Transform 17
Transform: AffineTransform_float_3_3
Parameters: 1 -9.97784e-06 -0.000244797 1.1961e-05 0.999967 0.008132 0.000244716 -0.008132 0.999967 0.015048 -0.32147 0.0363241
FixedParameters: 0 0 0

#Transform 18
Transform: AffineTransform_float_3_3
Parameters: 1 3.03531e-06 6.19257e-05 -3.02206e-06 1 -0.000107 -6.19263e-05 0.000107 1 0.0104642 -0.00933497 0.000939954
FixedParameters: 0 0 0

#Transform 19
Transform: AffineTransform_float_3_3
Parameters: 1 2.97444e-06 6.19286e-05 -3.08293e-06 0.999999 0.000875999 -6.19233e-05 -0.000876 0.999999 -0.0067119 -0.0573031 0.00223467
FixedParameters: 0 0 0

#Transform 20
Transform: AffineTransform_float_3_3
Parameters: 1 3.03352e-06 6.19257e-05 -3.02386e-06 1 -7.80002e-05 -6.19262e-05 7.79998e-05 1 -0.00671164 -0.000156735 0.00369669
FixedParameters: 0 0 0

#Transform 21
Transform: AffineTransform_float_3_3
Parameters: 1 1.04754e-05 0.000214745 -1.053e-05 1 0.000126998 -0.000214742 -0.000127002 1 -0.0112636 -0.0501609 -0.019979
FixedParameters: 0 0 0

#Transform 22
Transform: AffineTransform_float_3_3
Parameters: 1 3.06076e-06 6.19244e-05 -2.99661e-06 1 -0.000518 -6.19275e-05 0.000518 1 -0.00671234 0.0292387 -0.00903282
FixedParameters: 0 0 0

#Transform 23
Transform: AffineTransform_float_3_3
Parameters: 1 3.06076e-06 6.19244e-05 -2.99661e-06 1 -0.000518 -6.19275e-05 0.000518 1 -0.0131989 -0.000336061 -0.000781362
FixedParameters: 0 0 0

#Transform 24
Transform: AffineTransform_float_3_3
Parameters: 1 -3.22052e-06 -6.59214e-05 3.22764e-06 1 5.39998e-05 6.5921e-05 -5.40002e-05 1 -0.00287989 -0.00212056 0.00516726
FixedParameters: 0 0 0

#Transform 25
Transform: AffineTransform_float_3_3
Parameters: 1 -3.46297e-07 -6.99143e-06 3.37599e-07 1 -0.000622 6.99185e-06 0.000622 1 -0.00463806 -0.00506889 0.00955933
FixedParameters: 0 0 0

#Transform 26
Transform: AffineTransform_float_3_3
Parameters: 1 -0.00039652 8.13394e-05 0.000396468 1 0.000319032 -8.15923e-05 -0.000318968 1 0.000390113 -0.0638416 -0.0223244
FixedParameters: 0 0 0

#Transform 27
Transform: AffineTransform_float_3_3
Parameters: 1 -0.000396454 8.1657e-05 0.000396533 1 -0.000481968 -8.12747e-05 0.000482032 1 0.0206398 -0.00814911 -0.000818064
FixedParameters: 0 0 0

#Transform 28
Transform: AffineTransform_float_3_3
Parameters: 1 -0.000337427 0.000263917 0.000336606 1 -0.000337911 -0.00026364 0.000338089 1 -0.0039134 -0.0370246 0.00383961
FixedParameters: 0 0 0

#Transform 29
Transform: AffineTransform_float_3_3
Parameters: 1 -0.000277467 7.62701e-05 0.000277757 0.999998 -0.00222398 -7.60341e-05 0.00222402 0.999998 0.00305991 -0.00402475 0.0296438
FixedParameters: 0 0 0

#Transform 30
Transform: AffineTransform_float_3_3
Parameters: 0.999999 -0.000730128 9.75305e-05 0.000730061 0.999999 0.000344071 -9.80328e-05 -0.000343928 1 0.0368251 -0.0327741 -0.0409018
FixedParameters: 0 0 0

#Transform 31
Transform: AffineTransform_float_3_3
Parameters: 1 -0.000465501 8.4345e-05 0.000465322 1 0.00105604 -8.5328e-05 -0.00105596 1 -0.00434181 -0.0649226 0.0159537
FixedParameters: 0 0 0

#Transform 32
Transform: AffineTransform_float_3_3
Parameters: 1 -0.000368358 0.000328433 0.000368438 1 -0.000120879 -0.000328344 0.000121121 1 -0.0179572 -0.0158353 0.0204569
FixedParameters: 0 0 0

#Transform 33
Transform: AffineTransform_float_3_3
Parameters: 1 -0.000295675 0.000532861 0.000294949 0.999999 0.000681157 -0.000533263 -0.000680842 0.999999 -0.00724634 -0.0492815 0.00286573
FixedParameters: 0 0 0

#Transform 34
Transform: AffineTransform_float_3_3
Parameters: 0.999994 -8.10075e-05 -0.00329111 0.000133697 0.999871 0.0160579 0.00328925 -0.0160581 0.999865 0.0283409 -0.842497 0.650113
FixedParameters: 0 0 0

#Transform 35
Transform: AffineTransform_float_3_3
Parameters: 0.999999 0.000819686 -0.000178675 -0.00081971 0.999995 0.00311915 0.000180841 -0.00311985 0.999995 -0.0298666 -0.201403 0.239594
FixedParameters: 0 0 0

#Transform 36
Transform: AffineTransform_float_3_3
Parameters: 1 0.000111066 0.000585366 -0.00011138 1 0.00112194 -0.000585165 -0.00112207 0.999999 -0.0671602 -0.0821967 0.148548
FixedParameters: 0 0 0

#Transform 37
Transform: AffineTransform_float_3_3
Parameters: 1 0.000547577 0.000380573 -0.000547875 0.999998 0.00164179 -0.000379822 -0.00164221 0.999998 -0.0513984 -0.114138 0.128032
FixedParameters: 0 0 0

#Transform 38
Transform: AffineTransform_float_3_3
Parameters: 1 -0.000395567 0.000225386 0.000395387 1 0.000508089 -0.000224789 -0.000507911 1 -0.00873469 -0.041777 0.0695057
FixedParameters: 0 0 0

#Transform 39
Transform: AffineTransform_float_3_3
Parameters: 0.999992 0.000608363 -0.00412837 -0.000548316 0.999895 0.0144678 0.004136 -0.0144652 0.999887 0.0862323 -0.506318 0.502591
FixedParameters: 0 0 0

#Transform 40
Transform: AffineTransform_float_3_3
Parameters: 1 -0.000134386 1.56998e-05 0.000134413 0.999999 -0.000861997 -1.54681e-05 0.000862001 0.999999 -0.00626446 -0.0687299 0.1686
FixedParameters: 0 0 0

#Transform 41
Transform: AffineTransform_float_3_3
Parameters: 1 -0.000315189 2.43429e-05 0.000315177 1 0.000263008 -2.45087e-05 -0.000262992 1 -0.0273592 -0.0686641 0.130315
FixedParameters: 0 0 0

#Transform 42
Transform: AffineTransform_float_3_3
Parameters: 1 -0.000247476 1.84583e-05 0.000247203 0.999943 0.010695 -2.07526e-05 -0.010695 0.999943 -0.00354741 -0.337304 0.262151
FixedParameters: 0 0 0

#Transform 43
Transform: AffineTransform_float_3_3
Parameters: 1 2.88098e-05 -0.000561764 -2.54012e-05 0.999984 0.00574702 0.000561224 -0.00574699 0.999984 0.0420722 -0.250584 0.10029
FixedParameters: 0 0 0

#Transform 44
Transform: AffineTransform_float_3_3
Parameters: 0.999984 0.00230804 -0.00506788 -0.00225205 0.999936 0.011057 0.005093 -0.0110449 0.999926 0.22515 -0.659662 0.0966743
FixedParameters: 0 0 0

#Transform 45
Transform: AffineTransform_float_3_3
Parameters: 0.999999 0.00120274 -0.00092368 -0.00120391 0.999999 -0.000659887 0.000923089 0.000661114 1 0.0197787 -0.146521 0.163367
FixedParameters: 0 0 0

#Transform 46
Transform: AffineTransform_float_3_3
Parameters: 0.999999 0.00101877 -0.000882003 -0.00101846 0.999999 0.000770902 0.000882623 -0.0007701 1 0.00778626 -0.0761351 0.11887
FixedParameters: 0 0 0

#Transform 47
Transform: AffineTransform_float_3_3
Parameters: 1 0.00080456 -0.000889325 -0.000803423 0.999999 0.00122772 0.000890349 -0.00122728 0.999999 0.010719 -0.0991211 0.0993098
FixedParameters: 0 0 0

#Transform 48
Transform: AffineTransform_float_3_3
Parameters: 0.999999 0.000888655 -0.000982971 -0.00088842 0.999999 -0.000413124 0.000983186 0.000413876 0.999999 0.0321033 -0.015799 0.095668
FixedParameters: 0 0 0

#Transform 49
Transform: AffineTransform_float_3_3
Parameters: 0.999999 0.000501775 -0.000919173 -0.000502626 1 -0.00103254 0.000919086 0.00103246 0.999999 -0.00466309 -0.0548738 0.0932007
FixedParameters: 0 0 0

#Transform 50
Transform: AffineTransform_float_3_3
Parameters: 0.999999 0.000804729 -0.000646949 -0.000805021 0.999999 -0.00103548 0.000646232 0.00103552 1 -0.0234792 -0.0341497 0.0911699
FixedParameters: 0 0 0

#Transform 51
Transform: AffineTransform_float_3_3
Parameters: 0.999999 0.000547597 -0.000687967 -0.000548534 0.999999 -0.00068162 0.00068722 0.000681378 0.999999 -0.00096506 -0.067935 0.0850033
FixedParameters: 0 0 0

#Transform 52
Transform: AffineTransform_float_3_3
Parameters: 0.999999 0.000582176 -0.000614731 -0.000583208 0.999996 -0.00254564 0.000613664 0.00254636 0.999996 0.00100708 0.00897514 0.107809
FixedParameters: 0 0 0

#Transform 53
Transform: AffineTransform_float_3_3
Parameters: 0.999999 0.000549707 -0.00077389 -0.000549007 1 -0.000192575 0.000773629 0.000193425 0.999999 0.00187722 -0.0226394 0.0725817
FixedParameters: 0 0 0

#Transform 54
Transform: AffineTransform_float_3_3
Parameters: 1 0.000889013 -0.00072829 -0.000891051 0.999998 -0.00215435 0.000726402 0.00215565 0.999998 0.0076821 0.0171496 0.0969143
FixedParameters: 0 0 0

#Transform 55
Transform: AffineTransform_float_3_3
Parameters: 1 0.000677617 -0.000187474 -0.000677698 0.999999 -0.000216873 0.00018718 0.000217127 1 -0.0205273 -0.0557664 0.0652762
FixedParameters: 0 0 0

#Transform 56
Transform: AffineTransform_float_3_3
Parameters: 0.999999 0.000477373 -0.000633939 -0.000479913 0.999993 -0.0036607 0.000632334 0.0036613 0.999993 -0.00387103 0.0244625 0.109645
FixedParameters: 0 0 0

#Transform 57
Transform: AffineTransform_float_3_3
Parameters: 0.999999 0.000472565 -0.000768321 -0.000473529 0.999999 -0.000627634 0.000767728 0.000627365 0.999999 0.000143754 0.00769455 0.0740717
FixedParameters: 0 0 0

#Transform 58
Transform: AffineTransform_float_3_3
Parameters: 0.999999 0.00063186 -0.000512298 -0.00063158 1 0.000273324 0.000512643 -0.000272676 1 -0.00445725 -0.0427843 0.0685856
FixedParameters: 0 0 0

#Transform 59
Transform: AffineTransform_float_3_3
Parameters: 1 0.000485583 -0.000505638 -0.000486205 0.999999 -0.000614754 0.00050504 0.000615245 0.999999 -0.00760061 0.0276358 0.0760192
FixedParameters: 0 0 0

#Transform 60
Transform: AffineTransform_float_3_3
Parameters: 0.999999 0.00048018 -0.000621237 -0.000480275 1 -7.57016e-05 0.000621164 7.62983e-05 1 -0.00417768 -0.0283144 0.0483937
FixedParameters: 0 0 0

#Transform 61
Transform: AffineTransform_float_3_3
Parameters: 1 0.000485873 -0.000505359 -0.000485915 1 -4.07544e-05 0.000505319 4.12455e-05 1 -0.00761962 -0.0248553 0.0631792
FixedParameters: 0 0 0

#Transform 62
Transform: AffineTransform_float_3_3
Parameters: 0.999999 0.000526222 -0.000729975 -0.000527801 0.999996 -0.00248661 0.000728255 0.00248639 0.999996 0.0050617 -0.00108377 0.0557443
FixedParameters: 0 0 0

#Transform 63
Transform: AffineTransform_float_3_3
Parameters: 1 0.000485281 -0.000505928 -0.00048546 0.999999 -0.00121176 0.000505701 0.00121225 0.999999 -0.00762133 -0.0216809 0.0577341
FixedParameters: 0 0 0

#Transform 64
Transform: AffineTransform_float_3_3
Parameters: 1 0.000485105 -0.000506096 -0.000485636 0.999998 -0.00155975 0.000505532 0.00156024 0.999998 -0.012632 -0.0153678 0.0215851
FixedParameters: 0 0 0

#Transform 65
Transform: AffineTransform_float_3_3
Parameters: 1 0.000467815 -0.000848661 -0.000469462 0.999998 -0.00155955 0.00084715 0.00156045 0.999999 -0.008406 -0.0172477 0.0378966
FixedParameters: 0 0 0

#Transform 66
Transform: AffineTransform_float_3_3
Parameters: 1 0.000400495 -0.000501587 -0.000401496 1 -0.0009988 0.000500786 0.000999202 1 -0.00945652 0.00342351 0.0203076
FixedParameters: 0 0 0

#Transform 67
Transform: AffineTransform_float_3_3
Parameters: 1 0.000485671 -0.000505553 -0.000486117 1 -0.000440754 0.000505125 0.000441245 1 -0.0110534 -0.0384841 0.051526
FixedParameters: 0 0 0

#Transform 68
Transform: AffineTransform_float_3_3
Parameters: 1 0.000485293 -0.000505917 -0.000486448 0.999999 -0.00118975 0.000505759 0.00119025 0.999999 -0.00759202 0.0100638 0.0619174
FixedParameters: 0 0 0

#Transform 69
Transform: AffineTransform_float_3_3
Parameters: 0.999999 0.000674419 -0.000514899 -0.000674918 0.999999 -0.00048565 0.000514244 0.000485349 1 -0.00342379 -0.0441936 0.0536465
FixedParameters: 0 0 0

#Transform 70
Transform: AffineTransform_float_3_3
Parameters: 1 0.000485348 -0.000505864 -0.000486393 1 -0.00108075 0.000505812 0.00108125 1 -0.00759081 0.0108264 0.04047
FixedParameters: 0 0 0

#Transform 71
Transform: AffineTransform_float_3_3
Parameters: 1 0.000485837 -0.000505394 -0.000485951 1 -0.000112754 0.000505284 0.000113245 1 -0.0121792 -0.0525282 0.0120008
FixedParameters: 0 0 0

#Transform 72
Transform: AffineTransform_float_3_3
Parameters: 0.999999 0.000661993 -0.00075894 -0.000662457 1 -0.000995498 0.000758571 0.000996503 0.999999 0.00689096 -0.00212859 0.0582475
FixedParameters: 0 0 0

#Transform 73
Transform: AffineTransform_float_3_3
Parameters: 0.999999 0.000724262 -0.000517501 -0.000724908 1 -0.000671672 0.000517526 0.000671329 0.999999 -0.0129873 -0.0159387 0.0296031
FixedParameters: 0 0 0

#Transform 74
Transform: AffineTransform_float_3_3
Parameters: 0.999999 0.000805122 -0.0004387 -0.000805021 0.999999 -0.00102465 0.000437001 0.00102535 1 -0.014098 -0.0226144 0.0366567
FixedParameters: 0 0 0

#Transform 75
Transform: AffineTransform_float_3_3
Parameters: 1 0.00048536 -0.000505852 -0.00048638 1 -0.00105575 0.000505825 0.00105625 1 -0.00759109 -0.00468483 0.0379823
FixedParameters: 0 0 0

#Transform 76
Transform: AffineTransform_float_3_3
Parameters: 1 0.00048559 -0.000505631 -0.000486198 0.999999 -0.000601752 0.000505047 0.000601247 0.999999 -0.00759557 -0.00823651 0.035528
FixedParameters: 0 0 0

#Transform 77
Transform: AffineTransform_float_3_3
Parameters: 1 0.00048535 -0.000505862 -0.000486391 1 -0.00107675 0.000505814 0.00107725 1 -0.00758628 0.0134747 0.0340588
FixedParameters: 0 0 0

#Transform 78
Transform: AffineTransform_float_3_3
Parameters: 1 0.000485568 -0.000505653 -0.00048622 0.999999 -0.000645754 0.000505025 0.000646245 0.999999 -0.00760761 -0.0380227 0.0267456
FixedParameters: 0 0 0

#Transform 79
Transform: AffineTransform_float_3_3
Parameters: 1 0.000489685 -0.000420861 -0.000490407 0.999999 -0.000858793 0.000420019 0.000859205 0.999999 0.0103843 -0.0113092 0.0365344
FixedParameters: 0 0 0

#Transform 80
Transform: AffineTransform_float_3_3
Parameters: 1 0.000334105 -0.000330862 -0.000334381 1 -0.000416889 0.000330583 0.00041711 1 0.0207473 -0.0285779 0.0078411
FixedParameters: 0 0 0

#Transform 81
Transform: AffineTransform_float_3_3
Parameters: 1 9.52189e-05 -0.000417293 -9.62046e-05 0.999999 -0.00123896 0.000418055 0.00123804 0.999999 0.0293173 0.0140784 0.0310055
FixedParameters: 0 0 0

#Transform 82
Transform: AffineTransform_float_3_3
Parameters: 1 5.48704e-05 -0.000484346 -5.59474e-05 1 -0.00111197 0.000484223 0.00111203 1 0.0350952 -0.0133701 0.0021693
FixedParameters: 0 0 0

#Transform 83
Transform: AffineTransform_float_3_3
Parameters: 1 0.000275718 -0.000495318 -0.000275573 0.999999 -0.000861863 0.000494794 0.000862136 0.999999 0.0377455 -0.0134147 0.0225951
FixedParameters: 0 0 0

#Transform 84
Transform: AffineTransform_float_3_3
Parameters: 1 2.35218e-05 4.98872e-05 -2.34108e-05 1 -0.001112 -4.99394e-05 0.001112 1 0.00286722 -0.0161336 0.0441147
FixedParameters: 0 0 0

#Transform 85
Transform: AffineTransform_float_3_3
Parameters: 1 8.08441e-06 -0.000259724 -7.5624e-06 0.999999 -0.000917997 0.000259661 0.000918001 0.999999 0.0121197 -0.00950971 0.0459566
FixedParameters: 0 0 0

#Transform 86
Transform: AffineTransform_float_3_3
Parameters: 1 1.31595e-06 -0.000396554 -9.46041e-07 0.999999 -0.000792999 0.000396503 0.000793 0.999999 0.0305954 -0.0111774 0.0275996
FixedParameters: 0 0 0

#Transform 87
Transform: AffineTransform_float_3_3
Parameters: 1 6.12654e-05 -0.000484772 -6.25365e-05 0.999998 -0.00234197 0.000484433 0.00234203 0.999997 0.0350987 0.0116554 0.0480433
FixedParameters: 0 0 0

#Transform 88
Transform: AffineTransform_float_3_3
Parameters: 1 -3.34126e-06 -0.000481447 2.70129e-06 0.999998 -0.00170195 0.000481408 0.00170205 0.999999 0.0348654 -0.00837228 0.00236777
FixedParameters: 0 0 0

#Transform 89
Transform: AffineTransform_float_3_3
Parameters: 1 -3.13133e-06 -0.000481448 2.91116e-06 0.999999 -0.001266 0.000481407 0.001266 0.999999 0.054005 -0.0311498 0.0199827
FixedParameters: 0 0 0

#Transform 90
Transform: AffineTransform_float_3_3
Parameters: 1 -0.000256111 -0.000468607 0.000254328 0.999998 -0.00190012 0.000469577 0.00189988 0.999998 0.0484176 -0.0003596 0.0326109
FixedParameters: 0 0 0

#Transform 91
Transform: AffineTransform_float_3_3
Parameters: 1 7.69601e-05 -0.000244127 -7.63805e-05 0.999999 -0.000858981 0.000243947 0.000859018 0.999999 0.0452548 -0.033299 0.0544778
FixedParameters: 0 0 0

#Transform 92
Transform: AffineTransform_float_3_3
Parameters: 1 -3.35041e-06 -0.000481447 2.69214e-06 0.999998 -0.00172095 0.000481408 0.00172105 0.999999 0.0515201 -0.0111125 0.0485692
FixedParameters: 0 0 0

#Transform 93
Transform: AffineTransform_float_3_3
Parameters: 1 -2.98402e-06 -0.000481449 3.05849e-06 0.999999 -0.000959953 0.000481406 0.000960047 1 0.0399463 -0.0294365 0.0338771
FixedParameters: 0 0 0

#Transform 94
Transform: AffineTransform_float_3_3
Parameters: 1 -3.33356e-06 -0.000481447 2.70899e-06 0.999998 -0.00168595 0.000481408 0.00168605 0.999999 0.0577173 -0.00550159 0.0441609
FixedParameters: 0 0 0

#Transform 95
Transform: AffineTransform_float_3_3
Parameters: 0.999999 -0.000259003 -0.000689853 0.000258045 0.999999 -0.00141818 0.000690537 0.00141782 0.999999 0.0590928 -0.0389497 0.0249867
FixedParameters: 0 0 0

#Transform 96
Transform: AffineTransform_float_3_3
Parameters: 0.999999 -2.13849e-05 -0.00084599 2.03178e-05 1 -0.00122102 0.000845992 0.00122098 0.999999 0.0989891 -0.0325998 0.0287409
FixedParameters: 0 0 0

#Transform 97
Transform: AffineTransform_float_3_3
Parameters: 1 -0.000342248 -0.000599722 0.000342188 0.999999 -0.000883157 0.000600277 0.000882844 1 0.0867495 -0.0750627 0.00138921
FixedParameters: 0 0 0

#Transform 98
Transform: AffineTransform_float_3_3
Parameters: 0.999999 -9.8372e-05 -0.000823104 9.72881e-05 0.999999 -0.00126508 0.000823303 0.00126492 0.999999 0.0868968 0.00298581 0.0412854
FixedParameters: 0 0 0

#Transform 99
Transform: AffineTransform_float_3_3
Parameters: 1 -0.000394676 -0.000461771 0.000394382 0.999999 -0.00134718 0.000461786 0.00134682 0.999999 0.0695462 -0.0277141 0.0220937
FixedParameters: 0 0 0

#Transform 100
Transform: AffineTransform_float_3_3
Parameters: 0.999999 0.000131341 -0.000966061 -0.000134585 0.999996 -0.00273787 0.000966234 0.00273813 0.999996 0.0959995 -0.0193542 0.0813847
FixedParameters: 0 0 0

#Transform 101
Transform: AffineTransform_float_3_3
Parameters: 0.999999 -0.000406808 -0.000697307 0.000405307 0.999999 -0.00175728 0.000697686 0.00175672 0.999998 0.0764653 0.0491491 0.0645582
FixedParameters: 0 0 0

#Transform 102
Transform: AffineTransform_float_3_3
Parameters: 1 -0.000394403 -0.000462004 0.000393704 0.999999 -0.000756181 0.0004626 0.000755817 0.999999 0.063579 -0.0113887 0.0562778
FixedParameters: 0 0 0

#Transform 103
Transform: AffineTransform_float_3_3
Parameters: 1 -0.000350732 -0.000955182 0.000347464 0.999996 -0.00272934 0.000955992 0.00272966 0.999996 0.0857584 0.0453998 0.050997
FixedParameters: 0 0 0

#Transform 104
Transform: AffineTransform_float_3_3
Parameters: 1 -0.000394452 -0.000461962 0.000393655 0.999999 -0.000862181 0.000462642 0.000861817 0.999999 0.052839 -0.0279236 0.0401468
FixedParameters: 0 0 0

#Transform 105
Transform: AffineTransform_float_3_3
Parameters: 1 -0.00039466 -0.000461785 0.000394445 0.999999 -0.00131318 0.000462772 0.00131282 0.999999 0.0551839 0.0144797 0.0648072
FixedParameters: 0 0 0

#Transform 106
Transform: AffineTransform_float_3_3
Parameters: 1 -0.000394522 -0.000461903 0.000394584 1 -0.00101418 0.000462654 0.00101382 1 0.0512432 -0.0119325 0.0196484
FixedParameters: 0 0 0

#Transform 107
Transform: AffineTransform_float_3_3
Parameters: 1 -0.000394273 -0.000462115 0.000393834 1 -0.000475182 0.000462489 0.000474818 1 0.0360005 -0.0202468 0.0281244
FixedParameters: 0 0 0

#Transform 108
Transform: AffineTransform_float_3_3
Parameters: 1 -0.000394421 -0.000461988 0.000393685 0.999999 -0.000796181 0.000462616 0.000795817 0.999999 0.0500165 0.00320161 0.0341788
FixedParameters: 0 0 0

#Transform 109
Transform: AffineTransform_float_3_3
Parameters: 1 -0.000303203 -0.00035732 0.000302461 1 -0.00103711 0.000357948 0.00103689 1 0.0346733 -0.0490095 0.0415871
FixedParameters: 0 0 0

#Transform 110
Transform: AffineTransform_float_3_3
Parameters: 0.999999 -0.000274771 -0.000779096 0.000274044 0.999999 -0.00174722 0.000779957 0.00174778 0.999998 0.0729081 -0.00956756 0.0434209
FixedParameters: 0 0 0

#Transform 111
Transform: AffineTransform_float_3_3
Parameters: 1 -0.000394535 -0.000461892 0.000394571 1 -0.00104218 0.000462665 0.00104182 1 0.0533929 -0.0287706 0.0215712
FixedParameters: 0 0 0

#Transform 112
Transform: AffineTransform_float_3_3
Parameters: 1 -7.89327e-05 -0.000477657 7.89283e-05 1 -0.00105004 0.000477773 0.00104996 1 0.047196 -0.032529 0.0499597
FixedParameters: 0 0 0

#Transform 113
Transform: AffineTransform_float_3_3
Parameters: 0.999999 -0.00024212 -0.000669319 0.000239915 0.999995 -0.00313616 0.000670733 0.00313584 0.999995 0.0476497 0.0112569 0.0418007
FixedParameters: 0 0 0

#Transform 114
Transform: AffineTransform_float_3_3
Parameters: 1 -0.000153182 -0.000473854 0.000152502 0.999999 -0.00177107 0.000474346 0.00177093 0.999999 0.0453645 -0.0360307 0.0562532
FixedParameters: 0 0 0

#Transform 115
Transform: AffineTransform_float_3_3
Parameters: 0.999999 -0.000349395 -0.000898308 0.000348272 0.999998 -0.00229131 0.000899759 0.00229069 0.999997 0.064863 0.0240014 0.0433796
FixedParameters: 0 0 0

#Transform 116
Transform: AffineTransform_float_3_3
Parameters: 1 -0.000394555 -0.000461875 0.000394551 1 -0.00108419 0.000462682 0.00108482 1 0.0423223 -0.0441476 0.0576941
FixedParameters: 0 0 0

#Transform 117
Transform: AffineTransform_float_3_3
Parameters: 1 -3.43318e-05 -0.000479878 3.26377e-05 0.999999 -0.00176502 0.000479996 0.00176499 0.999999 0.0462182 0.0138196 0.0769406
FixedParameters: 0 0 0

#Transform 118
Transform: AffineTransform_float_3_3
Parameters: 1 0.000109442 -0.000433027 -0.000109529 0.999999 -0.00125395 0.000432704 0.00125405 0.999999 0.0315343 0.00208738 0.0573227
FixedParameters: 0 0 0

#Transform 119
Transform: AffineTransform_float_3_3
Parameters: 1 0.000136153 -0.000488615 -0.000137469 0.999997 -0.00236993 0.000487917 0.00237007 0.999997 0.0330248 0.0147078 0.0909109
FixedParameters: 0 0 0

#Transform 120
Transform: AffineTransform_float_3_3
Parameters: 1 -0.000216086 -0.000470672 0.000215447 0.999998 -0.00173905 0.000471373 0.00173895 0.999999 0.0421269 0.0204301 0.0835199
FixedParameters: 0 0 0

#Transform 121
Transform: AffineTransform_float_3_3
Parameters: 1 -0.000211812 -0.000395 0.000211298 1 -0.000650086 0.000395275 0.000650914 0.999999 0.0398657 -0.00664952 0.0821974
FixedParameters: 0 0 0

#Transform 122
Transform: AffineTransform_float_3_3
Parameters: 1 -0.000215984 -0.000470718 0.00021555 0.999999 -0.0015211 0.000471326 0.0015209 0.999998 0.042119 0.0190761 0.0923139
FixedParameters: 0 0 0

#Transform 123
Transform: AffineTransform_float_3_3
Parameters: 1 -8.93526e-05 -0.000307955 8.89046e-05 1 -0.000649027 0.000307071 0.000648972 0.999999 0.0359096 -0.0391658 0.0679689
FixedParameters: 0 0 0

#Transform 124
Transform: AffineTransform_float_3_3
Parameters: 1 -0.000215932 -0.000470742 0.000215601 0.999999 -0.0014111 0.000471302 0.0014109 0.999999 0.0546242 0.0242364 0.0979968
FixedParameters: 0 0 0

#Transform 125
Transform: AffineTransform_float_3_3
Parameters: 1 -0.000215857 -0.000470777 0.000215676 0.999999 -0.0012521 0.000471268 0.0012519 0.999999 0.0381827 -0.0108966 0.0961063
FixedParameters: 0 0 0

#Transform 126
Transform: AffineTransform_float_3_3
Parameters: 1 -0.00021563 -0.00047088 0.000214905 0.999999 -0.000770101 0.000471212 0.000769898 0.999999 0.0469571 0.0208185 0.091276
FixedParameters: 0 0 0

#Transform 127
Transform: AffineTransform_float_3_3
Parameters: 1 -0.000117487 -0.000475612 0.000116283 0.999998 -0.00231406 0.000476104 0.00231395 0.999997 0.0468399 0.00692124 0.0723624
FixedParameters: 0 0 0

#Transform 128
Transform: AffineTransform_float_3_3
Parameters: 0.999999 -0.000228375 -0.000702194 0.000226822 0.999997 -0.00252616 0.000703247 0.00252584 0.999996 0.0450999 -0.0358337 0.0625455
FixedParameters: 0 0 0

#Transform 129
Transform: AffineTransform_float_3_3
Parameters: 0.999999 0.000125521 -0.000924884 -0.000128475 0.999993 -0.00375884 0.000923733 0.00375917 0.999993 0.0763804 0.0270634 0.0959598
FixedParameters: 0 0 0

#Transform 130
Transform: AffineTransform_float_3_3
Parameters: 1 -0.000215747 -0.000470828 0.000215787 1 -0.0010171 0.000471218 0.0010169 1 0.0509669 -0.0338421 0.0722004
FixedParameters: 0 0 0

#Transform 131
Transform: AffineTransform_float_3_3
Parameters: 1 0.000260518 -0.000494688 -0.000260809 0.999999 -0.00130487 0.000493959 0.00130513 0.999999 0.0686376 0.0262813 0.0969353
FixedParameters: 0 0 0

#Transform 132
Transform: AffineTransform_float_3_3
Parameters: 1 -0.000215859 -0.000470776 0.000215675 0.999999 -0.0012561 0.000471269 0.0012559 0.999999 0.0274863 -0.0069461 0.0716686
FixedParameters: 0 0 0

#Transform 133
Transform: AffineTransform_float_3_3
Parameters: 1 0.000211699 -0.00049218 -0.000212744 1 -0.00106289 0.000491729 0.00106211 1 0.0500501 -0.0260215 0.0983898
FixedParameters: 0 0 0

#Transform 134
Transform: AffineTransform_float_3_3
Parameters: 1 5.06614e-05 -0.000484169 -5.1167e-05 0.999999 -0.00155397 0.000483961 0.00155402 0.999998 0.0571381 -0.0181432 0.0880767
FixedParameters: 0 0 0

#Transform 135
Transform: AffineTransform_float_3_3
Parameters: 0.999999 0.000574412 -0.00051011 -0.000575163 0.999999 -0.000736704 0.000509263 0.000736295 0.999999 0.0716633 -0.0422011 0.0768839
FixedParameters: 0 0 0

#Transform 136
Transform: AffineTransform_float_3_3
Parameters: 1 8.1755e-05 -0.00068099 -8.29239e-05 0.999998 -0.00159194 0.000680679 0.00159205 0.999998 0.0658808 -0.0176475 0.085759
FixedParameters: 0 0 0

#Transform 137
Transform: AffineTransform_float_3_3
Parameters: 1 0.000144811 -0.000488827 -0.000144793 0.999999 -0.00100288 0.000488488 0.00100312 1 0.0571283 -0.0395919 0.101474
FixedParameters: 0 0 0

#Transform 138
Transform: AffineTransform_float_3_3
Parameters: 1 -2.63344e-05 -0.000480283 2.56531e-05 0.999999 -0.00174901 0.000480325 0.00174899 0.999999 0.0519227 -0.00274962 0.1011
FixedParameters: 0 0 0

#Transform 139
Transform: AffineTransform_float_3_3
Parameters: 1 0.000408627 -0.00050187 -0.000409345 0.999999 -0.000714794 0.000501285 0.000715204 0.999999 0.0464086 -0.0383442 0.0948522
FixedParameters: 0 0 0

#Transform 140
Transform: AffineTransform_float_3_3
Parameters: 1 0.000408251 -0.000502176 -0.000408674 0.999999 -0.00146479 0.000501929 0.0014652 0.999999 0.0628686 -0.0053547 0.0898039
FixedParameters: 0 0 0

#Transform 141
Transform: AffineTransform_float_3_3
Parameters: 1 0.000408499 -0.000501975 -0.000409473 1 -0.000970795 0.00050118 0.000971206 1 0.0504384 -0.0473279 0.0838503
FixedParameters: 0 0 0

#Transform 142
Transform: AffineTransform_float_3_3
Parameters: 0.999999 4.97668e-05 -0.000868668 -5.24993e-05 0.999997 -0.00214791 0.0008684 0.00214809 0.999998 0.0689157 0.00538027 0.10624
FixedParameters: 0 0 0

#Transform 143
Transform: AffineTransform_float_3_3
Parameters: 0.999999 -0.000101753 -0.00080288 0.000100943 0.999999 -0.00174808 0.000803137 0.00174792 0.999998 0.0476618 -0.0198747 0.108531
FixedParameters: 0 0 0

#Transform 144
Transform: AffineTransform_float_3_3
Parameters: 0.999999 -0.000153025 -0.000943455 0.000151536 0.999999 -0.00184714 0.00094392 0.00184686 0.999998 0.0709408 0.00928332 0.111471
FixedParameters: 0 0 0

#Transform 145
Transform: AffineTransform_float_3_3
Parameters: 1 -7.58124e-05 -0.000389663 7.54485e-05 0.999999 -0.00174803 0.000389879 0.00174797 0.999999 0.036103 -0.0122395 0.10336
FixedParameters: 0 0 0

#Transform 146
Transform: AffineTransform_float_3_3
Parameters: 1 0.000140941 -0.000656972 -0.000142191 0.999999 -0.00174791 0.000657427 0.00174809 0.999999 0.0372785 -0.00972043 0.130071
FixedParameters: 0 0 0

#Transform 147
Transform: AffineTransform_float_3_3
Parameters: 1 -7.89021e-05 -0.000947226 7.68372e-05 0.999998 -0.00161702 0.000947429 0.00161697 0.999998 0.0527189 0.0185604 0.145195
FixedParameters: 0 0 0

#Transform 148
Transform: AffineTransform_float_3_3
Parameters: 1 0.000190647 -0.000476031 -0.000190315 0.999999 -0.000700909 0.000475715 0.00070109 0.999999 0.035996 -0.0299149 0.13278
FixedParameters: 0 0 0

#Transform 149
Transform: AffineTransform_float_3_3
Parameters: 1 -0.000247673 -0.000400944 0.000247086 0.999998 -0.0019161 0.000400845 0.0019159 0.999998 0.0578434 0.038635 0.144018
FixedParameters: 0 0 0

#Transform 150
Transform: AffineTransform_float_3_3
Parameters: 1 8.63224e-05 -0.000258583 -8.56266e-05 1 -0.000585978 0.000258434 0.000586022 1 0.0433137 -0.0209246 0.121416
FixedParameters: 0 0 0

#Transform 151
Transform: AffineTransform_float_3_3
Parameters: 1 -0.000185625 -0.000620403 0.000184459 0.999999 -0.00174412 0.000621 0.00174389 0.999999 0.0722244 0.0271682 0.134523
FixedParameters: 0 0 0

#Transform 152
Transform: AffineTransform_float_3_3
Parameters: 1 -0.000255412 -0.000564998 0.000255369 0.999999 -0.000880096 0.0005644 0.000879905 1 0.0622345 -0.0021142 0.104799
FixedParameters: 0 0 0

#Transform 153
Transform: AffineTransform_float_3_3
Parameters: 1 -0.000255448 -0.000564982 0.000255333 0.999999 -0.000943096 0.000564416 0.000942905 1 0.0629433 0.0148306 0.101017
FixedParameters: 0 0 0

#Transform 154
Transform: AffineTransform_float_3_3
Parameters: 0.999999 -0.000260985 -0.000674822 0.000260591 1 -0.00103218 0.000675311 0.00103182 0.999999 0.0651801 0.00436525 0.0706747
FixedParameters: 0 0 0

#Transform 155
Transform: AffineTransform_float_3_3
Parameters: 1 0.000218119 -0.000588525 -0.000218919 0.999999 -0.000679868 0.000588228 0.00067913 0.999999 0.0562556 -0.0211461 0.103815
FixedParameters: 0 0 0

#Transform 156
Transform: AffineTransform_float_3_3
Parameters: 0.999999 2.66795e-05 -0.000803354 -2.79042e-05 0.999999 -0.00138398 0.000803229 0.00138402 0.999998 0.0751994 0.0075019 0.0942308
FixedParameters: 0 0 0

#Transform 157
Transform: AffineTransform_float_3_3
Parameters: 1 0.000329114 -0.00059395 -0.00032866 1 -0.000458805 0.000593599 0.000459195 0.999999 0.0599629 -0.0451968 0.083919
FixedParameters: 0 0 0

#Transform 158
Transform: AffineTransform_float_3_3
Parameters: 1 5.86536e-06 -0.000457882 -6.41774e-06 0.999998 -0.00169395 0.000457812 0.00169405 0.999999 0.0510111 0.0133018 0.112766
FixedParameters: 0 0 0

#Transform 159
Transform: AffineTransform_float_3_3
Parameters: 1 0.000341635 -0.000339314 -0.000341052 0.999999 -0.000614882 0.000338845 0.000614118 1 0.0441215 -0.0464665 0.073066
FixedParameters: 0 0 0

#Transform 160
Transform: AffineTransform_float_3_3
Parameters: 1 0.000213806 -0.000588443 -0.000215241 0.999999 -0.00121987 0.000587919 0.00122013 0.999999 0.0475591 -0.00609427 0.10638
FixedParameters: 0 0 0

#Transform 161
Transform: AffineTransform_float_3_3
Parameters: 1 0.000328851 -0.000594096 -0.000328921 0.999999 -0.000899756 0.000593455 0.000900244 1 0.0363401 -0.0272968 0.0885882
FixedParameters: 0 0 0

#Transform 162
Transform: AffineTransform_float_3_3
Parameters: 0.999999 0.000505705 -0.00060284 -0.000505645 0.999999 -0.000778647 0.000602003 0.000779354 1 0.030422 -0.0365526 0.117187
FixedParameters: 0 0 0

#Transform 163
Transform: AffineTransform_float_3_3
Parameters: 1 0.000201335 -0.000178292 -0.000200751 1 -0.00116396 0.000177776 0.00116404 1 -0.0321343 -0.0182989 0.093176
FixedParameters: 0 0 0

#Transform 164
Transform: AffineTransform_float_3_3
Parameters: 1 0.000433733 -3.64048e-05 -0.000433762 1 -0.000398984 3.60587e-05 0.000399016 1 0.0154116 -0.0636922 0.0984187
FixedParameters: 0 0 0

#Transform 165
Transform: AffineTransform_float_3_3
Parameters: 1 0.000151132 -0.00066138 -0.00015263 1 -0.0011329 0.000661036 0.0011331 0.999999 0.0371919 0.0210183 0.12153
FixedParameters: 0 0 0

#Transform 166
Transform: AffineTransform_float_3_3
Parameters: 1 0.000347181 -0.00022744 -0.000347446 1 -0.000582921 0.000227035 0.000583079 1 0.0214518 -0.0434817 0.0802003
FixedParameters: 0 0 0

#Transform 167
Transform: AffineTransform_float_3_3
Parameters: 1 7.14146e-05 -0.000367109 -7.19063e-05 0.999998 -0.00203097 0.000366769 0.00203103 0.999998 0.0241461 0.0051086 0.111399
FixedParameters: 0 0 0

#Transform 168
Transform: AffineTransform_float_3_3
Parameters: 1 0.000336286 -0.000429907 -0.00033756 0.999997 -0.00270286 0.000429035 0.00270315 0.999997 0.0274323 0.00882226 0.106648
FixedParameters: 0 0 0

#Transform 169
Transform: AffineTransform_float_3_3
Parameters: 1 0.00033103 -0.000555001 -0.000330553 1 -0.000469816 0.000554641 0.000470183 0.999999 0.0311083 -0.00709205 0.11255
FixedParameters: 0 0 0

#Transform 170
Transform: AffineTransform_float_3_3
Parameters: 1 0.000626457 0.000175146 -0.000626147 0.999999 -0.000746109 -0.000175082 0.00074589 0.999999 0.0148752 0.0124608 0.1035
FixedParameters: 0 0 0

#Transform 171
Transform: AffineTransform_float_3_3
Parameters: 1 0.000704747 1.86834e-05 -0.000704752 0.999999 0.000124987 -1.85072e-05 -0.000125013 1 -0.0057485 -0.0451182 0.0956463
FixedParameters: 0 0 0

#Transform 172
Transform: AffineTransform_float_3_3
Parameters: 1 0.000423064 -0.000374308 -0.000423346 1 -0.000441841 0.000374933 0.000442159 1 0.0176454 -0.00325734 0.0996934
FixedParameters: 0 0 0

#Transform 173
Transform: AffineTransform_float_3_3
Parameters: 1 0.000480297 -0.000249909 -0.000480448 1 -0.000300878 0.00024962 0.000300122 1 0.00178649 -0.0301321 0.108905
FixedParameters: 0 0 0

#Transform 174
Transform: AffineTransform_float_3_3
Parameters: 1 0.000521744 -0.000281127 -0.000522016 0.999999 -0.000569853 0.000281531 0.000570147 1 0.00359469 -0.0120864 0.135391
FixedParameters: 0 0 0

#Transform 175
Transform: AffineTransform_float_3_3
Parameters: 1 0.000505496 -8.31789e-05 -0.000505573 0.999999 -0.000758958 8.34103e-05 0.000759042 0.999999 -0.00279796 -0.0172449 0.118301
FixedParameters: 0 0 0

#Transform 176
Transform: AffineTransform_float_3_3
Parameters: 1 0.00069932 -9.23266e-05 -0.000699334 1 -7.79354e-05 9.22175e-05 7.80645e-05 1 0.00142455 -0.0577902 0.134767
FixedParameters: 0 0 0

#Transform 177
Transform: AffineTransform_float_3_3
Parameters: 1 0.000699239 -9.29385e-05 -0.000699367 1 -0.000952984 9.26044e-05 0.000953016 0.999999 0.0014597 -0.0179144 0.131948
FixedParameters: 0 0 0

#Transform 178
Transform: AffineTransform_float_3_3
Parameters: 1 0.000536523 -0.000225728 -0.000536729 1 -0.000456879 0.000225238 0.000457121 1 0.012765 -0.0565569 0.122084
FixedParameters: 0 0 0

#Transform 179
Transform: AffineTransform_float_3_3
Parameters: 1 0.000524164 -0.000408793 -0.000524168 0.999999 -0.00128679 0.000408394 0.00128721 0.999999 0.031578 -0.0100362 0.141511
FixedParameters: 0 0 0

#Transform 180
Transform: AffineTransform_float_3_3
Parameters: 1 0.000699211 -9.31469e-05 -0.000699395 0.999999 -0.00125094 9.23961e-05 0.00125107 0.999999 0.0183002 -0.0356455 0.121869
FixedParameters: 0 0 0

#Transform 181
Transform: AffineTransform_float_3_3
Parameters: 0.999999 0.000679679 -0.000490082 -0.000680042 0.999999 -0.000419664 0.000490511 0.000419336 1 0.0575476 -0.0562148 0.119471
FixedParameters: 0 0 0

#Transform 182
Transform: AffineTransform_float_3_3
Parameters: 1 0.000647237 -9.08272e-05 -0.000647493 0.999999 -0.00169199 8.96353e-05 0.00169201 0.999998 0.0227902 -0.0248387 0.117533
FixedParameters: 0 0 0

#Transform 183
Transform: AffineTransform_float_3_3
Parameters: 1 0.000699239 -9.29378e-05 -0.000699367 1 -0.000951984 9.26051e-05 0.000952016 0.999999 0.0240489 -0.0560738 0.154378
FixedParameters: 0 0 0

#Transform 184
Transform: AffineTransform_float_3_3
Parameters: 0.999999 0.000478334 -0.000524607 -0.000479565 0.999999 -0.00121975 0.000524438 0.00121925 0.999999 0.0437542 0.00124469 0.140473
FixedParameters: 0 0 0

#Transform 185
Transform: AffineTransform_float_3_3
Parameters: 0.999999 0.000694834 -0.000183343 -0.000694929 0.999999 -0.000258873 0.000182983 0.000259127 1 0.0240932 -0.0345847 0.126434
FixedParameters: 0 0 0

#Transform 186
Transform: AffineTransform_float_3_3
Parameters: 0.999999 0.000686097 -0.000355697 -0.000686861 0.999999 -0.00107576 0.000354219 0.00107624 1 0.041488 -0.00750996 0.146249
FixedParameters: 0 0 0

#Transform 187
Transform: AffineTransform_float_3_3
Parameters: 0.999999 0.000695388 -0.000169911 -0.000695696 0.999999 -0.00105088 0.000169448 0.00105112 1 0.0356991 -0.0299834 0.127088
FixedParameters: 0 0 0

#Transform 188
Transform: AffineTransform_float_3_3
Parameters: 0.999999 0.000673274 -0.000614256 -0.000673382 1 -0.000901587 0.000612993 0.000902414 1 0.0572067 -0.0429823 0.131092
FixedParameters: 0 0 0

#Transform 189
Transform: AffineTransform_float_3_3
Parameters: 0.999999 0.000516222 -0.000620934 -0.000517391 0.999999 -0.00178568 0.000620038 0.00178632 0.999998 0.0527186 -0.0160272 0.136226
FixedParameters: 0 0 0

#Transform 190
Transform: AffineTransform_float_3_3
Parameters: 0.999999 0.000663178 -0.000822753 -0.000664009 0.999999 -0.000534451 0.000823043 0.000534548 0.999999 0.0435345 -0.0389939 0.139277
FixedParameters: 0 0 0

#Transform 191
Transform: AffineTransform_float_3_3
