#Insight Transform File V1.0
#Transform 0
Transform: AffineTransform_float_3_3
Parameters: 1 -0.000363809 4.82946e-05 0.000363912 1 -0.00107598 -4.75116e-05 0.00107602 1 0.0211157 0.0397576 0.0265054
FixedParameters: 0 0 0

#Transform 1
Transform: AffineTransform_float_3_3
Parameters: 1 -0.000672127 8.90473e-05 0.000672142 1 -0.00081907 -8.89378e-05 0.000818931 0.999999 0.0169465 0.00910633 0.0293297
FixedParameters: 0 0 0

#Transform 2
Transform: AffineTransform_float_3_3
Parameters: 1 0.000196272 -2.61023e-05 -0.00019634 0.999999 -0.001315 2.5586e-05 0.00131501 0.999999 0.0183741 -0.00424659 -0.00642212
FixedParameters: 0 0 0

#Transform 3
Transform: AffineTransform_float_3_3
Parameters: 1 0.000108308 0.000345778 -0.000107827 1 -0.000695037 -0.000345928 0.000694962 0.999999 0.00421262 -0.00645529 0.00814503
FixedParameters: 0 0 0

#Transform 4
Transform: AffineTransform_float_3_3
Parameters: 1 -6.21166e-05 0.00050847 6.22112e-05 1 -9.29684e-05 -0.000508458 9.30316e-05 1 -0.030735 0.0375352 0.027025
FixedParameters: 0 0 0

#Transform 5
Transform: AffineTransform_float_3_3
Parameters: 1 0.000319622 0.000915231 -0.000320729 1 0.000604836 -0.000914844 -0.000605163 1 0.00909551 0.0355932 0.0299995
FixedParameters: 0 0 0

#Transform 6
Transform: AffineTransform_float_3_3
Parameters: 1 0.000622882 0.000874428 -0.000621129 0.999998 -0.00149441 -0.000875165 0.00149359 0.999999 0.00574345 0.011789 -0.00896839
FixedParameters: 0 0 0

#Transform 7
Transform: AffineTransform_float_3_3
Parameters: 1 0.000251261 0.000387248 -0.000251201 0.999999 -0.0013571 -0.000387799 0.0013569 0.999999 0.00155921 0.0115827 -0.00312956
FixedParameters: 0 0 0

#Transform 8
Transform: AffineTransform_float_3_3
Parameters: 1 0.000250935 0.000387459 -0.000250536 1 -0.000514097 -0.000387717 0.000513903 1 0.00156967 0.0392325 0.00595929
FixedParameters: 0 0 0

#Transform 9
Transform: AffineTransform_float_3_3
Parameters: 1 0.000228542 0.000219047 -0.00022855 1 1.69499e-05 -0.000219039 -1.70501e-05 1 -0.0115179 0.0358992 0.00896288
FixedParameters: 0 0 0

#Transform 10
Transform: AffineTransform_float_3_3
Parameters: 1 9.93599e-05 1.9173e-05 -9.93511e-05 1 -0.000229002 -1.92185e-05 0.000228998 1 -0.00503099 0.0339148 0.0192918
FixedParameters: 0 0 0

#Transform 11
Transform: AffineTransform_float_3_3
Parameters: 1 -0.000116973 -0.000298274 0.000116897 1 -0.000127035 0.000298304 0.000126965 1 -0.00249884 0.0578524 0.0385014
FixedParameters: 0 0 0

#Transform 12
Transform: AffineTransform_float_3_3
Parameters: 1 6.02331e-05 0.000351147 -6.0462e-05 1 0.000325979 -0.000351107 -0.000326021 1 -0.00137681 -0.00742291 0.00429038
FixedParameters: 0 0 0

#Transform 13
Transform: AffineTransform_float_3_3
Parameters: 1 -3.59512e-05 -3.56161e-05 3.59604e-05 1 0.000128999 3.56068e-05 -0.000129001 1 0.00626453 0.0566824 0.0280762
FixedParameters: 0 0 0

#Transform 14
Transform: AffineTransform_float_3_3
Parameters: 1 0.000143626 0.000118306 -0.000143704 1 0.000325983 -0.000118213 -0.000326017 1 -0.00309209 0.0108153 0.0187744
FixedParameters: 0 0 0

#Transform 15
Transform: AffineTransform_float_3_3
Parameters: 1 0.00024509 0.000238116 -0.000245245 1 0.000325942 -0.000237956 -0.000326058 1 -0.00350391 0.0115818 0.0260816
FixedParameters: 0 0 0

#Transform 16
Transform: AffineTransform_float_3_3
Parameters: 1 3.16211e-05 0.000133012 -3.16424e-05 1 7.99958e-05 -0.000133007 -8.00042e-05 1 -0.000328481 0.0405784 -0.00554616
FixedParameters: 0 0 0

#Transform 17
Transform: AffineTransform_float_3_3
Parameters: 1 -0.000185465 0.000161629 0.000185525 1 -0.00018497 -0.00016156 0.00018503 1 -0.00696698 0.0370368 0.0100042
FixedParameters: 0 0 0

#Transform 18
Transform: AffineTransform_float_3_3
Parameters: 1 -0.000185525 0.000161559 0.000185464 1 0.00019103 -0.00016163 -0.00019097 1 -0.00696481 0.0135925 -0.00349499
FixedParameters: 0 0 0

#Transform 19
Transform: AffineTransform_float_3_3
Parameters: 1 -9.32626e-05 0.000149473 9.33179e-05 1 -0.000184986 -0.000149438 0.000185014 1 -0.00590547 0.0564157 0.0288993
FixedParameters: 0 0 0

#Transform 20
Transform: AffineTransform_float_3_3
Parameters: 1 -0.000125506 -3.38859e-05 0.000125493 1 -0.000185004 3.39323e-05 0.000184996 1 -0.00861827 0.00334865 0.0148714
FixedParameters: 0 0 0

#Transform 21
Transform: AffineTransform_float_3_3
Parameters: 1 -7.49938e-05 -0.000332051 7.49725e-05 1 -3.20249e-05 0.000332056 3.19751e-05 1 0.00242868 0.0521649 0.0169172
FixedParameters: 0 0 0

#Transform 22
Transform: AffineTransform_float_3_3
Parameters: 1 -0.000132533 4.2766e-05 0.000132596 0.999999 -0.000737994 -4.25704e-05 0.000738005 0.999999 -0.00774108 0.0108537 0.000532869
FixedParameters: 0 0 0

#Transform 23
Transform: AffineTransform_float_3_3
Parameters: 1 -0.000219691 -9.81686e-05 0.000219694 1 1.99784e-05 9.81598e-05 -2.00216e-05 1 -0.0106721 0.0254599 0.0294192
FixedParameters: 0 0 0

#Transform 24
Transform: AffineTransform_float_3_3
Parameters: 1 -7.07795e-05 6.34477e-06 7.06589e-05 0.999999 -0.000730999 -7.23282e-06 0.000731 0.999999 -0.000689646 0.0105781 -0.00158811
FixedParameters: 0 0 0

#Transform 25
Transform: AffineTransform_float_3_3
Parameters: 1 -0.000247652 -0.000309216 0.000247207 1 -0.000510076 0.000308477 0.000509923 1 -0.0136757 0.031366 -0.00618564
FixedParameters: 0 0 0

#Transform 26
Transform: AffineTransform_float_3_3
Parameters: 1 -6.40629e-05 -9.5425e-05 6.38228e-05 1 -0.000577006 9.45074e-05 0.000576994 1 0.00646565 -0.00730755 0.0191792
FixedParameters: 0 0 0

#Transform 27
Transform: AffineTransform_float_3_3
Parameters: 1 -0.00019593 8.16172e-05 0.000196075 0.999998 -0.00168298 -8.19489e-05 0.00168301 0.999998 0.0111324 0.0473279 0.0164304
FixedParameters: 0 0 0

#Transform 28
Transform: AffineTransform_float_3_3
Parameters: 1 -0.000186368 0.000153039 0.000186842 0.999998 -0.00197197 -0.000153295 0.00197203 0.999998 0.0130276 -0.0280196 0.0376234
FixedParameters: 0 0 0

#Transform 29
Transform: AffineTransform_float_3_3
Parameters: 1 -0.000547383 -0.000268964 0.000546308 0.999999 -0.00175315 0.00026989 0.00175285 0.999999 0.0276214 -0.00845691 0.0035977
FixedParameters: 0 0 0

#Transform 30
Transform: AffineTransform_float_3_3
Parameters: 1 -0.000274618 -0.000506018 0.000274303 0.999998 -0.00226814 0.000507002 0.00226786 0.999998 0.0236267 0.00705533 0.00056068
FixedParameters: 0 0 0

#Transform 31
Transform: AffineTransform_float_3_3
Parameters: 1 -0.000103046 -0.000272752 0.000101835 0.999998 -0.00198203 0.000272167 0.00198197 0.999998 0.00733118 -0.0169301 -0.0316332
FixedParameters: 0 0 0

#Transform 32
Transform: AffineTransform_float_3_3
Parameters: 1 -8.63501e-05 8.61897e-05 8.56804e-05 0.999998 -0.00187099 -8.57373e-05 0.00187101 0.999998 0.00208967 -0.015904 -0.0426123
FixedParameters: 0 0 0

#Transform 33
Transform: AffineTransform_float_3_3
Parameters: 1 -0.00020053 4.70385e-05 0.00020074 0.999998 -0.00225199 -4.61348e-05 0.00225201 0.999998 -0.00161491 0.0181925 -0.018296
FixedParameters: 0 0 0

#Transform 34
Transform: AffineTransform_float_3_3
Parameters: 1 -0.000200526 4.70555e-05 0.000200744 0.999997 -0.00233699 -4.61178e-05 0.00233701 0.999998 -0.00679425 0.0069293 -0.0312373
FixedParameters: 0 0 0

#Transform 35
Transform: AffineTransform_float_3_3
Parameters: 1 -0.000219378 -9.37129e-05 0.000219953 0.999997 -0.00221402 9.4555e-05 0.00221398 0.999997 -0.00871503 0.00865493 -0.0326148
FixedParameters: 0 0 0

#Transform 36
Transform: AffineTransform_float_3_3
Parameters: 1 -0.000220928 -0.000105697 0.000221537 0.999999 -0.00180402 0.000106365 0.00180398 0.999999 -0.00605841 0.0543802 -0.0189185
FixedParameters: 0 0 0

#Transform 37
Transform: AffineTransform_float_3_3
Parameters: 1 -0.000104139 -0.00040675 0.000102873 0.999996 -0.00277304 0.000407193 0.00277296 0.999996 -0.00765243 -0.0147122 -0.000665288
FixedParameters: 0 0 0

#Transform 38
Transform: AffineTransform_float_3_3
Parameters: 1 -8.33449e-05 0.000190792 8.33475e-05 0.999996 -0.00260898 -0.000190227 0.00260901 0.999996 -0.0055275 -0.018308 0.00507935
FixedParameters: 0 0 0

#Transform 39
Transform: AffineTransform_float_3_3
Parameters: 0.999999 -0.000556226 0.000487612 0.000558334 0.999989 -0.00460771 -0.00048519 0.00460729 0.99999 -0.0190436 -0.100772 -0.0469848
FixedParameters: 0 0 0

#Transform 40
Transform: AffineTransform_float_3_3
Parameters: 1 0.000504292 0.000259348 -0.000503455 0.999979 -0.00655314 -0.000262586 0.00655287 0.999979 -0.0396027 -0.0965994 -0.0630353
FixedParameters: 0 0 0

#Transform 41
Transform: AffineTransform_float_3_3
Parameters: 0.999999 -0.000284695 0.00086065 0.000290876 0.999969 -0.00786173 -0.000858186 0.00786126 0.999969 -0.0416535 -0.137638 -0.0908082
FixedParameters: 0 0 0

#Transform 42
Transform: AffineTransform_float_3_3
Parameters: 0.999998 0.00121269 0.00199836 -0.00120149 0.999982 -0.00582319 -0.00200477 0.00582081 0.999981 -0.0499164 -0.0581985 -0.0752064
FixedParameters: 0 0 0

#Transform 43
Transform: AffineTransform_float_3_3
Parameters: 0.999999 0.00109327 0.00114065 -0.00108788 0.999989 -0.00472927 -0.00114622 0.00472774 0.999988 -0.0371677 -0.0392942 -0.0529645
FixedParameters: 0 0 0

#Transform 44
Transform: AffineTransform_float_3_3
Parameters: 0.999999 0.000817816 0.00117825 -0.000812226 0.999988 -0.00472285 -0.00118219 0.00472215 0.999988 -0.0285381 -0.0238921 -0.0582145
FixedParameters: 0 0 0

#Transform 45
Transform: AffineTransform_float_3_3
Parameters: 0.999999 0.000653879 0.0012004 -0.000648123 0.999986 -0.00517165 -0.00120423 0.00517034 0.999986 -0.0175848 -0.0808102 -0.0400097
FixedParameters: 0 0 0

#Transform 46
Transform: AffineTransform_float_3_3
Parameters: 0.999999 0.000733622 0.00118972 -0.000728003 0.999988 -0.00474376 -0.00119389 0.00474324 0.999988 -0.00332341 -0.114504 -0.0650259
FixedParameters: 0 0 0

#Transform 47
Transform: AffineTransform_float_3_3
Parameters: 1 0.000680489 0.00100558 -0.000677008 0.999991 -0.00406055 -0.00100846 0.00405945 0.999991 -0.0148978 -0.0720402 -0.0776761
FixedParameters: 0 0 0

#Transform 48
Transform: AffineTransform_float_3_3
Parameters: 0.999999 0.000696613 0.00119449 -0.000690528 0.999986 -0.00528072 -0.00119792 0.00528028 0.999986 -0.0244618 -0.0880477 -0.0838643
FixedParameters: 0 0 0

#Transform 49
Transform: AffineTransform_float_3_3
Parameters: 0.999999 0.000671267 0.0011982 -0.000665438 0.999989 -0.00479882 -0.00120185 0.00479818 0.999987 -0.0247658 -0.0903641 -0.0710691
FixedParameters: 0 0 0

#Transform 50
Transform: AffineTransform_float_3_3
Parameters: 1 0.000648318 0.00103726 -0.000643853 0.999992 -0.00393367 -0.00103984 0.00393233 0.999991 -0.0269993 -0.0890012 -0.0808577
FixedParameters: 0 0 0

#Transform 51
Transform: AffineTransform_float_3_3
Parameters: 0.999999 0.00034647 0.000911514 -0.000342591 0.999988 -0.00477118 -0.000913157 0.00477081 0.999988 -0.0162754 -0.0818903 -0.0286446
FixedParameters: 0 0 0

#Transform 52
Transform: AffineTransform_float_3_3
Parameters: 0.999999 0.000132128 0.000700558 -0.000128098 0.999987 -0.00499596 -0.000701467 0.00499604 0.999988 -0.0290538 -0.129872 -0.062641
FixedParameters: 0 0 0

#Transform 53
Transform: AffineTransform_float_3_3
Parameters: 0.999997 0.0015561 0.00182576 -0.00154708 0.999985 -0.00519676 -0.0018335 0.00519424 0.999984 -0.0425225 -0.122035 -0.0763153
FixedParameters: 0 0 0

#Transform 54
Transform: AffineTransform_float_3_3
Parameters: 0.999999 0.00106862 0.00148458 -0.00106085 0.999985 -0.00539049 -0.00148992 0.00538951 0.999984 -0.036285 -0.0620798 -0.0501134
FixedParameters: 0 0 0

#Transform 55
Transform: AffineTransform_float_3_3
Parameters: 0.999999 0.000689192 0.00115361 -0.000682286 0.999981 -0.00624881 -0.00115816 0.00624819 0.999979 -0.0249829 -0.0814645 -0.149477
FixedParameters: 0 0 0

#Transform 56
Transform: AffineTransform_float_3_3
Parameters: 1 0.000196756 0.000620071 -0.00019365 0.999988 -0.00489712 -0.000621592 0.00489688 0.999988 -0.0276151 -0.0862717 -0.0369587
FixedParameters: 0 0 0

#Transform 57
Transform: AffineTransform_float_3_3
Parameters: 1 0.000217454 0.000469939 -0.000215146 0.999989 -0.0045571 -0.000471649 0.00455689 0.999989 -0.0396679 -0.0920821 -0.0411328
FixedParameters: 0 0 0

#Transform 58
Transform: AffineTransform_float_3_3
Parameters: 0.999999 0.000727448 0.000730332 -0.000724067 0.999988 -0.0047514 -0.000733732 0.0047506 0.999989 -0.0457464 -0.0658049 -0.0843961
FixedParameters: 0 0 0

#Transform 59
Transform: AffineTransform_float_3_3
Parameters: 0.999999 0.000908495 0.00160334 -0.00089916 0.999985 -0.00552334 -0.00160819 0.00552167 0.999984 -0.0413899 -0.0908621 -0.0742148
FixedParameters: 0 0 0

#Transform 60
Transform: AffineTransform_float_3_3
Parameters: 0.999999 3.82957e-05 0.000863953 -3.19321e-05 0.999974 -0.00719803 -0.000864667 0.00719797 0.999973 -0.0372336 -0.155651 -0.0639187
FixedParameters: 0 0 0

#Transform 61
Transform: AffineTransform_float_3_3
Parameters: 0.999999 0.000252926 0.000834337 -0.000248324 0.999984 -0.00564621 -0.000835523 0.00564579 0.999983 -0.0346585 -0.125329 -0.0379736
FixedParameters: 0 0 0

#Transform 62
Transform: AffineTransform_float_3_3
Parameters: 0.999999 0.000240419 0.000836148 -0.000236045 0.999988 -0.0049062 -0.000836972 0.0049058 0.999987 -0.0488471 -0.0662274 -0.0292013
FixedParameters: 0 0 0

#Transform 63
Transform: AffineTransform_float_3_3
Parameters: 1 0.000380562 0.000200431 -0.000380563 0.99999 -0.00459408 -0.000202675 0.00459393 0.99999 -0.0561716 0.0344722 -0.0362916
FixedParameters: 0 0 0

#Transform 64
Transform: AffineTransform_float_3_3
Parameters: 0.999999 0.001209 0.000722075 -0.00120668 0.999991 -0.00389587 -0.000726005 0.00389413 0.999992 -0.0423251 -0.0649305 -0.074831
FixedParameters: 0 0 0

#Transform 65
Transform: AffineTransform_float_3_3
Parameters: 0.999999 0.0010828 0.000962705 -0.00107866 0.999989 -0.00444006 -0.000967682 0.00443894 0.999989 -0.0522356 -0.0917431 -0.0405554
FixedParameters: 0 0 0

#Transform 66
Transform: AffineTransform_float_3_3
Parameters: 0.999999 0.000984075 0.000889459 -0.000978586 0.999984 -0.00548976 -0.000894623 0.00548924 0.999985 -0.0542099 -0.0541934 -0.063363
FixedParameters: 0 0 0

#Transform 67
Transform: AffineTransform_float_3_3
Parameters: 0.999999 0.00122654 0.000846055 -0.00122302 0.999988 -0.00461106 -0.000851739 0.00460994 0.999989 -0.0573778 -0.0687293 -0.0875194
FixedParameters: 0 0 0

#Transform 68
Transform: AffineTransform_float_3_3
Parameters: 0.999999 0.0011964 0.000623877 -0.00119369 0.999988 -0.00480477 -0.000629881 0.00480423 0.999988 -0.0568025 -0.0737026 -0.129799
FixedParameters: 0 0 0

#Transform 69
Transform: AffineTransform_float_3_3
Parameters: 0.999999 0.000525477 0.000563835 -0.000521975 0.999986 -0.0053853 -0.00056611 0.00538471 0.999986 -0.0708417 -0.0439554 -0.0649549
FixedParameters: 0 0 0

#Transform 70
Transform: AffineTransform_float_3_3
Parameters: 0.999999 0.000722577 0.000257394 -0.00072151 0.999986 -0.00512218 -0.000261555 0.00512181 0.999987 -0.086271 -0.0810613 -0.0409566
FixedParameters: 0 0 0

#Transform 71
Transform: AffineTransform_float_3_3
Parameters: 0.999999 0.0011607 0.000392812 -0.00115839 0.999989 -0.00459546 -0.00039825 0.00459454 0.99999 -0.0941966 -0.0734608 -0.0322294
FixedParameters: 0 0 0

#Transform 72
Transform: AffineTransform_float_3_3
Parameters: 0.999998 0.00171922 0.000921933 -0.00171398 0.999984 -0.00540875 -0.000930793 0.00540725 0.999985 -0.126625 -0.0535661 -0.0616059
FixedParameters: 0 0 0

#Transform 73
Transform: AffineTransform_float_3_3
Parameters: 0.999998 0.00166245 0.0005106 -0.0016603 0.999986 -0.00492202 -0.000518501 0.00492198 0.999987 -0.129318 -0.0464191 -0.05962
FixedParameters: 0 0 0

#Transform 74
Transform: AffineTransform_float_3_3
Parameters: 0.999998 0.00173704 0.00105897 -0.00173218 0.999988 -0.00465388 -0.00106739 0.00465212 0.999989 -0.124675 -0.0356547 -0.00448243
FixedParameters: 0 0 0

#Transform 75
Transform: AffineTransform_float_3_3
Parameters: 0.999993 0.0033552 -0.00117152 -0.0033194 0.999575 0.0289565 0.00126855 -0.0289525 0.99958 -0.201784 0.954211 0.288814
FixedParameters: 0 0 0

#Transform 76
Transform: AffineTransform_float_3_3
Parameters: 0.999989 0.00473297 -8.64881e-05 -0.00472882 0.999584 0.0284483 0.000221163 -0.0284477 0.999595 -0.146604 0.696328 -0.234102
FixedParameters: 0 0 0

#Transform 77
Transform: AffineTransform_float_3_3
Parameters: 0.999994 0.00335797 0.000886805 -0.0033621 0.999985 0.00420246 -0.000872095 -0.00420554 0.999991 -0.0607674 0.0717137 0.0828972
FixedParameters: 0 0 0

#Transform 78
Transform: AffineTransform_float_3_3
Parameters: 0.999995 0.0033263 0.000531569 -0.00332667 0.999994 0.00160654 -0.000526093 -0.00160846 0.999999 -0.0926443 0.108379 0.0280139
FixedParameters: 0 0 0

#Transform 79
Transform: AffineTransform_float_3_3
Parameters: 0.999994 0.00356943 0.000598518 -0.00357087 0.999991 0.00210818 -0.000590657 -0.00211082 0.999998 -0.0887472 0.116873 -0.0575182
FixedParameters: 0 0 0

#Transform 80
Transform: AffineTransform_float_3_3
Parameters: 0.999993 0.00362799 0.000914211 -0.00362763 0.999993 0.000267953 -0.000913377 -0.000271048 1 -0.0842747 0.0694695 -0.106985
FixedParameters: 0 0 0

#Transform 81
Transform: AffineTransform_float_3_3
Parameters: 0.999992 0.00381618 0.000438375 -0.00381708 0.999992 0.000733488 -0.000434755 -0.000734509 1 -0.0948867 0.0665117 -0.104484
FixedParameters: 0 0 0

#Transform 82
Transform: AffineTransform_float_3_3
Parameters: 0.999982 0.00541859 0.00255468 -0.00542842 0.999978 0.00377687 -0.00253404 -0.00379012 0.999989 -0.105519 0.17298 -0.0259357
FixedParameters: 0 0 0

#Transform 83
Transform: AffineTransform_float_3_3
Parameters: 0.999984 0.0048589 0.00265702 -0.00486389 0.999986 0.00167133 -0.0026493 -0.00168367 0.999995 -0.0782151 0.0317579 -0.00901745
FixedParameters: 0 0 0

#Transform 84
Transform: AffineTransform_float_3_3
Parameters: 0.999983 0.00480023 0.00314467 -0.00480577 0.999987 0.00167525 -0.00313622 -0.00169074 0.999993 -0.0984668 0.0277919 -0.0417555
FixedParameters: 0 0 0

#Transform 85
Transform: AffineTransform_float_3_3
Parameters: 0.999983 0.00441589 0.00378236 -0.00443516 0.999976 0.00522528 -0.00375887 -0.00524172 0.999979 -0.098055 0.162154 0.00703832
FixedParameters: 0 0 0

#Transform 86
Transform: AffineTransform_float_3_3
Parameters: 0.999976 0.00533936 0.00444401 -0.00539993 0.99989 0.0138691 -0.00436963 -0.0138929 0.999894 -0.0699948 0.347254 -0.0473659
FixedParameters: 0 0 0

#Transform 87
Transform: AffineTransform_float_3_3
Parameters: 0.99998 0.00498738 0.00386476 -0.00501708 0.999957 0.00776942 -0.0038262 -0.00778858 0.999962 -0.0698876 0.269804 -0.10639
FixedParameters: 0 0 0

#Transform 88
Transform: AffineTransform_float_3_3
Parameters: 0.999987 0.00439591 0.00237495 -0.00440744 0.999978 0.00502787 -0.00235243 -0.00503813 0.999985 -0.094758 0.177155 -0.106906
FixedParameters: 0 0 0

#Transform 89
Transform: AffineTransform_float_3_3
Parameters: 0.999977 0.00559986 0.00366093 -0.00560812 0.999982 0.00226263 -0.00364866 -0.00228338 0.999991 -0.128114 0.149838 0.182303
FixedParameters: 0 0 0

#Transform 90
Transform: AffineTransform_float_3_3
Parameters: 0.999985 0.00492821 0.00264425 -0.00493407 0.999986 0.00217009 -0.00263362 -0.00218292 0.999994 -0.0991362 0.0188282 0.111363
FixedParameters: 0 0 0

#Transform 91
Transform: AffineTransform_float_3_3
Parameters: 0.999985 0.00499122 0.00219143 -0.00499367 0.999987 0.000887942 -0.00218673 -0.000899055 0.999997 -0.0991704 -0.00879159 0.01118
FixedParameters: 0 0 0

#Transform 92
Transform: AffineTransform_float_3_3
Parameters: 0.999986 0.004779 0.00232334 -0.00478081 0.999988 0.000726035 -0.00231958 -0.000736964 0.999997 -0.115759 0.0903833 -0.0320805
FixedParameters: 0 0 0

#Transform 93
Transform: AffineTransform_float_3_3
Parameters: 0.999989 0.00432815 0.00181007 -0.0043267 0.99999 -0.000367653 -0.00181223 0.000360343 0.999998 -0.117718 0.0575894 -0.0280411
FixedParameters: 0 0 0

#Transform 94
Transform: AffineTransform_float_3_3
Parameters: 0.999991 0.00404039 0.00143762 -0.00404038 0.999991 -0.000605597 -0.00144025 0.000600403 0.999999 -0.11011 0.0152405 -0.020291
FixedParameters: 0 0 0

#Transform 95
Transform: AffineTransform_float_3_3
Parameters: 0.999992 0.00387808 0.0012014 -0.0038759 0.999991 -0.00181655 -0.00120912 0.00181145 0.999998 -0.108198 0.0106601 0.00607513
FixedParameters: 0 0 0

#Transform 96
Transform: AffineTransform_float_3_3
Parameters: 0.999995 0.0030295 0.00137146 -0.00303251 0.999992 0.00252751 -0.00136471 -0.00253149 0.999996 -0.105283 0.114948 0.0271381
FixedParameters: 0 0 0

#Transform 97
Transform: AffineTransform_float_3_3
Parameters: 0.999998 -0.000146687 -0.00222128 0.000268165 0.998509 0.0545988 0.00220945 -0.0545992 0.998506 -0.137358 1.57182 -0.0345263
FixedParameters: 0 0 0

#Transform 98
Transform: AffineTransform_float_3_3
Parameters: 0.999996 0.00281418 0.000750926 -0.0028241 0.999903 0.0136395 -0.000712654 -0.0136415 0.999907 -0.0783245 0.313487 -0.0330005
FixedParameters: 0 0 0

#Transform 99
Transform: AffineTransform_float_3_3
Parameters: 0.999997 0.00241407 0.000701012 -0.00241141 0.99999 -0.00386401 -0.00071021 0.00386299 0.999992 -0.101935 0.00421019 -0.0575075
FixedParameters: 0 0 0

#Transform 100
Transform: AffineTransform_float_3_3
Parameters: 0.999997 0.0023495 0.000185112 -0.00234877 0.999994 -0.00251685 -0.000190856 0.00251615 0.999997 -0.116002 -0.0150659 -0.0829362
FixedParameters: 0 0 0

#Transform 101
Transform: AffineTransform_float_3_3
Parameters: 0.999988 0.00503598 2.58398e-05 -0.00503639 0.999985 -0.00221578 -3.69935e-05 0.00221622 0.999998 -0.220664 -0.0155797 -0.148888
FixedParameters: 0 0 0

#Transform 102
Transform: AffineTransform_float_3_3
Parameters: 0.999976 0.00697905 -0.000587664 -0.00698075 0.999971 -0.00309811 0.000566331 0.00310189 0.999995 -0.282912 -0.0601696 -0.143955
FixedParameters: 0 0 0

#Transform 103
Transform: AffineTransform_float_3_3
Parameters: 0.999982 0.00598497 0.000301734 -0.00598328 0.999974 -0.00401507 -0.000325464 0.00401393 0.999992 -0.223536 0.00360434 -0.0691151
FixedParameters: 0 0 0

#Transform 104
Transform: AffineTransform_float_3_3
Parameters: 0.999987 0.00510376 0.000319222 -0.00510258 0.999984 -0.0024593 -0.000332156 0.0024577 0.999997 -0.220874 -0.0539408 -0.0926263
FixedParameters: 0 0 0

#Transform 105
Transform: AffineTransform_float_3_3
Parameters: 0.999988 0.0048897 -2.33739e-05 -0.00488883 0.999983 -0.0030804 8.25305e-06 0.0030806 0.999995 -0.231953 0.00149892 -0.0733385
FixedParameters: 0 0 0

#Transform 106
Transform: AffineTransform_float_3_3
Parameters: 0.999989 0.00472711 0.000277779 -0.00472656 0.999982 -0.00378372 -0.000295174 0.00378229 0.999993 -0.237355 -0.060455 -0.116843
FixedParameters: 0 0 0

#Transform 107
Transform: AffineTransform_float_3_3
Parameters: 0.999987 0.00509055 0.000521638 -0.00508881 0.999982 -0.00329135 -0.000537752 0.00328865 0.999994 -0.24523 -0.052093 -0.132761
FixedParameters: 0 0 0

#Transform 108
Transform: AffineTransform_float_3_3
Parameters: 0.999987 0.00516882 0.000535519 -0.00516639 0.999982 -0.00304848 -0.000550761 0.00304652 0.999995 -0.235127 -0.0133425 -0.131528
FixedParameters: 0 0 0

#Transform 109
Transform: AffineTransform_float_3_3
Parameters: 0.999987 0.00498418 -6.55351e-05 -0.0049852 0.999982 -0.00351745 4.87051e-05 0.00351755 0.999993 -0.229237 -0.0249283 -0.142909
FixedParameters: 0 0 0

#Transform 110
Transform: AffineTransform_float_3_3
Parameters: 0.999989 0.0048352 -0.000166662 -0.00483504 0.999982 -0.00334669 0.00015128 0.00334731 0.999995 -0.23478 -0.0276915 -0.123078
FixedParameters: 0 0 0

#Transform 111
Transform: AffineTransform_float_3_3
Parameters: 0.999989 0.00454737 9.87796e-05 -0.00454746 0.999983 -0.00367483 -0.000115944 0.00367417 0.999993 -0.224409 -0.0289609 -0.1314
FixedParameters: 0 0 0

#Transform 112
Transform: AffineTransform_float_3_3
Parameters: 0.999988 0.00478178 0.000298983 -0.00478105 0.999984 -0.00306996 -0.00031406 0.00306804 0.999995 -0.218689 -0.0588489 -0.091326
FixedParameters: 0 0 0

#Transform 113
Transform: AffineTransform_float_3_3
Parameters: 0.999989 0.00466588 -5.56046e-05 -0.00466678 0.999987 -0.00218209 4.54161e-05 0.00218191 0.999998 -0.215259 -0.0452069 -0.0455437
FixedParameters: 0 0 0

#Transform 114
Transform: AffineTransform_float_3_3
Parameters: 0.99999 0.00434387 -0.000182828 -0.0043449 0.999982 -0.00398944 0.000166267 0.00399056 0.999992 -0.206619 -0.0731431 -0.056028
FixedParameters: 0 0 0

#Transform 115
Transform: AffineTransform_float_3_3
Parameters: 0.999988 0.00481443 0.000606485 -0.00481435 0.999988 -6.42999e-05 -0.000607087 6.06987e-05 1 -0.190365 0.0454971 -0.079676
FixedParameters: 0 0 0

#Transform 116
Transform: AffineTransform_float_3_3
Parameters: 0.999987 0.0050147 0.000829458 -0.005021 0.999962 0.00716839 -0.000793502 -0.00717262 0.999974 -0.166949 0.268331 -0.0859384
FixedParameters: 0 0 0

#Transform 117
Transform: AffineTransform_float_3_3
Parameters: 0.999993 0.00301721 -0.0018784 -0.00292719 0.99892 0.0463714 0.00201685 -0.0463657 0.998923 -0.28605 1.57592 -0.0857048
FixedParameters: 0 0 0

#Transform 118
Transform: AffineTransform_float_3_3
Parameters: 0.999992 0.00377693 -0.00141304 -0.00368742 0.998269 0.0586938 0.0016323 -0.0586881 0.998275 -0.145347 1.31538 0.104655
FixedParameters: 0 0 0

#Transform 119
Transform: AffineTransform_float_3_3
Parameters: 0.99999 0.00399356 0.00229142 -0.00403647 0.999816 0.0187344 -0.002216 -0.0187426 0.999821 -0.0429752 0.437131 0.114268
FixedParameters: 0 0 0

#Transform 120
Transform: AffineTransform_float_3_3
Parameters: 0.99999 0.00435538 0.00156305 -0.00436769 0.999958 0.00804133 -0.00152781 -0.00804767 0.999967 -0.0903125 0.30398 0.0570039
FixedParameters: 0 0 0

#Transform 121
Transform: AffineTransform_float_3_3
Parameters: 0.999969 0.00693817 0.00368321 -0.0070144 0.999752 0.021133 -0.00353538 -0.021158 0.99977 -0.0381953 0.598859 0.0413124
FixedParameters: 0 0 0

#Transform 122
Transform: AffineTransform_float_3_3
Parameters: 0.999964 0.007542 0.00369794 -0.00761415 0.999768 0.0201142 -0.00354577 -0.0201418 0.999791 8.36771e-05 0.586401 0.0128975
FixedParameters: 0 0 0

#Transform 123
Transform: AffineTransform_float_3_3
Parameters: 0.99997 0.00714429 0.00305291 -0.00720355 0.999772 0.0201112 -0.00290834 -0.0201318 0.999793 -0.0199007 0.562637 -0.00525678
FixedParameters: 0 0 0

#Transform 124
Transform: AffineTransform_float_3_3
Parameters: 0.999972 0.00682493 0.00301386 -0.00687414 0.999837 0.0166787 -0.00289965 -0.0166994 0.999857 -0.0398189 0.55481 -0.00171071
FixedParameters: 0 0 0

#Transform 125
Transform: AffineTransform_float_3_3
Parameters: 0.99997 0.00658383 0.00403426 -0.00665771 0.999806 0.0185294 -0.00391236 -0.0185556 0.999821 -0.0232514 0.506905 -0.0192143
FixedParameters: 0 0 0

#Transform 126
Transform: AffineTransform_float_3_3
Parameters: 0.999969 0.00678716 0.00384546 -0.0068392 0.999886 0.0134815 -0.00375294 -0.0135075 0.999902 -0.0163799 0.395668 0.00310558
FixedParameters: 0 0 0

#Transform 127
Transform: AffineTransform_float_3_3
Parameters: 0.99997 0.00692123 0.00349872 -0.00695112 0.99994 0.00842403 -0.00343993 -0.00844796 0.999958 -0.0322845 0.248497 0.0185257
FixedParameters: 0 0 0

#Transform 128
Transform: AffineTransform_float_3_3
Parameters: 0.999987 0.00462778 0.00186903 -0.0046395 0.999968 0.00644846 -0.00183907 -0.00645754 0.999978 -0.119736 0.22452 -0.00124284
FixedParameters: 0 0 0

#Transform 129
Transform: AffineTransform_float_3_3
Parameters: 0.999977 0.00581399 0.00369886 -0.00583654 0.999964 0.0062385 -0.00366243 -0.0062595 0.999973 -0.142675 0.22473 -0.0575693
FixedParameters: 0 0 0

#Transform 130
Transform: AffineTransform_float_3_3
Parameters: 0.999975 0.00613033 0.00330679 -0.00615242 0.999957 0.00682152 -0.00326421 -0.00684147 0.999972 -0.140101 0.268909 -0.0933487
FixedParameters: 0 0 0

#Transform 131
Transform: AffineTransform_float_3_3
Parameters: 0.999976 0.00611672 0.00321828 -0.00613626 0.999962 0.00620299 -0.00318012 -0.00622301 0.999975 -0.131456 0.218273 -0.0681776
FixedParameters: 0 0 0

#Transform 132
Transform: AffineTransform_float_3_3
Parameters: 0.999977 0.0059667 0.00323572 -0.00598661 0.999964 0.00595749 -0.00320012 -0.00597651 0.999977 -0.128294 0.245119 -0.0442894
FixedParameters: 0 0 0

#Transform 133
Transform: AffineTransform_float_3_3
Parameters: 0.999979 0.00594943 0.00281196 -0.00596523 0.999967 0.00548783 -0.0027787 -0.00550415 0.999981 -0.140731 0.218828 -0.0343785
FixedParameters: 0 0 0

#Transform 134
Transform: AffineTransform_float_3_3
Parameters: 0.999977 0.00610372 0.00271823 -0.00611905 0.999966 0.00554274 -0.00268458 -0.00556026 0.999981 -0.139111 0.185435 -0.0302531
FixedParameters: 0 0 0

#Transform 135
Transform: AffineTransform_float_3_3
Parameters: 0.999979 0.00570495 0.00311032 -0.00572097 0.99997 0.00519118 -0.00308128 -0.00520782 0.999982 -0.107652 0.182427 -0.0395803
FixedParameters: 0 0 0

#Transform 136
Transform: AffineTransform_float_3_3
Parameters: 0.99998 0.00559079 0.00319638 -0.00560766 0.999971 0.00520407 -0.00316738 -0.00522193 0.999981 -0.107951 0.203505 -0.0477099
FixedParameters: 0 0 0

#Transform 137
Transform: AffineTransform_float_3_3
Parameters: 0.999979 0.00580042 0.0027539 -0.00581507 0.999971 0.0050756 -0.00272484 -0.0050914 0.999983 -0.133922 0.209189 -0.0785455
FixedParameters: 0 0 0

#Transform 138
Transform: AffineTransform_float_3_3
Parameters: 0.999978 0.00601618 0.00272357 -0.00602835 0.999971 0.00453804 -0.00269668 -0.00455396 0.999986 -0.143484 0.171662 -0.121573
FixedParameters: 0 0 0

#Transform 139
Transform: AffineTransform_float_3_3
Parameters: 0.99998 0.00582875 0.00221346 -0.00583848 0.999973 0.00442047 -0.0021873 -0.00443353 0.999988 -0.146765 0.184789 -0.0388615
FixedParameters: 0 0 0

#Transform 140
Transform: AffineTransform_float_3_3
Parameters: 0.999979 0.00579796 0.00269127 -0.0058098 0.999975 0.00406996 -0.00266745 -0.00408504 0.999988 -0.142183 0.183728 -0.0233038
FixedParameters: 0 0 0

#Transform 141
Transform: AffineTransform_float_3_3
Parameters: 0.999981 0.00570588 0.00222635 -0.00571409 0.999976 0.00391478 -0.00220395 -0.00392722 0.99999 -0.151087 0.161782 -0.0131898
FixedParameters: 0 0 0

#Transform 142
Transform: AffineTransform_float_3_3
Parameters: 0.999981 0.00571084 0.00222571 -0.00572004 0.999976 0.00391478 -0.00220315 -0.00392722 0.99999 -0.150602 0.163051 -0.0033434
FixedParameters: 0 0 0

#Transform 143
Transform: AffineTransform_float_3_3
Parameters: 0.999978 0.00602706 0.00269543 -0.00603832 0.999972 0.00444119 -0.00266862 -0.00445682 0.999987 -0.156527 0.130883 0.000958974
FixedParameters: 0 0 0

#Transform 144
Transform: AffineTransform_float_3_3
Parameters: 0.999977 0.00633269 0.00265118 -0.00634336 0.999971 0.00421439 -0.0026244 -0.00423162 0.999988 -0.156947 0.165238 0.057747
FixedParameters: 0 0 0

#Transform 145
Transform: AffineTransform_float_3_3
Parameters: 0.999974 0.00666225 0.00281208 -0.00668112 0.999955 0.00680932 -0.00276699 -0.00682769 0.999973 -0.139747 0.224947 0.169468
FixedParameters: 0 0 0

#Transform 146
Transform: AffineTransform_float_3_3
Parameters: 0.999976 0.0066218 0.0021557 -0.00664568 0.999916 0.0111946 -0.00208079 -0.0112084 0.999935 -0.128305 0.267055 0.13127
FixedParameters: 0 0 0

#Transform 147
Transform: AffineTransform_float_3_3
Parameters: 0.999979 0.00599089 0.00242024 -0.00600508 0.999965 0.005762 -0.00238609 -0.005777 0.999981 -0.14188 0.26644 0.0695734
FixedParameters: 0 0 0

#Transform 148
Transform: AffineTransform_float_3_3
Parameters: 0.999977 0.00610067 0.00317111 -0.00611923 0.999965 0.00570732 -0.00313684 -0.00572668 0.999979 -0.120802 0.24346 0.0468593
FixedParameters: 0 0 0

#Transform 149
Transform: AffineTransform_float_3_3
Parameters: 0.999986 0.00476948 0.00258914 -0.00478288 0.999976 0.00511581 -0.00256411 -0.00512819 0.999983 -0.0480277 0.201394 0.0587953
FixedParameters: 0 0 0

#Transform 150
Transform: AffineTransform_float_3_3
Parameters: 0.999986 0.00498796 0.00206916 -0.00499685 0.999978 0.00437847 -0.00204778 -0.00438854 0.999988 -0.0888398 0.179795 0.0571881
FixedParameters: 0 0 0

#Transform 151
Transform: AffineTransform_float_3_3
Parameters: 0.999983 0.00545432 0.00200951 -0.00546355 0.999976 0.00431458 -0.00198559 -0.00432642 0.999989 -0.12737 0.200906 0.0556707
FixedParameters: 0 0 0

#Transform 152
Transform: AffineTransform_float_3_3
Parameters: 0.999987 0.00471466 0.00184101 -0.0047297 0.999955 0.00824132 -0.00180242 -0.00825068 0.999965 -0.12361 0.321198 0.0357696
FixedParameters: 0 0 0

#Transform 153
Transform: AffineTransform_float_3_3
Parameters: 0.999989 0.0041374 -0.00214429 -0.00398124 0.997681 0.0679564 0.00242039 -0.0679467 0.997686 -0.188825 1.91605 0.214279
FixedParameters: 0 0 0

#Transform 154
Transform: AffineTransform_float_3_3
Parameters: 0.999978 0.00664451 -0.00045536 -0.00661757 0.998996 0.0442931 0.000749995 -0.0442888 0.999018 -0.138937 0.859279 1.26017
FixedParameters: 0 0 0

#Transform 155
Transform: AffineTransform_float_3_3
Parameters: 0.999993 0.00321231 0.00196485 -0.00323495 0.999931 0.0113274 -0.00192791 -0.0113337 0.999934 0.0127904 0.135435 0.756802
FixedParameters: 0 0 0

#Transform 156
Transform: AffineTransform_float_3_3
Parameters: 0.999983 0.00428968 0.00408988 -0.00433366 0.999935 0.0106246 -0.00404312 -0.0106424 0.999935 0.0537797 0.275504 0.633136
FixedParameters: 0 0 0

#Transform 157
Transform: AffineTransform_float_3_3
Parameters: 0.999982 0.00418434 0.00416423 -0.0042296 0.999932 0.0109468 -0.00411737 -0.0109642 0.999932 0.0527695 0.281201 0.53578
FixedParameters: 0 0 0

#Transform 158
Transform: AffineTransform_float_3_3
Parameters: 0.999982 0.00446882 0.00414661 -0.00451309 0.999931 0.0108287 -0.00409756 -0.0108473 0.999933 0.0595723 0.289725 0.481886
FixedParameters: 0 0 0

#Transform 159
Transform: AffineTransform_float_3_3
Parameters: 0.999983 0.004355 0.00382261 -0.00439213 0.999944 0.00971735 -0.0037797 -0.00973366 0.999946 0.0568831 0.255664 0.481791
FixedParameters: 0 0 0

#Transform 160
Transform: AffineTransform_float_3_3
Parameters: 0.999985 0.0040529 0.00385049 -0.00408094 0.999965 0.00722766 -0.00382046 -0.00724334 0.999967 0.033887 0.254315 0.529937
FixedParameters: 0 0 0

#Transform 161
Transform: AffineTransform_float_3_3
Parameters: 0.999985 0.00372054 0.00385284 -0.00374779 0.999969 0.00702294 -0.00382705 -0.00703706 0.999968 0.00486162 0.138372 0.502699
FixedParameters: 0 0 0

#Transform 162
Transform: AffineTransform_float_3_3
Parameters: 0.999984 0.00415606 0.00401228 -0.00418568 0.999962 0.00758158 -0.0039813 -0.00759843 0.999963 -0.00431104 0.213592 0.515137
FixedParameters: 0 0 0

#Transform 163
Transform: AffineTransform_float_3_3
Parameters: 0.999986 0.00335009 0.0042202 -0.00337736 0.999973 0.0065884 -0.00419872 -0.00660261 0.999969 0.0175755 0.129512 0.501697
FixedParameters: 0 0 0

#Transform 164
Transform: AffineTransform_float_3_3
Parameters: 0.999983 0.00366725 0.00439584 -0.00369975 0.999965 0.0074305 -0.00436854 -0.00744649 0.999962 0.0241248 0.197073 0.496507
FixedParameters: 0 0 0

#Transform 165
Transform: AffineTransform_float_3_3
Parameters: 0.999985 0.00369052 0.00408142 -0.0037226 0.999964 0.00769532 -0.00405255 -0.00770969 0.999962 0.0204298 0.19867 0.470606
FixedParameters: 0 0 0

#Transform 166
Transform: AffineTransform_float_3_3
Parameters: 0.999982 0.00404653 0.00437771 -0.00408055 0.99996 0.00792076 -0.00434512 -0.00793823 0.999959 0.00678132 0.267732 0.507382
FixedParameters: 0 0 0

#Transform 167
Transform: AffineTransform_float_3_3
Parameters: 0.999985 0.00374917 0.00385553 -0.00377895 0.999963 0.00770382 -0.00382657 -0.00771818 0.999963 0.0128083 0.15205 0.502906
FixedParameters: 0 0 0

#Transform 168
Transform: AffineTransform_float_3_3
Parameters: 0.999985 0.0039666 0.00382852 -0.00399589 0.999962 0.00767808 -0.00379741 -0.00769292 0.999963 -0.0249302 0.207829 0.495598
FixedParameters: 0 0 0

#Transform 169
Transform: AffineTransform_float_3_3
Parameters: 0.999982 0.00456819 0.00403127 -0.00459628 0.999963 0.00721667 -0.00399824 -0.00723434 0.999966 -0.0363918 0.156546 0.458031
FixedParameters: 0 0 0

#Transform 170
Transform: AffineTransform_float_3_3
Parameters: 0.999978 0.00483983 0.00458045 -0.00487163 0.999964 0.00686011 -0.00454704 -0.00688188 0.999966 -0.0454493 0.153252 0.455799
FixedParameters: 0 0 0

#Transform 171
Transform: AffineTransform_float_3_3
Parameters: 0.999977 0.00481138 0.00475798 -0.0048377 0.999972 0.00558051 -0.00473074 -0.00560349 0.999973 -0.0421938 0.137636 0.418882
FixedParameters: 0 0 0

#Transform 172
Transform: AffineTransform_float_3_3
Parameters: 0.999981 0.00445447 0.0042577 -0.00447536 0.999977 0.00507823 -0.00423437 -0.00509676 0.999978 -0.0356906 0.156589 0.41327
FixedParameters: 0 0 0

#Transform 173
Transform: AffineTransform_float_3_3
Parameters: 0.999982 0.00425053 0.0042814 -0.00427043 0.999981 0.00451314 -0.00426147 -0.00453086 0.999981 -0.0399367 0.175534 0.423818
FixedParameters: 0 0 0

#Transform 174
Transform: AffineTransform_float_3_3
Parameters: 0.999985 0.00376611 0.00413041 -0.00377898 0.999988 0.00331785 -0.00411732 -0.00333415 0.999986 -0.0169193 0.133058 0.422056
FixedParameters: 0 0 0

#Transform 175
Transform: AffineTransform_float_3_3
Parameters: 0.999989 0.00342396 0.00335033 -0.00343223 0.999991 0.0025546 -0.00334201 -0.0025664 0.999991 -0.0335824 0.108672 0.424321
FixedParameters: 0 0 0

#Transform 176
Transform: AffineTransform_float_3_3
Parameters: 0.999989 0.00334823 0.00335955 -0.00335613 0.999992 0.00236395 -0.00335178 -0.00237505 0.999992 -0.0218017 0.0437035 0.393349
FixedParameters: 0 0 0

#Transform 177
Transform: AffineTransform_float_3_3
Parameters: 0.999986 0.00397556 0.00352577 -0.00398274 0.999989 0.00215001 -0.00351671 -0.00216399 0.999991 -0.0322302 0.051779 0.354692
FixedParameters: 0 0 0

#Transform 178
Transform: AffineTransform_float_3_3
Parameters: 0.999988 0.00377966 0.00316457 -0.00377819 0.999993 -0.000353036 -0.00316508 0.000340966 0.999995 -0.0392002 -0.00141075 0.336758
FixedParameters: 0 0 0

#Transform 179
Transform: AffineTransform_float_3_3
Parameters: 0.999989 0.00378155 0.00299828 -0.00378009 0.999993 -0.000536544 -0.00300005 0.000525457 0.999995 -0.0416422 -0.0184453 0.337061
FixedParameters: 0 0 0

#Transform 180
Transform: AffineTransform_float_3_3
Parameters: 0.999989 0.00372276 0.00285993 -0.00372243 0.999993 0.000109297 -0.00285921 -0.000119703 0.999996 -0.0416159 -0.00691198 0.332663
FixedParameters: 0 0 0

#Transform 181
Transform: AffineTransform_float_3_3
Parameters: 0.999991 0.00349487 0.00242782 -0.00349836 0.999993 0.00101736 -0.0024249 -0.00102564 0.999997 -0.0642933 0.0475611 0.362831
FixedParameters: 0 0 0

#Transform 182
Transform: AffineTransform_float_3_3
Parameters: 0.999991 0.00349103 0.00242945 -0.00349441 0.999993 0.00137524 -0.0024253 -0.00138376 0.999996 -0.0461179 0.0305636 0.358049
FixedParameters: 0 0 0

#Transform 183
Transform: AffineTransform_float_3_3
Parameters: 0.999993 0.00319239 0.00202538 -0.00319462 0.999995 0.000941158 -0.00202258 -0.000947842 0.999997 -0.0476408 0.0276739 0.389986
FixedParameters: 0 0 0

#Transform 184
Transform: AffineTransform_float_3_3
Parameters: 0.999992 0.00334786 0.00244611 -0.0033498 0.999994 0.000717546 -0.00244451 -0.000726456 0.999996 -0.0561374 0.038225 0.3736
FixedParameters: 0 0 0

#Transform 185
Transform: AffineTransform_float_3_3
Parameters: 0.999992 0.00344246 0.00212108 -0.0034438 0.999994 0.000718436 -0.00211835 -0.000725564 0.999998 -0.0497408 0.0448574 0.373992
FixedParameters: 0 0 0

#Transform 186
Transform: AffineTransform_float_3_3
Parameters: 0.999991 0.00340208 0.00243941 -0.00340464 0.999994 0.000847419 -0.00243685 -0.00085558 0.999996 -0.0437556 0.0465025 0.371552
FixedParameters: 0 0 0

#Transform 187
Transform: AffineTransform_float_3_3
Parameters: 0.999991 0.00363496 0.00222893 -0.00363588 0.999994 0.000394488 -0.00222716 -0.000402512 0.999998 -0.051066 0.0435633 0.379655
FixedParameters: 0 0 0

#Transform 188
Transform: AffineTransform_float_3_3
