#Insight Transform File V1.0
#Transform 0
Transform: AffineTransform_float_3_3
Parameters: 1 0.000130002 0.000240475 -0.000129849 1 -0.000319031 -0.000240558 0.000318969 1 -0.0540646 -0.0227689 0.105937
FixedParameters: 0 0 0

#Transform 1
Transform: AffineTransform_float_3_3
Parameters: 1 -0.000135717 0.000366052 0.000136105 1 -0.00053095 -0.000365907 0.00053105 1 -0.0728773 0.00768072 0.0644665
FixedParameters: 0 0 0

#Transform 2
Transform: AffineTransform_float_3_3
Parameters: 1 1.55063e-05 0.000253526 -1.55063e-05 1 -3.93126e-09 -0.000253526 -3.93126e-09 1 -0.0555337 -0.0353402 0.0605206
FixedParameters: 0 0 0

#Transform 3
Transform: AffineTransform_float_3_3
Parameters: 1 2.49681e-05 0.000407235 -2.48475e-05 1 -0.00014801 -0.000407243 0.00014799 1 -0.0603478 -0.0313014 0.0515395
FixedParameters: 0 0 0

#Transform 4
Transform: AffineTransform_float_3_3
Parameters: 1 1.97186e-05 0.000320394 -1.94745e-05 1 -0.000381006 -0.000320409 0.000380994 1 -0.0476975 -0.0245073 0.0455859
FixedParameters: 0 0 0

#Transform 5
Transform: AffineTransform_float_3_3
Parameters: 1 4.31002e-05 0.000704683 -4.31002e-05 1 -3.0372e-08 -0.000704683 -3.0372e-08 1 -0.0283339 -0.039778 -0.0120369
FixedParameters: 0 0 0

#Transform 6
Transform: AffineTransform_float_3_3
Parameters: 1 -1.61767e-23 -3.4965e-20 -1.218e-23 1 -0.000349 3.49e-20 0.000349 1 -0.006562 -0.0275071 0.0120448
FixedParameters: 0 0 0

#Transform 7
Transform: AffineTransform_float_3_3
Parameters: 1 -8.52126e-06 -0.000138739 8.45023e-06 1 -0.000256001 0.000138743 0.000255999 1 -0.0022497 -0.00287513 0.0212824
FixedParameters: 0 0 0

#Transform 8
Transform: AffineTransform_float_3_3
Parameters: 1 0.000315407 -1.93484e-05 -0.000315414 1 -0.000180994 1.92342e-05 0.000181006 1 0.00599022 -0.00561218 0.0141818
FixedParameters: 0 0 0

#Transform 9
Transform: AffineTransform_float_3_3
Parameters: 1 0.000279467 -1.72705e-05 -0.000279488 1 -0.000632995 1.69167e-05 0.000633004 1 0.00456255 0.0132401 0.00768018
FixedParameters: 0 0 0

#Transform 10
Transform: AffineTransform_float_3_3
Parameters: 1 5.78912e-05 -3.55071e-06 -5.78924e-05 1 -0.000171 3.53092e-06 0.000171 1 0.000163727 -0.00739121 -0.024574
FixedParameters: 0 0 0

#Transform 11
Transform: AffineTransform_float_3_3
Parameters: 1 -6.7837e-23 -7.69429e-20 -5.89822e-23 0.999999 -0.000768 7.68e-20 0.000768 0.999999 0.004259 -0.000576602 0.00625952
FixedParameters: 0 0 0

#Transform 12
Transform: AffineTransform_float_3_3
Parameters: 1 0.000173669 -1.07213e-05 -0.000173681 1 -0.000568998 1.05236e-05 0.000569002 1 0.0132601 -0.0255552 0.0656355
FixedParameters: 0 0 0

#Transform 13
Transform: AffineTransform_float_3_3
Parameters: 1 -6.10781e-05 -0.000162562 6.09997e-05 1 -0.00024101 0.000162592 0.00024099 1 0.0116122 0.000706733 0.00331865
FixedParameters: 0 0 0

#Transform 14
Transform: AffineTransform_float_3_3
Parameters: 1 -4.47389e-24 -1.62302e-20 -2.62437e-24 1 -0.000162 1.62e-20 0.000162 1 -0.006562 -0.0220385 0.0372998
FixedParameters: 0 0 0

#Transform 15
Transform: AffineTransform_float_3_3
Parameters: 1 -7.89148e-06 -0.000128758 7.85904e-06 1 -0.000126001 0.00012876 0.000125999 1 0.0112441 -0.0416065 0.0455334
FixedParameters: 0 0 0

#Transform 16
Transform: AffineTransform_float_3_3
Parameters: 1 0.000175668 -1.08044e-05 -0.000175675 1 -0.000340998 1.06846e-05 0.000341002 1 0.0222239 -0.0215182 0.0522554
FixedParameters: 0 0 0

#Transform 17
Transform: AffineTransform_float_3_3
Parameters: 1 0.000214594 -1.32136e-05 -0.000214604 1 -0.000410997 1.30372e-05 0.000411003 1 0.0109819 -0.0036642 0.0338697
FixedParameters: 0 0 0

#Transform 18
Transform: AffineTransform_float_3_3
Parameters: 1 -7.48476e-24 3.36626e-20 -1.12897e-23 1 0.000336 -3.36e-20 -0.000336 1 -0.009235 -0.0319595 -0.0092406
FixedParameters: 0 0 0

#Transform 19
Transform: AffineTransform_float_3_3
Parameters: 1 0.000114786 -7.00554e-06 -0.000114785 1 0.000131001 7.03562e-06 -0.000130999 1 0.0053935 -0.0357604 -0.000880021
FixedParameters: 0 0 0

#Transform 20
Transform: AffineTransform_float_3_3
Parameters: 1 -3.53204e-24 2.53471e-20 -6.40094e-24 1 0.000253 -2.53e-20 -0.000253 1 -0.00078 -0.00980199 -0.00732542
FixedParameters: 0 0 0

#Transform 21
Transform: AffineTransform_float_3_3
Parameters: 1 5.52363e-06 9.08322e-05 -5.58721e-06 1 0.000349999 -9.08283e-05 -0.00035 1 -0.0162216 -0.055522 -0.0334987
FixedParameters: 0 0 0

#Transform 22
Transform: AffineTransform_float_3_3
Parameters: 1 -0.000228573 1.39719e-05 0.000228572 1 3.60032e-05 -1.39883e-05 -3.59968e-05 1 -0.0162568 -0.0315844 -0.026237
FixedParameters: 0 0 0

#Transform 23
Transform: AffineTransform_float_3_3
Parameters: 1 -0.000158703 9.71894e-06 0.000158704 1 -7.69985e-05 -9.6945e-06 7.70015e-05 1 -0.0101537 -0.0368519 -0.0390946
FixedParameters: 0 0 0

#Transform 24
Transform: AffineTransform_float_3_3
Parameters: 1 -0.000408243 2.48656e-05 0.000408231 1 0.00025301 -2.50721e-05 -0.00025299 1 -0.0214544 -0.0448713 -0.0660892
FixedParameters: 0 0 0

#Transform 25
Transform: AffineTransform_float_3_3
Parameters: 1 -0.000422064 0.000159096 0.000422089 1 -7.69328e-05 -0.000159031 7.70671e-05 1 -0.0100233 -0.0386039 -0.0706806
FixedParameters: 0 0 0

#Transform 26
Transform: AffineTransform_float_3_3
Parameters: 1 -0.000410799 0.000344624 0.000410644 1 0.000225142 -0.000344809 -0.000224858 1 -0.021831 -0.042525 -0.0518008
FixedParameters: 0 0 0

#Transform 27
Transform: AffineTransform_float_3_3
Parameters: 1 -0.000430196 2.63201e-05 0.000430197 1 -1.89887e-05 -2.63037e-05 1.90113e-05 1 -0.00590696 -0.0302323 -0.0417596
FixedParameters: 0 0 0

#Transform 28
Transform: AffineTransform_float_3_3
Parameters: 1 -0.000430191 2.63881e-05 0.000430201 1 -0.000176989 -2.62358e-05 0.000177011 1 -0.00970905 -0.0242862 -0.0240284
FixedParameters: 0 0 0

#Transform 29
Transform: AffineTransform_float_3_3
Parameters: 1 -0.000430205 2.61613e-05 0.000430187 1 0.000350011 -2.64625e-05 -0.000349989 1 -0.00590205 -0.0401294 -0.0169336
FixedParameters: 0 0 0

#Transform 30
Transform: AffineTransform_float_3_3
Parameters: 1 -0.000507539 -2.60459e-05 0.000507537 1 -3.60132e-05 2.60824e-05 3.59868e-05 1 -0.0173995 -0.0233704 -0.0181155
FixedParameters: 0 0 0

#Transform 31
Transform: AffineTransform_float_3_3
Parameters: 1 -0.000102807 6.29478e-06 0.000102808 1 -6.59994e-05 -6.28121e-06 6.60006e-05 1 0.00711563 -0.0251797 0.0346123
FixedParameters: 0 0 0

#Transform 32
Transform: AffineTransform_float_3_3
Parameters: 1 -0.000144277 -0.000229626 0.000144298 1 4.59669e-05 0.000229613 -4.60331e-05 1 0.013439 -0.029147 0.0248683
FixedParameters: 0 0 0

#Transform 33
Transform: AffineTransform_float_3_3
Parameters: 1 -8.09063e-05 -0.000143325 8.08954e-05 1 -3.80116e-05 0.000143332 3.79884e-05 1 0.0129938 -0.0270663 0.0185987
FixedParameters: 0 0 0

#Transform 34
Transform: AffineTransform_float_3_3
Parameters: 1 9.52034e-06 -0.000319178 -9.5446e-06 1 -3.7997e-05 0.000319177 3.8003e-05 1 0.0328835 -0.0408466 0.0389066
FixedParameters: 0 0 0

#Transform 35
Transform: AffineTransform_float_3_3
Parameters: 1 -0.000449092 -0.000283155 0.00044915 1 0.000100873 0.000283064 -0.000101127 1 0.00364545 -0.0286697 0.0447956
FixedParameters: 0 0 0

#Transform 36
Transform: AffineTransform_float_3_3
Parameters: 1 -0.000313436 -0.000244399 0.000313564 1 0.000261923 0.000244235 -0.000262077 1 0.00518802 -0.0351497 0.0264296
FixedParameters: 0 0 0

#Transform 37
Transform: AffineTransform_float_3_3
Parameters: 1 -0.000212334 -0.000245534 0.000212432 1 0.000198948 0.00024545 -0.000199052 1 0.0114214 -0.0312811 0.0285771
FixedParameters: 0 0 0

#Transform 38
Transform: AffineTransform_float_3_3
Parameters: 1 -0.000161557 -0.000168476 0.000161613 1 0.000164973 0.000168423 -0.000165027 1 0.0107311 -0.0369983 -0.00813347
FixedParameters: 0 0 0

#Transform 39
Transform: AffineTransform_float_3_3
Parameters: 1 -0.000443186 -0.000185179 0.000443091 1 -0.000256082 0.000185406 0.000255918 1 0.00413943 -0.00993013 0.00704154
FixedParameters: 0 0 0

#Transform 40
Transform: AffineTransform_float_3_3
Parameters: 1 -0.000430181 2.65584e-05 0.000430211 0.999999 -0.000572988 -2.60654e-05 0.000573011 1 0.000989559 -0.028266 0.0101049
FixedParameters: 0 0 0

#Transform 41
Transform: AffineTransform_float_3_3
Parameters: 1 -9.2822e-05 5.75075e-06 9.2831e-05 0.999999 -0.000788999 -5.60427e-06 0.000789 0.999999 0.0144431 0.0149961 0.0584992
FixedParameters: 0 0 0

#Transform 42
Transform: AffineTransform_float_3_3
Parameters: 1 -0.000421603 0.000165326 0.000421757 0.999999 -0.00064893 -0.000165777 0.00064907 1 -0.00332237 0.0207338 -0.00320586
FixedParameters: 0 0 0

#Transform 43
Transform: AffineTransform_float_3_3
Parameters: 1 -0.000174503 0.000335484 0.000174211 1 -0.00105294 -0.000335056 0.00105306 1 0.000477462 0.0165662 -0.0257747
FixedParameters: 0 0 0

#Transform 44
Transform: AffineTransform_float_3_3
Parameters: 1 -0.00022748 0.00046894 0.000228133 0.999999 -0.000695893 -0.000468623 0.000696106 0.999999 -0.00599566 -0.0189192 -0.0185541
FixedParameters: 0 0 0

#Transform 45
Transform: AffineTransform_float_3_3
Parameters: 1 -0.000117775 7.27639e-06 0.000117784 1 -0.000616999 -7.13105e-06 0.000617001 1 0.00203577 0.000224381 0.000164239
FixedParameters: 0 0 0

#Transform 46
Transform: AffineTransform_float_3_3
Parameters: 1 -0.000262076 8.74417e-05 0.000262199 1 -0.00104598 -8.78915e-05 0.00104602 1 0.00537365 0.016465 0.000443717
FixedParameters: 0 0 0

#Transform 47
Transform: AffineTransform_float_3_3
Parameters: 1 -0.000206601 1.28441e-05 0.000206626 0.999999 -0.001002 -1.243e-05 0.001002 0.999999 0.0310547 0.00284995 0.0139858
FixedParameters: 0 0 0

#Transform 48
Transform: AffineTransform_float_3_3
Parameters: 1 -0.000337359 2.08102e-05 0.00033738 1 -0.000520993 -2.04586e-05 0.000521007 1 -0.00677936 -0.000693127 0.0221076
FixedParameters: 0 0 0

#Transform 49
Transform: AffineTransform_float_3_3
Parameters: 1 -0.000430169 2.6755e-05 0.000430223 1 -0.00102999 -2.58688e-05 0.00103001 1 0.00134318 0.0148094 0.0160508
FixedParameters: 0 0 0

#Transform 50
Transform: AffineTransform_float_3_3
Parameters: 1 -0.00021459 1.32664e-05 0.000214608 1 -0.000656997 -1.29844e-05 0.000657003 1 0.00323125 -0.015468 0.00758292
FixedParameters: 0 0 0

#Transform 51
Transform: AffineTransform_float_3_3
Parameters: 1 -0.000287449 1.78059e-05 0.000287476 0.999999 -0.000778994 -1.7358e-05 0.000779005 0.999999 -0.0163009 0.00878053 0.050047
FixedParameters: 0 0 0

#Transform 52
Transform: AffineTransform_float_3_3
Parameters: 1 -0.000435456 -5.80031e-05 0.000436253 0.999999 -0.00120903 5.79978e-05 0.00120898 1 -0.00799207 0.0224944 0.0492602
FixedParameters: 0 0 0

#Transform 53
Transform: AffineTransform_float_3_3
Parameters: 1 2.69481e-05 -1.67302e-06 -2.69511e-05 0.999999 -0.000916999 1.6236e-06 0.000916999 0.999999 -0.0040833 0.0122772 0.0550105
FixedParameters: 0 0 0

#Transform 54
Transform: AffineTransform_float_3_3
Parameters: 1 -9.48682e-05 -0.000107299 9.46003e-05 0.999999 -0.00124701 0.000107535 0.00124699 0.999999 0.00634899 0.0289185 0.0320214
FixedParameters: 0 0 0

#Transform 55
Transform: AffineTransform_float_3_3
Parameters: 1 -0.000233419 -0.000143721 0.000233036 0.999999 -0.00132803 0.00014434 0.00132797 0.999999 0.00232271 0.0351785 0.0315118
FixedParameters: 0 0 0

#Transform 56
Transform: AffineTransform_float_3_3
Parameters: 1 -9.85598e-05 -0.000215295 9.81066e-05 1 -0.00105202 0.000215502 0.00105198 1 0.00978185 0.0164533 0.0502439
FixedParameters: 0 0 0

#Transform 57
Transform: AffineTransform_float_3_3
Parameters: 1 -0.000363294 2.26569e-05 0.000363347 0.999999 -0.00119799 -2.17864e-05 0.00119801 1 0.00444061 0.0547447 0.0214446
FixedParameters: 0 0 0

#Transform 58
Transform: AffineTransform_float_3_3
Parameters: 1 -0.000134737 8.42399e-06 0.000134759 0.999999 -0.001354 -8.0591e-06 0.001354 0.999999 0.0162493 0.0130145 0.0466796
FixedParameters: 0 0 0

#Transform 59
Transform: AffineTransform_float_3_3
Parameters: 1 -0.000159779 -0.000248537 0.000160183 1 -0.00119404 0.000248858 0.00119396 1 0.015723 0.0201799 0.0843522
FixedParameters: 0 0 0

#Transform 60
Transform: AffineTransform_float_3_3
Parameters: 1 -0.000440149 -0.00013157 0.000440653 0.999998 -0.00186706 0.000133153 0.00186694 0.999998 0.0012971 0.0429069 0.102429
FixedParameters: 0 0 0

#Transform 61
Transform: AffineTransform_float_3_3
Parameters: 1 -0.000442663 -0.000171497 0.000442964 0.999998 -0.00185208 0.000172078 0.00185192 0.999999 0.00246836 0.0496424 0.0960775
FixedParameters: 0 0 0

#Transform 62
Transform: AffineTransform_float_3_3
Parameters: 1 -3.09391e-05 1.94257e-06 3.09452e-05 0.999998 -0.001618 -1.84244e-06 0.001618 0.999998 0.0355515 0.0329516 0.0861566
FixedParameters: 0 0 0

#Transform 63
Transform: AffineTransform_float_3_3
Parameters: 1 -0.000174668 1.07796e-05 0.000174679 1 -0.000549998 -1.05874e-05 0.000550002 1 -0.000763908 -0.00449961 0.00426665
FixedParameters: 0 0 0

#Transform 64
Transform: AffineTransform_float_3_3
Parameters: 1 -0.000328404 1.9792e-05 0.000328368 0.999999 0.000892006 -2.03779e-05 -0.000891993 0.999999 0.00743033 -0.168043 0.26762
FixedParameters: 0 0 0

#Transform 65
Transform: AffineTransform_float_3_3
Parameters: 0.999999 0.000225252 0.000909524 -0.000222693 0.999997 -0.00250314 -0.000910523 0.00250286 0.999997 -0.0437962 0.0847721 0.275971
FixedParameters: 0 0 0

#Transform 66
Transform: AffineTransform_float_3_3
Parameters: 1 0.000185848 0.00099845 -0.000185762 1 -0.000543125 -0.000998591 0.000542876 1 -0.0316445 -0.000745555 0.0922242
FixedParameters: 0 0 0

#Transform 67
Transform: AffineTransform_float_3_3
Parameters: 0.999998 0.000635985 0.00181576 -0.000653721 0.999952 0.00976389 -0.00180926 -0.00976511 0.99995 -0.0190113 -0.422471 -1.15709
FixedParameters: 0 0 0

#Transform 68
Transform: AffineTransform_float_3_3
Parameters: 0.999996 0.00157448 0.00203354 -0.0016043 0.999887 0.0149398 -0.00200995 -0.0149432 0.999886 0.0732844 -0.863842 -2.44514
FixedParameters: 0 0 0

#Transform 69
Transform: AffineTransform_float_3_3
Parameters: 0.999988 0.00245171 0.00419886 -0.00256615 0.999621 0.0274149 -0.00413033 -0.0274251 0.999615 0.14733 -1.83681 -2.3085
FixedParameters: 0 0 0

#Transform 70
Transform: AffineTransform_float_3_3
Parameters: 0.999996 -0.00194774 0.00173474 0.0019058 0.999714 0.0238333 -0.00178107 -0.0238306 0.999714 0.0909892 -1.74218 -1.90164
FixedParameters: 0 0 0

#Transform 71
Transform: AffineTransform_float_3_3
Parameters: 0.999995 -0.00311102 -0.000367344 0.00311655 0.999877 0.0154126 0.000319751 -0.0154134 0.999881 0.11178 -0.850253 -0.969013
FixedParameters: 0 0 0

#Transform 72
Transform: AffineTransform_float_3_3
Parameters: 0.999996 -0.00197677 0.00210474 0.00194784 0.999903 0.0138282 -0.00213276 -0.0138238 0.999903 0.0541218 -0.428029 -0.137806
FixedParameters: 0 0 0

#Transform 73
Transform: AffineTransform_float_3_3
Parameters: 0.999995 -0.00266411 0.00170182 0.0026397 0.999896 0.0141705 -0.00173939 -0.0141655 0.999899 0.0431585 -0.36344 -0.34033
FixedParameters: 0 0 0

#Transform 74
Transform: AffineTransform_float_3_3
Parameters: 0.999995 -0.00244339 0.00212079 0.00241696 0.999922 0.0122581 -0.00214989 -0.0122528 0.999923 0.0410447 -0.311797 -0.303258
FixedParameters: 0 0 0

#Transform 75
Transform: AffineTransform_float_3_3
Parameters: 0.999996 -0.002239 0.00211484 0.00221668 0.999942 0.0105388 -0.00213811 -0.0105333 0.999943 0.0346729 -0.252459 -0.36032
FixedParameters: 0 0 0

#Transform 76
Transform: AffineTransform_float_3_3
Parameters: 0.999996 -0.00243279 0.00182722 0.00241579 0.999953 0.00936535 -0.00184964 -0.00936065 0.999954 0.0352811 -0.277316 -0.38716
FixedParameters: 0 0 0

#Transform 77
Transform: AffineTransform_float_3_3
Parameters: 0.999996 -0.0022602 0.0017464 0.00224476 0.999962 0.0084229 -0.00176616 -0.00841809 0.999963 0.0314092 -0.245343 -0.33667
FixedParameters: 0 0 0

#Transform 78
Transform: AffineTransform_float_3_3
Parameters: 0.999996 -0.0022042 0.00209919 0.0021855 0.999959 0.00874758 -0.00211866 -0.00874341 0.999959 0.0130829 -0.221717 -0.341697
FixedParameters: 0 0 0

#Transform 79
Transform: AffineTransform_float_3_3
Parameters: 0.999996 -0.00203184 0.00204789 0.00201357 0.999958 0.00884917 -0.00206575 -0.00884482 0.999959 0.0492422 -0.233315 -0.364248
FixedParameters: 0 0 0

#Transform 80
Transform: AffineTransform_float_3_3
Parameters: 0.999996 -0.00210887 0.00183983 0.00209332 0.999963 0.00830284 -0.0018566 -0.00829916 0.999964 0.0605356 -0.215956 -0.339588
FixedParameters: 0 0 0

#Transform 81
Transform: AffineTransform_float_3_3
Parameters: 0.999996 -0.00218509 0.00169031 0.00217051 0.999962 0.00844965 -0.00170893 -0.00844535 0.999963 0.0605714 -0.231191 -0.312439
FixedParameters: 0 0 0

#Transform 82
Transform: AffineTransform_float_3_3
Parameters: 0.999998 -0.00179972 0.00133531 0.00178905 0.999966 0.00803536 -0.00134979 -0.00803264 0.999967 0.0922434 -0.218217 -0.328289
FixedParameters: 0 0 0

#Transform 83
Transform: AffineTransform_float_3_3
Parameters: 0.999997 -0.00195987 0.00145879 0.00194843 0.999969 0.00763881 -0.00147328 -0.00763618 0.99997 0.0834017 -0.168269 -0.300281
FixedParameters: 0 0 0

#Transform 84
Transform: AffineTransform_float_3_3
Parameters: 0.999997 -0.00187256 0.00156277 0.00186066 0.999967 0.00789588 -0.001578 -0.00789212 0.999967 0.0890687 -0.180616 -0.274506
FixedParameters: 0 0 0

#Transform 85
Transform: AffineTransform_float_3_3
Parameters: 0.999997 -0.00165389 0.00210811 0.00163815 0.999973 0.00721749 -0.00211974 -0.00721351 0.999972 0.0946859 -0.126185 -0.255586
FixedParameters: 0 0 0

#Transform 86
Transform: AffineTransform_float_3_3
Parameters: 0.999994 -0.0011469 0.00310283 0.00112091 0.999965 0.00830678 -0.00311221 -0.00830321 0.999961 0.0690274 -0.257725 -0.49048
FixedParameters: 0 0 0

#Transform 87
Transform: AffineTransform_float_3_3
Parameters: 0.999995 -0.00066472 0.00286225 0.000637821 0.999957 0.00929706 -0.00286896 -0.00929495 0.999952 0.105138 -0.461239 -0.83157
FixedParameters: 0 0 0

#Transform 88
Transform: AffineTransform_float_3_3
Parameters: 0.999998 -0.000368343 0.00192726 0.000348474 0.999949 0.0101448 -0.0019307 -0.0101442 0.999946 0.162475 -0.501263 -0.992372
FixedParameters: 0 0 0

#Transform 89
Transform: AffineTransform_float_3_3
Parameters: 0.999998 -8.31053e-05 0.00225725 6.15137e-05 0.999953 0.00967228 -0.002258 -0.00967171 0.99995 0.153387 -0.538832 -0.987616
FixedParameters: 0 0 0

#Transform 90
Transform: AffineTransform_float_3_3
Parameters: 0.999999 -0.000778315 0.00169949 0.000764658 0.999965 0.00823938 -0.00170607 -0.00823861 0.999964 0.111081 -0.424227 -0.800786
FixedParameters: 0 0 0

#Transform 91
Transform: AffineTransform_float_3_3
Parameters: 0.999998 -0.00109999 0.00125885 0.00109198 0.999978 0.00653239 -0.00126567 -0.00653161 0.999978 0.0885238 -0.346697 -0.532945
FixedParameters: 0 0 0

#Transform 92
Transform: AffineTransform_float_3_3
Parameters: 1 -0.000512231 0.00104383 0.000506076 0.999983 0.00592753 -0.00104624 -0.00592647 0.999982 0.114011 -0.318518 -0.448426
FixedParameters: 0 0 0

#Transform 93
Transform: AffineTransform_float_3_3
Parameters: 0.999999 -0.000561634 0.00146245 0.000553659 0.999984 0.00551288 -0.0014661 -0.00551212 0.999984 0.113225 -0.260226 -0.446904
FixedParameters: 0 0 0

#Transform 94
Transform: AffineTransform_float_3_3
Parameters: 0.999998 -0.000174315 0.00168633 0.000165402 0.999985 0.00534241 -0.0016867 -0.00534159 0.999985 0.134947 -0.273642 -0.363954
FixedParameters: 0 0 0

#Transform 95
Transform: AffineTransform_float_3_3
Parameters: 0.999997 -0.000278437 0.00218477 0.000266707 0.999984 0.00567978 -0.00218667 -0.00567922 0.999982 0.12671 -0.24772 -0.346433
FixedParameters: 0 0 0

#Transform 96
Transform: AffineTransform_float_3_3
Parameters: 0.999997 -0.000421518 0.00207952 0.000409977 0.999983 0.00569599 -0.002082 -0.00569501 0.999981 0.142281 -0.232992 -0.309464
FixedParameters: 0 0 0

#Transform 97
Transform: AffineTransform_float_3_3
Parameters: 0.999998 -2.07556e-05 0.0016846 8.62329e-06 0.999977 0.00687809 -0.00168447 -0.00687792 0.999975 0.0714384 -0.244895 -0.258836
FixedParameters: 0 0 0

#Transform 98
Transform: AffineTransform_float_3_3
Parameters: 0.999999 -0.000479967 0.00134745 0.000469033 0.999969 0.00783971 -0.00135151 -0.0078393 0.999969 0.0653317 -0.227734 -0.27327
FixedParameters: 0 0 0

#Transform 99
Transform: AffineTransform_float_3_3
Parameters: 0.999998 -0.000528879 0.0016142 0.000517768 0.999978 0.00660191 -0.00161772 -0.00660109 0.999977 0.0750856 -0.176238 -0.259584
FixedParameters: 0 0 0

#Transform 100
Transform: AffineTransform_float_3_3
Parameters: 0.999998 -0.000173934 0.00205643 0.000160529 0.999976 0.00692747 -0.00205767 -0.00692653 0.999974 0.0960826 -0.200498 -0.276306
FixedParameters: 0 0 0

#Transform 101
Transform: AffineTransform_float_3_3
Parameters: 0.999998 -0.000434211 0.0022302 0.000420956 0.999981 0.00615708 -0.00223233 -0.00615592 0.999978 0.0808243 -0.166236 -0.28597
FixedParameters: 0 0 0

#Transform 102
Transform: AffineTransform_float_3_3
Parameters: 0.999997 -0.000501609 0.00210164 0.000488449 0.99998 0.00627217 -0.00210465 -0.00627084 0.999978 0.0866228 -0.180821 -0.298568
FixedParameters: 0 0 0

#Transform 103
Transform: AffineTransform_float_3_3
Parameters: 0.999998 -0.000228437 0.00227811 0.000215157 0.999983 0.00578763 -0.00227947 -0.00578737 0.99998 0.0928355 -0.15731 -0.239054
FixedParameters: 0 0 0

#Transform 104
Transform: AffineTransform_float_3_3
Parameters: 0.999998 -0.00029862 0.00193763 0.000287786 0.999986 0.0054007 -0.00193941 -0.00540031 0.999984 0.1151 -0.127077 -0.237623
FixedParameters: 0 0 0

#Transform 105
Transform: AffineTransform_float_3_3
Parameters: 0.999998 -8.96573e-05 0.00206216 7.78332e-05 0.999984 0.00554329 -0.00206276 -0.0055427 0.999982 0.113145 -0.140647 -0.240815
FixedParameters: 0 0 0

#Transform 106
Transform: AffineTransform_float_3_3
Parameters: 0.999998 -0.000166268 0.00227172 0.000152862 0.999985 0.00559849 -0.00227324 -0.00559851 0.999982 0.103106 -0.138763 -0.228702
FixedParameters: 0 0 0

#Transform 107
Transform: AffineTransform_float_3_3
Parameters: 0.999997 -0.00049884 0.00211609 0.000487515 0.999985 0.00532617 -0.00211802 -0.00532483 0.999983 0.101682 -0.145467 -0.207239
FixedParameters: 0 0 0

#Transform 108
Transform: AffineTransform_float_3_3
Parameters: 0.999998 -0.000221937 0.00223895 0.000211448 0.999987 0.00504361 -0.00223987 -0.00504339 0.999985 0.108024 -0.135693 -0.178128
FixedParameters: 0 0 0

#Transform 109
Transform: AffineTransform_float_3_3
Parameters: 0.999998 -0.000458681 0.00195463 0.000448209 0.999986 0.00527601 -0.00195703 -0.00527499 0.999984 0.0871729 -0.0951986 -0.232966
FixedParameters: 0 0 0

#Transform 110
Transform: AffineTransform_float_3_3
Parameters: 0.999998 -0.000368709 0.00207506 0.000359162 0.999988 0.00473288 -0.00207712 -0.00473212 0.999986 0.107279 -0.103789 -0.187386
FixedParameters: 0 0 0

#Transform 111
Transform: AffineTransform_float_3_3
Parameters: 0.999998 -0.000305105 0.00194919 0.000294931 0.999987 0.00494371 -0.00195071 -0.00494329 0.999986 0.0912246 -0.111822 -0.205906
FixedParameters: 0 0 0

#Transform 112
Transform: AffineTransform_float_3_3
Parameters: 0.999998 -0.000452581 0.00203586 0.000443425 0.999989 0.00449804 -0.00203744 -0.00449796 0.999988 0.0960258 -0.0963532 -0.187649
FixedParameters: 0 0 0

#Transform 113
Transform: AffineTransform_float_3_3
Parameters: 0.999998 -0.000339589 0.00219588 0.000330469 0.999992 0.00414886 -0.00219722 -0.00414814 0.999989 0.106544 -0.0860964 -0.191257
FixedParameters: 0 0 0

#Transform 114
Transform: AffineTransform_float_3_3
Parameters: 0.999997 -0.000246821 0.00221042 0.00023614 0.999989 0.00470066 -0.00221131 -0.00470034 0.999986 0.107196 -0.115698 -0.231724
FixedParameters: 0 0 0

#Transform 115
Transform: AffineTransform_float_3_3
Parameters: 0.999997 -0.000109011 0.0024871 9.67325e-05 0.999989 0.00470044 -0.00248674 -0.00470056 0.999986 0.108026 -0.107186 -0.241475
FixedParameters: 0 0 0

#Transform 116
Transform: AffineTransform_float_3_3
Parameters: 0.999996 -0.000206349 0.00275 0.000193525 0.999989 0.0047008 -0.00275168 -0.0047002 0.999985 0.0956592 -0.124546 -0.237652
FixedParameters: 0 0 0

#Transform 117
Transform: AffineTransform_float_3_3
Parameters: 0.999997 -0.000164455 0.00270262 0.000152081 0.99999 0.00451567 -0.00270379 -0.00451532 0.999986 0.10316 -0.105209 -0.237954
FixedParameters: 0 0 0

#Transform 118
Transform: AffineTransform_float_3_3
Parameters: 0.999996 -9.45432e-05 0.00261759 8.31595e-05 0.999991 0.00428348 -0.00261802 -0.00428252 0.999988 0.110139 -0.112482 -0.243835
FixedParameters: 0 0 0

#Transform 119
Transform: AffineTransform_float_3_3
Parameters: 0.999995 -7.12703e-05 0.00293878 5.91318e-05 0.999991 0.00428343 -0.00293914 -0.00428256 0.999986 0.103897 -0.109291 -0.196604
FixedParameters: 0 0 0

#Transform 120
Transform: AffineTransform_float_3_3
Parameters: 0.999994 -0.000180675 0.00344305 0.000168587 0.999994 0.00365797 -0.00344312 -0.00365703 0.999988 0.0970297 -0.0899511 -0.202057
FixedParameters: 0 0 0

#Transform 121
Transform: AffineTransform_float_3_3
Parameters: 0.999994 0.000224235 0.00324448 -0.000236704 0.999993 0.00376755 -0.00324348 -0.00376844 0.999987 0.123696 -0.109385 -0.168896
FixedParameters: 0 0 0

#Transform 122
Transform: AffineTransform_float_3_3
Parameters: 0.999996 -0.000120694 0.00296266 0.000109021 0.999991 0.00418059 -0.00296242 -0.00418041 0.999987 0.11255 -0.106818 -0.197899
FixedParameters: 0 0 0

#Transform 123
Transform: AffineTransform_float_3_3
Parameters: 0.999996 3.88283e-05 0.0030037 -5.0042e-05 0.999993 0.00387111 -0.00300309 -0.00387089 0.999988 0.116096 -0.125243 -0.183068
FixedParameters: 0 0 0

#Transform 124
Transform: AffineTransform_float_3_3
Parameters: 0.999997 -6.06633e-05 0.00268693 5.14779e-05 0.999993 0.00357839 -0.00268694 -0.0035776 0.99999 0.0894346 -0.104423 -0.195547
FixedParameters: 0 0 0

#Transform 125
Transform: AffineTransform_float_3_3
Parameters: 0.999997 -0.000296931 0.00248035 0.000289238 0.999995 0.00317192 -0.00248169 -0.00317208 0.999992 0.0966185 -0.0714583 -0.199042
FixedParameters: 0 0 0

#Transform 126
Transform: AffineTransform_float_3_3
Parameters: 0.999996 -1.00611e-05 0.00259598 2.9697e-06 0.999996 0.00290327 -0.0025965 -0.00290374 0.999993 0.114903 -0.0893938 -0.206931
FixedParameters: 0 0 0

#Transform 127
Transform: AffineTransform_float_3_3
Parameters: 0.999996 9.63594e-05 0.00277109 -0.000104349 0.999996 0.00288197 -0.002771 -0.00288303 0.999992 0.0992887 -0.0751776 -0.161866
FixedParameters: 0 0 0

#Transform 128
Transform: AffineTransform_float_3_3
Parameters: 0.999995 -8.01519e-05 0.00316908 7.21972e-05 0.999997 0.00268255 -0.00316904 -0.00268146 0.999992 0.0986636 -0.0800258 -0.172446
FixedParameters: 0 0 0

#Transform 129
Transform: AffineTransform_float_3_3
Parameters: 0.999996 -0.000208125 0.00287074 0.00019806 0.999994 0.00350183 -0.00287177 -0.00350117 0.99999 0.10837 -0.106749 -0.199521
FixedParameters: 0 0 0

#Transform 130
Transform: AffineTransform_float_3_3
Parameters: 0.999996 -0.000251537 0.00287331 0.000242482 0.999995 0.00332296 -0.00287457 -0.00332205 0.999991 0.11351 -0.0820946 -0.182053
FixedParameters: 0 0 0

#Transform 131
Transform: AffineTransform_float_3_3
Parameters: 0.999997 -5.94821e-05 0.00271994 4.96283e-05 0.999994 0.00347439 -0.00271987 -0.00347361 0.999991 0.125963 -0.105598 -0.187173
FixedParameters: 0 0 0

#Transform 132
Transform: AffineTransform_float_3_3
Parameters: 0.999998 -0.000200451 0.00232867 0.000193936 0.999997 0.00269758 -0.0023291 -0.00269741 0.999993 0.126199 -0.0363553 -0.162392
FixedParameters: 0 0 0

#Transform 133
Transform: AffineTransform_float_3_3
Parameters: 0.999998 0.000238009 0.00230307 -0.000245026 0.999996 0.00304057 -0.00230203 -0.00304143 0.999992 0.1375 -0.0750806 -0.187965
FixedParameters: 0 0 0

#Transform 134
Transform: AffineTransform_float_3_3
Parameters: 0.999998 -0.000167865 0.00232658 0.000159647 0.999994 0.00328057 -0.00232709 -0.00328043 0.999992 0.110496 -0.0650801 -0.233258
FixedParameters: 0 0 0

#Transform 135
Transform: AffineTransform_float_3_3
Parameters: 0.999998 0.000186763 0.00230603 -0.000192466 0.999996 0.00275168 -0.00230542 -0.00275232 0.999993 0.133116 -0.0505189 -0.229004
FixedParameters: 0 0 0

#Transform 136
Transform: AffineTransform_float_3_3
Parameters: 0.999997 0.000323805 0.00247943 -0.000332112 0.999994 0.00327336 -0.00247877 -0.00327363 0.999991 0.125123 -0.0651206 -0.179044
FixedParameters: 0 0 0

#Transform 137
Transform: AffineTransform_float_3_3
Parameters: 0.999997 0.000369173 0.00218316 -0.000375736 0.999996 0.00263236 -0.0021825 -0.00263263 0.999994 0.15206 -0.0306612 -0.147011
FixedParameters: 0 0 0

#Transform 138
Transform: AffineTransform_float_3_3
Parameters: 0.999997 0.000463671 0.00221952 -0.000468025 0.999997 0.00209115 -0.00221888 -0.00209186 0.999996 0.172865 -0.0212338 -0.0709987
FixedParameters: 0 0 0

#Transform 139
Transform: AffineTransform_float_3_3
Parameters: 0.999996 0.000377656 0.00254114 -0.000382952 0.999998 0.00202421 -0.0025399 -0.00202479 0.999994 0.152025 -0.0492442 -0.0818835
FixedParameters: 0 0 0

#Transform 140
Transform: AffineTransform_float_3_3
Parameters: 0.999997 0.000321554 0.00217988 -0.000326736 0.999997 0.00233342 -0.00217867 -0.00233458 0.999995 0.170825 -0.0326939 -0.0896647
FixedParameters: 0 0 0

#Transform 141
Transform: AffineTransform_float_3_3
Parameters: 0.999998 0.000128866 0.0020069 -0.000133703 0.999997 0.00243286 -0.00200756 -0.00243314 0.999995 0.173351 -0.0303816 -0.10128
FixedParameters: 0 0 0

#Transform 142
Transform: AffineTransform_float_3_3
Parameters: 0.999998 4.15349e-05 0.00201197 -4.72963e-05 0.999995 0.00316803 -0.00201212 -0.00316797 0.999993 0.166412 -0.0643437 -0.104331
FixedParameters: 0 0 0

#Transform 143
Transform: AffineTransform_float_3_3
Parameters: 0.999998 0.000402263 0.00221426 -0.00040756 0.999996 0.00253429 -0.00221357 -0.00253571 0.999995 0.176875 -0.021907 -0.0831824
FixedParameters: 0 0 0

#Transform 144
Transform: AffineTransform_float_3_3
Parameters: 0.999997 0.000450066 0.00248292 -0.000456724 0.999996 0.00253406 -0.00248198 -0.00253594 0.999993 0.178962 -0.0440228 -0.0807461
FixedParameters: 0 0 0

#Transform 145
Transform: AffineTransform_float_3_3
Parameters: 0.999996 0.000746794 0.00279083 -0.000752709 0.999997 0.00211014 -0.00279003 -0.00211185 0.999994 0.193642 -0.0427803 -0.022566
FixedParameters: 0 0 0

#Transform 146
Transform: AffineTransform_float_3_3
Parameters: 0.999997 0.000642261 0.00242836 -0.000647554 0.999997 0.00210461 -0.00242695 -0.00210639 0.999995 0.189761 -0.0408674 0.00167745
FixedParameters: 0 0 0

#Transform 147
Transform: AffineTransform_float_3_3
Parameters: 0.999997 0.000860061 0.00259058 -0.000864413 0.999998 0.00177894 -0.00258981 -0.00178106 0.999995 0.208829 -0.0139704 -0.0063785
FixedParameters: 0 0 0

#Transform 148
Transform: AffineTransform_float_3_3
Parameters: 0.999998 0.00091001 0.00214064 -0.000913659 0.999999 0.00153716 -0.00213901 -0.00153884 0.999997 0.237623 -0.0144526 -0.000741361
FixedParameters: 0 0 0

#Transform 149
Transform: AffineTransform_float_3_3
Parameters: 0.999998 0.000645373 0.00187954 -0.000647463 0.999999 0.000820902 -0.00187854 -0.000822095 0.999998 0.220837 0.0248332 0.03224
FixedParameters: 0 0 0

#Transform 150
Transform: AffineTransform_float_3_3
Parameters: 0.999998 0.000571169 0.0018841 -0.000572946 1 0.00100098 -0.00188308 -0.00100202 0.999997 0.226717 0.0203363 0.0533149
FixedParameters: 0 0 0

#Transform 151
Transform: AffineTransform_float_3_3
Parameters: 0.999998 0.00045816 0.0020493 -0.000460701 0.999999 0.00135018 -0.00204824 -0.00135182 0.999997 0.201633 -0.00352694 0.0590762
FixedParameters: 0 0 0

#Transform 152
Transform: AffineTransform_float_3_3
Parameters: 0.999997 0.000405657 0.00246006 -0.000408249 0.999999 0.000919242 -0.00246043 -0.000920757 0.999997 0.193213 0.0350604 0.0520978
FixedParameters: 0 0 0

#Transform 153
Transform: AffineTransform_float_3_3
Parameters: 0.999996 0.000198103 0.00275206 -0.000199652 0.999999 0.000825693 -0.00275192 -0.000825308 0.999996 0.178837 0.0400205 0.0668532
FixedParameters: 0 0 0

#Transform 154
Transform: AffineTransform_float_3_3
Parameters: 0.999996 0.000186898 0.00258044 -0.000189853 1 0.0011527 -0.00258019 -0.0011533 0.999996 0.171827 0.0304497 0.0885054
FixedParameters: 0 0 0

#Transform 155
Transform: AffineTransform_float_3_3
Parameters: 0.999997 0.000351634 0.00246332 -0.000353478 0.999999 0.000969372 -0.00246382 -0.000969629 0.999997 0.181317 0.0247148 0.0241722
FixedParameters: 0 0 0

#Transform 156
Transform: AffineTransform_float_3_3
Parameters: 0.999996 0.000187613 0.0025844 -0.000189629 1 0.000969693 -0.00258421 -0.00096931 0.999996 0.176263 0.00968797 0.0239661
FixedParameters: 0 0 0

#Transform 157
Transform: AffineTransform_float_3_3
Parameters: 0.999996 0.000462745 0.00255198 -0.000466503 0.999998 0.001518 -0.00255081 -0.00152 0.999995 0.184966 -0.0080674 0.0248965
FixedParameters: 0 0 0

#Transform 158
Transform: AffineTransform_float_3_3
Parameters: 0.999997 0.000168262 0.00239022 -0.000171195 0.999999 0.00123978 -0.00238998 -0.00124022 0.999997 0.176744 0.0139833 0.0191913
FixedParameters: 0 0 0

#Transform 159
Transform: AffineTransform_float_3_3
Parameters: 0.999997 0.000118746 0.00247734 -0.000122168 1 0.00109289 -0.0024772 -0.00109411 0.999997 0.176016 0.0313147 3.11931e-05
FixedParameters: 0 0 0

#Transform 160
Transform: AffineTransform_float_3_3
Parameters: 0.999997 -0.00012051 0.00249196 0.000120673 1 0.000167488 -0.00249206 -0.000167514 0.999997 0.153693 -0.0343765 0.057107
FixedParameters: 0 0 0

#Transform 161
Transform: AffineTransform_float_3_3
Parameters: 0.999998 -0.000435246 0.00221998 0.000436354 1 -0.000473846 -0.00221951 0.000475154 0.999998 0.146799 -0.0216654 0.0618735
FixedParameters: 0 0 0

#Transform 162
Transform: AffineTransform_float_3_3
Parameters: 0.999997 0.00022045 0.00247112 -0.000219098 1 -0.000475364 -0.00247127 0.000475636 0.999997 0.174694 -0.0100971 0.085436
FixedParameters: 0 0 0

#Transform 163
Transform: AffineTransform_float_3_3
Parameters: 0.999997 0.000200126 0.00215781 -0.000200082 1 -1.03099e-05 -0.00215781 9.69006e-06 0.999997 0.186521 0.0171365 0.10158
FixedParameters: 0 0 0

#Transform 164
Transform: AffineTransform_float_3_3
Parameters: 0.999997 0.00021885 0.00244517 -0.000217523 1 -0.000475354 -0.00244531 0.000475645 0.999997 0.190701 0.0228672 0.0900737
FixedParameters: 0 0 0

#Transform 165
Transform: AffineTransform_float_3_3
Parameters: 0.999997 0.000218505 0.0024452 -0.000217865 1 -0.000335351 -0.00244528 0.000334649 0.999997 0.203274 0.0111589 0.0976928
FixedParameters: 0 0 0

#Transform 166
Transform: AffineTransform_float_3_3
Parameters: 0.999997 7.98659e-05 0.00245373 -7.90237e-05 1 -0.000375012 -0.00245373 0.000374988 0.999997 0.186436 0.00836777 0.0951885
FixedParameters: 0 0 0

#Transform 167
Transform: AffineTransform_float_3_3
Parameters: 0.999997 0.000219131 0.00244514 -0.000217239 1 -0.00059135 -0.00244534 0.000590649 0.999997 0.203269 0.00128555 0.0970551
FixedParameters: 0 0 0

#Transform 168
Transform: AffineTransform_float_3_3
Parameters: 0.999997 0.000219432 0.00244511 -0.000216938 0.999999 -0.000714349 -0.00244537 0.000713648 0.999996 0.19778 -0.00931244 0.109452
FixedParameters: 0 0 0

#Transform 169
Transform: AffineTransform_float_3_3
Parameters: 0.999998 0.000212076 0.00232534 -0.000209642 0.999999 -0.000738306 -0.00232559 0.000737691 0.999997 0.206971 0.0116028 0.101169
FixedParameters: 0 0 0

#Transform 170
Transform: AffineTransform_float_3_3
Parameters: 0.999997 0.000219645 0.0024451 -0.000217724 0.999999 -0.000801351 -0.00244532 0.000800648 0.999996 0.203301 -0.00933115 0.107167
FixedParameters: 0 0 0

#Transform 171
Transform: AffineTransform_float_3_3
Parameters: 0.999998 0.000246429 0.00199862 -0.000245527 1 -0.000475373 -0.0019988 0.000475626 0.999998 0.20895 -0.0098415 0.0941427
FixedParameters: 0 0 0

#Transform 172
Transform: AffineTransform_float_3_3
Parameters: 0.999998 0.000179413 0.00209992 -0.000177659 0.999999 -0.000893192 -0.00210012 0.000892808 0.999998 0.204928 0.029636 0.107234
FixedParameters: 0 0 0

#Transform 173
Transform: AffineTransform_float_3_3
Parameters: 0.999998 0.000381341 0.00228274 -0.000379831 0.999999 -0.00098669 -0.00228331 0.00098631 0.999997 0.20398 0.0112498 0.125659
FixedParameters: 0 0 0

#Transform 174
Transform: AffineTransform_float_3_3
Parameters: 0.999997 0.000342407 0.00243757 -0.000341499 1 -0.000391651 -0.00243777 0.000390349 0.999997 0.185148 -0.0114349 0.108157
FixedParameters: 0 0 0

#Transform 175
Transform: AffineTransform_float_3_3
Parameters: 0.999998 0.000221851 0.00196002 -0.000219305 0.999999 -0.000904309 -0.00196036 0.000903688 0.999997 0.197243 0.026492 0.0921471
FixedParameters: 0 0 0

#Transform 176
Transform: AffineTransform_float_3_3
Parameters: 0.999998 0.000242023 0.00227435 -0.000238594 1 -0.00119243 -0.0022748 0.00119257 0.999996 0.182321 0.0370586 0.0806537
FixedParameters: 0 0 0

#Transform 177
Transform: AffineTransform_float_3_3
Parameters: 0.999997 0.000267349 0.00223269 -0.000264277 1 -0.00113547 -0.00223318 0.00113453 0.999997 0.185258 0.00433062 0.0812969
FixedParameters: 0 0 0

#Transform 178
Transform: AffineTransform_float_3_3
Parameters: 0.999998 0.000223073 0.00230157 -0.000219793 0.999999 -0.00136333 -0.00230199 0.00136267 0.999997 0.190942 0.0268397 0.0838516
FixedParameters: 0 0 0

#Transform 179
Transform: AffineTransform_float_3_3
Parameters: 0.999997 0.000170724 0.002388 -0.00016749 0.999999 -0.00151322 -0.00238826 0.00151278 0.999996 0.171892 0.0221932 0.112983
FixedParameters: 0 0 0

#Transform 180
Transform: AffineTransform_float_3_3
Parameters: 0.999998 0.000132425 0.00204873 -0.00012922 0.999999 -0.00151315 -0.00204894 0.00151285 0.999997 0.170863 0.0122995 0.130428
FixedParameters: 0 0 0

#Transform 181
Transform: AffineTransform_float_3_3
Parameters: 0.999998 -0.000249575 0.00207272 0.000253349 0.999998 -0.00163236 -0.00207171 0.00163364 0.999996 0.16888 0.040251 0.111918
FixedParameters: 0 0 0

#Transform 182
Transform: AffineTransform_float_3_3
Parameters: 0.999998 0.000177337 0.00204591 -0.00017414 0.999999 -0.00151324 -0.00204626 0.00151276 0.999997 0.18346 0.0349262 0.107417
FixedParameters: 0 0 0

#Transform 183
Transform: AffineTransform_float_3_3
Parameters: 0.999998 0.00042099 0.00203062 -0.000417517 0.999998 -0.00157773 -0.00203076 0.00157727 0.999996 0.192471 0.0207921 0.144938
FixedParameters: 0 0 0

#Transform 184
Transform: AffineTransform_float_3_3
Parameters: 0.999998 0.000224245 0.00204297 -0.000220997 0.999999 -0.00151333 -0.00204246 0.00151267 0.999997 0.200037 0.0355865 0.134209
FixedParameters: 0 0 0

#Transform 185
Transform: AffineTransform_float_3_3
Parameters: 0.999999 0.000206038 0.00175958 -0.000203589 0.999999 -0.0012633 -0.00175998 0.0012627 0.999997 0.201237 0.0292629 0.131046
FixedParameters: 0 0 0

#Transform 186
Transform: AffineTransform_float_3_3
Parameters: 0.999998 0.000280267 0.00203945 -0.000277763 0.999998 -0.00157845 -0.00203909 0.00157755 0.999996 0.198744 0.0240616 0.141646
FixedParameters: 0 0 0

#Transform 187
Transform: AffineTransform_float_3_3
Parameters: 0.999998 0.000106632 0.00205036 -0.000102111 0.999998 -0.00207609 -0.00205055 0.00207591 0.999995 0.194017 0.0691117 0.15507
FixedParameters: 0 0 0

#Transform 188
Transform: AffineTransform_float_3_3
Parameters: 0.999997 0.000113603 0.00216314 -0.000108938 0.999998 -0.00200112 -0.00216334 0.00200088 0.999995 0.182819 0.0270608 0.144803
FixedParameters: 0 0 0

#Transform 189
Transform: AffineTransform_float_3_3
Parameters: 0.999998 9.55758e-05 0.00188872 -9.23901e-05 0.999998 -0.00163605 -0.00188885 0.00163594 0.999997 0.175388 0.019683 0.131623
FixedParameters: 0 0 0

#Transform 190
Transform: AffineTransform_float_3_3
Parameters: 0.999998 9.50573e-05 0.00187573 -9.13213e-05 0.999999 -0.00179411 -0.00187588 0.00179389 0.999996 0.185296 0.0411867 0.178817
FixedParameters: 0 0 0

#Transform 191
Transform: AffineTransform_float_3_3
