#Insight Transform File V1.0
#Transform 0
Transform: AffineTransform_float_3_3
Parameters: 0.999999 0.00133669 -0.000334314 -0.00133356 0.999953 0.00962749 0.000346861 -0.00962749 0.999953 0.0312817 -0.316139 0.229238
FixedParameters: 0 0 0

#Transform 1
Transform: AffineTransform_float_3_3
Parameters: 0.999999 0.000867511 -0.00036132 -0.00086494 0.999973 0.00727932 0.000367806 -0.00727869 0.999974 0.0258839 -0.216551 0.188612
FixedParameters: 0 0 0

#Transform 2
Transform: AffineTransform_float_3_3
Parameters: 0.999999 0.00084021 0.000173353 -0.000841569 0.99997 0.00771486 -0.000166329 -0.00771415 0.999971 0.00345293 -0.259775 0.222319
FixedParameters: 0 0 0

#Transform 3
Transform: AffineTransform_float_3_3
Parameters: 0.999999 0.000833309 0.000313273 -0.000835213 0.999977 0.00664174 -0.000307098 -0.00664226 0.999978 -0.00243773 -0.220392 0.231357
FixedParameters: 0 0 0

#Transform 4
Transform: AffineTransform_float_3_3
Parameters: 1 0.000471341 -0.000119277 -0.000471073 0.999988 0.00489306 0.000121847 -0.00489294 0.999988 0.00354971 -0.12083 0.237792
FixedParameters: 0 0 0

#Transform 5
Transform: AffineTransform_float_3_3
Parameters: 0.999999 0.00121781 -0.000178588 -0.00121726 0.999993 0.00369227 0.00018254 -0.00369174 0.999993 0.0298397 -0.113274 0.322187
FixedParameters: 0 0 0

#Transform 6
Transform: AffineTransform_float_3_3
Parameters: 1 0.000584562 -0.00079504 -0.000581978 0.999991 0.00405242 0.000796595 -0.00405158 0.999992 0.0288961 -0.0802457 0.145318
FixedParameters: 0 0 0

#Transform 7
Transform: AffineTransform_float_3_3
Parameters: 1 0.000557559 -0.000236405 -0.000557212 0.999996 0.00274413 0.000238422 -0.00274387 0.999996 0.0112171 -0.0787111 0.142087
FixedParameters: 0 0 0

#Transform 8
Transform: AffineTransform_float_3_3
Parameters: 1 8.68787e-05 -0.000385401 -8.59243e-05 0.999997 0.00253303 0.000385795 -0.00253297 0.999996 0.00225331 -0.0288416 0.0632329
FixedParameters: 0 0 0

#Transform 9
Transform: AffineTransform_float_3_3
Parameters: 1 8.6851e-05 -0.000385407 -8.59521e-05 0.999997 0.00246103 0.000385789 -0.00246097 0.999997 0.00230463 -0.0768272 -0.0390584
FixedParameters: 0 0 0

#Transform 10
Transform: AffineTransform_float_3_3
Parameters: 1 8.61533e-05 -0.000385564 -8.56512e-05 1 0.000651033 0.000385676 -0.000650966 0.999999 0.00228158 0.035279 0.00420553
FixedParameters: 0 0 0

#Transform 11
Transform: AffineTransform_float_3_3
Parameters: 1 6.05348e-05 0.000191879 -6.08456e-05 0.999999 0.000809988 -0.000191781 -0.000810011 0.999999 -0.0117455 0.0036388 -0.00205007
FixedParameters: 0 0 0

#Transform 12
Transform: AffineTransform_float_3_3
Parameters: 1 6.31736e-05 0.000133907 -6.32668e-05 1 0.000347991 -0.000133863 -0.000348008 1 -0.0139496 0.0281402 -0.0082848
FixedParameters: 0 0 0

#Transform 13
Transform: AffineTransform_float_3_3
Parameters: 1 0.000357004 3.06065e-05 -0.000357005 1 1.39891e-05 -3.05965e-05 -1.40109e-05 1 0.00236448 0.0316631 0.0159411
FixedParameters: 0 0 0

#Transform 14
Transform: AffineTransform_float_3_3
Parameters: 1 8.03932e-05 -0.000261769 -8.05937e-05 1 -0.000382979 0.000261707 0.000383021 1 0.00428863 0.0609268 0.0118872
FixedParameters: 0 0 0

#Transform 15
Transform: AffineTransform_float_3_3
Parameters: 1 6.06914e-05 0.000191829 -6.06891e-05 1 -6.01164e-06 -0.00019183 5.98836e-06 1 -0.0171837 0.0289649 -0.00114199
FixedParameters: 0 0 0

#Transform 16
Transform: AffineTransform_float_3_3
Parameters: 1 0.000353388 0.000204651 -0.000353435 1 0.000114928 -0.00020457 -0.000115072 1 0.00569427 0.0234688 0.0118858
FixedParameters: 0 0 0

#Transform 17
Transform: AffineTransform_float_3_3
Parameters: 1 0.000410107 -0.00015429 -0.000410131 1 -7.99367e-05 0.000154225 8.00632e-05 1 0.0221458 0.0599496 0.0523156
FixedParameters: 0 0 0

#Transform 18
Transform: AffineTransform_float_3_3
Parameters: 1 6.92411e-05 -3.95833e-06 -6.92382e-05 1 0.000365 4.00887e-06 -0.000365 1 -0.0050269 -0.0062636 -0.0243087
FixedParameters: 0 0 0

#Transform 19
Transform: AffineTransform_float_3_3
Parameters: 1 6.07056e-05 0.000191825 -6.06749e-05 1 -8.00116e-05 -0.000191835 7.99884e-05 1 -0.00313655 0.0499655 0.0192794
FixedParameters: 0 0 0

#Transform 20
Transform: AffineTransform_float_3_3
Parameters: 1 7.81214e-05 -0.000207796 -7.81546e-05 1 -7.99838e-05 0.000207783 8.00162e-05 1 0.0135653 0.00263735 0.00213414
FixedParameters: 0 0 0

#Transform 21
Transform: AffineTransform_float_3_3
Parameters: 1 -0.000128048 -4.76203e-05 0.00012804 1 -8.00061e-05 4.76408e-05 7.99939e-05 1 0.000570723 0.0607236 0.05982
FixedParameters: 0 0 0

#Transform 22
Transform: AffineTransform_float_3_3
Parameters: 1 0.000273752 5.71045e-05 -0.000273797 1 0.000395984 -5.68877e-05 -0.000396016 1 0.0092401 -0.00611527 0.0276446
FixedParameters: 0 0 0

#Transform 23
Transform: AffineTransform_float_3_3
Parameters: 1 7.6238e-05 -0.000164842 -7.62868e-05 1 -0.000147987 0.000164819 0.000148013 1 0.0117777 0.0625176 0.0556162
FixedParameters: 0 0 0

#Transform 24
Transform: AffineTransform_float_3_3
Parameters: 1 0.000447 -0.000148374 -0.000446818 0.999999 0.000613066 0.000148921 -0.000612933 1 0.0298589 -0.0180401 -0.00336219
FixedParameters: 0 0 0

#Transform 25
Transform: AffineTransform_float_3_3
Parameters: 1 0.000232101 -0.000158044 -0.000232127 1 -7.99633e-05 0.000158007 8.00367e-05 1 0.016523 0.0313273 0.0601644
FixedParameters: 0 0 0

#Transform 26
Transform: AffineTransform_float_3_3
Parameters: 1 0.000282989 -3.97761e-05 -0.000283012 1 -0.000291989 3.96108e-05 0.000292011 1 0.0133516 0.0194656 0.0817884
FixedParameters: 0 0 0

#Transform 27
Transform: AffineTransform_float_3_3
Parameters: 1 7.09141e-05 -4.29906e-05 -7.09675e-05 1 -0.000621997 4.29023e-05 0.000622003 1 0.00666803 0.0517804 0.111708
FixedParameters: 0 0 0

#Transform 28
Transform: AffineTransform_float_3_3
Parameters: 1 -0.000328696 -0.000179109 0.00032827 0.999999 -0.00118606 0.000179889 0.00118594 1 0.00788305 0.0414378 0.104985
FixedParameters: 0 0 0

#Transform 29
Transform: AffineTransform_float_3_3
Parameters: 1 -5.49794e-05 -4.8397e-05 5.48991e-05 0.999999 -0.000828004 4.8488e-05 0.000828995 0.999999 0.00288557 0.0339629 0.0955428
FixedParameters: 0 0 0

#Transform 30
Transform: AffineTransform_float_3_3
Parameters: 1 -0.000155159 0.000187538 0.000155485 0.999999 -0.00087097 -0.000187268 0.000871028 0.999999 -0.00488883 0.0350961 0.110821
FixedParameters: 0 0 0

#Transform 31
Transform: AffineTransform_float_3_3
Parameters: 1 6.69294e-05 -0.000232367 -6.74632e-05 1 -0.00114899 0.000232213 0.00114902 1 0.0289564 0.05002 0.138665
FixedParameters: 0 0 0

#Transform 32
Transform: AffineTransform_float_3_3
Parameters: 1 -0.00033943 7.24722e-05 0.00033952 0.999999 -0.000621975 -7.20499e-05 0.000622024 1 -0.00439805 0.0266544 0.0671741
FixedParameters: 0 0 0

#Transform 33
Transform: AffineTransform_float_3_3
Parameters: 1 -0.000183916 -5.91348e-06 0.000183908 1 -0.000622001 6.14226e-06 0.000621999 1 0.00954576 0.0375168 0.0615569
FixedParameters: 0 0 0

#Transform 34
Transform: AffineTransform_float_3_3
Parameters: 1 -0.00033943 7.24722e-05 0.00033952 0.999999 -0.000621975 -7.20499e-05 0.000622024 1 -0.00612738 0.0268207 0.063405
FixedParameters: 0 0 0

#Transform 35
Transform: AffineTransform_float_3_3
Parameters: 1 -0.000321332 -0.000351014 0.000320674 1 -0.00100012 0.000350658 0.00100089 1 0.0124182 0.0414251 0.0899553
FixedParameters: 0 0 0

#Transform 36
Transform: AffineTransform_float_3_3
Parameters: 1 -0.000329868 -0.000150264 0.000329628 0.999999 -0.000796049 0.000150789 0.00079595 0.999999 0.00404599 0.033247 0.0834566
FixedParameters: 0 0 0

#Transform 37
Transform: AffineTransform_float_3_3
Parameters: 1 -0.000335384 -2.15106e-05 0.000335366 1 -0.000414007 2.17883e-05 0.000413993 1 -0.0013101 -0.00032758 0.0703024
FixedParameters: 0 0 0

#Transform 38
Transform: AffineTransform_float_3_3
Parameters: 1 -0.00032238 -0.000322228 0.000322111 1 -0.000417104 0.000322497 0.000416896 1 0.0112522 0.0189228 0.0489965
FixedParameters: 0 0 0

#Transform 39
Transform: AffineTransform_float_3_3
Parameters: 1 -8.05244e-06 -0.000507823 7.66039e-06 1 -0.000386004 0.000507829 0.000385996 1 0.028785 0.0172227 0.0534964
FixedParameters: 0 0 0

#Transform 40
Transform: AffineTransform_float_3_3
Parameters: 1 -0.000317691 -0.000429177 0.000317465 1 -0.000263136 0.000429344 0.000262864 1 0.0157016 0.0125882 0.0464885
FixedParameters: 0 0 0

#Transform 41
Transform: AffineTransform_float_3_3
Parameters: 1 -0.000333223 -7.14676e-05 0.000333209 1 -0.000403024 7.07371e-05 0.000402976 1 0.000749564 0.0185053 0.0445644
FixedParameters: 0 0 0

#Transform 42
Transform: AffineTransform_float_3_3
Parameters: 1 -0.000332476 -8.84986e-05 0.000332473 1 -0.000262029 8.76737e-05 0.000261971 1 0.00146391 0.012168 0.055237
FixedParameters: 0 0 0

#Transform 43
Transform: AffineTransform_float_3_3
Parameters: 1 -0.000389402 -0.000277069 0.000389152 1 -0.000450108 0.000277419 0.000449892 1 0.00721836 0.04951 0.0460837
FixedParameters: 0 0 0

#Transform 44
Transform: AffineTransform_float_3_3
Parameters: 1 -0.000324693 -0.000268303 0.000324508 1 -0.000344087 0.000268526 0.000343913 1 0.00898167 0.0169511 0.0247718
FixedParameters: 0 0 0

#Transform 45
Transform: AffineTransform_float_3_3
Parameters: 1 -0.000322452 -0.000320245 0.000322257 1 -0.000372103 0.000319486 0.000371897 1 0.0111602 0.0189678 0.00447651
FixedParameters: 0 0 0

#Transform 46
Transform: AffineTransform_float_3_3
Parameters: 1 -0.000319829 -0.00037925 0.000319689 1 -0.000184121 0.000379367 0.000183879 1 0.0136251 0.010435 0.0196054
FixedParameters: 0 0 0

#Transform 47
Transform: AffineTransform_float_3_3
Parameters: 1 -0.000319807 -0.000379268 0.000319711 1 -0.000126121 0.000379349 0.000125879 1 0.0136137 0.00656814 0.0531021
FixedParameters: 0 0 0

#Transform 48
Transform: AffineTransform_float_3_3
Parameters: 1 -0.000505622 -0.000387369 0.000505542 1 -0.000104196 0.000387474 0.000103804 1 0.00794153 0.0390809 0.058337
FixedParameters: 0 0 0

#Transform 49
Transform: AffineTransform_float_3_3
Parameters: 1 -0.000328701 -0.000173587 0.000328788 1 0.000249943 0.000173423 -0.000250057 1 -0.0011838 -0.00865829 0.0410033
FixedParameters: 0 0 0

#Transform 50
Transform: AffineTransform_float_3_3
Parameters: 1 -0.000347684 0.000264296 0.000347016 0.999999 -0.000625908 -0.000263905 0.000626092 1 -0.0132769 0.0157715 0.0814625
FixedParameters: 0 0 0

#Transform 51
Transform: AffineTransform_float_3_3
Parameters: 1 -0.000347899 0.000269291 0.000347237 0.999999 -0.000625906 -0.0002689 0.000626093 1 -0.0134946 0.0483313 0.0632692
FixedParameters: 0 0 0

#Transform 52
Transform: AffineTransform_float_3_3
Parameters: 1 -0.000337897 3.63636e-05 0.000337912 1 -0.000201988 -3.62271e-05 0.000202012 1 -0.0037456 0.0102374 0.0418177
FixedParameters: 0 0 0

#Transform 53
Transform: AffineTransform_float_3_3
Parameters: 1 -0.000341525 0.000119216 0.000341525 1 4.07154e-08 -0.000119216 4.07154e-08 1 -0.00712674 0.00286251 0.0182806
FixedParameters: 0 0 0

#Transform 54
Transform: AffineTransform_float_3_3
Parameters: 1 -0.00034598 0.000223244 0.000345144 1 -0.000364923 -0.000223035 0.000365077 1 -0.011553 0.0377165 0.013051
FixedParameters: 0 0 0

#Transform 55
Transform: AffineTransform_float_3_3
Parameters: 1 -0.000153683 0.000382716 0.000153992 1 -0.000404941 -0.000382591 0.000405059 1 -0.0159658 0.0166976 0.0847747
FixedParameters: 0 0 0

#Transform 56
Transform: AffineTransform_float_3_3
Parameters: 1 -0.000143208 0.000260137 0.000142747 1 -0.00103396 -0.000259885 0.00103404 1 -0.00940838 0.0693762 0.0908503
FixedParameters: 0 0 0

#Transform 57
Transform: AffineTransform_float_3_3
Parameters: 1 -0.000346811 0.000243274 0.000346058 1 -0.000506916 -0.000242966 0.000507084 1 -0.0124205 0.0228264 0.0440571
FixedParameters: 0 0 0

#Transform 58
Transform: AffineTransform_float_3_3
Parameters: 1 -0.000422348 0.000229935 0.000422503 1 -0.000335903 -0.000229651 0.000336097 1 -0.0143236 0.0443256 0.0295693
FixedParameters: 0 0 0

#Transform 59
Transform: AffineTransform_float_3_3
Parameters: 1 -0.000191866 0.000293994 0.00019214 1 -0.000465943 -0.000293815 0.000466056 1 -0.00951268 0.032074 0.073404
FixedParameters: 0 0 0

#Transform 60
Transform: AffineTransform_float_3_3
Parameters: 1 -0.000336377 1.54865e-06 0.000336423 0.999999 -0.000653999 -2.10768e-06 0.000654 1 -0.00230315 0.0789981 0.0448949
FixedParameters: 0 0 0

#Transform 61
Transform: AffineTransform_float_3_3
Parameters: 1 -0.000350014 0.000318238 0.000349398 1 -0.000601889 -0.00031786 0.000602111 1 -0.0212385 0.0386775 0.0354327
FixedParameters: 0 0 0

#Transform 62
Transform: AffineTransform_float_3_3
Parameters: 1 -0.000573186 0.000362595 0.000573558 0.999999 -0.000451792 -0.000363075 0.000452208 1 -0.0295307 0.0327698 0.00564162
FixedParameters: 0 0 0

#Transform 63
Transform: AffineTransform_float_3_3
Parameters: 1 -0.000349214 0.000298185 0.000348453 1 -0.000397896 -0.000297951 0.000398104 1 -0.0146665 0.0486804 0.0208438
FixedParameters: 0 0 0

#Transform 64
Transform: AffineTransform_float_3_3
Parameters: 1 -0.000347153 0.00025127 0.000346414 1 -0.000516913 -0.000250955 0.000517087 1 -0.0186662 0.0338821 0.0129761
FixedParameters: 0 0 0

#Transform 65
Transform: AffineTransform_float_3_3
Parameters: 1 -0.000961396 -0.000406728 0.000960945 1 -0.000608348 0.000406898 0.000607653 0.999999 -0.00581939 0.122255 -0.025896
FixedParameters: 0 0 0

#Transform 66
Transform: AffineTransform_float_3_3
Parameters: 0.999999 -0.000729423 0.0001121 0.000728718 0.999999 -0.00111892 -0.000111511 0.00111908 1 -0.0376891 0.144721 -0.0521185
FixedParameters: 0 0 0

#Transform 67
Transform: AffineTransform_float_3_3
Parameters: 1 -0.00036099 -5.52764e-05 0.000360874 0.999999 -0.00143902 5.53161e-05 0.00143898 0.999999 -0.015345 0.0775592 0.00173748
FixedParameters: 0 0 0

#Transform 68
Transform: AffineTransform_float_3_3
Parameters: 0.999999 -0.000793435 1.80378e-05 0.000793594 0.999997 -0.00205799 -1.67698e-05 0.00205801 0.999998 -0.0259178 0.10971 0.0399991
FixedParameters: 0 0 0

#Transform 69
Transform: AffineTransform_float_3_3
Parameters: 1 -0.000369113 0.00023694 0.000369187 0.999998 -0.00227291 -0.000235306 0.00227309 0.999998 -0.0311274 0.112619 0.0701354
FixedParameters: 0 0 0

#Transform 70
Transform: AffineTransform_float_3_3
Parameters: 1 -0.000248224 0.000358936 0.000248569 0.999999 -0.00181191 -0.000359079 0.00181109 0.999999 -0.0322083 0.0917786 0.0276393
FixedParameters: 0 0 0

#Transform 71
Transform: AffineTransform_float_3_3
Parameters: 1 -0.000524964 0.000300401 0.000525197 0.999998 -0.00198184 -0.000299363 0.00198216 0.999998 -0.0387278 0.107475 0.00678
FixedParameters: 0 0 0

#Transform 72
Transform: AffineTransform_float_3_3
Parameters: 1 -5.51296e-06 0.000156906 6.1854e-06 0.999997 -0.002143 -0.000156881 0.002143 0.999997 -0.0130461 0.0921489 0.0238483
FixedParameters: 0 0 0

#Transform 73
Transform: AffineTransform_float_3_3
Parameters: 1 -0.000415935 0.000160025 0.000415772 0.999997 -0.00248393 -0.000159002 0.00248407 0.999997 -0.0295072 0.130158 0.115495
FixedParameters: 0 0 0

#Transform 74
Transform: AffineTransform_float_3_3
Parameters: 1 -1.31688e-05 0.00034475 1.39314e-05 0.999996 -0.00255499 -0.000344724 0.002555 0.999996 -0.024043 0.11094 0.113657
FixedParameters: 0 0 0

#Transform 75
Transform: AffineTransform_float_3_3
Parameters: 0.999999 -0.000497202 0.000626057 0.000498303 0.999997 -0.00244369 -0.000624711 0.00244331 0.999997 -0.0510571 0.116214 0.0740221
FixedParameters: 0 0 0

#Transform 76
Transform: AffineTransform_float_3_3
Parameters: 1 -0.000604552 2.50259e-05 0.000604751 0.999997 -0.00227599 -2.42717e-05 0.00227602 0.999998 -0.0302683 0.0819476 0.0586729
FixedParameters: 0 0 0

#Transform 77
Transform: AffineTransform_float_3_3
Parameters: 0.999999 -0.000735729 0.000198028 0.000735865 0.999996 -0.00265786 -0.000196158 0.00265815 0.999997 -0.0283547 0.103577 0.0662612
FixedParameters: 0 0 0

#Transform 78
Transform: AffineTransform_float_3_3
Parameters: 1 -0.000655761 0.00020142 0.000655986 0.999996 -0.00283387 -0.000199745 0.00283413 0.999996 -0.0310494 0.116863 0.0544019
FixedParameters: 0 0 0

#Transform 79
Transform: AffineTransform_float_3_3
Parameters: 0.999999 -0.000493701 0.000542166 0.000495474 0.999996 -0.00251973 -0.000540716 0.00252027 0.999996 -0.042837 0.114039 0.0563086
FixedParameters: 0 0 0

#Transform 80
Transform: AffineTransform_float_3_3
Parameters: 1 -0.00027716 0.000216772 0.000277265 0.999997 -0.00244694 -0.000216458 0.00244706 0.999997 -0.0240943 0.0918177 0.031333
FixedParameters: 0 0 0

#Transform 81
Transform: AffineTransform_float_3_3
Parameters: 1 -0.000479964 0.000208469 0.000480073 0.999996 -0.0025629 -0.000207051 0.0025631 0.999996 -0.0249758 0.1335 0.0621078
FixedParameters: 0 0 0

#Transform 82
Transform: AffineTransform_float_3_3
Parameters: 1 -0.000302045 0.000215874 0.000302332 0.999996 -0.00288193 -0.000215175 0.00288206 0.999996 -0.0286557 0.144942 0.103531
FixedParameters: 0 0 0

#Transform 83
Transform: AffineTransform_float_3_3
Parameters: 1 -4.93247e-05 0.000226166 5.04892e-05 0.999996 -0.00257599 -0.000225909 0.00257601 0.999996 -0.0119362 0.143839 0.0758204
FixedParameters: 0 0 0

#Transform 84
Transform: AffineTransform_float_3_3
Parameters: 1 -0.000177202 -0.000192483 0.000176306 0.999998 -0.00232204 0.000193303 0.00232197 0.999998 -0.0130247 0.150771 0.039098
FixedParameters: 0 0 0

#Transform 85
Transform: AffineTransform_float_3_3
Parameters: 1 -0.000315407 -0.000267992 0.00031377 0.999995 -0.00312909 0.000268962 0.00312991 0.999995 -0.01211 0.158881 0.0632002
FixedParameters: 0 0 0

#Transform 86
Transform: AffineTransform_float_3_3
Parameters: 1 -0.000234538 -6.46984e-05 0.000234257 0.999997 -0.00250401 6.48732e-05 0.00250398 0.999997 -0.0211383 0.141928 0.0435378
FixedParameters: 0 0 0

#Transform 87
Transform: AffineTransform_float_3_3
Parameters: 1 -0.000115828 0.000139355 0.000115572 0.999997 -0.00250398 -0.000139819 0.00250402 0.999997 -0.0282571 0.133873 0.0370992
FixedParameters: 0 0 0

#Transform 88
Transform: AffineTransform_float_3_3
Parameters: 1 -0.000305466 -4.35969e-05 0.000305243 0.999997 -0.00250401 4.51261e-05 0.00250399 0.999997 -0.0243988 0.13393 0.0374223
FixedParameters: 0 0 0

#Transform 89
Transform: AffineTransform_float_3_3
Parameters: 1 -0.000320733 -0.000183343 0.000319856 0.999997 -0.00250406 0.000183948 0.00250394 0.999997 -0.0191976 0.144528 0.0614246
FixedParameters: 0 0 0

#Transform 90
Transform: AffineTransform_float_3_3
Parameters: 1 -0.000335025 -0.000298986 0.000334495 0.999997 -0.0026251 0.000299789 0.0026259 0.999997 -0.0150478 0.1463 0.0677673
FixedParameters: 0 0 0

#Transform 91
Transform: AffineTransform_float_3_3
Parameters: 1 -0.000279097 -0.000345702 0.000278251 0.999996 -0.0027291 0.000346268 0.0027299 0.999996 -0.011359 0.149984 0.0516329
FixedParameters: 0 0 0

#Transform 92
Transform: AffineTransform_float_3_3
Parameters: 1 -0.000284993 1.82972e-05 0.000285127 0.999997 -0.00250399 -1.78687e-05 0.002504 0.999997 -0.0263 0.133636 0.0439517
FixedParameters: 0 0 0

#Transform 93
Transform: AffineTransform_float_3_3
Parameters: 1 -0.000476522 0.000124512 0.000477186 0.999997 -0.00250394 -0.000123123 0.00250406 0.999997 -0.0366892 0.15235 0.0447988
FixedParameters: 0 0 0

#Transform 94
Transform: AffineTransform_float_3_3
Parameters: 1 -0.000263468 3.01614e-05 0.000263655 0.999997 -0.00238599 -2.99028e-05 0.00238601 0.999997 -0.0260052 0.129073 0.0356988
FixedParameters: 0 0 0

#Transform 95
Transform: AffineTransform_float_3_3
Parameters: 1 -8.48804e-05 -0.000174643 8.5025e-05 0.999997 -0.00244301 0.000175102 0.00244299 0.999997 -0.00327827 0.15669 0.10377
FixedParameters: 0 0 0

#Transform 96
Transform: AffineTransform_float_3_3
Parameters: 1 -0.000210745 0.000135453 0.000211472 0.999997 -0.00252197 -0.000135387 0.00252203 0.999997 -0.0286342 0.172622 0.121288
FixedParameters: 0 0 0

#Transform 97
Transform: AffineTransform_float_3_3
Parameters: 1 -0.00046493 -0.000157241 0.000464177 0.999996 -0.00252207 0.000158585 0.00252193 0.999997 -0.0248967 0.161481 0.070772
FixedParameters: 0 0 0

#Transform 98
Transform: AffineTransform_float_3_3
Parameters: 1 -0.000260714 -0.00010889 0.000261276 0.999998 -0.00220799 0.000109088 0.00220802 0.999997 -0.0203546 0.149295 0.048268
FixedParameters: 0 0 0

#Transform 99
Transform: AffineTransform_float_3_3
Parameters: 1 -0.000172656 -0.000157261 0.000171963 0.999997 -0.00234303 0.000157069 0.00234297 0.999997 -0.0155425 0.144888 0.052277
FixedParameters: 0 0 0

#Transform 100
Transform: AffineTransform_float_3_3
Parameters: 1 -0.000257754 -0.000156763 0.00025805 0.999997 -0.00238204 0.000157036 0.00238196 0.999997 -0.0183369 0.147921 0.0535536
FixedParameters: 0 0 0

#Transform 101
Transform: AffineTransform_float_3_3
Parameters: 1 -0.000304251 -0.00029368 0.000303676 0.999996 -0.00275109 0.000294397 0.00275091 0.999996 -0.0142463 0.172341 0.0423269
FixedParameters: 0 0 0

#Transform 102
Transform: AffineTransform_float_3_3
Parameters: 1 3.64347e-05 -0.000279747 -3.70326e-05 0.999996 -0.00285499 0.000279581 0.00285501 0.999996 -0.00394717 0.168634 0.0689215
FixedParameters: 0 0 0

#Transform 103
Transform: AffineTransform_float_3_3
Parameters: 1 -0.000459152 -0.000299969 0.000458526 0.999996 -0.00285114 0.000300631 0.00285086 0.999996 -0.0189821 0.175357 0.0690314
FixedParameters: 0 0 0

#Transform 104
Transform: AffineTransform_float_3_3
Parameters: 1 -0.000107449 -0.000285616 0.000106855 0.999996 -0.00286603 0.000285275 0.00286597 0.999996 -0.00831447 0.17582 0.069537
FixedParameters: 0 0 0

#Transform 105
Transform: AffineTransform_float_3_3
Parameters: 1 -0.000260266 -0.000291902 0.000259745 0.999997 -0.00267608 0.000292338 0.00267593 0.999997 -0.00916063 0.156014 0.0387862
FixedParameters: 0 0 0

#Transform 106
Transform: AffineTransform_float_3_3
Parameters: 1 -0.000320164 -0.000294414 0.000319733 0.999997 -0.00250109 0.000295059 0.0025009 0.999997 -0.0109804 0.144355 0.0457977
FixedParameters: 0 0 0

#Transform 107
Transform: AffineTransform_float_3_3
Parameters: 1 -0.000466124 -0.000129111 0.000465472 0.999996 -0.00285306 0.00012977 0.00285294 0.999996 -0.0260899 0.157289 0.055748
FixedParameters: 0 0 0

#Transform 108
Transform: AffineTransform_float_3_3
Parameters: 1 -0.000344587 -0.000212303 0.00034451 0.999997 -0.00263203 0.000213161 0.00263197 0.999996 -0.0235457 0.148908 0.0363601
FixedParameters: 0 0 0

#Transform 109
Transform: AffineTransform_float_3_3
Parameters: 1 -0.000325205 -0.000220559 0.000324144 0.999997 -0.00250107 0.000221184 0.00250093 0.999997 -0.0178445 0.144625 0.0119855
FixedParameters: 0 0 0

#Transform 110
Transform: AffineTransform_float_3_3
Parameters: 1 0.000161869 -0.000212529 -0.000161991 0.999997 -0.00253396 0.000212751 0.00253403 0.999997 -0.00259344 0.133179 0.00806549
FixedParameters: 0 0 0

#Transform 111
Transform: AffineTransform_float_3_3
Parameters: 1 -4.30041e-05 -0.00014689 4.22527e-05 0.999996 -0.002556 0.000147108 0.00255599 0.999996 -0.0117751 0.145932 0.0309874
FixedParameters: 0 0 0

#Transform 112
Transform: AffineTransform_float_3_3
Parameters: 1 -0.000128973 -0.000224435 0.000128657 0.999995 -0.00292403 0.000225232 0.00292397 0.999995 -0.0114372 0.161669 0.025111
FixedParameters: 0 0 0

#Transform 113
Transform: AffineTransform_float_3_3
Parameters: 1 -0.000476824 0.000131456 0.000477495 0.999997 -0.00239894 -0.000130165 0.00239906 0.999997 -0.0415243 0.140591 0.00805292
FixedParameters: 0 0 0

#Transform 114
Transform: AffineTransform_float_3_3
Parameters: 1 -0.000463945 -0.000183904 0.000463851 0.999995 -0.00320008 0.000184918 0.00319991 0.999995 -0.0238382 0.17207 0.0519519
FixedParameters: 0 0 0

#Transform 115
Transform: AffineTransform_float_3_3
Parameters: 1 -0.000433063 0.000318987 0.000434492 0.999993 -0.00375086 -0.000316775 0.00375014 0.999993 -0.0431167 0.195054 0.0516025
FixedParameters: 0 0 0

#Transform 116
Transform: AffineTransform_float_3_3
Parameters: 1 -0.000465476 -0.000148571 0.000465373 0.999992 -0.00397707 0.000150318 0.00397693 0.999992 -0.021062 0.226922 0.0774355
FixedParameters: 0 0 0

#Transform 117
Transform: AffineTransform_float_3_3
Parameters: 1 3.8478e-05 -0.000237658 -3.93174e-05 0.999993 -0.00386999 0.000237401 0.00387001 0.999993 -0.00557493 0.199591 0.055545
FixedParameters: 0 0 0

#Transform 118
Transform: AffineTransform_float_3_3
Parameters: 1 -2.56089e-05 -0.000136126 2.45545e-05 0.999993 -0.00387001 0.00013632 0.00387 0.999993 -0.00448951 0.200172 0.0444239
FixedParameters: 0 0 0

#Transform 119
Transform: AffineTransform_float_3_3
Parameters: 1 -0.000463136 -0.000207527 0.000462519 0.999992 -0.0039721 0.000210248 0.0039719 0.999992 -0.0134367 0.205681 0.0231954
FixedParameters: 0 0 0

#Transform 120
Transform: AffineTransform_float_3_3
Parameters: 1 0.000213064 -0.000350835 -0.000213922 0.999992 -0.00401092 0.000350209 0.00401107 0.999992 0.00697077 0.182931 0.0324278
FixedParameters: 0 0 0

#Transform 121
Transform: AffineTransform_float_3_3
Parameters: 1 -0.000178962 -0.000232253 0.000178095 0.999991 -0.00410704 0.000232764 0.00410695 0.999991 -0.00149166 0.198379 0.0714208
FixedParameters: 0 0 0

#Transform 122
Transform: AffineTransform_float_3_3
Parameters: 1 -0.000114325 -0.000169693 0.000113096 0.999993 -0.00375102 0.000169547 0.00375198 0.999993 -0.0135553 0.205973 0.0865915
FixedParameters: 0 0 0

#Transform 123
Transform: AffineTransform_float_3_3
Parameters: 1 -0.000275874 -6.06438e-05 0.000275277 0.999987 -0.00520402 6.2513e-05 0.00520399 0.999987 -0.011399 0.256345 0.13843
FixedParameters: 0 0 0

#Transform 124
Transform: AffineTransform_float_3_3
Parameters: 1 -0.000466666 -0.000175829 0.000465781 0.999983 -0.00569108 0.000178182 0.00569091 0.999984 -0.0128735 0.275159 0.150565
FixedParameters: 0 0 0

#Transform 125
Transform: AffineTransform_float_3_3
Parameters: 1 -0.000127971 0.000180248 0.000128984 0.999985 -0.00546598 -0.000179886 0.00546602 0.999985 -0.0163407 0.232859 0.160378
FixedParameters: 0 0 0

#Transform 126
Transform: AffineTransform_float_3_3
Parameters: 1 -0.000591439 -0.000337064 0.000590147 0.999987 -0.0050512 0.000340122 0.0050508 0.999987 -0.00846307 0.202788 0.127248
FixedParameters: 0 0 0

#Transform 127
Transform: AffineTransform_float_3_3
Parameters: 1 -0.000252445 -1.95051e-05 0.000252291 0.999982 -0.006027 2.0549e-05 0.00602699 0.999982 -0.012377 0.267046 0.11738
FixedParameters: 0 0 0

#Transform 128
Transform: AffineTransform_float_3_3
Parameters: 1 -0.000522106 0.000229295 0.000522775 0.999985 -0.00556388 -0.000226566 0.00556313 0.999985 -0.026196 0.251394 0.0883194
FixedParameters: 0 0 0

#Transform 129
Transform: AffineTransform_float_3_3
Parameters: 1 -0.000644297 -0.000270395 0.000642171 0.999982 -0.00605813 0.000274235 0.00605787 0.999981 -0.0148504 0.255996 0.0985027
FixedParameters: 0 0 0

#Transform 130
Transform: AffineTransform_float_3_3
Parameters: 1 -0.000113936 -0.000190409 0.000112651 0.999982 -0.00610503 0.000190837 0.00610498 0.999982 -0.000985652 0.268485 0.0774017
FixedParameters: 0 0 0

#Transform 131
Transform: AffineTransform_float_3_3
Parameters: 1 -0.000114963 -0.000166339 0.000113718 0.999977 -0.00686502 0.000166953 0.00686499 0.999977 -0.00197009 0.284236 0.113843
FixedParameters: 0 0 0

#Transform 132
Transform: AffineTransform_float_3_3
Parameters: 1 -0.000233784 -0.00033779 0.000231083 0.999976 -0.00699709 0.000340131 0.00699693 0.999976 0.00120412 0.315101 0.14025
FixedParameters: 0 0 0

#Transform 133
Transform: AffineTransform_float_3_3
Parameters: 1 -0.000557174 -0.000171252 0.000555753 0.999972 -0.0074791 0.000175623 0.0074789 0.999972 -0.015904 0.32122 0.164222
FixedParameters: 0 0 0

#Transform 134
Transform: AffineTransform_float_3_3
Parameters: 1 -0.000571325 0.000229255 0.000573546 0.999961 -0.00882287 -0.000224236 0.00882313 0.999961 -0.0326338 0.357 0.193245
FixedParameters: 0 0 0

#Transform 135
Transform: AffineTransform_float_3_3
Parameters: 0.999999 -0.000761557 -0.000285572 0.000759682 0.999959 -0.00896021 0.00029234 0.00895977 0.99996 -0.0180488 0.331759 0.200412
FixedParameters: 0 0 0

#Transform 136
Transform: AffineTransform_float_3_3
Parameters: 1 -0.000536559 -0.0003978 0.000532546 0.999959 -0.00903122 0.000402591 0.00903079 0.999959 -0.00615431 0.34796 0.185259
FixedParameters: 0 0 0

#Transform 137
Transform: AffineTransform_float_3_3
Parameters: 1 -0.000507143 -4.89749e-06 0.0005062 0.999965 -0.00834101 9.31013e-06 0.008341 0.999965 -0.0168116 0.313737 0.198392
FixedParameters: 0 0 0

#Transform 138
Transform: AffineTransform_float_3_3
Parameters: 1 -0.000561935 -0.000274399 0.000559943 0.999955 -0.00939115 0.00028007 0.00939084 0.999956 -0.00536816 0.349327 0.205523
FixedParameters: 0 0 0

#Transform 139
Transform: AffineTransform_float_3_3
Parameters: 1 -0.000537405 -0.000231496 0.000535191 0.999955 -0.00946113 0.000236736 0.00946088 0.999955 -0.0129105 0.365908 0.199881
FixedParameters: 0 0 0

#Transform 140
Transform: AffineTransform_float_3_3
Parameters: 0.999999 -0.000540998 -0.000502931 0.000535981 0.999957 -0.00918427 0.000507003 0.00918372 0.999957 -0.00210925 0.333168 0.216104
FixedParameters: 0 0 0

#Transform 141
Transform: AffineTransform_float_3_3
Parameters: 1 -0.000546913 -0.000216809 0.000545026 0.999955 -0.00946712 0.000221239 0.00946688 0.999955 -0.0138949 0.348028 0.212167
FixedParameters: 0 0 0

#Transform 142
Transform: AffineTransform_float_3_3
Parameters: 1 -0.000580489 -0.000204514 0.000578513 0.999947 -0.0102071 0.000210437 0.0102069 0.999948 -0.0154774 0.379387 0.211378
FixedParameters: 0 0 0

#Transform 143
Transform: AffineTransform_float_3_3
Parameters: 0.999999 -0.000875148 -0.000219408 0.000871989 0.999948 -0.0101642 0.000228218 0.0101638 0.999949 -0.0241986 0.377941 0.222687
FixedParameters: 0 0 0

#Transform 144
Transform: AffineTransform_float_3_3
Parameters: 0.999999 -0.000783658 -0.000647722 0.000777974 0.99995 -0.00999451 0.000655643 0.00999349 0.99995 -0.00414918 0.385737 0.249425
FixedParameters: 0 0 0

#Transform 145
Transform: AffineTransform_float_3_3
Parameters: 1 -0.000519996 -0.000222168 0.00051738 0.999941 -0.0108421 0.000227508 0.0108419 0.999941 -0.0127577 0.412106 0.282028
FixedParameters: 0 0 0

#Transform 146
Transform: AffineTransform_float_3_3
Parameters: 0.999999 -0.000788274 -3.49951e-05 0.000787782 0.999942 -0.010674 4.3826e-05 0.010674 0.999943 -0.0289693 0.403063 0.316782
FixedParameters: 0 0 0

#Transform 147
Transform: AffineTransform_float_3_3
Parameters: 0.999999 -0.00075903 -0.000229465 0.00075602 0.999933 -0.0115512 0.000238062 0.0115508 0.999934 -0.00589218 0.441256 0.303202
FixedParameters: 0 0 0

#Transform 148
Transform: AffineTransform_float_3_3
Parameters: 1 -0.000520177 -0.000221742 0.000517193 0.999932 -0.0116611 0.000227932 0.0116609 0.999932 -0.00939372 0.441953 0.306614
FixedParameters: 0 0 0

#Transform 149
Transform: AffineTransform_float_3_3
Parameters: 1 -0.000517024 -0.000319725 0.00051385 0.999932 -0.0115962 0.00032486 0.0115958 0.999932 -0.00427265 0.430793 0.329309
FixedParameters: 0 0 0

#Transform 150
Transform: AffineTransform_float_3_3
Parameters: 1 -0.000517286 -0.000315508 0.000513879 0.999927 -0.0120202 0.000322083 0.0120198 0.999927 -0.00340282 0.455726 0.338386
FixedParameters: 0 0 0

#Transform 151
Transform: AffineTransform_float_3_3
Parameters: 0.999999 -0.000505138 -0.000714958 0.000496179 0.999919 -0.0127124 0.000721087 0.0127126 0.999919 0.0154964 0.464867 0.304835
FixedParameters: 0 0 0

#Transform 152
Transform: AffineTransform_float_3_3
Parameters: 0.999999 -0.000314345 -0.000634129 0.000306803 0.999923 -0.0123902 0.000637179 0.0123898 0.999923 0.018286 0.431314 0.328756
FixedParameters: 0 0 0

#Transform 153
Transform: AffineTransform_float_3_3
Parameters: 0.999999 -0.000493877 -0.000727519 0.000485325 0.999916 -0.0128993 0.000733594 0.0128996 0.999916 0.0166217 0.472467 0.310966
FixedParameters: 0 0 0

#Transform 154
Transform: AffineTransform_float_3_3
Parameters: 1 -7.24845e-05 -0.000574482 6.44779e-05 0.999915 -0.01308 0.00057558 0.01308 0.999915 0.0266003 0.459355 0.33951
FixedParameters: 0 0 0

#Transform 155
Transform: AffineTransform_float_3_3
Parameters: 1 -0.000286762 -0.000409841 0.000280855 0.999909 -0.0134492 0.000413697 0.0134488 0.99991 0.00629354 0.473668 0.363177
FixedParameters: 0 0 0

#Transform 156
Transform: AffineTransform_float_3_3
Parameters: 1 -0.000465824 -0.00047823 0.000459089 0.999908 -0.0135452 0.000484027 0.0135448 0.999908 -0.000564914 0.49223 0.355247
FixedParameters: 0 0 0

#Transform 157
Transform: AffineTransform_float_3_3
Parameters: 1 -7.979e-05 -0.000244472 7.69686e-05 0.999902 -0.013993 0.000245841 0.013993 0.999902 0.00232674 0.514157 0.390202
FixedParameters: 0 0 0

#Transform 158
Transform: AffineTransform_float_3_3
Parameters: 1 -0.00030542 -0.000390344 0.000299904 0.999908 -0.0136101 0.000394805 0.0136099 0.999908 0.000995017 0.496784 0.339344
FixedParameters: 0 0 0

#Transform 159
Transform: AffineTransform_float_3_3
Parameters: 1 -0.000511761 -0.000456296 0.00050506 0.9999 -0.0141272 0.00046393 0.0141268 0.9999 -0.00293509 0.513852 0.365336
FixedParameters: 0 0 0

#Transform 160
Transform: AffineTransform_float_3_3
Parameters: 1 -0.000419739 -0.00055078 0.000412749 0.999905 -0.0137652 0.000556595 0.0137648 0.999905 0.0105515 0.48791 0.345357
FixedParameters: 0 0 0

#Transform 161
Transform: AffineTransform_float_3_3
Parameters: 1 -0.000727514 -0.000834083 0.000714652 0.999886 -0.0151166 0.000844419 0.0151154 0.999886 0.00548889 0.500917 0.457277
FixedParameters: 0 0 0

#Transform 162
Transform: AffineTransform_float_3_3
Parameters: 1 -0.000698185 -0.000997068 0.000682662 0.999881 -0.0154537 0.00100807 0.0154533 0.99988 0.0129872 0.534593 0.442519
FixedParameters: 0 0 0

#Transform 163
Transform: AffineTransform_float_3_3
Parameters: 0.999999 -0.00046352 -0.00115204 0.000446544 0.999897 -0.0143945 0.00115885 0.0143945 0.999895 0.033654 0.472728 0.421767
FixedParameters: 0 0 0

#Transform 164
Transform: AffineTransform_float_3_3
Parameters: 0.999999 -0.000502302 -0.00121932 0.000484976 0.9999 -0.0141726 0.00122607 0.0141724 0.999899 0.0406425 0.491505 0.410724
FixedParameters: 0 0 0

#Transform 165
Transform: AffineTransform_float_3_3
Parameters: 0.999999 -0.000464639 -0.000937071 0.000451252 0.999899 -0.0142164 0.000942666 0.0142156 0.999898 0.0232301 0.467612 0.383356
FixedParameters: 0 0 0

#Transform 166
Transform: AffineTransform_float_3_3
Parameters: 0.999999 -0.000466775 -0.000895605 0.000452628 0.999883 -0.0152535 0.000903204 0.0152535 0.999884 0.0111066 0.50796 0.438824
FixedParameters: 0 0 0

#Transform 167
Transform: AffineTransform_float_3_3
Parameters: 1 -0.000463411 -0.00101554 0.000447521 0.999883 -0.0152945 0.00102313 0.0152935 0.999882 0.032463 0.531422 0.396077
FixedParameters: 0 0 0

#Transform 168
Transform: AffineTransform_float_3_3
Parameters: 0.999999 -0.000466816 -0.000875894 0.000453336 0.999892 -0.0146534 0.000882908 0.0146525 0.999893 0.0285288 0.497798 0.386987
FixedParameters: 0 0 0

#Transform 169
Transform: AffineTransform_float_3_3
Parameters: 1 -0.000462911 -0.00103846 0.000447071 0.99988 -0.0154395 0.00104522 0.0154395 0.999881 0.0259452 0.506061 0.445342
FixedParameters: 0 0 0

#Transform 170
Transform: AffineTransform_float_3_3
Parameters: 1 -0.000462489 -0.00105642 0.000445923 0.99988 -0.0155205 0.00106322 0.0155205 0.999879 0.0237411 0.519763 0.429772
FixedParameters: 0 0 0

#Transform 171
Transform: AffineTransform_float_3_3
Parameters: 0.999999 -0.000457359 -0.00124429 0.000437646 0.999877 -0.0156456 0.00125113 0.0156444 0.999877 0.0275172 0.525455 0.422048
FixedParameters: 0 0 0

#Transform 172
Transform: AffineTransform_float_3_3
Parameters: 0.999999 -0.000470921 -0.000763412 0.000459053 0.999876 -0.0157784 0.000770617 0.0157777 0.999875 -0.0036823 0.528235 0.46843
FixedParameters: 0 0 0

#Transform 173
Transform: AffineTransform_float_3_3
Parameters: 0.999999 -0.000457051 -0.00127408 0.000436334 0.999871 -0.0160616 0.00128131 0.0160614 0.99987 0.0173788 0.571507 0.465348
FixedParameters: 0 0 0

#Transform 174
Transform: AffineTransform_float_3_3
Parameters: 1 -0.000229524 -0.00116984 0.000210672 0.999876 -0.0157923 0.00117358 0.0157917 0.999874 0.0345633 0.52582 0.506452
FixedParameters: 0 0 0

#Transform 175
Transform: AffineTransform_float_3_3
Parameters: 1 -0.000461681 -0.00109627 0.000444236 0.999875 -0.0158105 0.00110334 0.0158095 0.999875 0.0230721 0.545788 0.469674
FixedParameters: 0 0 0

#Transform 176
Transform: AffineTransform_float_3_3
Parameters: 1 -0.000465671 -0.000958249 0.000450288 0.999873 -0.0159665 0.000965536 0.0159666 0.999872 0.0291306 0.536851 0.446182
FixedParameters: 0 0 0

#Transform 177
Transform: AffineTransform_float_3_3
Parameters: 0.999999 -0.00047545 -0.000605372 0.00046531 0.999872 -0.0159903 0.000612816 0.0159907 0.999872 0.00510871 0.536989 0.460326
FixedParameters: 0 0 0

#Transform 178
Transform: AffineTransform_float_3_3
Parameters: 0.999999 -0.000668037 -0.00109387 0.00065031 0.999871 -0.0160058 0.00110473 0.0160042 0.999872 0.0134178 0.548392 0.472596
FixedParameters: 0 0 0

#Transform 179
Transform: AffineTransform_float_3_3
Parameters: 0.999999 -0.000472173 -0.0007253 0.000460115 0.999871 -0.0160453 0.000732747 0.0160447 0.999871 0.0149623 0.558815 0.458453
FixedParameters: 0 0 0

#Transform 180
Transform: AffineTransform_float_3_3
Parameters: 1 -0.000893323 -0.000822195 0.000879013 0.999857 -0.0168757 0.000836688 0.0168753 0.999858 -0.0024897 0.573034 0.478929
FixedParameters: 0 0 0

#Transform 181
Transform: AffineTransform_float_3_3
Parameters: 0.999999 -0.000692701 -0.000511935 0.000684508 0.999885 -0.0151494 0.000522116 0.0151486 0.999885 -0.00468057 0.503088 0.439223
FixedParameters: 0 0 0

#Transform 182
Transform: AffineTransform_float_3_3
Parameters: 0.999999 -0.000869354 -0.000992976 0.000852987 0.999864 -0.0164719 0.00100806 0.0164711 0.999864 0.00837704 0.545128 0.465534
FixedParameters: 0 0 0

#Transform 183
Transform: AffineTransform_float_3_3
Parameters: 0.999999 -0.000946864 -0.000801654 0.000933335 0.999857 -0.0168398 0.000816901 0.0168392 0.999858 0.00421308 0.571571 0.478055
FixedParameters: 0 0 0

#Transform 184
Transform: AffineTransform_float_3_3
Parameters: 1 -0.000655808 -0.000975835 0.000640874 0.999879 -0.0154987 0.000985597 0.0154973 0.99988 0.020554 0.511198 0.472844
FixedParameters: 0 0 0

#Transform 185
Transform: AffineTransform_float_3_3
Parameters: 0.999999 -0.000643977 -0.00108968 0.000625738 0.999859 -0.0167817 0.00109979 0.0167813 0.999858 0.0245227 0.553663 0.512948
FixedParameters: 0 0 0

#Transform 186
Transform: AffineTransform_float_3_3
Parameters: 0.999998 -0.000731896 -0.00143266 0.000709006 0.99987 -0.016142 0.00144393 0.016141 0.999868 0.0318299 0.528327 0.459172
FixedParameters: 0 0 0

#Transform 187
Transform: AffineTransform_float_3_3
Parameters: 0.999999 -0.000568521 -0.00138399 0.000546393 0.999866 -0.0163978 0.00139329 0.0163962 0.999864 0.0410699 0.534386 0.478574
FixedParameters: 0 0 0

#Transform 188
Transform: AffineTransform_float_3_3
Parameters: 1 -0.000463066 -0.00105222 0.000445692 0.999873 -0.0159615 0.00105943 0.0159615 0.999872 0.0311308 0.533948 0.489164
FixedParameters: 0 0 0

#Transform 189
Transform: AffineTransform_float_3_3
Parameters: 0.999998 -0.000446722 -0.00163703 0.000419989 0.999874 -0.0158668 0.00164388 0.0158652 0.999873 0.0505975 0.505779 0.462726
FixedParameters: 0 0 0

#Transform 190
Transform: AffineTransform_float_3_3
Parameters: 0.999999 -0.000450337 -0.00151402 0.000426106 0.999872 -0.0159977 0.0015211 0.0159973 0.999871 0.0514115 0.510577 0.476508
FixedParameters: 0 0 0

#Transform 191
Transform: AffineTransform_float_3_3
Parameters: 0.999999 -0.000455246 -0.00136184 0.000432455 0.999864 -0.0165186 0.00136947 0.0165174 0.999862 0.0477372 0.54668 0.510514
FixedParameters: 0 0 0

#Transform 192
Transform: AffineTransform_float_3_3
Parameters: 0.999999 -0.000811565 -0.00159387 0.000785341 0.999868 -0.0161873 0.00160683 0.0161857 0.999867 0.0367007 0.518616 0.475779
FixedParameters: 0 0 0
