# transform file /out/sourcedata/freesurfer/sub-v1s22x0050500_ses-1/mri/transforms/cc_up.lta
# created by oesteban on Mon Mar  9 17:00:32 2026

type      = 0 # LINEAR_VOX_TO_VOX
nxforms   = 1
mean      = 127.0000 114.0000 114.0000
sigma     = 10000.0000
1 4 4
9.910669922828674e-01 -2.968109329231083e-04 -1.333654224872589e-01 1.535030269622803e+01 
2.941595157608390e-04 1.000000000000000e+00 -3.958431989303790e-05 3.396656036376953e+01 
1.333654224872589e-01 3.637979240772582e-12 9.910669922828674e-01 6.890831947326660e+00 
0.000000000000000e+00 0.000000000000000e+00 0.000000000000000e+00 1.000000000000000e+00 
src volume info
valid = 1  # volume info valid
filename = /out/sourcedata/freesurfer/sub-v1s22x0050500_ses-1/mri/norm.mgz
volume = 256 256 256
voxelsize = 1.000000000000000e+00 1.000000000000000e+00 1.000000000000000e+00
xras   = -1.000000000000000e+00 0.000000000000000e+00 0.000000000000000e+00
yras   = 0.000000000000000e+00 0.000000000000000e+00 -1.000000000000000e+00
zras   = 0.000000000000000e+00 1.000000000000000e+00 0.000000000000000e+00
cras   = 5.991821289062500e-01 1.816333007812500e+01 3.554244995117188e+00
dst volume info
valid = 1  # volume info valid
filename = /out/sourcedata/freesurfer/sub-v1s22x0050500_ses-1/mri/norm.mgz
volume = 256 256 256
voxelsize = 1.000000000000000e+00 1.000000000000000e+00 1.000000000000000e+00
xras   = -1.000000000000000e+00 0.000000000000000e+00 0.000000000000000e+00
yras   = 0.000000000000000e+00 0.000000000000000e+00 -1.000000000000000e+00
zras   = 0.000000000000000e+00 1.000000000000000e+00 0.000000000000000e+00
cras   = 5.991821289062500e-01 1.816333007812500e+01 3.554244995117188e+00
