#Insight Transform File V1.0
#Transform 0
Transform: AffineTransform_float_3_3
Parameters: 0.999999 0.000476272 0.00131675 -0.000488538 0.999955 0.00949223 -0.00131195 -0.00949376 0.999954 0.0727967 0.0571015 0.270338
FixedParameters: 0 0 0

#Transform 1
Transform: AffineTransform_float_3_3
Parameters: 1 0.000459422 0.000374472 -0.000462083 0.999977 0.00676183 -0.00037095 -0.00676217 0.999977 0.0685186 0.0589116 0.0442503
FixedParameters: 0 0 0

#Transform 2
Transform: AffineTransform_float_3_3
Parameters: 1 0.000438041 2.30806e-05 -0.000438928 0.999977 0.00673499 -2.028e-05 -0.00673501 0.999978 0.0617238 0.0531381 -0.0555871
FixedParameters: 0 0 0

#Transform 3
Transform: AffineTransform_float_3_3
Parameters: 1 0.00023523 0.00040449 -0.000238233 0.99998 0.0063439 -0.000402213 -0.00634409 0.99998 0.0430379 0.0143639 -0.209226
FixedParameters: 0 0 0

#Transform 4
Transform: AffineTransform_float_3_3
Parameters: 1 0.000670366 0.000188533 -0.000672117 0.999981 0.00611388 -0.00018429 -0.00611413 0.999982 0.0589801 -0.0555677 -0.0466949
FixedParameters: 0 0 0

#Transform 5
Transform: AffineTransform_float_3_3
Parameters: 1 0.000403327 0.00015021 -0.000404295 0.999993 0.00368694 -0.000148224 -0.00368706 0.999993 0.0285804 -0.0299735 -0.242042
FixedParameters: 0 0 0

#Transform 6
Transform: AffineTransform_float_3_3
Parameters: 0.999999 0.000893112 -0.000250422 -0.000892265 0.999994 0.00312122 0.000253879 -0.00312077 0.999995 0.0593432 0.0470577 0.00503015
FixedParameters: 0 0 0

#Transform 7
Transform: AffineTransform_float_3_3
Parameters: 1 0.000355468 -0.000323524 -0.000353584 0.999991 0.00422713 0.000325398 -0.00422787 0.999991 0.0533989 0.159151 -0.00971883
FixedParameters: 0 0 0

#Transform 8
Transform: AffineTransform_float_3_3
Parameters: 1 0.000454803 -0.000214525 -0.000454259 0.999986 0.00523912 0.000217041 -0.00523989 0.999986 0.0563589 0.170075 -0.023524
FixedParameters: 0 0 0

#Transform 9
Transform: AffineTransform_float_3_3
Parameters: 0.999999 0.00085757 0.00017936 -0.000858541 0.999992 0.00385098 -0.000175725 -0.00385102 0.999992 0.0389324 -0.0581773 -0.0087521
FixedParameters: 0 0 0

#Transform 10
Transform: AffineTransform_float_3_3
Parameters: 0.999999 0.000848312 -1.27483e-05 -0.000848142 0.999998 0.00139301 1.41203e-05 -0.00139299 0.999999 0.0471751 -0.0679589 -0.043992
FixedParameters: 0 0 0

#Transform 11
Transform: AffineTransform_float_3_3
Parameters: 0.999999 0.000698568 0.000432311 -0.000700767 0.999991 0.0041627 -0.000429327 -0.0041633 0.999991 0.0606476 -0.0496006 0.073051
FixedParameters: 0 0 0

#Transform 12
Transform: AffineTransform_float_3_3
Parameters: 1 0.00038859 0.000189406 -0.00038936 0.999983 0.00572092 -0.000187797 -0.00572107 0.999983 0.0550896 -0.0506917 -0.00744963
FixedParameters: 0 0 0

#Transform 13
Transform: AffineTransform_float_3_3
Parameters: 0.999999 0.000922832 -9.05977e-05 -0.000922783 0.999993 0.00348808 9.39293e-05 -0.00348791 0.999994 0.0597858 -0.0255239 -0.00902738
FixedParameters: 0 0 0

#Transform 14
Transform: AffineTransform_float_3_3
Parameters: 0.999997 0.00199984 0.00183011 -0.00199909 0.999998 -0.000207581 -0.00183093 0.000203418 0.999998 0.0471039 -0.0198856 0.0701096
FixedParameters: 0 0 0

#Transform 15
Transform: AffineTransform_float_3_3
Parameters: 1 0.000560081 -0.000274566 -0.000559331 0.999999 -0.000439846 0.000274206 0.000440153 1 0.00402278 -0.0059575 0.0187842
FixedParameters: 0 0 0

#Transform 16
Transform: AffineTransform_float_3_3
Parameters: 1 0.00101839 0.000323334 -0.00101779 0.999999 -0.00113633 -0.000324656 0.00113567 1 0.0328561 0.0215442 0.0330055
FixedParameters: 0 0 0

#Transform 17
Transform: AffineTransform_float_3_3
Parameters: 0.999999 0.000726962 -0.000459289 -0.000728046 0.999997 -0.00211966 0.000457328 0.00212033 0.999997 0.0228873 0.000868854 0.00865117
FixedParameters: 0 0 0

#Transform 18
Transform: AffineTransform_float_3_3
Parameters: 1 0.000320134 -0.000171707 -0.000320759 0.999999 -0.00182595 0.000170537 0.00182606 0.999999 0.0018455 0.0332161 -0.0397897
FixedParameters: 0 0 0

#Transform 19
Transform: AffineTransform_float_3_3
Parameters: 1 0.000659093 5.79473e-05 -0.000659097 0.999999 -0.00110604 -5.8414e-05 0.00110596 1 0.00451853 -0.036367 -0.109644
FixedParameters: 0 0 0

#Transform 20
Transform: AffineTransform_float_3_3
Parameters: 1 0.000219967 3.75175e-05 -0.000219999 1 0.000429992 -3.73283e-05 -0.000430008 1 0.0116675 -0.0332383 -0.0338875
FixedParameters: 0 0 0

#Transform 21
Transform: AffineTransform_float_3_3
Parameters: 0.999999 0.00121512 -0.000183962 -0.00121547 0.999996 -0.00258665 0.00018078 0.00258735 0.999996 0.0263882 -0.0772566 0.0223671
FixedParameters: 0 0 0

#Transform 22
Transform: AffineTransform_float_3_3
Parameters: 0.999998 0.00133677 0.00089162 -0.00133059 0.999975 -0.00694808 -0.000900901 0.00694691 0.999975 0.0378411 -0.0384365 0.0980851
FixedParameters: 0 0 0

#Transform 23
Transform: AffineTransform_float_3_3
Parameters: 0.999999 0.000742713 -0.000483621 -0.000746534 0.999966 -0.00830265 0.000477864 0.00830336 0.999966 0.0202387 -0.0115865 0.105651
FixedParameters: 0 0 0

#Transform 24
Transform: AffineTransform_float_3_3
Parameters: 1 0.000525496 -5.03515e-05 -0.000525543 0.999978 -0.00662497 4.64941e-05 0.00662503 0.999978 -0.0110029 -0.0741341 0.139592
FixedParameters: 0 0 0

#Transform 25
Transform: AffineTransform_float_3_3
Parameters: 1 0.000242901 -8.57625e-05 -0.000242882 0.999988 -0.00493798 8.44872e-05 0.00493802 0.999988 -0.0145663 0.0807373 0.0985548
FixedParameters: 0 0 0

#Transform 26
Transform: AffineTransform_float_3_3
Parameters: 1 0.000262315 -0.000236463 -0.000262684 0.999989 -0.00470394 0.000235249 0.00470406 0.999989 -0.00594886 0.0487097 0.0715034
FixedParameters: 0 0 0

#Transform 27
Transform: AffineTransform_float_3_3
Parameters: 1 -0.000596127 -0.000205993 0.000595687 1 -0.00106512 0.000207262 0.00106488 1 -0.0454196 0.0356309 -0.0821088
FixedParameters: 0 0 0

#Transform 28
Transform: AffineTransform_float_3_3
Parameters: 1 -0.000155063 -0.000576193 0.000154292 0.999998 -0.00164424 0.000575842 0.00164476 0.999999 -0.0116723 -0.00270506 -0.0770549
FixedParameters: 0 0 0

#Transform 29
Transform: AffineTransform_float_3_3
Parameters: 0.999999 5.2692e-05 -0.000707169 -5.42946e-05 0.999999 -0.00183396 0.000707105 0.00183404 0.999998 -0.0168803 0.0351247 -0.0177133
FixedParameters: 0 0 0

#Transform 30
Transform: AffineTransform_float_3_3
Parameters: 1 4.90426e-05 -0.000281005 -5.01325e-05 0.999998 -0.00193999 0.000280813 0.00194001 0.999998 -0.0181769 -0.0394134 -0.0447882
FixedParameters: 0 0 0

#Transform 31
Transform: AffineTransform_float_3_3
Parameters: 1 0.000147685 -0.000671487 -0.000148621 0.999998 -0.0020739 0.000672128 0.0020741 0.999997 -0.00886086 0.0328373 -0.0329792
FixedParameters: 0 0 0

#Transform 32
Transform: AffineTransform_float_3_3
Parameters: 1 8.2996e-05 -0.000464152 -8.42116e-05 0.999997 -0.00237796 0.000463886 0.00237804 0.999997 -0.0202446 0.0166075 -0.0502469
FixedParameters: 0 0 0

#Transform 33
Transform: AffineTransform_float_3_3
Parameters: 1 0.000132649 -0.000111702 -0.000133153 0.999998 -0.00226399 0.0001111 0.00226402 0.999998 -0.0184066 0.0073356 -0.0749575
FixedParameters: 0 0 0

#Transform 34
Transform: AffineTransform_float_3_3
Parameters: 0.999999 0.000298526 -0.000652685 -0.000299239 0.999998 -0.0020658 0.000651715 0.00206619 0.999997 -0.0109796 -0.0341394 -0.0380485
FixedParameters: 0 0 0

#Transform 35
Transform: AffineTransform_float_3_3
Parameters: 1 0.000248712 -0.000614204 -0.000251049 0.999991 -0.00421785 0.000613484 0.00421815 0.999991 -0.0100111 -0.0245703 -0.0246442
FixedParameters: 0 0 0

#Transform 36
Transform: AffineTransform_float_3_3
Parameters: 1 -0.000101581 -0.000634529 0.00010038 0.999996 -0.0026132 0.00063433 0.0026128 0.999997 -0.0231405 0.0780712 -0.0294827
FixedParameters: 0 0 0

#Transform 37
Transform: AffineTransform_float_3_3
Parameters: 1 -2.53836e-06 -0.000564137 1.25469e-06 0.999998 -0.002016 0.000564277 0.002016 0.999998 -0.0199355 -0.00241654 -0.0513163
FixedParameters: 0 0 0

#Transform 38
Transform: AffineTransform_float_3_3
Parameters: 1 -0.000133798 -0.000329477 0.000133375 1 -0.000642044 0.000329648 0.000641956 0.999999 -0.0267605 0.00778803 -0.0991516
FixedParameters: 0 0 0

#Transform 39
Transform: AffineTransform_float_3_3
Parameters: 1 -0.00112703 5.5821e-05 0.00112631 0.999998 -0.00124994 -5.41278e-05 0.00125006 0.999999 -0.0613984 0.167826 -0.103269
FixedParameters: 0 0 0

#Transform 40
Transform: AffineTransform_float_3_3
Parameters: 1 5.57455e-06 -0.0011132 -1.20127e-05 0.999981 -0.00606812 0.00111303 0.00606788 0.999981 0.00319996 0.00538585 -0.0671194
FixedParameters: 0 0 0

#Transform 41
Transform: AffineTransform_float_3_3
Parameters: 0.999999 -0.00146046 -0.00107836 0.00145863 0.999998 -0.00143048 0.00108068 0.00142952 0.999998 -0.052912 0.345272 -0.138155
FixedParameters: 0 0 0

#Transform 42
Transform: AffineTransform_float_3_3
Parameters: 1 -0.000882186 -0.000819683 0.000881319 0.999999 -0.00121372 0.000820964 0.00121228 0.999999 -0.0327265 0.233824 -0.150456
FixedParameters: 0 0 0

#Transform 43
Transform: AffineTransform_float_3_3
Parameters: 0.999999 -0.000551579 -0.0012151 0.000548591 0.999998 -0.00215369 0.00121575 0.00215331 0.999997 -0.00820421 0.196254 -0.117764
FixedParameters: 0 0 0

#Transform 44
Transform: AffineTransform_float_3_3
Parameters: 0.999998 -0.00110624 -0.00128045 0.00110422 0.999998 -0.00166643 0.00128241 0.00166457 0.999998 -0.0238277 0.281931 -0.148361
FixedParameters: 0 0 0

#Transform 45
Transform: AffineTransform_float_3_3
Parameters: 0.999998 -0.00180184 -0.000602896 0.00180255 0.999998 0.000693159 0.000601387 -0.00069384 0.999999 -0.0694795 0.241291 -0.180043
FixedParameters: 0 0 0

#Transform 46
Transform: AffineTransform_float_3_3
Parameters: 0.999999 -0.000881091 -0.000541389 0.00088121 0.999999 0.000109523 0.000541195 -0.000110477 1 -0.0315621 0.125815 -0.103553
FixedParameters: 0 0 0

#Transform 47
Transform: AffineTransform_float_3_3
Parameters: 0.999999 -0.000519062 -0.000870961 0.000517465 0.999997 -0.00212958 0.000872441 0.00212842 0.999998 -0.0183991 0.0642568 -0.0670251
FixedParameters: 0 0 0

#Transform 48
Transform: AffineTransform_float_3_3
Parameters: 0.999999 -0.000108712 -0.00090886 0.00010681 0.999997 -0.00221023 0.000908609 0.00220977 0.999997 -0.00759499 -0.00829719 -0.0601436
FixedParameters: 0 0 0

#Transform 49
Transform: AffineTransform_float_3_3
Parameters: 0.999999 -0.000214886 -0.000923118 0.000213747 0.999999 -0.0012262 0.000922785 0.0012258 0.999999 -0.0107632 -0.00480415 -0.0640785
FixedParameters: 0 0 0

#Transform 50
Transform: AffineTransform_float_3_3
Parameters: 1 3.62781e-05 -0.000313936 -3.73962e-05 0.999988 -0.00493899 0.000313837 0.00493901 0.999988 -0.00151731 0.0431183 0.0427799
FixedParameters: 0 0 0

#Transform 51
Transform: AffineTransform_float_3_3
Parameters: 0.999999 -7.75765e-05 -0.000784305 7.31379e-05 0.999989 -0.00472206 0.000785413 0.00472194 0.999988 -0.0020709 0.0208147 -0.0960936
FixedParameters: 0 0 0

#Transform 52
Transform: AffineTransform_float_3_3
Parameters: 0.999999 0.00040293 -0.000719539 -0.000407167 0.999988 -0.00492769 0.000716935 0.0049273 0.999987 0.0156245 -0.00544101 -0.137649
FixedParameters: 0 0 0

#Transform 53
Transform: AffineTransform_float_3_3
Parameters: 0.999999 -0.000656438 -0.00115236 0.000654147 0.999998 -0.0019689 0.00115322 0.0019681 0.999998 -0.00485261 0.140149 -0.255919
FixedParameters: 0 0 0

#Transform 54
Transform: AffineTransform_float_3_3
Parameters: 1 -0.000984009 -0.000533896 0.000984075 1 6.16058e-05 0.000533774 -6.23942e-05 1 -0.0239834 0.248707 -0.200914
FixedParameters: 0 0 0

#Transform 55
Transform: AffineTransform_float_3_3
Parameters: 1 9.1073e-05 -5.55312e-05 -9.11911e-05 1 -0.001065 5.53371e-05 0.00106501 1 -0.0121306 0.0697288 -0.190165
FixedParameters: 0 0 0

#Transform 56
Transform: AffineTransform_float_3_3
Parameters: 1 -5.46042e-05 -0.000431693 5.40845e-05 0.999996 -0.00289602 0.000432273 0.00289598 0.999995 -0.0287056 0.0778656 -0.192388
FixedParameters: 0 0 0

#Transform 57
Transform: AffineTransform_float_3_3
Parameters: 1 0.000381853 -0.000138221 -0.000382279 0.999991 -0.00418495 0.000137138 0.00418505 0.999991 0.0305741 -0.0996789 -0.197681
FixedParameters: 0 0 0

#Transform 58
Transform: AffineTransform_float_3_3
Parameters: 1 0.00053381 0.000120303 -0.000533653 0.999999 -0.000649064 -0.000120996 0.000648935 1 0.016795 -0.0823494 -0.166421
FixedParameters: 0 0 0

#Transform 59
Transform: AffineTransform_float_3_3
Parameters: 0.999999 0.000475334 -0.000635326 -0.000477749 0.999992 -0.00414568 0.000632763 0.00414532 0.999991 0.0177157 -0.0761424 -0.133733
FixedParameters: 0 0 0

#Transform 60
Transform: AffineTransform_float_3_3
Parameters: 1 0.000399536 -0.000503085 -0.000401406 0.999989 -0.00455693 0.000501815 0.00455707 0.99999 0.0137936 -0.0656943 -0.170477
FixedParameters: 0 0 0

#Transform 61
Transform: AffineTransform_float_3_3
Parameters: 1 0.000921976 -0.000485538 -0.000933557 0.999664 -0.0259016 0.000461392 0.0259015 0.999665 0.0139785 -0.271565 -0.099016
FixedParameters: 0 0 0

#Transform 62
Transform: AffineTransform_float_3_3
Parameters: 0.999999 0.00126964 -0.00124752 -0.00131137 0.999437 -0.0335494 0.00120465 0.0335516 0.999436 0.0121398 -0.316393 -0.0575715
FixedParameters: 0 0 0

#Transform 63
Transform: AffineTransform_float_3_3
Parameters: 0.999985 0.00364973 -0.00403725 -0.00388734 0.998167 -0.0604035 0.00380984 0.0604185 0.998166 -0.0421717 -0.975893 0.180752
FixedParameters: 0 0 0

#Transform 64
Transform: AffineTransform_float_3_3
Parameters: 0.999983 0.00434833 -0.00388807 -0.00460592 0.997614 -0.0688782 0.00357926 0.0688948 0.997618 -0.029282 -1.04774 0.430647
FixedParameters: 0 0 0

#Transform 65
Transform: AffineTransform_float_3_3
Parameters: 0.999979 0.00442573 -0.00488529 -0.00471041 0.998196 -0.0598617 0.0046108 0.0598833 0.998195 0.00225821 -0.953962 0.27812
FixedParameters: 0 0 0

#Transform 66
Transform: AffineTransform_float_3_3
Parameters: 0.999992 0.00247321 -0.00306319 -0.00259599 0.999162 -0.0408338 0.00296031 0.0408412 0.999162 0.0381891 -0.541443 -0.0959747
FixedParameters: 0 0 0

#Transform 67
Transform: AffineTransform_float_3_3
Parameters: 0.999995 0.00135062 -0.00289256 -0.00141364 0.999757 -0.0220065 0.0028614 0.0220105 0.999754 0.0177612 -0.324439 -0.236934
FixedParameters: 0 0 0

#Transform 68
Transform: AffineTransform_float_3_3
Parameters: 0.999996 0.000945513 -0.00273183 -0.000986175 0.999889 -0.0148809 0.00271756 0.0148831 0.999886 0.00186203 -0.184348 -0.334681
FixedParameters: 0 0 0

#Transform 69
Transform: AffineTransform_float_3_3
Parameters: 0.999997 0.00100561 -0.00248383 -0.00104141 0.999893 -0.0145638 0.00246895 0.0145671 0.999891 0.00185639 -0.190747 -0.397917
FixedParameters: 0 0 0

#Transform 70
Transform: AffineTransform_float_3_3
Parameters: 0.999997 0.00081336 -0.00258349 -0.000851917 0.999884 -0.0151844 0.00257056 0.0151866 0.999882 -0.00480791 -0.20616 -0.391232
FixedParameters: 0 0 0

#Transform 71
Transform: AffineTransform_float_3_3
Parameters: 0.999997 0.000785642 -0.00252676 -0.000821418 0.999902 -0.0139853 0.00251599 0.0139876 0.999899 -0.000673943 -0.159702 -0.410393
FixedParameters: 0 0 0

#Transform 72
Transform: AffineTransform_float_3_3
Parameters: 0.999996 0.000775865 -0.0027481 -0.000818334 0.999881 -0.0153713 0.00273522 0.0153737 0.999878 8.52475e-05 -0.0659214 -0.373995
FixedParameters: 0 0 0

#Transform 73
Transform: AffineTransform_float_3_3
Parameters: 0.999995 0.000914264 -0.00299177 -0.000960568 0.999876 -0.0157157 0.00297671 0.0157193 0.999872 0.0130147 -0.105193 -0.28122
FixedParameters: 0 0 0

#Transform 74
Transform: AffineTransform_float_3_3
Parameters: 0.999995 0.00134574 -0.00282561 -0.00137664 0.999938 -0.0110256 0.00281085 0.0110294 0.999935 -0.0601068 -0.188234 -0.156499
FixedParameters: 0 0 0

#Transform 75
Transform: AffineTransform_float_3_3
Parameters: 0.999996 0.00110562 -0.00231755 -0.00112389 0.999967 -0.00803365 0.00230922 0.00803635 0.999965 -0.039711 -0.116696 -0.109065
FixedParameters: 0 0 0

#Transform 76
Transform: AffineTransform_float_3_3
Parameters: 0.999996 0.000870177 -0.002454 -0.000889377 0.999965 -0.0082592 0.00244634 0.00826079 0.999962 -0.000178871 -0.0410555 -0.167647
FixedParameters: 0 0 0

#Transform 77
Transform: AffineTransform_float_3_3
Parameters: 0.999997 0.000843393 -0.00226044 -0.00086445 0.999956 -0.00935031 0.00225233 0.00935268 0.999953 -0.0353442 -0.0478384 -0.16905
FixedParameters: 0 0 0

#Transform 78
Transform: AffineTransform_float_3_3
Parameters: 0.999998 0.000820366 -0.00207903 -0.000840062 0.999953 -0.00960152 0.00207082 0.00960347 0.999951 -0.0428214 -0.0758945 -0.189688
FixedParameters: 0 0 0

#Transform 79
Transform: AffineTransform_float_3_3
Parameters: 0.999998 0.000758362 -0.00158837 -0.000774243 0.999946 -0.0103899 0.00158077 0.0103911 0.999944 -0.0534191 -0.0856944 -0.227708
FixedParameters: 0 0 0

#Transform 80
Transform: AffineTransform_float_3_3
Parameters: 0.999999 0.000942163 -0.00159519 -0.00095918 0.999943 -0.0106266 0.00158529 0.0106284 0.999942 -0.0462038 -0.105191 -0.249761
FixedParameters: 0 0 0

#Transform 81
Transform: AffineTransform_float_3_3
Parameters: 0.999998 0.000746355 -0.00149429 -0.000762111 0.999943 -0.010672 0.00148639 0.010673 0.999942 -0.054607 -0.126618 -0.277407
FixedParameters: 0 0 0

#Transform 82
Transform: AffineTransform_float_3_3
Parameters: 0.999998 0.000680777 -0.00157871 -0.000696995 0.999947 -0.010286 0.00157174 0.010287 0.999946 -0.0564522 -0.0634217 -0.262297
FixedParameters: 0 0 0

#Transform 83
Transform: AffineTransform_float_3_3
Parameters: 0.999999 0.000934851 -0.00151313 -0.000950611 0.999948 -0.0101757 0.001503 0.0101763 0.999947 -0.0470375 -0.0924467 -0.314215
FixedParameters: 0 0 0

#Transform 84
Transform: AffineTransform_float_3_3
Parameters: 0.999999 0.000720277 -0.00127235 -0.000732181 0.999952 -0.00984308 0.00126585 0.00984492 0.99995 -0.0571974 -0.0928317 -0.315501
FixedParameters: 0 0 0

#Transform 85
Transform: AffineTransform_float_3_3
Parameters: 0.999999 0.00064279 -0.00140732 -0.000658954 0.999942 -0.0108172 0.00140017 0.0108178 0.999941 -0.0395585 -0.084068 -0.313584
FixedParameters: 0 0 0

#Transform 86
Transform: AffineTransform_float_3_3
Parameters: 0.999999 0.000732576 -0.00138955 -0.000747848 0.999936 -0.0113071 0.001381 0.0113079 0.999935 -0.0395175 -0.0974616 -0.318197
FixedParameters: 0 0 0

#Transform 87
Transform: AffineTransform_float_3_3
Parameters: 0.999999 0.000719259 -0.00127505 -0.000732732 0.999941 -0.0108352 0.00126725 0.0108358 0.999941 -0.0488272 -0.132086 -0.32111
FixedParameters: 0 0 0

#Transform 88
Transform: AffineTransform_float_3_3
Parameters: 0.999999 0.000732115 -0.00137816 -0.000746395 0.999943 -0.0106761 0.00137044 0.0106769 0.999942 -0.0309947 0.00805825 -0.249921
FixedParameters: 0 0 0

#Transform 89
Transform: AffineTransform_float_3_3
Parameters: 0.999998 0.000738 -0.00143423 -0.000753337 0.999935 -0.011323 0.00142567 0.0113239 0.999935 -0.038864 -0.0503833 -0.283837
FixedParameters: 0 0 0

#Transform 90
Transform: AffineTransform_float_3_3
Parameters: 0.999999 0.000834215 -0.00161572 -0.000851772 0.999939 -0.0110048 0.00160661 0.0110062 0.999938 -0.0294789 -0.0777761 -0.29912
FixedParameters: 0 0 0

#Transform 91
Transform: AffineTransform_float_3_3
Parameters: 0.999998 0.000781498 -0.00177906 -0.000799912 0.999944 -0.0105467 0.00177097 0.0105483 0.999942 -0.0345826 -0.0848338 -0.290395
FixedParameters: 0 0 0

#Transform 92
Transform: AffineTransform_float_3_3
Parameters: 0.999999 0.000362083 -0.00176204 -0.000380935 0.999943 -0.0106686 0.00175761 0.0106694 0.999942 -0.0505789 -0.066755 -0.320147
FixedParameters: 0 0 0

#Transform 93
Transform: AffineTransform_float_3_3
Parameters: 0.999998 0.000777185 -0.00174225 -0.000794439 0.999946 -0.0104358 0.00173444 0.0104373 0.999944 -0.0221348 -0.0856165 -0.294531
FixedParameters: 0 0 0

#Transform 94
Transform: AffineTransform_float_3_3
Parameters: 0.999999 0.000765719 -0.00164896 -0.000782032 0.999946 -0.0104398 0.00164126 0.0104412 0.999944 -0.0361452 -0.0855271 -0.294632
FixedParameters: 0 0 0

#Transform 95
Transform: AffineTransform_float_3_3
Parameters: 0.999999 0.000497528 -0.00170713 -0.000515232 0.999943 -0.0106004 0.00170188 0.0106016 0.999943 -0.0427884 -0.0667308 -0.29722
FixedParameters: 0 0 0

#Transform 96
Transform: AffineTransform_float_3_3
Parameters: 0.999998 0.000748148 -0.00151025 -0.000763559 0.999941 -0.010774 0.00150229 0.010775 0.99994 -0.0380021 -0.0829938 -0.282006
FixedParameters: 0 0 0

#Transform 97
Transform: AffineTransform_float_3_3
Parameters: 0.999998 0.000899875 -0.00139408 -0.000915521 0.999939 -0.0109578 0.00138423 0.0109591 0.999939 -0.0331322 -0.0943765 -0.187216
FixedParameters: 0 0 0

#Transform 98
Transform: AffineTransform_float_3_3
Parameters: 0.999998 0.00046193 -0.00202564 -0.000481568 0.999953 -0.00968531 0.00202113 0.00968669 0.999951 -0.0276695 0.00848522 -0.15962
FixedParameters: 0 0 0

#Transform 99
Transform: AffineTransform_float_3_3
Parameters: 0.999998 0.000607571 -0.00179072 -0.00062413 0.99996 -0.00895514 0.00178478 0.00895586 0.999958 -0.0105948 -0.0559591 -0.177194
FixedParameters: 0 0 0

#Transform 100
Transform: AffineTransform_float_3_3
Parameters: 0.999998 0.000569508 -0.00179476 -0.000581774 0.999976 -0.00694121 0.00179047 0.00694179 0.999974 -0.0045175 -0.0326601 -0.189777
FixedParameters: 0 0 0

#Transform 101
Transform: AffineTransform_float_3_3
Parameters: 0.999998 0.000334482 -0.00200794 -0.000349383 0.999973 -0.00738355 0.00200587 0.00738344 0.99997 -0.0144046 -0.0160336 -0.209365
FixedParameters: 0 0 0

#Transform 102
Transform: AffineTransform_float_3_3
Parameters: 0.999998 -0.000136318 -0.00188426 0.000125547 0.999981 -0.00611939 0.00188448 0.0061196 0.999979 -0.0333075 -0.0494526 -0.268487
FixedParameters: 0 0 0

#Transform 103
Transform: AffineTransform_float_3_3
Parameters: 0.999999 -0.000274611 -0.000808835 0.000275369 1 0.00108178 0.000808107 -0.00108222 0.999999 -0.0131294 -0.0809082 -0.0506181
FixedParameters: 0 0 0

#Transform 104
Transform: AffineTransform_float_3_3
Parameters: 1 -0.000675713 -0.00101371 0.000682612 0.999977 0.00674031 0.00100971 -0.00674169 0.999977 -0.008145 -0.0997955 -0.0507169
FixedParameters: 0 0 0

#Transform 105
Transform: AffineTransform_float_3_3
Parameters: 0.999999 -0.00109509 -0.000814305 0.00110462 0.999928 0.0119611 0.000800811 -0.0119619 0.999928 -0.0175545 -0.111663 -0.0666379
FixedParameters: 0 0 0

#Transform 106
Transform: AffineTransform_float_3_3
Parameters: 0.999999 -0.000605157 -0.000619003 0.000610373 0.999967 0.00808563 0.000614592 -0.00808638 0.999967 -0.0106492 -0.0387365 -0.06636
FixedParameters: 0 0 0

#Transform 107
Transform: AffineTransform_float_3_3
Parameters: 0.999999 -0.000959257 -0.0011648 0.000967409 0.999976 0.00694987 0.00115842 -0.00695114 0.999975 -0.01112 0.0687595 -0.0955767
FixedParameters: 0 0 0

#Transform 108
Transform: AffineTransform_float_3_3
Parameters: 1 -0.000514296 -0.000991064 0.000521026 0.999977 0.00673849 0.00098825 -0.00673951 0.999977 -0.00414223 -0.00319451 -0.0975319
FixedParameters: 0 0 0

#Transform 109
Transform: AffineTransform_float_3_3
Parameters: 1 -0.000488852 -0.000923568 0.000494997 0.999981 0.00623753 0.000919744 -0.00623747 0.99998 -0.00371729 -0.0199406 -0.127344
FixedParameters: 0 0 0

#Transform 110
Transform: AffineTransform_float_3_3
Parameters: 0.999999 -0.000385668 -0.000980445 0.000391074 0.999985 0.0054926 0.000978491 -0.00549239 0.999984 0.000665552 -0.0454249 -0.180413
FixedParameters: 0 0 0

#Transform 111
Transform: AffineTransform_float_3_3
Parameters: 0.999999 -0.000461264 -0.00139817 0.000465205 0.999995 0.00292222 0.00139691 -0.00292378 0.999994 -0.0178876 0.0267936 -0.342635
FixedParameters: 0 0 0

#Transform 112
Transform: AffineTransform_float_3_3
Parameters: 0.999998 -0.000447467 -0.00152302 0.000448517 0.999999 0.000713169 0.00152324 -0.000713831 0.999998 -0.0380281 -0.0298237 -0.182534
FixedParameters: 0 0 0

#Transform 113
Transform: AffineTransform_float_3_3
Parameters: 1 -0.000512633 -0.0010235 0.000514816 0.999997 0.00264946 0.00102236 -0.00264954 0.999996 -0.0179137 -0.039707 -0.149039
FixedParameters: 0 0 0

#Transform 114
Transform: AffineTransform_float_3_3
Parameters: 0.999999 -0.000263331 -0.00131349 0.000266994 0.999996 0.0025775 0.00131272 -0.0025775 0.999996 -0.0165846 -0.0893659 -0.16504
FixedParameters: 0 0 0

#Transform 115
Transform: AffineTransform_float_3_3
Parameters: 0.999999 -0.000423151 -0.00171781 0.000421847 1 -0.000379874 0.00171813 0.000379125 0.999998 -0.00930398 0.0323231 -0.109962
FixedParameters: 0 0 0

#Transform 116
Transform: AffineTransform_float_3_3
Parameters: 0.999998 -0.000627268 -0.0014582 0.000629139 0.999998 0.00175207 0.00145758 -0.00175293 0.999997 -0.0226389 0.0806751 -0.132122
FixedParameters: 0 0 0

#Transform 117
Transform: AffineTransform_float_3_3
Parameters: 0.999998 -0.000842828 -0.00136347 0.000844449 0.999999 0.00100583 0.00136263 -0.00100717 0.999998 -0.0441106 0.159946 -0.232338
FixedParameters: 0 0 0

#Transform 118
Transform: AffineTransform_float_3_3
Parameters: 0.999999 -0.000610074 -0.00108574 0.000610586 1 0.000692321 0.00108477 -0.00069268 0.999999 -0.0562367 0.0941136 -0.232845
FixedParameters: 0 0 0

#Transform 119
Transform: AffineTransform_float_3_3
Parameters: 1 -0.000376126 -0.000193936 0.000376442 0.999993 0.00372893 0.000191988 -0.00372907 0.999993 -0.0287818 -0.0191781 -0.115839
FixedParameters: 0 0 0

#Transform 120
Transform: AffineTransform_float_3_3
Parameters: 0.999997 -0.000649189 0.0021452 0.000619525 0.999904 0.0138941 -0.00215377 -0.0138929 0.999901 -0.00333624 -0.181624 -0.192683
FixedParameters: 0 0 0

#Transform 121
Transform: AffineTransform_float_3_3
Parameters: 0.999998 0.000195646 0.00187481 -0.000214245 0.999951 0.00989834 -0.00187333 -0.00989867 0.99995 0.0202104 -0.0997755 -0.200018
FixedParameters: 0 0 0

#Transform 122
Transform: AffineTransform_float_3_3
Parameters: 0.999998 -1.44913e-05 0.00167994 -2.01653e-06 0.999953 0.00971175 -0.00167993 -0.00971225 0.999952 0.0207122 -0.0941347 -0.15947
FixedParameters: 0 0 0

#Transform 123
Transform: AffineTransform_float_3_3
Parameters: 0.999999 3.13685e-05 0.00145394 -4.37594e-05 0.999962 0.0087848 -0.00145354 -0.00878421 0.999961 0.0273481 -0.111058 -0.147496
FixedParameters: 0 0 0

#Transform 124
Transform: AffineTransform_float_3_3
Parameters: 0.999999 4.40537e-05 0.00135069 -5.56091e-05 0.999962 0.00877993 -0.00135021 -0.00878007 0.99996 0.0250224 -0.129601 -0.135018
FixedParameters: 0 0 0

#Transform 125
Transform: AffineTransform_float_3_3
Parameters: 0.999999 7.47469e-05 0.00135506 -8.63689e-05 0.999962 0.00877789 -0.00135404 -0.00877811 0.99996 0.0286899 -0.10397 -0.137103
FixedParameters: 0 0 0

#Transform 126
Transform: AffineTransform_float_3_3
Parameters: 0.999999 -0.000103592 0.000915524 9.64124e-05 0.999966 0.00824909 -0.000916116 -0.0082489 0.999965 0.0267703 -0.093146 -0.165077
FixedParameters: 0 0 0

#Transform 127
Transform: AffineTransform_float_3_3
Parameters: 0.999999 -0.000124707 0.000912527 0.000117918 0.999971 0.00751798 -0.000913425 -0.00751802 0.999972 -0.00516558 -0.0475408 -0.316234
FixedParameters: 0 0 0

#Transform 128
Transform: AffineTransform_float_3_3
Parameters: 1 -0.00054093 0.00103842 0.000532763 0.999967 0.00802043 -0.00104286 -0.00801957 0.999968 -0.0471981 -0.0970406 -0.275376
FixedParameters: 0 0 0

#Transform 129
Transform: AffineTransform_float_3_3
Parameters: 0.999999 -0.000216654 0.000899568 0.000210207 0.999973 0.00736106 -0.000900793 -0.00736094 0.999973 -0.0281587 -0.0689034 -0.315997
FixedParameters: 0 0 0

#Transform 130
Transform: AffineTransform_float_3_3
Parameters: 0.999999 -0.000466622 0.000864167 0.000459546 0.999969 0.0078644 -0.000867551 -0.0078636 0.999968 -0.0146967 -0.119026 -0.341083
FixedParameters: 0 0 0

#Transform 131
Transform: AffineTransform_float_3_3
Parameters: 0.999999 -0.000249303 0.00089497 0.000241984 0.999973 0.00733022 -0.000896787 -0.00732978 0.999972 -0.0158291 -0.126501 -0.298904
FixedParameters: 0 0 0

#Transform 132
Transform: AffineTransform_float_3_3
Parameters: 0.999999 -0.000409172 0.0008723 0.00040202 0.99997 0.00783837 -0.000874759 -0.00783863 0.999969 -0.0196288 -0.108058 -0.306195
FixedParameters: 0 0 0

#Transform 133
Transform: AffineTransform_float_3_3
Parameters: 0.999999 -0.000368877 0.00087819 0.000362153 0.999975 0.00705432 -0.000880571 -0.00705368 0.999974 -0.0163508 -0.11792 -0.302949
FixedParameters: 0 0 0

#Transform 134
Transform: AffineTransform_float_3_3
Parameters: 0.999999 -0.000125508 0.00098613 0.000118585 0.999976 0.00702512 -0.000986919 -0.00702488 0.999975 -0.00849191 -0.139124 -0.305788
FixedParameters: 0 0 0

#Transform 135
Transform: AffineTransform_float_3_3
Parameters: 0.999999 -0.000204853 0.000728516 0.000199573 0.999971 0.00760815 -0.000729808 -0.00760785 0.999971 -0.00687461 -0.102242 -0.323807
FixedParameters: 0 0 0

#Transform 136
Transform: AffineTransform_float_3_3
Parameters: 0.999999 -0.000343149 0.000881803 0.00033634 0.999975 0.0070753 -0.000883835 -0.0070747 0.999974 -0.0061688 -0.0937288 -0.401274
FixedParameters: 0 0 0

#Transform 137
Transform: AffineTransform_float_3_3
Parameters: 1 -0.000579188 0.000848415 0.000571857 0.999972 0.0074965 -0.000852285 -0.00749649 0.999971 -0.0123019 -0.053665 -0.347711
FixedParameters: 0 0 0

#Transform 138
Transform: AffineTransform_float_3_3
Parameters: 0.999999 -0.000222895 0.000972409 0.000215346 0.999973 0.00737608 -0.000973724 -0.00737592 0.999973 0.00803679 -0.137866 -0.272725
FixedParameters: 0 0 0

#Transform 139
Transform: AffineTransform_float_3_3
Parameters: 0.999999 -0.000313038 0.000908992 0.000306125 0.999964 0.00855429 -0.000911116 -0.00855372 0.999963 -0.00115196 -0.132177 -0.222104
FixedParameters: 0 0 0

#Transform 140
Transform: AffineTransform_float_3_3
Parameters: 1 0.00025879 0.00118354 -0.000267 0.999975 0.00699055 -0.00118178 -0.00699144 0.999975 -0.00777135 -0.199383 -0.190855
FixedParameters: 0 0 0

#Transform 141
Transform: AffineTransform_float_3_3
Parameters: 0.999999 -0.000400956 0.00128742 0.000389955 0.999964 0.00839438 -0.00129062 -0.00839362 0.999964 -0.00455951 -0.0822902 -0.201817
FixedParameters: 0 0 0

#Transform 142
Transform: AffineTransform_float_3_3
Parameters: 1 0.000126285 0.000443545 -0.000128709 0.999987 0.00511994 -0.000442966 -0.00512005 0.999987 0.0265382 -0.0920583 -0.2444
FixedParameters: 0 0 0

#Transform 143
Transform: AffineTransform_float_3_3
Parameters: 1 0.00050284 3.53562e-05 -0.000502789 0.999995 0.00306498 -3.42564e-05 -0.00306502 0.999996 0.0444939 -0.0251095 -0.245708
FixedParameters: 0 0 0

#Transform 144
Transform: AffineTransform_float_3_3
Parameters: 1 0.000283687 2.15985e-05 -0.000283688 0.999995 0.00313099 -2.08132e-05 -0.00313101 0.999995 0.0361619 -0.0317881 -0.277511
FixedParameters: 0 0 0

#Transform 145
Transform: AffineTransform_float_3_3
Parameters: 1 8.15052e-05 -8.67577e-05 -8.1802e-05 0.999994 0.00325101 8.61651e-05 -0.00325099 0.999994 0.0280799 -0.0582503 -0.362316
FixedParameters: 0 0 0

#Transform 146
Transform: AffineTransform_float_3_3
Parameters: 1 4.38675e-05 0.000216992 -4.55661e-05 0.999993 0.00391699 -0.000216642 -0.00391701 0.999993 -0.00583595 -0.0711708 -0.402708
FixedParameters: 0 0 0

#Transform 147
Transform: AffineTransform_float_3_3
Parameters: 1 9.83417e-05 0.000452587 -0.000100808 0.999992 0.00382395 -0.000451693 -0.00382404 0.999992 -0.00884672 -0.0852085 -0.39077
FixedParameters: 0 0 0

#Transform 148
Transform: AffineTransform_float_3_3
Parameters: 1 -6.94854e-06 0.000160551 6.62868e-06 0.999991 0.004084 -0.000160474 -0.004084 0.999991 -0.00905194 -0.0849758 -0.414829
FixedParameters: 0 0 0

#Transform 149
Transform: AffineTransform_float_3_3
Parameters: 1 7.06431e-05 9.55173e-05 -7.14139e-05 0.999992 0.00404699 -9.49423e-05 -0.00404701 0.999992 -0.00912064 -0.0819293 -0.436405
FixedParameters: 0 0 0

#Transform 150
Transform: AffineTransform_float_3_3
Parameters: 1 0.000404822 -0.000213992 -0.000404125 0.999994 0.00361909 0.000215796 -0.00361892 0.999994 0.00107559 -0.2885 -0.471685
FixedParameters: 0 0 0

#Transform 151
Transform: AffineTransform_float_3_3
Parameters: 0.999998 0.00133222 -0.000859422 -0.00133665 0.999986 -0.00501684 0.00085264 0.00501816 0.999987 0.0533623 0.0948507 -0.263023
FixedParameters: 0 0 0

#Transform 152
Transform: AffineTransform_float_3_3
Parameters: 0.999999 0.000444601 -0.000666234 -0.00044809 0.999981 -0.0061527 0.000663385 0.0061533 0.999981 0.0400929 -0.035574 -0.327476
FixedParameters: 0 0 0

#Transform 153
Transform: AffineTransform_float_3_3
Parameters: 1 -1.82543e-05 -0.000573138 1.63965e-05 0.999995 -0.00334901 0.000573518 0.00334899 0.999994 0.00837517 -0.0497986 -0.347408
FixedParameters: 0 0 0

#Transform 154
Transform: AffineTransform_float_3_3
Parameters: 0.999999 0.000119408 -0.00143255 -0.000124499 0.999993 -0.00355397 0.00143135 0.00355502 0.999992 0.0201659 -0.0282685 -0.347335
FixedParameters: 0 0 0

#Transform 155
Transform: AffineTransform_float_3_3
Parameters: 0.999999 0.000176634 -0.0012174 -0.000181427 0.999992 -0.00400491 0.00121663 0.00400509 0.999991 0.0329955 -0.0284043 -0.305818
FixedParameters: 0 0 0

#Transform 156
Transform: AffineTransform_float_3_3
Parameters: 1 0.00021453 -0.00105321 -0.0002187 0.99999 -0.0043349 0.00105199 0.0043351 0.99999 0.0638097 0.00966162 -0.282999
FixedParameters: 0 0 0

#Transform 157
Transform: AffineTransform_float_3_3
Parameters: 1 0.000606964 -0.00096933 -0.000611766 0.99999 -0.00439141 0.000966488 0.00439259 0.99999 0.0698855 0.00207301 -0.387275
FixedParameters: 0 0 0

#Transform 158
Transform: AffineTransform_float_3_3
Parameters: 1 0.000237475 -0.00104421 -0.000241882 0.99999 -0.00442075 0.00104374 0.00442125 0.999989 0.056641 0.00302197 -0.385897
FixedParameters: 0 0 0

#Transform 159
Transform: AffineTransform_float_3_3
Parameters: 0.999999 0.000217866 -0.00090361 -0.000221811 0.999988 -0.00492893 0.000902104 0.00492907 0.999988 0.0540456 -0.0209825 -0.42185
FixedParameters: 0 0 0

#Transform 160
Transform: AffineTransform_float_3_3
Parameters: 0.999999 0.000183598 -0.00127802 -0.000189606 0.999989 -0.00467889 0.00127707 0.00467911 0.999988 0.0451267 0.00497254 -0.460557
FixedParameters: 0 0 0

#Transform 161
Transform: AffineTransform_float_3_3
Parameters: 1 0.000292337 -0.00115212 -0.000297462 0.999988 -0.00474979 0.00115111 0.00475021 0.999988 0.0336815 -0.0519229 -0.312273
FixedParameters: 0 0 0

#Transform 162
Transform: AffineTransform_float_3_3
Parameters: 1 9.38315e-05 -0.00117779 -9.63745e-05 0.999998 -0.00234189 0.00117774 0.00234211 0.999996 0.0449599 -0.00397056 -0.312715
FixedParameters: 0 0 0

#Transform 163
Transform: AffineTransform_float_3_3
Parameters: 0.999999 3.62713e-05 -0.000736552 -3.72176e-05 0.999998 -0.00198797 0.00073667 0.00198803 0.999998 0.0473531 -0.00584475 -0.31048
FixedParameters: 0 0 0

#Transform 164
Transform: AffineTransform_float_3_3
Parameters: 0.999999 5.96024e-05 -0.000919025 -6.15659e-05 0.999997 -0.00268595 0.000919097 0.00268606 0.999996 0.0486426 -0.00883817 -0.338008
FixedParameters: 0 0 0

#Transform 165
Transform: AffineTransform_float_3_3
Parameters: 0.999999 7.46987e-05 -0.00103604 -7.75471e-05 0.999996 -0.00287505 0.00103501 0.00287495 0.999996 0.0390538 0.0108578 -0.323364
FixedParameters: 0 0 0

#Transform 166
Transform: AffineTransform_float_3_3
Parameters: 1 0.000222306 -0.0009936 -0.000225455 0.999996 -0.00301476 0.000993638 0.00301424 0.999995 0.0542664 0.00872917 -0.340383
FixedParameters: 0 0 0

#Transform 167
Transform: AffineTransform_float_3_3
Parameters: 1 7.09312e-05 -0.00100929 -7.43078e-05 0.999995 -0.00314593 0.00100923 0.00314607 0.999994 0.0458203 0.0115873 -0.362703
FixedParameters: 0 0 0

#Transform 168
Transform: AffineTransform_float_3_3
Parameters: 1 7.84126e-05 -0.00106781 -8.14419e-05 0.999994 -0.00327505 0.00106781 0.00327495 0.999994 0.0396124 0.000161002 -0.34858
FixedParameters: 0 0 0

#Transform 169
Transform: AffineTransform_float_3_3
Parameters: 1 8.47803e-05 -0.0011174 -8.82996e-05 0.999995 -0.0033489 0.00111735 0.0033491 0.999994 0.0494524 0.0284951 -0.331961
FixedParameters: 0 0 0

#Transform 170
Transform: AffineTransform_float_3_3
Parameters: 1 7.64317e-05 -0.00104993 -7.96525e-05 0.999995 -0.00295005 0.00104987 0.00294995 0.999995 0.0313568 0.0291183 -0.324851
FixedParameters: 0 0 0

#Transform 171
Transform: AffineTransform_float_3_3
Parameters: 0.999998 -0.0011384 -0.00178103 0.00113296 0.999995 -0.00306506 0.00178469 0.00306294 0.999994 -0.0720657 0.155131 -0.274303
FixedParameters: 0 0 0

#Transform 172
Transform: AffineTransform_float_3_3
Parameters: 0.999999 -0.000248117 -0.00122907 0.000244031 0.999992 -0.00378545 0.00122962 0.00378555 0.999992 0.00232357 0.15746 -0.249622
FixedParameters: 0 0 0

#Transform 173
Transform: AffineTransform_float_3_3
Parameters: 0.999999 -5.70461e-05 -0.001783 5.01999e-05 0.999992 -0.00418023 0.00178352 0.00417977 0.999989 0.00181198 0.0686161 -0.27276
FixedParameters: 0 0 0

#Transform 174
Transform: AffineTransform_float_3_3
Parameters: 0.999999 0.000220167 -0.00146788 -0.000225895 0.999992 -0.0039778 0.0014669 0.0039782 0.999991 0.0160212 0.0730999 -0.269239
FixedParameters: 0 0 0

#Transform 175
Transform: AffineTransform_float_3_3
Parameters: 1 0.000287114 -0.00106714 -0.000293087 0.999987 -0.00506169 0.00106586 0.00506231 0.999986 0.0181455 0.0729501 -0.258939
FixedParameters: 0 0 0

#Transform 176
Transform: AffineTransform_float_3_3
Parameters: 0.999999 0.000195317 -0.00128458 -0.000201947 0.999989 -0.00484388 0.00128444 0.00484413 0.999988 0.0166673 0.0444352 -0.299583
FixedParameters: 0 0 0

#Transform 177
Transform: AffineTransform_float_3_3
Parameters: 1 7.10733e-05 -0.00103236 -7.62857e-05 0.999988 -0.00492506 0.00103229 0.00492495 0.999988 0.0145772 0.0514281 -0.301225
FixedParameters: 0 0 0

#Transform 178
Transform: AffineTransform_float_3_3
Parameters: 1 0.0001666 -0.00106345 -0.000171542 0.999987 -0.00512195 0.00106251 0.00512205 0.999987 0.0135443 0.0548719 -0.309436
FixedParameters: 0 0 0

#Transform 179
Transform: AffineTransform_float_3_3
Parameters: 0.999999 0.000189117 -0.001238 -0.000195578 0.999988 -0.00501376 0.00123686 0.00501424 0.999986 0.018553 0.0335645 -0.365626
FixedParameters: 0 0 0

#Transform 180
Transform: AffineTransform_float_3_3
Parameters: 0.999999 0.000213925 -0.00142838 -0.000220565 0.999988 -0.00475482 0.00142724 0.00475518 0.999987 0.0293115 0.0270039 -0.340987
FixedParameters: 0 0 0

#Transform 181
Transform: AffineTransform_float_3_3
Parameters: 0.999999 0.000290839 -0.0013065 -0.000295682 0.999992 -0.00413162 0.00130487 0.00413238 0.99999 0.023724 0.0666191 -0.293141
FixedParameters: 0 0 0

#Transform 182
Transform: AffineTransform_float_3_3
Parameters: 0.999999 0.000222887 -0.00149174 -0.000229523 0.999991 -0.00421879 0.00149062 0.00421921 0.99999 0.0373163 0.0585991 -0.317143
FixedParameters: 0 0 0

#Transform 183
Transform: AffineTransform_float_3_3
Parameters: 0.999999 0.000291273 -0.00148895 -0.000296538 0.999991 -0.00409983 0.00148746 0.00410018 0.999991 0.0386105 0.0323997 -0.330623
FixedParameters: 0 0 0

#Transform 184
Transform: AffineTransform_float_3_3
Parameters: 0.999999 0.000209497 -0.00138861 -0.000215404 0.999991 -0.00426984 0.00138759 0.00427016 0.99999 0.03653 0.0534686 -0.280657
FixedParameters: 0 0 0

#Transform 185
Transform: AffineTransform_float_3_3
Parameters: 1 0.000180297 -0.00116248 -0.000185286 0.999991 -0.00427892 0.00116158 0.00427908 0.99999 0.0254883 0.0545469 -0.257686
FixedParameters: 0 0 0

#Transform 186
Transform: AffineTransform_float_3_3
Parameters: 0.999999 0.000164127 -0.00103651 -0.000168854 0.999991 -0.00419483 0.00103565 0.00419517 0.99999 0.016799 0.039026 -0.331104
FixedParameters: 0 0 0

#Transform 187
Transform: AffineTransform_float_3_3
