# transform file /out/sourcedata/freesurfer/sub-v1s22x0050505_ses-1/mri/transforms/cc_up.lta
# created by oesteban on Mon Mar  9 17:03:29 2026

type      = 0 # LINEAR_VOX_TO_VOX
nxforms   = 1
mean      = 125.0000 105.0000 118.0000
sigma     = 10000.0000
1 4 4
9.962062239646912e-01 -7.673274725675583e-02 4.105253517627716e-02 7.230496406555176e+00 
7.666767388582230e-02 9.970517158508301e-01 3.159388201311231e-03 2.936548805236816e+01 
-4.117392748594284e-02 2.328306436538696e-10 9.991520643234253e-01 2.922681427001953e+01 
0.000000000000000e+00 0.000000000000000e+00 0.000000000000000e+00 1.000000000000000e+00 
src volume info
valid = 1  # volume info valid
filename = /out/sourcedata/freesurfer/sub-v1s22x0050505_ses-1/mri/norm.mgz
volume = 256 256 256
voxelsize = 1.000000000000000e+00 1.000000000000000e+00 1.000000000000000e+00
xras   = -1.000000000000000e+00 0.000000000000000e+00 -1.862645149230957e-09
yras   = 1.862645149230957e-09 0.000000000000000e+00 -1.000000000000000e+00
zras   = 0.000000000000000e+00 1.000000000000000e+00 0.000000000000000e+00
cras   = 4.483619689941406e+00 4.528196716308594e+01 -5.882133483886719e+00
dst volume info
valid = 1  # volume info valid
filename = /out/sourcedata/freesurfer/sub-v1s22x0050505_ses-1/mri/norm.mgz
volume = 256 256 256
voxelsize = 1.000000000000000e+00 1.000000000000000e+00 1.000000000000000e+00
xras   = -1.000000000000000e+00 0.000000000000000e+00 -1.862645149230957e-09
yras   = 1.862645149230957e-09 0.000000000000000e+00 -1.000000000000000e+00
zras   = 0.000000000000000e+00 1.000000000000000e+00 0.000000000000000e+00
cras   = 4.483619689941406e+00 4.528196716308594e+01 -5.882133483886719e+00
