# transform file transforms/talairach.lta
# created by oesteban on Mon Mar  9 16:08:24 2026

type      = 0 # LINEAR_VOX_TO_VOX
nxforms   = 1
mean      = 126.0000 107.0000 118.0000
sigma     = 10000.0000
1 4 4
1.009134650230408e+00 -8.244576305150986e-02 5.237337201833725e-02 1.376656174659729e+00 
6.597781926393509e-02 1.150507569313049e+00 1.428951025009155e-01 -2.491394042968750e+01 
-6.710567325353622e-02 -1.509305536746979e-01 9.497582912445068e-01 2.358684921264648e+01 
0.000000000000000e+00 0.000000000000000e+00 0.000000000000000e+00 1.000000000000000e+00 
src volume info
valid = 1  # volume info valid
filename = nu.mgz
volume = 256 256 256
voxelsize = 1.000000000000000e+00 1.000000000000000e+00 1.000000000000000e+00
xras   = -1.000000000000000e+00 0.000000000000000e+00 -1.862645149230957e-09
yras   = 1.862645149230957e-09 0.000000000000000e+00 -1.000000000000000e+00
zras   = 0.000000000000000e+00 1.000000000000000e+00 0.000000000000000e+00
cras   = 4.483619689941406e+00 4.528196716308594e+01 -5.882133483886719e+00
dst volume info
valid = 1  # volume info valid
filename = /opt/freesurfer/average/RB_all_2020-01-02.gca
volume = 256 256 256
voxelsize = 1.000000000000000e+00 1.000000000000000e+00 1.000000000000000e+00
xras   = -1.000000000000000e+00 0.000000000000000e+00 0.000000000000000e+00
yras   = 0.000000000000000e+00 0.000000000000000e+00 -1.000000000000000e+00
zras   = 0.000000000000000e+00 1.000000000000000e+00 0.000000000000000e+00
cras   = 0.000000000000000e+00 0.000000000000000e+00 0.000000000000000e+00
