#Insight Transform File V1.0
#Transform 0
Transform: AffineTransform_float_3_3
Parameters: 0.999999 0 -0.000723 0 1 0 0.000723 0 0.999999 0.0304413 0 0.0489214
FixedParameters: 0 0 0

#Transform 1
Transform: AffineTransform_float_3_3
Parameters: 1 0.000343163 -0.000367848 -0.000342838 1 0.000442126 0.000367152 -0.000442874 1 0.0194816 -0.0198692 0.0177491
FixedParameters: 0 0 0

#Transform 2
Transform: AffineTransform_float_3_3
Parameters: 1 0.00055 -0.000314 -0.00055 1 1.727e-07 0.000314 1.727e-07 1 0.0259997 0.00547709 0.0474468
FixedParameters: 0 0 0

#Transform 3
Transform: AffineTransform_float_3_3
Parameters: 1 0 -2.4e-05 0 1 0 2.4e-05 0 1 0.00785422 0 0.0313116
FixedParameters: 0 0 0

#Transform 4
Transform: AffineTransform_float_3_3
Parameters: 1 0.000240028 -0.000190964 -0.000239972 1 0.000149046 0.000191036 -0.000148954 1 0.0225979 -0.0346065 0.0397186
FixedParameters: 0 0 0

#Transform 5
Transform: AffineTransform_float_3_3
Parameters: 1 0.00047 -0.000255 -0.00047 1 1.1985e-07 0.000255 1.1985e-07 1 0.0283881 -0.0191942 0.0543809
FixedParameters: 0 0 0

#Transform 6
Transform: AffineTransform_float_3_3
Parameters: 1 5.70146e-05 -6.09863e-05 -5.69856e-05 1 0.000240003 6.00137e-05 -0.000239997 1 0.00631026 -0.027903 0.0334539
FixedParameters: 0 0 0

#Transform 7
Transform: AffineTransform_float_3_3
Parameters: 1 0.000275881 0.000291112 -0.000276118 1 0.00040692 -0.000290888 -0.00040708 1 -0.00751903 -0.0523666 0.0354941
FixedParameters: 0 0 0

#Transform 8
Transform: AffineTransform_float_3_3
Parameters: 1 -9.28e-09 0.000116 -9.28e-09 1 8e-05 -0.000116 -8e-05 1 -0.00847429 -0.00658413 0.0640337
FixedParameters: 0 0 0

#Transform 9
Transform: AffineTransform_float_3_3
Parameters: 1 0.000303972 -0.000320026 -0.000304027 1 -8.59027e-05 0.000319974 8.60973e-05 1 1.77801e-05 0.0378216 0.0507382
FixedParameters: 0 0 0

#Transform 10
Transform: AffineTransform_float_3_3
Parameters: 1 0.000271953 -0.000540023 -0.000272046 1 -8.58531e-05 0.000539976 8.61468e-05 1 0.012613 0.0368947 0.06698
FixedParameters: 0 0 0

#Transform 11
Transform: AffineTransform_float_3_3
Parameters: 1 -1.4528e-07 -0.00032 -1.4528e-07 1 -0.000454 0.00032 0.000454 1 -0.00238376 0.054572 0.0836872
FixedParameters: 0 0 0

#Transform 12
Transform: AffineTransform_float_3_3
Parameters: 1 -2.752e-08 -0.00032 -2.752e-08 1 -8.6e-05 0.00032 8.6e-05 1 -0.0075876 0.028175 0.058179
FixedParameters: 0 0 0

#Transform 13
Transform: AffineTransform_float_3_3
Parameters: 1 -2.898e-07 -0.000575 -2.898e-07 1 -0.000504 0.000575 0.000504 0.999999 0.00311237 0.0524619 0.0804626
FixedParameters: 0 0 0

#Transform 14
Transform: AffineTransform_float_3_3
Parameters: 1 -1.5584e-07 -0.00032 -1.5584e-07 1 -0.000487 0.00032 0.000487 1 -0.0266937 0.0451031 0.055455
FixedParameters: 0 0 0

#Transform 15
Transform: AffineTransform_float_3_3
Parameters: 0.999999 0.000601102 -0.000447863 -0.000600898 1 0.000227269 0.000448137 -0.000227731 1 0.00868876 -0.00146839 0.0680802
FixedParameters: 0 0 0

#Transform 16
Transform: AffineTransform_float_3_3
Parameters: 0.999999 0.000586851 -0.000471185 -0.000587148 1 -0.000314723 0.000471815 0.000315277 1 0.0131481 0.0412761 0.0473478
FixedParameters: 0 0 0

#Transform 17
Transform: AffineTransform_float_3_3
Parameters: 1 0.000333008 -0.000319992 -0.000332992 1 2.51066e-05 0.000320008 -2.48934e-05 1 0.00580126 0.00467908 0.0411114
FixedParameters: 0 0 0

#Transform 18
Transform: AffineTransform_float_3_3
Parameters: 1 0.000467876 0.000195298 -0.000468124 0.999999 0.000635908 -0.000194702 -0.000636091 1 -0.0104166 -0.0176223 0.0226998
FixedParameters: 0 0 0

#Transform 19
Transform: AffineTransform_float_3_3
Parameters: 1 0.000204006 -0.000258995 -0.000203994 1 2.50528e-05 0.000259005 -2.49472e-05 1 -0.00196246 0.0294583 0.0293703
FixedParameters: 0 0 0

#Transform 20
Transform: AffineTransform_float_3_3
Parameters: 1 0.000156008 -0.000319996 -0.000155992 1 2.50499e-05 0.000320004 -2.49501e-05 1 0.0157844 -0.0122854 0.00139904
FixedParameters: 0 0 0

#Transform 21
Transform: AffineTransform_float_3_3
Parameters: 1 0.000177973 -0.000320015 -0.000178027 1 -8.4943e-05 0.000319985 8.50569e-05 1 -0.00380657 0.00839217 0.0254014
FixedParameters: 0 0 0

#Transform 22
Transform: AffineTransform_float_3_3
Parameters: 1 8.69345e-05 -0.000212027 -8.70655e-05 1 -0.000308982 0.000211973 0.000309018 1 0.00592036 0.0181518 0.046434
FixedParameters: 0 0 0

#Transform 23
Transform: AffineTransform_float_3_3
Parameters: 1 0.000178046 -0.000319974 -0.000177954 1 0.000143057 0.000320025 -0.000142943 1 0.0101456 -0.00115628 0.0290007
FixedParameters: 0 0 0

#Transform 24
Transform: AffineTransform_float_3_3
Parameters: 1 0.000178008 -0.000319996 -0.000177992 1 2.5057e-05 0.000320004 -2.4943e-05 1 0.0156638 0.0160957 0.0317463
FixedParameters: 0 0 0

#Transform 25
Transform: AffineTransform_float_3_3
Parameters: 1 -9.50323e-05 -0.00031999 9.49677e-05 1 -0.00010103 0.00032001 0.00010097 1 0.00486661 0.0100381 0.0136077
FixedParameters: 0 0 0

#Transform 26
Transform: AffineTransform_float_3_3
Parameters: 1 0.000178025 -0.000161972 -0.000177975 1 0.000155029 0.000162028 -0.000154971 1 -7.07441e-05 -0.0174125 0.0233635
FixedParameters: 0 0 0

#Transform 27
Transform: AffineTransform_float_3_3
Parameters: 1 0.000178073 -0.000178928 -0.000177927 1 0.000406032 0.000179072 -0.000405968 1 0.0101838 -0.0122427 0.00911623
FixedParameters: 0 0 0

#Transform 28
Transform: AffineTransform_float_3_3
Parameters: 1 0.000178023 -0.000319987 -0.000177977 1 7.30569e-05 0.000320013 -7.2943e-05 1 0.0107014 0.0231629 0.0149489
FixedParameters: 0 0 0

#Transform 29
Transform: AffineTransform_float_3_3
Parameters: 1 0.000313012 -0.00018998 -0.000312988 1 6.30595e-05 0.00019002 -6.29405e-05 1 -0.000770861 0.0100643 0.0149768
FixedParameters: 0 0 0

#Transform 30
Transform: AffineTransform_float_3_3
Parameters: 1 0.000178027 -0.000165971 -0.000177973 1 0.00016103 0.000166029 -0.00016097 1 0.00244619 -0.00762868 0.0286496
FixedParameters: 0 0 0

#Transform 31
Transform: AffineTransform_float_3_3
Parameters: 1 -0.000189146 -0.000319914 0.000188854 1 -0.00045706 0.000320086 0.000456939 1 0.00192527 0.0437255 0.0478388
FixedParameters: 0 0 0

#Transform 32
Transform: AffineTransform_float_3_3
Parameters: 1 0.00017802 -0.000319989 -0.00017798 1 6.3057e-05 0.000320011 -6.2943e-05 1 0.00416414 0.00225353 0.0260344
FixedParameters: 0 0 0

#Transform 33
Transform: AffineTransform_float_3_3
Parameters: 1 -3.80092e-05 5.7994e-05 3.79908e-05 1 0.000159002 -5.8006e-05 -0.000158998 1 -0.0020295 -0.00446207 0.0281336
FixedParameters: 0 0 0

#Transform 34
Transform: AffineTransform_float_3_3
Parameters: 1 -6.49907e-05 -0.000147004 6.50093e-05 1 6.29904e-05 0.000146996 -6.30096e-05 1 -0.00398102 0.0109708 0.0393982
FixedParameters: 0 0 0

#Transform 35
Transform: AffineTransform_float_3_3
Parameters: 1 0.000178001 1.79906e-05 -0.000177999 1 -5.30032e-05 -1.80094e-05 5.29968e-05 1 -0.00452191 0.0243414 0.0521689
FixedParameters: 0 0 0

#Transform 36
Transform: AffineTransform_float_3_3
Parameters: 1 -0.000101997 -4.10064e-05 0.000102003 1 6.29958e-05 4.09936e-05 -6.30042e-05 1 -0.0132958 0.00847318 0.0524261
FixedParameters: 0 0 0

#Transform 37
Transform: AffineTransform_float_3_3
Parameters: 1 0.000178002 -3.69888e-05 -0.000177998 1 6.30066e-05 3.70112e-05 -6.29934e-05 1 0.00259396 0.00225314 0.0470939
FixedParameters: 0 0 0

#Transform 38
Transform: AffineTransform_float_3_3
Parameters: 1 0.000178 2.19968e-05 -0.000178 1 -1.80039e-05 -2.20032e-05 1.79961e-05 1 -0.00119012 0.00565589 0.05538
FixedParameters: 0 0 0

#Transform 39
Transform: AffineTransform_float_3_3
Parameters: 1 0.000177974 -6.70699e-05 -0.000178026 1 -0.000392988 6.693e-05 0.000393012 1 0.0012707 0.0529061 0.0708689
FixedParameters: 0 0 0

#Transform 40
Transform: AffineTransform_float_3_3
Parameters: 1 -0.000116992 -0.000127007 0.000117008 1 6.29851e-05 0.000126993 -6.30149e-05 1 -0.0126447 0.0220412 0.0486323
FixedParameters: 0 0 0

#Transform 41
Transform: AffineTransform_float_3_3
Parameters: 1 0.000128016 -0.000121983 -0.000127984 1 0.000135016 0.000122017 -0.000134984 1 -0.0286071 0.0239313 0.066663
FixedParameters: 0 0 0

#Transform 42
Transform: AffineTransform_float_3_3
Parameters: 1 0.000178008 -0.000121989 -0.000177992 1 6.30217e-05 0.000122011 -6.29783e-05 1 -0.0198064 0.00226102 0.0930739
FixedParameters: 0 0 0

#Transform 43
Transform: AffineTransform_float_3_3
Parameters: 1 0.000178035 -0.00012195 -0.000177965 1 0.000283022 0.00012205 -0.000282978 1 -0.00763039 -0.00705757 0.079101
FixedParameters: 0 0 0

#Transform 44
Transform: AffineTransform_float_3_3
Parameters: 1 0.000178029 -0.000121958 -0.000177971 1 0.000236022 0.000122042 -0.000235978 1 -0.0215815 -0.0050616 0.0750681
FixedParameters: 0 0 0

#Transform 45
Transform: AffineTransform_float_3_3
Parameters: 1 0.000178056 -0.000121918 -0.000177943 1 0.000463022 0.000122082 -0.000462978 1 -0.0241186 -0.000931935 0.0894374
FixedParameters: 0 0 0

#Transform 46
Transform: AffineTransform_float_3_3
Parameters: 1 -0.000152977 -0.000122029 0.000153023 1 0.000189981 0.000121971 -0.000190019 1 -0.0183239 0.0124172 0.0879045
FixedParameters: 0 0 0

#Transform 47
Transform: AffineTransform_float_3_3
Parameters: 1 -8.59985e-05 -0.000122001 8.60015e-05 1 1.19895e-05 0.000121999 -1.20105e-05 1 -0.00883435 0.00525187 0.084981
FixedParameters: 0 0 0

#Transform 48
Transform: AffineTransform_float_3_3
Parameters: 1 -0.000156971 -0.000122038 0.000157029 1 0.000238981 0.000121962 -0.000239019 1 -0.0098901 0.0204489 0.0946414
FixedParameters: 0 0 0

#Transform 49
Transform: AffineTransform_float_3_3
Parameters: 1 -0.000237999 1.60183e-05 0.000238001 1 -7.69962e-05 -1.59817e-05 7.70038e-05 1 -0.00855281 0.0332917 0.0941026
FixedParameters: 0 0 0

#Transform 50
Transform: AffineTransform_float_3_3
Parameters: 1 -0.000251007 0.000155989 0.000250993 1 4.30392e-05 -0.000156011 -4.29608e-05 1 -0.0146149 0.0283631 0.0798403
FixedParameters: 0 0 0

#Transform 51
Transform: AffineTransform_float_3_3
Parameters: 1 -0.000251048 8.58609e-05 0.000250952 1 0.000554021 -8.6139e-05 -0.000553978 1 -0.0145273 -0.00959917 0.0724391
FixedParameters: 0 0 0

#Transform 52
Transform: AffineTransform_float_3_3
Parameters: 1 -0.000251001 -1.19822e-05 0.000250999 1 -7.1003e-05 1.20178e-05 7.0997e-05 1 -0.0104179 0.0331079 0.0980468
FixedParameters: 0 0 0

#Transform 53
Transform: AffineTransform_float_3_3
Parameters: 1 -0.000251113 0.00025689 0.000250887 1 0.000439064 -0.00025711 -0.000438935 1 -0.0327693 0.011629 0.100152
FixedParameters: 0 0 0

#Transform 54
Transform: AffineTransform_float_3_3
Parameters: 1 -0.000251061 0.000172912 0.00025094 1 0.000351043 -0.000172088 -0.000350957 1 -0.025441 0.0377283 0.116351
FixedParameters: 0 0 0

#Transform 55
Transform: AffineTransform_float_3_3
Parameters: 0.999999 -0.000660005 0.000253987 0.000659995 1 2.01676e-05 -0.000254014 -2.08323e-05 1 -0.0340535 0.0675387 0.0927519
FixedParameters: 0 0 0

#Transform 56
Transform: AffineTransform_float_3_3
Parameters: 0.999999 -0.000660193 0.000533761 0.000659807 0.999999 0.000361352 -0.000534238 -0.000361647 1 -0.0543761 0.021135 0.0780076
FixedParameters: 0 0 0

#Transform 57
Transform: AffineTransform_float_3_3
Parameters: 0.999999 -0.000660016 0.000300965 0.000659984 1 5.31986e-05 -0.000301035 -5.38013e-05 1 -0.0339237 0.0479122 0.101535
FixedParameters: 0 0 0

#Transform 58
Transform: AffineTransform_float_3_3
Parameters: 1 -0.000513106 0.000357848 0.000512894 1 0.000296184 -0.000358152 -0.000295816 1 -0.0393312 0.0180988 0.0812891
FixedParameters: 0 0 0

#Transform 59
Transform: AffineTransform_float_3_3
Parameters: 1 -0.000416056 0.000279917 0.000416944 1 0.000199117 -0.000280083 -0.000198883 1 -0.0385779 0.0326354 0.113648
FixedParameters: 0 0 0

#Transform 60
Transform: AffineTransform_float_3_3
Parameters: 1 -0.000354964 0.000347037 0.000355036 1 -0.000103877 -0.000346963 0.000104123 1 -0.0332463 0.038912 0.115296
FixedParameters: 0 0 0

#Transform 61
Transform: AffineTransform_float_3_3
Parameters: 1 -0.000413134 0.000524894 0.000412865 1 0.000256217 -0.000525105 -0.000255783 1 -0.0359812 0.0384483 0.100069
FixedParameters: 0 0 0

#Transform 62
Transform: AffineTransform_float_3_3
Parameters: 1 -0.000413089 0.000346894 0.000412911 1 0.000256143 -0.000347106 -0.000255857 1 -0.0385797 0.0384552 0.107509
FixedParameters: 0 0 0

#Transform 63
Transform: AffineTransform_float_3_3
Parameters: 1 -0.000412939 0.00042306 0.000413061 1 -0.000144825 -0.00042294 0.000145175 1 -0.0190328 0.0553799 0.116622
FixedParameters: 0 0 0

#Transform 64
Transform: AffineTransform_float_3_3
Parameters: 1 -0.000632956 0.000194143 0.000633044 1 -0.000225877 -0.000193857 0.000226123 1 -0.0274829 0.0874585 0.11432
FixedParameters: 0 0 0

#Transform 65
Transform: AffineTransform_float_3_3
Parameters: 1 -0.00036708 0.000463937 0.000366921 1 0.00017117 -0.000464063 -0.00017183 1 -0.0346821 0.0249491 0.103831
FixedParameters: 0 0 0

#Transform 66
Transform: AffineTransform_float_3_3
Parameters: 0.999999 -0.000724005 6.19413e-05 0.000723995 0.999999 8.10448e-05 -6.20586e-05 -8.09551e-05 1 -0.026661 0.0430704 0.121083
FixedParameters: 0 0 0

#Transform 67
Transform: AffineTransform_float_3_3
Parameters: 0.999999 -0.00085389 0.000295316 0.000853108 0.999999 -0.000369748 -0.000294684 0.000370252 1 -0.0397439 0.0815782 0.141878
FixedParameters: 0 0 0

#Transform 68
Transform: AffineTransform_float_3_3
Parameters: 1 -0.000293842 0.000567081 0.000294157 1 -0.000277833 -0.000566918 0.000278167 1 -0.0492595 0.060437 0.121581
FixedParameters: 0 0 0

#Transform 69
Transform: AffineTransform_float_3_3
Parameters: 1 -0.000366995 8.50231e-05 0.000367005 1 -6.29688e-05 -8.49769e-05 6.30312e-05 1 -0.0341091 0.0516722 0.132963
FixedParameters: 0 0 0

#Transform 70
Transform: AffineTransform_float_3_3
Parameters: 1 -6.29794e-05 8.50152e-05 6.30206e-05 1 -0.000241995 -8.49847e-05 0.000242005 1 -0.0196206 0.0385808 0.138656
FixedParameters: 0 0 0

#Transform 71
Transform: AffineTransform_float_3_3
Parameters: 1 -6.27754e-05 0.000255055 6.32247e-05 1 -0.000880984 -0.000254944 0.000881016 0.999999 -0.026758 0.0811276 0.147088
FixedParameters: 0 0 0

#Transform 72
Transform: AffineTransform_float_3_3
Parameters: 1 -0.00027992 0.000137162 0.00027908 1 -0.000579962 -0.000137838 0.000580038 1 -0.0304826 0.0519506 0.135313
FixedParameters: 0 0 0

#Transform 73
Transform: AffineTransform_float_3_3
Parameters: 1 -0.000501064 -5.94614e-05 0.000500935 1 -0.00107503 6.05386e-05 0.00107497 1 -0.0311197 0.13176 0.156011
FixedParameters: 0 0 0

#Transform 74
Transform: AffineTransform_float_3_3
Parameters: 1 -0.000500859 0.000136517 0.00050114 1 -0.00103293 -0.000135482 0.00103307 1 -0.0222003 0.127825 0.147614
FixedParameters: 0 0 0

#Transform 75
Transform: AffineTransform_float_3_3
Parameters: 1 -0.000501083 -0.000114639 0.000500917 0.999999 -0.000721057 0.000115361 0.000720942 0.999999 -0.0287621 0.0696516 0.141874
FixedParameters: 0 0 0

#Transform 76
Transform: AffineTransform_float_3_3
Parameters: 1 -0.00031213 -0.000328877 0.00031187 1 -0.000395103 0.000329123 0.000394897 1 -0.0248711 0.0661774 0.161176
FixedParameters: 0 0 0

#Transform 77
Transform: AffineTransform_float_3_3
Parameters: 1 1.71723e-05 0.00028999 -1.68277e-05 1 -0.000594005 -0.00029001 0.000593995 1 -0.0289352 0.0524684 0.151866
FixedParameters: 0 0 0

#Transform 78
Transform: AffineTransform_float_3_3
Parameters: 1 -5.67984e-05 0.000290039 5.62015e-05 1 -0.000694983 -0.000289961 0.000695016 0.999999 -0.0177496 0.0670135 0.155917
FixedParameters: 0 0 0

#Transform 79
Transform: AffineTransform_float_3_3
Parameters: 1 -0.000238739 0.000290215 0.00023926 0.999999 -0.00089893 -0.000289785 0.000899068 0.999999 -0.0162882 0.0912964 0.147066
FixedParameters: 0 0 0

#Transform 80
Transform: AffineTransform_float_3_3
Parameters: 0.999999 -0.00011111 0.000923107 0.00011289 0.999999 -0.000964896 -0.000922891 0.000964103 0.999999 -0.0267583 0.0763518 0.15524
FixedParameters: 0 0 0

#Transform 81
Transform: AffineTransform_float_3_3
Parameters: 1 -0.000249586 0.000555186 0.000249413 0.999999 -0.000744861 -0.000554814 0.000745138 0.999999 -0.0147521 0.0743336 0.157078
FixedParameters: 0 0 0

#Transform 82
Transform: AffineTransform_float_3_3
Parameters: 1 -0.000272536 0.000568223 0.000272463 0.999999 -0.000815845 -0.000567778 0.000816155 1 -0.0120311 0.0696983 0.15529
FixedParameters: 0 0 0

#Transform 83
Transform: AffineTransform_float_3_3
Parameters: 1 -0.000272435 0.000576268 0.000272565 0.999999 -0.000980843 -0.000575733 0.000981157 1 -0.00528171 0.084332 0.166468
FixedParameters: 0 0 0

#Transform 84
Transform: AffineTransform_float_3_3
Parameters: 0.999999 -0.00062649 0.000516619 0.00062751 1 -0.000987677 -0.00051638 0.000988325 1 -0.0154822 0.0666837 0.18371
FixedParameters: 0 0 0

#Transform 85
Transform: AffineTransform_float_3_3
Parameters: 0.999999 -0.000900634 0.000291133 0.000900365 0.999999 -0.00125774 -0.000289868 0.00125726 0.999999 -0.013263 0.0980804 0.189803
FixedParameters: 0 0 0

#Transform 86
Transform: AffineTransform_float_3_3
Parameters: 1 -0.000900207 0.000569256 0.000900794 0.999998 -0.00139449 -0.000568745 0.00139451 0.999999 -0.0373566 0.103917 0.183094
FixedParameters: 0 0 0

#Transform 87
Transform: AffineTransform_float_3_3
Parameters: 1 -0.000484653 0.000290579 0.000485346 0.999999 -0.00119386 -0.000289421 0.00119414 0.999999 -0.0219359 0.0776148 0.188399
FixedParameters: 0 0 0

#Transform 88
Transform: AffineTransform_float_3_3
Parameters: 0.999999 -0.000900792 0.000174076 0.000901207 0.999999 -0.00119384 -0.000172924 0.00119416 1 -0.0337408 0.0954651 0.227447
FixedParameters: 0 0 0

#Transform 89
Transform: AffineTransform_float_3_3
Parameters: 0.999999 -0.000809653 0.000290967 0.000810347 0.999999 -0.00119376 -0.000290033 0.00119424 0.999999 -0.028505 0.0951382 0.209276
FixedParameters: 0 0 0

#Transform 90
Transform: AffineTransform_float_3_3
Parameters: 0.999999 -0.000773739 0.000383527 0.000774261 1 -0.000681703 -0.000382472 0.000681296 0.999999 -0.027865 0.0733964 0.16601
FixedParameters: 0 0 0

#Transform 91
Transform: AffineTransform_float_3_3
Parameters: 1 -0.000424941 0.000123203 0.000425058 1 -0.000476948 -0.000122797 0.000477052 1 -0.0105884 0.051925 0.185239
FixedParameters: 0 0 0

#Transform 92
Transform: AffineTransform_float_3_3
Parameters: 0.999999 -0.000789573 0.000291159 0.000790426 0.999998 -0.00146777 -0.00028984 0.00146823 0.999999 -0.00435914 0.125581 0.201606
FixedParameters: 0 0 0

#Transform 93
Transform: AffineTransform_float_3_3
Parameters: 0.999999 -0.000723722 0.000400502 0.000723277 0.999999 -0.00069371 -0.000399498 0.000694289 0.999999 -0.0272944 0.0631197 0.172397
FixedParameters: 0 0 0

#Transform 94
Transform: AffineTransform_float_3_3
Parameters: 0.999999 -0.000900624 0.000357946 0.000900375 0.999999 -0.00104968 -0.000357055 0.00105032 1 -0.0224975 0.126515 0.190925
FixedParameters: 0 0 0

#Transform 95
Transform: AffineTransform_float_3_3
Parameters: 0.999999 -0.000900488 0.000358287 0.00090051 0.999998 -0.00142868 -0.000356714 0.00142832 0.999999 -0.0237536 0.109653 0.181721
FixedParameters: 0 0 0

#Transform 96
Transform: AffineTransform_float_3_3
Parameters: 1 -0.00061305 -5.34274e-05 0.000612949 1 -0.000934033 5.45725e-05 0.000933967 0.999999 0.00512449 0.0802152 0.184591
FixedParameters: 0 0 0

#Transform 97
Transform: AffineTransform_float_3_3
Parameters: 0.999999 -0.000686541 0.000329956 0.000687459 0.999999 -0.00139277 -0.000329043 0.00139223 0.999999 -0.0149062 0.115704 0.204793
FixedParameters: 0 0 0

#Transform 98
Transform: AffineTransform_float_3_3
Parameters: 1 -0.000609457 0.000341969 0.000610543 0.999998 -0.00158979 -0.000341029 0.00159021 0.999998 -0.00450159 0.120076 0.194429
FixedParameters: 0 0 0

#Transform 99
Transform: AffineTransform_float_3_3
Parameters: 1 -0.000600643 0.000310692 0.000601357 0.999999 -0.00115081 -0.000310308 0.00115119 1 -0.00281797 0.0942297 0.211921
FixedParameters: 0 0 0

#Transform 100
Transform: AffineTransform_float_3_3
Parameters: 1 -0.000473118 -8.2323e-05 0.000473882 0.999999 -0.00143104 8.26782e-05 0.00143096 0.999999 -0.00681803 0.130675 0.245705
FixedParameters: 0 0 0

#Transform 101
Transform: AffineTransform_float_3_3
Parameters: 1 -0.000283143 -8.25117e-05 0.000282858 0.999999 -0.00172502 8.2488e-05 0.00172498 0.999998 -0.00552093 0.145731 0.217547
FixedParameters: 0 0 0

#Transform 102
Transform: AffineTransform_float_3_3
Parameters: 1 0.000148643 -0.000485109 -0.000149357 0.999999 -0.000735927 0.00048489 0.000736072 0.999999 0.0032476 0.0850168 0.231464
FixedParameters: 0 0 0

#Transform 103
Transform: AffineTransform_float_3_3
Parameters: 1 2.82076e-05 -0.000539042 -2.87923e-05 0.999999 -0.00146998 0.000538958 0.00147001 0.999999 0.0153683 0.15329 0.229359
FixedParameters: 0 0 0

#Transform 104
Transform: AffineTransform_float_3_3
Parameters: 1 -2.32573e-06 -0.000233997 2.67427e-06 0.999999 -0.001392 0.000234004 0.001392 0.999999 0.00122489 0.124542 0.242973
FixedParameters: 0 0 0

#Transform 105
Transform: AffineTransform_float_3_3
Parameters: 1 -9.71988e-05 -0.000218912 9.68011e-05 0.999999 -0.00090802 0.000219088 0.000907978 0.999999 -0.00323053 0.109948 0.223322
FixedParameters: 0 0 0

#Transform 106
Transform: AffineTransform_float_3_3
Parameters: 1 5.52801e-06 -0.000409007 -5.47198e-06 1 -0.001154 0.000408994 0.001154 1 0.00891449 0.12004 0.233945
FixedParameters: 0 0 0

#Transform 107
Transform: AffineTransform_float_3_3
Parameters: 1 0.000164504 -0.0004092 -0.000165497 1 -0.00121293 0.0004098 0.00121307 0.999999 0.0178939 0.13515 0.23648
FixedParameters: 0 0 0

#Transform 108
Transform: AffineTransform_float_3_3
Parameters: 1 0.000230799 -0.000176264 -0.000230201 1 -0.00114396 0.000175737 0.00114404 1 0.00344951 0.120909 0.228661
FixedParameters: 0 0 0

#Transform 109
Transform: AffineTransform_float_3_3
Parameters: 1 0.000327583 -0.000325421 -0.000328417 0.999999 -0.00128289 0.000324579 0.00128311 0.999999 0.014702 0.144177 0.258684
FixedParameters: 0 0 0

#Transform 110
Transform: AffineTransform_float_3_3
Parameters: 1 0.000250619 -0.000225424 -0.00025038 0.999998 -0.00169294 0.000224576 0.00169305 0.999998 0.0181864 0.155049 0.236762
FixedParameters: 0 0 0

#Transform 111
Transform: AffineTransform_float_3_3
Parameters: 1 0.000106325 -0.000405178 -0.000106675 0.999998 -0.00166696 0.000404823 0.00166704 0.999998 0.0167439 0.161249 0.226648
FixedParameters: 0 0 0

#Transform 112
Transform: AffineTransform_float_3_3
Parameters: 1 4.89898e-05 -0.00055509 -5.001e-05 0.999999 -0.00181997 0.00055491 0.00182003 0.999998 0.0251531 0.167796 0.249825
FixedParameters: 0 0 0

#Transform 113
Transform: AffineTransform_float_3_3
Parameters: 1 0.00022832 -0.000297523 -0.000228682 0.999998 -0.00228893 0.000297477 0.00228907 0.999998 0.0135807 0.177884 0.250917
FixedParameters: 0 0 0

#Transform 114
Transform: AffineTransform_float_3_3
Parameters: 1 0.000116297 -0.000520157 -0.000116704 0.999999 -0.00135094 0.000520843 0.00135106 0.999999 0.0214099 0.130908 0.240281
FixedParameters: 0 0 0

#Transform 115
Transform: AffineTransform_float_3_3
Parameters: 1 0.000274564 -0.000195614 -0.000275437 0.999998 -0.00223395 0.000195385 0.00223406 0.999998 0.00927358 0.178784 0.286855
FixedParameters: 0 0 0

#Transform 116
Transform: AffineTransform_float_3_3
Parameters: 1 0.000458948 -0.000445087 -0.000460052 0.999997 -0.0023668 0.000443913 0.0023662 0.999997 0.0255544 0.184267 0.271936
FixedParameters: 0 0 0

#Transform 117
Transform: AffineTransform_float_3_3
Parameters: 0.999999 0.000606897 -0.000643043 -0.000608103 0.999999 -0.00171661 0.000641957 0.00171639 0.999999 0.0288378 0.131382 0.251812
FixedParameters: 0 0 0

#Transform 118
Transform: AffineTransform_float_3_3
Parameters: 0.999999 0.000583694 -0.000643187 -0.000584305 0.999998 -0.00203162 0.000641813 0.00203237 0.999997 0.0306526 0.157841 0.282129
FixedParameters: 0 0 0

#Transform 119
Transform: AffineTransform_float_3_3
Parameters: 0.999999 0.000624788 -0.00064318 -0.000626212 0.999998 -0.0018866 0.00064182 0.0018864 0.999998 0.0347123 0.151501 0.270081
FixedParameters: 0 0 0

#Transform 120
Transform: AffineTransform_float_3_3
Parameters: 1 0.000534419 -0.000347894 -0.00053458 0.999998 -0.00167081 0.000347107 0.00167119 0.999999 0.0225006 0.13164 0.260284
FixedParameters: 0 0 0

#Transform 121
Transform: AffineTransform_float_3_3
Parameters: 0.999999 0.000524045 -0.000559895 -0.000524955 0.999999 -0.00170671 0.000559105 0.00170729 0.999999 0.033704 0.144238 0.262514
FixedParameters: 0 0 0

#Transform 122
Transform: AffineTransform_float_3_3
Parameters: 1 0.000299912 -0.000559585 -0.000301089 0.999998 -0.00194583 0.000559415 0.00194617 0.999998 0.0271131 0.180658 0.267832
FixedParameters: 0 0 0

#Transform 123
Transform: AffineTransform_float_3_3
Parameters: 1 0.000186115 -0.000503328 -0.000186886 0.999999 -0.00175791 0.000503672 0.0017581 0.999999 0.016831 0.161562 0.246709
FixedParameters: 0 0 0

#Transform 124
Transform: AffineTransform_float_3_3
Parameters: 1 0.000319074 -0.000559529 -0.000319926 0.999998 -0.00165482 0.000559471 0.00165518 0.999999 0.0402168 0.142791 0.296106
FixedParameters: 0 0 0

#Transform 125
Transform: AffineTransform_float_3_3
Parameters: 0.999999 0.000471981 -0.000559861 -0.000473019 0.999998 -0.00182174 0.000559139 0.00182227 0.999998 0.0464788 0.14933 0.30285
FixedParameters: 0 0 0

#Transform 126
Transform: AffineTransform_float_3_3
Parameters: 1 0.000366947 -0.000559692 -0.000367054 0.999998 -0.0018828 0.00055931 0.00188321 0.999998 0.025698 0.155348 0.295812
FixedParameters: 0 0 0

#Transform 127
Transform: AffineTransform_float_3_3
Parameters: 0.999999 0.000471911 -0.000559919 -0.000473089 0.999998 -0.00194574 0.00055908 0.00194626 0.999998 0.0081778 0.154602 0.280445
FixedParameters: 0 0 0

#Transform 128
Transform: AffineTransform_float_3_3
Parameters: 0.999999 0.000471674 -0.000681919 -0.000473326 0.999998 -0.00194568 0.00068108 0.00194632 0.999998 0.0241114 0.154567 0.285822
FixedParameters: 0 0 0

#Transform 129
Transform: AffineTransform_float_3_3
Parameters: 1 0.000471987 -0.000520919 -0.000473013 0.999998 -0.00194575 0.00052008 0.00194625 0.999998 0.0271389 0.159181 0.319125
FixedParameters: 0 0 0

#Transform 130
Transform: AffineTransform_float_3_3
Parameters: 1 0.000472332 -0.000354891 -0.000473669 0.999998 -0.00188583 0.000354108 0.00188517 0.999998 0.0192099 0.165242 0.278581
FixedParameters: 0 0 0

#Transform 131
Transform: AffineTransform_float_3_3
Parameters: 1 0.000472054 -0.00052585 -0.000473946 0.999999 -0.00179975 0.000525148 0.00180025 0.999998 0.0212284 0.166416 0.279665
FixedParameters: 0 0 0

#Transform 132
Transform: AffineTransform_float_3_3
Parameters: 1 0.000472214 -0.00041789 -0.000473784 0.999998 -0.0018828 0.000416109 0.0018822 0.999998 0.0214892 0.151823 0.282475
FixedParameters: 0 0 0

#Transform 133
Transform: AffineTransform_float_3_3
Parameters: 0.999999 0.000471928 -0.000678745 -0.000473071 0.999998 -0.00157868 0.000678253 0.00157932 0.999998 0.0430823 0.155659 0.271195
FixedParameters: 0 0 0

#Transform 134
Transform: AffineTransform_float_3_3
Parameters: 1 0.000472118 -0.000522798 -0.000473883 0.999999 -0.00168875 0.000522201 0.00168825 0.999999 0.0303938 0.158949 0.275064
FixedParameters: 0 0 0

#Transform 135
Transform: AffineTransform_float_3_3
Parameters: 0.999999 0.000471695 -0.000701879 -0.000473305 0.999998 -0.00186067 0.000701121 0.00186033 0.999998 0.0369282 0.163355 0.310631
FixedParameters: 0 0 0

#Transform 136
Transform: AffineTransform_float_3_3
Parameters: 1 0.000472191 -0.00041592 -0.000473809 0.999998 -0.0019458 0.000415079 0.0019462 0.999998 0.0221551 0.186704 0.278929
FixedParameters: 0 0 0

#Transform 137
Transform: AffineTransform_float_3_3
Parameters: 0.999999 0.000471773 -0.000633915 -0.000473227 0.999998 -0.0019367 0.000633084 0.0019373 0.999998 0.0343376 0.178132 0.301129
FixedParameters: 0 0 0

#Transform 138
Transform: AffineTransform_float_3_3
Parameters: 0.999999 0.000157251 -0.000951458 -0.000159748 0.999996 -0.00288985 0.000950542 0.00289015 0.999996 0.0391664 0.247349 0.325973
FixedParameters: 0 0 0

#Transform 139
Transform: AffineTransform_float_3_3
Parameters: 1 0.000412297 -0.000322899 -0.000412703 0.999997 -0.00217887 0.000322101 0.00217913 0.999997 0.00941422 0.176549 0.310716
FixedParameters: 0 0 0

#Transform 140
Transform: AffineTransform_float_3_3
Parameters: 1 0.000471818 -0.000489143 -0.000473181 0.999997 -0.00241877 0.000487857 0.00241923 0.999997 0.0280266 0.196956 0.321529
FixedParameters: 0 0 0

#Transform 141
Transform: AffineTransform_float_3_3
Parameters: 1 0.000471793 -0.000489167 -0.000473206 0.999997 -0.00246977 0.000487833 0.00246923 0.999997 0.0280317 0.207472 0.315084
FixedParameters: 0 0 0

#Transform 142
Transform: AffineTransform_float_3_3
Parameters: 0.999999 0.000539781 -0.000595108 -0.000541219 0.999998 -0.00205068 0.000593891 0.00205032 0.999997 0.0172954 0.162915 0.307498
FixedParameters: 0 0 0

#Transform 143
Transform: AffineTransform_float_3_3
Parameters: 0.999999 0.000570034 -0.000789423 -0.000571965 0.999996 -0.00249255 0.000787576 0.00249245 0.999996 0.0266496 0.199654 0.342998
FixedParameters: 0 0 0

#Transform 144
Transform: AffineTransform_float_3_3
Parameters: 0.999999 0.000472018 -0.000576806 -0.000473983 0.999999 -0.00170473 0.000576193 0.00170427 0.999999 0.0283775 0.154372 0.294134
FixedParameters: 0 0 0

#Transform 145
Transform: AffineTransform_float_3_3
Parameters: 0.999999 0.000656755 -0.000614333 -0.000657243 0.999997 -0.0020276 0.000612668 0.0020284 0.999998 0.0299257 0.17988 0.30338
FixedParameters: 0 0 0

#Transform 146
Transform: AffineTransform_float_3_3
Parameters: 1 0.00100643 -0.000319792 -0.00100757 0.999998 -0.00177968 0.000318208 0.00177932 0.999999 0.0313023 0.174727 0.29952
FixedParameters: 0 0 0

#Transform 147
Transform: AffineTransform_float_3_3
Parameters: 0.999999 0.000583236 -0.000472943 -0.000584763 0.999998 -0.00161572 0.000472056 0.00161527 0.999998 0.0237968 0.162689 0.31607
FixedParameters: 0 0 0

#Transform 148
Transform: AffineTransform_float_3_3
Parameters: 0.999999 0.000621363 -0.000702451 -0.000623635 0.999997 -0.00233156 0.000700547 0.00233244 0.999997 0.0337662 0.205206 0.30963
FixedParameters: 0 0 0

#Transform 149
Transform: AffineTransform_float_3_3
Parameters: 0.999999 0.000716891 -0.000557429 -0.000718108 0.999998 -0.0019916 0.000555571 0.0019914 0.999998 0.029271 0.17803 0.301623
FixedParameters: 0 0 0

#Transform 150
Transform: AffineTransform_float_3_3
Parameters: 0.999999 0.000471462 -0.000714019 -0.000473539 0.999998 -0.00215666 0.000712981 0.00215634 0.999998 0.0338569 0.212265 0.329157
FixedParameters: 0 0 0

#Transform 151
Transform: AffineTransform_float_3_3
Parameters: 1 0.000472606 -0.000318585 -0.000473395 0.999999 -0.00123785 0.000318414 0.00123815 0.999999 0.0136664 0.173667 0.297618
FixedParameters: 0 0 0

#Transform 152
Transform: AffineTransform_float_3_3
Parameters: 1 0.000418227 -0.000410788 -0.000419771 0.999998 -0.00188283 0.00040921 0.00188317 0.999998 0.00463022 0.181343 0.336023
FixedParameters: 0 0 0

#Transform 153
Transform: AffineTransform_float_3_3
Parameters: 1 0.000472037 -0.000439039 -0.000473964 0.999998 -0.00219779 0.00043796 0.00219721 0.999998 0.0219433 0.202744 0.341111
FixedParameters: 0 0 0

#Transform 154
Transform: AffineTransform_float_3_3
Parameters: 1 0.000472181 -0.000460841 -0.00047382 0.999999 -0.00177978 0.000460158 0.00177922 0.999999 0.00898208 0.168359 0.331992
FixedParameters: 0 0 0

#Transform 155
Transform: AffineTransform_float_3_3
Parameters: 0.999999 0.000471675 -0.000661945 -0.000473324 0.999998 -0.00200169 0.000661053 0.00200231 0.999998 0.0173834 0.188612 0.341717
FixedParameters: 0 0 0

#Transform 156
Transform: AffineTransform_float_3_3
Parameters: 0.999999 0.00047183 -0.000640863 -0.00047317 0.999998 -0.0018267 0.000640137 0.0018263 0.999998 0.0272516 0.19522 0.317543
FixedParameters: 0 0 0

#Transform 157
Transform: AffineTransform_float_3_3
Parameters: 1 0.000472116 -0.000441946 -0.000473884 0.999998 -0.00200179 0.000441052 0.00200221 0.999998 0.0130625 0.202534 0.33883
FixedParameters: 0 0 0

#Transform 158
Transform: AffineTransform_float_3_3
Parameters: 0.999999 0.000471686 -0.000842737 -0.000473314 0.999998 -0.0015596 0.000842263 0.0015594 0.999999 0.0250184 0.170222 0.324559
FixedParameters: 0 0 0

#Transform 159
Transform: AffineTransform_float_3_3
Parameters: 0.999999 0.000471336 -0.000842932 -0.000473664 0.999998 -0.0019746 0.000842065 0.0019754 0.999997 0.0250144 0.201398 0.364712
FixedParameters: 0 0 0

#Transform 160
Transform: AffineTransform_float_3_3
Parameters: 1 0.000472126 -0.000523789 -0.000473874 0.999998 -0.00166975 0.000523209 0.00167025 0.999998 0.00962455 0.188579 0.333888
FixedParameters: 0 0 0

#Transform 161
Transform: AffineTransform_float_3_3
Parameters: 0.999999 0.000472077 -0.000552789 -0.000473922 0.999998 -0.00166974 0.000552209 0.00167026 0.999999 0.01431 0.188569 0.33528
FixedParameters: 0 0 0

#Transform 162
Transform: AffineTransform_float_3_3
Parameters: 0.999999 0.000304678 -0.000677596 -0.000306323 0.999998 -0.00195179 0.000677403 0.00195121 0.999998 0.0234638 0.219005 0.344279
FixedParameters: 0 0 0

#Transform 163
Transform: AffineTransform_float_3_3
Parameters: 0.999999 0.000277569 -0.000677587 -0.000278432 0.999997 -0.00211281 0.000677413 0.00211319 0.999997 0.0367881 0.23347 0.350817
FixedParameters: 0 0 0

#Transform 164
Transform: AffineTransform_float_3_3
Parameters: 1 0.000216423 -0.000401311 -0.000217576 0.999999 -0.00143691 0.000400688 0.00143709 0.999999 0.015597 0.185466 0.351206
FixedParameters: 0 0 0

#Transform 165
Transform: AffineTransform_float_3_3
Parameters: 1 0.000101762 -0.000572222 -0.000103239 0.999997 -0.00216294 0.000572778 0.00216306 0.999998 0.0211716 0.239428 0.371483
FixedParameters: 0 0 0

#Transform 166
Transform: AffineTransform_float_3_3
Parameters: 1 0.000198411 -0.000362323 -0.000198588 0.999998 -0.00162593 0.000361677 0.00162607 0.999998 0.0139331 0.190076 0.343112
FixedParameters: 0 0 0

#Transform 167
Transform: AffineTransform_float_3_3
Parameters: 1 3.39063e-05 -0.000428088 -3.50938e-05 0.999996 -0.00255598 0.000427912 0.00255501 0.999996 0.0143753 0.252881 0.376911
FixedParameters: 0 0 0

#Transform 168
Transform: AffineTransform_float_3_3
Parameters: 1 3.37455e-05 -0.000462093 -3.52542e-05 0.999997 -0.00271499 0.000461906 0.00271502 0.999996 0.00987863 0.240573 0.382012
FixedParameters: 0 0 0

#Transform 169
Transform: AffineTransform_float_3_3
Parameters: 1 3.4117e-05 -0.000394078 -3.48829e-05 0.999998 -0.00224099 0.000393923 0.00224102 0.999998 0.00197937 0.213661 0.363027
FixedParameters: 0 0 0

#Transform 170
Transform: AffineTransform_float_3_3
Parameters: 1 3.38736e-05 -0.00043309 -3.51261e-05 0.999996 -0.00260099 0.00043291 0.00260102 0.999997 -0.00903468 0.248859 0.386033
FixedParameters: 0 0 0

#Transform 171
Transform: AffineTransform_float_3_3
Parameters: 1 3.35227e-05 -0.00056109 -3.5477e-05 0.999996 -0.00263298 0.000560909 0.00263302 0.999997 0.00502317 0.232695 0.372455
FixedParameters: 0 0 0

#Transform 172
Transform: AffineTransform_float_3_3
Parameters: 1 3.38634e-05 -0.000693057 -3.51364e-05 0.999998 -0.00163998 0.000692943 0.00164002 0.999999 0.00636526 0.166517 0.350526
FixedParameters: 0 0 0

#Transform 173
Transform: AffineTransform_float_3_3
Parameters: 1 3.38529e-05 -0.000531074 -3.51469e-05 0.999997 -0.00215998 0.000530925 0.00216002 0.999997 0.00949576 0.232297 0.343919
FixedParameters: 0 0 0

#Transform 174
Transform: AffineTransform_float_3_3
Parameters: 1 0.000332428 -0.000301632 -0.000332573 0.999998 -0.0018989 0.000301369 0.0018991 0.999998 -0.00600593 0.174555 0.341825
FixedParameters: 0 0 0

#Transform 175
Transform: AffineTransform_float_3_3
Parameters: 1 3.37482e-05 -0.000570076 -3.52516e-05 0.999997 -0.00219598 0.000569924 0.00219602 0.999998 0.00835586 0.231361 0.360227
FixedParameters: 0 0 0

#Transform 176
Transform: AffineTransform_float_3_3
Parameters: 1 0.000301376 -0.000247761 -0.000301625 0.999997 -0.00252392 0.000247239 0.00252407 0.999997 -0.00496784 0.223599 0.352802
FixedParameters: 0 0 0

#Transform 177
Transform: AffineTransform_float_3_3
Parameters: 1 0.000413301 -0.000403717 -0.000414698 0.999999 -0.00173383 0.000402282 0.00173417 0.999999 0.0090818 0.180158 0.335484
FixedParameters: 0 0 0

#Transform 178
Transform: AffineTransform_float_3_3
Parameters: 1 0.000341744 -0.000131666 -0.000341256 0.999998 -0.00194696 0.000131336 0.00194705 0.999998 -0.00651683 0.207107 0.34487
FixedParameters: 0 0 0

#Transform 179
Transform: AffineTransform_float_3_3
Parameters: 1 0.000363909 -0.000524758 -0.000365092 0.999998 -0.00208081 0.000524241 0.00208119 0.999997 0.00904021 0.216521 0.336533
FixedParameters: 0 0 0

#Transform 180
Transform: AffineTransform_float_3_3
Parameters: 0.999999 0.00048385 -0.000525062 -0.00048515 0.999998 -0.00219175 0.000523938 0.00219226 0.999998 0.0138772 0.220767 0.331537
FixedParameters: 0 0 0

#Transform 181
Transform: AffineTransform_float_3_3
Parameters: 0.999999 0.000521667 -0.000525326 -0.000522334 0.999996 -0.00253972 0.000524675 0.00253927 0.999996 0.0153456 0.208273 0.356172
FixedParameters: 0 0 0

#Transform 182
Transform: AffineTransform_float_3_3
Parameters: 1 0.000522728 -0.000473409 -0.000524274 0.999996 -0.00269175 0.000472591 0.00269125 0.999997 0.0172403 0.232852 0.343099
FixedParameters: 0 0 0

#Transform 183
Transform: AffineTransform_float_3_3
Parameters: 0.999999 0.000498854 -0.000525091 -0.000500145 0.999998 -0.00218374 0.000523909 0.00218426 0.999998 0.0144731 0.206673 0.340337
FixedParameters: 0 0 0

#Transform 184
Transform: AffineTransform_float_3_3
Parameters: 1 0.000413954 -3.35721e-05 -0.000414045 0.999999 -0.00138199 3.24278e-05 0.00138201 0.999999 -0.0162121 0.171861 0.33637
FixedParameters: 0 0 0

#Transform 185
Transform: AffineTransform_float_3_3
Parameters: 1 0.000445064 -0.000469889 -0.000445937 0.999998 -0.00199479 0.000469112 0.00199421 0.999998 0.0147896 0.20951 0.3536
FixedParameters: 0 0 0

#Transform 186
Transform: AffineTransform_float_3_3
Parameters: 1 0.000383645 -0.000164829 -0.000384355 0.999997 -0.00215894 0.00016417 0.00215906 0.999997 -0.00327749 0.205243 0.343885
FixedParameters: 0 0 0

#Transform 187
Transform: AffineTransform_float_3_3
Parameters: 0.999999 0.000780701 -0.000165416 -0.000781298 0.999998 -0.00181287 0.000163584 0.00181313 0.999999 0.00102965 0.169463 0.337644
FixedParameters: 0 0 0

#Transform 188
Transform: AffineTransform_float_3_3
Parameters: 1 0.000316136 -0.000584468 -0.000316863 0.999999 -0.00147881 0.000583532 0.00147918 0.999998 0.00892982 0.17367 0.335006
FixedParameters: 0 0 0

#Transform 189
Transform: AffineTransform_float_3_3
Parameters: 0.999999 0.000687578 -0.000595645 -0.00068842 0.999997 -0.00238959 0.000593356 0.00239041 0.999997 0.0339337 0.198374 0.339388
FixedParameters: 0 0 0

#Transform 190
Transform: AffineTransform_float_3_3
Parameters: 0.999999 0.000773992 -0.000486605 -0.000775005 0.999997 -0.00207262 0.000484394 0.00207337 0.999997 7.6099e-05 0.197026 0.35052
FixedParameters: 0 0 0

#Transform 191
Transform: AffineTransform_float_3_3
Parameters: 0.999999 0.000273388 -0.00069164 -0.000275614 0.999997 -0.00233281 0.000691359 0.00233219 0.999997 0.00415858 0.209616 0.369889
FixedParameters: 0 0 0

#Transform 192
Transform: AffineTransform_float_3_3
Parameters: 1 0.00027257 -0.00109061 -0.000275432 0.999998 -0.0022297 0.00109039 0.0022293 0.999997 0.0149344 0.198536 0.346583
FixedParameters: 0 0 0

#Transform 193
Transform: AffineTransform_float_3_3
Parameters: 0.999999 0.000650579 -0.000620492 -0.000652421 0.999997 -0.0022916 0.000619506 0.0022924 0.999997 0.00388083 0.206706 0.340682
FixedParameters: 0 0 0

#Transform 194
Transform: AffineTransform_float_3_3
Parameters: 0.999999 0.000613517 -0.000694313 -0.000615483 0.999997 -0.00213657 0.000693686 0.00213743 0.999998 0.00905056 0.200325 0.342955
FixedParameters: 0 0 0

#Transform 195
