#Insight Transform File V1.0
#Transform 0
Transform: AffineTransform_float_3_3
Parameters: 1 0.000580483 2.4506e-05 -0.000580412 0.999995 -0.00318701 -2.62078e-05 0.00318698 0.999995 0.0142523 0.0693535 0.147634
FixedParameters: 0 0 0

#Transform 1
Transform: AffineTransform_float_3_3
Parameters: 1 0.000680346 2.9837e-05 -0.000680297 0.999998 -0.00155102 -3.09484e-05 0.00155098 0.999999 -0.00997538 0.00125055 0.11498
FixedParameters: 0 0 0

#Transform 2
Transform: AffineTransform_float_3_3
Parameters: 1 0.000171835 7.53592e-06 -0.000171811 0.999999 -0.001551 -8.06892e-06 0.001551 0.999999 -0.00994402 0.0173442 0.0834985
FixedParameters: 0 0 0

#Transform 3
Transform: AffineTransform_float_3_3
Parameters: 1 0.000175832 7.68551e-06 -0.000175805 0.999998 -0.001697 -8.28223e-06 0.001697 0.999998 0.0064261 0.0196992 0.130785
FixedParameters: 0 0 0

#Transform 4
Transform: AffineTransform_float_3_3
Parameters: 1 0.000275734 1.21201e-05 -0.000275697 0.999999 -0.001451 -1.29202e-05 0.001451 0.999999 0.0100453 0.0147083 0.128118
FixedParameters: 0 0 0

#Transform 5
Transform: AffineTransform_float_3_3
Parameters: 1 9.96256e-05 0.000309627 -9.94689e-05 0.999999 -0.00186503 -0.000310044 0.00186497 0.999998 -0.00576401 0.0387288 0.085464
FixedParameters: 0 0 0

#Transform 6
Transform: AffineTransform_float_3_3
Parameters: 1 0.000296153 0.000252316 -0.000295578 0.999999 -0.00123008 -0.000252045 0.00122993 0.999999 -0.0125651 0.0121483 0.12553
FixedParameters: 0 0 0

#Transform 7
Transform: AffineTransform_float_3_3
Parameters: 1 -4.69636e-06 0.000107898 5.10203e-06 0.999998 -0.00188 -0.000107879 0.00188 0.999998 -0.00599882 0.0416648 0.0712146
FixedParameters: 0 0 0

#Transform 8
Transform: AffineTransform_float_3_3
Parameters: 1 0 0 0 0.999999 -0.000848999 0 0.000848999 0.999999 0.000858 -0.00127597 0.0325461
FixedParameters: 0 0 0

#Transform 9
Transform: AffineTransform_float_3_3
Parameters: 1 2.32584e-06 -5.19479e-05 -2.39191e-06 1 -0.000636 5.19449e-05 0.000636 1 0.00389905 -0.006288 -0.00340145
FixedParameters: 0 0 0

#Transform 10
Transform: AffineTransform_float_3_3
Parameters: 1 0.000231768 1.03768e-05 -0.000231754 1 -0.000636002 -1.06716e-05 0.000635997 1 0.0218245 0.00501778 0.032978
FixedParameters: 0 0 0

#Transform 11
Transform: AffineTransform_float_3_3
Parameters: 1 0.000201127 9.10871e-05 -0.000201011 1 -0.000636018 -9.13428e-05 0.000635981 1 0.0104587 -0.00804237 0.0069481
FixedParameters: 0 0 0

#Transform 12
Transform: AffineTransform_float_3_3
Parameters: 1 0 0 0 1 -0.000236 0 0.000236 1 0.002255 -0.0185666 -0.00742314
FixedParameters: 0 0 0

#Transform 13
Transform: AffineTransform_float_3_3
Parameters: 1 0 0 0 1 -0.001011 0 0.001011 1 0.002243 0.0160362 0.0295679
FixedParameters: 0 0 0

#Transform 14
Transform: AffineTransform_float_3_3
Parameters: 1 0 0 0 1 -0.001039 0 0.001039 1 -0.001921 0.00475937 0.030659
FixedParameters: 0 0 0

#Transform 15
Transform: AffineTransform_float_3_3
Parameters: 1 0.000243433 0.000107053 -0.000243347 1 -0.000402028 -0.000107249 0.000402972 1 0.0119165 -0.0146166 0.0356491
FixedParameters: 0 0 0

#Transform 16
Transform: AffineTransform_float_3_3
Parameters: 1 0 0 0 1 -0.000636 0 0.000636 1 0.002255 0.00215215 0.0677049
FixedParameters: 0 0 0

#Transform 17
Transform: AffineTransform_float_3_3
Parameters: 1 -4.79175e-06 0.000105892 4.82521e-06 1 -0.000157999 -0.00010589 0.000158001 1 -0.00105212 -0.0167957 0.0267185
FixedParameters: 0 0 0

#Transform 18
Transform: AffineTransform_float_3_3
Parameters: 1 0.000137859 6.23707e-06 -0.000137857 1 -0.000167001 -6.28311e-06 0.000166999 1 0.00719325 -0.012156 0.0205376
FixedParameters: 0 0 0

#Transform 19
Transform: AffineTransform_float_3_3
Parameters: 1 0 0 0 1 -0.00033 0 0.00033 1 0.002255 0.00034534 0.0584712
FixedParameters: 0 0 0

#Transform 20
Transform: AffineTransform_float_3_3
Parameters: 1 0 0 0 1 -0.000298 0 0.000298 1 0.002255 0.00894589 0.0174961
FixedParameters: 0 0 0

#Transform 21
Transform: AffineTransform_float_3_3
Parameters: 1 -0.000365567 -0.000437019 0.000365535 1 -3.71597e-05 0.000437046 3.68402e-05 1 0.00973163 -0.00760913 0.00306248
FixedParameters: 0 0 0

#Transform 22
Transform: AffineTransform_float_3_3
Parameters: 0.999999 -0.000563291 -0.000720938 0.000562474 0.999999 -0.000598405 0.000720612 0.000597594 0.999999 0.0190676 0.0124172 0.00539937
FixedParameters: 0 0 0

#Transform 23
Transform: AffineTransform_float_3_3
Parameters: 1 -0.00017838 -0.000262291 0.000178231 1 -0.000371047 0.000261425 0.000370953 1 0.0200309 -0.0292975 -0.00738709
FixedParameters: 0 0 0

#Transform 24
Transform: AffineTransform_float_3_3
Parameters: 1 -0.000386692 -3.75961e-05 0.000386695 1 4.09855e-05 3.75644e-05 -4.10145e-05 1 0.00558853 -0.0302282 0.0124534
FixedParameters: 0 0 0

#Transform 25
Transform: AffineTransform_float_3_3
Parameters: 1 -0.000515156 -0.000252451 0.000514985 1 -0.00033813 0.000252799 0.00033787 1 0.0071571 -0.0147207 0.0461443
FixedParameters: 0 0 0

#Transform 26
Transform: AffineTransform_float_3_3
Parameters: 1 -0.000571913 -1.48571e-05 0.000571907 1 -0.000178008 1.50607e-05 0.000177991 1 -0.00197292 -0.000202572 0.0110654
FixedParameters: 0 0 0

#Transform 27
Transform: AffineTransform_float_3_3
Parameters: 1 -0.0005769 -1.53704e-05 0.00057691 1 0.000319991 1.50011e-05 -0.000320009 1 0.000381725 -0.0335922 0.0156615
FixedParameters: 0 0 0

#Transform 28
Transform: AffineTransform_float_3_3
Parameters: 1 -0.000204289 1.74566e-06 0.000204289 1 -5.39996e-05 -1.7236e-06 5.40004e-05 1 0.0113599 -0.0229584 -0.011494
FixedParameters: 0 0 0

#Transform 29
Transform: AffineTransform_float_3_3
Parameters: 1 -0.00056491 -1.48967e-05 0.000564924 0.999999 0.000451991 1.43861e-05 -0.000452008 1 0.0146049 -0.0490426 0.0107198
FixedParameters: 0 0 0

#Transform 30
Transform: AffineTransform_float_3_3
Parameters: 1 -0.000183282 -0.000458828 0.000182472 1 0.000205916 0.000458708 -0.000206084 1 0.0420712 -0.0317513 0.00196225
FixedParameters: 0 0 0

#Transform 31
Transform: AffineTransform_float_3_3
Parameters: 1 -0.00046182 -0.000385563 0.000462169 1 0.000451822 0.000385145 -0.000452178 1 0.0294275 -0.0283372 -0.00732008
FixedParameters: 0 0 0

#Transform 32
Transform: AffineTransform_float_3_3
Parameters: 1 -0.000534944 -1.34266e-05 0.000534952 1 0.000272993 1.31345e-05 -0.000273007 1 0.00821204 -0.02408 0.0342402
FixedParameters: 0 0 0

#Transform 33
Transform: AffineTransform_float_3_3
Parameters: 1 -0.000604868 -1.67293e-05 0.000604883 0.999999 0.00045199 1.61825e-05 -0.00045201 1 0.00532988 -0.0297482 0.000666326
FixedParameters: 0 0 0

#Transform 34
Transform: AffineTransform_float_3_3
Parameters: 1 -0.000476004 -1.08193e-05 0.000476014 1 0.000451995 1.03889e-05 -0.000452005 1 0.000849216 -0.039212 0.0337768
FixedParameters: 0 0 0

#Transform 35
Transform: AffineTransform_float_3_3
Parameters: 1 -0.000318169 -3.63052e-06 0.000318174 1 0.000608999 3.24298e-06 -0.000609001 1 -0.00435723 -0.0377465 0.044196
FixedParameters: 0 0 0

#Transform 36
Transform: AffineTransform_float_3_3
Parameters: 1 -0.000550925 -1.42553e-05 0.000550938 0.999999 0.000451992 1.37573e-05 -0.000452007 1 -0.00486251 -0.0276385 0.0275783
FixedParameters: 0 0 0

#Transform 37
Transform: AffineTransform_float_3_3
Parameters: 0.999999 -0.000729577 -0.000180263 0.000729568 0.999999 -2.51315e-05 0.000180299 2.48685e-05 1 0.00634545 -0.0168369 0.0205693
FixedParameters: 0 0 0

#Transform 38
Transform: AffineTransform_float_3_3
Parameters: 0.999999 -0.00100044 -3.52641e-05 0.00100045 0.999999 0.00084401 3.45743e-05 -0.00084399 0.999999 -0.0145923 -0.0335125 0.0255782
FixedParameters: 0 0 0

#Transform 39
Transform: AffineTransform_float_3_3
Parameters: 0.999999 -0.000888257 -0.000408971 0.000888489 0.999999 0.000282637 0.000408468 -0.000283363 1 0.00819559 -0.015487 0.0217164
FixedParameters: 0 0 0

#Transform 40
Transform: AffineTransform_float_3_3
Parameters: 0.999999 -0.000736722 -2.30244e-05 0.000736758 1 0.000788029 2.18633e-05 -0.000787971 0.999999 -0.00785576 -0.029923 0.0340196
FixedParameters: 0 0 0

#Transform 41
Transform: AffineTransform_float_3_3
Parameters: 0.999999 -0.000728375 -0.000204642 0.000728592 0.999999 0.000529851 0.00020387 -0.000530148 1 -1.3708e-05 -0.0223246 0.0343729
FixedParameters: 0 0 0

#Transform 42
Transform: AffineTransform_float_3_3
Parameters: 0.999999 -0.00081964 -2.66713e-05 0.00081967 1 0.000564024 2.57467e-05 -0.000563976 1 -0.0157869 -0.0193907 0.00187738
FixedParameters: 0 0 0

#Transform 43
Transform: AffineTransform_float_3_3
Parameters: 0.999999 -0.000810635 -2.66867e-05 0.000810647 0.999999 0.00109298 2.59136e-05 -0.00109302 1 0.00154073 -0.0432375 0.0128547
FixedParameters: 0 0 0

#Transform 44
Transform: AffineTransform_float_3_3
Parameters: 0.999999 -0.00075371 -2.36152e-05 0.000753734 0.999999 0.000530982 2.28148e-05 -0.000531017 1 0.00782918 -0.0281328 0.0305356
FixedParameters: 0 0 0

#Transform 45
Transform: AffineTransform_float_3_3
Parameters: 1 -0.000631797 6.80084e-05 0.000631709 0.999999 0.000639043 -6.88158e-05 -0.000638956 1 -0.00162798 -0.0199549 0.0296976
FixedParameters: 0 0 0

#Transform 46
Transform: AffineTransform_float_3_3
Parameters: 0.999999 -0.000801292 -0.000120234 0.000801473 0.999999 0.000943949 0.000119719 -0.000944051 0.999999 -0.004538 -0.0221653 0.0482645
FixedParameters: 0 0 0

#Transform 47
Transform: AffineTransform_float_3_3
Parameters: 0.999999 -0.000810639 -2.65708e-05 0.000810644 0.999999 0.000950024 2.60296e-05 -0.000949976 0.999999 -0.00358867 -0.00640164 0.0334364
FixedParameters: 0 0 0

#Transform 48
Transform: AffineTransform_float_3_3
Parameters: 0.999999 -0.000810635 -2.66957e-05 0.000810648 0.999999 0.00110398 2.59047e-05 -0.00110402 1 -0.018537 -0.016764 0.0232669
FixedParameters: 0 0 0

#Transform 49
Transform: AffineTransform_float_3_3
Parameters: 1 -0.000999419 -3.58075e-05 0.000999474 0.999998 0.00143396 3.39401e-05 -0.00143403 0.999999 -0.0211635 -0.0280808 0.0107004
FixedParameters: 0 0 0

#Transform 50
Transform: AffineTransform_float_3_3
Parameters: 1 -0.00100566 -0.000224074 0.00100615 0.999999 0.00120578 0.000222647 -0.00120622 0.999999 -0.00384683 -0.0320215 -0.017416
FixedParameters: 0 0 0

#Transform 51
Transform: AffineTransform_float_3_3
Parameters: 0.999999 -0.00122372 -0.000268789 0.0012235 0.999998 0.00161972 0.000266777 -0.00162028 0.999998 -0.011745 -0.0391439 -0.040261
FixedParameters: 0 0 0

#Transform 52
Transform: AffineTransform_float_3_3
Parameters: 0.999999 -0.00121784 -0.000396241 0.00121777 0.999999 0.00128556 0.000395062 -0.00128544 0.999999 -0.0074593 -0.0217639 -0.0225596
FixedParameters: 0 0 0

#Transform 53
Transform: AffineTransform_float_3_3
Parameters: 0.999999 -0.00122021 -0.00034616 0.00121994 0.999999 0.00117462 0.000345246 -0.00117438 1 -0.0116371 -0.0259087 -0.0250351
FixedParameters: 0 0 0

#Transform 54
Transform: AffineTransform_float_3_3
Parameters: 0.999999 -0.00123417 -4.66712e-05 0.00123424 0.999999 0.00132599 4.4397e-05 -0.00132601 0.999999 -0.0369429 -0.0343195 -0.107208
FixedParameters: 0 0 0

#Transform 55
Transform: AffineTransform_float_3_3
Parameters: 0.999999 -0.00173863 -7.00241e-05 0.0017387 0.999998 0.00119693 6.78597e-05 -0.00119707 1 -0.0480316 -0.0183489 -0.144022
FixedParameters: 0 0 0

#Transform 56
Transform: AffineTransform_float_3_3
Parameters: 0.999999 -0.00185946 -7.6461e-05 0.00185957 0.999997 0.00162895 7.33996e-05 -0.00162905 0.999998 -0.0406264 -0.0320496 -0.120733
FixedParameters: 0 0 0

#Transform 57
Transform: AffineTransform_float_3_3
Parameters: 0.999998 -0.00223588 -1.54822e-05 0.00223564 0.999992 0.00315106 8.38515e-06 -0.00315093 0.999995 -0.0425477 -0.0135115 -0.243844
FixedParameters: 0 0 0

#Transform 58
Transform: AffineTransform_float_3_3
Parameters: 1 -0.00112705 -0.000284394 0.00112873 0.999985 0.00524368 0.000278513 -0.00524432 0.999986 0.0412498 0.0561434 -0.564554
FixedParameters: 0 0 0

#Transform 59
Transform: AffineTransform_float_3_3
Parameters: 0.999998 -0.00101788 -0.00175596 0.00104569 0.999869 0.0161932 0.00173925 -0.0161949 0.999868 0.13806 0.815764 -1.65897
FixedParameters: 0 0 0

#Transform 60
Transform: AffineTransform_float_3_3
Parameters: 0.999998 -0.0012505 -0.00161223 0.00127989 0.999827 0.018583 0.00158886 -0.018585 0.999826 0.14563 0.686595 -1.86126
FixedParameters: 0 0 0

#Transform 61
Transform: AffineTransform_float_3_3
Parameters: 0.999998 -0.00101218 -0.00185059 0.00104486 0.999841 0.0177951 0.00183251 -0.0177969 0.99984 0.134646 0.652962 -1.78748
FixedParameters: 0 0 0

#Transform 62
Transform: AffineTransform_float_3_3
Parameters: 0.999997 -0.00114825 -0.001875 0.00118097 0.999844 0.0176088 0.0018545 -0.0176102 0.999844 0.13023 0.62355 -1.71561
FixedParameters: 0 0 0

#Transform 63
Transform: AffineTransform_float_3_3
Parameters: 0.999997 -0.00109908 -0.00199686 0.00112984 0.999876 0.0157387 0.00197935 -0.0157413 0.999874 0.130435 0.625288 -1.54272
FixedParameters: 0 0 0

#Transform 64
Transform: AffineTransform_float_3_3
Parameters: 0.999997 -0.00133007 -0.00169064 0.00135625 0.999884 0.0152077 0.00166967 -0.0152103 0.999883 0.0922677 0.585097 -1.44267
FixedParameters: 0 0 0

#Transform 65
Transform: AffineTransform_float_3_3
Parameters: 0.999999 -0.00109131 -0.00147541 0.00111181 0.999901 0.0140373 0.00145956 -0.0140387 0.999901 0.0760822 0.597706 -1.24344
FixedParameters: 0 0 0

#Transform 66
Transform: AffineTransform_float_3_3
Parameters: 0.999999 -0.000770914 -0.00111748 0.000783712 0.999935 0.0113181 0.00110833 -0.0113189 0.999936 0.0767973 0.525233 -1.07313
FixedParameters: 0 0 0

#Transform 67
Transform: AffineTransform_float_3_3
Parameters: 0.999999 -0.000654156 -0.00106641 0.000665763 0.999942 0.0107983 0.00105965 -0.0107987 0.999941 0.0708149 0.484195 -0.999487
FixedParameters: 0 0 0

#Transform 68
Transform: AffineTransform_float_3_3
Parameters: 0.999999 -0.000534598 -0.00113411 0.000546889 0.999936 0.0113123 0.00112828 -0.0113137 0.999936 0.0601681 0.47282 -0.968965
FixedParameters: 0 0 0

#Transform 69
Transform: AffineTransform_float_3_3
Parameters: 0.999999 -0.000199924 -0.00153469 0.000217372 0.99994 0.0109436 0.00153239 -0.0109444 0.999939 0.0977798 0.460594 -0.98825
FixedParameters: 0 0 0

#Transform 70
Transform: AffineTransform_float_3_3
Parameters: 1 -0.000457891 -0.00111946 0.000469746 0.999942 0.0107764 0.00111392 -0.0107766 0.999942 0.0625668 0.455559 -0.963747
FixedParameters: 0 0 0

#Transform 71
Transform: AffineTransform_float_3_3
Parameters: 0.999999 -0.000353659 -0.00122876 0.000366792 0.999942 0.0107205 0.00122444 -0.0107215 0.999942 0.072228 0.430888 -0.941042
FixedParameters: 0 0 0

#Transform 72
Transform: AffineTransform_float_3_3
Parameters: 0.999991 0.00221541 -0.00378257 -0.00213826 0.99979 0.020399 0.00382678 -0.02039 0.999785 0.308209 0.664323 -2.07738
FixedParameters: 0 0 0

#Transform 73
Transform: AffineTransform_float_3_3
Parameters: 0.999985 0.00405273 -0.00351546 -0.0039325 0.999429 0.0335343 0.00364967 -0.0335196 0.999431 0.441151 0.651918 -2.99644
FixedParameters: 0 0 0

#Transform 74
Transform: AffineTransform_float_3_3
Parameters: 0.999993 0.00195631 -0.00301599 -0.00186682 0.999562 0.0295637 0.00307286 -0.0295573 0.999558 0.276489 0.613629 -2.50423
FixedParameters: 0 0 0

#Transform 75
Transform: AffineTransform_float_3_3
Parameters: 0.999994 0.00136228 -0.0031299 -0.001278 0.99964 0.026804 0.00316481 -0.026799 0.999635 0.262448 0.575887 -2.31287
FixedParameters: 0 0 0

#Transform 76
Transform: AffineTransform_float_3_3
Parameters: 0.999994 4.44293e-05 -0.00330499 3.75588e-05 0.999695 0.0246667 0.00330549 -0.0246673 0.999691 0.209758 0.516306 -2.09816
FixedParameters: 0 0 0

#Transform 77
Transform: AffineTransform_float_3_3
Parameters: 0.999993 0.000533733 -0.00384888 -0.000436014 0.999676 0.0254515 0.00386108 -0.0254494 0.999668 0.242379 0.51396 -2.16071
FixedParameters: 0 0 0

#Transform 78
Transform: AffineTransform_float_3_3
Parameters: 0.999993 2.50775e-06 -0.00370531 7.9451e-05 0.999752 0.0222775 0.00370482 -0.0222775 0.999745 0.217725 0.471909 -1.91809
FixedParameters: 0 0 0

#Transform 79
Transform: AffineTransform_float_3_3
Parameters: 0.999997 2.86575e-06 -0.00268803 5.80622e-05 0.999743 0.0226988 0.00268801 -0.0226992 0.999738 0.170779 0.44099 -1.92602
FixedParameters: 0 0 0

#Transform 80
Transform: AffineTransform_float_3_3
Parameters: 0.999996 0.000322827 -0.00288075 -0.000258437 0.999749 0.0223927 0.00288782 -0.0223914 0.999745 0.16435 0.471624 -1.8827
FixedParameters: 0 0 0

#Transform 81
Transform: AffineTransform_float_3_3
Parameters: 0.999995 0.000330312 -0.00299049 -0.000263908 0.999749 0.0224037 0.00299673 -0.0224033 0.999745 0.167831 0.457274 -1.89425
FixedParameters: 0 0 0

#Transform 82
Transform: AffineTransform_float_3_3
Parameters: 0.999996 0.000135986 -0.00300369 -6.78246e-05 0.999748 0.0224791 0.00300524 -0.0224789 0.999743 0.160865 0.459276 -1.84787
FixedParameters: 0 0 0

#Transform 83
Transform: AffineTransform_float_3_3
Parameters: 0.999996 0.000628778 -0.00280192 -0.000566272 0.999753 0.0222475 0.00281566 -0.0222455 0.999749 0.16156 0.463783 -1.86457
FixedParameters: 0 0 0

#Transform 84
Transform: AffineTransform_float_3_3
Parameters: 0.999996 0.00083639 -0.00276363 -0.000773829 0.999747 0.0225051 0.00278203 -0.0225029 0.999743 0.1613 0.456581 -1.87976
FixedParameters: 0 0 0

#Transform 85
Transform: AffineTransform_float_3_3
Parameters: 0.999996 0.000535684 -0.00299879 -0.000469917 0.999761 0.0218563 0.00300978 -0.0218547 0.999756 0.135318 0.493953 -1.73221
FixedParameters: 0 0 0

#Transform 86
Transform: AffineTransform_float_3_3
Parameters: 0.999995 0.000912008 -0.00294968 -0.000849272 0.999769 0.0214484 0.00296853 -0.0214456 0.999765 0.1395 0.477663 -1.69538
FixedParameters: 0 0 0

#Transform 87
Transform: AffineTransform_float_3_3
Parameters: 0.999994 0.00120953 -0.0031853 -0.00114103 0.999768 0.0214865 0.00321066 -0.0214825 0.999764 0.152237 0.477064 -1.72274
FixedParameters: 0 0 0

#Transform 88
Transform: AffineTransform_float_3_3
Parameters: 0.999996 0.00117111 -0.00257972 -0.00111344 0.999751 0.0222878 0.00260499 -0.0222852 0.999748 0.12764 0.453506 -1.73529
FixedParameters: 0 0 0

#Transform 89
Transform: AffineTransform_float_3_3
Parameters: 0.999995 0.00119784 -0.00300147 -0.00113202 0.999764 0.0216893 0.00302703 -0.0216857 0.99976 0.110681 0.425657 -1.74734
FixedParameters: 0 0 0

#Transform 90
Transform: AffineTransform_float_3_3
Parameters: 0.999995 0.00120788 -0.00313988 -0.00113857 0.999759 0.0219165 0.00316516 -0.0219135 0.999755 0.133722 0.458285 -1.74539
FixedParameters: 0 0 0

#Transform 91
Transform: AffineTransform_float_3_3
Parameters: 0.999995 0.00120812 -0.00313979 -0.00113832 0.999757 0.0219945 0.00316525 -0.0219905 0.999753 0.133608 0.455117 -1.70957
FixedParameters: 0 0 0

#Transform 92
Transform: AffineTransform_float_3_3
Parameters: 0.999995 0.00120784 -0.0031399 -0.0011386 0.999759 0.0219055 0.00316515 -0.0219015 0.999755 0.149933 0.454742 -1.72589
FixedParameters: 0 0 0

#Transform 93
Transform: AffineTransform_float_3_3
Parameters: 0.999994 0.00161986 -0.0031117 -0.00155032 0.999752 0.0222108 0.00314693 -0.0222062 0.999749 0.162549 0.439903 -1.7315
FixedParameters: 0 0 0

#Transform 94
Transform: AffineTransform_float_3_3
Parameters: 0.999993 0.00193202 -0.00340498 -0.00185574 0.999747 0.0223953 0.00344826 -0.0223887 0.999744 0.176955 0.399025 -1.73243
FixedParameters: 0 0 0

#Transform 95
Transform: AffineTransform_float_3_3
Parameters: 0.999994 0.00191053 -0.00309184 -0.00184073 0.99975 0.0223217 0.00313339 -0.0223163 0.999746 0.163075 0.392597 -1.74048
FixedParameters: 0 0 0

#Transform 96
Transform: AffineTransform_float_3_3
Parameters: 0.999992 0.00216542 -0.00350121 -0.00208578 0.999745 0.0224903 0.00354919 -0.0224827 0.999741 0.182232 0.397633 -1.7563
FixedParameters: 0 0 0

#Transform 97
Transform: AffineTransform_float_3_3
Parameters: 0.999994 0.0019101 -0.00309211 -0.00184117 0.999752 0.0221827 0.00313314 -0.0221763 0.999749 0.158334 0.396399 -1.68696
FixedParameters: 0 0 0

#Transform 98
Transform: AffineTransform_float_3_3
Parameters: 0.999994 0.00171416 -0.00318386 -0.00164383 0.999758 0.0219712 0.00322041 -0.0219658 0.999754 0.153761 0.410366 -1.66292
FixedParameters: 0 0 0

#Transform 99
Transform: AffineTransform_float_3_3
Parameters: 0.999991 0.00228848 -0.00360734 -0.0022077 0.999747 0.0223789 0.00365719 -0.022371 0.999743 0.187855 0.379744 -1.73593
FixedParameters: 0 0 0

#Transform 100
Transform: AffineTransform_float_3_3
Parameters: 0.999992 0.00239075 -0.00336393 -0.00231373 0.999737 0.0228078 0.00341765 -0.0228002 0.999734 0.184502 0.34654 -1.74962
FixedParameters: 0 0 0

#Transform 101
Transform: AffineTransform_float_3_3
Parameters: 0.999991 0.00192767 -0.00360467 -0.00184716 0.999747 0.0224306 0.00364657 -0.0224234 0.999742 0.17415 0.378296 -1.69116
FixedParameters: 0 0 0

#Transform 102
Transform: AffineTransform_float_3_3
Parameters: 0.999991 0.00247922 -0.00341399 -0.00240297 0.999757 0.0219292 0.00346761 -0.0219208 0.999754 0.196905 0.38848 -1.69407
FixedParameters: 0 0 0

#Transform 103
Transform: AffineTransform_float_3_3
Parameters: 0.999992 0.00190937 -0.00334358 -0.00183473 0.99975 0.0222681 0.0033855 -0.0222619 0.999747 0.165776 0.387072 -1.69033
FixedParameters: 0 0 0

#Transform 104
Transform: AffineTransform_float_3_3
Parameters: 0.999992 0.00191047 -0.00335539 -0.00183569 0.999748 0.0223541 0.00339664 -0.0223479 0.999745 0.166029 0.386109 -1.65076
FixedParameters: 0 0 0

#Transform 105
Transform: AffineTransform_float_3_3
Parameters: 0.99999 0.00216831 -0.00371844 -0.0020836 0.999744 0.0225298 0.00376637 -0.0225213 0.999739 0.186726 0.368304 -1.7547
FixedParameters: 0 0 0

#Transform 106
Transform: AffineTransform_float_3_3
Parameters: 0.999991 0.00239736 -0.00343249 -0.00232127 0.999756 0.021951 0.00348457 -0.021943 0.999753 0.186591 0.337301 -1.67861
FixedParameters: 0 0 0

#Transform 107
Transform: AffineTransform_float_3_3
Parameters: 0.999993 0.00198588 -0.00296698 -0.00192318 0.999779 0.0209057 0.00300784 -0.0209003 0.999777 0.15698 0.336797 -1.53424
FixedParameters: 0 0 0

#Transform 108
Transform: AffineTransform_float_3_3
Parameters: 0.999993 0.00237149 -0.00313227 -0.00230475 0.999773 0.0211563 0.00318211 -0.0211487 0.999771 0.169699 0.339535 -1.61773
FixedParameters: 0 0 0

#Transform 109
Transform: AffineTransform_float_3_3
Parameters: 0.999995 0.00191583 -0.00277616 -0.00185578 0.999767 0.0215092 0.00281751 -0.0215038 0.999764 0.14904 0.329216 -1.59814
FixedParameters: 0 0 0

#Transform 110
Transform: AffineTransform_float_3_3
Parameters: 0.999993 0.00228715 -0.00300087 -0.00222101 0.999756 0.0219757 0.00305086 -0.0219693 0.999754 0.15339 0.31392 -1.63625
FixedParameters: 0 0 0

#Transform 111
Transform: AffineTransform_float_3_3
Parameters: 0.99999 0.00252595 -0.00351598 -0.00244568 0.999746 0.0224107 0.00357177 -0.0224014 0.999743 0.19369 0.311474 -1.66349
FixedParameters: 0 0 0

#Transform 112
Transform: AffineTransform_float_3_3
Parameters: 0.999993 0.00213991 -0.00303417 -0.00207474 0.999771 0.0212983 0.00307893 -0.0212917 0.999769 0.165058 0.337304 -1.62127
FixedParameters: 0 0 0

#Transform 113
Transform: AffineTransform_float_3_3
Parameters: 0.999993 0.00195459 -0.00335487 -0.00188161 0.999767 0.0215063 0.00339605 -0.0214997 0.999763 0.167438 0.334819 -1.56289
FixedParameters: 0 0 0

#Transform 114
Transform: AffineTransform_float_3_3
Parameters: 0.999992 0.00210215 -0.00325332 -0.00203325 0.999773 0.0212176 0.00329684 -0.0212104 0.99977 0.166849 0.340767 -1.59012
FixedParameters: 0 0 0

#Transform 115
Transform: AffineTransform_float_3_3
Parameters: 0.999993 0.00212626 -0.00312761 -0.00205786 0.999763 0.0216514 0.00317307 -0.0216456 0.999761 0.167271 0.325451 -1.6131
FixedParameters: 0 0 0

#Transform 116
Transform: AffineTransform_float_3_3
Parameters: 0.999995 0.00191806 -0.0027955 -0.00185633 0.99976 0.0218272 0.00283707 -0.0218218 0.999757 0.140996 0.340616 -1.53763
FixedParameters: 0 0 0

#Transform 117
Transform: AffineTransform_float_3_3
Parameters: 0.999993 0.00222531 -0.00277413 -0.00216311 0.999752 0.0221691 0.00282356 -0.0221629 0.99975 0.1604 0.310723 -1.62298
FixedParameters: 0 0 0

#Transform 118
Transform: AffineTransform_float_3_3
Parameters: 0.999993 0.00194703 -0.0032608 -0.00187758 0.999775 0.0211371 0.00330146 -0.0211309 0.999771 0.164496 0.341258 -1.59847
FixedParameters: 0 0 0

#Transform 119
Transform: AffineTransform_float_3_3
Parameters: 0.999994 0.00185079 -0.00313734 -0.00178236 0.999767 0.0214965 0.00317634 -0.0214904 0.999764 0.15701 0.335659 -1.54284
FixedParameters: 0 0 0

#Transform 120
Transform: AffineTransform_float_3_3
Parameters: 0.999993 0.00189765 -0.00298376 -0.00183077 0.999753 0.0221485 0.00302529 -0.0221425 0.99975 0.154428 0.332564 -1.61493
FixedParameters: 0 0 0

#Transform 121
Transform: AffineTransform_float_3_3
Parameters: 0.999992 0.00213574 -0.0031816 -0.00206532 0.999758 0.0219076 0.00322741 -0.0219004 0.999755 0.169206 0.333905 -1.63627
FixedParameters: 0 0 0

#Transform 122
Transform: AffineTransform_float_3_3
Parameters: 0.999994 0.00227736 -0.0028173 -0.00221217 0.999736 0.0228493 0.00286789 -0.0228427 0.999735 0.16373 0.313916 -1.62143
FixedParameters: 0 0 0

#Transform 123
Transform: AffineTransform_float_3_3
Parameters: 0.999992 0.00240351 -0.0031871 -0.00233188 0.999753 0.0221435 0.0032387 -0.0221365 0.99975 0.179356 0.310493 -1.6337
FixedParameters: 0 0 0

#Transform 124
Transform: AffineTransform_float_3_3
Parameters: 0.999994 0.00188491 -0.00309399 -0.00181741 0.999768 0.0214776 0.00313346 -0.0214724 0.999765 0.157355 0.299851 -1.64806
FixedParameters: 0 0 0

#Transform 125
Transform: AffineTransform_float_3_3
Parameters: 0.999996 0.00104844 -0.00284459 -0.000988712 0.999776 0.0211527 0.00286589 -0.0211503 0.999772 0.118543 0.287541 -1.54752
FixedParameters: 0 0 0

#Transform 126
Transform: AffineTransform_float_3_3
Parameters: 0.999996 0.00142384 -0.00271619 -0.00136776 0.999789 0.0204796 0.0027448 -0.0204754 0.999787 0.14314 0.251421 -1.49324
FixedParameters: 0 0 0

#Transform 127
Transform: AffineTransform_float_3_3
Parameters: 0.999994 0.0015685 -0.00315546 -0.00151513 0.999855 0.0169237 0.00318118 -0.0169193 0.999851 0.138611 0.0819337 -1.73724
FixedParameters: 0 0 0

#Transform 128
Transform: AffineTransform_float_3_3
Parameters: 0.999999 -0.000596345 -0.00145525 0.000581565 0.999953 -0.0096149 0.00146117 0.00961309 0.999952 0.0901967 0.27677 -2.722
FixedParameters: 0 0 0

#Transform 129
Transform: AffineTransform_float_3_3
Parameters: 0.999994 0.000240148 -0.00329305 -0.00025809 0.999985 -0.00559941 0.00329212 0.0056006 0.999979 0.234849 0.470101 -2.01799
FixedParameters: 0 0 0

#Transform 130
Transform: AffineTransform_float_3_3
Parameters: 0.999998 -0.00106426 -0.00170834 0.00106806 0.999998 0.00201718 0.0017059 -0.00201882 0.999996 0.0625502 0.411063 -0.637504
FixedParameters: 0 0 0

#Transform 131
Transform: AffineTransform_float_3_3
Parameters: 0.999997 -0.00128811 -0.00232753 0.00129561 0.999994 0.00336895 0.00232246 -0.00337206 0.999991 0.140757 0.416028 -0.769836
FixedParameters: 0 0 0

#Transform 132
Transform: AffineTransform_float_3_3
Parameters: 0.999992 -0.0027631 -0.00284103 0.00277648 0.999985 0.00475018 0.0028271 -0.00475782 0.999985 0.155464 0.403084 -0.805572
FixedParameters: 0 0 0

#Transform 133
Transform: AffineTransform_float_3_3
Parameters: 0.999988 -0.00303551 -0.00371578 0.00305435 0.999983 0.00505764 0.00370011 -0.00506936 0.99998 0.166539 0.42154 -0.876296
FixedParameters: 0 0 0

#Transform 134
Transform: AffineTransform_float_3_3
Parameters: 0.999993 -0.00256095 -0.00264548 0.00257494 0.999982 0.00542621 0.00263194 -0.00543279 0.999982 0.12807 0.354662 -0.881976
FixedParameters: 0 0 0

#Transform 135
Transform: AffineTransform_float_3_3
Parameters: 0.999997 -0.00176617 -0.00208837 0.00177849 0.99998 0.00595126 0.00207771 -0.00595574 0.99998 0.0589698 0.387839 -0.783892
FixedParameters: 0 0 0

#Transform 136
Transform: AffineTransform_float_3_3
Parameters: 0.999996 -0.00140437 -0.00270154 0.00141982 0.999982 0.0058991 0.00269314 -0.00590291 0.999979 0.102345 0.40368 -0.9616
FixedParameters: 0 0 0

#Transform 137
Transform: AffineTransform_float_3_3
Parameters: 0.999994 -0.00192323 -0.00280849 0.00193635 0.999988 0.00454753 0.00279937 -0.00455347 0.999986 0.110409 0.426767 -0.897066
FixedParameters: 0 0 0

#Transform 138
Transform: AffineTransform_float_3_3
Parameters: 0.999994 -0.00175438 -0.00293445 0.00177047 0.999982 0.00572673 0.00292448 -0.00573126 0.999979 0.130037 0.389691 -0.929589
FixedParameters: 0 0 0

#Transform 139
Transform: AffineTransform_float_3_3
Parameters: 0.999995 -0.00181733 -0.00256306 0.0018324 0.999979 0.00617428 0.00255178 -0.00617872 0.999978 0.106981 0.36423 -0.906291
FixedParameters: 0 0 0

#Transform 140
Transform: AffineTransform_float_3_3
Parameters: 0.999995 -0.0020684 -0.00231663 0.00208334 0.999976 0.00661319 0.00230247 -0.0066178 0.999975 0.0898833 0.365793 -0.883103
FixedParameters: 0 0 0

#Transform 141
Transform: AffineTransform_float_3_3
Parameters: 0.999994 -0.0018532 -0.00271439 0.00186988 0.999978 0.0063199 0.00270307 -0.0063251 0.999976 0.109046 0.386329 -0.921458
FixedParameters: 0 0 0

#Transform 142
Transform: AffineTransform_float_3_3
Parameters: 0.999996 -0.00189449 -0.00236662 0.00191134 0.999973 0.00708845 0.00235289 -0.00709255 0.999972 0.097474 0.351279 -0.917156
FixedParameters: 0 0 0

#Transform 143
Transform: AffineTransform_float_3_3
Parameters: 0.999995 -0.00145601 -0.00286321 0.00147572 0.999974 0.00702867 0.00285267 -0.00703334 0.999972 0.130248 0.361694 -0.982221
FixedParameters: 0 0 0

#Transform 144
Transform: AffineTransform_float_3_3
Parameters: 0.999996 -0.00171269 -0.00254618 0.00173144 0.99997 0.00754957 0.00253329 -0.00755442 0.999968 0.110227 0.333159 -0.933277
FixedParameters: 0 0 0

#Transform 145
Transform: AffineTransform_float_3_3
Parameters: 0.999994 -0.00131173 -0.00304467 0.00133522 0.999971 0.00755883 0.00303465 -0.00756317 0.999967 0.140145 0.34815 -0.979657
FixedParameters: 0 0 0

#Transform 146
Transform: AffineTransform_float_3_3
Parameters: 0.999995 -0.0016453 -0.00268285 0.00166529 0.99997 0.00757447 0.00266984 -0.00757853 0.999968 0.118531 0.340498 -0.940508
FixedParameters: 0 0 0

#Transform 147
Transform: AffineTransform_float_3_3
Parameters: 0.999995 -0.00160393 -0.00273507 0.00162792 0.999959 0.00891549 0.00272015 -0.0089195 0.999956 0.114042 0.339141 -1.00518
FixedParameters: 0 0 0

#Transform 148
Transform: AffineTransform_float_3_3
Parameters: 0.999995 -0.00169182 -0.00245041 0.00171202 0.999964 0.00835979 0.00243603 -0.00836422 0.999962 0.108028 0.339553 -1.0441
FixedParameters: 0 0 0

#Transform 149
Transform: AffineTransform_float_3_3
Parameters: 0.999996 -0.00176979 -0.00230355 0.00178751 0.999967 0.00791786 0.00228955 -0.00792214 0.999966 0.104358 0.346359 -0.981076
FixedParameters: 0 0 0

#Transform 150
Transform: AffineTransform_float_3_3
Parameters: 0.999996 -0.00159284 -0.00235589 0.00161229 0.999964 0.00832118 0.00234334 -0.00832482 0.999962 0.108689 0.340217 -0.972762
FixedParameters: 0 0 0

#Transform 151
Transform: AffineTransform_float_3_3
Parameters: 0.999996 -0.00160403 -0.00229471 0.0016227 0.999968 0.00791926 0.00228137 -0.00792374 0.999966 0.109475 0.322179 -0.998292
FixedParameters: 0 0 0

#Transform 152
Transform: AffineTransform_float_3_3
Parameters: 0.999995 -0.00161194 -0.00246416 0.00163246 0.999963 0.00836791 0.00245008 -0.00837208 0.999962 0.116624 0.323888 -1.0059
FixedParameters: 0 0 0

#Transform 153
Transform: AffineTransform_float_3_3
Parameters: 0.999995 -0.00178793 -0.00230522 0.00180733 0.999964 0.00828282 0.0022896 -0.00828718 0.999963 0.0950601 0.323656 -0.991469
FixedParameters: 0 0 0

#Transform 154
Transform: AffineTransform_float_3_3
Parameters: 0.999995 -0.00163545 -0.00255405 0.00165787 0.999961 0.00865171 0.00253958 -0.0086563 0.99996 0.108881 0.313211 -1.02982
FixedParameters: 0 0 0

#Transform 155
Transform: AffineTransform_float_3_3
Parameters: 0.999996 -0.00177794 -0.00230633 0.00179925 0.999957 0.00914988 0.00228967 -0.00915412 0.999955 0.100595 0.316815 -1.06006
FixedParameters: 0 0 0

#Transform 156
Transform: AffineTransform_float_3_3
Parameters: 0.999996 -0.00173074 -0.00230156 0.00174868 0.999966 0.00796495 0.002287 -0.00796904 0.999965 0.106178 0.34631 -0.998455
FixedParameters: 0 0 0

#Transform 157
Transform: AffineTransform_float_3_3
Parameters: 0.999995 -0.00197816 -0.00222468 0.00199475 0.999969 0.00750658 0.0022101 -0.00751141 0.999969 0.0950164 0.300126 -1.00411
FixedParameters: 0 0 0

#Transform 158
Transform: AffineTransform_float_3_3
Parameters: 0.999995 -0.00215448 -0.00260288 0.00216938 0.999983 0.00547337 0.0025906 -0.00547863 0.999982 0.12172 0.338305 -0.991657
FixedParameters: 0 0 0

#Transform 159
Transform: AffineTransform_float_3_3
Parameters: 0.999995 -0.00214097 -0.00240261 0.00215399 0.999984 0.00532884 0.00239115 -0.00533416 0.999983 0.13455 0.387069 -0.901263
FixedParameters: 0 0 0

#Transform 160
Transform: AffineTransform_float_3_3
Parameters: 0.999994 -0.00229748 -0.00236061 0.00231383 0.999973 0.00703261 0.00234442 -0.00703739 0.999972 0.132133 0.340562 -0.999584
FixedParameters: 0 0 0

#Transform 161
Transform: AffineTransform_float_3_3
Parameters: 0.999995 -0.00207641 -0.00240266 0.00209354 0.999975 0.00684199 0.00238843 -0.006847 0.999974 0.137059 0.36169 -0.985602
FixedParameters: 0 0 0

#Transform 162
Transform: AffineTransform_float_3_3
Parameters: 0.999994 -0.00206588 -0.00256229 0.00208565 0.999968 0.00773264 0.00254629 -0.00773836 0.999967 0.149 0.334847 -1.02526
FixedParameters: 0 0 0

#Transform 163
Transform: AffineTransform_float_3_3
Parameters: 0.999995 -0.00207517 -0.00240374 0.0020927 0.999971 0.007359 0.00238927 -0.00736401 0.99997 0.137297 0.343584 -0.986796
FixedParameters: 0 0 0

#Transform 164
Transform: AffineTransform_float_3_3
Parameters: 0.999995 -0.00213443 -0.00207649 0.00214933 0.99997 0.00739661 0.00206009 -0.00740139 0.99997 0.109711 0.33408 -0.912679
FixedParameters: 0 0 0

#Transform 165
Transform: AffineTransform_float_3_3
Parameters: 0.999996 -0.00173292 -0.00227404 0.00174996 0.999969 0.007642 0.00226063 -0.00764601 0.999969 0.151296 0.332513 -0.970275
FixedParameters: 0 0 0

#Transform 166
Transform: AffineTransform_float_3_3
Parameters: 0.999995 -0.00187889 -0.0022626 0.00189636 0.999969 0.00756368 0.0022483 -0.00756831 0.999969 0.127148 0.34515 -0.988075
FixedParameters: 0 0 0

#Transform 167
Transform: AffineTransform_float_3_3
Parameters: 0.999996 -0.00190027 -0.00205697 0.00191466 0.999971 0.00732908 0.00204331 -0.00733292 0.999971 0.125437 0.335726 -0.910705
FixedParameters: 0 0 0

#Transform 168
Transform: AffineTransform_float_3_3
Parameters: 0.999995 -0.00235111 -0.00240661 0.00236923 0.999969 0.00748733 0.00238846 -0.00749267 0.999969 0.114219 0.350567 -0.901773
FixedParameters: 0 0 0

#Transform 169
Transform: AffineTransform_float_3_3
Parameters: 0.999995 -0.00189678 -0.00228265 0.00191468 0.999969 0.00760165 0.00226893 -0.00760634 0.999968 0.124562 0.341228 -0.950691
FixedParameters: 0 0 0

#Transform 170
Transform: AffineTransform_float_3_3
Parameters: 0.999996 -0.00201233 -0.00194488 0.00202713 0.999967 0.00787508 0.00192836 -0.00787892 0.999967 0.11114 0.335781 -0.963226
FixedParameters: 0 0 0

#Transform 171
Transform: AffineTransform_float_3_3
Parameters: 0.999997 -0.00180926 -0.00204371 0.00182572 0.999965 0.00813929 0.00202938 -0.00814271 0.999965 0.124989 0.333433 -0.954277
FixedParameters: 0 0 0

#Transform 172
Transform: AffineTransform_float_3_3
Parameters: 0.999996 -0.00195568 -0.00231155 0.00197125 0.999974 0.00699047 0.00229834 -0.00699454 0.999973 0.128143 0.357208 -0.93445
FixedParameters: 0 0 0

#Transform 173
Transform: AffineTransform_float_3_3
Parameters: 0.999996 -0.00217573 -0.00176044 0.00218774 0.999972 0.00705021 0.00174511 -0.00705378 0.999973 0.108445 0.327571 -0.879946
FixedParameters: 0 0 0

#Transform 174
Transform: AffineTransform_float_3_3
Parameters: 0.999995 -0.00234058 -0.00207584 0.00235676 0.999965 0.00799818 0.00205751 -0.00800382 0.999966 0.120294 0.337413 -0.911286
FixedParameters: 0 0 0

#Transform 175
Transform: AffineTransform_float_3_3
Parameters: 0.999996 -0.00200898 -0.00224832 0.00202692 0.999966 0.00796347 0.00223238 -0.00796853 0.999966 0.133905 0.340762 -0.965765
FixedParameters: 0 0 0

#Transform 176
Transform: AffineTransform_float_3_3
Parameters: 0.999995 -0.00220646 -0.00218507 0.00222574 0.999961 0.00853117 0.00216546 -0.00853683 0.999962 0.126648 0.320649 -1.01846
FixedParameters: 0 0 0

#Transform 177
Transform: AffineTransform_float_3_3
Parameters: 0.999996 -0.00212756 -0.00185039 0.00214383 0.999957 0.00900511 0.00183117 -0.00900889 0.999958 0.125557 0.299058 -1.02968
FixedParameters: 0 0 0

#Transform 178
Transform: AffineTransform_float_3_3
Parameters: 0.999995 -0.00167251 -0.00238896 0.00169182 0.999965 0.00817694 0.00237556 -0.00818106 0.999964 0.154293 0.302542 -1.02802
FixedParameters: 0 0 0

#Transform 179
Transform: AffineTransform_float_3_3
Parameters: 0.999995 -0.00193486 -0.00227496 0.00195346 0.999964 0.00823458 0.00225909 -0.00823941 0.999963 0.132506 0.299956 -1.00724
FixedParameters: 0 0 0

#Transform 180
Transform: AffineTransform_float_3_3
Parameters: 0.999998 -0.00164696 -0.00121167 0.00165501 0.999975 0.00687205 0.0012006 -0.00687395 0.999975 0.0714166 0.363724 -0.740273
FixedParameters: 0 0 0

#Transform 181
Transform: AffineTransform_float_3_3
Parameters: 0.999998 -0.00169376 -0.0015663 0.00170419 0.999976 0.00670335 0.00155405 -0.00670666 0.999977 0.10932 0.366613 -0.846255
FixedParameters: 0 0 0

#Transform 182
Transform: AffineTransform_float_3_3
Parameters: 0.999997 -0.00176652 -0.00175586 0.00177838 0.999974 0.00698189 0.00174355 -0.00698511 0.999974 0.0996948 0.336936 -0.797357
FixedParameters: 0 0 0

#Transform 183
Transform: AffineTransform_float_3_3
Parameters: 0.999997 -0.00173717 -0.00161006 0.00174792 0.999975 0.00694424 0.00159734 -0.00694675 0.999974 0.0799456 0.366664 -0.682973
FixedParameters: 0 0 0

#Transform 184
Transform: AffineTransform_float_3_3
Parameters: 0.999997 -0.00157492 -0.00157914 0.00158551 0.999976 0.00670651 0.00156947 -0.0067095 0.999977 0.0919968 0.370936 -0.713554
FixedParameters: 0 0 0

#Transform 185
Transform: AffineTransform_float_3_3
Parameters: 0.999997 -0.0016849 -0.00167896 0.00169576 0.999976 0.00668617 0.00166784 -0.00668984 0.999977 0.0894275 0.366127 -0.731224
FixedParameters: 0 0 0

#Transform 186
Transform: AffineTransform_float_3_3
Parameters: 0.999997 -0.0015151 -0.00149598 0.00152579 0.999976 0.00675373 0.00148502 -0.00675627 0.999976 0.0721738 0.349177 -0.695604
FixedParameters: 0 0 0

#Transform 187
Transform: AffineTransform_float_3_3
Parameters: 0.999998 -0.000964171 -0.00172184 0.000975894 0.999975 0.00700228 0.0017157 -0.00700372 0.999974 0.106304 0.325023 -0.779965
FixedParameters: 0 0 0

#Transform 188
Transform: AffineTransform_float_3_3
Parameters: 0.999998 -0.00132206 -0.00183258 0.00133482 0.999976 0.00689157 0.00182371 -0.00689443 0.999974 0.0895473 0.318988 -0.775724
FixedParameters: 0 0 0

#Transform 189
Transform: AffineTransform_float_3_3
Parameters: 0.999999 -0.000979126 -0.00154366 0.000990164 0.999973 0.00726748 0.00153684 -0.00726852 0.999972 0.0774032 0.316355 -0.726082
FixedParameters: 0 0 0

#Transform 190
Transform: AffineTransform_float_3_3
Parameters: 0.999998 -0.00111335 -0.00161402 0.00112489 0.999971 0.00743515 0.00160583 -0.00743685 0.999971 0.090927 0.311908 -0.772621
FixedParameters: 0 0 0

#Transform 191
Transform: AffineTransform_float_3_3
Parameters: 0.999997 -0.00135389 -0.00169241 0.00136782 0.999969 0.0078377 0.00168252 -0.0078393 0.999968 0.0948467 0.305663 -0.799482
FixedParameters: 0 0 0

#Transform 192
Transform: AffineTransform_float_3_3
Parameters: 0.999997 0.000541607 -0.00263525 -0.000481057 0.999741 0.0227312 0.00264679 -0.0227298 0.999738 0.10213 0.122852 -1.10947
FixedParameters: 0 0 0

#Transform 193
Transform: AffineTransform_float_3_3
