# transform file /out/sourcedata/freesurfer/sub-v1s22x0050449_ses-1/mri/transforms/cc_up.lta
# created by oesteban on Thu Mar 12 17:32:40 2026

type      = 0 # LINEAR_VOX_TO_VOX
nxforms   = 1
mean      = 129.0000 102.0000 118.0000
sigma     = 10000.0000
1 4 4
9.965810775756836e-01 4.630184918642044e-02 -6.842826306819916e-02 1.060096740722656e+00 
-4.619308933615685e-02 9.989275336265564e-01 3.171757096424699e-03 5.074839782714844e+01 
6.850173324346542e-02 0.000000000000000e+00 9.976511001586914e-01 1.035081768035889e+01 
0.000000000000000e+00 0.000000000000000e+00 0.000000000000000e+00 1.000000000000000e+00 
src volume info
valid = 1  # volume info valid
filename = /out/sourcedata/freesurfer/sub-v1s22x0050449_ses-1/mri/norm.mgz
volume = 256 256 256
voxelsize = 1.000000000000000e+00 1.000000000000000e+00 1.000000000000000e+00
xras   = -1.000000000000000e+00 0.000000000000000e+00 0.000000000000000e+00
yras   = 0.000000000000000e+00 0.000000000000000e+00 -1.000000000000000e+00
zras   = 0.000000000000000e+00 1.000000000000000e+00 0.000000000000000e+00
cras   = 2.139991760253906e+00 4.684201812744141e+01 1.117651367187500e+01
dst volume info
valid = 1  # volume info valid
filename = /out/sourcedata/freesurfer/sub-v1s22x0050449_ses-1/mri/norm.mgz
volume = 256 256 256
voxelsize = 1.000000000000000e+00 1.000000000000000e+00 1.000000000000000e+00
xras   = -1.000000000000000e+00 0.000000000000000e+00 0.000000000000000e+00
yras   = 0.000000000000000e+00 0.000000000000000e+00 -1.000000000000000e+00
zras   = 0.000000000000000e+00 1.000000000000000e+00 0.000000000000000e+00
cras   = 2.139991760253906e+00 4.684201812744141e+01 1.117651367187500e+01
