# transform file /out/sourcedata/freesurfer/sub-v1s22x0050482_ses-1/mri/transforms/cc_up.lta
# created by oesteban on Mon Mar  9 16:01:48 2026

type      = 0 # LINEAR_VOX_TO_VOX
nxforms   = 1
mean      = 127.0000 107.0000 114.0000
sigma     = 10000.0000
1 4 4
9.983115196228027e-01 -5.466295406222343e-02 1.965462043881416e-02 6.071299552917480e+00 
5.465236678719521e-02 9.985049366950989e-01 1.075988286174834e-03 3.219177627563477e+01 
-1.968405023217201e-02 0.000000000000000e+00 9.998063445091248e-01 2.848026275634766e+01 
0.000000000000000e+00 0.000000000000000e+00 0.000000000000000e+00 1.000000000000000e+00 
src volume info
valid = 1  # volume info valid
filename = /out/sourcedata/freesurfer/sub-v1s22x0050482_ses-1/mri/norm.mgz
volume = 256 256 256
voxelsize = 1.000000000000000e+00 1.000000000000000e+00 1.000000000000000e+00
xras   = -1.000000000000000e+00 0.000000000000000e+00 0.000000000000000e+00
yras   = 0.000000000000000e+00 0.000000000000000e+00 -9.999999403953552e-01
zras   = 0.000000000000000e+00 1.000000000000000e+00 0.000000000000000e+00
cras   = 5.275909423828125e+00 5.199317169189453e+01 -1.227234649658203e+01
dst volume info
valid = 1  # volume info valid
filename = /out/sourcedata/freesurfer/sub-v1s22x0050482_ses-1/mri/norm.mgz
volume = 256 256 256
voxelsize = 1.000000000000000e+00 1.000000000000000e+00 1.000000000000000e+00
xras   = -1.000000000000000e+00 0.000000000000000e+00 0.000000000000000e+00
yras   = 0.000000000000000e+00 0.000000000000000e+00 -9.999999403953552e-01
zras   = 0.000000000000000e+00 1.000000000000000e+00 0.000000000000000e+00
cras   = 5.275909423828125e+00 5.199317169189453e+01 -1.227234649658203e+01
