# transform file /out/sourcedata/freesurfer/sub-v1s22x0050478_ses-1/mri/transforms/cc_up.lta
# created by oesteban on Mon Mar  9 15:51:08 2026

type      = 0 # LINEAR_VOX_TO_VOX
nxforms   = 1
mean      = 129.0000 106.0000 111.0000
sigma     = 10000.0000
1 4 4
9.993007183074951e-01 -1.052705291658640e-02 -3.587891906499863e-02 1.827753782272339e+00 
1.052027475088835e-02 9.999446272850037e-01 -3.777202218770981e-04 4.167751693725586e+01 
3.588090464472771e-02 0.000000000000000e+00 9.993560910224915e-01 2.340900802612305e+01 
0.000000000000000e+00 0.000000000000000e+00 0.000000000000000e+00 1.000000000000000e+00 
src volume info
valid = 1  # volume info valid
filename = /out/sourcedata/freesurfer/sub-v1s22x0050478_ses-1/mri/norm.mgz
volume = 256 256 256
voxelsize = 1.000000000000000e+00 1.000000000000000e+00 1.000000000000000e+00
xras   = -1.000000000000000e+00 0.000000000000000e+00 0.000000000000000e+00
yras   = 0.000000000000000e+00 0.000000000000000e+00 -1.000000000000000e+00
zras   = 0.000000000000000e+00 1.000000000000000e+00 0.000000000000000e+00
cras   = 4.473274230957031e+00 5.027523803710938e+01 -1.361767578125000e+01
dst volume info
valid = 1  # volume info valid
filename = /out/sourcedata/freesurfer/sub-v1s22x0050478_ses-1/mri/norm.mgz
volume = 256 256 256
voxelsize = 1.000000000000000e+00 1.000000000000000e+00 1.000000000000000e+00
xras   = -1.000000000000000e+00 0.000000000000000e+00 0.000000000000000e+00
yras   = 0.000000000000000e+00 0.000000000000000e+00 -1.000000000000000e+00
zras   = 0.000000000000000e+00 1.000000000000000e+00 0.000000000000000e+00
cras   = 4.473274230957031e+00 5.027523803710938e+01 -1.361767578125000e+01
