# transform file /out/sourcedata/freesurfer/sub-v1s22x0050532_ses-1/mri/transforms/cc_up.lta
# created by oesteban on Mon Mar  9 18:40:00 2026

type      = 0 # LINEAR_VOX_TO_VOX
nxforms   = 1
mean      = 126.0000 108.0000 119.0000
sigma     = 10000.0000
1 4 4
9.921460151672363e-01 5.894761905074120e-02 -1.103247255086899e-01 9.216721534729004e+00 
-5.858651921153069e-02 9.982610940933228e-01 6.514708511531353e-03 3.984870529174805e+01 
1.105169057846069e-01 -4.656612873077393e-10 9.938743114471436e-01 4.714331150054932e+00 
0.000000000000000e+00 0.000000000000000e+00 0.000000000000000e+00 1.000000000000000e+00 
src volume info
valid = 1  # volume info valid
filename = /out/sourcedata/freesurfer/sub-v1s22x0050532_ses-1/mri/norm.mgz
volume = 256 256 256
voxelsize = 1.000000000000000e+00 1.000000000000000e+00 1.000000000000000e+00
xras   = -1.000000000000000e+00 0.000000000000000e+00 0.000000000000000e+00
yras   = 0.000000000000000e+00 0.000000000000000e+00 -1.000000000000000e+00
zras   = 0.000000000000000e+00 1.000000000000000e+00 0.000000000000000e+00
cras   = -1.760650634765625e+00 2.517633056640625e+01 8.203155517578125e+00
dst volume info
valid = 1  # volume info valid
filename = /out/sourcedata/freesurfer/sub-v1s22x0050532_ses-1/mri/norm.mgz
volume = 256 256 256
voxelsize = 1.000000000000000e+00 1.000000000000000e+00 1.000000000000000e+00
xras   = -1.000000000000000e+00 0.000000000000000e+00 0.000000000000000e+00
yras   = 0.000000000000000e+00 0.000000000000000e+00 -1.000000000000000e+00
zras   = 0.000000000000000e+00 1.000000000000000e+00 0.000000000000000e+00
cras   = -1.760650634765625e+00 2.517633056640625e+01 8.203155517578125e+00
