#Insight Transform File V1.0
#Transform 0
Transform: AffineTransform_float_3_3
Parameters: 0.999999 6.46912e-07 0.000722 -3.53087e-07 0.999999 -0.000896 -0.000722001 0.000896 1 -0.0491688 0.0381492 0.306951
FixedParameters: 0 0 0

#Transform 1
Transform: AffineTransform_float_3_3
Parameters: 1 3.16646e-07 0.000389 3.16646e-07 0.999999 -0.000813999 -0.000389 0.000813999 0.999999 -0.0642118 0.0774042 0.261432
FixedParameters: 0 0 0

#Transform 2
Transform: AffineTransform_float_3_3
Parameters: 1 0.000123151 0.000290936 -0.000122849 1 -0.000518036 -0.000291064 0.000517964 1 -0.0495795 0.0304893 0.280074
FixedParameters: 0 0 0

#Transform 3
Transform: AffineTransform_float_3_3
Parameters: 1 5.5692e-07 0.000612 -4.43079e-07 0.999999 -0.00091 -0.000612001 0.00091 1 -0.0421785 0.0179714 0.224969
FixedParameters: 0 0 0

#Transform 4
Transform: AffineTransform_float_3_3
Parameters: 1 0.000313192 0.000205708 -0.000312807 0.999999 -0.000933064 -0.000206292 0.000932935 0.999999 -0.00100299 0.0668244 0.246547
FixedParameters: 0 0 0

#Transform 5
Transform: AffineTransform_float_3_3
Parameters: 1 0 0 0 0.999999 -0.001321 0 0.001321 0.999999 -0.004365 0.0738034 0.1989
FixedParameters: 0 0 0

#Transform 6
Transform: AffineTransform_float_3_3
Parameters: 1 0.000395133 0.000155662 -0.000394867 0.999999 -0.000855061 -0.000155338 0.000854938 0.999999 -0.0271289 0.0471934 0.231741
FixedParameters: 0 0 0

#Transform 7
Transform: AffineTransform_float_3_3
Parameters: 1 1.5974e-07 0.000245 1.5974e-07 1 -0.000652 -0.000245 0.000652 1 -0.0227632 0.00462849 0.166396
FixedParameters: 0 0 0

#Transform 8
Transform: AffineTransform_float_3_3
Parameters: 1 0.000143 -1.44716e-07 -0.000143 1 -0.001012 -1.44716e-07 0.001012 1 0.00211782 0.0388856 0.12725
FixedParameters: 0 0 0

#Transform 9
Transform: AffineTransform_float_3_3
Parameters: 1 0.000220952 -0.000103102 -0.000221048 1 -0.000461977 0.000102898 0.000462023 1 -0.0211351 0.0687918 0.117547
FixedParameters: 0 0 0

#Transform 10
Transform: AffineTransform_float_3_3
Parameters: 1 0.000212009 0.000120984 -0.000211991 1 -7.60256e-05 -0.000120016 7.59746e-05 1 -0.0179053 0.00914082 0.137237
FixedParameters: 0 0 0

#Transform 11
Transform: AffineTransform_float_3_3
Parameters: 1 -3.76068e-07 -0.000484 -3.76068e-07 0.999999 -0.000776999 0.000484 0.000776999 0.999999 0.00956825 0.0535354 0.0953263
FixedParameters: 0 0 0

#Transform 12
Transform: AffineTransform_float_3_3
Parameters: 1 0.000253891 -0.000484057 -0.000254109 1 -0.000225877 0.000483942 0.000226123 1 -0.00961645 0.0679734 0.116894
FixedParameters: 0 0 0

#Transform 13
Transform: AffineTransform_float_3_3
Parameters: 1 -9.801e-09 -0.000121 -9.801e-09 1 -8.1e-05 0.000121 8.1e-05 1 -0.0139601 0.0174404 0.106631
FixedParameters: 0 0 0

#Transform 14
Transform: AffineTransform_float_3_3
Parameters: 1 2.808e-08 0.00036 2.808e-08 1 -7.8e-05 -0.00036 7.8e-05 1 -0.0254898 0.0228069 0.0234433
FixedParameters: 0 0 0

#Transform 15
Transform: AffineTransform_float_3_3
Parameters: 1 -0.000138998 2.70121e-05 0.000139002 1 -8.69962e-05 -2.69879e-05 8.70038e-05 1 -0.00404377 0.051777 0.0472636
FixedParameters: 0 0 0

#Transform 16
Transform: AffineTransform_float_3_3
Parameters: 1 0.000134935 -0.000404022 -0.000135065 1 -0.000160945 0.000403978 0.000161055 1 -0.0208839 0.0742825 0.169317
FixedParameters: 0 0 0

#Transform 17
Transform: AffineTransform_float_3_3
Parameters: 1 3.1323e-08 0.000197 3.1323e-08 1 -0.000159 -0.000197 0.000159 1 0.00372006 0.0132469 -0.000795412
FixedParameters: 0 0 0

#Transform 18
Transform: AffineTransform_float_3_3
Parameters: 1 -2.07761e-07 -0.000373 -2.07761e-07 1 -0.000557 0.000373 0.000557 1 0.0115044 0.047023 -0.028594
FixedParameters: 0 0 0

#Transform 19
Transform: AffineTransform_float_3_3
Parameters: 1 -2.6483e-08 -0.000373 -2.6483e-08 1 -7.1e-05 0.000373 7.1e-05 1 -0.0212833 0.0414443 0.120673
FixedParameters: 0 0 0

#Transform 20
Transform: AffineTransform_float_3_3
Parameters: 1 -7.473e-09 -0.000159 -7.473e-09 1 -4.7e-05 0.000159 4.7e-05 1 -0.000251787 0.00519598 0.0163607
FixedParameters: 0 0 0

#Transform 21
Transform: AffineTransform_float_3_3
Parameters: 1 -0.000404018 -5.68743e-05 0.000403982 1 -0.000311023 5.71256e-05 0.000310977 1 0.00185446 0.0307841 0.0131062
FixedParameters: 0 0 0

#Transform 22
Transform: AffineTransform_float_3_3
Parameters: 1 -0.000186199 -0.000372901 0.000185801 1 -0.000532069 0.000373099 0.00053293 1 -0.00260187 0.0710025 0.0369329
FixedParameters: 0 0 0

#Transform 23
Transform: AffineTransform_float_3_3
Parameters: 1 0.000143929 -0.000373027 -0.000144071 1 -0.000189946 0.000372973 0.000190054 1 -0.0224578 0.0796345 0.150783
FixedParameters: 0 0 0

#Transform 24
Transform: AffineTransform_float_3_3
Parameters: 1 -6.20444e-05 -0.000173984 6.19556e-05 1 -0.000255011 0.000174016 0.000254989 1 -0.00366606 0.0423592 0.0709253
FixedParameters: 0 0 0

#Transform 25
Transform: AffineTransform_float_3_3
Parameters: 1 -0.000184023 -0.000161973 0.000183977 1 -0.00014403 0.000162026 0.00014397 1 0.0261847 0.0561516 0.00791597
FixedParameters: 0 0 0

#Transform 26
Transform: AffineTransform_float_3_3
Parameters: 1 3.91962e-06 -0.000204002 -4.08038e-06 1 -0.000393999 0.000203998 0.000394001 1 0.0216579 0.0616031 -0.0255538
FixedParameters: 0 0 0

#Transform 27
Transform: AffineTransform_float_3_3
Parameters: 1 0.000186848 -0.000238119 -0.000187152 1 -0.000637955 0.000237881 0.000638044 1 0.00455459 0.0743962 0.0542174
FixedParameters: 0 0 0

#Transform 28
Transform: AffineTransform_float_3_3
Parameters: 1 0.000287853 -0.000373113 -0.000287147 1 -0.000393893 0.000372887 0.000394107 1 -0.0030608 0.0456154 0.0672163
FixedParameters: 0 0 0

#Transform 29
Transform: AffineTransform_float_3_3
Parameters: 1 1.00181e-05 0.000121999 -9.98194e-06 1 -0.000148001 -0.000122001 0.000147999 1 0.0152613 0.00158514 -0.0317987
FixedParameters: 0 0 0

#Transform 30
Transform: AffineTransform_float_3_3
Parameters: 1 -0.000120007 -0.000372998 0.000119993 1 -1.90448e-05 0.000373002 1.89552e-05 1 0.0457405 0.0128185 -0.0910703
FixedParameters: 0 0 0

#Transform 31
Transform: AffineTransform_float_3_3
Parameters: 1 9.88928e-06 -0.000692001 -1.01107e-05 1 -0.000159993 0.000691998 0.000160007 0.999999 0.0231623 0.0550879 0.0280797
FixedParameters: 0 0 0

#Transform 32
Transform: AffineTransform_float_3_3
Parameters: 1 1.00185e-05 -5.69967e-05 -9.98147e-06 1 0.000325001 5.70032e-05 -0.000324999 1 0.00887342 -0.0117415 -0.0560953
FixedParameters: 0 0 0

#Transform 33
Transform: AffineTransform_float_3_3
Parameters: 1 9.94072e-06 -0.000228003 -1.00593e-05 1 -0.000259998 0.000227997 0.000260002 1 0.0462854 0.0227104 -0.0701322
FixedParameters: 0 0 0

#Transform 34
Transform: AffineTransform_float_3_3
Parameters: 1 9.93031e-06 -0.000385002 -1.00697e-05 1 -0.000180996 0.000384998 0.000181004 1 0.0320406 0.0711447 -0.03052
FixedParameters: 0 0 0

#Transform 35
Transform: AffineTransform_float_3_3
Parameters: 1 9.97948e-06 -0.000228001 -1.00205e-05 1 -8.99977e-05 0.000227999 9.00023e-05 1 0.0488872 0.00165921 -0.083154
FixedParameters: 0 0 0

#Transform 36
Transform: AffineTransform_float_3_3
Parameters: 1 1.00082e-05 -0.000228 -9.99179e-06 1 3.60023e-05 0.000228 -3.59977e-05 1 0.0697255 0.0235282 -0.232828
FixedParameters: 0 0 0

#Transform 37
Transform: AffineTransform_float_3_3
Parameters: 1 9.86833e-06 -0.000630002 -1.01317e-05 1 -0.000208994 0.000629998 0.000209006 1 0.0722136 0.052173 -0.160245
FixedParameters: 0 0 0

#Transform 38
Transform: AffineTransform_float_3_3
Parameters: 1 9.90321e-06 -0.000436002 -1.00968e-05 1 -0.000221996 0.000435998 0.000222004 1 0.0738808 0.0147862 -0.190574
FixedParameters: 0 0 0

#Transform 39
Transform: AffineTransform_float_3_3
Parameters: 1 9.69981e-06 -0.000559005 -1.03002e-05 1 -0.000536994 0.000558994 0.000537005 0.999999 0.0763708 0.0348011 -0.243615
FixedParameters: 0 0 0

#Transform 40
Transform: AffineTransform_float_3_3
Parameters: 1 0.000225929 -0.000337048 -0.000226071 1 -0.000211924 0.000336952 0.000212076 1 0.0772597 0.00288986 -0.24418
FixedParameters: 0 0 0

#Transform 41
Transform: AffineTransform_float_3_3
Parameters: 1 9.30258e-06 -0.000630011 -9.69851e-06 1 -0.00110699 0.00063099 0.00110701 0.999999 0.097466 0.0227776 -0.305859
FixedParameters: 0 0 0

#Transform 42
Transform: AffineTransform_float_3_3
Parameters: 1 0.000305181 -0.00112522 -0.000305819 0.999999 -0.000727656 0.00112578 0.000728344 0.999999 0.100061 0.0430731 -0.209743
FixedParameters: 0 0 0

#Transform 43
Transform: AffineTransform_float_3_3
Parameters: 0.999999 9.68134e-06 -0.000781003 -1.03186e-05 1 -0.000407992 0.000780995 0.000408007 0.999999 0.100447 0.0107328 -0.276981
FixedParameters: 0 0 0

#Transform 44
Transform: AffineTransform_float_3_3
Parameters: 0.999999 -0.000143931 -0.000946859 0.00014207 0.999999 -0.000982135 0.00094714 0.000982864 0.999999 0.104012 0.0359515 -0.300778
FixedParameters: 0 0 0

#Transform 45
Transform: AffineTransform_float_3_3
Parameters: 1 9.13274e-06 -0.00107201 -9.86724e-06 0.999999 -0.00080899 0.00107199 0.00080901 0.999999 0.101302 0.0569546 -0.207433
FixedParameters: 0 0 0

#Transform 46
Transform: AffineTransform_float_3_3
Parameters: 1 9.08651e-06 -0.00113901 -9.91347e-06 0.999999 -0.000801989 0.00113899 0.000802011 0.999999 0.147354 0.0343222 -0.171741
FixedParameters: 0 0 0

#Transform 47
Transform: AffineTransform_float_3_3
Parameters: 0.999999 9.69461e-05 -0.00125608 -9.80537e-05 0.999999 -0.000838877 0.00125592 0.000839122 0.999999 0.126881 0.0404172 -0.32656
FixedParameters: 0 0 0

#Transform 48
Transform: AffineTransform_float_3_3
Parameters: 0.999999 0.000657876 -0.000397204 -0.000657123 0.999999 -0.000309739 0.000396796 0.000310261 1 0.10421 -0.00720709 -0.348767
FixedParameters: 0 0 0

#Transform 49
Transform: AffineTransform_float_3_3
Parameters: 1 0.000646663 -0.000282771 -0.000647337 0.999999 -0.00119182 0.000282229 0.00119218 0.999999 0.118126 -0.0313662 -0.600487
FixedParameters: 0 0 0

#Transform 50
Transform: AffineTransform_float_3_3
Parameters: 0.999999 0.000395222 -0.000825853 -0.000397777 0.999997 -0.00215267 0.000825145 0.00215333 0.999998 0.125688 0.0340978 -0.475514
FixedParameters: 0 0 0

#Transform 51
Transform: AffineTransform_float_3_3
Parameters: 0.999999 0.000186569 -0.000809331 -0.000187431 0.999999 -0.00176885 0.000808669 0.00176915 0.999998 0.120111 -0.00867413 -0.421758
FixedParameters: 0 0 0

#Transform 52
Transform: AffineTransform_float_3_3
Parameters: 1 0.000287363 -0.00116266 -0.000289639 0.999998 -0.00226967 0.00116235 0.00226934 0.999996 0.107888 0.0306592 -0.448841
FixedParameters: 0 0 0

#Transform 53
Transform: AffineTransform_float_3_3
Parameters: 1 0.000289285 -0.00048243 -0.000289715 0.999999 -0.00148386 0.000481571 0.00148314 0.999999 0.0834335 0.0248559 -0.372413
FixedParameters: 0 0 0

#Transform 54
Transform: AffineTransform_float_3_3
Parameters: 0.999999 -0.000158976 -0.00070378 0.000158025 0.999999 -0.00138611 0.000703219 0.00138589 0.999999 0.087609 0.0167759 -0.460464
FixedParameters: 0 0 0

#Transform 55
Transform: AffineTransform_float_3_3
Parameters: 0.999999 0.000322082 -0.00070442 -0.000322917 0.999999 -0.00130277 0.00070358 0.00130323 0.999999 0.0853995 0.0542241 -0.329427
FixedParameters: 0 0 0

#Transform 56
Transform: AffineTransform_float_3_3
Parameters: 1 -3.07328e-05 -0.000664967 3.02678e-05 1 -0.00110102 0.000665034 0.00110198 0.999999 0.0899905 -0.00909247 -0.449568
FixedParameters: 0 0 0

#Transform 57
Transform: AffineTransform_float_3_3
Parameters: 0.999999 8.67615e-05 -0.00090012 -8.72396e-05 0.999999 -0.00137592 0.00090088 0.00137608 0.999998 0.0975769 0.0592569 -0.414296
FixedParameters: 0 0 0

#Transform 58
Transform: AffineTransform_float_3_3
Parameters: 0.999999 0.000268453 -0.000704209 -0.000268547 0.999999 -0.000776811 0.000703792 0.000777189 1 0.0980636 0.0188714 -0.379452
FixedParameters: 0 0 0

#Transform 59
Transform: AffineTransform_float_3_3
Parameters: 1 -0.000102375 -0.00047792 0.000101625 0.999999 -0.000784048 0.00047808 0.000783951 0.999999 0.102691 0.0131645 -0.455071
FixedParameters: 0 0 0

#Transform 60
Transform: AffineTransform_float_3_3
Parameters: 0.999999 -9.91586e-05 -0.000967881 9.78412e-05 1 -0.0011971 0.000968117 0.0011969 0.999999 0.101029 0.0433715 -0.390772
FixedParameters: 0 0 0

#Transform 61
Transform: AffineTransform_float_3_3
Parameters: 0.999999 0.00033128 -0.00091526 -0.000331719 0.999999 -0.000785697 0.000914739 0.000786303 1 0.101134 0.033687 -0.348037
FixedParameters: 0 0 0

#Transform 62
Transform: AffineTransform_float_3_3
Parameters: 0.999999 -7.9175e-05 -0.00070598 7.98249e-05 1 -0.000248056 0.000706019 0.000247944 0.999999 0.118893 -0.0138879 -0.614953
FixedParameters: 0 0 0

#Transform 63
Transform: AffineTransform_float_3_3
Parameters: 1 -3.35491e-05 -0.00103798 3.24509e-05 1 -0.000529034 0.00103802 0.000528966 1 0.113191 0.0237925 -0.507665
FixedParameters: 0 0 0

#Transform 64
Transform: AffineTransform_float_3_3
Parameters: 0.999999 0.000331595 -0.00070619 -0.000331404 1 -0.000572766 0.00070581 0.000573234 0.999999 0.0975275 0.0175173 -0.414027
FixedParameters: 0 0 0

#Transform 65
Transform: AffineTransform_float_3_3
Parameters: 0.999999 -9.45973e-05 -0.000892937 9.44025e-05 1 -0.000669085 0.000893063 0.000668916 1 0.117277 0.010209 -0.550715
FixedParameters: 0 0 0

#Transform 66
Transform: AffineTransform_float_3_3
Parameters: 0.999999 0.000331464 -0.000706252 -0.000331535 0.999999 -0.000758766 0.000705749 0.000758234 1 0.0917476 0.0512999 -0.423845
FixedParameters: 0 0 0

#Transform 67
Transform: AffineTransform_float_3_3
Parameters: 0.999999 0.000115661 -0.000868045 -0.000116339 1 -0.000390899 0.000867954 0.0003911 0.999999 0.114418 -0.0173454 -0.47924
FixedParameters: 0 0 0

#Transform 68
Transform: AffineTransform_float_3_3
Parameters: 1 -9.37307e-05 -0.00105294 9.32692e-05 1 -0.000694099 0.00105307 0.000693902 0.999999 0.118167 0.0165699 -0.523426
FixedParameters: 0 0 0

#Transform 69
Transform: AffineTransform_float_3_3
Parameters: 1 2.87545e-05 -0.000636011 -2.92455e-05 1 -0.000385981 0.000635988 0.000386018 0.999999 0.0938133 0.0595386 -0.353861
FixedParameters: 0 0 0

#Transform 70
Transform: AffineTransform_float_3_3
Parameters: 1 -9.31908e-05 -0.000635972 9.38092e-05 1 -0.00030006 0.000636028 0.000299941 1 0.109756 0.00896085 -0.521862
FixedParameters: 0 0 0

#Transform 71
Transform: AffineTransform_float_3_3
Parameters: 0.999999 -9.38007e-05 -0.00129994 9.31991e-05 1 -0.000616122 0.00130006 0.000615878 0.999999 0.123134 0.0395321 -0.515822
FixedParameters: 0 0 0

#Transform 72
Transform: AffineTransform_float_3_3
Parameters: 0.999999 0.000427808 -0.000636129 -0.000427192 1 -0.000302728 0.000635871 0.000302272 1 0.0887612 0.0408123 -0.359425
FixedParameters: 0 0 0

#Transform 73
Transform: AffineTransform_float_3_3
Parameters: 1 0.000105871 -0.000636021 -0.00010613 1 -0.000203932 0.000635978 0.000203067 1 0.109017 -0.00422083 -0.506079
FixedParameters: 0 0 0

#Transform 74
Transform: AffineTransform_float_3_3
Parameters: 1 0.000118353 -0.00118407 -0.000118646 1 -0.00054586 0.00118394 0.000546141 0.999999 0.125979 0.0223877 -0.515862
FixedParameters: 0 0 0

#Transform 75
Transform: AffineTransform_float_3_3
Parameters: 0.999999 0.000300613 -0.000980119 -0.000301387 1 -0.000394705 0.000979881 0.000395295 1 0.100286 0.0482431 -0.283173
FixedParameters: 0 0 0

#Transform 76
Transform: AffineTransform_float_3_3
Parameters: 0.999999 0.000118773 -0.000944028 -0.000119227 1 -0.000240887 0.000943971 0.000240112 0.999999 0.121046 0.00356246 -0.42539
FixedParameters: 0 0 0

#Transform 77
Transform: AffineTransform_float_3_3
Parameters: 0.999999 0.000118375 -0.00129306 -0.000118624 1 -0.000482847 0.00129294 0.000483153 0.999999 0.121992 0.0537745 -0.398556
FixedParameters: 0 0 0

#Transform 78
Transform: AffineTransform_float_3_3
Parameters: 1 0.000342196 -0.000192652 -0.000341805 1 0.00101607 0.000192347 -0.00101594 1 0.0859411 -0.017861 -0.279703
FixedParameters: 0 0 0

#Transform 79
Transform: AffineTransform_float_3_3
Parameters: 0.999999 0.000348762 -0.000642129 -0.000349238 1 -0.000370776 0.00064187 0.000370224 0.999999 0.105866 0.0211097 -0.327872
FixedParameters: 0 0 0

#Transform 80
Transform: AffineTransform_float_3_3
Parameters: 1 0.000179386 -0.0011291 -0.000179614 1 -0.000543798 0.0011289 0.000544203 0.999999 0.105715 0.0699382 -0.303465
FixedParameters: 0 0 0

#Transform 81
Transform: AffineTransform_float_3_3
Parameters: 1 -2.90788e-05 -0.000640996 2.89211e-05 1 -0.000123019 0.000641003 0.000122981 1 0.10839 0.0334769 -0.338095
FixedParameters: 0 0 0

#Transform 82
Transform: AffineTransform_float_3_3
Parameters: 0.999999 0.000314316 -0.000823261 -0.000315683 0.999999 -0.00082974 0.000823738 0.000830259 1 0.152769 0.0469057 -0.381488
FixedParameters: 0 0 0

#Transform 83
Transform: AffineTransform_float_3_3
Parameters: 1 0.000243029 -0.0011692 -0.00024397 0.999999 -0.000829715 0.0011688 0.000830284 0.999999 0.141246 0.0703553 -0.406644
FixedParameters: 0 0 0

#Transform 84
Transform: AffineTransform_float_3_3
Parameters: 0.999999 0.000542307 -0.00117132 -0.000543692 0.999999 -0.000590364 0.00117068 0.000591635 0.999999 0.129017 0.0489414 -0.343557
FixedParameters: 0 0 0

#Transform 85
Transform: AffineTransform_float_3_3
Parameters: 0.999999 0.000293785 -0.000832429 -0.000295216 0.999999 -0.00145975 0.000832569 0.00146024 0.999998 0.127958 0.0402469 -0.413775
FixedParameters: 0 0 0

#Transform 86
Transform: AffineTransform_float_3_3
Parameters: 0.999999 0.000237662 -0.00129425 -0.000239339 1 -0.00103469 0.00129375 0.00103431 0.999998 0.10335 0.0762178 -0.315329
FixedParameters: 0 0 0

#Transform 87
Transform: AffineTransform_float_3_3
Parameters: 0.999999 1.45274e-05 -0.00129402 -1.64726e-05 1 -0.00113798 0.00129398 0.00113802 0.999998 0.127864 0.0260944 -0.359032
FixedParameters: 0 0 0

#Transform 88
Transform: AffineTransform_float_3_3
Parameters: 0.999999 -3.70651e-05 -0.00129394 3.49347e-05 0.999998 -0.00159605 0.00129406 0.00159595 0.999998 0.143961 0.0510265 -0.419934
FixedParameters: 0 0 0

#Transform 89
Transform: AffineTransform_float_3_3
Parameters: 0.999999 0.000293481 -0.00129435 -0.00029552 1 -0.00117462 0.00129365 0.00117438 0.999999 0.122417 0.0827461 -0.293066
FixedParameters: 0 0 0

#Transform 90
Transform: AffineTransform_float_3_3
Parameters: 0.999999 0.000293707 -0.00129429 -0.000295292 1 -0.000998619 0.00129371 0.000999381 0.999998 0.139334 0.0380076 -0.354181
FixedParameters: 0 0 0

#Transform 91
Transform: AffineTransform_float_3_3
Parameters: 0.999999 0.00029286 -0.00178935 -0.000295139 0.999999 -0.00119547 0.00178865 0.00119653 0.999997 0.149306 0.056291 -0.400372
FixedParameters: 0 0 0

#Transform 92
Transform: AffineTransform_float_3_3
Parameters: 0.999999 0.000293531 -0.00135632 -0.000295471 1 -0.0010836 0.00135668 0.0010834 0.999998 0.121777 0.0736714 -0.329973
FixedParameters: 0 0 0

#Transform 93
Transform: AffineTransform_float_3_3
Parameters: 0.999999 -0.000120014 -0.00133482 0.000117987 0.999999 -0.00150816 0.00133518 0.00150884 0.999998 0.136606 0.0492171 -0.428848
FixedParameters: 0 0 0

#Transform 94
Transform: AffineTransform_float_3_3
Parameters: 0.999998 0.00037068 -0.00164952 -0.000373319 0.999999 -0.00140639 0.00164848 0.00140661 0.999997 0.110039 0.0960736 -0.268654
FixedParameters: 0 0 0

#Transform 95
Transform: AffineTransform_float_3_3
Parameters: 0.999999 0.000304473 -0.00120639 -0.000306526 0.999999 -0.00126563 0.00120561 0.00126637 0.999998 0.113199 0.0468264 -0.299348
FixedParameters: 0 0 0

#Transform 96
Transform: AffineTransform_float_3_3
Parameters: 0.999999 -0.000105105 -0.00145785 0.000102894 0.999999 -0.00144415 0.00145815 0.00144385 0.999998 0.127042 0.0687439 -0.399476
FixedParameters: 0 0 0

#Transform 97
Transform: AffineTransform_float_3_3
Parameters: 0.999999 0.000467946 -0.00145866 -0.000470055 0.999999 -0.00140832 0.00145834 0.00140868 0.999998 0.123227 0.0881715 -0.274609
FixedParameters: 0 0 0

#Transform 98
Transform: AffineTransform_float_3_3
Parameters: 0.999999 0.000314005 -0.00145843 -0.000315994 0.999999 -0.00136754 0.00145757 0.00136846 0.999998 0.137264 0.0440342 -0.385796
FixedParameters: 0 0 0

#Transform 99
Transform: AffineTransform_float_3_3
Parameters: 1 -0.000166434 -0.00108478 0.000164567 0.999999 -0.00132118 0.00108522 0.00132182 0.999998 0.135548 0.0676436 -0.404304
FixedParameters: 0 0 0

#Transform 100
Transform: AffineTransform_float_3_3
Parameters: 1 -0.00010159 -0.00104185 0.000100411 0.999999 -0.00152611 0.00104116 0.0015259 0.999999 0.143075 0.0653914 -0.406804
FixedParameters: 0 0 0

#Transform 101
Transform: AffineTransform_float_3_3
Parameters: 0.999998 0.00044874 -0.00154366 -0.000450259 0.999999 -0.00146431 0.00154234 0.00146469 0.999997 0.119939 0.0921783 -0.307191
FixedParameters: 0 0 0

#Transform 102
Transform: AffineTransform_float_3_3
Parameters: 0.999999 0.000405188 -0.00138953 -0.000406812 0.999999 -0.00130444 0.00138847 0.00130456 0.999998 0.137558 0.0453112 -0.353735
FixedParameters: 0 0 0

#Transform 103
Transform: AffineTransform_float_3_3
Parameters: 0.999999 0.000224179 -0.00124633 -0.00022582 0.999999 -0.00146072 0.00124567 0.00146128 0.999998 0.159354 0.064469 -0.404927
FixedParameters: 0 0 0

#Transform 104
Transform: AffineTransform_float_3_3
Parameters: 0.999998 0.000223331 -0.00168036 -0.000225669 0.999998 -0.00158762 0.00168064 0.00158838 0.999998 0.131554 0.101936 -0.28378
FixedParameters: 0 0 0

#Transform 105
Transform: AffineTransform_float_3_3
Parameters: 0.999999 0.000224197 -0.00154326 -0.000225802 1 -0.00116765 0.00154274 0.00116835 0.999998 0.155255 0.0410821 -0.297825
FixedParameters: 0 0 0

#Transform 106
Transform: AffineTransform_float_3_3
Parameters: 0.999999 0.000224098 -0.00147629 -0.000225902 0.999999 -0.00128867 0.00147571 0.00128833 0.999998 0.170768 0.062946 -0.407631
FixedParameters: 0 0 0

#Transform 107
Transform: AffineTransform_float_3_3
Parameters: 0.999999 0.000223666 -0.00154334 -0.000226332 0.999999 -0.00151165 0.00154266 0.00151235 0.999997 0.158078 0.0954775 -0.359327
FixedParameters: 0 0 0

#Transform 108
Transform: AffineTransform_float_3_3
Parameters: 0.999998 0.000581109 -0.00161168 -0.000582891 0.999999 -0.00117306 0.00161132 0.00117394 0.999998 0.131196 0.0751784 -0.25885
FixedParameters: 0 0 0

#Transform 109
Transform: AffineTransform_float_3_3
Parameters: 0.999998 0.000534965 -0.00154371 -0.000537034 0.999999 -0.00131817 0.00154229 0.00131883 0.999998 0.133347 0.0788535 -0.199823
FixedParameters: 0 0 0

#Transform 110
Transform: AffineTransform_float_3_3
Parameters: 0.999999 0.000152433 -0.00151026 -0.000154568 0.999998 -0.00169977 0.00151074 0.00170023 0.999998 0.157464 0.0568001 -0.339729
FixedParameters: 0 0 0

#Transform 111
Transform: AffineTransform_float_3_3
Parameters: 0.999998 0.000115854 -0.00168222 -0.000119145 0.999998 -0.0018698 0.00168178 0.0018702 0.999997 0.157243 0.0945557 -0.365223
FixedParameters: 0 0 0

#Transform 112
Transform: AffineTransform_float_3_3
Parameters: 0.999998 0.000353993 -0.00170863 -0.000357008 0.999999 -0.00176039 0.00170837 0.00176061 0.999997 0.114742 0.0979912 -0.178576
FixedParameters: 0 0 0

#Transform 113
Transform: AffineTransform_float_3_3
Parameters: 0.999998 0.000398715 -0.00157458 -0.000401286 0.999999 -0.00145137 0.00157442 0.00145163 0.999997 0.140158 0.085161 -0.225695
FixedParameters: 0 0 0

#Transform 114
Transform: AffineTransform_float_3_3
Parameters: 1 0.000218926 -0.0011484 -0.000221075 0.999999 -0.00180575 0.0011486 0.00180625 0.999997 0.165953 0.0574774 -0.385825
FixedParameters: 0 0 0

#Transform 115
Transform: AffineTransform_float_3_3
Parameters: 0.999998 0.000533332 -0.00167417 -0.000537667 0.999998 -0.0021911 0.00167283 0.0021919 0.999996 0.142065 0.104051 -0.332856
FixedParameters: 0 0 0

#Transform 116
Transform: AffineTransform_float_3_3
Parameters: 0.999998 0.000533466 -0.00167413 -0.000537533 0.999997 -0.0021111 0.00167287 0.0021119 0.999997 0.134697 0.0876915 -0.250252
FixedParameters: 0 0 0

#Transform 117
Transform: AffineTransform_float_3_3
Parameters: 0.999998 0.000303845 -0.00167357 -0.000307154 0.999998 -0.00188549 0.00167242 0.00188551 0.999997 0.190548 0.0436621 -0.472516
FixedParameters: 0 0 0

#Transform 118
Transform: AffineTransform_float_3_3
Parameters: 0.999999 0.000335899 -0.0017298 -0.0003401 0.999997 -0.00237141 0.0017282 0.00237158 0.999995 0.198717 0.0915092 -0.47484
FixedParameters: 0 0 0

#Transform 119
Transform: AffineTransform_float_3_3
Parameters: 0.999999 0.000236972 -0.00129837 -0.000239027 0.999999 -0.00156169 0.00129763 0.00156231 0.999998 0.193199 0.0308263 -0.560348
FixedParameters: 0 0 0

#Transform 120
Transform: AffineTransform_float_3_3
Parameters: 0.999999 0.000315468 -0.00153273 -0.000319532 0.999998 -0.00230451 0.00153227 0.00230549 0.999996 0.188649 0.0504067 -0.512244
FixedParameters: 0 0 0

#Transform 121
Transform: AffineTransform_float_3_3
Parameters: 0.999999 0.000534413 -0.00113322 -0.000537586 0.999997 -0.00228339 0.00113177 0.00228461 0.999997 0.197302 0.0135439 -0.572148
FixedParameters: 0 0 0

#Transform 122
Transform: AffineTransform_float_3_3
Parameters: 0.999998 0.000394484 -0.00165208 -0.000399516 0.999996 -0.00273434 0.00165091 0.00273466 0.999995 0.163045 0.0812472 -0.475203
FixedParameters: 0 0 0

#Transform 123
Transform: AffineTransform_float_3_3
Parameters: 0.999999 0.000533871 -0.00123636 -0.000537127 0.999996 -0.00253134 0.00123464 0.00253266 0.999996 0.178228 0.0202692 -0.530093
FixedParameters: 0 0 0

#Transform 124
Transform: AffineTransform_float_3_3
Parameters: 0.999998 0.00060024 -0.00153625 -0.000610758 0.999975 -0.00701307 0.00153175 0.00701393 0.999974 0.153298 0.0134582 -0.953577
FixedParameters: 0 0 0

#Transform 125
Transform: AffineTransform_float_3_3
Parameters: 0.999998 0.000487548 -0.00151275 -0.000495448 0.999984 -0.00559226 0.00150925 0.00559275 0.999983 0.135815 0.0357123 -0.671237
FixedParameters: 0 0 0

#Transform 126
Transform: AffineTransform_float_3_3
Parameters: 0.999998 1.10479e-05 -0.00190108 -2.09516e-05 0.999987 -0.00523497 0.00190092 0.00523503 0.999984 0.15431 0.00529199 -0.758091
FixedParameters: 0 0 0

#Transform 127
Transform: AffineTransform_float_3_3
Parameters: 0.999998 0.00056206 -0.0018015 -0.000569938 0.99999 -0.00440998 0.0017985 0.00441102 0.999988 0.143433 0.0460012 -0.638888
FixedParameters: 0 0 0

#Transform 128
Transform: AffineTransform_float_3_3
Parameters: 0.999999 0.00034236 -0.00181845 -0.000349639 0.999991 -0.00420337 0.00181655 0.00420363 0.999989 0.16077 -0.00816945 -0.792566
FixedParameters: 0 0 0

#Transform 129
Transform: AffineTransform_float_3_3
Parameters: 0.999999 0.000579007 -0.00164184 -0.000586994 0.999988 -0.00487204 0.00163916 0.00487296 0.999987 0.163046 0.0563775 -0.769156
FixedParameters: 0 0 0

#Transform 130
Transform: AffineTransform_float_3_3
Parameters: 0.999999 0.000615423 -0.00162774 -0.000619575 0.999996 -0.00281299 0.00162526 0.002814 0.999994 0.163652 -0.0509046 -0.923911
FixedParameters: 0 0 0

#Transform 131
Transform: AffineTransform_float_3_3
Parameters: 0.999998 0.000415727 -0.00156994 -0.000423273 0.999989 -0.00463534 0.00156805 0.00463566 0.999988 0.17575 0.00530335 -0.923432
FixedParameters: 0 0 0

#Transform 132
Transform: AffineTransform_float_3_3
Parameters: 0.999999 0.000524703 -0.00170058 -0.000532294 0.999988 -0.0048821 0.00169742 0.0048829 0.999986 0.17989 0.0125777 -0.856983
FixedParameters: 0 0 0

#Transform 133
Transform: AffineTransform_float_3_3
Parameters: 0.999998 0.00107322 -0.00120488 -0.00108278 0.999972 -0.0073097 0.00119712 0.00731029 0.999972 0.190437 -0.0394218 -1.0968
FixedParameters: 0 0 0

#Transform 134
Transform: AffineTransform_float_3_3
Parameters: 0.999999 0.00139413 -0.000645831 -0.00139987 0.999957 -0.0091841 0.000633169 0.00918489 0.999957 0.191794 -0.0491595 -1.35567
FixedParameters: 0 0 0

#Transform 135
Transform: AffineTransform_float_3_3
Parameters: 0.999998 0.00104146 -0.00138154 -0.00105354 0.999958 -0.00910455 0.00137246 0.00910644 0.999957 0.184685 0.00559872 -1.14764
FixedParameters: 0 0 0

#Transform 136
Transform: AffineTransform_float_3_3
Parameters: 0.999999 0.000607878 -0.00168904 -0.000619122 0.999978 -0.00659196 0.00168496 0.00659303 0.999977 0.177195 -0.0411173 -0.960951
FixedParameters: 0 0 0

#Transform 137
Transform: AffineTransform_float_3_3
Parameters: 0.999998 0.000556303 -0.00195765 -0.000568692 0.999979 -0.0064909 0.00195335 0.0064921 0.999977 0.176372 -0.00269787 -0.949796
FixedParameters: 0 0 0

#Transform 138
Transform: AffineTransform_float_3_3
Parameters: 0.999998 0.000639293 -0.00144887 -0.000648707 0.999981 -0.00601706 0.00144512 0.00601793 0.999981 0.140762 -0.00608533 -0.853604
FixedParameters: 0 0 0

#Transform 139
Transform: AffineTransform_float_3_3
Parameters: 0.999997 0.000270901 -0.00234943 -0.0002831 0.999986 -0.00515035 0.00234857 0.00515165 0.999984 0.170834 -0.0195822 -0.935615
FixedParameters: 0 0 0

#Transform 140
Transform: AffineTransform_float_3_3
Parameters: 0.999998 0.000760269 -0.00182666 -0.000768734 0.999989 -0.00478461 0.00182334 0.0047854 0.999987 0.13729 -0.00697036 -0.808152
FixedParameters: 0 0 0

#Transform 141
Transform: AffineTransform_float_3_3
Parameters: 0.999999 0.000437525 -0.00160378 -0.000444476 0.999991 -0.00403929 0.00160222 0.0040397 0.99999 0.157689 -0.0516002 -0.90647
FixedParameters: 0 0 0

#Transform 142
Transform: AffineTransform_float_3_3
Parameters: 0.999998 0.000311961 -0.00206239 -0.000321038 0.999991 -0.00438435 0.00206061 0.00438466 0.999989 0.170721 -0.0454901 -0.99205
FixedParameters: 0 0 0

#Transform 143
Transform: AffineTransform_float_3_3
Parameters: 0.999998 0.000684811 -0.00197221 -0.000694191 0.999989 -0.00466164 0.00196978 0.00466336 0.999987 0.172573 -0.0193395 -0.870739
FixedParameters: 0 0 0

#Transform 144
Transform: AffineTransform_float_3_3
Parameters: 0.999997 0.000568235 -0.00229869 -0.000578768 0.999989 -0.00468568 0.00229631 0.00468632 0.999987 0.190497 -0.0400465 -0.978908
FixedParameters: 0 0 0

#Transform 145
Transform: AffineTransform_float_3_3
Parameters: 0.999997 0.000988054 -0.00229019 -0.000999947 0.999986 -0.00522172 0.00228481 0.00522327 0.999983 0.202728 0.00153962 -0.848576
FixedParameters: 0 0 0

#Transform 146
Transform: AffineTransform_float_3_3
Parameters: 0.999998 0.000796391 -0.00215209 -0.000801608 0.999997 -0.00260628 0.00214992 0.00260872 0.999995 0.209691 -0.0702259 -1.10114
FixedParameters: 0 0 0

#Transform 147
Transform: AffineTransform_float_3_3
Parameters: 0.999997 0.000828579 -0.0023271 -0.00083942 0.999987 -0.00491106 0.00232291 0.00491294 0.999985 0.216204 -0.044186 -1.05058
FixedParameters: 0 0 0

#Transform 148
Transform: AffineTransform_float_3_3
Parameters: 0.999998 0.000963937 -0.00168123 -0.00097306 0.999985 -0.00539737 0.00167577 0.00539963 0.999984 0.206734 -0.0493459 -1.16467
FixedParameters: 0 0 0

#Transform 149
Transform: AffineTransform_float_3_3
Parameters: 0.999998 0.000806102 -0.00193799 -0.000817896 0.999981 -0.00614543 0.00193301 0.00614757 0.999979 0.20799 0.00565559 -0.941594
FixedParameters: 0 0 0

#Transform 150
Transform: AffineTransform_float_3_3
Parameters: 0.999997 0.000720271 -0.00208609 -0.000731729 0.999984 -0.00562749 0.00208191 0.00562851 0.999982 0.209098 -0.0384901 -1.09654
FixedParameters: 0 0 0

#Transform 151
Transform: AffineTransform_float_3_3
Parameters: 0.999997 0.00115739 -0.0021608 -0.00116962 0.999982 -0.00584549 0.0021542 0.00584851 0.99998 0.215484 -0.035955 -0.999834
FixedParameters: 0 0 0

#Transform 152
Transform: AffineTransform_float_3_3
Parameters: 0.999997 0.00109956 -0.00184706 -0.00111243 0.999973 -0.00728896 0.00183894 0.00729104 0.999971 0.197421 -0.0672313 -1.23423
FixedParameters: 0 0 0

#Transform 153
Transform: AffineTransform_float_3_3
Parameters: 0.999997 0.00107079 -0.00184473 -0.00108421 0.999973 -0.00717301 0.00183727 0.00717498 0.999972 0.212957 -0.00763714 -1.09575
FixedParameters: 0 0 0

#Transform 154
Transform: AffineTransform_float_3_3
Parameters: 0.999998 0.00134346 -0.000857333 -0.00135054 0.999969 -0.00767185 0.000847663 0.00767315 0.99997 0.199951 -0.0837779 -1.45584
FixedParameters: 0 0 0

#Transform 155
Transform: AffineTransform_float_3_3
Parameters: 0.999999 0.00118266 -0.000507244 -0.00118734 0.999962 -0.0086454 0.000496752 0.00864659 0.999962 0.18874 -0.0567109 -1.52122
FixedParameters: 0 0 0

#Transform 156
Transform: AffineTransform_float_3_3
Parameters: 0.999999 0.00118139 -0.00100739 -0.00119062 0.999953 -0.00959782 0.000996619 0.0095982 0.999954 0.210298 -0.0881476 -1.54206
FixedParameters: 0 0 0

#Transform 157
Transform: AffineTransform_float_3_3
Parameters: 0.999997 0.000714286 -0.00200676 -0.000733705 0.999956 -0.00933955 0.00199923 0.00934145 0.999955 0.207824 -0.0028165 -1.23869
FixedParameters: 0 0 0

#Transform 158
Transform: AffineTransform_float_3_3
Parameters: 0.999998 0.000521122 -0.00151584 -0.000534879 0.999958 -0.0091692 0.00151116 0.0091698 0.999957 0.212865 -0.0570391 -1.37179
FixedParameters: 0 0 0

#Transform 159
Transform: AffineTransform_float_3_3
Parameters: 0.999998 0.000746844 -0.00192774 -0.00076315 0.99996 -0.00891455 0.00192027 0.00891546 0.999959 0.209037 0.00278204 -1.38759
FixedParameters: 0 0 0

#Transform 160
Transform: AffineTransform_float_3_3
Parameters: 0.999998 0.00016669 -0.00189541 -0.000182314 0.999968 -0.00807967 0.00189459 0.00808033 0.999965 0.209425 -0.05647 -1.42386
FixedParameters: 0 0 0

#Transform 161
Transform: AffineTransform_float_3_3
Parameters: 0.999999 0.000507134 -0.0017394 -0.000521872 0.999964 -0.00855711 0.0017356 0.0085579 0.999962 0.204415 -0.00581059 -1.38692
FixedParameters: 0 0 0

#Transform 162
Transform: AffineTransform_float_3_3
Parameters: 0.999998 0.000783141 -0.00184338 -0.000798855 0.999967 -0.00807354 0.00183661 0.00807545 0.999965 0.18775 -0.0174782 -1.20102
FixedParameters: 0 0 0

#Transform 163
Transform: AffineTransform_float_3_3
Parameters: 0.999998 0.000701634 -0.00176482 -0.000720368 0.99994 -0.0109968 0.00175718 0.0109983 0.999938 0.204011 -0.0353465 -1.19302
FixedParameters: 0 0 0

#Transform 164
Transform: AffineTransform_float_3_3
Parameters: 0.999998 0.000448973 -0.00191858 -0.00046403 0.999969 -0.00783913 0.00191542 0.00783988 0.999968 0.219089 -0.0288148 -1.32805
FixedParameters: 0 0 0

#Transform 165
Transform: AffineTransform_float_3_3
Parameters: 0.999998 0.000925653 -0.00184327 -0.000940353 0.999969 -0.00779828 0.00183672 0.00779972 0.999968 0.226387 -0.0116281 -1.28219
FixedParameters: 0 0 0

#Transform 166
Transform: AffineTransform_float_3_3
Parameters: 0.999998 0.000783848 -0.00151734 -0.000796155 0.999967 -0.0080238 0.00151166 0.00802519 0.999966 0.210594 -0.0309339 -1.42165
FixedParameters: 0 0 0

#Transform 167
Transform: AffineTransform_float_3_3
Parameters: 0.999999 0.000940547 -0.00161093 -0.000954455 0.999965 -0.00837148 0.00160307 0.00837252 0.999963 0.203635 -0.00961887 -1.30208
FixedParameters: 0 0 0

#Transform 168
Transform: AffineTransform_float_3_3
Parameters: 0.999999 0.00118119 -0.00133167 -0.00119181 0.999966 -0.00814743 0.00132133 0.00814857 0.999966 0.206906 -0.091809 -1.59065
FixedParameters: 0 0 0

#Transform 169
Transform: AffineTransform_float_3_3
Parameters: 0.999998 0.0011505 -0.00152329 -0.0011635 0.99996 -0.00888925 0.00151372 0.00889076 0.99996 0.220512 -0.0978387 -1.77809
FixedParameters: 0 0 0

#Transform 170
Transform: AffineTransform_float_3_3
Parameters: 0.999998 0.000985558 -0.00182199 -0.00100244 0.999958 -0.00904519 0.00181301 0.00904681 0.999958 0.219338 -0.102778 -1.70179
FixedParameters: 0 0 0

#Transform 171
Transform: AffineTransform_float_3_3
Parameters: 0.999998 0.000829056 -0.00191487 -0.000846934 0.999955 -0.0093884 0.00190613 0.0093906 0.999954 0.227036 -0.0767653 -1.54742
FixedParameters: 0 0 0

#Transform 172
Transform: AffineTransform_float_3_3
Parameters: 0.999999 0.000651826 -0.00174114 -0.000668173 0.999957 -0.00930486 0.00173486 0.00930615 0.999955 0.219433 -0.12645 -1.71699
FixedParameters: 0 0 0

#Transform 173
Transform: AffineTransform_float_3_3
Parameters: 0.999999 0.000878544 -0.00162147 -0.000893451 0.999954 -0.00955557 0.00161254 0.00955743 0.999953 0.20566 -0.102561 -1.65914
FixedParameters: 0 0 0

#Transform 174
Transform: AffineTransform_float_3_3
Parameters: 0.999998 0.000667269 -0.00200567 -0.000686724 0.999951 -0.00985265 0.00199833 0.00985436 0.99995 0.20816 -0.152271 -1.6476
FixedParameters: 0 0 0

#Transform 175
Transform: AffineTransform_float_3_3
Parameters: 0.999997 0.000773437 -0.00200586 -0.000790563 0.999961 -0.00876944 0.00199914 0.00877157 0.99996 0.206533 -0.0783617 -1.49681
FixedParameters: 0 0 0

#Transform 176
Transform: AffineTransform_float_3_3
Parameters: 0.999998 0.00148316 -0.00116873 -0.00148983 0.999981 -0.00587027 0.00115927 0.00587173 0.999982 0.217245 -0.108846 -1.09373
FixedParameters: 0 0 0

#Transform 177
Transform: AffineTransform_float_3_3
Parameters: 0.999998 0.00166772 -0.00162566 -0.00167929 0.999975 -0.00696529 0.00161434 0.00696772 0.999975 0.206303 -0.0665207 -1.25264
FixedParameters: 0 0 0

#Transform 178
Transform: AffineTransform_float_3_3
Parameters: 0.999997 0.00225323 -0.00154042 -0.00226077 0.999984 -0.00505953 0.00152858 0.00506246 0.999986 0.142274 -0.0928968 -1.23668
FixedParameters: 0 0 0

#Transform 179
Transform: AffineTransform_float_3_3
Parameters: 0.999998 0.00169971 -0.00142375 -0.00170728 0.999986 -0.00513258 0.00141425 0.00513542 0.999986 0.126035 -0.12457 -1.46601
FixedParameters: 0 0 0

#Transform 180
Transform: AffineTransform_float_3_3
Parameters: 0.999993 0.00354038 -0.00110073 -0.00354363 0.999988 -0.00331012 0.00108927 0.00331388 0.999994 0.0627952 -0.0879029 -1.37165
FixedParameters: 0 0 0

#Transform 181
Transform: AffineTransform_float_3_3
Parameters: 0.999995 0.00333536 -0.000427989 -0.00333664 0.999987 -0.00389259 0.000415012 0.00389441 0.999993 0.0666844 -0.16893 -1.44853
FixedParameters: 0 0 0

#Transform 182
Transform: AffineTransform_float_3_3
Parameters: 0.999996 0.00288149 -0.000105103 -0.00288151 0.999982 -0.00524072 8.98988e-05 0.00524128 0.999987 0.0914709 -0.151382 -1.70753
FixedParameters: 0 0 0

#Transform 183
Transform: AffineTransform_float_3_3
Parameters: 0.999995 0.00301633 -0.000126962 -0.00301766 0.999979 -0.00562264 0.000110036 0.00562236 0.999984 0.124942 -0.196629 -1.88452
FixedParameters: 0 0 0

#Transform 184
Transform: AffineTransform_float_3_3
Parameters: 0.999994 0.00326835 -0.000273451 -0.00326964 0.999975 -0.00625514 0.000252549 0.00625686 0.999981 0.141159 -0.18653 -1.93706
FixedParameters: 0 0 0

#Transform 185
Transform: AffineTransform_float_3_3
Parameters: 0.999995 0.00289556 -0.000539804 -0.00289944 0.999974 -0.00648946 0.000521191 0.00649153 0.999979 0.161213 -0.168674 -2.03685
FixedParameters: 0 0 0

#Transform 186
Transform: AffineTransform_float_3_3
Parameters: 0.999994 0.00348618 -0.000295274 -0.00348782 0.999973 -0.006387 0.000273727 0.00638799 0.999979 0.141001 -0.198071 -1.95846
FixedParameters: 0 0 0

#Transform 187
Transform: AffineTransform_float_3_3
Parameters: 0.999996 0.00280419 -0.000291044 -0.00280582 0.999976 -0.00643221 0.000272958 0.0064328 0.99998 0.117346 -0.210994 -2.13621
FixedParameters: 0 0 0

#Transform 188
Transform: AffineTransform_float_3_3
Parameters: 0.999996 0.0028859 -0.000294397 -0.00288811 0.999969 -0.00741119 0.000273603 0.00741183 0.999973 0.0965645 -0.113482 -1.83972
FixedParameters: 0 0 0

#Transform 189
Transform: AffineTransform_float_3_3
Parameters: 0.999996 0.00304861 -0.000182001 -0.00304939 0.999961 -0.00819848 0.000157006 0.00819852 0.999967 0.098522 -0.159541 -1.8202
FixedParameters: 0 0 0

#Transform 190
Transform: AffineTransform_float_3_3
Parameters: 0.999997 0.0027199 -0.000293205 -0.00272211 0.999968 -0.00742523 0.000273792 0.00742677 0.999973 0.107843 -0.0667672 -1.69456
FixedParameters: 0 0 0

#Transform 191
Transform: AffineTransform_float_3_3
Parameters: 0.999996 0.00262228 -0.000847108 -0.00262873 0.999964 -0.00803781 0.000825895 0.0080402 0.999968 0.128723 -0.108516 -1.71843
FixedParameters: 0 0 0

