#Insight Transform File V1.0
#Transform 0
Transform: AffineTransform_float_3_3
Parameters: 1 0.000806982 -0.000814561 -0.000808755 0.999998 -0.00187934 0.000813352 0.00188066 0.999998 -0.0351354 0.0804895 0.116795
FixedParameters: 0 0 0

#Transform 1
Transform: AffineTransform_float_3_3
Parameters: 1 0.000258871 -0.00106825 -0.000260459 0.999999 -0.00127572 0.00106843 0.00127628 0.999998 -0.0456351 0.0182852 0.107419
FixedParameters: 0 0 0

#Transform 2
Transform: AffineTransform_float_3_3
Parameters: 0.999999 -0.000238616 -0.00146679 0.000236454 1 -0.0010742 0.00146715 0.0010738 0.999999 -0.0445226 0.019325 0.144127
FixedParameters: 0 0 0

#Transform 3
Transform: AffineTransform_float_3_3
Parameters: 0.999999 0.000547834 -0.00133495 -0.00054938 0.999999 -0.0013761 0.00133413 0.0013769 0.999998 -0.0371612 0.0654249 0.0603204
FixedParameters: 0 0 0

#Transform 4
Transform: AffineTransform_float_3_3
Parameters: 1 0.000472414 -0.000992782 -0.00047343 0.999998 -0.00158336 0.000991974 0.00158364 0.999999 -0.0193437 0.0357676 0.0494545
FixedParameters: 0 0 0

#Transform 5
Transform: AffineTransform_float_3_3
Parameters: 1 0.00060806 -0.000833437 -0.000609534 0.999998 -0.00156847 0.000832366 0.00156853 0.999998 -0.0250928 -0.00328879 0.0795957
FixedParameters: 0 0 0

#Transform 6
Transform: AffineTransform_float_3_3
Parameters: 1 0.000219917 -0.000528173 -0.00022101 1 -0.00117588 0.000528643 0.00117612 0.999999 -0.0146628 0.0166458 0.0623898
FixedParameters: 0 0 0

#Transform 7
Transform: AffineTransform_float_3_3
Parameters: 1 0.000345922 -0.000474998 -0.000346918 0.999998 -0.00224784 0.00047428 0.00224817 0.999998 -0.00228377 0.020513 0.00729214
FixedParameters: 0 0 0

#Transform 8
Transform: AffineTransform_float_3_3
Parameters: 1 0.000175026 -0.000568984 -0.00017571 0.999998 -0.0016009 0.000569261 0.0016011 0.999998 0.00549324 -0.00690107 0.0365099
FixedParameters: 0 0 0

#Transform 9
Transform: AffineTransform_float_3_3
Parameters: 0.999999 -0.000354227 -0.000833233 0.000352997 0.999999 -0.000738147 0.000833755 0.000737853 1 -0.0101775 0.00135394 0.108401
FixedParameters: 0 0 0

#Transform 10
Transform: AffineTransform_float_3_3
Parameters: 1 -0.000214127 -0.000342623 0.00021407 0.999999 -0.00130907 0.000342045 0.00130893 0.999999 -0.00819688 0.0229948 0.0542255
FixedParameters: 0 0 0

#Transform 11
Transform: AffineTransform_float_3_3
Parameters: 1 -0.000227935 -0.000192579 0.000227789 0.999996 -0.00255604 0.000192606 0.00255595 0.999996 0.021179 0.0246878 0.01237
FixedParameters: 0 0 0

#Transform 12
Transform: AffineTransform_float_3_3
Parameters: 1 -0.000190922 -0.000529277 0.000190703 1 -0.0011411 0.000529563 0.0011409 0.999999 0.00629093 -0.0376736 0.00452291
FixedParameters: 0 0 0

#Transform 13
Transform: AffineTransform_float_3_3
Parameters: 1 -3.97015e-05 -0.000665613 3.82531e-05 1 -0.00108803 0.000665698 0.00108797 0.999999 -0.00476882 -0.0341023 0.0510873
FixedParameters: 0 0 0

#Transform 14
Transform: AffineTransform_float_3_3
Parameters: 0.999999 0.000193554 -0.000701172 -0.000194196 0.999999 -0.00116384 0.000700571 0.00116316 0.999999 -0.012233 0.0330642 -0.0227655
FixedParameters: 0 0 0

#Transform 15
Transform: AffineTransform_float_3_3
Parameters: 1 0.000336744 -0.00015343 -0.000336896 1 -0.000982949 0.000153757 0.000983053 1 -0.0141534 0.00555652 -0.0443654
FixedParameters: 0 0 0

#Transform 16
Transform: AffineTransform_float_3_3
Parameters: 1 -9.63847e-05 -8.65953e-06 9.63801e-05 1 -0.000265001 8.71062e-06 0.000264999 1 -0.00149399 -0.0413927 0.0182898
FixedParameters: 0 0 0

#Transform 17
Transform: AffineTransform_float_3_3
Parameters: 1 0.000208103 -8.44675e-06 -0.000208121 1 -0.001126 7.97808e-06 0.001126 1 0.0122179 0.0145708 -0.0450085
FixedParameters: 0 0 0

#Transform 18
Transform: AffineTransform_float_3_3
Parameters: 1 0.00022182 -2.46111e-05 -0.000221856 0.999999 -0.000736994 2.42841e-05 0.000737005 0.999999 0.0182545 -0.000455381 -0.0416699
FixedParameters: 0 0 0

#Transform 19
Transform: AffineTransform_float_3_3
Parameters: 1 -0.000115938 6.917e-05 0.000115999 1 -0.000443992 -6.9067e-05 0.000444008 1 -0.000321409 -0.0546032 0.0176996
FixedParameters: 0 0 0

#Transform 20
Transform: AffineTransform_float_3_3
Parameters: 1 -0.000298325 6.03608e-05 0.000298204 1 -0.000236982 -6.12082e-05 0.000237018 1 -0.00938189 -0.0316289 0.027657
FixedParameters: 0 0 0

#Transform 21
Transform: AffineTransform_float_3_3
Parameters: 1 0.000225915 0.000115336 -0.000225715 0.999999 -0.000866025 -0.000115727 0.000865973 0.999999 -0.00504287 0.0109707 -0.0313568
FixedParameters: 0 0 0

#Transform 22
Transform: AffineTransform_float_3_3
Parameters: 1 3.80545e-05 0.000365417 -3.80867e-05 1 4.39861e-05 -0.000365414 -4.40139e-05 1 -0.00335522 -0.0412743 -0.0235634
FixedParameters: 0 0 0

#Transform 23
Transform: AffineTransform_float_3_3
Parameters: 1 -0.000154715 5.37049e-05 0.000154692 1 0.000213008 -5.37708e-05 -0.000212992 1 -0.0115727 -0.0453405 -0.00981268
FixedParameters: 0 0 0

#Transform 24
Transform: AffineTransform_float_3_3
Parameters: 1 0.000617611 0.000244108 -0.000617371 0.999999 -0.000491151 -0.000244714 0.000490849 1 -0.0112442 0.0336688 -0.068754
FixedParameters: 0 0 0

#Transform 25
Transform: AffineTransform_float_3_3
Parameters: 0.999999 0.000698697 0.000212903 -0.00069869 1 -1.61488e-05 -0.000212926 1.58512e-05 1 -0.0197381 -0.0385001 -0.0724725
FixedParameters: 0 0 0

#Transform 26
Transform: AffineTransform_float_3_3
Parameters: 1 0.000234172 0.000304393 -0.000234133 1 -6.50713e-05 -0.000304424 6.49287e-05 1 -0.0248704 -0.0475677 -0.0700568
FixedParameters: 0 0 0

#Transform 27
Transform: AffineTransform_float_3_3
Parameters: 1 0.000220499 0.000345776 -0.000220908 0.999999 -0.000837076 -0.000345996 0.000836923 0.999999 0.00328253 -0.0234604 -0.107979
FixedParameters: 0 0 0

#Transform 28
Transform: AffineTransform_float_3_3
Parameters: 1 -5.85623e-05 0.00101033 5.96465e-05 1 -0.00102594 -0.00101006 0.00102606 0.999999 0.0614832 -0.0120523 -0.121351
FixedParameters: 0 0 0

#Transform 29
Transform: AffineTransform_float_3_3
Parameters: 0.999999 3.53872e-05 0.000940323 -3.56162e-05 1 -0.000404033 -0.000940202 0.000403967 0.999999 0.0688535 -0.070151 -0.0593832
FixedParameters: 0 0 0

#Transform 30
Transform: AffineTransform_float_3_3
Parameters: 1 -0.000167381 0.00101758 0.00016793 1 -0.000342682 -0.00101845 0.000343319 1 0.0614009 -0.0315228 -0.044608
FixedParameters: 0 0 0

#Transform 31
Transform: AffineTransform_float_3_3
Parameters: 0.999999 -1.70295e-06 0.000841786 2.59188e-06 1 -0.000527998 -0.000841784 0.000528001 0.999999 0.0631179 0.0298056 -0.0928815
FixedParameters: 0 0 0

#Transform 32
Transform: AffineTransform_float_3_3
Parameters: 1 5.19623e-05 0.00101062 -5.14509e-05 1 -0.000252904 -0.00101065 0.000253096 1 0.0531733 -0.0128759 -0.0456805
FixedParameters: 0 0 0

#Transform 33
Transform: AffineTransform_float_3_3
Parameters: 0.999999 -0.000108046 0.000741579 0.000108619 1 -0.000386897 -0.000741495 0.000386102 0.999999 0.0491222 -0.0590951 -0.0365393
FixedParameters: 0 0 0

#Transform 34
Transform: AffineTransform_float_3_3
Parameters: 1 -0.000411744 0.000966078 0.000410496 0.999999 0.000645567 -0.000966608 -0.000645432 1 0.0404802 -0.00773549 -0.0318454
FixedParameters: 0 0 0

#Transform 35
Transform: AffineTransform_float_3_3
Parameters: 0.999999 -0.000263814 0.000855195 0.000263398 1 -0.000334775 -0.000854868 0.000335225 0.999999 0.0562416 0.0385654 -0.0733068
FixedParameters: 0 0 0

#Transform 36
Transform: AffineTransform_float_3_3
Parameters: 0.999999 -0.000194164 0.00122477 0.000193902 1 0.000107385 -0.00122481 -0.000106614 0.999999 0.0495531 -0.0204594 -0.067959
FixedParameters: 0 0 0

#Transform 37
Transform: AffineTransform_float_3_3
Parameters: 1 -0.000376197 0.000952717 0.000375268 0.999999 0.000487528 -0.000953083 -0.000487472 1 0.0413995 -0.048065 -0.0673264
FixedParameters: 0 0 0

#Transform 38
Transform: AffineTransform_float_3_3
Parameters: 0.999999 -0.000316234 0.000792119 0.000316947 1 0.000174251 -0.000792379 -0.000173749 0.999999 0.0310401 -0.0221582 -0.0356167
FixedParameters: 0 0 0

#Transform 39
Transform: AffineTransform_float_3_3
Parameters: 0.999999 -0.000171258 0.000782285 0.000170755 1 0.000417134 -0.000781439 -0.000416866 0.999999 0.0471484 -0.0343131 0.0389474
FixedParameters: 0 0 0

#Transform 40
Transform: AffineTransform_float_3_3
Parameters: 0.999999 -0.000827295 0.00119274 0.000827628 1 -0.000615991 -0.00119255 0.00061701 0.999999 0.117608 0.0165594 -0.0536268
FixedParameters: 0 0 0

#Transform 41
Transform: AffineTransform_float_3_3
Parameters: 0.999999 -0.00084233 0.00107012 0.000842607 1 -0.000129224 -0.0010699 0.000129776 0.999999 0.139783 -0.00658945 -0.0629505
FixedParameters: 0 0 0

#Transform 42
Transform: AffineTransform_float_3_3
Parameters: 0.999999 -0.00100367 0.00107478 0.00100236 0.999998 0.0012051 -0.00107537 -0.0012039 0.999999 0.135322 -0.068191 -0.0247484
FixedParameters: 0 0 0

#Transform 43
Transform: AffineTransform_float_3_3
Parameters: 0.999999 -0.000825058 0.00121116 0.000824032 0.999999 0.000832021 -0.00121269 -0.000830978 0.999999 0.139965 0.000451203 -0.0761799
FixedParameters: 0 0 0

#Transform 44
Transform: AffineTransform_float_3_3
Parameters: 0.999999 -0.000727324 0.00108028 0.000726919 1 0.000714809 -0.00108048 -0.000714193 0.999999 0.122788 0.00859209 -0.0816696
FixedParameters: 0 0 0

#Transform 45
Transform: AffineTransform_float_3_3
Parameters: 0.999999 -0.000842901 0.00116107 0.000841666 0.999999 0.001022 -0.00116195 -0.001021 0.999999 0.122952 -0.0710641 -0.0618153
FixedParameters: 0 0 0

#Transform 46
Transform: AffineTransform_float_3_3
Parameters: 0.999999 -0.000866931 0.00101581 0.000865554 0.999999 0.0012379 -0.00101711 -0.0012371 0.999999 0.106846 -0.0555775 -0.0447019
FixedParameters: 0 0 0

#Transform 47
Transform: AffineTransform_float_3_3
Parameters: 1 -0.00067812 0.00101291 0.000677094 0.999999 0.00106869 -0.00101352 -0.00106731 0.999999 0.0934269 -0.0520208 -0.0252966
FixedParameters: 0 0 0

#Transform 48
Transform: AffineTransform_float_3_3
Parameters: 1 -0.000555216 0.00104214 0.000554572 1 0.000855579 -0.00104225 -0.000854422 0.999999 0.103588 -0.0239654 -0.116355
FixedParameters: 0 0 0

#Transform 49
Transform: AffineTransform_float_3_3
Parameters: 0.999999 -0.000214338 0.000880698 0.000213178 0.999999 0.000744336 -0.000880027 -0.000743664 1 0.103283 -0.017034 -0.145456
FixedParameters: 0 0 0

#Transform 50
Transform: AffineTransform_float_3_3
Parameters: 1 -0.000252053 0.000595243 0.000251558 1 0.00041615 -0.000595452 -0.00041585 0.999999 0.0715129 -0.0834314 -0.120778
FixedParameters: 0 0 0

#Transform 51
Transform: AffineTransform_float_3_3
Parameters: 1 3.3915e-05 0.000374111 -3.37426e-05 1 0.00109099 -0.000374186 -0.00109101 1 0.0736068 -0.0489703 -0.145808
FixedParameters: 0 0 0

#Transform 52
Transform: AffineTransform_float_3_3
Parameters: 1 -0.000121141 0.000397481 0.000121671 1 0.000576048 -0.00039777 -0.000575952 1 0.0723895 -0.0720434 -0.137165
FixedParameters: 0 0 0

#Transform 53
Transform: AffineTransform_float_3_3
Parameters: 1 -0.000185276 0.000407227 0.000185085 1 0.000234098 -0.000407314 -0.000234902 1 0.0652119 -0.0614938 -0.100109
FixedParameters: 0 0 0

#Transform 54
Transform: AffineTransform_float_3_3
Parameters: 1 -0.000165862 0.000359965 0.000166244 1 -0.00053094 -0.000359789 0.00053106 1 0.0528293 -0.103835 -0.103988
FixedParameters: 0 0 0

#Transform 55
Transform: AffineTransform_float_3_3
Parameters: 1 -0.000372168 0.000503094 0.000372669 0.999999 0.00048421 -0.000503605 -0.00048479 1 0.0656506 -0.0709968 -0.0886114
FixedParameters: 0 0 0

#Transform 56
Transform: AffineTransform_float_3_3
Parameters: 0.999999 -0.000644835 0.000358817 0.000645306 1 0.000930084 -0.000359178 -0.000929916 0.999999 0.108499 -0.0187698 -0.026499
FixedParameters: 0 0 0

#Transform 57
Transform: AffineTransform_float_3_3
Parameters: 1 -0.00057889 0.00105801 0.000577586 0.999999 0.000616759 -0.00105872 -0.00061524 0.999999 0.135315 0.0173831 -0.0891578
FixedParameters: 0 0 0

#Transform 58
Transform: AffineTransform_float_3_3
Parameters: 0.999999 -0.00030313 0.000928955 0.000300794 0.999998 0.0018693 -0.000929244 -0.0018697 0.999998 0.121102 -0.0772367 0.00764226
FixedParameters: 0 0 0

#Transform 59
Transform: AffineTransform_float_3_3
Parameters: 0.999999 -0.000588621 0.000878632 0.000586633 0.999998 0.00177754 -0.000879881 -0.00177746 0.999998 0.0998796 -0.0634653 0.0337145
FixedParameters: 0 0 0

#Transform 60
Transform: AffineTransform_float_3_3
Parameters: 0.999999 -0.00031295 0.000735787 0.000312948 0.999999 0.00067323 -0.000736358 -0.000672769 0.999999 0.138987 0.00133719 -0.023938
FixedParameters: 0 0 0

#Transform 61
Transform: AffineTransform_float_3_3
Parameters: 0.999999 -0.000355856 0.000742004 0.000355226 0.999999 0.00119226 -0.000742013 -0.00119174 0.999999 0.123738 -0.0343504 -0.0154945
FixedParameters: 0 0 0

#Transform 62
Transform: AffineTransform_float_3_3
Parameters: 0.999999 -0.000735486 0.00127232 0.000732284 0.999998 0.00215196 -0.00127379 -0.00215104 0.999997 0.119086 -0.0911912 0.0248523
FixedParameters: 0 0 0

#Transform 63
Transform: AffineTransform_float_3_3
Parameters: 0.999999 -0.000767744 0.0013392 0.000763547 0.999996 0.0027842 -0.00134193 -0.0027828 0.999996 0.107198 -0.0461132 0.0712003
FixedParameters: 0 0 0

#Transform 64
Transform: AffineTransform_float_3_3
Parameters: 1 -0.000816737 0.000904156 0.000814898 0.999997 0.00227376 -0.000906187 -0.00227324 0.999997 0.1248 -0.0256909 0.0335572
FixedParameters: 0 0 0

#Transform 65
Transform: AffineTransform_float_3_3
Parameters: 1 -0.000116014 0.00110649 0.000114601 1 0.00108513 -0.00110689 -0.00108487 0.999999 0.135796 0.00834176 -0.0202745
FixedParameters: 0 0 0

#Transform 66
Transform: AffineTransform_float_3_3
Parameters: 1 -0.000247862 0.00112616 0.000245913 0.999999 0.00137143 -0.001126 -0.00137057 0.999999 0.128517 -0.0465085 -0.0234751
FixedParameters: 0 0 0

#Transform 67
Transform: AffineTransform_float_3_3
Parameters: 0.999999 -0.000929275 0.000826977 0.000926937 0.999997 0.00218979 -0.000829214 -0.00218921 0.999998 0.0849456 -0.0550571 0.0026854
FixedParameters: 0 0 0

#Transform 68
Transform: AffineTransform_float_3_3
Parameters: 0.999999 -0.000589426 0.00127763 0.000586343 0.999997 0.00242392 -0.00127994 -0.00242308 0.999997 0.0832763 -0.0382275 0.025474
FixedParameters: 0 0 0

#Transform 69
Transform: AffineTransform_float_3_3
Parameters: 1 -0.000572733 0.000886925 0.000570708 0.999997 0.00242353 -0.000888018 -0.00242347 0.999996 0.0968981 -0.0524777 0.00432444
FixedParameters: 0 0 0

#Transform 70
Transform: AffineTransform_float_3_3
Parameters: 0.999999 -0.000151073 0.000711311 0.000149525 1 0.00108811 -0.000711638 -0.00108789 0.999999 0.0813369 -0.0500516 -0.084014
FixedParameters: 0 0 0

#Transform 71
Transform: AffineTransform_float_3_3
Parameters: 1 -7.86154e-05 0.000278705 7.87423e-05 0.999999 0.00154502 -0.000279098 -0.00154498 0.999999 0.0721636 -0.0995309 -0.118457
FixedParameters: 0 0 0

#Transform 72
Transform: AffineTransform_float_3_3
Parameters: 1 0.000229947 0.000654052 -0.000230796 1 0.000648849 -0.000653753 -0.00064915 0.999999 0.0591554 -0.0576611 -0.126106
FixedParameters: 0 0 0

#Transform 73
Transform: AffineTransform_float_3_3
Parameters: 1 -0.000505958 0.000908053 0.000504766 0.999999 0.00128346 -0.000908511 -0.00128254 0.999999 0.11944 -0.0752132 -0.0787653
FixedParameters: 0 0 0

#Transform 74
Transform: AffineTransform_float_3_3
Parameters: 0.999999 -0.00107276 0.000848262 0.00107133 0.999997 0.00226793 -0.000850457 -0.00226707 0.999997 0.135826 -0.0972945 -0.0489114
FixedParameters: 0 0 0

#Transform 75
Transform: AffineTransform_float_3_3
Parameters: 1 -0.000785221 0.000550251 0.000783633 0.999999 0.00157728 -0.000551737 -0.00157672 0.999998 0.156601 -0.0257081 -0.0974242
FixedParameters: 0 0 0

#Transform 76
Transform: AffineTransform_float_3_3
Parameters: 0.999999 -0.000503594 0.000522749 0.000502276 0.999996 0.00249028 -0.000523426 -0.00249071 0.999997 0.135633 -0.0877855 -0.0830165
FixedParameters: 0 0 0

#Transform 77
Transform: AffineTransform_float_3_3
Parameters: 0.999999 -0.000583638 0.000664103 0.000582691 0.999997 0.00242441 -0.000665252 -0.00242459 0.999997 0.117652 -0.0682426 -0.114001
FixedParameters: 0 0 0

#Transform 78
Transform: AffineTransform_float_3_3
Parameters: 0.999999 -0.000789735 0.000584338 0.000788036 0.999996 0.00268049 -0.00058575 -0.00268052 0.999997 0.128432 -0.0564858 -0.103689
FixedParameters: 0 0 0

#Transform 79
Transform: AffineTransform_float_3_3
Parameters: 1 -0.00052412 0.000335318 0.000523142 0.999999 0.00145518 -0.000336842 -0.00145482 0.999999 0.119775 -0.110705 -0.0517869
FixedParameters: 0 0 0

#Transform 80
Transform: AffineTransform_float_3_3
Parameters: 1 -0.000751472 0.000765077 0.000749368 0.999997 0.0022146 -0.000766573 -0.0022144 0.999998 0.166122 -0.035761 -0.0752207
FixedParameters: 0 0 0

#Transform 81
Transform: AffineTransform_float_3_3
Parameters: 0.999999 -0.000632148 0.000625423 0.000630693 0.999996 0.0029784 -0.000627505 -0.00297761 0.999996 0.156602 -0.0771576 -0.0441371
FixedParameters: 0 0 0

#Transform 82
Transform: AffineTransform_float_3_3
Parameters: 0.999999 -0.000852171 0.000976511 0.000850691 0.999997 0.00192185 -0.000978105 -0.00192114 0.999998 0.146323 -0.120412 -0.00603831
FixedParameters: 0 0 0

#Transform 83
Transform: AffineTransform_float_3_3
Parameters: 1 -0.00101232 0.000631365 0.0010113 0.999996 0.00284252 -0.000633461 -0.00284249 0.999996 0.172573 -0.0758692 -0.0788555
FixedParameters: 0 0 0

#Transform 84
Transform: AffineTransform_float_3_3
Parameters: 0.999999 -0.000927861 0.00124775 0.000925553 0.999998 0.00183618 -0.00124948 -0.00183482 0.999997 0.170054 -0.0957722 -0.128484
FixedParameters: 0 0 0

#Transform 85
Transform: AffineTransform_float_3_3
Parameters: 0.999999 -0.00110667 0.000803793 0.00110448 0.999997 0.00224991 -0.000805951 -0.00224909 0.999997 0.160284 -0.151684 -0.0544148
FixedParameters: 0 0 0

#Transform 86
Transform: AffineTransform_float_3_3
Parameters: 1 -0.000980715 0.000699097 0.000978852 0.999997 0.00224971 -0.000701677 -0.00224929 0.999998 0.154384 -0.0965718 -0.0987484
FixedParameters: 0 0 0

#Transform 87
Transform: AffineTransform_float_3_3
Parameters: 0.999998 -0.00122786 0.00104601 0.00122652 0.999997 0.00172631 -0.00104856 -0.00172469 0.999998 0.144553 -0.168792 -0.107317
FixedParameters: 0 0 0

#Transform 88
Transform: AffineTransform_float_3_3
Parameters: 0.999999 -0.00110124 0.000604921 0.00109917 0.999995 0.00301669 -0.000607753 -0.00301631 0.999996 0.186621 -0.120667 -0.123104
FixedParameters: 0 0 0

#Transform 89
Transform: AffineTransform_float_3_3
Parameters: 0.999999 -0.000956617 0.000828583 0.000954725 0.999996 0.00260282 -0.00083089 -0.00260219 0.999997 0.192562 -0.0768953 -0.136674
FixedParameters: 0 0 0

#Transform 90
Transform: AffineTransform_float_3_3
Parameters: 1 -0.00106933 0.000465649 0.00106802 0.999994 0.0030975 -0.000468463 -0.0030965 0.999995 0.1785 -0.154851 -0.1243
FixedParameters: 0 0 0

#Transform 91
Transform: AffineTransform_float_3_3
Parameters: 1 -0.000906236 0.000739974 0.000903459 0.999995 0.00284369 -0.000742304 -0.0028433 0.999996 0.179806 -0.103512 -0.131304
FixedParameters: 0 0 0

#Transform 92
Transform: AffineTransform_float_3_3
Parameters: 0.999999 -0.000987359 0.00107074 0.000984216 0.999996 0.00259808 -0.00107319 -0.00259692 0.999996 0.173653 -0.0852096 -0.125462
FixedParameters: 0 0 0

#Transform 93
Transform: AffineTransform_float_3_3
Parameters: 0.999999 -0.000612135 0.00120257 0.000609856 0.999998 0.00189376 -0.00120321 -0.00189324 0.999997 0.150731 -0.144588 -0.104364
FixedParameters: 0 0 0

#Transform 94
Transform: AffineTransform_float_3_3
Parameters: 0.999999 -0.000414512 0.000583482 0.000413303 0.999997 0.00213924 -0.000583425 -0.00213876 0.999997 0.156127 -0.119068 -0.159877
FixedParameters: 0 0 0

#Transform 95
Transform: AffineTransform_float_3_3
Parameters: 0.999999 -0.000964098 0.00110384 0.000961116 0.999997 0.00244809 -0.00110589 -0.00244692 0.999997 0.169364 -0.0553402 -0.141522
FixedParameters: 0 0 0

#Transform 96
Transform: AffineTransform_float_3_3
Parameters: 0.999999 -0.00114221 0.00093093 0.00113855 0.999994 0.00342294 -0.000934091 -0.00342206 0.999994 0.169052 -0.124245 -0.0774496
FixedParameters: 0 0 0

#Transform 97
Transform: AffineTransform_float_3_3
Parameters: 0.999999 -0.00100941 0.00107454 0.00100537 0.999995 0.00300711 -0.00107794 -0.00300589 0.999995 0.172214 -0.0642047 -0.132589
FixedParameters: 0 0 0

#Transform 98
Transform: AffineTransform_float_3_3
Parameters: 0.999999 -0.00091177 0.00123151 0.000908948 0.999997 0.00246915 -0.00123448 -0.00246786 0.999997 0.174679 -0.097795 -0.126719
FixedParameters: 0 0 0

#Transform 99
Transform: AffineTransform_float_3_3
Parameters: 0.999999 -0.000729615 0.000653262 0.00072694 0.999992 0.0038955 -0.000656268 -0.0038955 0.999993 0.150785 -0.105212 -0.127739
FixedParameters: 0 0 0

#Transform 100
Transform: AffineTransform_float_3_3
Parameters: 1 -0.00038811 0.000212864 0.00038779 0.999993 0.00376908 -0.000213961 -0.00376892 0.999993 0.148127 -0.0758267 -0.248521
FixedParameters: 0 0 0

#Transform 101
Transform: AffineTransform_float_3_3
Parameters: 1 -0.000436565 0.000424479 0.000435145 0.999995 0.00318618 -0.000425428 -0.00318581 0.999995 0.131183 -0.104486 -0.217853
FixedParameters: 0 0 0

#Transform 102
Transform: AffineTransform_float_3_3
Parameters: 1 -6.40914e-05 0.00036953 6.37743e-05 0.999999 0.00176603 -0.000369905 -0.00176598 0.999999 0.128866 -0.0876923 -0.205551
FixedParameters: 0 0 0

#Transform 103
Transform: AffineTransform_float_3_3
Parameters: 0.999999 -0.000593581 0.000740339 0.000591155 0.999996 0.00250644 -0.000741479 -0.00250556 0.999996 0.169117 -0.0514635 -0.203119
FixedParameters: 0 0 0

#Transform 104
Transform: AffineTransform_float_3_3
Parameters: 0.999998 -0.000857825 0.00133495 0.000853711 0.999995 0.00318717 -0.00133804 -0.00318584 0.999994 0.173489 -0.0934565 -0.145193
FixedParameters: 0 0 0

#Transform 105
Transform: AffineTransform_float_3_3
Parameters: 0.999999 -0.00102404 0.00103897 0.00102074 0.999994 0.00329809 -0.0010422 -0.00329691 0.999994 0.176609 -0.0546046 -0.134525
FixedParameters: 0 0 0

#Transform 106
Transform: AffineTransform_float_3_3
Parameters: 0.999999 -0.000869027 0.00111355 0.000865101 0.999996 0.00284999 -0.00111583 -0.00284901 0.999996 0.196005 -0.0161738 -0.144795
FixedParameters: 0 0 0

#Transform 107
Transform: AffineTransform_float_3_3
Parameters: 0.999999 -0.000913351 0.00111405 0.000909431 0.999993 0.00379704 -0.00111761 -0.00379596 0.999992 0.189182 -0.0962635 -0.148478
FixedParameters: 0 0 0

#Transform 108
Transform: AffineTransform_float_3_3
Parameters: 0.999999 -0.00102521 0.00101445 0.00102294 0.999996 0.00279792 -0.00101767 -0.00279709 0.999995 0.191641 -0.097306 -0.167551
FixedParameters: 0 0 0

#Transform 109
Transform: AffineTransform_float_3_3
Parameters: 0.999999 -0.000938908 0.00109512 0.000935095 0.999994 0.00329505 -0.00109878 -0.00329395 0.999994 0.195193 -0.0659589 -0.16171
FixedParameters: 0 0 0

#Transform 110
Transform: AffineTransform_float_3_3
Parameters: 0.999999 -0.00084696 0.001107 0.000842431 0.999991 0.00409596 -0.00111056 -0.00409504 0.999991 0.169127 -0.116968 -0.173527
FixedParameters: 0 0 0

#Transform 111
Transform: AffineTransform_float_3_3
Parameters: 0.999999 -0.00102489 0.00155175 0.00101955 0.999995 0.00318463 -0.0015549 -0.00318337 0.999994 0.190558 -0.0687103 -0.179461
FixedParameters: 0 0 0

#Transform 112
Transform: AffineTransform_float_3_3
Parameters: 0.999998 -0.0010604 0.00125768 0.00105674 0.999994 0.00326036 -0.00126123 -0.00325864 0.999994 0.18287 -0.117088 -0.156183
FixedParameters: 0 0 0

#Transform 113
Transform: AffineTransform_float_3_3
Parameters: 0.999999 -0.00103973 0.00111801 0.00103571 0.999993 0.00338518 -0.00112152 -0.00338381 0.999993 0.186103 -0.0612014 -0.214416
FixedParameters: 0 0 0

#Transform 114
Transform: AffineTransform_float_3_3
Parameters: 0.999999 -0.00090859 0.00107794 0.000903896 0.999992 0.003825 -0.00108137 -0.003824 0.999992 0.192161 -0.100764 -0.137919
FixedParameters: 0 0 0

#Transform 115
Transform: AffineTransform_float_3_3
Parameters: 0.999999 -0.00115029 0.00132743 0.00114587 0.999994 0.0033754 -0.00133182 -0.0033736 0.999993 0.193425 -0.0433516 -0.165774
FixedParameters: 0 0 0

#Transform 116
Transform: AffineTransform_float_3_3
Parameters: 0.999998 -0.00172509 0.00122272 0.00172002 0.999992 0.00370486 -0.00122901 -0.00370314 0.999992 0.183738 -0.101773 -0.119051
FixedParameters: 0 0 0

#Transform 117
Transform: AffineTransform_float_3_3
Parameters: 0.999998 -0.00124209 0.00115964 0.00123728 0.999993 0.00367031 -0.00116424 -0.00366869 0.999992 0.201113 -0.0598462 -0.146274
FixedParameters: 0 0 0

#Transform 118
Transform: AffineTransform_float_3_3
Parameters: 0.999998 -0.00146311 0.00145533 0.00145775 0.999993 0.00350203 -0.00146022 -0.00349998 0.999993 0.173098 -0.0723337 -0.124503
FixedParameters: 0 0 0

#Transform 119
Transform: AffineTransform_float_3_3
Parameters: 0.999998 -0.0013439 0.00105447 0.00134128 0.999994 0.00292846 -0.00105882 -0.00292754 0.999996 0.154985 -0.136259 -0.0829774
FixedParameters: 0 0 0

#Transform 120
Transform: AffineTransform_float_3_3
Parameters: 0.999999 -0.00141943 0.00109069 0.00141776 0.999998 0.00180642 -0.00109414 -0.00180458 0.999998 0.179398 -0.130659 -0.124899
FixedParameters: 0 0 0

#Transform 121
Transform: AffineTransform_float_3_3
Parameters: 0.999998 -0.00122219 0.00169419 0.00121475 0.999989 0.00454011 -0.00169938 -0.00453788 0.999988 0.194022 -0.100594 -0.118591
FixedParameters: 0 0 0

#Transform 122
Transform: AffineTransform_float_3_3
Parameters: 0.999999 -0.00131326 0.00129133 0.00131063 0.999996 0.00239457 -0.0012941 -0.00239243 0.999996 0.181682 -0.106179 -0.137961
FixedParameters: 0 0 0

#Transform 123
Transform: AffineTransform_float_3_3
Parameters: 0.999998 -0.00122695 0.00153023 0.00122003 0.999989 0.00448492 -0.00153616 -0.00448308 0.999989 0.191812 -0.100438 -0.133088
FixedParameters: 0 0 0

#Transform 124
Transform: AffineTransform_float_3_3
Parameters: 0.999998 -0.00125283 0.00140185 0.00124748 0.999993 0.00363365 -0.0014056 -0.00363235 0.999992 0.216342 -0.0398401 -0.156094
FixedParameters: 0 0 0

#Transform 125
Transform: AffineTransform_float_3_3
Parameters: 0.999998 -0.00131241 0.00158122 0.00130529 0.999989 0.00445212 -0.00158684 -0.00444988 0.999989 0.196565 -0.104051 -0.109487
FixedParameters: 0 0 0

#Transform 126
Transform: AffineTransform_float_3_3
Parameters: 0.999998 -0.00137138 0.00185463 0.00136616 0.999996 0.00263361 -0.00185848 -0.00263139 0.999995 0.210849 -0.0810768 -0.133115
FixedParameters: 0 0 0

#Transform 127
Transform: AffineTransform_float_3_3
Parameters: 0.999999 -0.00121826 0.00135272 0.00121397 0.999994 0.00332055 -0.00135645 -0.00331946 0.999993 0.211801 -0.12735 -0.16777
FixedParameters: 0 0 0

#Transform 128
Transform: AffineTransform_float_3_3
Parameters: 0.999999 -0.00112543 0.000945719 0.00112142 0.99999 0.00415709 -0.000949574 -0.00415591 0.999991 0.202824 -0.126692 -0.182031
FixedParameters: 0 0 0

#Transform 129
Transform: AffineTransform_float_3_3
Parameters: 0.999999 -0.00126812 0.0013746 0.00126245 0.999992 0.00376779 -0.00137978 -0.00376621 0.999992 0.20914 -0.127981 -0.213777
FixedParameters: 0 0 0

#Transform 130
Transform: AffineTransform_float_3_3
Parameters: 0.999998 -0.00121943 0.00115166 0.00121482 0.999991 0.00409943 -0.0011563 -0.00409757 0.999991 0.211174 -0.106595 -0.228148
FixedParameters: 0 0 0

#Transform 131
Transform: AffineTransform_float_3_3
Parameters: 0.999998 -0.000996493 0.00132537 0.000990828 0.999992 0.00384934 -0.00132966 -0.00384766 0.999992 0.222929 -0.136686 -0.244319
FixedParameters: 0 0 0

#Transform 132
Transform: AffineTransform_float_3_3
Parameters: 0.999998 -0.00137102 0.00137989 0.00136509 0.99999 0.00425794 -0.00138636 -0.00425606 0.99999 0.237399 -0.107538 -0.210827
FixedParameters: 0 0 0

#Transform 133
Transform: AffineTransform_float_3_3
Parameters: 0.999996 -0.00172133 0.00194512 0.00171348 0.99999 0.00409944 -0.00195233 -0.00409656 0.99999 0.254985 -0.0737014 -0.185332
FixedParameters: 0 0 0

#Transform 134
Transform: AffineTransform_float_3_3
Parameters: 0.999996 -0.00134706 0.00222887 0.00133651 0.999989 0.00459221 -0.00223561 -0.00458879 0.999987 0.252242 -0.126772 -0.162169
FixedParameters: 0 0 0

#Transform 135
Transform: AffineTransform_float_3_3
Parameters: 0.999996 -0.00179208 0.00219125 0.00178381 0.99999 0.00399601 -0.00219783 -0.00399199 0.99999 0.274943 -0.0675766 -0.205058
FixedParameters: 0 0 0

#Transform 136
Transform: AffineTransform_float_3_3
Parameters: 0.999996 -0.00167633 0.0023479 0.00166262 0.999984 0.00557702 -0.00235729 -0.00557299 0.999982 0.246603 -0.136632 -0.149456
FixedParameters: 0 0 0

#Transform 137
Transform: AffineTransform_float_3_3
Parameters: 0.999996 -0.00142599 0.00246406 0.00141183 0.999983 0.00557674 -0.00247179 -0.00557326 0.999981 0.215476 -0.0972049 -0.175901
FixedParameters: 0 0 0

#Transform 138
Transform: AffineTransform_float_3_3
Parameters: 0.999996 -0.00147623 0.00232049 0.00146577 0.999988 0.00463665 -0.00232771 -0.00463334 0.999987 0.249699 -0.1028 -0.271016
FixedParameters: 0 0 0

#Transform 139
Transform: AffineTransform_float_3_3
Parameters: 0.999996 -0.00128862 0.00259726 0.00127761 0.999991 0.00400372 -0.00260295 -0.00400028 0.999989 0.260185 -0.132205 -0.222925
FixedParameters: 0 0 0

#Transform 140
Transform: AffineTransform_float_3_3
Parameters: 0.999995 -0.001563 0.00248519 0.00155069 0.999986 0.00495914 -0.00249238 -0.00495587 0.999985 0.285186 -0.121464 -0.244088
FixedParameters: 0 0 0

#Transform 141
Transform: AffineTransform_float_3_3
Parameters: 0.999995 -0.00184727 0.00252736 0.00183609 0.999987 0.0046829 -0.00253536 -0.0046771 0.999986 0.297687 -0.115313 -0.23731
FixedParameters: 0 0 0

#Transform 142
Transform: AffineTransform_float_3_3
Parameters: 0.999995 -0.00210414 0.00256343 0.00208971 0.999984 0.00530635 -0.00257446 -0.00530064 0.999982 0.3186 -0.0968541 -0.196691
FixedParameters: 0 0 0

#Transform 143
Transform: AffineTransform_float_3_3
Parameters: 0.999994 -0.00201572 0.00285431 0.00199897 0.99998 0.00589003 -0.00286635 -0.00588398 0.999979 0.292852 -0.107049 -0.171847
FixedParameters: 0 0 0

#Transform 144
Transform: AffineTransform_float_3_3
Parameters: 0.999995 -0.00200377 0.00247866 0.00199038 0.999985 0.00504907 -0.00248845 -0.00504392 0.999984 0.312683 -0.0667791 -0.227531
FixedParameters: 0 0 0

#Transform 145
Transform: AffineTransform_float_3_3
Parameters: 0.999994 -0.00230979 0.00261805 0.00229399 0.99998 0.00591703 -0.0026314 -0.00591097 0.999979 0.285057 -0.123222 -0.180372
FixedParameters: 0 0 0

#Transform 146
Transform: AffineTransform_float_3_3
Parameters: 0.999995 -0.00216002 0.00254192 0.00214535 0.99998 0.00584445 -0.00255418 -0.00583855 0.999979 0.286906 -0.103105 -0.197808
FixedParameters: 0 0 0

#Transform 147
Transform: AffineTransform_float_3_3
Parameters: 0.999993 -0.00220039 0.00276857 0.00218413 0.999981 0.00565522 -0.00278046 -0.00564878 0.99998 0.287696 -0.0995467 -0.205954
FixedParameters: 0 0 0

#Transform 148
Transform: AffineTransform_float_3_3
Parameters: 0.999994 -0.00176651 0.00316747 0.00174708 0.99998 0.00601802 -0.00317829 -0.00601297 0.999977 0.286273 -0.126646 -0.211358
FixedParameters: 0 0 0

#Transform 149
Transform: AffineTransform_float_3_3
Parameters: 0.999994 -0.00179554 0.00270977 0.00178072 0.999983 0.00561112 -0.00272006 -0.00560589 0.999981 0.249002 -0.0986877 -0.23013
FixedParameters: 0 0 0

#Transform 150
Transform: AffineTransform_float_3_3
Parameters: 0.999995 -0.00126279 0.00286578 0.00124856 0.999987 0.00495801 -0.00287127 -0.00495499 0.999984 0.28277 -0.0498564 -0.274465
FixedParameters: 0 0 0

#Transform 151
Transform: AffineTransform_float_3_3
Parameters: 0.999993 -0.00195248 0.00303612 0.00193891 0.999988 0.00461807 -0.00304515 -0.00461293 0.999984 0.354556 -0.0616855 -0.321669
FixedParameters: 0 0 0

#Transform 152
Transform: AffineTransform_float_3_3
Parameters: 0.999993 -0.00200106 0.00310565 0.00198777 0.999988 0.00431151 -0.00311375 -0.00430549 0.999986 0.348388 -0.18268 -0.233014
FixedParameters: 0 0 0

#Transform 153
Transform: AffineTransform_float_3_3
Parameters: 0.999994 -0.00156286 0.00314703 0.00154562 0.999983 0.00550833 -0.00315566 -0.00550367 0.99998 0.344754 -0.104297 -0.307577
FixedParameters: 0 0 0

#Transform 154
Transform: AffineTransform_float_3_3
Parameters: 0.999995 -0.00198755 0.00253847 0.00197763 0.999991 0.00396801 -0.00254664 -0.003963 0.999989 0.296477 -0.142139 -0.240756
FixedParameters: 0 0 0

#Transform 155
Transform: AffineTransform_float_3_3
Parameters: 0.999991 -0.00179109 0.00365701 0.00176978 0.999982 0.00560814 -0.00366681 -0.00560185 0.999977 0.307536 -0.15436 -0.276598
FixedParameters: 0 0 0

#Transform 156
Transform: AffineTransform_float_3_3
Parameters: 0.999993 -0.00208193 0.00316302 0.00206503 0.999983 0.00549587 -0.00317435 -0.00548912 0.99998 0.338064 -0.104554 -0.383041
FixedParameters: 0 0 0

#Transform 157
Transform: AffineTransform_float_3_3
Parameters: 0.999994 -0.00177027 0.0029219 0.00175302 0.999981 0.00581543 -0.00293177 -0.00581056 0.999979 0.304727 -0.151877 -0.342533
FixedParameters: 0 0 0

#Transform 158
Transform: AffineTransform_float_3_3
Parameters: 0.999993 -0.0015563 0.00324685 0.00153596 0.99998 0.00614346 -0.00325667 -0.00613854 0.999976 0.303654 -0.156878 -0.337049
FixedParameters: 0 0 0

#Transform 159
Transform: AffineTransform_float_3_3
Parameters: 0.999995 -0.00139564 0.00286844 0.00138053 0.999986 0.00527625 -0.00287628 -0.00527275 0.999982 0.296666 -0.164189 -0.359691
FixedParameters: 0 0 0

#Transform 160
Transform: AffineTransform_float_3_3
Parameters: 0.999994 -0.00123698 0.00317558 0.00121992 0.999985 0.00538546 -0.0031823 -0.00538154 0.999981 0.294765 -0.13057 -0.388528
FixedParameters: 0 0 0

#Transform 161
Transform: AffineTransform_float_3_3
Parameters: 0.999995 -0.00162452 0.00290162 0.00160975 0.999984 0.00537911 -0.00291037 -0.00537389 0.999981 0.303899 -0.113708 -0.377829
FixedParameters: 0 0 0

#Transform 162
Transform: AffineTransform_float_3_3
Parameters: 0.999994 -0.0019286 0.0029457 0.00191306 0.999983 0.00547782 -0.00295612 -0.00547318 0.99998 0.307622 -0.104116 -0.34344
FixedParameters: 0 0 0

#Transform 163
Transform: AffineTransform_float_3_3
Parameters: 0.999994 -0.00158608 0.00289522 0.00156909 0.999983 0.00577184 -0.00290479 -0.00576717 0.999979 0.291269 -0.130397 -0.266912
FixedParameters: 0 0 0

#Transform 164
Transform: AffineTransform_float_3_3
Parameters: 0.999995 -0.00162219 0.00265373 0.00160822 0.999984 0.00535853 -0.0026621 -0.00535347 0.999982 0.308892 -0.0773545 -0.372637
FixedParameters: 0 0 0

#Transform 165
Transform: AffineTransform_float_3_3
Parameters: 0.999995 -0.001635 0.00278108 0.0016185 0.999982 0.00577179 -0.00279007 -0.00576721 0.99998 0.316247 -0.115769 -0.308523
FixedParameters: 0 0 0

#Transform 166
Transform: AffineTransform_float_3_3
Parameters: 0.999996 -0.00142401 0.00271025 0.00140693 0.99998 0.0061821 -0.00271912 -0.0061789 0.999977 0.266277 -0.151779 -0.296614
FixedParameters: 0 0 0

#Transform 167
Transform: AffineTransform_float_3_3
Parameters: 0.999996 -0.00130627 0.00230491 0.00129132 0.999979 0.00634521 -0.00231344 -0.00634178 0.999977 0.262413 -0.0990294 -0.478802
FixedParameters: 0 0 0

#Transform 168
Transform: AffineTransform_float_3_3
Parameters: 0.999996 -0.00150341 0.00241986 0.001488 0.999978 0.00660872 -0.00243 -0.00660529 0.999975 0.272586 -0.109035 -0.37732
FixedParameters: 0 0 0

#Transform 169
Transform: AffineTransform_float_3_3
Parameters: 0.999997 -0.00111801 0.00184172 0.00110734 0.999982 0.0059401 -0.00184753 -0.00593791 0.999981 0.268411 -0.106802 -0.476105
FixedParameters: 0 0 0

#Transform 170
Transform: AffineTransform_float_3_3
Parameters: 0.999998 -2.33703e-05 0.00223597 1.23681e-05 0.999988 0.00473851 -0.00223566 -0.00473849 0.999987 0.204925 -0.064936 -0.432755
FixedParameters: 0 0 0

#Transform 171
Transform: AffineTransform_float_3_3
Parameters: 0.999998 0.000527805 0.001624 -0.00053166 0.999997 0.00235829 -0.00162308 -0.00235971 0.999996 0.124306 0.0931378 -0.311395
FixedParameters: 0 0 0

#Transform 172
Transform: AffineTransform_float_3_3
Parameters: 0.999994 0.0014522 0.00297358 -0.00144985 0.999999 -0.000705791 -0.00297433 0.000701209 0.999995 0.0995925 0.207188 -0.306633
FixedParameters: 0 0 0

#Transform 173
Transform: AffineTransform_float_3_3
Parameters: 0.999991 0.00170769 0.00374837 -0.00170306 0.999997 -0.0012603 -0.00375092 0.0012537 0.999993 0.13343 0.170195 -0.284946
FixedParameters: 0 0 0

#Transform 174
Transform: AffineTransform_float_3_3
Parameters: 0.999992 0.000419449 0.00398385 -0.000424445 0.999999 0.00124652 -0.00398354 -0.00124848 0.999992 0.205184 0.145855 -0.343323
FixedParameters: 0 0 0

#Transform 175
Transform: AffineTransform_float_3_3
Parameters: 0.999993 0.000146073 0.00391108 -0.000154965 0.999997 0.00241949 -0.00391085 -0.00242051 0.999989 0.235556 0.055477 -0.278537
FixedParameters: 0 0 0

#Transform 176
Transform: AffineTransform_float_3_3
Parameters: 0.999993 2.87215e-05 0.00390327 -3.74288e-05 0.999997 0.00240095 -0.00390362 -0.00240105 0.999989 0.257203 0.0854521 -0.318008
FixedParameters: 0 0 0

#Transform 177
Transform: AffineTransform_float_3_3
Parameters: 0.999993 6.94593e-05 0.00389737 -7.77686e-05 0.999997 0.00209994 -0.00389726 -0.00210006 0.999991 0.275797 0.116106 -0.329535
FixedParameters: 0 0 0

#Transform 178
Transform: AffineTransform_float_3_3
Parameters: 0.999993 -2.77553e-05 0.00391166 1.78231e-05 0.999997 0.00242617 -0.00391212 -0.00242583 0.999989 0.264706 0.0349531 -0.294932
FixedParameters: 0 0 0

#Transform 179
Transform: AffineTransform_float_3_3
Parameters: 0.999993 -0.000109937 0.00371786 0.000102603 0.999997 0.0020905 -0.00371752 -0.0020905 0.999991 0.270863 0.036963 -0.354063
FixedParameters: 0 0 0

#Transform 180
Transform: AffineTransform_float_3_3
Parameters: 0.999994 -0.000369536 0.00348547 0.000361172 0.999998 0.00223608 -0.00348618 -0.00223492 0.999991 0.265739 0.0759323 -0.321314
FixedParameters: 0 0 0

#Transform 181
Transform: AffineTransform_float_3_3
Parameters: 0.999995 -0.000196152 0.00334502 0.00018669 0.999996 0.00278942 -0.00334545 -0.00278857 0.99999 0.250445 0.0355685 -0.258675
FixedParameters: 0 0 0

#Transform 182
Transform: AffineTransform_float_3_3
Parameters: 0.999994 1.88845e-05 0.00324443 -2.69805e-05 0.999997 0.00264171 -0.00324467 -0.00264229 0.999992 0.255094 0.0626823 -0.335552
FixedParameters: 0 0 0

#Transform 183
Transform: AffineTransform_float_3_3
Parameters: 0.999994 -3.53808e-05 0.0032522 2.56904e-05 0.999995 0.00320788 -0.00325206 -0.00320812 0.999989 0.265024 0.075133 -0.358173
FixedParameters: 0 0 0

#Transform 184
Transform: AffineTransform_float_3_3
Parameters: 0.999995 -0.000254356 0.00307202 0.000243266 0.999994 0.0036234 -0.00307349 -0.0036226 0.999989 0.232229 0.0174128 -0.277818
FixedParameters: 0 0 0

#Transform 185
Transform: AffineTransform_float_3_3
Parameters: 0.999996 -0.00027435 0.00283485 0.00026578 0.999996 0.00295925 -0.00283567 -0.00295875 0.999991 0.23202 0.0528933 -0.333112
FixedParameters: 0 0 0

#Transform 186
Transform: AffineTransform_float_3_3
Parameters: 0.999995 -0.000117709 0.00296096 0.000107239 0.999994 0.00348797 -0.00296126 -0.00348803 0.999989 0.223957 0.0597792 -0.387505
FixedParameters: 0 0 0

#Transform 187
Transform: AffineTransform_float_3_3
Parameters: 0.999994 2.27e-05 0.0032406 -3.31446e-05 0.999995 0.00315969 -0.00324093 -0.00316031 0.99999 0.207178 -0.0297899 -0.289606
FixedParameters: 0 0 0

#Transform 188
Transform: AffineTransform_float_3_3
Parameters: 0.999996 -0.000103303 0.00303456 9.22942e-05 0.999993 0.00365493 -0.00303494 -0.00365507 0.999989 0.209096 0.0551072 -0.37631
FixedParameters: 0 0 0

#Transform 189
Transform: AffineTransform_float_3_3
