#Insight Transform File V1.0
#Transform 0
Transform: AffineTransform_float_3_3
Parameters: 1 -4.40769e-05 0.00115753 4.34849e-05 1 -0.000174853 -0.00115742 0.000174148 1 -0.0226593 0.200306 -0.158462
FixedParameters: 0 0 0

#Transform 1
Transform: AffineTransform_float_3_3
Parameters: 1 -0.000191217 0.000401498 0.000191986 1 0.000394077 -0.000400742 -0.000393923 1 0.0424089 -0.0867187 0.0327549
FixedParameters: 0 0 0

#Transform 2
Transform: AffineTransform_float_3_3
Parameters: 1 0.00022175 -0.000492841 -0.000222324 0.999999 -0.00067189 0.000493539 0.000672109 0.999999 0.0391152 0.0552665 -0.0491852
FixedParameters: 0 0 0

#Transform 3
Transform: AffineTransform_float_3_3
Parameters: 1 0.00056373 -5.06344e-05 -0.000563787 0.999999 -0.000567971 4.99939e-05 0.000568028 1 0.0486533 0.0851947 0.0323018
FixedParameters: 0 0 0

#Transform 4
Transform: AffineTransform_float_3_3
Parameters: 1 0.000636437 -5.71656e-05 -0.000636502 0.999999 -0.000568963 5.64413e-05 0.000569036 1 0.0368882 -0.106853 0.0318139
FixedParameters: 0 0 0

#Transform 5
Transform: AffineTransform_float_3_3
Parameters: 0.999999 0.000766869 -6.9362e-05 -0.000766945 0.999999 -0.00119095 6.85312e-05 0.00119105 1 0.0349531 0.189705 -0.0479246
FixedParameters: 0 0 0

#Transform 6
Transform: AffineTransform_float_3_3
Parameters: 0.999999 0.000706197 4.93001e-05 -0.000706091 0.999999 -0.000169035 -4.85427e-05 0.000168966 1 0.0388764 -0.0727572 -0.0451303
FixedParameters: 0 0 0

#Transform 7
Transform: AffineTransform_float_3_3
Parameters: 1 0.000570696 -5.13285e-05 -0.000570766 0.999999 -0.00068697 5.05443e-05 0.000687029 1 0.0228974 0.066494 -0.12878
FixedParameters: 0 0 0

#Transform 8
Transform: AffineTransform_float_3_3
Parameters: 1 0.000610496 -5.5353e-05 -0.000610562 0.999999 -0.00140997 5.46274e-05 0.00141003 0.999999 0.0391182 0.147054 -0.137654
FixedParameters: 0 0 0

#Transform 9
Transform: AffineTransform_float_3_3
Parameters: 0.999999 0.000906785 -0.000419836 -0.000905681 0.999999 0.0015253 0.000420609 -0.0015257 0.999999 0.0596481 -0.158548 -0.0419964
FixedParameters: 0 0 0

#Transform 10
Transform: AffineTransform_float_3_3
Parameters: 0.999999 0.000425068 -0.000886197 -0.000424815 1 0.000193376 0.000885365 -0.000192624 0.999999 0.0447402 0.206761 -0.101765
FixedParameters: 0 0 0

#Transform 11
Transform: AffineTransform_float_3_3
Parameters: 1 0.000232488 -0.000458883 -0.000233746 0.999999 -0.00146689 0.000459196 0.00146711 0.999999 0.0634108 -0.00695967 0.170674
FixedParameters: 0 0 0

#Transform 12
Transform: AffineTransform_float_3_3
Parameters: 1 -0.00042147 0.000213796 0.00042194 1 -0.00110091 -0.000212867 0.00110109 1 -0.0279463 -0.0260741 0.233192
FixedParameters: 0 0 0

#Transform 13
Transform: AffineTransform_float_3_3
Parameters: 1 -0.000184293 0.000235765 0.000184329 0.999997 -0.00219295 -0.000234868 0.00219304 0.999997 -0.0194494 0.218765 0.0470954
FixedParameters: 0 0 0

#Transform 14
Transform: AffineTransform_float_3_3
Parameters: 1 7.53668e-05 0.000212084 -7.49476e-05 0.999999 -0.000988015 -0.000212233 0.000987983 0.999999 0.00599767 -0.0992575 0.204519
FixedParameters: 0 0 0

#Transform 15
Transform: AffineTransform_float_3_3
Parameters: 1 0.000363184 0.00046889 -0.000362092 0.999997 -0.00213018 -0.000469351 0.00213082 0.999997 0.0356349 0.0844112 0.122423
FixedParameters: 0 0 0

#Transform 16
Transform: AffineTransform_float_3_3
Parameters: 1 0.000168798 0.000578139 -0.000168353 0.999999 -0.0012461 -0.00057847 0.0012459 0.999999 0.0212404 0.162291 0.185061
FixedParameters: 0 0 0

#Transform 17
Transform: AffineTransform_float_3_3
Parameters: 0.999999 -7.27312e-05 0.000763615 7.31033e-05 0.999999 -0.000895856 -0.000763395 0.000896144 1 0.00535507 -0.136255 0.3212
FixedParameters: 0 0 0

#Transform 18
Transform: AffineTransform_float_3_3
Parameters: 1 0.000260932 -3.47091e-05 -0.00026103 0.999999 -0.00143099 3.39622e-05 0.00143101 0.999999 0.00261663 0.224283 0.0866754
FixedParameters: 0 0 0

#Transform 19
Transform: AffineTransform_float_3_3
Parameters: 1 0.000669281 0.000211819 -0.000669681 1 0.000733762 -0.000211833 -0.000733239 0.999999 0.00116804 0.00920845 0.0877469
FixedParameters: 0 0 0

#Transform 20
Transform: AffineTransform_float_3_3
Parameters: 1 -0.000114829 1.82825e-05 0.00011483 1 -2.09979e-05 -1.82777e-05 2.10021e-05 1 0.00426132 0.00091464 0.00342198
FixedParameters: 0 0 0

#Transform 21
Transform: AffineTransform_float_3_3
Parameters: 0.999999 0.000120171 -0.000855364 -0.000121752 0.999999 -0.0015069 0.000854911 0.0015071 0.999998 -0.0144228 0.303437 -0.11146
FixedParameters: 0 0 0

#Transform 22
Transform: AffineTransform_float_3_3
Parameters: 0.999999 0.000854246 0.00021584 -0.000854813 0.999999 0.00110982 -0.000214939 -0.00111018 1 -0.0349869 0.000719193 0.176484
FixedParameters: 0 0 0

#Transform 23
Transform: AffineTransform_float_3_3
Parameters: 1 0.000513781 0.000222221 -0.000513793 1 2.68858e-05 -0.000222193 -2.71142e-05 1 -0.0288926 -0.125934 0.224251
FixedParameters: 0 0 0

#Transform 24
Transform: AffineTransform_float_3_3
Parameters: 0.999999 0.00062415 -0.000380921 -0.000624144 0.999999 -0.00141776 0.000380058 0.00141824 0.999999 -0.0201312 0.177521 -0.203191
FixedParameters: 0 0 0

#Transform 25
Transform: AffineTransform_float_3_3
Parameters: 0.999999 0.000799348 0.00017195 -0.000799492 0.999999 0.000417862 -0.000171281 -0.000418137 1 -0.038254 0.0594106 -0.0526843
FixedParameters: 0 0 0

#Transform 26
Transform: AffineTransform_float_3_3
Parameters: 1 0.000217509 0.000223747 -0.000217955 0.999999 0.00099695 -0.000223312 -0.000997048 0.999999 -0.00961436 -0.12643 0.191553
FixedParameters: 0 0 0

#Transform 27
Transform: AffineTransform_float_3_3
Parameters: 0.999999 0.000709115 -0.000674854 -0.000710715 0.999996 -0.00279752 0.000672696 0.00279848 0.999996 -0.0577862 0.234301 -0.318022
FixedParameters: 0 0 0

#Transform 28
Transform: AffineTransform_float_3_3
Parameters: 0.999998 0.00112061 -0.00130282 -0.00112173 0.999999 -0.000847524 0.00130182 0.000848476 0.999999 -0.0551611 0.100337 -0.347916
FixedParameters: 0 0 0

#Transform 29
Transform: AffineTransform_float_3_3
Parameters: 1 0.000659238 0.000884924 -0.000659308 1 3.94087e-05 -0.000884872 -3.95912e-05 0.999999 -0.0581737 -0.134663 0.352396
FixedParameters: 0 0 0

#Transform 30
Transform: AffineTransform_float_3_3
Parameters: 1 0.000400221 0.000436774 -0.000398762 0.999992 -0.00384009 -0.000438668 0.00383991 0.999993 -0.0406543 0.215262 -0.292765
FixedParameters: 0 0 0

#Transform 31
Transform: AffineTransform_float_3_3
Parameters: 0.999999 0.000846645 -0.00010966 -0.000846466 0.999999 0.00121409 0.00011072 -0.00121391 1 -0.0394133 0.0287584 -0.187874
FixedParameters: 0 0 0

#Transform 32
Transform: AffineTransform_float_3_3
Parameters: 0.999999 0.000324385 0.00142691 -0.000324854 1 0.000513617 -0.00142667 -0.000513383 0.999999 -0.0834419 -0.180521 0.0614034
FixedParameters: 0 0 0

#Transform 33
Transform: AffineTransform_float_3_3
Parameters: 0.999998 0.00104258 0.00132733 -0.00103889 0.999996 -0.0024473 -0.00133016 0.0024457 0.999996 -0.0668778 0.298991 -0.376959
FixedParameters: 0 0 0

#Transform 34
Transform: AffineTransform_float_3_3
Parameters: 0.999999 0.000309688 0.00126361 -0.000310482 0.999999 0.000672697 -0.00126427 -0.000673303 0.999999 -0.12239 -0.0320462 -0.00802338
FixedParameters: 0 0 0

#Transform 35
Transform: AffineTransform_float_3_3
Parameters: 0.999998 0.000384852 0.00208191 -0.000383362 1 -0.000597622 -0.00208228 0.000596377 0.999997 -0.119837 -0.0699383 0.438365
FixedParameters: 0 0 0

#Transform 36
Transform: AffineTransform_float_3_3
Parameters: 0.999999 0.000336975 0.00152671 -0.000334202 0.999998 -0.00188642 -0.00152771 0.00188558 0.999997 -0.112747 0.264572 -0.123932
FixedParameters: 0 0 0

#Transform 37
Transform: AffineTransform_float_3_3
Parameters: 1 0.000245839 0.000548631 -0.00024668 0.999998 0.00159286 -0.000548932 -0.00159214 0.999998 -0.0776868 0.0744889 -0.0105783
FixedParameters: 0 0 0

#Transform 38
Transform: AffineTransform_float_3_3
Parameters: 0.999999 0.000616286 0.000398539 -0.000616315 0.999999 0.00128875 -0.000397039 -0.00128925 0.999999 -0.0884245 -0.14929 0.097772
FixedParameters: 0 0 0

#Transform 39
Transform: AffineTransform_float_3_3
Parameters: 1 0.000298759 0.00109929 -0.00029606 0.999996 -0.00254624 -0.00109954 0.00254576 0.999996 -0.132874 0.162241 -0.229444
FixedParameters: 0 0 0

#Transform 40
Transform: AffineTransform_float_3_3
Parameters: 0.999998 0.000490069 0.0016182 -0.00049144 1 0.00103929 -0.00161736 -0.00103971 0.999998 -0.131382 -0.0018641 0.114154
FixedParameters: 0 0 0

#Transform 41
Transform: AffineTransform_float_3_3
Parameters: 0.999999 0.000265457 0.000750189 -0.000265055 0.999999 -0.000931118 -0.000750594 0.000931882 0.999999 -0.0845498 -0.0411925 -0.00834572
FixedParameters: 0 0 0

#Transform 42
Transform: AffineTransform_float_3_3
Parameters: 1 0.000286018 0.000977243 -0.000285029 1 -0.00101528 -0.000977734 0.00101472 0.999999 -0.0883454 0.258914 -0.346485
FixedParameters: 0 0 0

#Transform 43
Transform: AffineTransform_float_3_3
Parameters: 0.999999 0.000842674 0.000917674 -0.000843069 0.999999 0.00125222 -0.000916736 -0.00125278 0.999999 -0.0973584 -0.101674 -0.0755286
FixedParameters: 0 0 0

#Transform 44
Transform: AffineTransform_float_3_3
Parameters: 0.999999 0.000333177 0.000799292 -0.000332613 0.999999 -0.000976177 -0.000799853 0.000975822 0.999999 -0.073361 0.0670308 -0.191644
FixedParameters: 0 0 0

#Transform 45
Transform: AffineTransform_float_3_3
Parameters: 1 3.09627e-05 0.000510312 -2.9096e-05 0.999996 -0.00288901 -0.000511392 0.00288898 0.999995 -0.121043 0.204749 -0.109034
FixedParameters: 0 0 0

#Transform 46
Transform: AffineTransform_float_3_3
Parameters: 0.999999 0.000262382 0.000689554 -0.000259366 0.999991 -0.00428618 -0.000690528 0.00428582 0.99999 -0.0971867 -0.0711689 0.231448
FixedParameters: 0 0 0

#Transform 47
Transform: AffineTransform_float_3_3
Parameters: 0.999999 0.000283834 0.000909324 -0.000279196 0.999987 -0.00523526 -0.000910831 0.00523474 0.999986 -0.11246 0.20979 -0.20069
FixedParameters: 0 0 0

#Transform 48
Transform: AffineTransform_float_3_3
Parameters: 0.999998 0.000768658 0.00183902 -0.000762574 0.999994 -0.00322924 -0.00184144 0.00322776 0.999993 -0.123248 0.0514639 -0.126081
FixedParameters: 0 0 0

#Transform 49
Transform: AffineTransform_float_3_3
Parameters: 0.999999 0.00058254 0.000852676 -0.000578846 0.999992 -0.00380941 -0.000854841 0.00380859 0.999993 -0.11441 0.00101617 -0.247445
FixedParameters: 0 0 0

#Transform 50
Transform: AffineTransform_float_3_3
Parameters: 1 0.000238247 0.000445277 -0.00023786 0.999999 -0.00155211 -0.000445928 0.00155189 0.999998 -0.146367 0.239071 -0.225393
FixedParameters: 0 0 0

#Transform 51
Transform: AffineTransform_float_3_3
Parameters: 0.999999 0.000720543 0.000365001 -0.000721033 0.999999 -0.000571271 -0.00036474 0.000571729 0.999999 -0.141088 -0.0652101 -0.13317
FixedParameters: 0 0 0

#Transform 52
Transform: AffineTransform_float_3_3
Parameters: 1 0.000166267 0.000450586 -0.000165236 0.999995 -0.00335108 -0.000451519 0.00335093 0.999995 -0.137312 0.0625531 -0.361651
FixedParameters: 0 0 0

#Transform 53
Transform: AffineTransform_float_3_3
Parameters: 0.999999 0.000832574 0.000171153 -0.000831723 0.999991 -0.00431923 -0.000174268 0.00431877 0.99999 -0.11963 0.218896 -0.301879
FixedParameters: 0 0 0

#Transform 54
Transform: AffineTransform_float_3_3
Parameters: 0.999999 0.000701985 0.000183968 -0.000701437 0.999994 -0.00345513 -0.00018574 0.00345487 0.999994 -0.102196 -0.0542402 -0.170783
FixedParameters: 0 0 0

#Transform 55
Transform: AffineTransform_float_3_3
Parameters: 1 0.000225381 0.000285742 -0.000223363 0.999976 -0.00683806 -0.000287636 0.00683793 0.999976 -0.11666 0.266321 -0.350198
FixedParameters: 0 0 0

#Transform 56
Transform: AffineTransform_float_3_3
Parameters: 0.999999 0.000685084 0.000185443 -0.000684474 0.999994 -0.00359313 -0.000187287 0.00359288 0.999994 -0.11329 0.0442328 -0.191051
FixedParameters: 0 0 0

#Transform 57
Transform: AffineTransform_float_3_3
Parameters: 1 0.000591697 0.00100446 -0.00058775 0.999993 -0.00385559 -0.00100666 0.00385441 0.999992 -0.126485 0.00838695 -0.219165
FixedParameters: 0 0 0

#Transform 58
Transform: AffineTransform_float_3_3
Parameters: 0.999999 0.000593805 0.00116049 -0.000585574 0.999977 -0.00685169 -0.00116487 0.00685131 0.999976 -0.147989 0.272619 -0.396079
FixedParameters: 0 0 0

#Transform 59
Transform: AffineTransform_float_3_3
Parameters: 0.999999 0.000712162 0.000132069 -0.000712161 0.999995 -0.0030781 -0.000134372 0.00307791 0.999996 -0.113551 -0.0438686 -0.224328
FixedParameters: 0 0 0

#Transform 60
Transform: AffineTransform_float_3_3
Parameters: 0.999999 7.80049e-05 -0.00128579 -8.30419e-05 0.999993 -0.00392981 0.00128571 0.00393019 0.999992 -0.0837371 0.0939625 -0.284993
FixedParameters: 0 0 0

#Transform 61
Transform: AffineTransform_float_3_3
Parameters: 0.999999 0.000830151 0.000934077 -0.000826827 0.999993 -0.00380879 -0.00093804 0.00380822 0.999993 -0.0983065 0.105941 -0.137567
FixedParameters: 0 0 0

#Transform 62
Transform: AffineTransform_float_3_3
Parameters: 1 0.000234888 0.000394793 -0.000233238 0.99999 -0.00449409 -0.000395723 0.00449391 0.99999 -0.0621115 -0.0410244 0.208751
FixedParameters: 0 0 0

#Transform 63
Transform: AffineTransform_float_3_3
Parameters: 1 0.000481316 0.000372193 -0.000478857 0.999984 -0.00560419 -0.000374408 0.00560482 0.999984 -0.123601 0.297382 -0.21575
FixedParameters: 0 0 0

#Transform 64
Transform: AffineTransform_float_3_3
Parameters: 0.999999 0.000959109 0.000914742 -0.000956414 0.999995 -0.00300389 -0.000918236 0.00300311 0.999995 -0.117826 -0.0225176 0.0278104
FixedParameters: 0 0 0

#Transform 65
Transform: AffineTransform_float_3_3
Parameters: 0.999999 0.00100673 0.000818717 -0.00100409 0.999994 -0.00326683 -0.000822029 0.00326518 0.999995 -0.11503 0.171209 -0.162093
FixedParameters: 0 0 0

#Transform 66
Transform: AffineTransform_float_3_3
Parameters: 1 0.00088382 0.000674534 -0.000881305 0.999994 -0.0031376 -0.000676906 0.00313739 0.999995 -0.0844884 0.0796525 -0.0647477
FixedParameters: 0 0 0

#Transform 67
Transform: AffineTransform_float_3_3
Parameters: 1 0.000933939 0.00024758 -0.000932811 0.999992 -0.00372224 -0.000251452 0.00372276 0.999993 -0.0929861 0.126654 -0.193909
FixedParameters: 0 0 0

#Transform 68
Transform: AffineTransform_float_3_3
Parameters: 0.999999 0.000643679 0.000713584 -0.000640479 0.999993 -0.00350746 -0.000715918 0.00350753 0.999993 -0.0863071 0.148605 -0.104051
FixedParameters: 0 0 0

#Transform 69
Transform: AffineTransform_float_3_3
Parameters: 0.999999 0.000475189 0.000655552 -0.000473275 0.999991 -0.00435731 -0.000657337 0.00435669 0.999991 -0.105063 0.0592014 -0.224068
FixedParameters: 0 0 0

#Transform 70
Transform: AffineTransform_float_3_3
Parameters: 0.999999 0.000574641 0.000537767 -0.000571672 0.999991 -0.00435731 -0.000539595 0.00435669 0.999991 -0.119064 0.241784 -0.221382
FixedParameters: 0 0 0

#Transform 71
Transform: AffineTransform_float_3_3
Parameters: 1 0.000525798 0.000383981 -0.00052478 0.999993 -0.0036802 -0.000385677 0.0036798 0.999993 -0.110109 -0.000199806 -0.242873
FixedParameters: 0 0 0

#Transform 72
Transform: AffineTransform_float_3_3
Parameters: 0.999999 0.000830108 -3.76773e-05 -0.00083016 0.999989 -0.00450097 3.31925e-05 0.00450103 0.99999 -0.107932 0.126913 -0.303836
FixedParameters: 0 0 0

#Transform 73
Transform: AffineTransform_float_3_3
Parameters: 0.999999 0.000779219 0.000122183 -0.000778129 0.999978 -0.0065811 -0.000127363 0.00658091 0.999979 -0.128872 0.250143 -0.362222
FixedParameters: 0 0 0

#Transform 74
Transform: AffineTransform_float_3_3
Parameters: 0.999999 0.000893392 0.000108354 -0.000892426 0.999979 -0.0064321 -0.000113775 0.0064319 0.99998 -0.115995 0.126802 -0.396996
FixedParameters: 0 0 0

#Transform 75
Transform: AffineTransform_float_3_3
Parameters: 1 0.000648848 -2.23563e-05 -0.000648772 0.999974 -0.00707998 1.71531e-05 0.00708001 0.999975 -0.11804 0.104956 -0.498461
FixedParameters: 0 0 0

#Transform 76
Transform: AffineTransform_float_3_3
Parameters: 0.999999 0.000268156 0.000730692 -0.000263048 0.999976 -0.00683111 -0.00073288 0.00683189 0.999977 -0.155136 0.258163 -0.434677
FixedParameters: 0 0 0

#Transform 77
Transform: AffineTransform_float_3_3
Parameters: 1 0.000220351 0.000234031 -0.000219067 0.999978 -0.00660905 -0.000234765 0.00660895 0.999978 -0.140729 0.0736395 -0.461666
FixedParameters: 0 0 0

#Transform 78
Transform: AffineTransform_float_3_3
Parameters: 0.999999 0.000453004 0.000774281 -0.00044753 0.999978 -0.00662136 -0.000777808 0.00662164 0.999977 -0.131531 0.257613 -0.593729
FixedParameters: 0 0 0

#Transform 79
Transform: AffineTransform_float_3_3
Parameters: 1 0.000301481 0.00106891 -0.000293077 0.999972 -0.00756833 -0.00107071 0.00756867 0.99997 -0.125738 0.389951 -0.555093
FixedParameters: 0 0 0

#Transform 80
Transform: AffineTransform_float_3_3
Parameters: 1 0.000458426 0.000314278 -0.000455395 0.999971 -0.00752314 -0.000317987 0.00752285 0.999971 -0.101991 0.127193 -0.439426
FixedParameters: 0 0 0

#Transform 81
Transform: AffineTransform_float_3_3
Parameters: 0.999999 0.00082717 -0.000452082 -0.000830655 0.999969 -0.00781162 0.000444841 0.00781138 0.99997 -0.109694 0.304464 -0.692968
FixedParameters: 0 0 0

#Transform 82
Transform: AffineTransform_float_3_3
Parameters: 1 0.000656052 -0.000888684 -0.000662628 0.999968 -0.00794541 0.00088356 0.00794559 0.999968 -0.0927057 0.344998 -0.836624
FixedParameters: 0 0 0

#Transform 83
Transform: AffineTransform_float_3_3
Parameters: 0.999999 0.00079573 -0.00108879 -0.000804543 0.999971 -0.00755412 0.00108305 0.00755488 0.999971 -0.138108 0.295907 -0.805563
FixedParameters: 0 0 0

#Transform 84
Transform: AffineTransform_float_3_3
Parameters: 0.999999 0.00083509 -0.000593317 -0.000839766 0.999961 -0.0087205 0.000585238 0.00872149 0.999962 -0.126813 0.141722 -0.867647
FixedParameters: 0 0 0

#Transform 85
Transform: AffineTransform_float_3_3
Parameters: 1 0.000451722 -0.000994624 -0.000461519 0.999948 -0.0101815 0.000989416 0.0101825 0.999947 -0.11332 0.389633 -1.02379
FixedParameters: 0 0 0

#Transform 86
Transform: AffineTransform_float_3_3
Parameters: 0.999999 0.000213763 -0.000946992 -0.000223833 0.999943 -0.0107308 0.000944395 0.0107312 0.999942 -0.121918 0.261547 -1.04623
FixedParameters: 0 0 0

#Transform 87
Transform: AffineTransform_float_3_3
Parameters: 1 0.000508466 -0.000947168 -0.000517621 0.999946 -0.0104445 0.000942534 0.0104455 0.999945 -0.144385 0.272508 -1.03038
FixedParameters: 0 0 0

#Transform 88
Transform: AffineTransform_float_3_3
Parameters: 1 -3.1786e-05 -0.000160669 3.10582e-05 0.999965 -0.00845501 0.000161023 0.008455 0.999964 -0.125341 0.121181 -0.169779
FixedParameters: 0 0 0

#Transform 89
Transform: AffineTransform_float_3_3
Parameters: 1 0.000532128 0.000118589 -0.000531546 0.999961 -0.00882306 -0.000122816 0.00882294 0.999961 -0.155152 0.278425 -0.347308
FixedParameters: 0 0 0

#Transform 90
Transform: AffineTransform_float_3_3
Parameters: 1 0.000572226 -0.000197683 -0.000574691 0.999947 -0.010256 0.000191808 0.010256 0.999947 -0.162819 0.073648 -0.498144
FixedParameters: 0 0 0

#Transform 91
Transform: AffineTransform_float_3_3
Parameters: 1 0.000544939 0.000362357 -0.000541288 0.999939 -0.0110882 -0.00036798 0.0110878 0.999939 -0.182538 0.256506 -0.651386
FixedParameters: 0 0 0

#Transform 92
Transform: AffineTransform_float_3_3
Parameters: 1 0.000249752 0.000145877 -0.000248429 0.999944 -0.010639 -0.000149007 0.010639 0.999944 -0.191141 0.140273 -0.659172
FixedParameters: 0 0 0

#Transform 93
Transform: AffineTransform_float_3_3
Parameters: 1 0.000397862 0.00013151 -0.00039697 0.999955 -0.00949105 -0.000134892 0.00949095 0.999955 -0.185435 0.153017 -0.658179
FixedParameters: 0 0 0

#Transform 94
Transform: AffineTransform_float_3_3
Parameters: 1 0.000448487 0.000228203 -0.000445974 0.99996 -0.00901411 -0.000232103 0.0090139 0.99996 -0.169487 0.186721 -0.64837
FixedParameters: 0 0 0

#Transform 95
Transform: AffineTransform_float_3_3
Parameters: 1 0.000235233 -0.000296342 -0.000238074 0.999963 -0.00862293 0.000295071 0.00862307 0.999963 -0.150661 0.311327 -0.567094
FixedParameters: 0 0 0

#Transform 96
Transform: AffineTransform_float_3_3
Parameters: 1 0.000352988 0.000136173 -0.000351289 0.999961 -0.00881805 -0.000139307 0.00881795 0.999961 -0.165099 0.118525 -0.582824
FixedParameters: 0 0 0

#Transform 97
Transform: AffineTransform_float_3_3
Parameters: 1 0.000161831 0.000155006 -0.000160142 0.999966 -0.00832903 -0.000156603 0.00832898 0.999966 -0.177475 0.195859 -0.691163
FixedParameters: 0 0 0

#Transform 98
Transform: AffineTransform_float_3_3
Parameters: 1 0.000488255 0.00012322 -0.000486857 0.999966 -0.00814206 -0.000127086 0.00814194 0.999967 -0.162362 0.20192 -0.673745
FixedParameters: 0 0 0

#Transform 99
Transform: AffineTransform_float_3_3
Parameters: 1 0.000528952 4.58535e-05 -0.000528798 0.999966 -0.00824502 -5.05017e-05 0.00824497 0.999966 -0.160128 0.230975 -0.647899
FixedParameters: 0 0 0

#Transform 100
Transform: AffineTransform_float_3_3
Parameters: 0.999999 0.000742961 0.000200977 -0.000741156 0.999967 -0.00800615 -0.000206705 0.00800585 0.999968 -0.168426 0.167196 -0.672476
FixedParameters: 0 0 0

#Transform 101
Transform: AffineTransform_float_3_3
Parameters: 0.999999 0.000843687 0.000357856 -0.00084026 0.999966 -0.00813331 -0.00036531 0.00813368 0.999967 -0.160392 0.179319 -0.647908
FixedParameters: 0 0 0

#Transform 102
Transform: AffineTransform_float_3_3
Parameters: 1 0.000577551 0.000233796 -0.000576006 0.999963 -0.00865614 -0.000238534 0.00865587 0.999963 -0.165695 0.297487 -0.641445
FixedParameters: 0 0 0

#Transform 103
Transform: AffineTransform_float_3_3
Parameters: 1 0.000494066 0.000388895 -0.000491389 0.999967 -0.00817128 -0.000393604 0.00817072 0.999966 -0.177843 0.137229 -0.654843
FixedParameters: 0 0 0

#Transform 104
Transform: AffineTransform_float_3_3
Parameters: 1 0.000555139 7.75005e-05 -0.000555469 0.999966 -0.00817104 -8.24135e-05 0.00817095 0.999966 -0.175411 0.235839 -0.674333
FixedParameters: 0 0 0

#Transform 105
Transform: AffineTransform_float_3_3
Parameters: 1 0.000938364 0.000573239 -0.00093365 0.999962 -0.00864555 -0.000580923 0.00864546 0.999963 -0.186604 0.205871 -0.623223
FixedParameters: 0 0 0

#Transform 106
Transform: AffineTransform_float_3_3
Parameters: 1 0.000448508 -6.80136e-05 -0.000449365 0.999964 -0.00855498 6.33202e-05 0.00855504 0.999964 -0.179039 0.216801 -0.678023
FixedParameters: 0 0 0

#Transform 107
Transform: AffineTransform_float_3_3
Parameters: 1 0.000562167 0.000198941 -0.000561084 0.99996 -0.0090052 -0.000203809 0.0090048 0.999959 -0.158443 0.369099 -0.528533
FixedParameters: 0 0 0

#Transform 108
Transform: AffineTransform_float_3_3
Parameters: 1 0.000639074 0.000113291 -0.000637639 0.999964 -0.00854516 -0.000119132 0.00854484 0.999963 -0.148106 0.074308 -0.569167
FixedParameters: 0 0 0

#Transform 109
Transform: AffineTransform_float_3_3
Parameters: 0.999999 0.000897254 0.000143096 -0.000895961 0.999961 -0.00876122 -0.00015066 0.00876078 0.999961 -0.176041 0.163392 -0.654915
FixedParameters: 0 0 0

#Transform 110
Transform: AffineTransform_float_3_3
Parameters: 0.999999 0.000932546 -0.000265334 -0.000935432 0.999961 -0.00879676 0.00025678 0.00879724 0.999962 -0.173827 0.16509 -0.661052
FixedParameters: 0 0 0

#Transform 111
Transform: AffineTransform_float_3_3
Parameters: 0.999999 0.000837476 2.5379e-05 -0.000837339 0.999962 -0.00874911 -3.29711e-05 0.00874889 0.999961 -0.188088 0.175869 -0.681419
FixedParameters: 0 0 0

#Transform 112
Transform: AffineTransform_float_3_3
Parameters: 0.999999 0.000885241 -3.06611e-05 -0.000885005 0.99996 -0.00887406 2.292e-05 0.00887393 0.99996 -0.186217 0.192537 -0.72042
FixedParameters: 0 0 0

#Transform 113
Transform: AffineTransform_float_3_3
Parameters: 1 0.00112464 -5.92138e-05 -0.00112571 0.999951 -0.00977994 4.82501e-05 0.00978006 0.999952 -0.218751 0.256728 -0.775888
FixedParameters: 0 0 0

#Transform 114
Transform: AffineTransform_float_3_3
Parameters: 1 0.000558363 -0.000318503 -0.000561888 0.999954 -0.00957182 0.000313578 0.00957218 0.999954 -0.224428 0.253132 -0.856259
FixedParameters: 0 0 0

#Transform 115
Transform: AffineTransform_float_3_3
Parameters: 1 0.00105449 5.42849e-05 -0.00105344 0.999952 -0.00975507 -6.47989e-05 0.00975494 0.999953 -0.238031 0.0494684 -0.938895
FixedParameters: 0 0 0

#Transform 116
Transform: AffineTransform_float_3_3
Parameters: 1 0.000894258 -0.000554705 -0.000900075 0.999943 -0.0106245 0.000545156 0.0106255 0.999944 -0.249358 0.228679 -0.941354
FixedParameters: 0 0 0

#Transform 117
Transform: AffineTransform_float_3_3
Parameters: 0.999999 0.000880126 0.000117898 -0.00087859 0.999942 -0.0107852 -0.000126729 0.0107858 0.999942 -0.220058 0.261766 -0.877246
FixedParameters: 0 0 0

#Transform 118
Transform: AffineTransform_float_3_3
Parameters: 1 0.000417319 -3.77112e-05 -0.000417714 0.999943 -0.010655 3.27978e-05 0.010655 0.999943 -0.24131 0.184946 -0.908727
FixedParameters: 0 0 0

#Transform 119
Transform: AffineTransform_float_3_3
Parameters: 1 0.000448019 0.000269832 -0.000445858 0.999945 -0.0104841 -0.000273868 0.0104839 0.999945 -0.245318 0.216623 -0.940793
FixedParameters: 0 0 0

#Transform 120
Transform: AffineTransform_float_3_3
Parameters: 0.999999 0.000971165 0.000317499 -0.000967859 0.999949 -0.0100603 -0.000327686 0.0100597 0.99995 -0.23814 0.195856 -0.97108
FixedParameters: 0 0 0

#Transform 121
Transform: AffineTransform_float_3_3
Parameters: 0.999999 0.000627729 0.000356043 -0.000624108 0.999938 -0.0111032 -0.000362525 0.0111028 0.999939 -0.226831 0.328084 -0.926422
FixedParameters: 0 0 0

#Transform 122
Transform: AffineTransform_float_3_3
Parameters: 1 9.27096e-05 0.00120071 -8.15085e-05 0.999953 -0.00963901 -0.00120132 0.00963898 0.999953 -0.206666 0.0770582 -0.679391
FixedParameters: 0 0 0

#Transform 123
Transform: AffineTransform_float_3_3
Parameters: 0.999999 0.000551935 0.00129503 -0.000540087 0.999955 -0.00941762 -0.00130017 0.00941737 0.999955 -0.226341 0.176576 -0.607815
FixedParameters: 0 0 0

#Transform 124
Transform: AffineTransform_float_3_3
Parameters: 0.999999 0.000321405 0.00152965 -0.000305309 0.999946 -0.0104014 -0.00153276 0.0104016 0.999944 -0.248398 0.296825 -0.704003
FixedParameters: 0 0 0

#Transform 125
Transform: AffineTransform_float_3_3
Parameters: 0.999999 0.000746674 0.00101901 -0.000736094 0.999947 -0.0102638 -0.00102728 0.0102632 0.999947 -0.229252 0.117761 -0.741238
FixedParameters: 0 0 0

#Transform 126
Transform: AffineTransform_float_3_3
Parameters: 1 0.000677012 3.7026e-05 -0.000676548 0.999946 -0.010347 -4.39705e-05 0.010347 0.999947 -0.212591 0.289792 -0.773469
FixedParameters: 0 0 0

#Transform 127
Transform: AffineTransform_float_3_3
Parameters: 1 0.000963538 0.000341241 -0.000959656 0.999947 -0.0101993 -0.000351537 0.0101997 0.999948 -0.173974 0.185316 -0.696841
FixedParameters: 0 0 0

#Transform 128
Transform: AffineTransform_float_3_3
Parameters: 0.999999 0.000817789 -0.000233646 -0.000820942 0.999942 -0.0107919 0.000224836 0.0107921 0.999941 -0.206946 0.18405 -0.83733
FixedParameters: 0 0 0

#Transform 129
Transform: AffineTransform_float_3_3
Parameters: 1 0.000454025 -0.00014157 -0.00045587 0.999926 -0.0121389 0.000136412 0.0121391 0.999927 -0.210687 0.275852 -0.742489
FixedParameters: 0 0 0

#Transform 130
Transform: AffineTransform_float_3_3
Parameters: 1 0.000493808 -0.000166353 -0.000496019 0.999934 -0.0114269 0.000160929 0.0114271 0.999934 -0.214206 0.167651 -0.861252
FixedParameters: 0 0 0

#Transform 131
Transform: AffineTransform_float_3_3
Parameters: 1 -1.18005e-06 0.000246373 4.0642e-06 0.999929 -0.011925 -0.000246044 0.011925 0.999929 -0.228121 0.439781 -0.791531
FixedParameters: 0 0 0

#Transform 132
Transform: AffineTransform_float_3_3
Parameters: 0.999999 0.000640275 0.000624595 -0.000632489 0.999928 -0.0120404 -0.000632236 0.0120396 0.999928 -0.205992 0.0536088 -0.676903
FixedParameters: 0 0 0

#Transform 133
Transform: AffineTransform_float_3_3
Parameters: 1 0.000683348 0.000175543 -0.000681062 0.999919 -0.0126681 -0.000184593 0.0126679 0.999919 -0.202604 0.295717 -0.816488
FixedParameters: 0 0 0

#Transform 134
Transform: AffineTransform_float_3_3
Parameters: 1 0.000529115 0.00044543 -0.000523874 0.999916 -0.0130063 -0.000452528 0.0130068 0.999916 -0.197619 0.212686 -0.790289
FixedParameters: 0 0 0

#Transform 135
Transform: AffineTransform_float_3_3
Parameters: 0.999999 0.000286313 0.000787016 -0.000276126 0.99992 -0.0126041 -0.000790228 0.0126039 0.999921 -0.205656 0.183381 -0.933054
FixedParameters: 0 0 0

#Transform 136
Transform: AffineTransform_float_3_3
Parameters: 1 0.000329318 0.000518243 -0.000322733 0.99992 -0.0126912 -0.000521912 0.0126908 0.99992 -0.202024 0.250502 -0.872535
FixedParameters: 0 0 0

#Transform 137
Transform: AffineTransform_float_3_3
Parameters: 1 0.000519913 2.07561e-06 -0.000519228 0.999915 -0.01298 -9.58804e-06 0.01298 0.999916 -0.188576 0.194903 -0.912335
FixedParameters: 0 0 0

#Transform 138
Transform: AffineTransform_float_3_3
Parameters: 1 0.000266709 1.27328e-05 -0.000267033 0.999906 -0.013655 -1.69444e-05 0.013655 0.999907 -0.193509 0.264426 -0.823933
FixedParameters: 0 0 0

#Transform 139
Transform: AffineTransform_float_3_3
Parameters: 1 0.00041074 -0.000247516 -0.000414032 0.999903 -0.0139259 0.00024174 0.0139261 0.999903 -0.183636 0.136625 -0.906005
FixedParameters: 0 0 0

#Transform 140
Transform: AffineTransform_float_3_3
Parameters: 0.999999 0.000732699 0.000183888 -0.000730647 0.999906 -0.0136381 -0.00019353 0.0136379 0.999907 -0.196815 0.310397 -0.947749
FixedParameters: 0 0 0

#Transform 141
Transform: AffineTransform_float_3_3
Parameters: 1 0.000416517 0.000216197 -0.000413704 0.999897 -0.0143031 -0.00022174 0.0143029 0.999897 -0.21171 0.243219 -0.915108
FixedParameters: 0 0 0

#Transform 142
Transform: AffineTransform_float_3_3
Parameters: 1 0.000330927 -0.000228791 -0.000334451 0.999879 -0.0155549 0.00022415 0.0155551 0.999879 -0.201364 0.16054 -1.05345
FixedParameters: 0 0 0

#Transform 143
Transform: AffineTransform_float_3_3
Parameters: 1 0.000242524 0.000234169 -0.00023827 0.999893 -0.0146161 -0.000236946 0.0146159 0.999893 -0.211932 0.241193 -1.02896
FixedParameters: 0 0 0

#Transform 144
Transform: AffineTransform_float_3_3
Parameters: 1 0.000604461 -0.000265834 -0.000608945 0.999871 -0.0160168 0.000256092 0.0160171 0.999871 -0.161487 0.327617 -0.850339
FixedParameters: 0 0 0

#Transform 145
Transform: AffineTransform_float_3_3
Parameters: 0.999999 0.000522742 -0.00061576 -0.000531665 0.999883 -0.0152717 0.000607821 0.0152723 0.999883 -0.154594 0.169226 -0.826917
FixedParameters: 0 0 0

#Transform 146
Transform: AffineTransform_float_3_3
Parameters: 1 0.000324162 0.000244657 -0.000320355 0.999887 -0.0150301 -0.000250005 0.0150309 0.999887 -0.188351 0.296712 -0.911446
FixedParameters: 0 0 0

#Transform 147
Transform: AffineTransform_float_3_3
Parameters: 0.999999 0.000574249 0.000556036 -0.000565848 0.999877 -0.0156773 -0.000564057 0.0156767 0.999877 -0.205196 0.299829 -0.898209
FixedParameters: 0 0 0

#Transform 148
Transform: AffineTransform_float_3_3
Parameters: 1 0.00021667 0.000667058 -0.000206838 0.999882 -0.0153522 -0.000669594 0.0153529 0.999882 -0.214018 0.123286 -1.00761
FixedParameters: 0 0 0

#Transform 149
Transform: AffineTransform_float_3_3
Parameters: 1 3.62381e-05 0.000595465 -2.68989e-05 0.999882 -0.015366 -0.000595635 0.015366 0.999882 -0.206009 0.308845 -0.982238
FixedParameters: 0 0 0

#Transform 150
Transform: AffineTransform_float_3_3
Parameters: 0.999999 5.99759e-05 0.000822225 -4.76813e-05 0.999883 -0.015345 -0.000822722 0.015345 0.999882 -0.202447 0.259051 -0.928649
FixedParameters: 0 0 0

#Transform 151
Transform: AffineTransform_float_3_3
Parameters: 1 0.000149219 0.000561525 -0.000140914 0.999884 -0.015196 -0.000563141 0.015196 0.999885 -0.213329 0.16164 -0.996699
FixedParameters: 0 0 0

#Transform 152
Transform: AffineTransform_float_3_3
Parameters: 1 2.64525e-05 0.000502976 -1.91549e-05 0.999885 -0.015175 -0.000502957 0.015175 0.999884 -0.214492 0.276329 -1.03615
FixedParameters: 0 0 0

#Transform 153
Transform: AffineTransform_float_3_3
Parameters: 1 0.000238029 6.4521e-05 -0.000236619 0.99988 -0.015497 -6.78039e-05 0.015497 0.99988 -0.205142 0.230064 -1.04116
FixedParameters: 0 0 0

#Transform 154
Transform: AffineTransform_float_3_3
Parameters: 1 0.000208864 0.000620601 -0.000199315 0.999881 -0.0154721 -0.00062304 0.0154719 0.99988 -0.213333 0.220714 -1.05205
FixedParameters: 0 0 0

#Transform 155
Transform: AffineTransform_float_3_3
Parameters: 1 0.000471313 0.000246068 -0.000466811 0.999876 -0.0157401 -0.000253507 0.0157399 0.999876 -0.195026 0.329752 -0.9472
FixedParameters: 0 0 0

#Transform 156
Transform: AffineTransform_float_3_3
Parameters: 0.999999 5.57735e-05 0.00077944 -4.32424e-05 0.999877 -0.0157 -0.000779928 0.0157001 0.999877 -0.196576 0.164781 -0.982077
FixedParameters: 0 0 0

#Transform 157
Transform: AffineTransform_float_3_3
Parameters: 0.999999 0.000327136 0.000639098 -0.000316461 0.999863 -0.0165141 -0.000643769 0.0165139 0.999864 -0.162856 0.394412 -0.773863
FixedParameters: 0 0 0

#Transform 158
Transform: AffineTransform_float_3_3
Parameters: 0.999999 0.000790283 -0.000221309 -0.000793715 0.999886 -0.0150768 0.000209201 0.0150772 0.999887 -0.129313 0.0873332 -0.655033
FixedParameters: 0 0 0

#Transform 159
Transform: AffineTransform_float_3_3
Parameters: 0.999999 0.000730456 0.00102203 -0.000715908 0.999896 -0.0144478 -0.00103254 0.0144463 0.999895 -0.180032 0.348905 -0.938775
FixedParameters: 0 0 0

#Transform 160
Transform: AffineTransform_float_3_3
Parameters: 0.999999 -0.000567908 0.00145679 0.000589483 0.999888 -0.0149351 -0.0014476 0.0149358 0.999887 -0.217126 0.151088 -0.600006
FixedParameters: 0 0 0

#Transform 161
Transform: AffineTransform_float_3_3
Parameters: 1 -7.0925e-05 0.0010763 8.74411e-05 0.999877 -0.0156689 -0.0010753 0.0156691 0.999876 -0.201373 0.336065 -0.794382
FixedParameters: 0 0 0

#Transform 162
Transform: AffineTransform_float_3_3
Parameters: 1 -7.12785e-05 0.00108748 8.91153e-05 0.99987 -0.0161159 -0.00108638 0.0161161 0.999869 -0.197874 0.183074 -0.792635
FixedParameters: 0 0 0

#Transform 163
Transform: AffineTransform_float_3_3
Parameters: 1 6.61703e-05 0.00113736 -4.75904e-05 0.999863 -0.016517 -0.00113854 0.016517 0.999863 -0.214966 0.228229 -1.00723
FixedParameters: 0 0 0

#Transform 164
Transform: AffineTransform_float_3_3
Parameters: 0.999998 -0.000416174 0.0016262 0.000443818 0.999855 -0.0170552 -0.00161809 0.0170558 0.999854 -0.199511 0.225952 -0.937614
FixedParameters: 0 0 0

#Transform 165
Transform: AffineTransform_float_3_3
Parameters: 0.999999 -0.000458325 0.00122757 0.000479859 0.99985 -0.0173024 -0.00121951 0.0173026 0.999849 -0.211785 0.172721 -1.05656
FixedParameters: 0 0 0

#Transform 166
Transform: AffineTransform_float_3_3
Parameters: 0.999999 -0.000141849 0.00132244 0.000164522 0.999856 -0.0170107 -0.00131925 0.0170113 0.999855 -0.207553 0.336975 -0.887547
FixedParameters: 0 0 0

#Transform 167
Transform: AffineTransform_float_3_3
Parameters: 1 -0.00016354 0.00116169 0.00018259 0.999864 -0.0165208 -0.00115827 0.0165212 0.999863 -0.177695 0.118761 -0.920472
FixedParameters: 0 0 0

#Transform 168
Transform: AffineTransform_float_3_3
Parameters: 0.999999 7.45965e-05 0.00145018 -5.18104e-05 0.99987 -0.016123 -0.00145108 0.016123 0.999869 -0.178944 0.216486 -0.982037
FixedParameters: 0 0 0

#Transform 169
Transform: AffineTransform_float_3_3
Parameters: 1 8.44061e-05 0.00104893 -6.77708e-05 0.999872 -0.0159931 -0.00104985 0.0159929 0.999871 -0.17521 0.23215 -0.981008
FixedParameters: 0 0 0

#Transform 170
Transform: AffineTransform_float_3_3
Parameters: 0.999999 0.000134437 0.000764075 -0.000121611 0.999859 -0.0167841 -0.000766221 0.0167839 0.999859 -0.184027 0.338129 -0.962698
FixedParameters: 0 0 0

#Transform 171
Transform: AffineTransform_float_3_3
Parameters: 0.999999 -8.29999e-05 0.00080339 9.7009e-05 0.999845 -0.0175778 -0.000801969 0.0175772 0.999845 -0.182311 0.223931 -0.949204
FixedParameters: 0 0 0

#Transform 172
Transform: AffineTransform_float_3_3
Parameters: 1 7.64194e-05 0.00108301 -5.77955e-05 0.99985 -0.0173621 -0.00108465 0.0173619 0.999848 -0.202412 0.179077 -1.06269
FixedParameters: 0 0 0

#Transform 173
Transform: AffineTransform_float_3_3
Parameters: 1 4.60796e-05 0.00121383 -2.7057e-05 0.999878 -0.015664 -0.00121428 0.015664 0.999876 -0.201155 0.293753 -1.01265
FixedParameters: 0 0 0

#Transform 174
Transform: AffineTransform_float_3_3
Parameters: 1 -0.000485317 0.000981575 0.00050184 0.999863 -0.0165064 -0.000972911 0.0165066 0.999864 -0.210702 0.286458 -0.979326
FixedParameters: 0 0 0

#Transform 175
Transform: AffineTransform_float_3_3
Parameters: 1 -0.000489945 0.000933128 0.000505846 0.999854 -0.0170775 -0.000924748 0.0170775 0.999854 -0.209852 0.142816 -1.01556
FixedParameters: 0 0 0

#Transform 176
Transform: AffineTransform_float_3_3
Parameters: 1 -0.00040348 0.00108287 0.000421878 0.999852 -0.0171955 -0.00107604 0.0171954 0.999851 -0.211262 0.331363 -0.998222
FixedParameters: 0 0 0

#Transform 177
Transform: AffineTransform_float_3_3
Parameters: 1 -0.000297093 0.000456414 0.00030449 0.999883 -0.0152959 -0.000452654 0.0152961 0.999883 -0.149195 0.293149 -0.493593
FixedParameters: 0 0 0

#Transform 178
Transform: AffineTransform_float_3_3
Parameters: 0.999999 -0.00049896 0.000851394 0.000513404 0.99986 -0.0166875 -0.000843304 0.0166875 0.999861 -0.223409 0.135453 -0.758701
FixedParameters: 0 0 0

#Transform 179
Transform: AffineTransform_float_3_3
Parameters: 0.999999 2.28676e-05 0.000722583 -1.17028e-05 0.999872 -0.016001 -0.00072207 0.016001 0.999871 -0.18992 0.335479 -0.679588
FixedParameters: 0 0 0

#Transform 180
Transform: AffineTransform_float_3_3
Parameters: 1 -0.000270437 0.00112979 0.000289346 0.999863 -0.0165737 -0.00112489 0.0165743 0.999862 -0.213066 0.154499 -0.86731
FixedParameters: 0 0 0

#Transform 181
Transform: AffineTransform_float_3_3
Parameters: 1 0.000420587 0.00018641 -0.000417423 0.99989 -0.0148241 -0.000192591 0.0148239 0.99989 -0.160363 0.330233 -0.718624
FixedParameters: 0 0 0

#Transform 182
Transform: AffineTransform_float_3_3
Parameters: 1 0.00032559 -0.000409662 -0.000331594 0.999902 -0.0140289 0.000404978 0.0140281 0.999901 -0.13507 0.129476 -0.735395
FixedParameters: 0 0 0

#Transform 183
Transform: AffineTransform_float_3_3
Parameters: 0.999999 0.00147697 -0.00108084 -0.0014926 0.999889 -0.0147764 0.00105862 0.0147776 0.999891 -0.201258 0.321297 -0.954396
FixedParameters: 0 0 0

#Transform 184
Transform: AffineTransform_float_3_3
Parameters: 1 0.000884954 0.000517709 -0.000877219 0.999901 -0.0140435 -0.000530789 0.0140425 0.999902 -0.180231 0.0218916 -0.438709
FixedParameters: 0 0 0

#Transform 185
Transform: AffineTransform_float_3_3
Parameters: 0.999998 -0.000573322 0.00154127 0.000590875 0.999935 -0.011443 -0.0015344 0.011444 0.999934 -0.157653 0.305671 -0.532178
FixedParameters: 0 0 0

#Transform 186
Transform: AffineTransform_float_3_3
Parameters: 0.999999 -0.000430896 0.00149779 0.000447787 0.999934 -0.0114902 -0.00149216 0.0114908 0.999933 -0.137385 0.0271892 -0.453924
FixedParameters: 0 0 0

#Transform 187
Transform: AffineTransform_float_3_3
Parameters: 1 0.000393314 0.000516202 -0.00038603 0.999898 -0.0142672 -0.00052163 0.0142668 0.999898 -0.159983 0.218166 -0.731138
FixedParameters: 0 0 0

#Transform 188
Transform: AffineTransform_float_3_3
Parameters: 0.999999 0.000394607 0.000595429 -0.000385834 0.999896 -0.0144542 -0.000600929 0.0144538 0.999896 -0.202104 0.309235 -0.678323
FixedParameters: 0 0 0

#Transform 189
Transform: AffineTransform_float_3_3
Parameters: 0.999999 0.000417883 0.00128472 -0.000399226 0.999896 -0.0144244 -0.00128984 0.0144236 0.999895 -0.209943 0.12395 -0.755444
FixedParameters: 0 0 0

#Transform 190
Transform: AffineTransform_float_3_3
