# transform file /out/sourcedata/freesurfer/sub-v1s22x0050511_ses-1/mri/transforms/cc_up.lta
# created by oesteban on Mon Mar  9 17:33:22 2026

type      = 0 # LINEAR_VOX_TO_VOX
nxforms   = 1
mean      = 128.0000 107.0000 117.0000
sigma     = 10000.0000
1 4 4
9.962916970252991e-01 -4.292124882340431e-02 -7.457062602043152e-02 1.322709560394287e+01 
4.280152544379234e-02 9.990785121917725e-01 -3.203616710379720e-03 3.498809051513672e+01 
7.463940978050232e-02 -2.328306714094452e-10 9.972106218338013e-01 1.181926059722900e+01 
0.000000000000000e+00 0.000000000000000e+00 0.000000000000000e+00 1.000000000000000e+00 
src volume info
valid = 1  # volume info valid
filename = /out/sourcedata/freesurfer/sub-v1s22x0050511_ses-1/mri/norm.mgz
volume = 256 256 256
voxelsize = 1.000000000000000e+00 1.000000000000000e+00 1.000000000000000e+00
xras   = -1.000000000000000e+00 0.000000000000000e+00 0.000000000000000e+00
yras   = 0.000000000000000e+00 0.000000000000000e+00 -1.000000000000000e+00
zras   = 0.000000000000000e+00 1.000000000000000e+00 0.000000000000000e+00
cras   = -1.669921875000000e-01 3.753378295898438e+01 4.444122314453125e-01
dst volume info
valid = 1  # volume info valid
filename = /out/sourcedata/freesurfer/sub-v1s22x0050511_ses-1/mri/norm.mgz
volume = 256 256 256
voxelsize = 1.000000000000000e+00 1.000000000000000e+00 1.000000000000000e+00
xras   = -1.000000000000000e+00 0.000000000000000e+00 0.000000000000000e+00
yras   = 0.000000000000000e+00 0.000000000000000e+00 -1.000000000000000e+00
zras   = 0.000000000000000e+00 1.000000000000000e+00 0.000000000000000e+00
cras   = -1.669921875000000e-01 3.753378295898438e+01 4.444122314453125e-01
