#Insight Transform File V1.0
#Transform 0
Transform: AffineTransform_float_3_3
Parameters: 0.999999 0.000857415 0.000974922 -0.000857635 0.999999 0.000565263 -0.000975057 -0.000565738 1 0.00409011 0.0928791 0.0292398
FixedParameters: 0 0 0

#Transform 1
Transform: AffineTransform_float_3_3
Parameters: 0.999999 0.00089511 0.00118127 -0.000896348 1 0.00089693 -0.00118076 -0.00089807 0.999999 -0.00301472 0.0796403 0.0137425
FixedParameters: 0 0 0

#Transform 2
Transform: AffineTransform_float_3_3
Parameters: 0.999999 0.000754278 0.00156011 -0.000755818 1 0.000811921 -0.001559 -0.000813079 0.999999 0.014527 0.0742539 -0.00857958
FixedParameters: 0 0 0

#Transform 3
Transform: AffineTransform_float_3_3
Parameters: 0.999999 0.000510517 0.00141914 -0.000511175 0.999999 0.000581386 -0.00141866 -0.000582614 0.999999 0.0229229 0.0927262 -0.0140992
FixedParameters: 0 0 0

#Transform 4
Transform: AffineTransform_float_3_3
Parameters: 0.999999 0.000503552 0.00147139 -0.000505772 1 0.00105337 -0.00147144 -0.00105463 0.999999 0.0206091 0.0860518 -0.0299904
FixedParameters: 0 0 0

#Transform 5
Transform: AffineTransform_float_3_3
Parameters: 0.999998 0.000539961 0.00180658 -0.000542395 0.999999 0.00149923 -0.00180529 -0.00149977 0.999997 0.0158497 0.0791863 -0.0392497
FixedParameters: 0 0 0

#Transform 6
Transform: AffineTransform_float_3_3
Parameters: 0.999998 0.000540383 0.00180439 -0.000542632 0.999999 0.00114213 -0.00180437 -0.00114387 0.999997 0.0283816 0.0615952 -0.0515131
FixedParameters: 0 0 0

#Transform 7
Transform: AffineTransform_float_3_3
Parameters: 0.999998 0.000304319 0.00170987 -0.000306623 0.999999 0.00125459 -0.00170933 -0.00125541 0.999997 0.0111447 0.0612463 -0.0483842
FixedParameters: 0 0 0

#Transform 8
Transform: AffineTransform_float_3_3
Parameters: 0.999999 0.000526584 0.0016853 -0.000529681 0.999999 0.00147532 -0.00168496 -0.00147568 0.999998 0.00724992 0.0692412 -0.0557601
FixedParameters: 0 0 0

#Transform 9
Transform: AffineTransform_float_3_3
Parameters: 0.999998 0.000226287 0.001632 -0.000228343 0.999999 0.00123874 -0.00163166 -0.00123926 0.999998 -0.00299475 0.0435398 -0.0696529
FixedParameters: 0 0 0

#Transform 10
Transform: AffineTransform_float_3_3
Parameters: 0.999998 0.000255638 0.00162877 -0.000258618 0.999999 0.0015248 -0.00162821 -0.0015252 0.999998 0.00921204 0.0767775 -0.0648222
FixedParameters: 0 0 0

#Transform 11
Transform: AffineTransform_float_3_3
Parameters: 0.999999 0.000526553 0.00168531 -0.000529709 0.999999 0.00149233 -0.00168495 -0.00149367 0.999998 0.0044284 0.073647 -0.0467615
FixedParameters: 0 0 0

#Transform 12
Transform: AffineTransform_float_3_3
Parameters: 0.999998 0.000196384 0.0016001 -0.000198767 0.999999 0.00136579 -0.00159979 -0.0013662 0.999998 -0.004442 0.0488143 -0.0579488
FixedParameters: 0 0 0

#Transform 13
Transform: AffineTransform_float_3_3
Parameters: 0.999998 8.21264e-05 0.00163088 -8.44965e-05 0.999999 0.00133597 -0.00163088 -0.00133602 0.999998 0.00449167 0.0368103 -0.0117107
FixedParameters: 0 0 0

#Transform 14
Transform: AffineTransform_float_3_3
Parameters: 0.999999 5.19314e-05 0.00133444 -5.32249e-05 0.999999 0.00085704 -0.00133447 -0.000856959 0.999998 0.0251733 0.023757 -0.0512626
FixedParameters: 0 0 0

#Transform 15
Transform: AffineTransform_float_3_3
Parameters: 0.999999 5.17379e-05 0.00133445 -5.34184e-05 0.999999 0.00100204 -0.00133446 -0.00100196 0.999998 0.0105424 0.0594356 -0.0218724
FixedParameters: 0 0 0

#Transform 16
Transform: AffineTransform_float_3_3
Parameters: 1 0.000102526 0.00105614 -0.000103205 0.999999 0.000792002 -0.00105609 -0.000791998 0.999999 0.00974064 0.0462128 -0.0366044
FixedParameters: 0 0 0

#Transform 17
Transform: AffineTransform_float_3_3
Parameters: 0.999999 7.64477e-05 0.000886983 -7.72474e-05 1 0.00101093 -0.000886939 -0.00101107 0.999999 0.00134049 0.0289823 -0.0350825
FixedParameters: 0 0 0

#Transform 18
Transform: AffineTransform_float_3_3
Parameters: 1 -1.8534e-05 0.000694418 1.88882e-05 1 -0.000254987 -0.000694408 0.000255013 0.999999 5.18551e-05 0.00909425 0.0246444
FixedParameters: 0 0 0

#Transform 19
Transform: AffineTransform_float_3_3
Parameters: 1 -4.59723e-05 0.000450945 4.60697e-05 1 -0.000107979 -0.000450935 0.000108021 1 -0.00171313 0.0204109 0.0199552
FixedParameters: 0 0 0

#Transform 20
Transform: AffineTransform_float_3_3
Parameters: 1 -4.96168e-05 0.000420117 4.93362e-05 1 0.000334021 -0.00042015 -0.000333979 1 -0.0128195 0.012449 0.00371597
FixedParameters: 0 0 0

#Transform 21
Transform: AffineTransform_float_3_3
Parameters: 1 -0.000117203 -0.000184107 0.000117296 1 0.000252978 0.000184048 -0.000253022 1 0.00910011 -0.00748984 0.0212549
FixedParameters: 0 0 0

#Transform 22
Transform: AffineTransform_float_3_3
Parameters: 1 0.000122241 -0.000344816 -0.000122418 1 -0.000256958 0.000344753 0.000257042 1 0.00971827 -0.027283 0.0333859
FixedParameters: 0 0 0

#Transform 23
Transform: AffineTransform_float_3_3
Parameters: 0.999999 0.000477593 -0.000686401 -0.00047731 1 0.000206328 0.000686597 -0.000205672 0.999999 0.0273868 -0.0526783 -0.00306331
FixedParameters: 0 0 0

#Transform 24
Transform: AffineTransform_float_3_3
Parameters: 1 0.000739735 -0.000714864 -0.000738997 0.999999 0.00128854 0.000715887 -0.00128846 0.999999 0.0291781 -0.0761324 -0.00650986
FixedParameters: 0 0 0

#Transform 25
Transform: AffineTransform_float_3_3
Parameters: 0.999999 0.000631058 -0.000613507 -0.000630998 1 0.000949388 0.000613822 -0.000948614 1 0.030025 -0.0454105 -0.00348041
FixedParameters: 0 0 0

#Transform 26
Transform: AffineTransform_float_3_3
Parameters: 1 -0.000281104 -0.000601657 0.000281475 1 0.00113483 0.000601129 -0.00113517 0.999999 0.0166107 -0.0499687 -0.00901248
FixedParameters: 0 0 0

#Transform 27
Transform: AffineTransform_float_3_3
Parameters: 1 0.000145716 -0.000442921 -0.00014534 1 0.000425064 0.000443044 -0.000424935 1 0.0127964 -0.0652286 -0.00679646
FixedParameters: 0 0 0

#Transform 28
Transform: AffineTransform_float_3_3
Parameters: 1 -0.000125632 -0.000618865 0.000125898 1 0.000214922 0.00061881 -0.000215078 1 0.0120525 -0.0565302 0.0236645
FixedParameters: 0 0 0

#Transform 29
Transform: AffineTransform_float_3_3
Parameters: 0.999999 -0.000150657 -0.000843482 0.000151369 1 0.000355872 0.000844369 -0.000356127 0.999999 0.0138834 -0.0715475 0.069964
FixedParameters: 0 0 0

#Transform 30
Transform: AffineTransform_float_3_3
Parameters: 1 -0.000576396 -0.000996057 0.000576823 1 0.000214524 0.00099581 -0.000214476 1 -0.0139803 -0.063884 0.0933858
FixedParameters: 0 0 0

#Transform 31
Transform: AffineTransform_float_3_3
Parameters: 0.999998 -0.000632824 -0.00147512 0.000634805 1 0.00100818 0.00147395 -0.00100982 0.999999 -0.0204231 -0.0240036 0.0895332
FixedParameters: 0 0 0

#Transform 32
Transform: AffineTransform_float_3_3
Parameters: 0.999999 0.000298044 -0.00129476 -0.000296908 0.999999 0.0012054 0.0012957 -0.0012056 0.999998 -0.0162742 -0.0248878 -6.66026e-05
FixedParameters: 0 0 0

#Transform 33
Transform: AffineTransform_float_3_3
Parameters: 0.999999 6.10998e-05 -0.00126838 -5.88312e-05 0.999998 0.0016772 0.0012688 -0.0016778 0.999998 -0.0186488 -0.0459205 -0.078359
FixedParameters: 0 0 0

#Transform 34
Transform: AffineTransform_float_3_3
Parameters: 0.999999 0.000411629 -0.00130724 -0.000408907 0.999999 0.00142066 0.00130852 -0.00142034 0.999998 0.00311711 -0.0386692 -0.0990767
FixedParameters: 0 0 0

#Transform 35
Transform: AffineTransform_float_3_3
Parameters: 0.999999 9.94414e-05 -0.00127269 -9.70086e-05 0.999999 0.00134624 0.00127307 -0.00134576 0.999999 -0.00214125 -0.0858192 -0.100856
FixedParameters: 0 0 0

#Transform 36
Transform: AffineTransform_float_3_3
Parameters: 0.999998 -0.000242938 -0.00169459 0.000246942 0.999998 0.00202781 0.00169493 -0.00202819 0.999997 -0.0218603 -0.0274261 -0.0634032
FixedParameters: 0 0 0

#Transform 37
Transform: AffineTransform_float_3_3
Parameters: 0.999998 -0.000204498 -0.00202478 0.000209431 0.999997 0.00219991 0.00202432 -0.00220009 0.999996 0.00470937 -0.0585652 -0.063608
FixedParameters: 0 0 0

#Transform 38
Transform: AffineTransform_float_3_3
Parameters: 0.999998 -0.000278398 -0.00201463 0.000282162 0.999998 0.00192066 0.002014 -0.00192134 0.999996 -0.000780337 -0.0148233 -0.04454
FixedParameters: 0 0 0

#Transform 39
Transform: AffineTransform_float_3_3
Parameters: 0.999998 -0.000286847 -0.00208612 0.000290757 0.999998 0.00165173 0.0020855 -0.00165227 0.999997 0.0231539 -0.0225528 -0.014391
FixedParameters: 0 0 0

#Transform 40
Transform: AffineTransform_float_3_3
Parameters: 0.999998 -0.000310024 -0.00230391 0.000314419 0.999998 0.0020326 0.0023032 -0.0020324 0.999995 0.0350031 -0.0447805 -0.0202334
FixedParameters: 0 0 0

#Transform 41
Transform: AffineTransform_float_3_3
Parameters: 0.999997 -0.000526451 -0.00242791 0.00053125 0.999999 0.00180704 0.00242644 -0.00180796 0.999996 0.0397804 -0.0615082 -0.0108598
FixedParameters: 0 0 0

#Transform 42
Transform: AffineTransform_float_3_3
Parameters: 0.999997 -0.000795898 -0.00260536 0.000800634 0.999998 0.00167135 0.00260314 -0.00167365 0.999995 0.0383101 -0.0545566 0.00259879
FixedParameters: 0 0 0

#Transform 43
Transform: AffineTransform_float_3_3
Parameters: 0.999998 -0.000727322 -0.0021872 0.00073019 0.999999 0.00133662 0.00218558 -0.00133838 0.999996 0.0164311 -0.0642419 0.0319429
FixedParameters: 0 0 0

#Transform 44
Transform: AffineTransform_float_3_3
Parameters: 0.999998 -0.000729401 -0.00218717 0.000734073 0.999999 0.00174961 0.00218494 -0.00175139 0.999996 0.0132086 -0.0923473 -0.00659076
FixedParameters: 0 0 0

#Transform 45
Transform: AffineTransform_float_3_3
Parameters: 0.999997 -0.000288435 -0.00210709 0.000292859 0.999998 0.0019936 0.00210637 -0.0019934 0.999995 0.00542909 -0.00757017 -0.0820498
FixedParameters: 0 0 0

#Transform 46
Transform: AffineTransform_float_3_3
Parameters: 0.999998 -0.000305106 -0.00226624 0.000310863 0.999997 0.00236652 0.00226534 -0.00236748 0.999994 0.00644083 -0.0544566 -0.105181
FixedParameters: 0 0 0

#Transform 47
Transform: AffineTransform_float_3_3
Parameters: 0.999998 0.000353164 -0.00219867 -0.000347901 0.999997 0.002352 0.00219989 -0.00235099 0.999995 0.0264829 0.00441277 -0.0628439
FixedParameters: 0 0 0

#Transform 48
Transform: AffineTransform_float_3_3
Parameters: 0.999997 -2.58659e-05 -0.00236128 3.18469e-05 0.999997 0.00234216 0.00236071 -0.00234283 0.999994 0.0208251 0.00530758 -0.037102
FixedParameters: 0 0 0

#Transform 49
Transform: AffineTransform_float_3_3
Parameters: 0.999996 -8.11124e-05 -0.00258455 8.80523e-05 0.999997 0.00251811 0.0025838 -0.00251788 0.999993 0.0191601 0.046212 -0.0708583
FixedParameters: 0 0 0

#Transform 50
Transform: AffineTransform_float_3_3
Parameters: 0.999998 0.000399061 -0.00220366 -0.000393546 0.999997 0.00242912 0.00220416 -0.00242888 0.999994 0.0377808 -0.00236958 -0.109573
FixedParameters: 0 0 0

#Transform 51
Transform: AffineTransform_float_3_3
Parameters: 0.999996 -0.000235407 -0.00257571 0.00024074 0.999998 0.00199972 0.00257531 -0.00200028 0.999994 0.036962 0.00415096 -0.0395358
FixedParameters: 0 0 0

#Transform 52
Transform: AffineTransform_float_3_3
Parameters: 0.999996 -0.00028337 -0.0030161 0.000289551 0.999997 0.00217769 0.00301563 -0.00217831 0.999993 0.0459787 0.00589981 -0.0270521
FixedParameters: 0 0 0

#Transform 53
Transform: AffineTransform_float_3_3
Parameters: 0.999996 7.43672e-05 -0.00260537 -6.66243e-05 0.999995 0.00322364 0.00260583 -0.00322336 0.999992 0.0278816 -0.00249679 -0.120405
FixedParameters: 0 0 0

#Transform 54
Transform: AffineTransform_float_3_3
Parameters: 0.999996 -0.000172891 -0.00256128 0.000183296 0.999993 0.00377689 0.00256093 -0.00377811 0.999989 0.00105779 -0.0290977 -0.168248
FixedParameters: 0 0 0

#Transform 55
Transform: AffineTransform_float_3_3
Parameters: 0.999995 -0.000299379 -0.00321545 0.000312167 0.999992 0.00399757 0.00321445 -0.00399843 0.999987 0.0250136 -0.0206584 -0.109561
FixedParameters: 0 0 0

#Transform 56
Transform: AffineTransform_float_3_3
Parameters: 0.999995 -0.00012683 -0.00295046 0.000138509 0.999992 0.00401906 0.00294973 -0.00401993 0.999987 0.0457729 0.0114925 -0.104858
FixedParameters: 0 0 0

#Transform 57
Transform: AffineTransform_float_3_3
Parameters: 0.999996 -4.12756e-05 -0.00307334 5.44802e-05 0.999991 0.00410642 0.00307329 -0.00410658 0.999987 0.0291079 0.00998326 -0.0906981
FixedParameters: 0 0 0

#Transform 58
Transform: AffineTransform_float_3_3
Parameters: 0.999993 -0.000333753 -0.0035336 0.00034814 0.999992 0.00400446 0.00353243 -0.00400554 0.999985 0.0452318 0.0209214 -0.127119
FixedParameters: 0 0 0

#Transform 59
Transform: AffineTransform_float_3_3
Parameters: 0.999991 -0.000801233 -0.00401117 0.000817783 0.999991 0.00414063 0.00400834 -0.00414437 0.999984 0.0415713 0.0332059 -0.077012
FixedParameters: 0 0 0

#Transform 60
Transform: AffineTransform_float_3_3
Parameters: 0.999995 -0.00031125 -0.00333887 0.000325838 0.99999 0.00443449 0.00333672 -0.00443551 0.999984 0.0442583 0.0302994 -0.0697169
FixedParameters: 0 0 0

#Transform 61
Transform: AffineTransform_float_3_3
Parameters: 0.999993 -0.000773032 -0.00363428 0.000791526 0.999988 0.00483892 0.00363059 -0.00484208 0.999982 0.0366248 0.0143601 -0.165376
FixedParameters: 0 0 0

#Transform 62
Transform: AffineTransform_float_3_3
Parameters: 0.999993 -0.000879194 -0.00347468 0.000893085 0.999992 0.00411257 0.00347105 -0.00411544 0.999986 0.0373206 0.027437 -0.183239
FixedParameters: 0 0 0

#Transform 63
Transform: AffineTransform_float_3_3
Parameters: 0.999993 -0.000980718 -0.0034637 0.000994403 0.999992 0.00407923 0.00346029 -0.00408278 0.999986 0.0233307 -0.00561273 -0.191178
FixedParameters: 0 0 0

#Transform 64
Transform: AffineTransform_float_3_3
Parameters: 0.999994 -0.000980025 -0.00346389 0.000995095 0.99999 0.00427922 0.00346009 -0.00428278 0.999984 0.0399473 -0.0165962 -0.207147
FixedParameters: 0 0 0

#Transform 65
Transform: AffineTransform_float_3_3
Parameters: 0.999994 -0.00115691 -0.00344484 0.00117111 0.999991 0.00430463 0.00344058 -0.00430839 0.999985 0.0181723 -0.0100721 -0.197302
FixedParameters: 0 0 0

#Transform 66
Transform: AffineTransform_float_3_3
Parameters: 0.999992 -0.00142286 -0.00377006 0.00143877 0.99999 0.00416033 0.00376391 -0.00416566 0.999984 -0.0023528 -0.00188054 -0.161218
FixedParameters: 0 0 0

#Transform 67
Transform: AffineTransform_float_3_3
Parameters: 0.999993 -0.0010009 -0.00365573 0.00101625 0.99999 0.00422907 0.00365196 -0.00423293 0.999984 0.0218617 0.0256754 -0.132382
FixedParameters: 0 0 0

#Transform 68
Transform: AffineTransform_float_3_3
Parameters: 0.999993 -0.000980064 -0.00347822 0.00099607 0.999988 0.0046992 0.00347281 -0.00470279 0.999983 0.0320441 0.00984933 -0.186085
FixedParameters: 0 0 0

#Transform 69
Transform: AffineTransform_float_3_3
Parameters: 0.999992 -0.00126507 -0.00359937 0.00128147 0.999989 0.00458005 0.00359258 -0.00458495 0.999983 0.0469879 0.0521187 -0.144138
FixedParameters: 0 0 0

#Transform 70
Transform: AffineTransform_float_3_3
Parameters: 0.999992 -0.00142246 -0.00369144 0.00144155 0.999987 0.00493445 0.00368428 -0.00493956 0.999981 0.0561522 0.0613919 -0.135167
FixedParameters: 0 0 0

#Transform 71
Transform: AffineTransform_float_3_3
Parameters: 0.999991 -0.0015809 -0.0037501 0.00160006 0.999986 0.00511677 0.00374201 -0.00512324 0.99998 0.0556686 0.0746229 -0.134801
FixedParameters: 0 0 0

#Transform 72
Transform: AffineTransform_float_3_3
Parameters: 0.999993 -0.00172312 -0.00347556 0.0017413 0.999985 0.00522248 0.00346653 -0.00522852 0.99998 0.0628782 0.0700549 -0.161833
FixedParameters: 0 0 0

#Transform 73
Transform: AffineTransform_float_3_3
Parameters: 0.999992 -0.00193193 -0.00330026 0.00194889 0.999985 0.00514899 0.00329022 -0.00515601 0.999981 0.0693857 0.0702655 -0.180603
FixedParameters: 0 0 0

#Transform 74
Transform: AffineTransform_float_3_3
Parameters: 0.999993 -0.00166069 -0.00336848 0.00167805 0.999985 0.00513787 0.00335928 -0.00514312 0.999981 0.0624902 0.0660578 -0.243866
FixedParameters: 0 0 0

#Transform 75
Transform: AffineTransform_float_3_3
Parameters: 0.999994 -0.00174309 -0.00320192 0.00176051 0.999985 0.00524089 0.0031924 -0.00524611 0.999982 0.0512108 0.020927 -0.24237
FixedParameters: 0 0 0

#Transform 76
Transform: AffineTransform_float_3_3
Parameters: 0.999993 -0.00196445 -0.00299837 0.00198045 0.999983 0.00532347 0.0029882 -0.00532952 0.999981 0.0565094 0.0258351 -0.215797
FixedParameters: 0 0 0

#Transform 77
Transform: AffineTransform_float_3_3
Parameters: 0.999992 -0.00223191 -0.00314812 0.00224581 0.999988 0.00442021 0.00313893 -0.00442679 0.999985 0.0541276 0.0309749 -0.170061
FixedParameters: 0 0 0

#Transform 78
Transform: AffineTransform_float_3_3
Parameters: 0.999993 -0.00199709 -0.00317454 0.00201355 0.999985 0.00509914 0.00316491 -0.00510586 0.999982 0.0479699 0.0570688 -0.117213
FixedParameters: 0 0 0

#Transform 79
Transform: AffineTransform_float_3_3
Parameters: 0.999993 -0.00184 -0.00319087 0.0018554 0.999987 0.00478549 0.00318192 -0.00479151 0.999983 0.060217 0.00142007 -0.193951
FixedParameters: 0 0 0

#Transform 80
Transform: AffineTransform_float_3_3
Parameters: 0.999992 -0.00204378 -0.00342355 0.00206092 0.999986 0.00484246 0.00341351 -0.00484953 0.999982 0.074335 0.0460563 -0.200236
FixedParameters: 0 0 0

#Transform 81
Transform: AffineTransform_float_3_3
Parameters: 0.999992 -0.00175784 -0.0036181 0.00177303 0.99999 0.00406722 0.00361136 -0.00407378 0.999985 0.0586587 0.0386467 -0.16375
FixedParameters: 0 0 0

#Transform 82
Transform: AffineTransform_float_3_3
Parameters: 0.999991 -0.0019323 -0.00360033 0.0019496 0.999987 0.00476462 0.00359178 -0.00477139 0.999983 0.0484225 0.0310489 -0.186388
FixedParameters: 0 0 0

#Transform 83
Transform: AffineTransform_float_3_3
Parameters: 0.999991 -0.00189827 -0.00360408 0.00191505 0.999987 0.00482674 0.00359573 -0.00483427 0.999982 0.0537189 0.0270738 -0.207776
FixedParameters: 0 0 0

#Transform 84
Transform: AffineTransform_float_3_3
Parameters: 0.999991 -0.0019208 -0.0038191 0.00193956 0.999985 0.00495933 0.00380913 -0.00496666 0.99998 0.0761559 0.0518291 -0.197274
FixedParameters: 0 0 0

#Transform 85
Transform: AffineTransform_float_3_3
Parameters: 0.999991 -0.00189592 -0.00391881 0.00191728 0.999984 0.00529223 0.00390791 -0.00529976 0.999978 0.0765365 0.0684731 -0.180584
FixedParameters: 0 0 0

#Transform 86
Transform: AffineTransform_float_3_3
Parameters: 0.999991 -0.00203795 -0.00390307 0.00205948 0.999983 0.00556171 0.00389178 -0.0055693 0.999977 0.0744526 0.0352389 -0.203806
FixedParameters: 0 0 0

#Transform 87
Transform: AffineTransform_float_3_3
Parameters: 0.999989 -0.00214762 -0.00414108 0.00216917 0.999985 0.00513786 0.00412928 -0.00514614 0.999978 0.0824609 0.0498023 -0.219728
FixedParameters: 0 0 0

#Transform 88
Transform: AffineTransform_float_3_3
Parameters: 0.999991 -0.00148222 -0.00400434 0.00150326 0.999984 0.00540085 0.00399674 -0.00540615 0.999977 0.0877244 0.0847605 -0.224789
FixedParameters: 0 0 0

#Transform 89
Transform: AffineTransform_float_3_3
Parameters: 0.999992 -0.0017463 -0.0036298 0.00176769 0.999981 0.00583923 0.00361967 -0.00584576 0.999976 0.0638522 0.0449838 -0.258104
FixedParameters: 0 0 0

#Transform 90
Transform: AffineTransform_float_3_3
Parameters: 0.999991 -0.00172518 -0.00371307 0.00174228 0.999987 0.00475827 0.00370464 -0.00476373 0.999982 0.0730732 0.0685872 -0.254387
FixedParameters: 0 0 0

#Transform 91
Transform: AffineTransform_float_3_3
Parameters: 0.99999 -0.00148318 -0.00404945 0.00150824 0.999978 0.0063149 0.00404052 -0.0063211 0.999972 0.0786569 0.0781844 -0.256809
FixedParameters: 0 0 0

#Transform 92
Transform: AffineTransform_float_3_3
Parameters: 0.999991 -0.00145558 -0.00379823 0.00148044 0.999977 0.00657714 0.00378877 -0.00658185 0.999971 0.0868454 0.071936 -0.265123
FixedParameters: 0 0 0

#Transform 93
Transform: AffineTransform_float_3_3
Parameters: 0.99999 -0.00150033 -0.00421155 0.00152632 0.999978 0.00631456 0.00420151 -0.00632043 0.999971 0.114314 0.0672425 -0.272969
FixedParameters: 0 0 0

#Transform 94
Transform: AffineTransform_float_3_3
Parameters: 0.99999 -0.00152717 -0.00406074 0.00155229 0.99998 0.00618259 0.00405155 -0.00618941 0.999973 0.101654 0.0804046 -0.261967
FixedParameters: 0 0 0

#Transform 95
Transform: AffineTransform_float_3_3
Parameters: 0.999992 -0.00170034 -0.00381129 0.00172447 0.999979 0.0063142 0.00380039 -0.00632081 0.999973 0.0909788 0.102301 -0.238703
FixedParameters: 0 0 0

#Transform 96
Transform: AffineTransform_float_3_3
Parameters: 0.999991 -0.00214644 -0.00359702 0.00217064 0.999975 0.00679572 0.0035815 -0.00680328 0.99997 0.0902847 0.0876897 -0.272756
FixedParameters: 0 0 0

#Transform 97
Transform: AffineTransform_float_3_3
Parameters: 0.999989 -0.00221727 -0.00411749 0.00224579 0.999974 0.00680763 0.00410224 -0.00681738 0.999969 0.0922708 0.106935 -0.246201
FixedParameters: 0 0 0

#Transform 98
Transform: AffineTransform_float_3_3
Parameters: 0.99999 -0.00207273 -0.00382024 0.00209927 0.999974 0.00696362 0.00380523 -0.00697138 0.999968 0.082953 0.106232 -0.214045
FixedParameters: 0 0 0

#Transform 99
Transform: AffineTransform_float_3_3
Parameters: 0.99999 -0.00183952 -0.00389844 0.00186829 0.999972 0.0072376 0.00388576 -0.00724441 0.999967 0.104375 0.0925222 -0.217972
FixedParameters: 0 0 0

#Transform 100
Transform: AffineTransform_float_3_3
Parameters: 0.999989 -0.00185339 -0.00416825 0.0018827 0.999973 0.00708515 0.00415516 -0.00709285 0.999967 0.110169 0.091511 -0.251037
FixedParameters: 0 0 0

#Transform 101
Transform: AffineTransform_float_3_3
Parameters: 0.99999 -0.00186941 -0.00408284 0.00190074 0.99997 0.00759013 0.00406871 -0.00759787 0.999963 0.11138 0.0765641 -0.327611
FixedParameters: 0 0 0

#Transform 102
Transform: AffineTransform_float_3_3
Parameters: 0.99999 -0.00198179 -0.00400556 0.00201325 0.999965 0.00811482 0.00398895 -0.00812219 0.999959 0.115845 0.102379 -0.282413
FixedParameters: 0 0 0

#Transform 103
Transform: AffineTransform_float_3_3
Parameters: 0.999989 -0.00208301 -0.00408221 0.00211538 0.999966 0.00793825 0.00406557 -0.00794676 0.99996 0.10699 0.0633709 -0.29294
FixedParameters: 0 0 0

#Transform 104
Transform: AffineTransform_float_3_3
Parameters: 0.99999 -0.0020066 -0.00412516 0.00203949 0.999968 0.00780947 0.00410915 -0.00781753 0.999961 0.113104 0.106479 -0.254331
FixedParameters: 0 0 0

#Transform 105
Transform: AffineTransform_float_3_3
Parameters: 0.999991 -0.00165693 -0.00405178 0.00168789 0.99997 0.00761506 0.00403981 -0.00762195 0.999963 0.119858 0.107323 -0.267004
FixedParameters: 0 0 0

#Transform 106
Transform: AffineTransform_float_3_3
Parameters: 0.999989 -0.00143762 -0.0043048 0.00147008 0.99997 0.0074808 0.00429467 -0.00748719 0.999963 0.116737 0.0851313 -0.280949
FixedParameters: 0 0 0

#Transform 107
Transform: AffineTransform_float_3_3
Parameters: 0.999989 -0.00124466 -0.00463794 0.00128098 0.999969 0.00781232 0.00462829 -0.00781769 0.999959 0.129852 0.126964 -0.294639
FixedParameters: 0 0 0

#Transform 108
Transform: AffineTransform_float_3_3
Parameters: 0.999987 -0.00121911 -0.00505418 0.00126102 0.999965 0.00831214 0.00504431 -0.00831886 0.999953 0.146712 0.106474 -0.279829
FixedParameters: 0 0 0

#Transform 109
Transform: AffineTransform_float_3_3
Parameters: 0.999985 -0.00118559 -0.00547327 0.0012434 0.999943 0.010575 0.00546111 -0.010581 0.999929 0.142063 0.1084 -0.310746
FixedParameters: 0 0 0

#Transform 110
Transform: AffineTransform_float_3_3
Parameters: 0.999982 -0.00128589 -0.00587675 0.00134426 0.99995 0.00989522 0.00586424 -0.00990277 0.999934 0.137483 0.167716 -0.27673
FixedParameters: 0 0 0

#Transform 111
Transform: AffineTransform_float_3_3
Parameters: 0.999981 -0.00139137 -0.00598649 0.00144938 0.999951 0.00976744 0.00597238 -0.00977556 0.999934 0.14043 0.18425 -0.274852
FixedParameters: 0 0 0

#Transform 112
Transform: AffineTransform_float_3_3
Parameters: 0.999981 -0.0014287 -0.00598342 0.00149265 0.999942 0.0106763 0.00596742 -0.0106847 0.999925 0.139937 0.150585 -0.278656
FixedParameters: 0 0 0

#Transform 113
Transform: AffineTransform_float_3_3
Parameters: 0.999982 -0.00162297 -0.00589824 0.00167389 0.999962 0.00854321 0.00588369 -0.00855279 0.999946 0.129597 0.145232 -0.215796
FixedParameters: 0 0 0

#Transform 114
Transform: AffineTransform_float_3_3
Parameters: 0.999979 -0.00156709 -0.00640039 0.00162702 0.999955 0.00935305 0.00638525 -0.00936394 0.999936 0.140932 0.146433 -0.195511
FixedParameters: 0 0 0

#Transform 115
Transform: AffineTransform_float_3_3
Parameters: 0.999977 -0.00208603 -0.00634762 0.00214711 0.99995 0.0097158 0.00632651 -0.0097292 0.999933 0.130412 0.155664 -0.187846
FixedParameters: 0 0 0

#Transform 116
Transform: AffineTransform_float_3_3
Parameters: 0.999977 -0.00184128 -0.00663431 0.00190701 0.999948 0.00996203 0.00661546 -0.00997397 0.999929 0.138178 0.145126 -0.175937
FixedParameters: 0 0 0

#Transform 117
Transform: AffineTransform_float_3_3
Parameters: 0.999975 -0.0021363 -0.00675863 0.00220605 0.999943 0.0104128 0.00673643 -0.0104272 0.999922 0.140947 0.161594 -0.160896
FixedParameters: 0 0 0

#Transform 118
Transform: AffineTransform_float_3_3
Parameters: 0.999979 -0.00191454 -0.00619469 0.00198136 0.999939 0.0108231 0.00617311 -0.0108349 0.999922 0.13181 0.167268 -0.240672
FixedParameters: 0 0 0

#Transform 119
Transform: AffineTransform_float_3_3
Parameters: 0.999978 -0.00165612 -0.00635813 0.00176536 0.99985 0.0172274 0.00632854 -0.0172386 0.999832 0.0925243 0.0477513 -0.375147
FixedParameters: 0 0 0

#Transform 120
Transform: AffineTransform_float_3_3
Parameters: 0.99997 -0.00181295 -0.00745476 0.00195834 0.999808 0.019506 0.00741753 -0.01952 0.999782 0.122819 0.0040834 -0.455429
FixedParameters: 0 0 0

#Transform 121
Transform: AffineTransform_float_3_3
Parameters: 0.999967 -0.00161739 -0.00803432 0.00178396 0.999784 0.0207439 0.00799847 -0.0207571 0.999753 0.131556 0.0108216 -0.588802
FixedParameters: 0 0 0

#Transform 122
Transform: AffineTransform_float_3_3
Parameters: 0.999968 -0.00151027 -0.00784941 0.0017033 0.999696 0.0246268 0.00780997 -0.0246392 0.999666 0.10925 -0.0347073 -0.58403
FixedParameters: 0 0 0

#Transform 123
Transform: AffineTransform_float_3_3
Parameters: 0.999968 -0.00150892 -0.00787062 0.00170237 0.999694 0.0246499 0.00783128 -0.0246631 0.999665 0.0896059 -0.0451236 -0.583353
FixedParameters: 0 0 0

#Transform 124
Transform: AffineTransform_float_3_3
Parameters: 0.999962 -0.00134664 -0.00868893 0.00153198 0.999772 0.0213237 0.0086583 -0.0213363 0.999735 0.120529 0.0341753 -0.571901
FixedParameters: 0 0 0

#Transform 125
Transform: AffineTransform_float_3_3
Parameters: 0.999963 -0.00122025 -0.00843298 0.0014129 0.999739 0.0228249 0.00840342 -0.0228361 0.999704 0.125919 0.013132 -0.58596
FixedParameters: 0 0 0

#Transform 126
Transform: AffineTransform_float_3_3
Parameters: 0.999961 -0.000750643 -0.00871981 0.00094378 0.999754 0.0221658 0.00870088 -0.0221732 0.999716 0.131259 0.0285052 -0.649631
FixedParameters: 0 0 0

#Transform 127
Transform: AffineTransform_float_3_3
Parameters: 0.999968 -0.000470825 -0.00791805 0.000632995 0.999791 0.0204032 0.00790651 -0.0204078 0.999761 0.169923 0.0300146 -0.618453
FixedParameters: 0 0 0

#Transform 128
Transform: AffineTransform_float_3_3
Parameters: 0.999967 -0.00157749 -0.00804055 0.00175861 0.999742 0.0226212 0.00800257 -0.0226338 0.999711 0.101399 -0.00999508 -0.568844
FixedParameters: 0 0 0

#Transform 129
Transform: AffineTransform_float_3_3
Parameters: 0.99997 -0.000666228 -0.00763609 0.000815791 0.999808 0.0195816 0.00762179 -0.0195874 0.999779 0.151726 -0.0741228 -0.561749
FixedParameters: 0 0 0

#Transform 130
Transform: AffineTransform_float_3_3
Parameters: 0.999973 -0.000883642 -0.00732646 0.0010504 0.999742 0.0227029 0.00730513 -0.0227091 0.999715 0.166909 -0.103318 -0.574132
FixedParameters: 0 0 0

#Transform 131
Transform: AffineTransform_float_3_3
Parameters: 0.999979 -0.000422759 -0.00657726 0.000580557 0.999712 0.0239902 0.00656582 -0.0239929 0.999691 0.13564 -0.245736 -0.509372
FixedParameters: 0 0 0

#Transform 132
Transform: AffineTransform_float_3_3
Parameters: 0.999975 0.000486051 -0.00706553 -0.000302589 0.999662 0.0260046 0.00707552 -0.0260025 0.999637 0.0897157 -0.263009 -0.50994
FixedParameters: 0 0 0

#Transform 133
Transform: AffineTransform_float_3_3
Parameters: 0.999974 0.00041436 -0.00722701 -0.000254771 0.999755 0.0221523 0.00723471 -0.0221497 0.999729 0.0982092 -0.18132 -0.551281
FixedParameters: 0 0 0

#Transform 134
Transform: AffineTransform_float_3_3
Parameters: 0.999974 0.000414772 -0.00721906 -0.000255151 0.999755 0.0221103 0.00722664 -0.0221077 0.99973 0.103693 -0.18904 -0.564804
FixedParameters: 0 0 0

#Transform 135
Transform: AffineTransform_float_3_3
Parameters: 0.999974 0.000440037 -0.00709271 -0.000269122 0.99971 0.0240823 0.0071018 -0.0240797 0.999685 0.0911442 -0.211647 -0.522536
FixedParameters: 0 0 0

#Transform 136
Transform: AffineTransform_float_3_3
Parameters: 0.999977 0.00115231 -0.00660487 -0.000987627 0.999691 0.0248333 0.00663113 -0.0248267 0.99967 0.10112 -0.157776 -0.517906
FixedParameters: 0 0 0

#Transform 137
Transform: AffineTransform_float_3_3
Parameters: 0.999977 0.000653692 -0.00666643 -0.000480529 0.999663 0.0259861 0.00668118 -0.0259819 0.99964 0.087071 -0.105741 -0.46433
FixedParameters: 0 0 0

#Transform 138
Transform: AffineTransform_float_3_3
Parameters: 0.999978 0.000784989 -0.00667534 -0.000599344 0.999615 0.0277441 0.00669429 -0.027739 0.999593 0.0863497 -0.111288 -0.422476
FixedParameters: 0 0 0

#Transform 139
Transform: AffineTransform_float_3_3
Parameters: 0.999981 0.0013388 -0.00613713 -0.00116253 0.999588 0.0286986 0.00617343 -0.0286904 0.99957 0.0807462 -0.131761 -0.367093
FixedParameters: 0 0 0

#Transform 140
Transform: AffineTransform_float_3_3
Parameters: 0.999975 0.00100301 -0.00702033 -0.000805308 0.999606 0.0280599 0.00704589 -0.028054 0.999581 0.100919 -0.0767112 -0.220239
FixedParameters: 0 0 0

#Transform 141
Transform: AffineTransform_float_3_3
Parameters: 0.999979 0.000519404 -0.00649787 -0.000336014 0.9996 0.0282821 0.00650956 -0.0282789 0.999579 0.0689023 -0.032789 -0.171961
FixedParameters: 0 0 0

#Transform 142
Transform: AffineTransform_float_3_3
Parameters: 0.999983 0.000150942 -0.00591998 1.80798e-05 0.999592 0.0285643 0.00592163 -0.0285637 0.999574 0.0644244 -0.00409803 -0.176961
FixedParameters: 0 0 0

#Transform 143
Transform: AffineTransform_float_3_3
Parameters: 0.999982 5.08974e-05 -0.00610697 0.000126845 0.999573 0.0291939 0.00610671 -0.0291931 0.999555 0.0675854 -0.00281095 -0.199168
FixedParameters: 0 0 0

#Transform 144
Transform: AffineTransform_float_3_3
Parameters: 0.999982 -0.000278213 -0.0059625 0.000448514 0.999592 0.0285388 0.00595275 -0.0285411 0.999575 0.0535132 0.031218 -0.0742208
FixedParameters: 0 0 0

#Transform 145
Transform: AffineTransform_float_3_3
Parameters: 0.999982 -0.000408722 -0.00588936 0.000579765 0.999578 0.0290241 0.00587476 -0.0290269 0.999562 0.0596368 0.0794735 -0.0526291
FixedParameters: 0 0 0

#Transform 146
Transform: AffineTransform_float_3_3
Parameters: 0.999981 -0.000449501 -0.00626425 0.000633967 0.999563 0.0295519 0.00624798 -0.0295552 0.999544 0.0926999 0.112324 0.00465684
FixedParameters: 0 0 0

#Transform 147
Transform: AffineTransform_float_3_3
Parameters: 0.999979 -0.000676228 -0.00644723 0.000865125 0.999568 0.0294043 0.00642418 -0.0294097 0.999546 0.0847292 0.129293 0.0426328
FixedParameters: 0 0 0

#Transform 148
Transform: AffineTransform_float_3_3
Parameters: 0.999977 -0.000676862 -0.00674106 0.000868227 0.999595 0.0284484 0.0067196 -0.0284537 0.999573 0.0741268 0.19207 0.0101708
FixedParameters: 0 0 0

#Transform 149
Transform: AffineTransform_float_3_3
Parameters: 0.99998 -0.000455233 -0.00627686 0.000636093 0.999585 0.0288088 0.00626062 -0.0288122 0.999565 0.0865924 0.145893 -0.0482156
FixedParameters: 0 0 0

#Transform 150
Transform: AffineTransform_float_3_3
Parameters: 0.99998 -0.000458768 -0.00628863 0.000637219 0.999597 0.0284047 0.00627248 -0.0284083 0.999576 0.0882893 0.137161 -0.0213501
FixedParameters: 0 0 0

#Transform 151
Transform: AffineTransform_float_3_3
Parameters: 0.999976 -0.000508949 -0.00693967 0.000709774 0.999579 0.0290015 0.00692187 -0.0290056 0.999555 0.0759636 0.130346 0.000741632
FixedParameters: 0 0 0

#Transform 152
Transform: AffineTransform_float_3_3
Parameters: 0.999977 -0.000360472 -0.00679644 0.000557908 0.999578 0.0290224 0.0067828 -0.0290255 0.999555 0.0990383 0.170576 0.0649665
FixedParameters: 0 0 0

#Transform 153
Transform: AffineTransform_float_3_3
Parameters: 0.999977 -0.000625258 -0.00678656 0.000823256 0.999573 0.0292126 0.00676442 -0.0292174 0.99955 0.102054 0.188031 0.0291288
FixedParameters: 0 0 0

#Transform 154
Transform: AffineTransform_float_3_3
Parameters: 0.999974 -0.000524431 -0.0071902 0.000738332 0.999558 0.0297313 0.00717153 -0.0297356 0.999532 0.146004 0.218525 0.0462367
FixedParameters: 0 0 0

#Transform 155
Transform: AffineTransform_float_3_3
Parameters: 0.999972 -0.000543211 -0.00747458 0.00077004 0.999539 0.0303403 0.00745406 -0.0303447 0.999512 0.142453 0.246366 0.070678
FixedParameters: 0 0 0

#Transform 156
Transform: AffineTransform_float_3_3
Parameters: 0.999971 -0.000735003 -0.00757732 0.000963985 0.999542 0.0302328 0.00755157 -0.0302392 0.999514 0.126477 0.195317 0.0633032
FixedParameters: 0 0 0

#Transform 157
Transform: AffineTransform_float_3_3
Parameters: 0.999975 -0.00116886 -0.00707429 0.00134452 0.99969 0.0248689 0.00704353 -0.0248772 0.999666 0.0820846 0.24235 0.129308
FixedParameters: 0 0 0

#Transform 158
Transform: AffineTransform_float_3_3
Parameters: 0.999977 -0.00148985 -0.00660619 0.00165805 0.999675 0.0254081 0.00656599 -0.0254189 0.999656 0.0618892 0.224513 0.15796
FixedParameters: 0 0 0

#Transform 159
Transform: AffineTransform_float_3_3
Parameters: 0.99998 -0.00128435 -0.00623263 0.0014511 0.999637 0.0269195 0.00619592 -0.0269275 0.999618 0.0734934 0.198662 0.166112
FixedParameters: 0 0 0

#Transform 160
Transform: AffineTransform_float_3_3
Parameters: 0.999979 -0.00108421 -0.00636587 0.00125308 0.999646 0.0265619 0.00633475 -0.0265691 0.999627 0.0767038 0.199885 0.177387
FixedParameters: 0 0 0

#Transform 161
Transform: AffineTransform_float_3_3
Parameters: 0.99998 -0.00119388 -0.006174 0.00133989 0.999717 0.0237504 0.00614333 -0.0237586 0.999699 0.0688729 0.202856 0.332695
FixedParameters: 0 0 0

#Transform 162
Transform: AffineTransform_float_3_3
Parameters: 0.999982 -0.00107161 -0.00600702 0.00121281 0.999721 0.0236081 0.00598005 -0.0236149 0.999703 0.0657896 0.209371 0.215533
FixedParameters: 0 0 0

#Transform 163
Transform: AffineTransform_float_3_3
Parameters: 0.999978 -0.000696822 -0.00648585 0.000850698 0.99972 0.0236793 0.00646736 -0.0236847 0.999699 0.0811252 0.168307 0.22789
FixedParameters: 0 0 0

#Transform 164
Transform: AffineTransform_float_3_3
Parameters: 0.999984 0.000148642 -0.00575768 -1.54538e-05 0.999731 0.0231903 0.00576041 -0.0231897 0.999714 0.0723984 0.130638 0.22352
FixedParameters: 0 0 0

#Transform 165
Transform: AffineTransform_float_3_3
Parameters: 0.999987 -0.000720142 -0.00515269 0.000823502 0.999801 0.0199444 0.00513735 -0.0199485 0.999787 0.0447456 0.0904679 0.0897543
FixedParameters: 0 0 0

#Transform 166
Transform: AffineTransform_float_3_3
Parameters: 0.999987 -0.00130475 -0.00479277 0.00137812 0.99988 0.0154239 0.00477178 -0.0154301 0.99987 0.0197331 -0.0186533 -0.00457018
FixedParameters: 0 0 0

#Transform 167
Transform: AffineTransform_float_3_3
Parameters: 0.999988 -0.00249369 -0.00425032 0.00255624 0.99989 0.0146211 0.00421351 -0.0146319 0.999884 -0.00133095 -0.299036 -0.0203155
FixedParameters: 0 0 0

#Transform 168
Transform: AffineTransform_float_3_3
Parameters: 0.999988 -0.00254911 -0.00412418 0.00260646 0.999897 0.0140732 0.00408832 -0.0140838 0.999893 -0.0404323 -0.378827 0.128041
FixedParameters: 0 0 0

#Transform 169
Transform: AffineTransform_float_3_3
Parameters: 0.999994 -0.00189903 -0.00287806 0.00194498 0.999867 0.0162168 0.00284613 -0.0162232 0.999864 -0.0684593 -0.392108 0.228618
FixedParameters: 0 0 0

#Transform 170
Transform: AffineTransform_float_3_3
Parameters: 0.999996 -0.00139085 -0.0026675 0.00143865 0.999839 0.0179375 0.00264219 -0.0179415 0.999836 -0.0721272 -0.470598 0.132753
FixedParameters: 0 0 0

#Transform 171
Transform: AffineTransform_float_3_3
Parameters: 0.999998 -0.00119462 -0.00160448 0.00121723 0.999896 0.0143432 0.00158757 -0.0143448 0.999895 -0.06027 -0.448879 -0.108463
FixedParameters: 0 0 0

#Transform 172
Transform: AffineTransform_float_3_3
Parameters: 0.999999 -0.000718116 -0.000207915 0.000720243 0.999922 0.0125197 0.000199296 -0.0125203 0.999921 -0.233836 -0.638419 -0.563975
FixedParameters: 0 0 0

#Transform 173
Transform: AffineTransform_float_3_3
Parameters: 1 -0.000781128 0.000778892 0.000771893 0.999932 0.0116795 -0.000787985 -0.0116785 0.999931 -0.190882 -0.560375 -0.622804
FixedParameters: 0 0 0

#Transform 174
Transform: AffineTransform_float_3_3
Parameters: 0.999998 -0.00148738 0.00117574 0.00147059 0.999902 0.0139717 -0.00119676 -0.0139693 0.999902 -0.201245 -0.465884 -0.819186
FixedParameters: 0 0 0

#Transform 175
Transform: AffineTransform_float_3_3
Parameters: 0.999999 -0.0010112 0.00101212 0.000995851 0.999883 0.015213 -0.00102832 -0.015212 0.999884 -0.163005 -0.469306 -1.0767
FixedParameters: 0 0 0

#Transform 176
Transform: AffineTransform_float_3_3
Parameters: 0.999999 -0.00113371 0.00134266 0.00111296 0.999873 0.0158495 -0.00136063 -0.0158484 0.999873 -0.183881 -0.426684 -1.12155
FixedParameters: 0 0 0

#Transform 177
Transform: AffineTransform_float_3_3
Parameters: 0.999997 -0.00243362 0.0004713 0.00242467 0.999831 0.0181889 -0.000515399 -0.0181881 0.999834 -0.195692 -0.478262 -1.4234
FixedParameters: 0 0 0

#Transform 178
Transform: AffineTransform_float_3_3
Parameters: 0.999997 -0.00249783 0.000428305 0.00248987 0.99984 0.0177148 -0.000472279 -0.0177132 0.999843 -0.274903 -0.297039 -1.10759
FixedParameters: 0 0 0

#Transform 179
Transform: AffineTransform_float_3_3
Parameters: 0.999992 -0.00339481 -0.00189613 0.00343352 0.999774 0.0209423 0.00182491 -0.0209487 0.999779 -0.294849 -0.294628 -1.16842
FixedParameters: 0 0 0

#Transform 180
Transform: AffineTransform_float_3_3
Parameters: 0.999988 -0.00335412 -0.00376632 0.00342922 0.99979 0.0202066 0.00369808 -0.0202184 0.999789 -0.277382 -0.20304 -0.766152
FixedParameters: 0 0 0

#Transform 181
Transform: AffineTransform_float_3_3
Parameters: 0.999985 -0.0029047 -0.00454141 0.00297052 0.999891 0.0144406 0.00449801 -0.0144534 0.999885 -0.206573 0.0469012 -0.689161
FixedParameters: 0 0 0

#Transform 182
Transform: AffineTransform_float_3_3
Parameters: 0.999989 -0.00209328 -0.00418201 0.00216461 0.999851 0.0171209 0.00414627 -0.0171301 0.999844 -0.106668 0.0161175 -0.829069
FixedParameters: 0 0 0

#Transform 183
Transform: AffineTransform_float_3_3
Parameters: 0.999989 -0.00205085 -0.00418471 0.00211924 0.999865 0.0163161 0.0041504 -0.0163249 0.999858 -0.0814413 -0.0888633 -0.840152
FixedParameters: 0 0 0

#Transform 184
Transform: AffineTransform_float_3_3
Parameters: 0.999987 -0.00178833 -0.00461561 0.00186695 0.999854 0.0170226 0.00458426 -0.0170304 0.999844 -0.0515168 -0.113211 -0.90831
FixedParameters: 0 0 0

#Transform 185
Transform: AffineTransform_float_3_3
Parameters: 0.999984 -0.00176038 -0.00526056 0.00185142 0.999847 0.017355 0.0052292 -0.017364 0.999835 -0.026762 -0.0551858 -0.922808
FixedParameters: 0 0 0

#Transform 186
Transform: AffineTransform_float_3_3
Parameters: 0.999985 -0.00175045 -0.00519406 0.00184419 0.999835 0.0180341 0.00516078 -0.0180428 0.999824 -0.0155592 -0.0589315 -0.961406
FixedParameters: 0 0 0

#Transform 187
Transform: AffineTransform_float_3_3
Parameters: 0.999982 -0.0016994 -0.00578056 0.00179973 0.999848 0.0173017 0.00575024 -0.0173123 0.999833 -0.000271253 -0.0823979 -0.986853
FixedParameters: 0 0 0

#Transform 188
Transform: AffineTransform_float_3_3
