# transform file /out/sourcedata/freesurfer/sub-v1s22x0050485_ses-1/mri/transforms/cc_up.lta
# created by oesteban on Mon Mar  9 15:57:09 2026

type      = 0 # LINEAR_VOX_TO_VOX
nxforms   = 1
mean      = 129.0000 98.0000 120.0000
sigma     = 10000.0000
1 4 4
9.991316199302673e-01 1.966560818254948e-02 -3.673236444592476e-02 2.324119567871094e+00 
-1.965233124792576e-02 9.998065829277039e-01 7.225039880722761e-04 4.845610809326172e+01 
3.673946857452393e-02 0.000000000000000e+00 9.993249177932739e-01 1.736640739440918e+01 
0.000000000000000e+00 0.000000000000000e+00 0.000000000000000e+00 1.000000000000000e+00 
src volume info
valid = 1  # volume info valid
filename = /out/sourcedata/freesurfer/sub-v1s22x0050485_ses-1/mri/norm.mgz
volume = 256 256 256
voxelsize = 1.000000000000000e+00 1.000000000000000e+00 1.000000000000000e+00
xras   = -1.000000000000000e+00 0.000000000000000e+00 0.000000000000000e+00
yras   = 0.000000000000000e+00 0.000000000000000e+00 -1.000000000000000e+00
zras   = 0.000000000000000e+00 1.000000000000000e+00 0.000000000000000e+00
cras   = 3.698455810546875e+00 4.140788269042969e+01 -1.594212341308594e+01
dst volume info
valid = 1  # volume info valid
filename = /out/sourcedata/freesurfer/sub-v1s22x0050485_ses-1/mri/norm.mgz
volume = 256 256 256
voxelsize = 1.000000000000000e+00 1.000000000000000e+00 1.000000000000000e+00
xras   = -1.000000000000000e+00 0.000000000000000e+00 0.000000000000000e+00
yras   = 0.000000000000000e+00 0.000000000000000e+00 -1.000000000000000e+00
zras   = 0.000000000000000e+00 1.000000000000000e+00 0.000000000000000e+00
cras   = 3.698455810546875e+00 4.140788269042969e+01 -1.594212341308594e+01
