# transform file /out/sourcedata/freesurfer/sub-v1s22x0050463_ses-1/mri/transforms/cc_up.lta
# created by oesteban on Mon Mar  9 14:01:04 2026

type      = 0 # LINEAR_VOX_TO_VOX
nxforms   = 1
mean      = 128.0000 103.0000 118.0000
sigma     = 10000.0000
1 4 4
9.998489618301392e-01 1.654643937945366e-02 -5.339570809155703e-03 -1.409866929054260e+00 
-1.654620468616486e-02 9.998632073402405e-01 8.836298366077244e-05 3.812897109985352e+01 
5.340301897376776e-03 -7.275958481545164e-12 9.999858140945435e-01 1.931539916992188e+01 
0.000000000000000e+00 0.000000000000000e+00 0.000000000000000e+00 1.000000000000000e+00 
src volume info
valid = 1  # volume info valid
filename = /out/sourcedata/freesurfer/sub-v1s22x0050463_ses-1/mri/norm.mgz
volume = 256 256 256
voxelsize = 1.000000000000000e+00 1.000000000000000e+00 1.000000000000000e+00
xras   = -1.000000000000000e+00 0.000000000000000e+00 0.000000000000000e+00
yras   = 0.000000000000000e+00 0.000000000000000e+00 -1.000000000000000e+00
zras   = 0.000000000000000e+00 1.000000000000000e+00 0.000000000000000e+00
cras   = -1.725273132324219e+00 3.966810607910156e+01 -1.745849609375000e+01
dst volume info
valid = 1  # volume info valid
filename = /out/sourcedata/freesurfer/sub-v1s22x0050463_ses-1/mri/norm.mgz
volume = 256 256 256
voxelsize = 1.000000000000000e+00 1.000000000000000e+00 1.000000000000000e+00
xras   = -1.000000000000000e+00 0.000000000000000e+00 0.000000000000000e+00
yras   = 0.000000000000000e+00 0.000000000000000e+00 -1.000000000000000e+00
zras   = 0.000000000000000e+00 1.000000000000000e+00 0.000000000000000e+00
cras   = -1.725273132324219e+00 3.966810607910156e+01 -1.745849609375000e+01
