# transform file /out/sourcedata/freesurfer/sub-v1s22x0050516_ses-1/mri/transforms/cc_up.lta
# created by oesteban on Mon Mar  9 17:18:53 2026

type      = 0 # LINEAR_VOX_TO_VOX
nxforms   = 1
mean      = 132.0000 97.0000 119.0000
sigma     = 10000.0000
1 4 4
9.988483786582947e-01 -2.931063249707222e-02 -3.798202052712440e-02 6.658295631408691e+00 
2.928946353495121e-02 9.995703101158142e-01 -1.113755628466606e-03 4.740877151489258e+01 
3.799834847450256e-02 -1.164153079491470e-10 9.992777109146118e-01 1.121710300445557e+01 
0.000000000000000e+00 0.000000000000000e+00 0.000000000000000e+00 1.000000000000000e+00 
src volume info
valid = 1  # volume info valid
filename = /out/sourcedata/freesurfer/sub-v1s22x0050516_ses-1/mri/norm.mgz
volume = 256 256 256
voxelsize = 1.000000000000000e+00 1.000000000000000e+00 1.000000000000000e+00
xras   = -1.000000000000000e+00 -3.725290298461914e-09 0.000000000000000e+00
yras   = 0.000000000000000e+00 0.000000000000000e+00 -1.000000000000000e+00
zras   = 3.725290298461914e-09 9.999999403953552e-01 0.000000000000000e+00
cras   = 4.457275390625000e+00 4.220130157470703e+01 -9.743576049804688e+00
dst volume info
valid = 1  # volume info valid
filename = /out/sourcedata/freesurfer/sub-v1s22x0050516_ses-1/mri/norm.mgz
volume = 256 256 256
voxelsize = 1.000000000000000e+00 1.000000000000000e+00 1.000000000000000e+00
xras   = -1.000000000000000e+00 -3.725290298461914e-09 0.000000000000000e+00
yras   = 0.000000000000000e+00 0.000000000000000e+00 -1.000000000000000e+00
zras   = 3.725290298461914e-09 9.999999403953552e-01 0.000000000000000e+00
cras   = 4.457275390625000e+00 4.220130157470703e+01 -9.743576049804688e+00
