# transform file /out/sourcedata/freesurfer/sub-v1s22x0050519_ses-1/mri/transforms/cc_up.lta
# created by oesteban on Mon Mar  9 17:26:26 2026

type      = 0 # LINEAR_VOX_TO_VOX
nxforms   = 1
mean      = 131.0000 125.0000 113.0000
sigma     = 10000.0000
1 4 4
9.997848868370056e-01 -2.226473297923803e-03 2.062035724520683e-02 -2.526544570922852e+00 
2.225999953225255e-03 9.999975562095642e-01 4.591079050442204e-05 1.970689010620117e+01 
-2.062040753662586e-02 0.000000000000000e+00 9.997873306274414e-01 2.769577407836914e+01 
0.000000000000000e+00 0.000000000000000e+00 0.000000000000000e+00 1.000000000000000e+00 
src volume info
valid = 1  # volume info valid
filename = /out/sourcedata/freesurfer/sub-v1s22x0050519_ses-1/mri/norm.mgz
volume = 256 256 256
voxelsize = 1.000000000000000e+00 1.000000000000000e+00 1.000000000000000e+00
xras   = -1.000000000000000e+00 0.000000000000000e+00 0.000000000000000e+00
yras   = 0.000000000000000e+00 0.000000000000000e+00 -1.000000000000000e+00
zras   = 0.000000000000000e+00 1.000000000000000e+00 0.000000000000000e+00
cras   = 5.991821289062500e-01 3.955860900878906e+01 4.212506103515625e+01
dst volume info
valid = 1  # volume info valid
filename = /out/sourcedata/freesurfer/sub-v1s22x0050519_ses-1/mri/norm.mgz
volume = 256 256 256
voxelsize = 1.000000000000000e+00 1.000000000000000e+00 1.000000000000000e+00
xras   = -1.000000000000000e+00 0.000000000000000e+00 0.000000000000000e+00
yras   = 0.000000000000000e+00 0.000000000000000e+00 -1.000000000000000e+00
zras   = 0.000000000000000e+00 1.000000000000000e+00 0.000000000000000e+00
cras   = 5.991821289062500e-01 3.955860900878906e+01 4.212506103515625e+01
