#Insight Transform File V1.0
#Transform 0
Transform: AffineTransform_float_3_3
Parameters: 0.999976 -0.00332201 0.00617878 0.00324647 0.999921 0.0120839 -0.00621903 -0.0120641 0.999908 0.178512 -0.180137 0.562619
FixedParameters: 0 0 0

#Transform 1
Transform: AffineTransform_float_3_3
Parameters: 0.999974 -0.0025713 0.00664333 0.00249158 0.999925 0.0119991 -0.00667388 -0.0119829 0.999906 0.197715 -0.0593811 0.753084
FixedParameters: 0 0 0

#Transform 2
Transform: AffineTransform_float_3_3
Parameters: 0.999994 -0.0022037 0.00291178 0.00216976 0.999929 0.0117665 -0.00293783 -0.0117595 0.999927 0.134738 0.119349 0.456975
FixedParameters: 0 0 0

#Transform 3
Transform: AffineTransform_float_3_3
Parameters: 0.999985 -0.00315642 0.00453108 0.00310206 0.999924 0.0118778 -0.00456848 -0.0118632 0.999919 0.152904 0.00854886 0.820983
FixedParameters: 0 0 0

#Transform 4
Transform: AffineTransform_float_3_3
Parameters: 0.999968 -0.00333806 0.00734888 0.00327149 0.999953 0.00913583 -0.00737933 -0.00911117 0.999931 0.204803 0.159743 1.24757
FixedParameters: 0 0 0

#Transform 5
Transform: AffineTransform_float_3_3
Parameters: 0.999964 -0.00195197 0.00818696 0.00184467 0.999913 0.0130407 -0.00821202 -0.0130252 0.999882 0.236095 0.358468 0.275567
FixedParameters: 0 0 0

#Transform 6
Transform: AffineTransform_float_3_3
Parameters: 0.999945 -0.00420823 0.00968084 0.00405772 0.999872 0.0154547 -0.0097446 -0.0154143 0.999834 0.261897 0.096772 1.79723
FixedParameters: 0 0 0

#Transform 7
Transform: AffineTransform_float_3_3
Parameters: 0.999979 -0.00395914 0.00510656 0.00390061 0.999925 0.0115506 -0.00515216 -0.0115304 0.99992 0.22227 0.203237 2.87648
FixedParameters: 0 0 0

#Transform 8
Transform: AffineTransform_float_3_3
Parameters: 0.99999 0.00113689 0.00448852 -0.00118823 0.999933 0.0114863 -0.00447513 -0.0114917 0.999924 0.322281 0.406598 1.316
FixedParameters: 0 0 0

#Transform 9
Transform: AffineTransform_float_3_3
Parameters: 0.99998 -0.00421055 0.00475052 0.00420427 0.999991 0.00139784 -0.00475611 -0.00137817 0.999987 0.20197 0.180113 3.21215
FixedParameters: 0 0 0

#Transform 10
Transform: AffineTransform_float_3_3
Parameters: 0.999999 -0.00120853 0.000704435 0.00121169 0.99999 -0.00415413 -0.000699053 0.00415487 0.999991 0.136827 0.152201 2.30532
FixedParameters: 0 0 0

#Transform 11
Transform: AffineTransform_float_3_3
Parameters: 0.999999 0.0011752 -0.000863631 -0.00117899 0.999989 -0.00440996 0.000858772 0.00441103 0.99999 0.0570383 0.128281 1.30564
FixedParameters: 0 0 0

#Transform 12
Transform: AffineTransform_float_3_3
Parameters: 1 -0.000367478 -0.000432763 0.000363535 0.999971 -0.00763815 0.000435948 0.00763784 0.99997 0.114538 -0.060195 3.58747
FixedParameters: 0 0 0

#Transform 13
Transform: AffineTransform_float_3_3
Parameters: 0.999998 -0.000152878 0.00208966 0.000176929 0.999938 -0.0111384 -0.00208788 0.0111386 0.999936 0.106684 0.0536079 2.83178
FixedParameters: 0 0 0

#Transform 14
Transform: AffineTransform_float_3_3
Parameters: 1 0.000587174 -0.000192328 -0.000586512 0.999997 0.00207611 0.000193774 -0.00207589 0.999998 -0.165227 0.306699 0.752557
FixedParameters: 0 0 0

#Transform 15
Transform: AffineTransform_float_3_3
Parameters: 0.999989 0.00188234 -0.00430633 -0.00171532 0.999263 0.0383647 0.00437585 -0.0383563 0.999254 -0.362126 0.644032 2.39018
FixedParameters: 0 0 0

#Transform 16
Transform: AffineTransform_float_3_3
Parameters: 1 0.00105257 0.000500663 -0.00105859 0.999933 0.0115525 -0.00048814 -0.0115525 0.999933 -0.11511 0.382319 1.64542
FixedParameters: 0 0 0

#Transform 17
Transform: AffineTransform_float_3_3
Parameters: 0.999998 0.000610992 0.00191836 -0.000620574 0.999988 0.00500908 -0.00191556 -0.00500993 0.999986 0.0068465 0.218978 0.418813
FixedParameters: 0 0 0

#Transform 18
Transform: AffineTransform_float_3_3
Parameters: 0.999999 -0.000537565 0.000656314 0.000533719 0.999989 0.00463935 -0.000659582 -0.00463865 0.999989 -0.00908557 -0.0802031 0.381921
FixedParameters: 0 0 0

#Transform 19
Transform: AffineTransform_float_3_3
Parameters: 0.999999 0.000151786 0.00141252 -0.000155332 0.999998 0.00230692 -0.00141223 -0.00230708 0.999997 0.00561021 -0.0426891 -0.00505528
FixedParameters: 0 0 0

#Transform 20
Transform: AffineTransform_float_3_3
Parameters: 1 0.000287597 0.00011293 -0.000287476 1 -0.000534032 -0.000113237 0.000533967 1 0.00902277 -0.00747337 0.0320577
FixedParameters: 0 0 0

#Transform 21
Transform: AffineTransform_float_3_3
Parameters: 0.999998 -0.00113256 0.00124099 0.00112961 0.999997 0.00209642 -0.00124403 -0.00209458 0.999997 0.0455422 0.0140765 2.45341
FixedParameters: 0 0 0

#Transform 22
Transform: AffineTransform_float_3_3
Parameters: 0.999999 -0.00122017 0.00120182 0.00122353 0.999997 -0.00239965 -0.00119864 0.00240135 0.999996 -0.024501 0.118564 0.018135
FixedParameters: 0 0 0

#Transform 23
Transform: AffineTransform_float_3_3
Parameters: 0.999993 -0.000454304 0.00371562 0.000466676 0.999994 -0.00332038 -0.00371386 0.00332161 0.999988 0.00854873 -0.0587749 0.583961
FixedParameters: 0 0 0

#Transform 24
Transform: AffineTransform_float_3_3
Parameters: 0.99998 -0.00175484 0.00611514 0.0017488 0.999998 0.0010078 -0.00611751 -0.000997202 0.99998 0.109576 0.0487137 2.51475
FixedParameters: 0 0 0

#Transform 25
Transform: AffineTransform_float_3_3
Parameters: 0.999984 -0.00191861 0.0053677 0.00191539 0.999998 0.000594783 -0.00536938 -0.000584216 0.999985 0.106901 0.177928 2.0653
FixedParameters: 0 0 0

#Transform 26
Transform: AffineTransform_float_3_3
Parameters: 0.999999 0.000669685 0.000715329 -0.00066958 0.999999 -0.000764361 -0.000716214 0.000764639 1 0.0369519 0.136329 0.196854
FixedParameters: 0 0 0

#Transform 27
Transform: AffineTransform_float_3_3
Parameters: 0.999997 -0.000962035 0.00225196 0.000947922 0.99998 0.00623247 -0.00225775 -0.00622953 0.999978 0.0648479 -0.016586 1.59799
FixedParameters: 0 0 0

#Transform 28
Transform: AffineTransform_float_3_3
Parameters: 0.999952 -0.00517664 0.00823568 0.00511251 0.999956 0.00785661 -0.00827599 -0.0078134 0.999936 0.183674 0.282534 2.53372
FixedParameters: 0 0 0

#Transform 29
Transform: AffineTransform_float_3_3
Parameters: 0.999948 -0.00441432 0.00919583 0.00438473 0.999985 0.00321617 -0.00920988 -0.00317582 0.999952 0.208965 0.316705 1.82631
FixedParameters: 0 0 0

#Transform 30
Transform: AffineTransform_float_3_3
Parameters: 0.999983 -0.00357706 0.00476213 0.00365623 0.999853 -0.0167245 -0.00470165 0.0167415 0.999849 0.172908 0.0872903 1.75289
FixedParameters: 0 0 0

#Transform 31
Transform: AffineTransform_float_3_3
Parameters: 0.9998 -0.0058552 0.0191208 0.00614296 0.999868 -0.0150432 -0.0190303 0.0151578 0.999704 0.180013 0.0754148 6.41981
FixedParameters: 0 0 0

#Transform 32
Transform: AffineTransform_float_3_3
Parameters: 0.999998 -0.000974301 0.00166977 0.00101356 0.999716 -0.0238023 -0.00164616 0.0238047 0.999715 0.0461954 0.353725 4.32816
FixedParameters: 0 0 0

#Transform 33
Transform: AffineTransform_float_3_3
Parameters: 0.999996 0.00211378 -0.00220769 -0.00212897 0.999976 -0.00665439 0.00219362 0.00665961 0.999975 -0.0493537 0.245861 0.063836
FixedParameters: 0 0 0

#Transform 34
Transform: AffineTransform_float_3_3
Parameters: 0.999999 -0.00139753 0.000704403 0.00140044 0.999991 -0.00407928 -0.000698652 0.00407973 0.999991 0.0549765 0.252383 3.19411
FixedParameters: 0 0 0

#Transform 35
Transform: AffineTransform_float_3_3
Parameters: 1 -0.000328834 0.000172465 0.000328709 0.999995 -0.00292092 -0.000171396 0.00292007 0.999996 -0.0437212 0.236569 1.07698
FixedParameters: 0 0 0

#Transform 36
Transform: AffineTransform_float_3_3
Parameters: 0.999978 0.00107828 -0.00663375 -0.00112478 0.999975 -0.00701097 0.0066259 0.00701804 0.999953 -0.131355 0.0631248 -0.517117
FixedParameters: 0 0 0

#Transform 37
Transform: AffineTransform_float_3_3
Parameters: 0.999986 -0.00062206 -0.0052129 0.000529591 0.999844 -0.01763 0.00522337 0.0176269 0.999831 -0.140998 -0.351791 2.39682
FixedParameters: 0 0 0

#Transform 38
Transform: AffineTransform_float_3_3
Parameters: 0.999977 0.00284478 -0.00615344 -0.00310168 0.99911 -0.0420713 0.00602869 0.0420898 0.999096 -0.162382 -0.460981 3.05533
FixedParameters: 0 0 0

#Transform 39
Transform: AffineTransform_float_3_3
Parameters: 0.999997 0.00199545 0.000839471 -0.00196932 0.999519 -0.0309369 -0.000900699 0.0309351 0.999521 -0.0667872 0.108233 1.09217
FixedParameters: 0 0 0

#Transform 40
Transform: AffineTransform_float_3_3
Parameters: 0.999999 0.000429404 -0.000712161 -0.000436357 0.999946 -0.0103637 0.000708156 0.0103633 0.999946 0.0257217 0.130421 3.30362
FixedParameters: 0 0 0

#Transform 41
Transform: AffineTransform_float_3_3
Parameters: 0.999998 -0.00104865 -0.0017937 0.00103311 0.999961 -0.00873263 0.00180258 0.00873136 0.99996 0.0976862 0.325285 1.65263
FixedParameters: 0 0 0

#Transform 42
Transform: AffineTransform_float_3_3
Parameters: 0.999988 -0.00154094 0.00450763 0.00153185 0.999997 0.00218693 -0.00451078 -0.00218007 0.999987 0.210309 0.44601 2.79874
FixedParameters: 0 0 0

#Transform 43
Transform: AffineTransform_float_3_3
Parameters: 0.999995 -0.00299079 0.00095105 0.0029799 0.999934 0.0111442 -0.000984749 -0.0111418 0.999937 0.217154 0.278669 3.82053
FixedParameters: 0 0 0

#Transform 44
Transform: AffineTransform_float_3_3
Parameters: 0.999997 -0.00210487 0.00123947 0.00210255 0.999996 0.00201224 -0.00124325 -0.00200976 0.999997 0.127631 0.26093 3.68767
FixedParameters: 0 0 0

#Transform 45
Transform: AffineTransform_float_3_3
Parameters: 0.999999 -0.0015331 0.000829448 0.00152892 0.999989 0.00428315 -0.000835908 -0.00428184 0.99999 0.0243864 0.368326 3.39699
FixedParameters: 0 0 0

#Transform 46
Transform: AffineTransform_float_3_3
Parameters: 0.999999 -3.36573e-05 0.000976964 3.20153e-05 0.999999 0.00134703 -0.000977192 -0.00134697 0.999998 0.0327555 0.248979 3.21036
FixedParameters: 0 0 0

#Transform 47
Transform: AffineTransform_float_3_3
Parameters: 0.999999 0.000668454 -0.000511095 -0.000666912 0.999997 0.0026062 0.000513724 -0.00260579 0.999996 0.0210181 0.208686 2.95938
FixedParameters: 0 0 0

#Transform 48
Transform: AffineTransform_float_3_3
Parameters: 1 0.000313036 -0.00108705 -0.000302989 0.99996 0.00896547 0.00108987 -0.00896453 0.999959 -0.0236907 0.242775 2.48297
FixedParameters: 0 0 0

#Transform 49
Transform: AffineTransform_float_3_3
Parameters: 0.999997 -0.00175969 -0.00164734 0.00179151 0.999804 0.0197191 0.00161216 -0.019722 0.999804 -0.0708744 0.411562 1.73958
FixedParameters: 0 0 0

#Transform 50
Transform: AffineTransform_float_3_3
Parameters: 0.999998 -0.000553021 -0.00224351 0.000594213 0.999836 0.0181121 0.00223339 -0.0181139 0.999834 -0.0324089 0.260238 1.69563
FixedParameters: 0 0 0

#Transform 51
Transform: AffineTransform_float_3_3
Parameters: 0.999999 -0.000557548 -0.00137622 0.000570696 0.999957 0.00932121 0.00137048 -0.00932179 0.999955 -0.0840704 0.131362 0.620725
FixedParameters: 0 0 0

#Transform 52
Transform: AffineTransform_float_3_3
Parameters: 0.999993 -0.00144059 -0.00328719 0.0014728 0.999951 0.00982685 0.00327319 -0.00983215 0.999946 -0.11555 -0.0463201 1.02589
FixedParameters: 0 0 0

#Transform 53
Transform: AffineTransform_float_3_3
Parameters: 0.999981 -0.00497761 0.00358617 0.00494579 0.999949 0.00877584 -0.00362912 -0.00875817 0.999956 -0.056381 0.0427839 1.59051
FixedParameters: 0 0 0

#Transform 54
Transform: AffineTransform_float_3_3
Parameters: 0.999983 -0.00587537 -0.000674874 0.0058799 0.999956 0.00732794 0.000631828 -0.00733206 0.999973 -0.264077 0.138107 1.85301
FixedParameters: 0 0 0

#Transform 55
Transform: AffineTransform_float_3_3
Parameters: 0.999989 0.00115791 -0.00469752 -0.00114456 0.999995 0.00298781 0.0047004 -0.0029822 0.999985 -0.130993 0.177029 2.1336
FixedParameters: 0 0 0

#Transform 56
Transform: AffineTransform_float_3_3
Parameters: 0.999991 0.00221014 -0.0036103 -0.00221211 0.999998 -0.000580726 0.00360941 0.000589275 0.999993 -0.129917 -0.0416416 0.598192
FixedParameters: 0 0 0

#Transform 57
Transform: AffineTransform_float_3_3
Parameters: 0.999989 -0.00279474 -0.00373763 0.00280133 0.999994 0.0018632 0.00373225 -0.0018738 0.999991 -0.2895 -0.0472012 0.83442
FixedParameters: 0 0 0

#Transform 58
Transform: AffineTransform_float_3_3
Parameters: 0.999992 -0.00316274 -0.00223186 0.00317047 0.999989 0.00364368 0.00222005 -0.00365132 0.999991 -0.278938 -0.0516942 1.03509
FixedParameters: 0 0 0

#Transform 59
Transform: AffineTransform_float_3_3
Parameters: 0.999984 -0.00393455 -0.00422781 0.00395531 0.999981 0.00488774 0.00420823 -0.00490426 0.999979 -0.304112 -0.00363617 1.08669
FixedParameters: 0 0 0

#Transform 60
Transform: AffineTransform_float_3_3
Parameters: 0.999985 -0.00379319 -0.00399661 0.0038163 0.999976 0.00579024 0.00397493 -0.00580477 0.999975 -0.281019 0.0106644 1.14144
FixedParameters: 0 0 0

#Transform 61
Transform: AffineTransform_float_3_3
Parameters: 0.999992 -0.00390342 -0.00146523 0.00392468 0.999888 0.0144746 0.00140827 -0.0144805 0.999894 -0.212507 0.211166 0.879757
FixedParameters: 0 0 0

#Transform 62
Transform: AffineTransform_float_3_3
Parameters: 0.999985 -0.00520046 0.00136166 0.00518129 0.999887 0.0141284 -0.00143543 -0.0141216 0.999899 -0.13359 0.137435 1.09232
FixedParameters: 0 0 0

#Transform 63
Transform: AffineTransform_float_3_3
Parameters: 0.99998 -0.00639153 0.000358082 0.00638674 0.999911 0.0117417 -0.000433 -0.0117383 0.999931 -0.173684 0.0445909 1.24186
FixedParameters: 0 0 0

#Transform 64
Transform: AffineTransform_float_3_3
Parameters: 0.99998 -0.00619388 -0.00047623 0.00619944 0.999917 0.0112938 0.000405528 -0.0112962 0.999936 -0.116756 0.039256 1.46201
FixedParameters: 0 0 0

#Transform 65
Transform: AffineTransform_float_3_3
Parameters: 0.999972 -0.00743289 -0.000987766 0.00744375 0.999916 0.0105874 0.000908245 -0.0105946 0.999943 -0.0876498 0.00477323 1.29555
FixedParameters: 0 0 0

#Transform 66
Transform: AffineTransform_float_3_3
Parameters: 0.999977 -0.00664529 -0.000920916 0.0066545 0.999931 0.00971624 0.000856404 -0.00972176 0.999952 -0.116596 0.0795342 1.21808
FixedParameters: 0 0 0

#Transform 67
Transform: AffineTransform_float_3_3
Parameters: 0.999979 -0.00650931 -0.000783432 0.00651704 0.999925 0.0103553 0.000715234 -0.0103607 0.999946 -0.0673507 0.0178533 1.24296
FixedParameters: 0 0 0

#Transform 68
Transform: AffineTransform_float_3_3
Parameters: 0.999967 -0.00809212 0.000530606 0.00808164 0.999793 0.0186314 -0.000681155 -0.0186266 0.999827 -0.0784835 0.256783 1.13609
FixedParameters: 0 0 0

#Transform 69
Transform: AffineTransform_float_3_3
Parameters: 0.999957 -0.00918891 -0.000533245 0.00919669 0.999799 0.0177942 0.00036977 -0.0177978 0.999842 -0.0870941 0.21704 1.26153
FixedParameters: 0 0 0

#Transform 70
Transform: AffineTransform_float_3_3
Parameters: 0.999945 -0.010448 -0.00131928 0.0104705 0.999781 0.0181051 0.00113026 -0.018118 0.999836 -0.0873637 0.451184 1.37062
FixedParameters: 0 0 0

#Transform 71
Transform: AffineTransform_float_3_3
Parameters: 0.999952 -0.00933774 -0.00297742 0.00938691 0.999809 0.017125 0.00281702 -0.017152 0.999849 -0.087896 0.172757 1.61715
FixedParameters: 0 0 0

#Transform 72
Transform: AffineTransform_float_3_3
Parameters: 0.999934 -0.0089436 -0.00726905 0.00899882 0.999931 0.00758634 0.00720067 -0.00765065 0.999944 -0.176544 0.0248147 1.57906
FixedParameters: 0 0 0

#Transform 73
Transform: AffineTransform_float_3_3
Parameters: 0.999928 -0.00939929 -0.00743053 0.00939811 0.999956 -0.000114665 0.00743202 4.43235e-05 0.999973 -0.128163 -0.135034 1.85616
FixedParameters: 0 0 0

#Transform 74
Transform: AffineTransform_float_3_3
Parameters: 0.999953 -0.00876081 -0.00400594 0.0087746 0.999955 0.00345544 0.00397527 -0.00349056 0.999986 -0.0764044 -0.0122571 1.77303
FixedParameters: 0 0 0

#Transform 75
Transform: AffineTransform_float_3_3
Parameters: 0.999998 -0.00231452 -0.000322038 0.00232007 0.999815 0.0190928 0.000277794 -0.0190931 0.999817 -0.16419 0.278825 1.35414
FixedParameters: 0 0 0

#Transform 76
Transform: AffineTransform_float_3_3
Parameters: 0.999973 -0.00156128 -0.00724688 0.00179877 0.999459 0.0328296 0.007191 -0.0328414 0.999435 -0.387879 0.00324416 1.56712
FixedParameters: 0 0 0

#Transform 77
Transform: AffineTransform_float_3_3
Parameters: 0.999978 -0.00653439 -6.27724e-05 0.00653469 0.999922 0.0106029 -6.08418e-06 -0.0106031 0.999944 0.156552 -0.36014 2.73002
FixedParameters: 0 0 0

#Transform 78
Transform: AffineTransform_float_3_3
Parameters: 0.99997 -0.00725104 -0.00248792 0.00724493 0.999971 -0.00237288 0.00250522 0.00235412 0.999994 -0.0221476 -0.0894604 3.07391
FixedParameters: 0 0 0

#Transform 79
Transform: AffineTransform_float_3_3
Parameters: 0.999979 -0.00543424 -0.00365256 0.00542916 0.999984 -0.00138354 0.00365972 0.00136346 0.999993 -0.16231 0.0373499 2.70506
FixedParameters: 0 0 0

#Transform 80
Transform: AffineTransform_float_3_3
Parameters: 0.999974 -0.00563422 -0.00453277 0.00562893 0.999984 -0.00106491 0.00453898 0.00103909 0.999989 -0.249144 0.0957915 2.35141
FixedParameters: 0 0 0

#Transform 81
Transform: AffineTransform_float_3_3
Parameters: 0.999972 -0.00724234 -0.00222746 0.00724456 0.999973 0.000970984 0.00221964 -0.000987011 0.999997 -0.225708 0.0455462 1.71412
FixedParameters: 0 0 0

#Transform 82
Transform: AffineTransform_float_3_3
Parameters: 0.999968 -0.00777603 -0.00199629 0.00778265 0.999965 0.00309995 0.00197197 -0.00311505 0.999993 -0.236389 0.045692 1.53652
FixedParameters: 0 0 0

#Transform 83
Transform: AffineTransform_float_3_3
Parameters: 0.999961 -0.00832878 -0.00269462 0.00833819 0.999958 0.00373778 0.00266393 -0.00376022 0.999989 -0.358728 0.0578588 1.79999
FixedParameters: 0 0 0

#Transform 84
Transform: AffineTransform_float_3_3
Parameters: 0.999967 -0.00800518 0.00152478 0.00799552 0.999951 0.0059239 -0.00157222 -0.0059111 0.999982 -0.126468 0.125993 2.52628
FixedParameters: 0 0 0

#Transform 85
Transform: AffineTransform_float_3_3
Parameters: 0.999964 -0.00628012 -0.00574658 0.00627634 0.99998 -0.00081483 0.0057518 0.000779174 0.999983 -0.188651 0.14746 4.72508
FixedParameters: 0 0 0

#Transform 86
Transform: AffineTransform_float_3_3
Parameters: 0.99996 -0.0088958 -0.000622844 0.00889676 0.99996 0.000781218 0.000615965 -0.000786782 0.999999 -0.0709634 0.308188 3.914
FixedParameters: 0 0 0

#Transform 87
Transform: AffineTransform_float_3_3
Parameters: 0.999873 -0.0115309 0.0110073 0.0117051 0.999806 -0.0158578 -0.010822 0.0159842 0.999814 0.382275 0.318138 2.09865
FixedParameters: 0 0 0

#Transform 88
Transform: AffineTransform_float_3_3
Parameters: 0.999901 -0.0131803 0.00478952 0.0132219 0.999873 -0.0088942 -0.00467203 0.00895681 0.999949 0.202602 0.0592083 2.47793
FixedParameters: 0 0 0

#Transform 89
Transform: AffineTransform_float_3_3
Parameters: 0.999524 -0.0301059 -0.00676536 0.0302666 0.99923 0.0249409 0.00600974 -0.0251331 0.999666 -0.980859 0.30345 2.03884
FixedParameters: 0 0 0

#Transform 90
Transform: AffineTransform_float_3_3
Parameters: 0.999349 -0.0359558 -0.00274544 0.0360161 0.999001 0.0264409 0.00179214 -0.0265231 0.999647 -0.936373 0.397384 1.88641
FixedParameters: 0 0 0

#Transform 91
Transform: AffineTransform_float_3_3
Parameters: 0.999398 -0.034682 -0.000689018 0.0346885 0.999044 0.0265924 -0.000234111 -0.0266006 0.999647 -0.668095 0.39125 1.71468
FixedParameters: 0 0 0

#Transform 92
Transform: AffineTransform_float_3_3
Parameters: 0.999361 -0.0357612 -0.000433352 0.0357611 0.999053 0.0247842 -0.000453523 -0.0247838 0.999693 -0.66939 0.403308 1.73208
FixedParameters: 0 0 0

#Transform 93
Transform: AffineTransform_float_3_3
Parameters: 0.999344 -0.0361106 -0.00255193 0.036172 0.998872 0.0307734 0.00143709 -0.0308456 0.999523 -0.710585 0.548735 1.72288
FixedParameters: 0 0 0

#Transform 94
Transform: AffineTransform_float_3_3
Parameters: 0.999396 -0.0345572 -0.00361563 0.0346593 0.998839 0.0334559 0.00245536 -0.0335611 0.999433 -0.751425 0.375678 1.71769
FixedParameters: 0 0 0

#Transform 95
Transform: AffineTransform_float_3_3
Parameters: 0.999652 -0.0260147 -0.0043755 0.0261278 0.999266 0.0280246 0.00364369 -0.0281294 0.999597 -0.424965 0.679526 1.3102
FixedParameters: 0 0 0

#Transform 96
Transform: AffineTransform_float_3_3
Parameters: 0.999624 -0.0271399 -0.00385588 0.0272463 0.999159 0.030659 0.00301993 -0.030752 0.999522 -0.518801 0.404929 1.50403
FixedParameters: 0 0 0

#Transform 97
Transform: AffineTransform_float_3_3
Parameters: 0.999587 -0.0285639 -0.00307566 0.0286473 0.999085 0.0317426 0.00216609 -0.0318174 0.999491 -0.541168 0.431725 1.47897
FixedParameters: 0 0 0

#Transform 98
Transform: AffineTransform_float_3_3
Parameters: 0.99957 -0.0291786 -0.00281414 0.0292532 0.999085 0.0311939 0.00190057 -0.031263 0.999509 -0.513058 0.521741 1.31528
FixedParameters: 0 0 0

#Transform 99
Transform: AffineTransform_float_3_3
Parameters: 0.999554 -0.0294181 -0.00500222 0.0295597 0.999083 0.0309921 0.00408609 -0.031126 0.999508 -0.59525 0.688647 1.59748
FixedParameters: 0 0 0

#Transform 100
Transform: AffineTransform_float_3_3
Parameters: 0.999604 -0.0279795 -0.00320641 0.0280733 0.999015 0.0343635 0.00224156 -0.0344405 0.999405 -0.760909 0.416914 1.99306
FixedParameters: 0 0 0

#Transform 101
Transform: AffineTransform_float_3_3
Parameters: 0.999885 -0.0148867 -0.00282061 0.0149613 0.999476 0.02869 0.00239209 -0.028729 0.999584 -0.392558 0.449345 0.295771
FixedParameters: 0 0 0

#Transform 102
Transform: AffineTransform_float_3_3
Parameters: 0.999944 -0.0106469 -5.22948e-05 0.0106461 0.999766 0.0188186 -0.000147633 -0.0188184 0.999823 -0.173557 0.269742 1.33914
FixedParameters: 0 0 0

#Transform 103
Transform: AffineTransform_float_3_3
Parameters: 0.999936 -0.00963932 0.00593705 0.00957977 0.999904 0.0100065 -0.00603323 -0.00994947 0.999932 0.107748 0.352206 2.74044
FixedParameters: 0 0 0

#Transform 104
Transform: AffineTransform_float_3_3
Parameters: 0.999848 -0.0173388 0.00215449 0.0173121 0.999779 0.0118991 -0.00235992 -0.0118599 0.999927 -0.0108166 0.272333 2.26284
FixedParameters: 0 0 0

#Transform 105
Transform: AffineTransform_float_3_3
Parameters: 0.99988 -0.0153832 0.00215903 0.0152689 0.998843 0.045588 -0.00285775 -0.0455499 0.998958 -0.0651589 0.57336 2.01977
FixedParameters: 0 0 0

#Transform 106
Transform: AffineTransform_float_3_3
Parameters: 0.999839 -0.0179221 -0.00106606 0.0179523 0.998878 0.0438299 0.000279252 -0.0438421 0.999038 -0.0468684 0.61046 1.9911
FixedParameters: 0 0 0

#Transform 107
Transform: AffineTransform_float_3_3
Parameters: 0.999803 -0.0197822 -0.0017466 0.0198386 0.998919 0.0420462 0.000913111 -0.0420728 0.999114 0.00475143 0.634633 2.01016
FixedParameters: 0 0 0

#Transform 108
Transform: AffineTransform_float_3_3
Parameters: 0.999824 -0.0186431 -0.00182936 0.0187067 0.9988 0.0452763 0.00098291 -0.0453027 0.998973 -0.0448739 0.722941 2.0512
FixedParameters: 0 0 0

#Transform 109
Transform: AffineTransform_float_3_3
Parameters: 0.999932 -0.00894007 -0.00748019 0.00970929 0.993878 0.110054 0.0064509 -0.110118 0.993898 -0.12755 1.6643 0.690295
FixedParameters: 0 0 0

#Transform 110
Transform: AffineTransform_float_3_3
Parameters: 0.999977 -0.00677345 0.000403586 0.00674953 0.999015 0.0438385 -0.000700209 -0.0438354 0.999038 0.215559 0.584169 3.38829
FixedParameters: 0 0 0

#Transform 111
Transform: AffineTransform_float_3_3
Parameters: 0.999966 -0.00763679 -0.00306827 0.00779263 0.998475 0.0546598 0.00264601 -0.0546822 0.9985 0.123188 1.10331 2.7172
FixedParameters: 0 0 0

#Transform 112
Transform: AffineTransform_float_3_3
Parameters: 0.999928 -0.0105284 -0.00571719 0.0108371 0.998316 0.0569994 0.00510767 -0.0570576 0.998358 -0.00123404 1.18043 2.27897
FixedParameters: 0 0 0

#Transform 113
Transform: AffineTransform_float_3_3
Parameters: 0.99993 -0.0103343 -0.00565545 0.010636 0.998367 0.0561332 0.00506636 -0.0561898 0.998407 -0.0180705 1.12955 2.1798
FixedParameters: 0 0 0

#Transform 114
Transform: AffineTransform_float_3_3
Parameters: 0.99993 -0.0113923 -0.00324694 0.0115602 0.998289 0.0573196 0.00258844 -0.0573533 0.99835 0.0816383 1.07807 1.86612
FixedParameters: 0 0 0

#Transform 115
Transform: AffineTransform_float_3_3
Parameters: 0.999964 -0.00835703 -0.00132301 0.00841566 0.998566 0.0528583 0.000879088 -0.0528677 0.998601 -0.0164226 1.05171 1.8429
FixedParameters: 0 0 0

#Transform 116
Transform: AffineTransform_float_3_3
Parameters: 0.99997 -0.00770678 -0.000420603 0.00771799 0.99844 0.0552993 -6.26845e-06 -0.0553006 0.99847 -0.156183 1.10392 1.5723
FixedParameters: 0 0 0

#Transform 117
Transform: AffineTransform_float_3_3
Parameters: 0.99995 -0.00961642 0.00255586 0.00940795 0.997358 0.0720324 -0.00324127 -0.0720046 0.997399 -0.415373 1.40221 0.665932
FixedParameters: 0 0 0

#Transform 118
Transform: AffineTransform_float_3_3
Parameters: 0.99991 -0.0122777 0.00541444 0.0118821 0.997621 0.0679082 -0.00623534 -0.0678377 0.997676 -0.413556 1.12338 0.740113
FixedParameters: 0 0 0

#Transform 119
Transform: AffineTransform_float_3_3
Parameters: 0.999905 -0.0129954 0.00463329 0.0126457 0.997557 0.0686984 -0.00551499 -0.0686336 0.997627 -0.417541 1.20996 0.601204
FixedParameters: 0 0 0

#Transform 120
Transform: AffineTransform_float_3_3
Parameters: 0.99989 -0.0145153 0.00324551 0.0142607 0.997573 0.0681476 -0.00422708 -0.0680935 0.99767 -0.378697 1.07426 0.506551
FixedParameters: 0 0 0

#Transform 121
Transform: AffineTransform_float_3_3
Parameters: 0.999886 -0.0149874 0.00144203 0.0148604 0.997736 0.0655881 -0.00242156 -0.0655589 0.997845 -0.394653 1.08894 0.635415
FixedParameters: 0 0 0

#Transform 122
Transform: AffineTransform_float_3_3
Parameters: 0.999881 -0.0153007 -0.00202946 0.0153942 0.998098 0.0596893 0.00111223 -0.0597137 0.998215 -0.603566 0.936463 0.470759
FixedParameters: 0 0 0

#Transform 123
Transform: AffineTransform_float_3_3
Parameters: 0.999857 -0.0165922 -0.00327081 0.016713 0.999017 0.0410656 0.00258597 -0.0411144 0.999151 -0.573202 0.72989 0.865473
FixedParameters: 0 0 0

#Transform 124
Transform: AffineTransform_float_3_3
Parameters: 0.999667 -0.0221241 0.0132331 0.0217594 0.999396 0.0270667 -0.0138236 -0.0267703 0.999546 -0.104556 0.742181 1.41515
FixedParameters: 0 0 0

#Transform 125
Transform: AffineTransform_float_3_3
Parameters: 0.999897 -0.0142754 -0.000931066 0.0143044 0.99855 0.051885 0.000188276 -0.0518929 0.998652 -0.429877 0.705472 1.49664
FixedParameters: 0 0 0

#Transform 126
Transform: AffineTransform_float_3_3
Parameters: 0.999864 -0.0119879 -0.0113861 0.0129449 0.996033 0.0880316 0.0102858 -0.0881673 0.996052 -0.525994 1.04738 1.00107
FixedParameters: 0 0 0

#Transform 127
Transform: AffineTransform_float_3_3
Parameters: 0.999909 -0.0129758 0.00370027 0.0128809 0.999617 0.0245054 -0.00401638 -0.0244556 0.999693 0.0528681 0.328695 0.776198
FixedParameters: 0 0 0

#Transform 128
Transform: AffineTransform_float_3_3
Parameters: 0.999915 -0.0129134 0.0013265 0.012888 0.999755 0.0180109 -0.00155946 -0.017992 0.999837 0.0335492 0.2974 0.539911
FixedParameters: 0 0 0

#Transform 129
Transform: AffineTransform_float_3_3
Parameters: 0.999839 -0.0178042 0.00197756 0.0177604 0.999638 0.0202032 -0.00233706 -0.0201648 0.999794 0.0384879 0.322822 0.454367
FixedParameters: 0 0 0

#Transform 130
Transform: AffineTransform_float_3_3
Parameters: 0.999775 -0.0208737 0.00363165 0.020769 0.999426 0.0267661 -0.00418902 -0.0266849 0.999635 0.121237 0.523611 0.480303
FixedParameters: 0 0 0

#Transform 131
Transform: AffineTransform_float_3_3
Parameters: 0.999816 -0.0191451 0.00104859 0.0191165 0.999573 0.0221355 -0.00147191 -0.0221115 0.999755 -0.00222299 0.381985 0.321601
FixedParameters: 0 0 0

#Transform 132
Transform: AffineTransform_float_3_3
Parameters: 0.99982 -0.0186565 0.00362141 0.0185852 0.99965 0.0188175 -0.00397153 -0.0187465 0.999816 0.0116876 0.570862 0.0590407
FixedParameters: 0 0 0

#Transform 133
Transform: AffineTransform_float_3_3
Parameters: 0.999732 -0.0230527 -0.00174838 0.0230891 0.999424 0.0248705 0.00117435 -0.0249045 0.99969 -0.152041 0.363369 0.168694
FixedParameters: 0 0 0

#Transform 134
Transform: AffineTransform_float_3_3
Parameters: 0.999743 -0.0225807 -0.00205264 0.0226445 0.99894 0.0400724 0.00114536 -0.0401086 0.999194 -0.0925319 0.889492 -0.438056
FixedParameters: 0 0 0

#Transform 135
Transform: AffineTransform_float_3_3
Parameters: 0.999677 -0.0253968 0.000663959 0.0253506 0.998896 0.0395377 -0.00166741 -0.0395082 0.999218 -0.157541 0.632266 -0.328495
FixedParameters: 0 0 0

#Transform 136
Transform: AffineTransform_float_3_3
Parameters: 0.999626 -0.0272555 0.00189906 0.0271588 0.99884 0.0397676 -0.00298145 -0.0397004 0.999207 -0.164271 0.680827 -0.284704
FixedParameters: 0 0 0

#Transform 137
Transform: AffineTransform_float_3_3
Parameters: 0.999561 -0.0295929 0.000974968 0.0295319 0.998805 0.038929 -0.00212577 -0.038883 0.999242 -0.190224 0.64499 -0.248497
FixedParameters: 0 0 0

#Transform 138
Transform: AffineTransform_float_3_3
Parameters: 0.999538 -0.0303111 0.00188253 0.0302193 0.998842 0.037436 -0.00301534 -0.037362 0.999297 -0.185169 0.717975 -0.302801
FixedParameters: 0 0 0

#Transform 139
Transform: AffineTransform_float_3_3
Parameters: 0.999445 -0.0332555 -0.00220153 0.0333188 0.998576 0.0416625 0.00081243 -0.0417124 0.999129 -0.356707 0.787027 -0.390336
FixedParameters: 0 0 0

#Transform 140
Transform: AffineTransform_float_3_3
Parameters: 0.999359 -0.035464 -0.00478239 0.0356652 0.997999 0.0522243 0.0029203 -0.0523617 0.998624 -0.564746 1.08378 -0.532616
FixedParameters: 0 0 0

#Transform 141
Transform: AffineTransform_float_3_3
Parameters: 0.999313 -0.0368395 -0.00402581 0.037002 0.997899 0.0531752 0.00205864 -0.0532877 0.998577 -0.483961 0.885856 -0.60192
FixedParameters: 0 0 0

#Transform 142
Transform: AffineTransform_float_3_3
Parameters: 0.999758 -0.0212516 -0.00578876 0.0215151 0.998523 0.049901 0.00471951 -0.0500129 0.998737 -0.460545 0.871264 -0.353375
FixedParameters: 0 0 0

#Transform 143
Transform: AffineTransform_float_3_3
Parameters: 0.999954 -0.00871961 -0.00385111 0.00889403 0.998816 0.0478191 0.00342938 -0.0478508 0.998848 -0.402003 0.817695 -0.0495842
FixedParameters: 0 0 0

#Transform 144
Transform: AffineTransform_float_3_3
Parameters: 0.999892 -0.0138961 -0.00493084 0.0141125 0.998801 0.0468737 0.00427368 -0.0469382 0.998889 -0.521599 0.838249 -0.115867
FixedParameters: 0 0 0

#Transform 145
Transform: AffineTransform_float_3_3
Parameters: 0.999889 -0.0140568 -0.0050533 0.0142797 0.998789 0.0470802 0.00438588 -0.0471469 0.998879 -0.540524 0.856322 -0.202525
FixedParameters: 0 0 0

#Transform 146
Transform: AffineTransform_float_3_3
Parameters: 0.999893 -0.013949 -0.0045413 0.0141452 0.998815 0.0465816 0.00388577 -0.0466405 0.998904 -0.48495 0.855176 -0.231781
FixedParameters: 0 0 0

#Transform 147
Transform: AffineTransform_float_3_3
Parameters: 0.999904 -0.0128093 -0.00515448 0.0130323 0.998861 0.0459046 0.00456063 -0.0459674 0.998933 -0.447157 1.10434 -0.10201
FixedParameters: 0 0 0

#Transform 148
Transform: AffineTransform_float_3_3
Parameters: 0.999942 -0.0106058 -0.00220453 0.0107031 0.998659 0.0506382 0.00166455 -0.0506587 0.998714 -0.15589 1.15651 0.523141
FixedParameters: 0 0 0

#Transform 149
Transform: AffineTransform_float_3_3
Parameters: 0.999956 -0.00914165 -0.00175249 0.00920624 0.999112 0.0411062 0.0013754 -0.0411208 0.999153 -0.0400526 0.963559 1.37239
FixedParameters: 0 0 0

#Transform 150
Transform: AffineTransform_float_3_3
Parameters: 0.999958 -0.00814281 -0.00424478 0.00830511 0.999168 0.0399235 0.00391656 -0.0399575 0.999193 -0.110961 0.997681 1.65185
FixedParameters: 0 0 0

#Transform 151
Transform: AffineTransform_float_3_3
Parameters: 0.999953 -0.00963257 0.000985433 0.00956056 0.998318 0.0571726 -0.00153426 -0.0571604 0.998363 0.123028 1.39114 0.781629
FixedParameters: 0 0 0

#Transform 152
Transform: AffineTransform_float_3_3
Parameters: 0.999485 -0.00511133 -0.0316629 0.00615364 0.99944 0.0329091 0.0314768 -0.033087 0.998957 -0.570104 0.713492 1.9877
FixedParameters: 0 0 0

#Transform 153
Transform: AffineTransform_float_3_3
Parameters: 0.998997 -0.000281223 -0.0447904 0.00188155 0.999361 0.0356907 0.0447511 -0.0357394 0.998359 -0.690467 0.810821 2.2872
FixedParameters: 0 0 0

#Transform 154
Transform: AffineTransform_float_3_3
Parameters: 0.999238 -0.00238769 -0.038963 0.00388376 0.999255 0.038389 0.0388423 -0.038511 0.998503 -0.646191 0.873913 2.35333
FixedParameters: 0 0 0

#Transform 155
Transform: AffineTransform_float_3_3
Parameters: 0.999331 -0.00380559 -0.0363708 0.00524922 0.999198 0.0396961 0.0361912 -0.0398609 0.998549 -0.627256 0.983356 2.15446
FixedParameters: 0 0 0

#Transform 156
Transform: AffineTransform_float_3_3
Parameters: 0.99933 -0.00504921 -0.0362462 0.00648609 0.999192 0.0396512 0.0360167 -0.0398598 0.998556 -0.656404 0.993172 2.0271
FixedParameters: 0 0 0

#Transform 157
Transform: AffineTransform_float_3_3
Parameters: 0.999392 -0.00966225 -0.033482 0.0111549 0.998939 0.0446671 0.0330149 -0.0450138 0.99844 -0.490929 1.13445 1.78874
FixedParameters: 0 0 0

#Transform 158
Transform: AffineTransform_float_3_3
Parameters: 0.999586 -0.0227208 -0.0176114 0.0236615 0.998193 0.0552294 0.0163247 -0.0556235 0.998318 0.0497312 1.37412 1.23216
FixedParameters: 0 0 0

#Transform 159
Transform: AffineTransform_float_3_3
Parameters: 0.999388 -0.0262551 -0.0231406 0.0278343 0.997102 0.0708004 0.0212143 -0.0714017 0.997222 -0.0875117 1.52982 0.740923
FixedParameters: 0 0 0

#Transform 160
Transform: AffineTransform_float_3_3
Parameters: 0.999308 -0.0274972 -0.0250464 0.0292479 0.996944 0.0724332 0.0229786 -0.0731159 0.997059 -0.173694 1.498 0.619467
FixedParameters: 0 0 0

#Transform 161
Transform: AffineTransform_float_3_3
Parameters: 0.999398 -0.0261697 -0.022782 0.0275896 0.997544 0.064384 0.0210416 -0.0649741 0.997666 -0.157791 1.41694 0.765468
FixedParameters: 0 0 0

#Transform 162
Transform: AffineTransform_float_3_3
Parameters: 0.99939 -0.0260384 -0.0233 0.027448 0.997675 0.0623867 0.0216213 -0.0629884 0.99778 -0.19502 1.33524 0.687262
FixedParameters: 0 0 0

#Transform 163
Transform: AffineTransform_float_3_3
Parameters: 0.999381 -0.0264639 -0.023151 0.0278722 0.997639 0.0627546 0.0214357 -0.0633613 0.99776 -0.208768 1.34825 0.663479
FixedParameters: 0 0 0

#Transform 164
Transform: AffineTransform_float_3_3
Parameters: 0.999389 -0.0264843 -0.0228405 0.0278785 0.997622 0.0630406 0.0211164 -0.0636384 0.997749 -0.213414 1.36784 0.606337
FixedParameters: 0 0 0

#Transform 165
Transform: AffineTransform_float_3_3
Parameters: 0.999431 -0.0255427 -0.0220555 0.0268422 0.99779 0.0607752 0.0204536 -0.0613317 0.997907 -0.241024 1.34504 0.635113
FixedParameters: 0 0 0

#Transform 166
Transform: AffineTransform_float_3_3
Parameters: 0.999479 -0.0236513 -0.0219637 0.0249717 0.997767 0.0619442 0.0204501 -0.0624599 0.997838 -0.253376 1.38603 0.299628
FixedParameters: 0 0 0

#Transform 167
Transform: AffineTransform_float_3_3
Parameters: 0.999498 -0.0235121 -0.0212354 0.0247162 0.997991 0.058338 0.0198211 -0.0588339 0.998071 -0.266438 1.21758 0.329472
FixedParameters: 0 0 0

#Transform 168
Transform: AffineTransform_float_3_3
Parameters: 0.99952 -0.0235854 -0.0201145 0.0246671 0.998161 0.0553694 0.0187715 -0.0558386 0.998263 -0.25749 1.1569 0.309625
FixedParameters: 0 0 0

#Transform 169
Transform: AffineTransform_float_3_3
Parameters: 0.99955 -0.0225613 -0.0197561 0.0235687 0.998352 0.0523061 0.0185426 -0.0527478 0.998436 -0.260347 1.12715 0.350869
FixedParameters: 0 0 0

#Transform 170
Transform: AffineTransform_float_3_3
Parameters: 0.999561 -0.0222631 -0.0195161 0.02326 0.998352 0.0524614 0.0183155 -0.0528916 0.998432 -0.225093 1.1519 0.257824
FixedParameters: 0 0 0

#Transform 171
Transform: AffineTransform_float_3_3
Parameters: 0.99962 -0.0219576 -0.0166267 0.0228138 0.998325 0.0531789 0.0154313 -0.0535381 0.998446 -0.219237 1.19781 0.0857088
FixedParameters: 0 0 0

#Transform 172
Transform: AffineTransform_float_3_3
Parameters: 0.999609 -0.0223512 -0.0168378 0.0232044 0.998361 0.0523203 0.0156412 -0.0526907 0.998488 -0.23768 1.06066 0.103399
FixedParameters: 0 0 0

#Transform 173
Transform: AffineTransform_float_3_3
Parameters: 0.999591 -0.0228854 -0.0171548 0.0237323 0.99842 0.0509196 0.0159625 -0.0513063 0.998555 -0.241463 1.07383 0.197323
FixedParameters: 0 0 0

#Transform 174
Transform: AffineTransform_float_3_3
Parameters: 0.999586 -0.022253 -0.0182488 0.0231619 0.998421 0.0511922 0.0170805 -0.0515938 0.998522 -0.26912 1.05633 0.126019
FixedParameters: 0 0 0

#Transform 175
Transform: AffineTransform_float_3_3
Parameters: 0.999618 -0.0220628 -0.0166584 0.0228722 0.998485 0.0500481 0.0155291 -0.0504099 0.998607 -0.229562 1.02595 0.0370968
FixedParameters: 0 0 0

#Transform 176
Transform: AffineTransform_float_3_3
Parameters: 0.999625 -0.0222285 -0.0159997 0.0230025 0.99849 0.0498957 0.0148667 -0.0502444 0.998627 -0.228748 1.02819 0.0100482
FixedParameters: 0 0 0

#Transform 177
Transform: AffineTransform_float_3_3
Parameters: 0.999677 -0.0204083 -0.0151079 0.0211444 0.998511 0.0502875 0.014059 -0.0505905 0.99862 -0.165754 1.01265 -0.170963
FixedParameters: 0 0 0

#Transform 178
Transform: AffineTransform_float_3_3
Parameters: 0.9997 -0.0198981 -0.0142912 0.0206127 0.998447 0.051762 0.0132397 -0.052042 0.998557 -0.140625 1.0392 -0.0309785
FixedParameters: 0 0 0

#Transform 179
Transform: AffineTransform_float_3_3
Parameters: 0.999693 -0.0200408 -0.0145361 0.0207697 0.99844 0.0518383 0.0134747 -0.0521237 0.99855 -0.133935 0.937256 -0.0970348
FixedParameters: 0 0 0

#Transform 180
Transform: AffineTransform_float_3_3
Parameters: 0.999679 -0.0207789 -0.0144908 0.0214859 0.998494 0.0504673 0.0134207 -0.0507627 0.998621 -0.147095 0.956189 -0.0300637
FixedParameters: 0 0 0

#Transform 181
Transform: AffineTransform_float_3_3
Parameters: 0.999678 -0.0202155 -0.0153318 0.020955 0.998544 0.0496975 0.0143057 -0.0500034 0.998646 -0.179103 0.955514 0.0729644
FixedParameters: 0 0 0

#Transform 182
Transform: AffineTransform_float_3_3
Parameters: 0.999682 -0.019965 -0.0153962 0.0207013 0.998572 0.0492467 0.0143911 -0.0495493 0.998668 -0.174627 0.946489 0.1229
FixedParameters: 0 0 0

#Transform 183
Transform: AffineTransform_float_3_3
Parameters: 0.999684 -0.020521 -0.0145104 0.0212281 0.9985 0.050449 0.0134534 -0.0507419 0.998621 -0.192658 1.02186 0.186175
FixedParameters: 0 0 0

#Transform 184
Transform: AffineTransform_float_3_3
Parameters: 0.999701 -0.0199481 -0.0141021 0.0206601 0.998421 0.0522438 0.0130374 -0.0525192 0.998534 -0.1991 1.09233 0.0312248
FixedParameters: 0 0 0

#Transform 185
Transform: AffineTransform_float_3_3
Parameters: 0.999695 -0.0202333 -0.014152 0.0209257 0.998496 0.0506884 0.0131051 -0.0509687 0.998614 -0.197782 0.984358 0.194169
FixedParameters: 0 0 0

#Transform 186
Transform: AffineTransform_float_3_3
Parameters: 0.999704 -0.0202079 -0.0135378 0.0208565 0.99855 0.0496352 0.0125147 -0.0499028 0.998676 -0.205832 1.011 0.166402
FixedParameters: 0 0 0

#Transform 187
Transform: AffineTransform_float_3_3
Parameters: 0.999719 -0.0195629 -0.0133904 0.0201824 0.998653 0.0478015 0.0124375 -0.0480575 0.998768 -0.238991 0.962048 0.146319
FixedParameters: 0 0 0

#Transform 188
Transform: AffineTransform_float_3_3
Parameters: 0.999718 -0.0197531 -0.013143 0.0203392 0.998728 0.0461299 0.012215 -0.046384 0.998849 -0.219574 0.907131 0.215467
FixedParameters: 0 0 0

#Transform 189
Transform: AffineTransform_float_3_3
Parameters: 0.999727 -0.0193744 -0.0130084 0.0199597 0.998719 0.046504 0.0120916 -0.04675 0.998833 -0.228057 0.914004 0.232303
FixedParameters: 0 0 0

#Transform 190
Transform: AffineTransform_float_3_3
Parameters: 0.999724 -0.0197282 -0.0127024 0.0202892 0.998749 0.0457004 0.0117846 -0.0459457 0.998875 -0.244391 0.919803 0.290544
FixedParameters: 0 0 0

#Transform 191
Transform: AffineTransform_float_3_3
Parameters: 0.999732 -0.0191643 -0.0129936 0.0197332 0.998782 0.0452063 0.0121112 -0.0454507 0.998894 -0.258854 0.890864 0.368289
FixedParameters: 0 0 0

#Transform 192
Transform: AffineTransform_float_3_3
