#Insight Transform File V1.0
#Transform 0
Transform: AffineTransform_float_3_3
Parameters: 0.999999 8.16437e-05 0.000840051 -8.11279e-05 0.999999 -0.000885843 -0.000839964 0.000886157 0.999999 -0.0507836 0.0806161 0.165119
FixedParameters: 0 0 0

#Transform 1
Transform: AffineTransform_float_3_3
Parameters: 1 -5.99992e-05 -0.000250926 5.95826e-05 0.999999 -0.000830014 0.000251026 0.000829984 0.999999 -0.00556568 0.0940942 0.19174
FixedParameters: 0 0 0

#Transform 2
Transform: AffineTransform_float_3_3
Parameters: 0.999999 0.000572342 0.000707707 -0.000573532 0.999996 0.00274154 -0.000706234 -0.00274146 0.999996 -0.0455361 -0.099975 0.134224
FixedParameters: 0 0 0

#Transform 3
Transform: AffineTransform_float_3_3
Parameters: 0.999999 0.000183342 0.000765346 -0.000182401 0.999999 -0.00125014 -0.000765571 0.00124986 0.999999 -0.00901267 0.022206 0.156853
FixedParameters: 0 0 0

#Transform 4
Transform: AffineTransform_float_3_3
Parameters: 0.999999 0.00018147 0.000757568 -0.000180566 0.999999 -0.00123814 -0.000757785 0.00123786 0.999999 -0.0510592 -0.0625683 0.1039
FixedParameters: 0 0 0

#Transform 5
Transform: AffineTransform_float_3_3
Parameters: 1 0.000366919 0.00017798 -0.000366718 0.999997 -0.00264107 -0.000178713 0.00264094 0.999997 -0.0216886 0.0622287 0.448655
FixedParameters: 0 0 0

#Transform 6
Transform: AffineTransform_float_3_3
Parameters: 0.999999 0.000224945 0.000943556 -0.000224645 1 -0.000159212 -0.000943627 0.000158788 0.999999 -0.0264126 -0.0324236 0.124719
FixedParameters: 0 0 0

#Transform 7
Transform: AffineTransform_float_3_3
Parameters: 1 0.000212941 0.000477565 -0.000212069 0.999999 -0.000911876 -0.000477953 0.000912124 1 0.0127808 0.0370014 0.225468
FixedParameters: 0 0 0

#Transform 8
Transform: AffineTransform_float_3_3
Parameters: 1 0.000118508 0.000500152 -0.000118756 0.999999 0.00121994 -0.000500094 -0.00122006 0.999999 0.0484302 -0.0482929 -0.121383
FixedParameters: 0 0 0

#Transform 9
Transform: AffineTransform_float_3_3
Parameters: 0.999999 -0.000378498 0.000916823 0.000382828 0.999986 -0.00539965 -0.000914471 0.00540035 0.999985 -0.00652212 -0.0357914 0.0883661
FixedParameters: 0 0 0

#Transform 10
Transform: AffineTransform_float_3_3
Parameters: 1 -0.000384541 0.000303608 0.000385981 0.999996 -0.00275688 -0.000302457 0.00275712 0.999996 0.0116007 0.0147753 0.0450253
FixedParameters: 0 0 0

#Transform 11
Transform: AffineTransform_float_3_3
Parameters: 1 -0.000602686 0.000825745 0.000603656 0.999997 -0.0020465 -0.000824757 0.0020475 0.999997 -0.0339692 -0.0645233 -0.0327917
FixedParameters: 0 0 0

#Transform 12
Transform: AffineTransform_float_3_3
Parameters: 1 -0.000322278 0.000441975 0.000323505 0.999996 -0.00301386 -0.000441742 0.00301415 0.999996 0.0125256 0.0743103 0.252402
FixedParameters: 0 0 0

#Transform 13
Transform: AffineTransform_float_3_3
Parameters: 1 -0.00047272 0.000477381 0.000473881 0.999999 -0.00145977 -0.000476972 0.00146023 0.999999 0.0143108 0.0751465 0.186151
FixedParameters: 0 0 0

#Transform 14
Transform: AffineTransform_float_3_3
Parameters: 1 -0.000393379 0.000147804 0.000393583 0.999999 -0.00147594 -0.000147615 0.00147606 0.999999 0.00693403 0.0765652 0.193638
FixedParameters: 0 0 0

#Transform 15
Transform: AffineTransform_float_3_3
Parameters: 1 -0.000435815 -2.9225e-05 0.000435733 0.999999 -0.00137001 3.0419e-05 0.00136999 0.999999 0.00591248 0.0855549 0.207582
FixedParameters: 0 0 0

#Transform 16
Transform: AffineTransform_float_3_3
Parameters: 1 -0.000304877 2.36279e-05 0.000304697 1 -0.00109299 -2.39344e-05 0.00109301 1 0.0069213 0.101235 0.199318
FixedParameters: 0 0 0

#Transform 17
Transform: AffineTransform_float_3_3
Parameters: 1 0.000159343 -0.000133622 -0.000159425 1 -0.000306979 0.000133524 0.000307021 1 -0.00416221 0.0789947 0.146926
FixedParameters: 0 0 0

#Transform 18
Transform: AffineTransform_float_3_3
Parameters: 1 -0.00045925 -0.000127826 0.000459112 1 -0.000536059 0.000128318 0.000535941 1 -0.00232834 0.0787539 0.19668
FixedParameters: 0 0 0

#Transform 19
Transform: AffineTransform_float_3_3
Parameters: 1 0.00012412 0.000348738 -0.000124269 1 0.000212957 -0.000348685 -0.000213043 1 0.00555442 0.0346293 -0.0184632
FixedParameters: 0 0 0

#Transform 20
Transform: AffineTransform_float_3_3
Parameters: 1 0.000126594 0.000445806 -0.000125943 1 0.000360944 -0.000445946 -0.000361056 1 0.00386823 -0.0292414 -0.0315069
FixedParameters: 0 0 0

#Transform 21
Transform: AffineTransform_float_3_3
Parameters: 1 -0.000526837 -0.000412142 0.000526866 1 3.57291e-05 0.000412104 -3.52708e-05 1 0.000802639 0.0685179 0.326761
FixedParameters: 0 0 0

#Transform 22
Transform: AffineTransform_float_3_3
Parameters: 1 -0.000462878 -0.000145385 0.000463596 0.999998 0.00167493 0.000144806 -0.00167507 0.999998 -0.0298552 0.0510798 0.115554
FixedParameters: 0 0 0

#Transform 23
Transform: AffineTransform_float_3_3
Parameters: 1 -0.000508039 -0.000334716 0.000508585 0.999999 0.000816776 0.000333886 -0.000816223 0.999999 -0.0209498 0.106624 0.337059
FixedParameters: 0 0 0

#Transform 24
Transform: AffineTransform_float_3_3
Parameters: 0.999999 -0.00056021 -0.000552216 0.000560236 1 2.36906e-05 0.000552189 -2.43093e-05 1 -0.0192085 0.123937 0.305746
FixedParameters: 0 0 0

#Transform 25
Transform: AffineTransform_float_3_3
Parameters: 0.999999 -0.000561798 -0.000560265 0.000562357 1 0.000499631 0.000559704 -0.000499368 0.999999 -0.0246955 0.122866 0.264951
FixedParameters: 0 0 0

#Transform 26
Transform: AffineTransform_float_3_3
Parameters: 1 -0.000169277 -0.000340061 0.000169534 1 0.000377942 0.000339933 -0.000378057 1 -0.0275386 0.0817151 0.209253
FixedParameters: 0 0 0

#Transform 27
Transform: AffineTransform_float_3_3
Parameters: 1 -0.000391737 -0.000303742 0.000391266 0.999999 0.000826107 0.000303327 -0.000825894 1 -0.0194003 0.0801223 0.219415
FixedParameters: 0 0 0

#Transform 28
Transform: AffineTransform_float_3_3
Parameters: 1 -0.000306303 -0.00018226 0.000305966 1 0.00110695 0.000182787 -0.00110706 1 -0.0202434 0.0659205 0.153859
FixedParameters: 0 0 0

#Transform 29
Transform: AffineTransform_float_3_3
Parameters: 1 -0.000484979 -0.000238789 0.00048599 0.999998 0.00163488 0.000238174 -0.00163511 0.999998 -0.0379052 0.0689415 0.321608
FixedParameters: 0 0 0

#Transform 30
Transform: AffineTransform_float_3_3
Parameters: 1 -0.000484859 -0.000237591 0.000485414 0.999999 0.00116989 0.000236455 -0.00117012 1 -0.0379581 0.092317 0.283444
FixedParameters: 0 0 0

#Transform 31
Transform: AffineTransform_float_3_3
Parameters: 1 -0.000462925 -0.000145235 0.000463549 0.999999 0.00135088 0.000144957 -0.00135012 0.999999 -0.0265448 0.136627 0.385017
FixedParameters: 0 0 0

#Transform 32
Transform: AffineTransform_float_3_3
Parameters: 1 -0.000457407 -0.000121835 0.00045771 0.999999 0.00125094 0.00012069 -0.00125106 0.999999 -0.0264944 0.120114 0.356013
FixedParameters: 0 0 0

#Transform 33
Transform: AffineTransform_float_3_3
Parameters: 0.999999 -0.000757087 -0.0003323 0.000756825 0.999999 0.00107175 0.000330909 -0.00107225 1 -0.0221375 0.106921 0.320575
FixedParameters: 0 0 0

#Transform 34
Transform: AffineTransform_float_3_3
Parameters: 0.999999 -0.000567827 -0.000587937 0.000568331 0.999999 0.00125667 0.00058674 -0.00125733 0.999999 -0.0163552 0.13363 0.415689
FixedParameters: 0 0 0

#Transform 35
Transform: AffineTransform_float_3_3
Parameters: 1 -0.0010314 0.000431635 0.00103019 0.999998 0.00194122 -0.000433691 -0.00194078 0.999998 -0.0392608 0.111007 0.297928
FixedParameters: 0 0 0

#Transform 36
Transform: AffineTransform_float_3_3
Parameters: 1 -0.000545981 -9.30601e-05 0.000546596 0.999997 0.00207295 9.1768e-05 -0.00207305 0.999998 -0.0255442 0.117094 0.255257
FixedParameters: 0 0 0

#Transform 37
Transform: AffineTransform_float_3_3
Parameters: 1 -0.000563191 -0.00038396 0.000564161 0.999998 0.00223179 0.000382649 -0.00223222 0.999998 -0.0206148 0.148947 0.299223
FixedParameters: 0 0 0

#Transform 38
Transform: AffineTransform_float_3_3
Parameters: 0.999999 -0.000733789 -0.000535662 0.000735102 0.999998 0.00192055 0.000534046 -0.00192045 0.999998 -0.0195889 0.114467 0.300417
FixedParameters: 0 0 0

#Transform 39
Transform: AffineTransform_float_3_3
Parameters: 0.999999 -0.000606774 -0.000583973 0.000607578 0.999998 0.00152364 0.000582354 -0.00152435 0.999998 -0.019587 0.11335 0.263165
FixedParameters: 0 0 0

#Transform 40
Transform: AffineTransform_float_3_3
Parameters: 1 -0.000546984 -0.00033083 0.000547833 0.999999 0.00128577 0.000329423 -0.00128523 0.999999 -0.0133911 0.0771399 0.113097
FixedParameters: 0 0 0

#Transform 41
Transform: AffineTransform_float_3_3
Parameters: 0.999999 -0.000680056 -0.000711364 0.000678908 0.999999 -0.000806311 0.00071246 0.000806688 1 -0.0106009 0.129839 0.356637
FixedParameters: 0 0 0

#Transform 42
Transform: AffineTransform_float_3_3
Parameters: 1 -0.000735478 -0.000698128 0.000735356 0.999999 -0.000783342 0.000699048 0.000783658 1 -0.0122923 0.164724 0.339223
FixedParameters: 0 0 0

#Transform 43
Transform: AffineTransform_float_3_3
Parameters: 1 -0.000621184 -0.000211317 0.000620819 0.999999 -0.000860131 0.000212385 0.000859867 0.999999 -0.00843692 0.184212 0.292762
FixedParameters: 0 0 0

#Transform 44
Transform: AffineTransform_float_3_3
Parameters: 1 -0.000469032 -0.000111504 0.000468366 0.999998 -0.00194005 0.00011235 0.00193995 0.999998 -0.00316196 0.233612 0.381212
FixedParameters: 0 0 0

#Transform 45
Transform: AffineTransform_float_3_3
Parameters: 0.999999 -0.000756921 -0.000547188 0.000755332 0.999997 -0.00212519 0.000549197 0.00212481 0.999998 -0.00947961 0.244184 0.415405
FixedParameters: 0 0 0

#Transform 46
Transform: AffineTransform_float_3_3
Parameters: 0.999999 0.000394848 -0.000862744 -0.000396094 0.999999 -0.00128666 0.000861495 0.00128734 0.999999 -0.0129715 0.226722 0.394125
FixedParameters: 0 0 0

#Transform 47
Transform: AffineTransform_float_3_3
Parameters: 1 0.000375168 -0.000943596 -0.000377073 0.999998 -0.00164742 0.000943098 0.00164858 0.999998 -0.0222163 0.227684 0.382382
FixedParameters: 0 0 0

#Transform 48
Transform: AffineTransform_float_3_3
Parameters: 1 0.000361203 -0.00100193 -0.00036346 0.999999 -0.00161264 0.00100053 0.00161336 0.999998 -0.0134511 0.219669 0.350421
FixedParameters: 0 0 0

#Transform 49
Transform: AffineTransform_float_3_3
Parameters: 1 -7.68874e-05 -0.000562538 7.60367e-05 0.999999 -0.000756042 0.000562654 0.000755956 0.999999 -0.0245365 0.151545 0.255191
FixedParameters: 0 0 0

#Transform 50
Transform: AffineTransform_float_3_3
Parameters: 0.999999 9.01413e-05 -0.000779362 -9.04118e-05 1 -0.000945931 0.000779932 0.000946071 0.999999 -0.00241342 0.215815 0.398651
FixedParameters: 0 0 0

#Transform 51
Transform: AffineTransform_float_3_3
Parameters: 1 -1.70245e-05 -0.000311601 1.63178e-05 1 -0.00113401 0.000311639 0.001134 1 -0.00611386 0.260058 0.568293
FixedParameters: 0 0 0

#Transform 52
Transform: AffineTransform_float_3_3
Parameters: 1 -0.000407145 -3.77649e-05 0.000406734 0.999997 -0.00234602 3.87015e-05 0.00234599 0.999997 -0.0411582 0.22455 0.497889
FixedParameters: 0 0 0

#Transform 53
Transform: AffineTransform_float_3_3
Parameters: 1 -1.57219e-05 -0.000305761 1.48394e-05 0.999999 -0.001443 0.000305805 0.001443 0.999999 -0.0165422 0.200761 0.390175
FixedParameters: 0 0 0

#Transform 54
Transform: AffineTransform_float_3_3
Parameters: 1 5.59198e-06 -0.0002163 -6.48827e-06 0.999998 -0.002072 0.000216275 0.002072 0.999998 -0.0137042 0.210351 0.469984
FixedParameters: 0 0 0

#Transform 55
Transform: AffineTransform_float_3_3
Parameters: 1 0.000366378 0.000323987 -0.000364978 0.999994 -0.00329812 -0.000325194 0.00329788 0.999994 -0.045596 0.212091 0.750406
FixedParameters: 0 0 0

#Transform 56
Transform: AffineTransform_float_3_3
Parameters: 1 0.00101553 0.00025767 -0.00101368 0.999978 -0.00647426 -0.000264275 0.00647373 0.999979 -0.0138407 0.295484 0.769882
FixedParameters: 0 0 0

#Transform 57
Transform: AffineTransform_float_3_3
Parameters: 0.999999 0.000974404 0.000761935 -0.000969137 0.999978 -0.00649952 -0.000768312 0.00649848 0.999979 -0.0197461 0.256492 0.921462
FixedParameters: 0 0 0

#Transform 58
Transform: AffineTransform_float_3_3
Parameters: 0.999999 0.000503408 0.000777965 -0.000499947 0.999987 -0.00504639 -0.000779924 0.00504561 0.999987 -0.0304028 0.191793 0.662817
FixedParameters: 0 0 0

#Transform 59
Transform: AffineTransform_float_3_3
Parameters: 0.999999 -0.0001518 0.000835146 0.000154646 0.999993 -0.00359159 -0.000834323 0.00359141 0.999994 -0.0794785 0.173751 0.619222
FixedParameters: 0 0 0

#Transform 60
Transform: AffineTransform_float_3_3
Parameters: 0.999999 2.41419e-05 0.00155728 -1.76834e-05 0.99999 -0.00433458 -0.00155681 0.00433542 0.99999 -0.0992295 0.109269 0.657902
FixedParameters: 0 0 0

#Transform 61
Transform: AffineTransform_float_3_3
Parameters: 0.999998 0.000116688 0.00189725 -0.000101676 0.999968 -0.0079237 -0.00189745 0.00792329 0.999967 -0.102087 0.233165 1.16848
FixedParameters: 0 0 0

#Transform 62
Transform: AffineTransform_float_3_3
Parameters: 1 0.000639835 0.00101118 -0.000634344 0.999986 -0.0053627 -0.00101468 0.0053623 0.999985 -0.0671912 0.167929 0.810002
FixedParameters: 0 0 0

#Transform 63
Transform: AffineTransform_float_3_3
Parameters: 0.999999 0.000893282 0.000311835 -0.000891483 0.999994 -0.00331528 -0.000314601 0.00331472 0.999995 -0.0489702 0.0944144 0.559371
FixedParameters: 0 0 0

#Transform 64
Transform: AffineTransform_float_3_3
Parameters: 1 0.00113031 0.000345111 -0.00112911 0.999991 -0.00426067 -0.000349178 0.00426033 0.999991 -0.0907889 0.108378 0.579877
FixedParameters: 0 0 0

#Transform 65
Transform: AffineTransform_float_3_3
Parameters: 1 0.000814726 0.000576589 -0.000810851 0.999978 -0.00654747 -0.000581209 0.00654653 0.999979 -0.0531972 0.106736 0.409766
FixedParameters: 0 0 0

#Transform 66
Transform: AffineTransform_float_3_3
Parameters: 0.999999 0.000846127 0.000126593 -0.000845202 0.999963 -0.00853733 -0.000133528 0.00853666 0.999963 -0.0447143 0.159898 0.815838
FixedParameters: 0 0 0

#Transform 67
Transform: AffineTransform_float_3_3
Parameters: 0.999999 0.000743748 -0.000162615 -0.000745161 0.999947 -0.0102819 0.000155088 0.0102821 0.999947 -0.0453998 0.127415 0.725884
FixedParameters: 0 0 0

#Transform 68
Transform: AffineTransform_float_3_3
Parameters: 1 0.00101322 0.000470827 -0.00101104 0.999993 -0.00363253 -0.000474799 0.00363247 0.999993 -0.147591 0.0471002 0.674259
FixedParameters: 0 0 0

#Transform 69
Transform: AffineTransform_float_3_3
Parameters: 1 0.00108158 2.78148e-05 -0.00108176 0.999982 -0.00601826 -3.45338e-05 0.00601774 0.999982 -0.0327016 0.179554 0.700622
FixedParameters: 0 0 0

#Transform 70
Transform: AffineTransform_float_3_3
Parameters: 0.999999 0.000915475 -0.000221983 -0.000917003 0.999973 -0.0071978 0.000215602 0.0071982 0.999974 -0.0489746 0.111074 0.513528
FixedParameters: 0 0 0

#Transform 71
Transform: AffineTransform_float_3_3
Parameters: 1 0.00111902 0.000160845 -0.0011175 0.999969 -0.00781524 -0.000169847 0.00781576 0.99997 -0.0497815 0.0903533 0.326596
FixedParameters: 0 0 0

#Transform 72
Transform: AffineTransform_float_3_3
Parameters: 0.999999 -0.000761129 0.00120639 0.00076725 0.999987 -0.00504102 -0.00120239 0.00504197 0.999986 -0.182255 0.0668522 0.368834
FixedParameters: 0 0 0

#Transform 73
Transform: AffineTransform_float_3_3
Parameters: 0.999998 0.00154525 0.00113488 -0.001535 0.999952 -0.00965864 -0.00114948 0.00965736 0.999953 -0.120357 0.130031 0.40025
FixedParameters: 0 0 0

#Transform 74
Transform: AffineTransform_float_3_3
Parameters: 0.999999 0.00125244 0.00093467 -0.00124166 0.999943 -0.010574 -0.000947561 0.010573 0.999944 -0.0662818 0.0699625 0.420929
FixedParameters: 0 0 0

#Transform 75
Transform: AffineTransform_float_3_3
Parameters: 1 0.00012161 0.00106227 -0.000109229 0.999934 -0.0114268 -0.0010631 0.0114262 0.999934 -0.0549644 0.0174616 0.416487
FixedParameters: 0 0 0

#Transform 76
Transform: AffineTransform_float_3_3
Parameters: 0.999999 0.000192462 0.00147112 -0.000176983 0.999946 -0.01037 -0.00147342 0.010369 0.999945 -0.0925344 -0.0418772 0.405019
FixedParameters: 0 0 0

#Transform 77
Transform: AffineTransform_float_3_3
Parameters: 1 0.000293561 0.00118519 -0.000282845 0.99996 -0.00893112 -0.00118681 0.00893089 0.99996 0.00303926 -0.00105499 0.587121
FixedParameters: 0 0 0

#Transform 78
Transform: AffineTransform_float_3_3
Parameters: 0.999997 -0.000142624 0.00238457 0.000167913 0.999941 -0.0107929 -0.0023832 0.0107941 0.999939 -0.0227606 0.0100636 0.663707
FixedParameters: 0 0 0

#Transform 79
Transform: AffineTransform_float_3_3
Parameters: 0.999999 -0.000246136 0.00128494 0.000257534 0.999959 -0.0090574 -0.00128269 0.0090576 0.999958 -0.0279008 -0.095768 0.698305
FixedParameters: 0 0 0

#Transform 80
Transform: AffineTransform_float_3_3
Parameters: 1 -0.000123678 0.000465009 0.000129924 0.999932 -0.0116589 -0.000464044 0.0116591 0.999932 -0.0407022 -0.0627154 0.730407
FixedParameters: 0 0 0

#Transform 81
Transform: AffineTransform_float_3_3
Parameters: 0.999995 0.000983522 0.00297638 -0.000963475 0.999977 -0.00671605 -0.00298264 0.00671295 0.999973 0.00772088 -0.23121 0.175256
FixedParameters: 0 0 0

#Transform 82
Transform: AffineTransform_float_3_3
Parameters: 0.999994 0.00213441 0.00270094 -0.00212854 0.999996 -0.00203913 -0.00270531 0.00203387 0.999994 0.0829766 -0.262834 0.277106
FixedParameters: 0 0 0

#Transform 83
Transform: AffineTransform_float_3_3
Parameters: 0.999995 0.0023032 0.00207275 -0.00229723 0.999993 -0.00280159 -0.00207914 0.00279741 0.999994 0.127589 -0.235875 0.470848
FixedParameters: 0 0 0

#Transform 84
Transform: AffineTransform_float_3_3
Parameters: 0.999997 0.00172091 0.00127485 -0.0017175 0.999996 -0.00220908 -0.00127883 0.00220692 0.999997 0.078569 -0.083152 0.830621
FixedParameters: 0 0 0

#Transform 85
Transform: AffineTransform_float_3_3
Parameters: 0.999997 0.00213704 0.000297468 -0.00213662 0.999997 -0.00118214 -0.000299367 0.00118086 0.999999 0.0885451 -0.0570295 0.794519
FixedParameters: 0 0 0

#Transform 86
Transform: AffineTransform_float_3_3
Parameters: 0.999999 0.00177497 4.54067e-05 -0.00177495 0.999999 -0.000281586 -4.6406e-05 0.000281414 1 0.066018 0.00350906 0.764728
FixedParameters: 0 0 0

#Transform 87
Transform: AffineTransform_float_3_3
Parameters: 0.999998 0.00200143 -0.000283595 -0.00200275 0.999992 -0.00350094 0.000276615 0.00350206 0.999994 0.0871861 -0.0277659 0.838604
FixedParameters: 0 0 0

#Transform 88
Transform: AffineTransform_float_3_3
Parameters: 0.999997 0.00219544 -8.05615e-05 -0.00219541 0.999983 -0.00537734 6.90863e-05 0.00537766 0.999986 0.0874919 -0.00114486 0.871911
FixedParameters: 0 0 0

#Transform 89
Transform: AffineTransform_float_3_3
Parameters: 0.999997 0.00216748 -0.0001952 -0.00216794 0.999983 -0.00537726 0.000182821 0.00537673 0.999985 0.0778699 -0.00126351 0.871106
FixedParameters: 0 0 0

#Transform 90
Transform: AffineTransform_float_3_3
Parameters: 0.999997 0.00237121 -5.9158e-05 -0.00237111 0.999986 -0.0047536 4.77792e-05 0.00475339 0.999988 0.109011 -0.0866191 0.543926
FixedParameters: 0 0 0

#Transform 91
Transform: AffineTransform_float_3_3
Parameters: 0.999999 0.0014565 -0.000275481 -0.00145934 0.999957 -0.00907883 0.000261886 0.00907916 0.999959 0.0325144 0.0904438 0.969373
FixedParameters: 0 0 0

#Transform 92
Transform: AffineTransform_float_3_3
Parameters: 0.999997 0.00235715 0.000569967 -0.0023517 0.999966 -0.00801598 -0.00058932 0.00801503 0.999968 0.0755401 -0.00161962 0.859826
FixedParameters: 0 0 0

#Transform 93
Transform: AffineTransform_float_3_3
Parameters: 0.999998 0.00160265 -0.000275424 -0.00160499 0.999969 -0.00771379 0.000262585 0.00771421 0.99997 0.0882565 0.0167312 0.946627
FixedParameters: 0 0 0

#Transform 94
Transform: AffineTransform_float_3_3
Parameters: 1 0.000951299 -0.00068124 -0.000956843 0.999964 -0.00850758 0.000672833 0.00850842 0.999963 0.0773256 0.0398381 1.00425
FixedParameters: 0 0 0

#Transform 95
Transform: AffineTransform_float_3_3
Parameters: 0.999999 0.00074721 -0.000621476 -0.000753119 0.999954 -0.00961371 0.00061488 0.00961329 0.999953 0.0906119 0.0830341 1.02108
FixedParameters: 0 0 0

#Transform 96
Transform: AffineTransform_float_3_3
Parameters: 0.999998 0.00170435 -0.00036007 -0.0017077 0.99997 -0.00763185 0.000346907 0.00763215 0.999971 0.16653 -0.0415002 0.586854
FixedParameters: 0 0 0

#Transform 97
Transform: AffineTransform_float_3_3
Parameters: 0.999998 0.000861989 -0.0014454 -0.000878778 0.999926 -0.0120986 0.00143545 0.0120994 0.999926 0.119923 0.0642719 1.10162
FixedParameters: 0 0 0

#Transform 98
Transform: AffineTransform_float_3_3
Parameters: 0.999999 0.00109832 -0.00081516 -0.0011065 0.999943 -0.0106603 0.000803884 0.0106607 0.999943 0.116153 0.0712952 1.0235
FixedParameters: 0 0 0

#Transform 99
Transform: AffineTransform_float_3_3
Parameters: 0.999998 0.00206183 -0.0010479 -0.0020689 0.999977 -0.00646324 0.00103509 0.00646575 0.999978 0.308576 -0.0445719 0.620014
FixedParameters: 0 0 0

#Transform 100
Transform: AffineTransform_float_3_3
Parameters: 0.999998 0.00148723 -0.00181256 -0.00150424 0.999955 -0.00936642 0.00179903 0.00936959 0.999954 0.313585 -0.0624969 0.792858
FixedParameters: 0 0 0

#Transform 101
Transform: AffineTransform_float_3_3
Parameters: 0.999996 0.00071358 -0.0026544 -0.000744801 0.999929 -0.0119114 0.00264587 0.0119126 0.999926 0.306961 -0.028698 0.910312
FixedParameters: 0 0 0

#Transform 102
Transform: AffineTransform_float_3_3
Parameters: 0.999997 -2.866e-05 -0.00271417 -5.99223e-06 0.999917 -0.012817 0.00271437 0.012817 0.999915 0.293528 0.0187609 0.947508
FixedParameters: 0 0 0

#Transform 103
Transform: AffineTransform_float_3_3
Parameters: 0.999998 0.00165884 -0.00150555 -0.00167383 0.999951 -0.00972162 0.00148932 0.00972438 0.999952 0.42397 -0.107126 0.475557
FixedParameters: 0 0 0

#Transform 104
Transform: AffineTransform_float_3_3
Parameters: 0.999996 0.00203356 -0.00168729 -0.00204896 0.999955 -0.00929687 0.00166818 0.00930014 0.999956 0.51139 -0.203616 0.439216
FixedParameters: 0 0 0

#Transform 105
Transform: AffineTransform_float_3_3
Parameters: 0.999997 0.00118064 -0.00237747 -0.00120633 0.999943 -0.010604 0.0023648 0.010607 0.999941 0.527652 -0.221607 0.433891
FixedParameters: 0 0 0

#Transform 106
Transform: AffineTransform_float_3_3
Parameters: 0.999998 0.00137466 -0.000828831 -0.00138177 0.99997 -0.00763509 0.000817788 0.0076369 0.99997 0.583206 -0.586163 0.059901
FixedParameters: 0 0 0

#Transform 107
Transform: AffineTransform_float_3_3
Parameters: 0.999997 0.00164185 -0.00192157 -0.00165333 0.999982 -0.00574713 0.00191245 0.00574987 0.999981 0.522622 -0.678236 0.212106
FixedParameters: 0 0 0

#Transform 108
Transform: AffineTransform_float_3_3
Parameters: 0.999999 0.00134212 8.69557e-05 -0.00134095 0.999833 -0.0182384 -0.000111667 0.0182386 0.999833 0.138277 -0.137849 1.07307
FixedParameters: 0 0 0

#Transform 109
Transform: AffineTransform_float_3_3
Parameters: 1 -0.000341131 -0.00103426 0.0003169 0.999731 -0.0231601 0.00104176 0.0231599 0.999731 0.106878 0.0705893 1.31238
FixedParameters: 0 0 0

#Transform 110
Transform: AffineTransform_float_3_3
Parameters: 0.999998 -0.00175364 -0.0014576 0.00171643 0.999685 -0.0250355 0.00150075 0.0250335 0.999685 0.0787787 0.176908 1.41942
FixedParameters: 0 0 0

#Transform 111
Transform: AffineTransform_float_3_3
Parameters: 0.999999 -0.00151795 -0.000893529 0.00150253 0.999846 -0.0174895 0.000919859 0.0174885 0.999847 0.0584404 0.0394416 1.12299
FixedParameters: 0 0 0

#Transform 112
Transform: AffineTransform_float_3_3
Parameters: 0.999998 -0.00171486 -0.000261892 0.00170673 0.999623 -0.0274138 0.000309708 0.0274132 0.999624 0.0423142 0.118084 1.53736
FixedParameters: 0 0 0

#Transform 113
Transform: AffineTransform_float_3_3
Parameters: 0.999997 -0.00225284 -0.00111085 0.00221891 0.999563 -0.0294697 0.00117609 0.0294673 0.999565 0.0485396 0.138086 1.41032
FixedParameters: 0 0 0

#Transform 114
Transform: AffineTransform_float_3_3
Parameters: 0.999994 -0.00334477 -0.00105836 0.00330546 0.999392 -0.0347027 0.0011732 0.0346984 0.999397 0.00769481 0.202058 1.7427
FixedParameters: 0 0 0

#Transform 115
Transform: AffineTransform_float_3_3
Parameters: 0.999996 -0.00241576 0.000901465 0.00243993 0.99958 -0.0288955 -0.000831023 0.0288975 0.999582 -0.0607024 0.164213 1.73005
FixedParameters: 0 0 0

#Transform 116
Transform: AffineTransform_float_3_3
Parameters: 0.999998 -0.00228318 -0.000525785 0.00227036 0.999739 -0.0227118 0.000576958 0.0227102 0.999741 0.0185925 0.186319 1.6949
FixedParameters: 0 0 0

#Transform 117
Transform: AffineTransform_float_3_3
Parameters: 0.999999 -0.00140846 -0.000170234 0.00140313 0.999689 -0.0249085 0.000205395 0.0249084 0.999689 0.0479361 0.172833 1.56934
FixedParameters: 0 0 0

#Transform 118
Transform: AffineTransform_float_3_3
Parameters: 0.999999 -0.00113804 0.000855864 0.00115677 0.999741 -0.022734 -0.000829857 0.022735 0.999742 0.0381349 0.170358 1.59688
FixedParameters: 0 0 0

#Transform 119
Transform: AffineTransform_float_3_3
Parameters: 1 -2.20167e-05 0.000320533 2.77966e-05 0.99985 -0.017327 -0.000320456 0.017327 0.99985 0.0994678 0.115886 1.34951
FixedParameters: 0 0 0

#Transform 120
Transform: AffineTransform_float_3_3
Parameters: 0.999999 0.000510141 0.000736558 -0.000495977 0.999804 -0.0197601 -0.000746664 0.0197599 0.999805 0.053653 0.156322 1.57854
FixedParameters: 0 0 0

#Transform 121
Transform: AffineTransform_float_3_3
Parameters: 0.999999 -0.000532381 0.000480926 0.000541296 0.999806 -0.0196847 -0.000470813 0.0196853 0.999806 0.0383667 0.197935 1.54285
FixedParameters: 0 0 0

#Transform 122
Transform: AffineTransform_float_3_3
Parameters: 1 0.000285595 -7.78941e-05 -0.000287052 0.999821 -0.018879 7.29189e-05 0.018879 0.999822 0.118862 0.156103 1.38771
FixedParameters: 0 0 0

#Transform 123
Transform: AffineTransform_float_3_3
Parameters: 1 0.000189859 -0.000446984 -0.000199385 0.999802 -0.0199049 0.000443449 0.0199051 0.999802 0.126727 0.144257 1.44986
FixedParameters: 0 0 0

#Transform 124
Transform: AffineTransform_float_3_3
Parameters: 0.999999 -0.000197415 -0.000737043 0.000183256 0.9998 -0.0199649 0.000739963 0.0199651 0.999801 0.125244 0.12936 1.43424
FixedParameters: 0 0 0

#Transform 125
Transform: AffineTransform_float_3_3
Parameters: 1 0.000452247 -0.000132434 -0.000455071 0.999817 -0.01916 0.000123803 0.0191601 0.999817 0.158116 0.08937 1.28148
FixedParameters: 0 0 0

#Transform 126
Transform: AffineTransform_float_3_3
Parameters: 1 0.00100673 0.000406327 -0.000999388 0.999846 -0.0175375 -0.000424372 0.0175375 0.999846 0.176977 0.0722218 1.36977
FixedParameters: 0 0 0

#Transform 127
Transform: AffineTransform_float_3_3
Parameters: 1 -6.96642e-05 0.000194535 7.33791e-05 0.999832 -0.018303 -0.000193167 0.018303 0.999832 0.124492 0.122163 1.49387
FixedParameters: 0 0 0

#Transform 128
Transform: AffineTransform_float_3_3
Parameters: 0.999999 -0.000936119 0.000359701 0.000941767 0.999871 -0.0160437 -0.000344671 0.0160443 0.999871 0.0175563 0.0785839 1.38948
FixedParameters: 0 0 0

#Transform 129
Transform: AffineTransform_float_3_3
Parameters: 1 5.48721e-06 -0.000134655 -7.45121e-06 0.999819 -0.018986 0.000134687 0.018986 0.999819 0.00617302 0.123863 1.72487
FixedParameters: 0 0 0

#Transform 130
Transform: AffineTransform_float_3_3
Parameters: 1 0.000381498 -0.0001544 -0.000384436 0.999818 -0.019106 0.000147315 0.0191061 0.999818 0.0330932 0.179495 1.6706
FixedParameters: 0 0 0

#Transform 131
Transform: AffineTransform_float_3_3
Parameters: 1 0.000314464 -0.000415394 -0.000322447 0.999841 -0.0177939 0.000410683 0.0177941 0.999841 0.0862661 0.152714 1.57115
FixedParameters: 0 0 0

#Transform 132
Transform: AffineTransform_float_3_3
Parameters: 1 0.000259978 -0.000627474 -0.000271752 0.999843 -0.0177158 0.000622777 0.0177162 0.999843 0.0909008 0.152931 1.57612
FixedParameters: 0 0 0

#Transform 133
Transform: AffineTransform_float_3_3
Parameters: 0.999999 0.000642945 -0.000485172 -0.000650809 0.99987 -0.0161547 0.000474785 0.0161553 0.99987 0.151336 0.100718 1.28414
FixedParameters: 0 0 0

#Transform 134
Transform: AffineTransform_float_3_3
Parameters: 0.999998 0.0013236 -0.00135918 -0.00134528 0.999864 -0.0164083 0.00133673 0.0164097 0.999864 0.204463 0.065983 1.28747
FixedParameters: 0 0 0

#Transform 135
Transform: AffineTransform_float_3_3
Parameters: 0.999999 0.00105069 -0.00114272 -0.00106126 0.999955 -0.00938797 0.00113369 0.00938903 0.999955 0.143621 0.130359 1.18675
FixedParameters: 0 0 0

#Transform 136
Transform: AffineTransform_float_3_3
Parameters: 0.999997 0.00151698 -0.0019573 -0.00151016 0.999993 0.0033949 0.00196193 -0.0033921 0.999992 0.145256 0.0177634 0.919237
FixedParameters: 0 0 0

#Transform 137
Transform: AffineTransform_float_3_3
Parameters: 0.999998 0.00106066 -0.00209012 -0.00106368 0.999998 -0.00158839 0.00208897 0.00159061 0.999997 0.124932 0.0631406 1.05221
FixedParameters: 0 0 0

#Transform 138
Transform: AffineTransform_float_3_3
Parameters: 0.999998 0.00120802 -0.00115481 -0.00120771 0.999999 -0.000284777 0.00115388 0.000286222 0.999999 0.116128 0.101831 1.19043
FixedParameters: 0 0 0

#Transform 139
Transform: AffineTransform_float_3_3
Parameters: 1 0.00067481 -0.00101368 -0.000675181 1 -0.000777263 0.00101337 0.000777739 1 0.078411 0.144601 1.24384
FixedParameters: 0 0 0

#Transform 140
Transform: AffineTransform_float_3_3
Parameters: 1 0.000600789 -0.000965368 -0.000601625 1 -0.00105642 0.000964838 0.00105758 0.999999 0.0932772 0.166974 1.22267
FixedParameters: 0 0 0

#Transform 141
Transform: AffineTransform_float_3_3
Parameters: 0.999999 0.000319567 -0.000920555 -0.000323724 0.999989 -0.0046277 0.000918596 0.0046283 0.999989 0.101686 0.180562 1.23004
FixedParameters: 0 0 0

#Transform 142
Transform: AffineTransform_float_3_3
Parameters: 0.999999 0.000289293 -0.0008993 -0.000296288 0.99997 -0.00765751 0.000897316 0.00765849 0.99997 0.131242 0.0636862 1.04697
FixedParameters: 0 0 0

#Transform 143
Transform: AffineTransform_float_3_3
Parameters: 0.999999 0.000512548 -0.00117365 -0.000535278 0.999817 -0.0191164 0.00116381 0.0191176 0.999816 0.13429 0.143606 1.46704
FixedParameters: 0 0 0

#Transform 144
Transform: AffineTransform_float_3_3
Parameters: 0.999998 0.000313913 -0.00156324 -0.000343854 0.99982 -0.0189762 0.00155714 0.0189768 0.999819 0.118392 0.108952 1.3793
FixedParameters: 0 0 0

#Transform 145
Transform: AffineTransform_float_3_3
Parameters: 0.999999 7.03366e-06 -0.00180312 -4.15172e-05 0.999818 -0.0190394 0.00180331 0.0190395 0.999817 0.135281 0.09687 1.38493
FixedParameters: 0 0 0

#Transform 146
Transform: AffineTransform_float_3_3
Parameters: 0.999999 -0.00045067 -0.00116828 0.000427757 0.999803 -0.0198413 0.001177 0.0198407 0.999803 0.134922 0.169364 1.4217
FixedParameters: 0 0 0

#Transform 147
Transform: AffineTransform_float_3_3
Parameters: 0.999999 -0.00037189 -0.00171555 0.000338199 0.99981 -0.0194854 0.00172248 0.0194846 0.999808 0.146088 0.173559 1.41535
FixedParameters: 0 0 0

#Transform 148
Transform: AffineTransform_float_3_3
Parameters: 0.999999 -0.00019591 -0.00142922 0.000170325 0.999843 -0.017679 0.00143282 0.017678 0.999843 0.160094 0.164858 1.37854
FixedParameters: 0 0 0

#Transform 149
Transform: AffineTransform_float_3_3
Parameters: 0.999997 -0.000342492 -0.002519 0.000298829 0.999845 -0.0175651 0.0025247 0.0175639 0.999842 0.217987 0.159351 1.39814
FixedParameters: 0 0 0

#Transform 150
Transform: AffineTransform_float_3_3
Parameters: 0.999997 0.000133644 -0.00247596 -0.00017695 0.999849 -0.0173708 0.00247274 0.0173712 0.999846 0.230445 0.150889 1.36025
FixedParameters: 0 0 0

#Transform 151
Transform: AffineTransform_float_3_3
Parameters: 0.999996 7.02181e-05 -0.00289493 -9.25494e-05 0.99997 -0.00779398 0.0028944 0.00779402 0.999965 0.194745 0.0411568 1.00451
FixedParameters: 0 0 0

#Transform 152
Transform: AffineTransform_float_3_3
Parameters: 0.999996 -0.00116059 -0.00251196 0.00113479 0.999947 -0.0102583 0.00252317 0.0102557 0.999944 0.136294 0.0396726 1.11783
FixedParameters: 0 0 0

#Transform 153
Transform: AffineTransform_float_3_3
Parameters: 0.999994 -0.00239622 -0.00220222 0.0023714 0.999934 -0.0113101 0.00222852 0.0113049 0.999934 0.121966 0.0580332 1.11213
FixedParameters: 0 0 0

#Transform 154
Transform: AffineTransform_float_3_3
Parameters: 0.999992 -0.00289485 -0.00255124 0.00286424 0.999925 -0.0119423 0.00258493 0.0119347 0.999925 0.0853525 0.0958702 1.15481
FixedParameters: 0 0 0

#Transform 155
Transform: AffineTransform_float_3_3
Parameters: 0.999992 -0.00258847 -0.00309176 0.00255935 0.999953 -0.00926817 0.00311624 0.00925981 0.999952 0.0990313 0.0928542 1.09782
FixedParameters: 0 0 0

#Transform 156
Transform: AffineTransform_float_3_3
Parameters: 0.999994 -0.00209052 -0.00267004 0.00206744 0.99996 -0.00869311 0.00268824 0.00868689 0.999958 0.0883551 0.0949767 1.05328
FixedParameters: 0 0 0

#Transform 157
Transform: AffineTransform_float_3_3
Parameters: 0.999995 -0.00247304 -0.0020172 0.0024554 0.999956 -0.00913305 0.0020401 0.00912796 0.999956 0.064935 0.062642 1.0169
FixedParameters: 0 0 0

#Transform 158
Transform: AffineTransform_float_3_3
Parameters: 0.999995 -0.00246457 -0.00203648 0.00244377 0.999943 -0.0103558 0.00206159 0.0103512 0.999944 0.0830133 0.103393 0.999609
FixedParameters: 0 0 0

#Transform 159
Transform: AffineTransform_float_3_3
Parameters: 0.999996 -0.00255674 -0.00171518 0.00254215 0.99996 -0.00865667 0.00173716 0.00865233 0.999961 0.0654808 0.0786966 0.855593
FixedParameters: 0 0 0

#Transform 160
Transform: AffineTransform_float_3_3
Parameters: 0.999995 -0.00274077 -0.00166885 0.00272632 0.999956 -0.00899686 0.00169371 0.00899214 0.999958 0.0605703 0.0992029 0.883666
FixedParameters: 0 0 0

#Transform 161
Transform: AffineTransform_float_3_3
Parameters: 0.999995 -0.00249858 -0.00155844 0.00248297 0.99995 -0.00969012 0.00158261 0.00968587 0.999952 0.0566418 0.0908955 1.03745
FixedParameters: 0 0 0

#Transform 162
Transform: AffineTransform_float_3_3
Parameters: 0.999996 -0.00200115 -0.00163033 0.00198634 0.999956 -0.0091662 0.00164885 0.00916279 0.999957 0.0720009 0.0159418 0.777105
FixedParameters: 0 0 0

#Transform 163
Transform: AffineTransform_float_3_3
Parameters: 0.999995 -0.00277148 -0.00185052 0.00274751 0.999916 -0.0126915 0.00188516 0.0126865 0.999917 0.0633102 0.0982969 0.932395
FixedParameters: 0 0 0

#Transform 164
Transform: AffineTransform_float_3_3
Parameters: 0.999993 -0.00311414 -0.00178879 0.00309408 0.999932 -0.0112339 0.00182382 0.0112281 0.999935 0.0538462 0.0625116 0.958154
FixedParameters: 0 0 0

#Transform 165
Transform: AffineTransform_float_3_3
Parameters: 0.999996 -0.00180562 -0.00227841 0.00178231 0.999948 -0.0100166 0.00229664 0.0100124 0.999948 0.0181947 0.0539188 0.898701
FixedParameters: 0 0 0

#Transform 166
Transform: AffineTransform_float_3_3
Parameters: 0.999997 -0.00142633 -0.00232268 0.00141784 0.999993 -0.00356174 0.0023278 0.00355826 0.999991 0.0483949 -0.0593581 0.621915
FixedParameters: 0 0 0

#Transform 167
Transform: AffineTransform_float_3_3
Parameters: 0.999995 -0.00216745 -0.00223438 0.00216482 0.999997 -0.00135666 0.00223737 0.00135234 0.999996 0.0402325 0.0346273 0.630251
FixedParameters: 0 0 0

#Transform 168
Transform: AffineTransform_float_3_3
Parameters: 0.999995 -0.00255568 -0.00177679 0.00254804 0.999989 -0.00401859 0.00178644 0.00401441 0.999991 0.00523448 -0.0281967 0.812123
FixedParameters: 0 0 0

#Transform 169
Transform: AffineTransform_float_3_3
Parameters: 0.999997 -0.00201345 -0.00146824 0.00200759 0.999988 -0.0044139 0.00147708 0.00441111 0.99999 -0.0145877 -0.0138428 1.08443
FixedParameters: 0 0 0

#Transform 170
Transform: AffineTransform_float_3_3
Parameters: 0.999999 -0.00180965 -0.000186665 0.00180887 0.999992 -0.00351685 0.000193089 0.00351615 0.999993 -0.0514583 -0.0344826 0.753446
FixedParameters: 0 0 0

#Transform 171
Transform: AffineTransform_float_3_3
Parameters: 0.999999 -0.00130787 -0.000208036 0.00130751 0.999997 -0.0020695 0.00021127 0.0020685 0.999998 0.0154146 0.0475975 0.909344
FixedParameters: 0 0 0

#Transform 172
Transform: AffineTransform_float_3_3
Parameters: 1 -0.00121184 -4.10881e-05 0.0012125 0.999998 -0.00101705 4.23491e-05 0.00101695 1 0.0156229 -0.0452948 0.734775
FixedParameters: 0 0 0

#Transform 173
Transform: AffineTransform_float_3_3
Parameters: 0.999999 -0.00146604 -0.000140194 0.00146617 0.999998 -0.00134249 0.000141953 0.00134251 0.999999 -0.024559 -0.0278308 0.757414
FixedParameters: 0 0 0

#Transform 174
Transform: AffineTransform_float_3_3
Parameters: 0.999999 -0.00148556 -0.000413792 0.00148471 0.999997 -0.00163067 0.000416457 0.00163033 0.999999 0.00163498 0.020574 0.733399
FixedParameters: 0 0 0

#Transform 175
Transform: AffineTransform_float_3_3
Parameters: 0.999997 -0.00178853 -0.00118716 0.00178819 0.999998 -0.000457231 0.00118759 0.000454769 0.999999 0.0374384 0.00171522 0.597766
FixedParameters: 0 0 0

#Transform 176
Transform: AffineTransform_float_3_3
Parameters: 0.999997 -0.00187302 -0.00111716 0.00187137 0.999997 -0.0014002 0.00111999 0.0013978 0.999998 0.0203906 0.0884051 0.872803
FixedParameters: 0 0 0

#Transform 177
Transform: AffineTransform_float_3_3
Parameters: 0.999996 -0.00230181 -0.00169996 0.00229523 0.999991 -0.00374013 0.00170848 0.00373587 0.999991 0.0270173 0.0887903 0.921561
FixedParameters: 0 0 0

#Transform 178
Transform: AffineTransform_float_3_3
Parameters: 0.999996 -0.00242042 -0.00148109 0.00241703 0.999994 -0.0021418 0.00148663 0.00213819 0.999996 0.0226237 -0.00193057 0.835034
FixedParameters: 0 0 0

#Transform 179
Transform: AffineTransform_float_3_3
Parameters: 0.999993 -0.00350773 -0.000720699 0.00350551 0.99999 -0.00277971 0.000730504 0.00277728 0.999996 0.00122192 0.0716167 0.771072
FixedParameters: 0 0 0

#Transform 180
Transform: AffineTransform_float_3_3
Parameters: 0.999996 -0.00255032 -0.0011115 0.0025491 0.999997 -0.000779277 0.00111329 0.000776724 0.999999 0.0182612 -0.00604038 0.60198
FixedParameters: 0 0 0

#Transform 181
Transform: AffineTransform_float_3_3
Parameters: 0.999996 -0.00250661 -0.000800519 0.00250433 0.999992 -0.0028314 0.000806966 0.0028296 0.999996 0.00938781 0.0174106 0.728354
FixedParameters: 0 0 0

#Transform 182
Transform: AffineTransform_float_3_3
Parameters: 0.999995 -0.00211555 -0.00243931 0.00211614 0.999998 0.0001173 0.0024388 -0.000122699 0.999997 0.06135 0.088264 0.953228
FixedParameters: 0 0 0

#Transform 183
Transform: AffineTransform_float_3_3
Parameters: 0.999997 -0.00215318 -0.00108414 0.00215251 0.999998 -0.000204667 0.00108405 0.000201334 0.999999 0.0490432 0.0926527 0.781965
FixedParameters: 0 0 0

#Transform 184
Transform: AffineTransform_float_3_3
Parameters: 0.999998 -0.00210892 -0.000795062 0.00210785 0.999997 -0.000990011 0.000797055 0.000987988 0.999999 0.064145 0.087759 0.795617
FixedParameters: 0 0 0

#Transform 185
Transform: AffineTransform_float_3_3
Parameters: 0.999997 -0.00198097 -0.000878692 0.001979 0.999996 -0.0018269 0.000882543 0.0018261 0.999998 0.0648515 0.0897505 0.714931
FixedParameters: 0 0 0

#Transform 186
Transform: AffineTransform_float_3_3
Parameters: 0.999997 -0.00247443 -0.00102785 0.00247056 0.999992 -0.00308694 0.00103635 0.00308406 0.999995 0.0655256 0.10657 0.798351
FixedParameters: 0 0 0

#Transform 187
Transform: AffineTransform_float_3_3
Parameters: 0.999996 -0.00270918 -0.000707601 0.00270945 0.999996 -0.000331584 0.00070819 0.000330417 1 0.0411747 0.0601157 0.799817
FixedParameters: 0 0 0

#Transform 188
Transform: AffineTransform_float_3_3
Parameters: 0.999995 -0.0029764 -0.00108718 0.00297441 0.999994 -0.00138273 0.00109104 0.00138027 0.999999 0.0358111 0.0565062 0.720547
FixedParameters: 0 0 0

#Transform 189
Transform: AffineTransform_float_3_3
Parameters: 0.999994 -0.00344479 -0.00119237 0.00344183 0.999992 -0.00187989 0.00119877 0.00187611 0.999998 0.0126113 0.0562526 0.731093
FixedParameters: 0 0 0

#Transform 190
Transform: AffineTransform_float_3_3
