#Insight Transform File V1.0
#Transform 0
Transform: AffineTransform_float_3_3
Parameters: 0.999998 -0.000920356 0.00146415 0.000914751 0.999992 0.00369087 -0.0014669 -0.00369017 0.999992 -0.0829985 -0.126737 -0.118277
FixedParameters: 0 0 0

#Transform 1
Transform: AffineTransform_float_3_3
Parameters: 0.999998 -0.000991537 0.00143439 0.000986474 0.999993 0.00358615 -0.00143751 -0.00358444 0.999992 -0.0903688 -0.110291 -0.142677
FixedParameters: 0 0 0

#Transform 2
Transform: AffineTransform_float_3_3
Parameters: 0.999999 -0.000810434 0.00170098 0.000803714 0.999993 0.00377925 -0.00170413 -0.00377851 0.999992 -0.0890947 -0.129838 -0.168809
FixedParameters: 0 0 0

#Transform 3
Transform: AffineTransform_float_3_3
Parameters: 0.999999 -0.000820567 0.00169411 0.000815148 0.999995 0.00311482 -0.00169633 -0.00311403 0.999993 -0.0942055 -0.117873 -0.143633
FixedParameters: 0 0 0

#Transform 4
Transform: AffineTransform_float_3_3
Parameters: 0.999998 -0.000790323 0.00180397 0.000782824 0.999993 0.00377963 -0.00180696 -0.00377881 0.999992 -0.0913908 -0.125636 -0.148809
FixedParameters: 0 0 0

#Transform 5
Transform: AffineTransform_float_3_3
Parameters: 0.999998 -0.00110053 0.00126695 0.00109655 0.999994 0.00322763 -0.00127006 -0.00322694 0.999994 -0.0869932 -0.0775429 -0.132488
FixedParameters: 0 0 0

#Transform 6
Transform: AffineTransform_float_3_3
Parameters: 0.999999 -0.000922097 0.00160701 0.000917203 0.999994 0.00311957 -0.00160987 -0.0031186 0.999994 -0.099334 -0.0999883 -0.129837
FixedParameters: 0 0 0

#Transform 7
Transform: AffineTransform_float_3_3
Parameters: 0.999999 -0.00039672 0.00150176 0.000393426 0.999997 0.00244042 -0.0015028 -0.0024402 0.999996 -0.0706285 -0.101491 -0.110908
FixedParameters: 0 0 0

#Transform 8
Transform: AffineTransform_float_3_3
Parameters: 0.999998 -0.000844689 0.00171572 0.000839573 0.999995 0.00297621 -0.00171885 -0.00297431 0.999994 -0.0906158 -0.06745 -0.0889854
FixedParameters: 0 0 0

#Transform 9
Transform: AffineTransform_float_3_3
Parameters: 0.999998 -0.000398234 0.00165595 0.000393833 0.999996 0.00285733 -0.00165734 -0.00285602 0.999994 -0.0720271 -0.128928 -0.12557
FixedParameters: 0 0 0

#Transform 10
Transform: AffineTransform_float_3_3
Parameters: 0.999998 -0.00054777 0.00179911 0.00054214 0.999996 0.00296385 -0.00180146 -0.00296288 0.999994 -0.0877928 -0.0933985 -0.103746
FixedParameters: 0 0 0

#Transform 11
Transform: AffineTransform_float_3_3
Parameters: 0.999999 -0.000420458 0.00147076 0.000415832 0.999995 0.0032851 -0.00147258 -0.00328499 0.999993 -0.0741705 -0.136058 -0.151985
FixedParameters: 0 0 0

#Transform 12
Transform: AffineTransform_float_3_3
Parameters: 0.999999 -0.000834219 0.00125115 0.000830569 0.999994 0.00312281 -0.00125336 -0.0031217 0.999995 -0.0895379 -0.0981768 -0.120376
FixedParameters: 0 0 0

#Transform 13
Transform: AffineTransform_float_3_3
Parameters: 0.999999 -0.000858015 0.00125231 0.000853593 0.999993 0.00342836 -0.00125514 -0.00342719 0.999994 -0.0795108 -0.144611 -0.142189
FixedParameters: 0 0 0

#Transform 14
Transform: AffineTransform_float_3_3
Parameters: 0.999999 -0.000414252 0.0012263 0.000411222 0.999997 0.00247435 -0.00122739 -0.00247428 0.999996 -0.0621674 -0.101217 -0.0910186
FixedParameters: 0 0 0

#Transform 15
Transform: AffineTransform_float_3_3
Parameters: 0.999999 -0.000202841 0.00147106 0.000199555 0.999997 0.00215781 -0.00147102 -0.00215717 0.999996 -0.065175 -0.0554258 0.00622063
FixedParameters: 0 0 0

#Transform 16
Transform: AffineTransform_float_3_3
Parameters: 0.999999 -0.000425903 0.00077245 0.000425111 0.999998 0.00184831 -0.000773054 -0.00184771 0.999998 -0.0486329 -0.0128818 -0.102577
FixedParameters: 0 0 0

#Transform 17
Transform: AffineTransform_float_3_3
Parameters: 0.999999 -0.000596284 0.000777069 0.000595074 0.999999 0.0014622 -0.000777828 -0.0014613 0.999998 -0.0477504 -0.0504649 -0.0596709
FixedParameters: 0 0 0

#Transform 18
Transform: AffineTransform_float_3_3
Parameters: 0.999998 -0.000950322 0.00139814 0.000945118 0.999994 0.00334113 -0.00140144 -0.00334044 0.999994 -0.0873593 -0.0851038 -0.0975265
FixedParameters: 0 0 0

#Transform 19
Transform: AffineTransform_float_3_3
Parameters: 1 -0.000854011 0.000849038 0.00085179 0.999997 0.00259741 -0.000850457 -0.00259602 0.999996 -0.0612694 -0.108406 -0.085954
FixedParameters: 0 0 0

#Transform 20
Transform: AffineTransform_float_3_3
Parameters: 1 -0.000337039 2.11888e-05 0.000337036 1 6.57921e-05 -2.12331e-05 -6.57778e-05 1 -0.00838011 0.00154255 0.00850403
FixedParameters: 0 0 0

#Transform 21
Transform: AffineTransform_float_3_3
Parameters: 0.999999 0.000496157 -0.000594325 -0.000497401 0.999998 -0.0019453 0.000593424 0.00194586 0.999998 0.0186017 0.134571 0.0655178
FixedParameters: 0 0 0

#Transform 22
Transform: AffineTransform_float_3_3
Parameters: 0.999997 0.0019756 -0.000970958 -0.00198078 0.999988 -0.00450591 0.000962352 0.00450753 0.99999 0.0313427 0.0909835 0.283896
FixedParameters: 0 0 0

#Transform 23
Transform: AffineTransform_float_3_3
Parameters: 0.999999 0.00105206 -0.00110697 -0.00104982 0.999998 0.00200607 0.00110842 -0.00200467 0.999998 -0.0165541 -0.143432 0.0172342
FixedParameters: 0 0 0

#Transform 24
Transform: AffineTransform_float_3_3
Parameters: 0.999998 0.00102355 -0.00129018 -0.00102211 1 0.000594369 0.0012904 -0.000592719 0.999999 -0.00656955 -0.0625761 0.0842205
FixedParameters: 0 0 0

#Transform 25
Transform: AffineTransform_float_3_3
Parameters: 0.999998 0.000894569 -0.00131185 -0.000893148 0.999999 0.000955237 0.00131262 -0.000953855 0.999998 -0.00422135 -0.129818 0.0553387
FixedParameters: 0 0 0

#Transform 26
Transform: AffineTransform_float_3_3
Parameters: 0.999999 0.00118016 -0.00131857 -0.00117879 0.999999 0.00093858 0.0013198 -0.000937424 0.999999 -0.0013836 -0.113503 0.0342678
FixedParameters: 0 0 0

#Transform 27
Transform: AffineTransform_float_3_3
Parameters: 0.999998 0.00128091 -0.000987519 -0.00127928 0.999998 0.0014053 0.000989186 -0.00140386 0.999998 -0.0194341 -0.12948 0.00592601
FixedParameters: 0 0 0

#Transform 28
Transform: AffineTransform_float_3_3
Parameters: 0.999999 0.00116692 -0.00133751 -0.00116591 0.999998 0.00115737 0.00133929 -0.00115519 0.999998 0.00270256 -0.117119 -0.0115436
FixedParameters: 0 0 0

#Transform 29
Transform: AffineTransform_float_3_3
Parameters: 0.999998 0.00158193 -0.00130325 -0.00158043 0.999998 0.0010278 0.00130452 -0.00102576 0.999998 0.0101953 -0.117671 0.0219001
FixedParameters: 0 0 0

#Transform 30
Transform: AffineTransform_float_3_3
Parameters: 0.999998 0.00158886 -0.00115625 -0.00158744 0.999998 0.00112055 0.00115783 -0.00111896 0.999999 -0.00493531 -0.122816 -0.0152661
FixedParameters: 0 0 0

#Transform 31
Transform: AffineTransform_float_3_3
Parameters: 0.999998 0.00140756 -0.000796793 -0.00140631 0.999998 0.00150399 0.000799094 -0.00150283 0.999998 -0.0219859 -0.112874 -0.0236404
FixedParameters: 0 0 0

#Transform 32
Transform: AffineTransform_float_3_3
Parameters: 0.999999 0.00110194 -0.00108948 -0.00110065 0.999998 0.00158918 0.00109117 -0.00158871 0.999998 -0.0159656 -0.125438 -0.0170934
FixedParameters: 0 0 0

#Transform 33
Transform: AffineTransform_float_3_3
Parameters: 0.999998 0.00116972 -0.00114251 -0.00116783 0.999997 0.00176709 0.00114482 -0.00176535 0.999998 -0.0189192 -0.133834 -0.04681
FixedParameters: 0 0 0

#Transform 34
Transform: AffineTransform_float_3_3
Parameters: 0.999999 0.00119918 -0.000676776 -0.00119825 0.999998 0.00151642 0.000678479 -0.0015149 0.999998 -0.0260977 -0.1061 -0.0377458
FixedParameters: 0 0 0

#Transform 35
Transform: AffineTransform_float_3_3
Parameters: 0.999998 0.00128145 -0.000976646 -0.00127967 0.999997 0.0020485 0.000979078 -0.00204804 0.999997 -0.00242488 -0.119376 -0.0290616
FixedParameters: 0 0 0

#Transform 36
Transform: AffineTransform_float_3_3
Parameters: 0.999999 0.00106947 -0.000633252 -0.00106816 0.999998 0.00193919 0.000635516 -0.00193892 0.999998 -0.0043703 -0.160767 -0.0858084
FixedParameters: 0 0 0

#Transform 37
Transform: AffineTransform_float_3_3
Parameters: 1 0.000859803 -0.00062039 -0.000859432 0.999997 0.00202304 0.00062205 -0.00202291 0.999998 -0.0161332 -0.122884 -0.0744021
FixedParameters: 0 0 0

#Transform 38
Transform: AffineTransform_float_3_3
Parameters: 0.999999 0.000725092 -0.000612164 -0.000723694 0.999997 0.00201963 0.000614255 -0.00201971 0.999998 -0.0119706 -0.119407 -0.0745376
FixedParameters: 0 0 0

#Transform 39
Transform: AffineTransform_float_3_3
Parameters: 1 0.000752887 -0.000613942 -0.000751554 0.999998 0.0019433 0.000615979 -0.00194235 0.999998 -0.0206004 -0.15965 -0.11763
FixedParameters: 0 0 0

#Transform 40
Transform: AffineTransform_float_3_3
Parameters: 0.999999 0.000747892 0.000230225 -0.000749055 0.999997 0.00228137 -0.000228657 -0.00228171 0.999998 -0.0438749 -0.118789 -0.0745951
FixedParameters: 0 0 0

#Transform 41
Transform: AffineTransform_float_3_3
Parameters: 1 0.000510319 0.000123315 -0.000510902 0.999998 0.00214275 -0.000122026 -0.002143 0.999997 -0.0305917 -0.175232 -0.0921814
FixedParameters: 0 0 0

#Transform 42
Transform: AffineTransform_float_3_3
Parameters: 0.999999 0.00064231 0.000297549 -0.000642565 0.999998 0.00201558 -0.000295921 -0.00201598 0.999998 -0.0327498 -0.125441 -0.0943683
FixedParameters: 0 0 0

#Transform 43
Transform: AffineTransform_float_3_3
Parameters: 1 0.000369183 0.00025307 -0.000369258 0.999998 0.00200909 -0.000252548 -0.0020093 0.999998 -0.0242334 -0.135854 -0.0747002
FixedParameters: 0 0 0

#Transform 44
Transform: AffineTransform_float_3_3
Parameters: 1 0.000288576 0.000258134 -0.000288914 0.999997 0.00248529 -0.000257613 -0.00248546 0.999997 -0.0309175 -0.178637 -0.14516
FixedParameters: 0 0 0

#Transform 45
Transform: AffineTransform_float_3_3
Parameters: 1 0.000330313 0.00044274 -0.000330995 0.999998 0.00186176 -0.000442472 -0.00186108 0.999998 -0.0335531 -0.118596 -0.0870538
FixedParameters: 0 0 0

#Transform 46
Transform: AffineTransform_float_3_3
Parameters: 1 0.000366924 0.000934661 -0.000368747 0.999996 0.00254896 -0.000933824 -0.00254959 0.999997 -0.0380823 -0.187909 -0.168935
FixedParameters: 0 0 0

#Transform 47
Transform: AffineTransform_float_3_3
Parameters: 0.999999 0.00033382 0.000705158 -0.000335025 0.999998 0.00227848 -0.000703614 -0.002279 0.999997 -0.0349452 -0.133993 -0.196938
FixedParameters: 0 0 0

#Transform 48
Transform: AffineTransform_float_3_3
Parameters: 0.999999 0.000366951 0.000716992 -0.000368548 0.999999 0.00178811 -0.000716641 -0.00178766 0.999998 -0.0286271 -0.11948 -0.200252
FixedParameters: 0 0 0

#Transform 49
Transform: AffineTransform_float_3_3
Parameters: 1 0.000330261 0.000411711 -0.000330924 0.999998 0.00194785 -0.000411385 -0.00194814 0.999998 -0.0193609 -0.125273 -0.153102
FixedParameters: 0 0 0

#Transform 50
Transform: AffineTransform_float_3_3
Parameters: 1 0.000387832 0.000583469 -0.000388889 0.999999 0.00178885 -0.000582047 -0.00178833 0.999998 -0.0262377 -0.14633 -0.172901
FixedParameters: 0 0 0

#Transform 51
Transform: AffineTransform_float_3_3
Parameters: 1 0.000333707 0.000255161 -0.000334651 0.999999 0.00178819 -0.000254867 -0.00178736 0.999999 -0.0194782 -0.129637 -0.16118
FixedParameters: 0 0 0

#Transform 52
Transform: AffineTransform_float_3_3
Parameters: 1 0.000206943 3.04168e-05 -0.000207037 0.999998 0.00161446 -2.96998e-05 -0.00161448 0.999998 -0.010412 -0.108825 -0.118714
FixedParameters: 0 0 0

#Transform 53
Transform: AffineTransform_float_3_3
Parameters: 1 0.000388187 0.000266732 -0.000387994 0.999999 0.00151737 -0.000265568 -0.0015176 0.999999 -0.0169238 -0.155548 -0.156946
FixedParameters: 0 0 0

#Transform 54
Transform: AffineTransform_float_3_3
Parameters: 1 0.000331809 6.95411e-05 -0.000331912 0.999999 0.000748169 -6.90445e-05 -0.000748215 0.999999 -0.00587855 -0.0808897 -0.0951684
FixedParameters: 0 0 0

#Transform 55
Transform: AffineTransform_float_3_3
Parameters: 1 0.000197056 0.000430768 -0.000198421 0.999998 0.00158854 -0.000430091 -0.00158871 0.999998 -0.0238522 -0.149545 -0.135019
FixedParameters: 0 0 0

#Transform 56
Transform: AffineTransform_float_3_3
Parameters: 1 0.000819739 0.000797398 -0.000820468 0.999999 0.00167156 -0.000795729 -0.00167291 0.999999 -0.020725 -0.123323 -0.145725
FixedParameters: 0 0 0

#Transform 57
Transform: AffineTransform_float_3_3
Parameters: 0.999999 0.00145687 0.000971897 -0.00145805 0.999999 0.00107981 -0.000970856 -0.0010808 0.999999 -0.0108254 -0.131004 -0.156309
FixedParameters: 0 0 0

#Transform 58
Transform: AffineTransform_float_3_3
Parameters: 0.999999 0.00109401 0.000779838 -0.00109456 0.999999 0.000968858 -0.000778778 -0.000969593 0.999999 -0.0175702 -0.122454 -0.132325
FixedParameters: 0 0 0

#Transform 59
Transform: AffineTransform_float_3_3
Parameters: 0.999999 0.0012202 0.000828269 -0.00122204 0.999998 0.00109076 -0.000826602 -0.00109179 0.999999 -0.0232883 -0.10199 -0.108252
FixedParameters: 0 0 0

#Transform 60
Transform: AffineTransform_float_3_3
Parameters: 0.999999 0.0012477 0.00125168 -0.00124918 0.999999 0.00135028 -0.00125043 -0.00135246 0.999999 -0.0489835 -0.137701 -0.140772
FixedParameters: 0 0 0

#Transform 61
Transform: AffineTransform_float_3_3
Parameters: 0.999999 0.00155462 0.000998151 -0.00155618 0.999998 0.00124006 -0.0009964 -0.00124132 0.999998 -0.0387783 -0.115789 -0.13275
FixedParameters: 0 0 0

#Transform 62
Transform: AffineTransform_float_3_3
Parameters: 0.999998 0.00195983 0.00118572 -0.0019611 0.999998 0.00132687 -0.00118369 -0.00132871 0.999999 -0.0293217 -0.128693 -0.141717
FixedParameters: 0 0 0

#Transform 63
Transform: AffineTransform_float_3_3
Parameters: 0.999997 0.00196479 0.00140749 -0.00196759 0.999997 0.00166139 -0.00140407 -0.00166399 0.999998 -0.0404491 -0.138374 -0.174116
FixedParameters: 0 0 0

#Transform 64
Transform: AffineTransform_float_3_3
Parameters: 0.999999 0.00107082 0.000681372 -0.00107156 0.999998 0.00124965 -0.000679755 -0.00125014 0.999999 -0.0420127 -0.141969 -0.182183
FixedParameters: 0 0 0

#Transform 65
Transform: AffineTransform_float_3_3
Parameters: 0.999999 0.00105578 0.000665558 -0.00105652 1 0.000574085 -0.000664395 -0.000574623 0.999999 -0.0260197 -0.0947624 -0.143993
FixedParameters: 0 0 0

#Transform 66
Transform: AffineTransform_float_3_3
Parameters: 0.999999 0.00101295 0.000856529 -0.00101375 1 0.000479621 -0.000855557 -0.000480364 1 -0.0329316 -0.0614682 -0.0864692
FixedParameters: 0 0 0

#Transform 67
Transform: AffineTransform_float_3_3
Parameters: 0.999999 0.000608048 0.000615295 -0.000608636 0.999999 0.00047763 -0.000614713 -0.000478378 0.999999 -0.0243687 -0.0584473 -0.0705622
FixedParameters: 0 0 0

#Transform 68
Transform: AffineTransform_float_3_3
Parameters: 1 0.000485914 0.000362007 -0.000485619 1 -0.00040703 -0.000362402 0.000406678 1 -0.0164727 -0.0286213 -0.0419455
FixedParameters: 0 0 0

#Transform 69
Transform: AffineTransform_float_3_3
Parameters: 0.999999 0.000773452 0.000633557 -0.000773231 0.999999 -0.000155691 -0.000633799 0.000155703 1 -0.0198226 -0.0295951 -0.0331974
FixedParameters: 0 0 0

#Transform 70
Transform: AffineTransform_float_3_3
Parameters: 1 0.000646974 0.000197675 -0.000647922 1 -0.0001257 -0.000197775 0.000125468 1 -0.0132342 -0.0368109 -0.0329186
FixedParameters: 0 0 0

#Transform 71
Transform: AffineTransform_float_3_3
Parameters: 0.999999 0.000528838 0.000629297 -0.000528537 0.999999 0.000553723 -0.000628774 -0.000554412 0.999999 -0.01853 -0.0666114 -0.0704865
FixedParameters: 0 0 0

#Transform 72
Transform: AffineTransform_float_3_3
Parameters: 1 0.000620713 0.000786499 -0.000620597 1 -7.66112e-05 -0.000786642 7.56349e-05 0.999999 -0.0247406 -0.0397027 -0.0619312
FixedParameters: 0 0 0

#Transform 73
Transform: AffineTransform_float_3_3
Parameters: 0.999999 0.000605828 0.000582054 -0.000605739 1 -7.65245e-05 -0.000582146 7.58192e-05 1 -0.0145853 -0.0216072 -0.0337279
FixedParameters: 0 0 0

#Transform 74
Transform: AffineTransform_float_3_3
Parameters: 0.999999 0.000535607 0.000691685 -0.000536434 1 -7.83977e-05 -0.000690709 7.76779e-05 0.999999 -0.0310062 -0.0519626 -0.0722808
FixedParameters: 0 0 0

#Transform 75
Transform: AffineTransform_float_3_3
Parameters: 1 0.000424862 0.000408148 -0.000424919 1 6.95623e-05 -0.000408089 -6.99092e-05 1 -0.0253608 -0.025667 -0.0610329
FixedParameters: 0 0 0

#Transform 76
Transform: AffineTransform_float_3_3
Parameters: 0.999999 0.000639402 0.000374395 -0.000640151 1 -0.000299325 -0.000374717 0.000299862 1 -0.0179121 0.00500711 -0.0274189
FixedParameters: 0 0 0

#Transform 77
Transform: AffineTransform_float_3_3
Parameters: 1 0.000448019 0.000458628 -0.000447717 1 -0.000330107 -0.000458923 0.000329696 1 -0.0158323 -0.0396519 -0.0412556
FixedParameters: 0 0 0

#Transform 78
Transform: AffineTransform_float_3_3
Parameters: 1 0.000375453 0.00059841 -0.00037472 1 -0.00056118 -0.000597834 0.000560729 0.999999 -0.0197974 -0.0334097 -0.0497273
FixedParameters: 0 0 0

#Transform 79
Transform: AffineTransform_float_3_3
Parameters: 1 0.000635803 0.000853504 -0.000636073 0.999999 -0.000426427 -0.000853983 0.00042549 1 -0.0215483 -0.0118446 -0.0361993
FixedParameters: 0 0 0

#Transform 80
Transform: AffineTransform_float_3_3
Parameters: 1 0.000635506 0.000921719 -0.000635884 1 -0.000322553 -0.000922068 0.000322523 1 -0.0220491 -0.0585436 -0.0531245
FixedParameters: 0 0 0

#Transform 81
Transform: AffineTransform_float_3_3
Parameters: 1 0.000648747 0.000982812 -0.000648463 1 -0.000652541 -0.000983595 0.00065129 1 -0.0181722 -0.0155257 -0.0332213
FixedParameters: 0 0 0

#Transform 82
Transform: AffineTransform_float_3_3
Parameters: 0.999999 0.000620226 0.000552526 -0.000619996 1 -0.00108541 -0.000553762 0.00108574 0.999999 -0.0134654 -0.0215344 -0.0199619
FixedParameters: 0 0 0

#Transform 83
Transform: AffineTransform_float_3_3
Parameters: 0.999999 0.000283277 0.00080963 -0.000282871 0.999999 -0.000864763 -0.000810008 0.000864454 1 -0.0234071 -0.0350694 -0.0201392
FixedParameters: 0 0 0

#Transform 84
Transform: AffineTransform_float_3_3
Parameters: 0.999999 0.000191456 0.000754382 -0.000191332 0.999999 -0.000741788 -0.000754555 0.000741649 1 -0.0236345 -0.0314334 -0.0414691
FixedParameters: 0 0 0

#Transform 85
Transform: AffineTransform_float_3_3
Parameters: 1 -5.92153e-06 0.000592617 6.29732e-06 1 -0.00115638 -0.000592491 0.00115642 0.999999 -0.0398213 -0.26909 -0.0682366
FixedParameters: 0 0 0

#Transform 86
Transform: AffineTransform_float_3_3
Parameters: 0.999959 -0.0016205 -0.00885698 0.00117371 0.998738 -0.0502198 0.00892763 0.0502079 0.998699 0.280006 0.289316 1.67508
FixedParameters: 0 0 0

#Transform 87
Transform: AffineTransform_float_3_3
Parameters: 0.999987 -1.4102e-05 -0.00521305 -0.000122504 0.999657 -0.026179 0.00521133 0.0261799 0.999643 0.25652 0.800796 0.707266
FixedParameters: 0 0 0

#Transform 88
Transform: AffineTransform_float_3_3
Parameters: 0.999993 -0.000484093 -0.00386956 0.000391551 0.999711 -0.0240112 0.00387975 0.0240095 0.999705 0.192903 0.68107 0.758057
FixedParameters: 0 0 0

#Transform 89
Transform: AffineTransform_float_3_3
Parameters: 0.999994 -0.000889611 -0.00322194 0.000820059 0.999769 -0.0214495 0.00324043 0.0214469 0.999765 0.154524 0.563997 0.647241
FixedParameters: 0 0 0

#Transform 90
Transform: AffineTransform_float_3_3
Parameters: 0.999994 -0.00146268 -0.00325109 0.00139294 0.999772 -0.0212883 0.00328143 0.0212828 0.999768 0.154663 0.618693 0.688254
FixedParameters: 0 0 0

#Transform 91
Transform: AffineTransform_float_3_3
Parameters: 0.999994 -0.00202308 -0.00284678 0.00195999 0.999754 -0.022072 0.00289138 0.0220663 0.999752 0.157072 0.619226 0.586678
FixedParameters: 0 0 0

#Transform 92
Transform: AffineTransform_float_3_3
Parameters: 0.999995 -0.00166113 -0.00271511 0.00158701 0.999635 -0.0269656 0.00275867 0.0269612 0.999633 0.152836 0.75908 0.777385
FixedParameters: 0 0 0

#Transform 93
Transform: AffineTransform_float_3_3
Parameters: 0.999993 -0.0020543 -0.00285376 0.00198135 0.999681 -0.0251848 0.00290411 0.0251786 0.999678 0.13514 0.655635 0.749433
FixedParameters: 0 0 0

#Transform 94
Transform: AffineTransform_float_3_3
Parameters: 0.999995 -0.00184895 -0.00262218 0.00178766 0.999729 -0.0232476 0.00266485 0.0232426 0.999726 0.133925 0.62413 0.672415
FixedParameters: 0 0 0

#Transform 95
Transform: AffineTransform_float_3_3
Parameters: 0.999995 -0.00212382 -0.00255066 0.00206525 0.99974 -0.0226968 0.00259839 0.0226917 0.999739 0.116972 0.647469 0.666122
FixedParameters: 0 0 0

#Transform 96
Transform: AffineTransform_float_3_3
Parameters: 0.999994 -0.00234015 -0.00274947 0.00227949 0.999753 -0.0221147 0.00280035 0.0221084 0.999751 0.130034 0.629519 0.647219
FixedParameters: 0 0 0

#Transform 97
Transform: AffineTransform_float_3_3
Parameters: 0.999994 -0.00229405 -0.00246873 0.00224058 0.999773 -0.0211989 0.00251628 0.0211934 0.999772 0.111319 0.576637 0.563706
FixedParameters: 0 0 0

#Transform 98
Transform: AffineTransform_float_3_3
Parameters: 0.999994 -0.00268676 -0.00237499 0.00263717 0.999782 -0.0206903 0.00243011 0.0206842 0.999783 0.0975962 0.590521 0.559869
FixedParameters: 0 0 0

#Transform 99
Transform: AffineTransform_float_3_3
Parameters: 0.999993 -0.00275332 -0.00253666 0.00270113 0.999787 -0.0204682 0.00259288 0.0204609 0.999788 0.114331 0.546676 0.566478
FixedParameters: 0 0 0

#Transform 100
Transform: AffineTransform_float_3_3
Parameters: 0.999993 -0.00281585 -0.00243465 0.00276562 0.99979 -0.0202937 0.0024915 0.0202866 0.999791 0.0984688 0.558338 0.528407
FixedParameters: 0 0 0

#Transform 101
Transform: AffineTransform_float_3_3
Parameters: 0.999993 -0.0029402 -0.00252131 0.0028887 0.999788 -0.0204003 0.00258067 0.0203929 0.999788 0.111624 0.589891 0.547479
FixedParameters: 0 0 0

#Transform 102
Transform: AffineTransform_float_3_3
Parameters: 0.999992 -0.00326084 -0.00248228 0.00321099 0.999797 -0.0199067 0.00254616 0.0198989 0.999799 0.0982421 0.551874 0.492498
FixedParameters: 0 0 0

#Transform 103
Transform: AffineTransform_float_3_3
Parameters: 0.999994 -0.00277684 -0.00228959 0.00272868 0.999778 -0.0208797 0.00234678 0.0208736 0.99978 0.10707 0.592927 0.546932
FixedParameters: 0 0 0

#Transform 104
Transform: AffineTransform_float_3_3
Parameters: 0.999991 -0.00330213 -0.00269586 0.00324634 0.999781 -0.0206785 0.00276362 0.0206689 0.999782 0.102277 0.592056 0.557081
FixedParameters: 0 0 0

#Transform 105
Transform: AffineTransform_float_3_3
Parameters: 0.999992 -0.00280452 -0.00273545 0.00274616 0.999769 -0.0213331 0.00279485 0.0213252 0.999768 0.118325 0.584827 0.605559
FixedParameters: 0 0 0

#Transform 106
Transform: AffineTransform_float_3_3
Parameters: 0.999992 -0.00318068 -0.00239503 0.00312866 0.99977 -0.0212258 0.00246127 0.0212179 0.999772 0.0927501 0.59334 0.604681
FixedParameters: 0 0 0

#Transform 107
Transform: AffineTransform_float_3_3
Parameters: 0.999992 -0.0033139 -0.0021493 0.00327064 0.999794 -0.0200256 0.00221475 0.0200188 0.999797 0.0778372 0.550494 0.569505
FixedParameters: 0 0 0

#Transform 108
Transform: AffineTransform_float_3_3
Parameters: 0.999993 -0.00286735 -0.00226941 0.00282118 0.999801 -0.0197898 0.00232635 0.0197833 0.999801 0.0926617 0.559393 0.540938
FixedParameters: 0 0 0

#Transform 109
Transform: AffineTransform_float_3_3
Parameters: 0.999993 -0.00242524 -0.00274583 0.00235723 0.999698 -0.0244436 0.00280473 0.0244368 0.999697 0.109123 0.658219 0.722538
FixedParameters: 0 0 0

#Transform 110
Transform: AffineTransform_float_3_3
Parameters: 0.999995 -0.00240746 -0.00227656 0.00235721 0.999765 -0.02156 0.00232825 0.0215537 0.999765 0.092627 0.655523 0.634793
FixedParameters: 0 0 0

#Transform 111
Transform: AffineTransform_float_3_3
Parameters: 0.999993 -0.00255608 -0.00280911 0.002495 0.999766 -0.0215054 0.00286383 0.0214976 0.999765 0.110193 0.56443 0.638802
FixedParameters: 0 0 0

#Transform 112
Transform: AffineTransform_float_3_3
Parameters: 0.999994 -0.00222234 -0.00251795 0.0021636 0.999729 -0.0231616 0.00256862 0.0231561 0.999728 0.116697 0.641273 0.697216
FixedParameters: 0 0 0

#Transform 113
Transform: AffineTransform_float_3_3
Parameters: 0.999993 -0.00286883 -0.00256166 0.00280961 0.999735 -0.02283 0.00262592 0.0228228 0.999736 0.10814 0.64182 0.708065
FixedParameters: 0 0 0

#Transform 114
Transform: AffineTransform_float_3_3
Parameters: 0.999994 -0.00249999 -0.00234809 0.00244711 0.99975 -0.0222397 0.00240256 0.0222336 0.99975 0.118403 0.60787 0.685566
FixedParameters: 0 0 0

#Transform 115
Transform: AffineTransform_float_3_3
Parameters: 0.999996 -0.00195417 -0.00233692 0.00190175 0.999746 -0.0224562 0.00238022 0.0224518 0.999745 0.118545 0.653846 0.647878
FixedParameters: 0 0 0

#Transform 116
Transform: AffineTransform_float_3_3
Parameters: 0.999995 -0.00236226 -0.00230162 0.00230988 0.999741 -0.0226161 0.00235412 0.0226109 0.999741 0.105072 0.694779 0.666167
FixedParameters: 0 0 0

#Transform 117
Transform: AffineTransform_float_3_3
Parameters: 0.999994 -0.00241631 -0.00247201 0.00235991 0.999745 -0.0224646 0.00252486 0.0224584 0.999745 0.106624 0.633993 0.658908
FixedParameters: 0 0 0

#Transform 118
Transform: AffineTransform_float_3_3
Parameters: 0.999994 -0.00261909 -0.00218843 0.00256911 0.999749 -0.0222308 0.00224543 0.0222249 0.99975 0.0921095 0.626884 0.595386
FixedParameters: 0 0 0

#Transform 119
Transform: AffineTransform_float_3_3
Parameters: 0.999995 -0.00253349 -0.00180427 0.002494 0.999757 -0.0219011 0.0018592 0.0218966 0.999758 0.0830893 0.661759 0.624345
FixedParameters: 0 0 0

#Transform 120
Transform: AffineTransform_float_3_3
Parameters: 0.999994 -0.00240105 -0.00215872 0.00235468 0.999774 -0.0211706 0.0022092 0.021166 0.999774 0.0981913 0.603619 0.51297
FixedParameters: 0 0 0

#Transform 121
Transform: AffineTransform_float_3_3
Parameters: 0.999995 -0.0024916 -0.00183516 0.00245156 0.999766 -0.0214689 0.00188871 0.0214645 0.999768 0.087624 0.657716 0.579398
FixedParameters: 0 0 0

#Transform 122
Transform: AffineTransform_float_3_3
Parameters: 0.999994 -0.00292521 -0.00159283 0.0028897 0.999759 -0.0217641 0.00165535 0.0217594 0.999762 0.0735797 0.630838 0.575951
FixedParameters: 0 0 0

#Transform 123
Transform: AffineTransform_float_3_3
Parameters: 0.999995 -0.00245835 -0.00187031 0.00241775 0.999761 -0.0217411 0.00192293 0.0217367 0.999762 0.0935479 0.664933 0.58826
FixedParameters: 0 0 0

#Transform 124
Transform: AffineTransform_float_3_3
Parameters: 0.999996 -0.00234002 -0.0014614 0.002308 0.999765 -0.0215366 0.00151153 0.0215327 0.999767 0.0821415 0.631021 0.568614
FixedParameters: 0 0 0

#Transform 125
Transform: AffineTransform_float_3_3
Parameters: 0.999997 -0.00230674 -0.00094358 0.00228702 0.999775 -0.0210853 0.000992723 0.0210831 0.999778 0.0640405 0.640676 0.531986
FixedParameters: 0 0 0

#Transform 126
Transform: AffineTransform_float_3_3
Parameters: 0.999997 -0.00213544 -0.000954717 0.00211281 0.999748 -0.0223573 0.0010023 0.0223553 0.999749 0.0778598 0.659116 0.624133
FixedParameters: 0 0 0

#Transform 127
Transform: AffineTransform_float_3_3
Parameters: 0.999997 -0.00206686 -0.0014276 0.00203596 0.99976 -0.0218107 0.00147244 0.0218077 0.999761 0.0892205 0.603625 0.555004
FixedParameters: 0 0 0

#Transform 128
Transform: AffineTransform_float_3_3
Parameters: 0.999998 -0.0018352 -0.00119181 0.00180584 0.999715 -0.0238002 0.00123528 0.0237979 0.999716 0.101702 0.7248 0.733077
FixedParameters: 0 0 0

#Transform 129
Transform: AffineTransform_float_3_3
Parameters: 0.999996 -0.00236659 -0.0013796 0.00233463 0.999747 -0.0223525 0.00143266 0.0223499 0.999749 0.0808677 0.612563 0.594699
FixedParameters: 0 0 0

#Transform 130
Transform: AffineTransform_float_3_3
Parameters: 0.999995 -0.00258037 -0.00188718 0.00253443 0.999708 -0.0240691 0.00194914 0.0240648 0.999708 0.102967 0.75183 0.744619
FixedParameters: 0 0 0

#Transform 131
Transform: AffineTransform_float_3_3
Parameters: 0.999997 -0.00187129 -0.00137143 0.00183894 0.999736 -0.0229079 0.00141401 0.0229048 0.999736 0.105286 0.641884 0.616803
FixedParameters: 0 0 0

#Transform 132
Transform: AffineTransform_float_3_3
Parameters: 0.999995 -0.00238534 -0.00157816 0.00235024 0.999759 -0.021833 0.00163073 0.0218284 0.999761 0.102996 0.681144 0.597483
FixedParameters: 0 0 0

#Transform 133
Transform: AffineTransform_float_3_3
Parameters: 0.999997 -0.00229437 -0.00135142 0.00226359 0.999754 -0.0220706 0.00140172 0.0220672 0.999755 0.100038 0.65353 0.59592
FixedParameters: 0 0 0

#Transform 134
Transform: AffineTransform_float_3_3
Parameters: 0.999996 -0.00218713 -0.00131298 0.00215804 0.999768 -0.0214395 0.00135937 0.0214369 0.99977 0.0946998 0.6315 0.532543
FixedParameters: 0 0 0

#Transform 135
Transform: AffineTransform_float_3_3
Parameters: 0.999997 -0.00210639 -0.00123356 0.00207873 0.999751 -0.0222127 0.00127954 0.0222095 0.999752 0.10241 0.713634 0.654067
FixedParameters: 0 0 0

#Transform 136
Transform: AffineTransform_float_3_3
Parameters: 0.999997 -0.00217382 -0.00112556 0.00214806 0.999743 -0.0225434 0.00117453 0.0225416 0.999746 0.0972816 0.6503 0.597629
FixedParameters: 0 0 0

#Transform 137
Transform: AffineTransform_float_3_3
Parameters: 0.999996 -0.00254739 -0.00107474 0.00252235 0.999744 -0.022482 0.00113219 0.0224794 0.999747 0.0918423 0.708644 0.606441
FixedParameters: 0 0 0

#Transform 138
Transform: AffineTransform_float_3_3
Parameters: 0.999996 -0.00233973 -0.00133786 0.00230871 0.99974 -0.0226688 0.00139056 0.0226656 0.999742 0.118981 0.682243 0.619563
FixedParameters: 0 0 0

#Transform 139
Transform: AffineTransform_float_3_3
Parameters: 0.999996 -0.00270285 -0.00098121 0.00268158 0.999772 -0.0211965 0.00103859 0.0211931 0.999775 0.09666 0.682325 0.525779
FixedParameters: 0 0 0

#Transform 140
Transform: AffineTransform_float_3_3
Parameters: 0.999995 -0.00293404 -0.000844813 0.00291462 0.999755 -0.0219364 0.000908292 0.0219333 0.99976 0.0941316 0.71192 0.544064
FixedParameters: 0 0 0

#Transform 141
Transform: AffineTransform_float_3_3
Parameters: 0.999996 -0.00254024 -0.000899261 0.0025208 0.999763 -0.0216304 0.000953528 0.0216278 0.999766 0.096348 0.687502 0.517958
FixedParameters: 0 0 0

#Transform 142
Transform: AffineTransform_float_3_3
Parameters: 0.999995 -0.00286429 -0.00159725 0.00282786 0.999747 -0.0222986 0.00166066 0.0222942 0.99975 0.110155 0.726132 0.596198
FixedParameters: 0 0 0

#Transform 143
Transform: AffineTransform_float_3_3
Parameters: 0.999995 -0.00292726 -0.0011045 0.00290168 0.999756 -0.0218815 0.00116886 0.0218779 0.99976 0.0968753 0.663331 0.535925
FixedParameters: 0 0 0

#Transform 144
Transform: AffineTransform_float_3_3
Parameters: 0.999997 -0.00252081 -0.000749005 0.00250411 0.999753 -0.0220859 0.00080446 0.0220841 0.999756 0.0967271 0.727127 0.595633
FixedParameters: 0 0 0

#Transform 145
Transform: AffineTransform_float_3_3
Parameters: 0.999996 -0.00266788 -0.000704531 0.00265197 0.999754 -0.0220315 0.000763235 0.0220298 0.999757 0.095861 0.668394 0.580683
FixedParameters: 0 0 0

#Transform 146
Transform: AffineTransform_float_3_3
Parameters: 0.999996 -0.00264596 -0.000705887 0.00262975 0.99975 -0.0222001 0.000764653 0.0221983 0.999753 0.0900644 0.703422 0.551669
FixedParameters: 0 0 0

#Transform 147
Transform: AffineTransform_float_3_3
Parameters: 0.999996 -0.00267382 -0.000566091 0.00266071 0.999764 -0.0215373 0.000624193 0.0215364 0.999768 0.0829416 0.68981 0.530206
FixedParameters: 0 0 0

#Transform 148
Transform: AffineTransform_float_3_3
Parameters: 0.999996 -0.00267166 -0.00100232 0.00264939 0.999761 -0.0217079 0.00106055 0.0217044 0.999764 0.0989865 0.694715 0.588346
FixedParameters: 0 0 0

#Transform 149
Transform: AffineTransform_float_3_3
Parameters: 0.999997 -0.00210823 -0.00116533 0.00208178 0.999752 -0.0221416 0.00121119 0.0221388 0.999754 0.104462 0.67412 0.549822
FixedParameters: 0 0 0

#Transform 150
Transform: AffineTransform_float_3_3
Parameters: 0.999997 -0.00203951 -0.000540245 0.00202699 0.999738 -0.0227919 0.000586571 0.022791 0.99974 0.0922676 0.742683 0.618681
FixedParameters: 0 0 0

#Transform 151
Transform: AffineTransform_float_3_3
Parameters: 0.999997 -0.00233219 -0.000946723 0.00231186 0.999762 -0.0217272 0.000996441 0.0217247 0.999763 0.101842 0.665476 0.54
FixedParameters: 0 0 0

#Transform 152
Transform: AffineTransform_float_3_3
Parameters: 0.999997 -0.00211211 -0.000966575 0.00209139 0.999772 -0.0212494 0.00101132 0.0212475 0.999774 0.0933971 0.696036 0.529102
FixedParameters: 0 0 0

#Transform 153
Transform: AffineTransform_float_3_3
Parameters: 0.999997 -0.00211995 -0.000917055 0.00210033 0.999783 -0.0207364 0.000960573 0.0207337 0.999784 0.0918785 0.66682 0.521138
FixedParameters: 0 0 0

#Transform 154
Transform: AffineTransform_float_3_3
Parameters: 0.999997 -0.00194731 -0.000898049 0.00192909 0.999806 -0.0195947 0.000936092 0.0195935 0.999808 0.0780229 0.629501 0.41533
FixedParameters: 0 0 0

#Transform 155
Transform: AffineTransform_float_3_3
Parameters: 0.999997 -0.00213913 -0.000880867 0.00212116 0.999795 -0.0201307 0.00092311 0.0201281 0.999797 0.0868035 0.681674 0.503578
FixedParameters: 0 0 0

#Transform 156
Transform: AffineTransform_float_3_3
Parameters: 0.999997 -0.0019618 -0.000898313 0.00194376 0.999818 -0.0189769 0.000934989 0.0189757 0.99982 0.0803327 0.624393 0.44708
FixedParameters: 0 0 0

#Transform 157
Transform: AffineTransform_float_3_3
Parameters: 0.999996 -0.00264019 -0.000843703 0.00262377 0.999822 -0.018661 0.000892093 0.0186586 0.999825 0.0564241 0.647673 0.483152
FixedParameters: 0 0 0

#Transform 158
Transform: AffineTransform_float_3_3
Parameters: 0.999996 -0.00265255 -0.000676299 0.00264001 0.999829 -0.01828 0.00072505 0.0182785 0.999832 0.0740955 0.567335 0.478014
FixedParameters: 0 0 0

#Transform 159
Transform: AffineTransform_float_3_3
Parameters: 0.999996 -0.00276823 -0.00102159 0.00275007 0.999838 -0.0177922 0.00107095 0.0177895 0.999841 0.0741874 0.609801 0.455582
FixedParameters: 0 0 0

#Transform 160
Transform: AffineTransform_float_3_3
Parameters: 0.999996 -0.00269893 -0.000839934 0.0026832 0.999828 -0.0183253 0.00088843 0.0183229 0.999832 0.0845862 0.600603 0.492177
FixedParameters: 0 0 0

#Transform 161
Transform: AffineTransform_float_3_3
Parameters: 0.999997 -0.00228779 -0.000875912 0.00227229 0.999846 -0.0173637 0.000915208 0.0173619 0.999849 0.0933653 0.557786 0.415676
FixedParameters: 0 0 0

#Transform 162
Transform: AffineTransform_float_3_3
Parameters: 0.999996 -0.00270187 -0.00126093 0.00267767 0.999827 -0.0183769 0.00131026 0.0183741 0.999831 0.0846494 0.65174 0.506594
FixedParameters: 0 0 0

#Transform 163
Transform: AffineTransform_float_3_3
Parameters: 0.999996 -0.00265659 -0.000925082 0.00264137 0.999865 -0.0161787 0.000967893 0.0161759 0.999868 0.0858269 0.52705 0.37259
FixedParameters: 0 0 0

#Transform 164
Transform: AffineTransform_float_3_3
Parameters: 0.999997 -0.00261052 -0.000703218 0.00259847 0.999855 -0.0167925 0.000746471 0.01679 0.999859 0.0690091 0.609945 0.423426
FixedParameters: 0 0 0

#Transform 165
Transform: AffineTransform_float_3_3
Parameters: 0.999996 -0.00238451 -0.00100913 0.0023667 0.99985 -0.0171612 0.00104951 0.0171585 0.999852 0.0952018 0.544274 0.376843
FixedParameters: 0 0 0

#Transform 166
Transform: AffineTransform_float_3_3
Parameters: 0.999996 -0.00239446 -0.000936298 0.00237829 0.999852 -0.0170864 0.000976708 0.0170841 0.999854 0.0884184 0.611198 0.431641
FixedParameters: 0 0 0

#Transform 167
Transform: AffineTransform_float_3_3
Parameters: 0.999997 -0.00261382 -0.000710442 0.00260201 0.999869 -0.0159513 0.000752842 0.0159499 0.999873 0.0697481 0.518243 0.417386
FixedParameters: 0 0 0

#Transform 168
Transform: AffineTransform_float_3_3
Parameters: 0.999998 -0.0022009 -0.000744304 0.00218938 0.999879 -0.0154478 0.000778958 0.0154469 0.99988 0.081333 0.559737 0.406919
FixedParameters: 0 0 0

#Transform 169
Transform: AffineTransform_float_3_3
Parameters: 0.999996 -0.00248566 -0.000719541 0.00247407 0.999864 -0.0163113 0.000759869 0.0163098 0.999866 0.0817131 0.566446 0.423621
FixedParameters: 0 0 0

#Transform 170
Transform: AffineTransform_float_3_3
Parameters: 0.999997 -0.00255429 -0.00071713 0.00254245 0.999881 -0.0152647 0.000756646 0.0152622 0.999883 0.0693945 0.537176 0.368532
FixedParameters: 0 0 0

#Transform 171
Transform: AffineTransform_float_3_3
Parameters: 0.999997 -0.00260318 -0.000711821 0.0025916 0.999873 -0.0157691 0.000752791 0.0157675 0.999876 0.0924742 0.584646 0.426514
FixedParameters: 0 0 0

#Transform 172
Transform: AffineTransform_float_3_3
Parameters: 0.999998 -0.00221994 -0.000743901 0.00220911 0.999885 -0.0150222 0.000777924 0.0150202 0.999887 0.0940932 0.497952 0.370742
FixedParameters: 0 0 0

#Transform 173
Transform: AffineTransform_float_3_3
Parameters: 0.999998 -0.00220038 -0.000743333 0.00218815 0.999872 -0.0158509 0.000778027 0.015849 0.999874 0.098153 0.566199 0.399487
FixedParameters: 0 0 0

#Transform 174
Transform: AffineTransform_float_3_3
Parameters: 0.999996 -0.00265455 -0.00114082 0.00263601 0.999876 -0.0155297 0.00118146 0.0155267 0.999878 0.107518 0.548119 0.411554
FixedParameters: 0 0 0

#Transform 175
Transform: AffineTransform_float_3_3
Parameters: 0.999998 -0.00222626 -0.000788019 0.00221415 0.999893 -0.0144291 0.000820251 0.0144281 0.999896 0.0959254 0.523819 0.319575
FixedParameters: 0 0 0

#Transform 176
Transform: AffineTransform_float_3_3
Parameters: 0.999997 -0.00219775 -0.000608114 0.00218791 0.999884 -0.0150465 0.000640882 0.0150443 0.999887 0.0772345 0.528732 0.322572
FixedParameters: 0 0 0

#Transform 177
Transform: AffineTransform_float_3_3
Parameters: 0.999996 -0.00250881 -0.000788858 0.00249589 0.999863 -0.0163299 0.000829998 0.0163272 0.999867 0.0843182 0.617331 0.39234
FixedParameters: 0 0 0

#Transform 178
Transform: AffineTransform_float_3_3
Parameters: 0.999996 -0.00270725 -0.000838535 0.00269386 0.999874 -0.0156077 0.000880617 0.0156053 0.999878 0.0857103 0.520086 0.379926
FixedParameters: 0 0 0

#Transform 179
Transform: AffineTransform_float_3_3
Parameters: 0.999997 -0.0022296 -0.000813729 0.00221717 0.999881 -0.0152695 0.000847256 0.0152682 0.999883 0.0811533 0.537262 0.380908
FixedParameters: 0 0 0

#Transform 180
Transform: AffineTransform_float_3_3
Parameters: 0.999997 -0.00268242 -0.000473627 0.00267573 0.999891 -0.0145174 0.000512785 0.0145161 0.999895 0.0575046 0.550479 0.387187
FixedParameters: 0 0 0

#Transform 181
Transform: AffineTransform_float_3_3
Parameters: 0.999999 -0.00164685 -0.000190056 0.00164361 0.999895 -0.0143614 0.000214065 0.0143616 0.999897 0.0646623 0.590259 0.345897
FixedParameters: 0 0 0

#Transform 182
Transform: AffineTransform_float_3_3
Parameters: 0.999998 -0.00194801 -0.000327105 0.00194428 0.999923 -0.0122033 0.000350766 0.0122026 0.999926 0.0748338 0.375166 0.247254
FixedParameters: 0 0 0

#Transform 183
Transform: AffineTransform_float_3_3
Parameters: 0.999998 -0.00229953 -0.000536303 0.0022919 0.999907 -0.0133965 0.000567488 0.0133955 0.99991 0.071345 0.534718 0.325542
FixedParameters: 0 0 0

#Transform 184
Transform: AffineTransform_float_3_3
Parameters: 0.999998 -0.00178748 -0.000691192 0.00177904 0.999925 -0.0121754 0.000712567 0.0121735 0.999926 0.0718688 0.429701 0.208624
FixedParameters: 0 0 0

#Transform 185
Transform: AffineTransform_float_3_3
Parameters: 0.999997 -0.00218331 -0.000555425 0.00217659 0.999939 -0.0108319 0.000578966 0.0108309 0.999941 0.0578067 0.419363 0.281329
FixedParameters: 0 0 0

#Transform 186
Transform: AffineTransform_float_3_3
Parameters: 0.999997 -0.00224627 -0.000541295 0.00224122 0.999965 -0.00813864 0.000560017 0.00813672 0.999967 0.0349044 0.228957 0.341894
FixedParameters: 0 0 0

#Transform 187
Transform: AffineTransform_float_3_3
Parameters: 0.999998 -0.0020932 -0.000258465 0.00208973 0.999936 -0.0111656 0.00028187 0.011165 0.999938 0.03059 0.44478 0.391144
FixedParameters: 0 0 0

#Transform 188
Transform: AffineTransform_float_3_3
Parameters: 0.999999 -0.00160795 0.00012789 0.00160835 0.999947 -0.0101902 -0.000111606 0.0101904 0.999948 0.0280199 0.33466 0.295956
FixedParameters: 0 0 0

#Transform 189
Transform: AffineTransform_float_3_3
