# transform file /out/sourcedata/freesurfer/sub-v1s22x0050518_ses-1/mri/transforms/cc_up.lta
# created by oesteban on Mon Mar  9 17:57:41 2026

type      = 0 # LINEAR_VOX_TO_VOX
nxforms   = 1
mean      = 128.0000 104.0000 114.0000
sigma     = 10000.0000
1 4 4
9.974214434623718e-01 -6.284705549478531e-02 3.465161100029945e-02 3.423737525939941e+00 
6.280916184186935e-02 9.980232119560242e-01 2.182065509259701e-03 3.392192077636719e+01 
-3.472024574875832e-02 -2.328306436538696e-10 9.993970990180969e-01 2.449430465698242e+01 
0.000000000000000e+00 0.000000000000000e+00 0.000000000000000e+00 1.000000000000000e+00 
src volume info
valid = 1  # volume info valid
filename = /out/sourcedata/freesurfer/sub-v1s22x0050518_ses-1/mri/norm.mgz
volume = 256 256 256
voxelsize = 1.000000000000000e+00 1.000000000000000e+00 1.000000000000000e+00
xras   = -9.999999403953552e-01 0.000000000000000e+00 0.000000000000000e+00
yras   = 0.000000000000000e+00 0.000000000000000e+00 -9.999999403953552e-01
zras   = 0.000000000000000e+00 1.000000000000000e+00 0.000000000000000e+00
cras   = -9.487228393554688e-01 4.528195953369141e+01 -1.194421386718750e+01
dst volume info
valid = 1  # volume info valid
filename = /out/sourcedata/freesurfer/sub-v1s22x0050518_ses-1/mri/norm.mgz
volume = 256 256 256
voxelsize = 1.000000000000000e+00 1.000000000000000e+00 1.000000000000000e+00
xras   = -9.999999403953552e-01 0.000000000000000e+00 0.000000000000000e+00
yras   = 0.000000000000000e+00 0.000000000000000e+00 -9.999999403953552e-01
zras   = 0.000000000000000e+00 1.000000000000000e+00 0.000000000000000e+00
cras   = -9.487228393554688e-01 4.528195953369141e+01 -1.194421386718750e+01
