#Insight Transform File V1.0
#Transform 0
Transform: AffineTransform_float_3_3
Parameters: 1 0.000482078 -0.000417745 -0.00048191 1 -0.000992831 0.000416692 0.000993265 1 -0.0105853 -0.0344685 0.056715
FixedParameters: 0 0 0

#Transform 1
Transform: AffineTransform_float_3_3
Parameters: 1 0.000437753 -0.000416277 -0.000438668 1 -0.00109754 0.000415252 0.00109791 1 -0.00210595 -0.0459261 0.0603252
FixedParameters: 0 0 0

#Transform 2
Transform: AffineTransform_float_3_3
Parameters: 1 0.000492048 -1.68944e-05 -0.000492086 1 -0.00107998 1.57688e-05 0.00108 1 -0.00192566 -0.0418093 0.0398849
FixedParameters: 0 0 0

#Transform 3
Transform: AffineTransform_float_3_3
Parameters: 1 0.000472661 -0.000295392 -0.000473266 1 -0.00107554 0.000294311 0.00107482 1 0.00311064 -0.0386698 0.0345756
FixedParameters: 0 0 0

#Transform 4
Transform: AffineTransform_float_3_3
Parameters: 1 0.000421214 -5.13044e-05 -0.000421255 0.999999 -0.000716601 5.16982e-05 0.000716646 1 -0.0100404 -0.0467582 0.0253908
FixedParameters: 0 0 0

#Transform 5
Transform: AffineTransform_float_3_3
Parameters: 1 0.000278357 -0.000275647 -0.000278858 0.999999 -0.000909399 0.00027514 0.000909553 0.999999 -0.00614249 -0.0387454 0.0333782
FixedParameters: 0 0 0

#Transform 6
Transform: AffineTransform_float_3_3
Parameters: 1 0.000408814 -0.000415186 -0.000408594 1 -0.000938566 0.000414385 0.00093887 0.999999 -0.000630219 -0.0330798 0.0235641
FixedParameters: 0 0 0

#Transform 7
Transform: AffineTransform_float_3_3
Parameters: 1 0.000324888 -0.000320323 -0.000324502 1 -0.0010039 0.000320572 0.00100414 1 0.000320338 -0.0255983 0.0176401
FixedParameters: 0 0 0

#Transform 8
Transform: AffineTransform_float_3_3
Parameters: 1 0.000343548 -0.000412681 -0.000343681 1 -0.000161149 0.00041257 0.000161432 1 0.00250756 -0.0417086 0.00218831
FixedParameters: 0 0 0

#Transform 9
Transform: AffineTransform_float_3_3
Parameters: 1 0.000257084 -0.000409912 -0.000257564 1 -0.000584683 0.000409611 0.000584894 0.999999 -0.000476135 -0.024644 0.0397555
FixedParameters: 0 0 0

#Transform 10
Transform: AffineTransform_float_3_3
Parameters: 1 0.000245519 -0.000409542 -0.000246064 0.999999 -0.000665365 0.000409215 0.000665567 0.999999 -0.00334293 -0.0269215 0.0336209
FixedParameters: 0 0 0

#Transform 11
Transform: AffineTransform_float_3_3
Parameters: 1 0.000213824 -0.000333392 -0.000214167 1 -0.000515244 0.000333172 0.000515387 1 0.00505287 -0.0235573 0.0202982
FixedParameters: 0 0 0

#Transform 12
Transform: AffineTransform_float_3_3
Parameters: 1 0.000168813 0.000125382 -0.000168712 1 -0.000527447 -0.00012556 0.000528402 1 -0.00214902 -0.00657446 -0.00354021
FixedParameters: 0 0 0

#Transform 13
Transform: AffineTransform_float_3_3
Parameters: 1 0.000214397 -0.000203336 -0.000213605 1 -0.000509118 0.000203085 0.000509236 1 0.00439596 -0.009658 0.0188383
FixedParameters: 0 0 0

#Transform 14
Transform: AffineTransform_float_3_3
Parameters: 1 0.000186705 -0.000288401 -0.000186849 1 -0.00025023 0.000288308 0.000250338 1 0.00790042 -0.0153937 0.0239297
FixedParameters: 0 0 0

#Transform 15
Transform: AffineTransform_float_3_3
Parameters: 1 -6.85377e-06 2.42426e-05 6.86559e-06 1 -0.00024388 -2.42392e-05 0.00024388 1 -0.00127042 -0.00973631 0.0247485
FixedParameters: 0 0 0

#Transform 16
Transform: AffineTransform_float_3_3
Parameters: 1 -1.70788e-05 -0.000281587 1.69415e-05 1 -0.000243884 0.000281595 0.000243875 1 0.0059493 -0.00857306 0.0222146
FixedParameters: 0 0 0

#Transform 17
Transform: AffineTransform_float_3_3
Parameters: 1 0.000129528 -0.00059266 -0.000129823 1 -0.000248732 0.000592595 0.000248885 1 0.0148095 -0.0149645 0.0294325
FixedParameters: 0 0 0

#Transform 18
Transform: AffineTransform_float_3_3
Parameters: 1 2.13718e-06 -3.50899e-05 -2.12982e-06 1 0.000104948 3.50903e-05 -0.000104948 1 0.00304738 -0.00745306 0.0159228
FixedParameters: 0 0 0

#Transform 19
Transform: AffineTransform_float_3_3
Parameters: 1 5.30381e-06 0.000141902 -5.3092e-06 1 1.89899e-05 -0.000141902 -1.89914e-05 1 -0.00359891 0.011881 0.00993468
FixedParameters: 0 0 0

#Transform 20
Transform: AffineTransform_float_3_3
Parameters: 1 1.77434e-06 0.00014202 -1.74765e-06 1 -9.39539e-05 -0.00014202 9.39534e-05 1 -0.00356044 0.00912542 0.00879497
FixedParameters: 0 0 0

#Transform 21
Transform: AffineTransform_float_3_3
Parameters: 1 7.92751e-06 0.000141815 -7.95671e-06 1 0.000102948 -0.000141814 -0.00010295 1 -0.00270082 0.00614176 -0.0186142
FixedParameters: 0 0 0

#Transform 22
Transform: AffineTransform_float_3_3
Parameters: 1 -7.5359e-07 -0.000265119 8.88204e-07 1 0.000253875 0.000265118 -0.000253875 1 0.00729739 -0.00293304 -0.0358344
FixedParameters: 0 0 0

#Transform 23
Transform: AffineTransform_float_3_3
Parameters: 1 6.96457e-06 0.00012784 -6.9868e-06 1 8.69562e-05 -0.000127838 -8.6958e-05 1 -0.00181937 -0.0195401 -0.0356912
FixedParameters: 0 0 0

#Transform 24
Transform: AffineTransform_float_3_3
Parameters: 1 -7.5359e-07 -0.000265119 8.88204e-07 1 0.000253875 0.000265118 -0.000253875 1 0.00740011 -0.0160053 -0.0386454
FixedParameters: 0 0 0

#Transform 25
Transform: AffineTransform_float_3_3
Parameters: 1 7.47586e-06 -1.52544e-05 -7.46811e-06 1 0.000253875 1.52582e-05 -0.000253875 1 0.00742708 -0.0154407 -0.0105147
FixedParameters: 0 0 0

#Transform 26
Transform: AffineTransform_float_3_3
Parameters: 1 -7.05899e-05 -0.000400882 7.06346e-05 1 5.57973e-05 0.000400874 -5.58539e-05 1 0.0236344 -0.0100382 -0.000842413
FixedParameters: 0 0 0

#Transform 27
Transform: AffineTransform_float_3_3
Parameters: 1 -9.23343e-06 -0.000264839 9.22602e-06 1 -1.39956e-05 0.00026484 1.39907e-05 1 0.0221623 -0.00879766 0.000502562
FixedParameters: 0 0 0

#Transform 28
Transform: AffineTransform_float_3_3
Parameters: 1 -1.34353e-05 -0.000452803 1.34805e-05 1 4.99692e-05 0.000452802 -4.99814e-05 1 0.0276111 -0.0285046 -0.0101532
FixedParameters: 0 0 0

#Transform 29
Transform: AffineTransform_float_3_3
Parameters: 1 3.64367e-08 -0.000241132 8.5998e-08 1 0.000253875 0.000241132 -0.000253875 1 0.0277175 -0.0334396 -0.0201078
FixedParameters: 0 0 0

#Transform 30
Transform: AffineTransform_float_3_3
Parameters: 1 -6.21794e-06 -0.000431029 6.4368e-06 1 0.000253872 0.000431026 -0.000253877 1 0.0321314 -0.0153134 -0.00703069
FixedParameters: 0 0 0

#Transform 31
Transform: AffineTransform_float_3_3
Parameters: 1 -9.44174e-06 -0.000276839 9.43731e-06 1 -7.99868e-06 0.000276839 7.99345e-06 1 0.0232851 -0.0253578 -0.0118158
FixedParameters: 0 0 0

#Transform 32
Transform: AffineTransform_float_3_3
Parameters: 1 -1.34269e-05 -0.00064991 1.37569e-05 1 0.000253866 0.000649903 -0.000253883 1 0.0323391 -0.03324 -0.0258063
FixedParameters: 0 0 0

#Transform 33
Transform: AffineTransform_float_3_3
Parameters: 1 -1.49979e-05 -0.000286659 1.48987e-05 1 -0.000172919 0.000286664 0.00017291 1 0.0238124 -0.02923 -0.0213956
FixedParameters: 0 0 0

#Transform 34
Transform: AffineTransform_float_3_3
Parameters: 1 -1.90667e-05 -0.000652726 1.91724e-05 1 8.09475e-05 0.000652723 -8.09725e-05 1 0.0382465 -0.0282055 -0.0205118
FixedParameters: 0 0 0

#Transform 35
Transform: AffineTransform_float_3_3
Parameters: 0.999999 -4.41105e-05 -0.000761945 4.32194e-05 1 -0.000584744 0.000761996 0.000584678 0.999999 0.034219 -0.0294422 -0.00156877
FixedParameters: 0 0 0

#Transform 36
Transform: AffineTransform_float_3_3
Parameters: 1 -2.55915e-05 -0.000574466 2.53572e-05 1 -0.000203914 0.000574476 0.000203885 1 0.0297318 -0.0364617 0.00242427
FixedParameters: 0 0 0

#Transform 37
Transform: AffineTransform_float_3_3
Parameters: 1 -0.000180498 -0.000606355 0.000180566 1 5.59511e-05 0.000606335 -5.617e-05 1 0.0256608 -0.0263583 -0.0172046
FixedParameters: 0 0 0

#Transform 38
Transform: AffineTransform_float_3_3
Parameters: 1 -0.000164434 -0.000606897 0.00016458 1 0.000120489 0.000606857 -0.000120689 1 0.0254852 -0.0272532 0.00353629
FixedParameters: 0 0 0

#Transform 39
Transform: AffineTransform_float_3_3
Parameters: 1 -2.45233e-05 -0.000611522 2.43619e-05 1 -0.00013195 0.000611529 0.00013192 1 0.0383578 -0.0352061 0.00814087
FixedParameters: 0 0 0

#Transform 40
Transform: AffineTransform_float_3_3
Parameters: 1 -3.22294e-05 -0.000513206 3.17411e-05 1 -0.000475782 0.000513236 0.000475749 1 0.0281045 -0.0310547 0.00882038
FixedParameters: 0 0 0

#Transform 41
Transform: AffineTransform_float_3_3
Parameters: 1 -0.000267749 -0.000642509 0.000266944 1 0.000150606 0.000642461 -0.000150981 1 0.0225993 -0.0379857 0.0162599
FixedParameters: 0 0 0

#Transform 42
Transform: AffineTransform_float_3_3
Parameters: 1 -1.51057e-05 -0.000700882 1.54616e-05 1 0.000253864 0.000700874 -0.000253885 0.999999 0.032159 -0.0309549 0.0169105
FixedParameters: 0 0 0

#Transform 43
Transform: AffineTransform_float_3_3
Parameters: 1 -0.000164228 -0.000400812 0.000163437 1 0.000258769 0.00040076 -0.000258932 1 0.0328795 -0.0171713 0.00801355
FixedParameters: 0 0 0

#Transform 44
Transform: AffineTransform_float_3_3
Parameters: 1 -0.000357644 -0.000339268 0.000358535 1 -0.000158302 0.000339348 0.00015809 1 0.0302699 -0.00317582 0.00629833
FixedParameters: 0 0 0

#Transform 45
Transform: AffineTransform_float_3_3
Parameters: 0.999999 -0.000356675 -0.00076558 0.000356601 1 -2.78955e-05 0.000765601 2.83468e-05 0.999999 0.0400169 -0.0014251 0.0226976
FixedParameters: 0 0 0

#Transform 46
Transform: AffineTransform_float_3_3
Parameters: 0.999999 -0.000339367 -0.000635122 0.000339487 1 9.48198e-05 0.000635058 -9.52509e-05 1 0.0368335 -0.00794632 0.0375235
FixedParameters: 0 0 0

#Transform 47
Transform: AffineTransform_float_3_3
Parameters: 0.999999 -0.000445663 -0.00061872 0.000446139 1 0.00038426 0.000618377 -0.000384812 0.999999 0.0331603 -0.0109059 0.0205682
FixedParameters: 0 0 0

#Transform 48
Transform: AffineTransform_float_3_3
Parameters: 0.999999 -0.000451282 -0.000517362 0.000451393 1 0.00010544 0.000518265 -0.000104908 1 0.0244074 -0.0143879 0.0457731
FixedParameters: 0 0 0

#Transform 49
Transform: AffineTransform_float_3_3
Parameters: 0.999999 -0.000459491 -0.000623082 0.000459407 1 -4.15413e-05 0.000623122 4.1966e-05 1 0.0331443 -0.00349293 0.0240242
FixedParameters: 0 0 0

#Transform 50
Transform: AffineTransform_float_3_3
Parameters: 1 -0.000329184 -0.00061143 0.000329238 1 4.45134e-05 0.000611401 -4.4916e-05 1 0.0368051 -0.00726567 0.031872
FixedParameters: 0 0 0

#Transform 51
Transform: AffineTransform_float_3_3
Parameters: 0.999999 -0.000333903 -0.000717291 0.000333779 1 -8.65543e-05 0.000717349 8.60754e-05 0.999999 0.0399643 0.00209844 0.0117749
FixedParameters: 0 0 0

#Transform 52
Transform: AffineTransform_float_3_3
Parameters: 1 -0.000413166 -0.000950843 0.000413449 1 0.000147658 0.000950783 -0.000148444 0.999999 0.0432066 -0.0201635 0.00295341
FixedParameters: 0 0 0

#Transform 53
Transform: AffineTransform_float_3_3
Parameters: 1 -0.000455999 -0.000949568 0.000456729 1 0.000401126 0.000949203 -0.000400929 1 0.0411891 -0.0313288 0.0122471
FixedParameters: 0 0 0

#Transform 54
Transform: AffineTransform_float_3_3
Parameters: 1 -0.000450859 -0.000949803 0.000450892 1 0.000560022 0.000949332 -0.000559846 1 0.0404355 -0.0343347 0.0356887
FixedParameters: 0 0 0

#Transform 55
Transform: AffineTransform_float_3_3
Parameters: 1 -0.000454932 -0.000949616 0.000455755 1 0.000433113 0.000949221 -0.000433911 1 0.040293 -0.031153 0.0399461
FixedParameters: 0 0 0

#Transform 56
Transform: AffineTransform_float_3_3
Parameters: 1 -0.000442454 -0.000950183 0.000443011 0.999999 0.000818903 0.000949491 -0.000819709 0.999999 0.040938 -0.0386499 0.0203546
FixedParameters: 0 0 0

#Transform 57
Transform: AffineTransform_float_3_3
Parameters: 1 -0.000451829 -0.000949758 0.000451835 1 0.000529038 0.000949313 -0.000529861 1 0.0400177 -0.0332136 0.0483714
FixedParameters: 0 0 0

#Transform 58
Transform: AffineTransform_float_3_3
Parameters: 0.999999 -0.000461357 -0.00130666 0.000461911 0.999999 0.000593831 0.00130615 -0.000595002 0.999999 0.0481974 -0.0415583 0.0517301
FixedParameters: 0 0 0

#Transform 59
Transform: AffineTransform_float_3_3
Parameters: 1 -0.000451247 -0.000949785 0.000451287 0.999999 0.000547029 0.000949324 -0.000547851 1 0.0404203 -0.0340237 0.0361463
FixedParameters: 0 0 0

#Transform 60
Transform: AffineTransform_float_3_3
Parameters: 1 -0.000448046 -0.00094993 0.000448275 0.999999 0.000645983 0.000949384 -0.000646799 1 0.0371327 -0.036432 0.0327283
FixedParameters: 0 0 0

#Transform 61
Transform: AffineTransform_float_3_3
Parameters: 1 -0.000448056 -0.00107405 0.000448681 0.999999 0.000770864 0.00107339 -0.000770795 0.999999 0.0436068 -0.0274936 0.0264715
FixedParameters: 0 0 0

#Transform 62
Transform: AffineTransform_float_3_3
Parameters: 1 -0.000452152 -0.000949743 0.000452139 1 0.000519042 0.000949307 -0.000519866 1 0.0407133 -0.0123533 0.026351
FixedParameters: 0 0 0

#Transform 63
Transform: AffineTransform_float_3_3
Parameters: 1 -0.000453962 -0.000949661 0.000453843 1 0.000463068 0.000949273 -0.000463895 1 0.041035 -0.0209537 0.0165288
FixedParameters: 0 0 0

#Transform 64
Transform: AffineTransform_float_3_3
Parameters: 1 -0.000665003 -0.00094293 0.000665369 0.999999 0.000740644 0.000941979 -0.000740865 1 0.033151 -0.0242772 0.0291779
FixedParameters: 0 0 0

#Transform 65
Transform: AffineTransform_float_3_3
Parameters: 1 -0.000656932 -0.000943077 0.000657952 0.999999 0.000557333 0.000942345 -0.000557509 1 0.02724 -0.0185641 0.0621303
FixedParameters: 0 0 0

#Transform 66
Transform: AffineTransform_float_3_3
Parameters: 0.999999 -0.000634596 -0.00123299 0.000635107 0.999999 0.000611171 0.00123325 -0.000611702 0.999999 0.0403028 -0.0240317 0.0627207
FixedParameters: 0 0 0

#Transform 67
Transform: AffineTransform_float_3_3
Parameters: 1 -0.000447529 -0.000949954 0.000447758 0.999999 0.000662974 0.000949395 -0.000662792 1 0.0401072 -0.0229739 0.0450939
FixedParameters: 0 0 0

#Transform 68
Transform: AffineTransform_float_3_3
Parameters: 1 -0.000453897 -0.000949664 0.000453782 1 0.000465067 0.000949274 -0.000465894 1 0.0394549 -0.0311313 0.0658607
FixedParameters: 0 0 0

#Transform 69
Transform: AffineTransform_float_3_3
Parameters: 1 -0.000444135 -0.000950108 0.000444593 0.999999 0.000766927 0.000949459 -0.000767736 1 0.0391254 -0.0377425 0.0762949
FixedParameters: 0 0 0

#Transform 70
Transform: AffineTransform_float_3_3
Parameters: 0.999999 -0.000449971 -0.00144233 0.000451041 1 0.00107552 0.00144137 -0.00107581 0.999999 0.0500639 -0.0444566 0.0919442
FixedParameters: 0 0 0

#Transform 71
Transform: AffineTransform_float_3_3
Parameters: 0.999998 -0.000466848 -0.00159772 0.000468103 0.999999 0.000715659 0.00159702 -0.000716054 0.999999 0.05467 -0.0370551 0.0608329
FixedParameters: 0 0 0

#Transform 72
Transform: AffineTransform_float_3_3
Parameters: 0.999999 -0.000461784 -0.00144177 0.000462817 0.999999 0.000715706 0.00144114 -0.000716007 0.999998 0.0512391 -0.0230771 0.0549718
FixedParameters: 0 0 0

#Transform 73
Transform: AffineTransform_float_3_3
Parameters: 0.999999 -0.000616619 -0.00143675 0.000617659 0.999999 0.000720352 0.00143589 -0.000721093 0.999998 0.0460144 -0.0362726 0.0545625
FixedParameters: 0 0 0

#Transform 74
Transform: AffineTransform_float_3_3
Parameters: 0.999999 -0.000450036 -0.00144233 0.000451101 1 0.00107352 0.00144137 -0.00107381 0.999999 0.0515081 -0.0459427 0.0478455
FixedParameters: 0 0 0

#Transform 75
Transform: AffineTransform_float_3_3
Parameters: 0.999999 -0.000459191 -0.00144189 0.000460482 0.999999 0.000793672 0.00144119 -0.000794963 0.999998 0.0530794 -0.0274997 0.0655608
FixedParameters: 0 0 0

#Transform 76
Transform: AffineTransform_float_3_3
Parameters: 0.999999 -0.000457452 -0.00144197 0.000458866 0.999999 0.000847647 0.00144122 -0.000847935 0.999998 0.0502027 -0.0279057 0.0868859
FixedParameters: 0 0 0

#Transform 77
Transform: AffineTransform_float_3_3
Parameters: 0.999999 -0.000539668 -0.00143924 0.000540708 0.999999 0.000719043 0.0014385 -0.000719566 0.999998 0.0476349 -0.0260211 0.0849601
FixedParameters: 0 0 0

#Transform 78
Transform: AffineTransform_float_3_3
Parameters: 0.999999 -0.000450069 -0.00144233 0.000451131 1 0.00107252 0.00144137 -0.00107282 0.999999 0.0627312 -0.0234353 0.0684917
FixedParameters: 0 0 0

#Transform 79
Transform: AffineTransform_float_3_3
Parameters: 0.999999 -0.000463084 -0.00176902 0.00046458 1 0.000996383 0.00176816 -0.000997023 0.999998 0.0575473 -0.0238612 0.095809
FixedParameters: 0 0 0

#Transform 80
Transform: AffineTransform_float_3_3
Parameters: 0.999999 -0.000450024 -0.00118706 0.00045098 0.999999 0.000822786 0.00118735 -0.000822822 0.999999 0.0537846 -0.0388404 0.0804886
FixedParameters: 0 0 0

#Transform 81
Transform: AffineTransform_float_3_3
Parameters: 0.999999 -0.000575594 -0.00144509 0.000576698 0.999999 0.000727116 0.00144428 -0.000728746 0.999998 0.0553429 -0.0158245 0.0992769
FixedParameters: 0 0 0

#Transform 82
Transform: AffineTransform_float_3_3
Parameters: 0.999999 -0.000678041 -0.0012859 0.000679821 0.999999 0.00107961 0.00128547 -0.00108038 0.999998 0.0463006 -0.0223843 0.0846181
FixedParameters: 0 0 0

#Transform 83
Transform: AffineTransform_float_3_3
Parameters: 0.999998 -0.000711411 -0.00147105 0.000713001 0.999999 0.00121937 0.00147032 -0.00122046 0.999998 0.0421848 -0.0176437 0.0847176
FixedParameters: 0 0 0

#Transform 84
Transform: AffineTransform_float_3_3
Parameters: 0.999999 -0.000774831 -0.00115315 0.000776529 0.999999 0.001603 0.00115166 -0.00160385 0.999998 0.044409 -0.0188208 0.0532677
FixedParameters: 0 0 0

#Transform 85
Transform: AffineTransform_float_3_3
Parameters: 0.999998 -0.000437607 -0.00159404 0.0004397 0.999998 0.00159721 0.00159361 -0.00159757 0.999998 0.0547188 -0.0139065 0.0559906
FixedParameters: 0 0 0

#Transform 86
Transform: AffineTransform_float_3_3
Parameters: 0.999998 -0.000426562 -0.00159452 0.000429723 0.999998 0.00193203 0.00159383 -0.00193242 0.999997 0.0550935 -0.022021 0.044945
FixedParameters: 0 0 0

#Transform 87
Transform: AffineTransform_float_3_3
Parameters: 0.999999 -0.000792939 -0.00158309 0.000796313 0.999997 0.002012 0.00158193 -0.00201255 0.999996 0.0427937 -0.0212863 0.0421992
FixedParameters: 0 0 0

#Transform 88
Transform: AffineTransform_float_3_3
Parameters: 0.999998 -0.000710922 -0.00142484 0.000713553 0.999997 0.00231596 0.00142348 -0.00231705 0.999997 0.0410869 -0.0358247 0.0479213
FixedParameters: 0 0 0

#Transform 89
Transform: AffineTransform_float_3_3
Parameters: 0.999999 -0.000847387 -0.00158183 0.000851369 0.999996 0.00251287 0.00157956 -0.00251461 0.999995 0.0323431 -0.0439559 0.0485982
FixedParameters: 0 0 0

#Transform 90
Transform: AffineTransform_float_3_3
Parameters: 0.999999 -0.000785311 -0.00158365 0.000788897 0.999997 0.00239495 0.00158188 -0.0023955 0.999996 0.0401713 -0.0297087 0.0563486
FixedParameters: 0 0 0

#Transform 91
Transform: AffineTransform_float_3_3
Parameters: 0.999999 -0.000828577 -0.00158226 0.000832967 0.999997 0.00232524 0.00158036 -0.00232689 0.999996 0.0406643 -0.0277158 0.0586987
FixedParameters: 0 0 0

#Transform 92
Transform: AffineTransform_float_3_3
Parameters: 0.999999 -0.000796146 -0.00158409 0.000801656 0.999994 0.00330974 0.00158165 -0.00331036 0.999994 0.0382627 -0.0511218 0.0455247
FixedParameters: 0 0 0

#Transform 93
Transform: AffineTransform_float_3_3
Parameters: 0.999999 -0.000792948 -0.00158426 0.000798796 0.999994 0.0034057 0.00158168 -0.0034073 0.999993 0.0408085 -0.0529757 0.0555137
FixedParameters: 0 0 0

#Transform 94
Transform: AffineTransform_float_3_3
Parameters: 0.999998 -0.00075636 -0.00142009 0.000762812 0.99999 0.00437034 0.00141608 -0.00437168 0.999989 0.0350158 -0.0764348 0.0294219
FixedParameters: 0 0 0

#Transform 95
Transform: AffineTransform_float_3_3
Parameters: 0.999999 -0.000821784 -0.00148592 0.000827909 0.999992 0.00405202 0.00148299 -0.00405365 0.99999 0.0388362 -0.0675824 0.0578976
FixedParameters: 0 0 0

#Transform 96
Transform: AffineTransform_float_3_3
Parameters: 0.999999 -0.000761141 -0.00158602 0.000768083 0.99999 0.00437021 0.001583 -0.00437178 0.999989 0.0410329 -0.0756794 0.0502633
FixedParameters: 0 0 0

#Transform 97
Transform: AffineTransform_float_3_3
Parameters: 0.999999 -0.000766613 -0.00158571 0.000774028 0.999991 0.00420431 0.00158292 -0.00420587 0.99999 0.040857 -0.0715215 0.0557164
FixedParameters: 0 0 0

#Transform 98
Transform: AffineTransform_float_3_3
Parameters: 0.999998 -0.000939992 -0.00158035 0.000946243 0.999992 0.0038603 0.00157682 -0.0038614 0.999992 0.0354943 -0.0625362 0.0520052
FixedParameters: 0 0 0

#Transform 99
Transform: AffineTransform_float_3_3
Parameters: 0.999999 -0.000918307 -0.00158106 0.000924821 0.999992 0.0039417 0.00157754 -0.00394273 0.999991 0.0489681 -0.0650927 0.0367578
FixedParameters: 0 0 0

#Transform 100
Transform: AffineTransform_float_3_3
Parameters: 0.999999 -0.000783983 -0.00158476 0.000790691 0.999993 0.00367758 0.00158175 -0.00367916 0.999992 0.0579538 -0.0600803 0.0332382
FixedParameters: 0 0 0

#Transform 101
Transform: AffineTransform_float_3_3
Parameters: 0.999999 -0.000863019 -0.00149195 0.000868912 0.999991 0.00429434 0.00148824 -0.00429613 0.999989 0.0451634 -0.109587 0.0323421
FixedParameters: 0 0 0

#Transform 102
Transform: AffineTransform_float_3_3
Parameters: 0.999999 -0.000773996 -0.0015853 0.000780702 0.999992 0.00398041 0.00158287 -0.00398199 0.999991 0.055136 -0.0920948 0.0432389
FixedParameters: 0 0 0

#Transform 103
Transform: AffineTransform_float_3_3
Parameters: 0.999998 -0.00110294 -0.00157548 0.00110901 0.999992 0.0038011 0.00157188 -0.00380277 0.999991 0.0436 -0.0958726 0.0494554
FixedParameters: 0 0 0

#Transform 104
Transform: AffineTransform_float_3_3
Parameters: 0.999998 -0.00122732 -0.00158354 0.00123268 0.999993 0.0035577 0.0015796 -0.00355971 0.999993 0.0410015 -0.0805114 0.0399347
FixedParameters: 0 0 0

#Transform 105
Transform: AffineTransform_float_3_3
Parameters: 0.999998 -0.00121347 -0.00141519 0.00121834 0.999992 0.00382776 0.0014097 -0.00382938 0.999991 0.0264502 -0.0961816 0.0356932
FixedParameters: 0 0 0

#Transform 106
Transform: AffineTransform_float_3_3
Parameters: 0.999999 -0.00120073 -0.0012418 0.00120496 0.999991 0.00406087 0.00123777 -0.00406303 0.999991 0.0355412 -0.102075 0.0235756
FixedParameters: 0 0 0

#Transform 107
Transform: AffineTransform_float_3_3
Parameters: 0.999998 -0.00110746 -0.00169468 0.00111424 0.999991 0.0040421 0.00169048 -0.00404407 0.99999 0.0492272 -0.097023 0.0349671
FixedParameters: 0 0 0

#Transform 108
Transform: AffineTransform_float_3_3
Parameters: 0.999999 -0.00116094 -0.00123632 0.00116586 0.999993 0.00355848 0.00123285 -0.00356047 0.999993 0.0460265 -0.0894458 0.0579144
FixedParameters: 0 0 0

#Transform 109
Transform: AffineTransform_float_3_3
Parameters: 0.999999 -0.00121685 -0.00123567 0.00122078 0.999993 0.00356214 0.00123183 -0.00356429 0.999993 0.0526235 -0.0814524 0.0356051
FixedParameters: 0 0 0

#Transform 110
Transform: AffineTransform_float_3_3
Parameters: 0.999999 -0.00122384 -0.00128929 0.00122766 0.999993 0.00339817 0.00128481 -0.00339942 0.999994 0.0540618 -0.0860624 0.0362555
FixedParameters: 0 0 0

#Transform 111
Transform: AffineTransform_float_3_3
Parameters: 0.999999 -0.00121519 -0.00128986 0.00121972 0.999992 0.00366302 0.00128578 -0.0036643 0.999992 0.0369438 -0.0929811 0.0158999
FixedParameters: 0 0 0

#Transform 112
Transform: AffineTransform_float_3_3
Parameters: 0.999999 -0.00122711 -0.00128905 0.00123067 0.999994 0.00329818 0.00128485 -0.0032995 0.999994 0.0369092 -0.0845615 0.0161936
FixedParameters: 0 0 0

#Transform 113
Transform: AffineTransform_float_3_3
Parameters: 0.999998 -0.00122856 -0.00140917 0.00123309 0.999993 0.00336304 0.00140473 -0.00336459 0.999994 0.0529681 -0.0782186 0.0157737
FixedParameters: 0 0 0

#Transform 114
Transform: AffineTransform_float_3_3
Parameters: 0.999999 -0.00114131 -0.0012919 0.00114653 0.999993 0.00353576 0.00128762 -0.00353783 0.999993 0.0394751 -0.0906346 0.01649
FixedParameters: 0 0 0

#Transform 115
Transform: AffineTransform_float_3_3
Parameters: 0.999999 -0.00121594 -0.00128981 0.00122044 0.999992 0.00363903 0.00128579 -0.00364132 0.999992 0.0365464 -0.0920227 0.0278385
FixedParameters: 0 0 0

#Transform 116
Transform: AffineTransform_float_3_3
Parameters: 0.999998 -0.00114451 -0.00153682 0.00115019 0.999994 0.00344626 0.00153275 -0.00344894 0.999993 0.0502513 -0.0887398 0.0128147
FixedParameters: 0 0 0

#Transform 117
Transform: AffineTransform_float_3_3
Parameters: 0.999999 -0.00119865 -0.00126697 0.00120323 0.99999 0.0041478 0.00126175 -0.00414902 0.99999 0.0377774 -0.100536 -0.026294
FixedParameters: 0 0 0

#Transform 118
Transform: AffineTransform_float_3_3
Parameters: 0.999998 -0.0012337 -0.00154603 0.00123805 0.999993 0.00333084 0.00154168 -0.00333278 0.999994 0.0534828 -0.0863808 -0.0116541
FixedParameters: 0 0 0

#Transform 119
Transform: AffineTransform_float_3_3
Parameters: 0.999998 -0.0011188 -0.00154953 0.00112436 0.999993 0.00338847 0.00154577 -0.00339003 0.999993 0.0568268 -0.0887682 -0.0195396
FixedParameters: 0 0 0

#Transform 120
Transform: AffineTransform_float_3_3
Parameters: 0.999999 -0.00121787 -0.00136079 0.00122188 0.999992 0.00364491 0.00135677 -0.0036464 0.999992 0.0531424 -0.0938106 -0.0163804
FixedParameters: 0 0 0

#Transform 121
Transform: AffineTransform_float_3_3
Parameters: 0.999999 -0.00122319 -0.00132439 0.00122744 0.999994 0.00344908 0.00132078 -0.00345147 0.999993 0.038617 -0.0890502 -0.00981736
FixedParameters: 0 0 0

#Transform 122
Transform: AffineTransform_float_3_3
Parameters: 0.999999 -0.00112767 -0.00141938 0.00113282 0.999993 0.00354806 0.0014152 -0.00355041 0.999992 0.0444014 -0.0926265 -0.0260766
FixedParameters: 0 0 0

#Transform 123
Transform: AffineTransform_float_3_3
Parameters: 0.999998 -0.00122991 -0.00154929 0.00123464 0.999994 0.00344876 0.00154466 -0.00345075 0.999993 0.043489 -0.0887536 -0.00101322
FixedParameters: 0 0 0

#Transform 124
Transform: AffineTransform_float_3_3
Parameters: 0.999998 -0.00119767 -0.0015515 0.00120448 0.999989 0.00442732 0.00154552 -0.00442919 0.999989 0.0446017 -0.112519 -0.0332568
FixedParameters: 0 0 0

#Transform 125
Transform: AffineTransform_float_3_3
Parameters: 0.999998 -0.00121064 -0.00155061 0.00121623 0.999991 0.00403346 0.0015456 -0.00403544 0.99999 0.044157 -0.103054 -0.0202573
FixedParameters: 0 0 0

#Transform 126
Transform: AffineTransform_float_3_3
Parameters: 0.999998 -0.00120485 -0.00155101 0.00121098 0.999991 0.00420939 0.00154556 -0.00421134 0.99999 0.0443624 -0.107309 -0.0260038
FixedParameters: 0 0 0

#Transform 127
Transform: AffineTransform_float_3_3
Parameters: 0.999998 -0.00121295 -0.00155046 0.00121832 0.999992 0.0039635 0.0015456 -0.00396548 0.999991 0.0434999 -0.100657 -0.000479696
FixedParameters: 0 0 0

#Transform 128
Transform: AffineTransform_float_3_3
Parameters: 0.999998 -0.00120995 -0.00155065 0.0012156 0.999991 0.00405445 0.0015456 -0.00405642 0.99999 0.0434836 -0.102722 0.000225826
FixedParameters: 0 0 0

#Transform 129
Transform: AffineTransform_float_3_3
Parameters: 0.999998 -0.00122227 -0.00180119 0.00122839 0.999991 0.0039042 0.0017965 -0.00390579 0.999991 0.0499115 -0.0997362 -0.0141645
FixedParameters: 0 0 0

#Transform 130
Transform: AffineTransform_float_3_3
Parameters: 0.999999 -0.00119196 -0.00114425 0.00119677 0.999991 0.00424294 0.00113877 -0.00424482 0.999991 0.0335459 -0.106457 0.0162206
FixedParameters: 0 0 0

#Transform 131
Transform: AffineTransform_float_3_3
Parameters: 0.999998 -0.00112378 -0.00151004 0.00112982 0.999991 0.00396098 0.00150586 -0.00396249 0.999991 0.0444088 -0.0900361 0.0305884
FixedParameters: 0 0 0

#Transform 132
Transform: AffineTransform_float_3_3
Parameters: 0.999998 -0.00108621 -0.00159317 0.00109291 0.999991 0.00395969 0.00158929 -0.00396127 0.999991 0.0470373 -0.0920774 0.0502827
FixedParameters: 0 0 0

#Transform 133
Transform: AffineTransform_float_3_3
Parameters: 0.999998 -0.00104834 -0.00173434 0.00105512 0.999991 0.00395825 0.00172979 -0.00396004 0.99999 0.049908 -0.0775197 0.022334
FixedParameters: 0 0 0

#Transform 134
Transform: AffineTransform_float_3_3
Parameters: 0.999997 -0.00108662 -0.00187515 0.00109402 0.999992 0.00383503 0.00187057 -0.00383627 0.999991 0.0612653 -0.0793046 0.0227894
FixedParameters: 0 0 0

#Transform 135
Transform: AffineTransform_float_3_3
Parameters: 0.999998 -0.0012151 -0.0014912 0.00122065 0.999992 0.00384565 0.00148664 -0.00384746 0.999991 0.0417904 -0.0890974 0.00936344
FixedParameters: 0 0 0

#Transform 136
Transform: AffineTransform_float_3_3
Parameters: 0.999998 -0.000839299 -0.00168618 0.000847417 0.999989 0.00475755 0.00168272 -0.00475857 0.999988 0.058136 -0.0854178 0.00191814
FixedParameters: 0 0 0

#Transform 137
Transform: AffineTransform_float_3_3
Parameters: 0.999998 -0.00119929 -0.00148527 0.00120523 0.99999 0.00432042 0.0014806 -0.0043222 0.999989 0.0410626 -0.0875376 0.0273066
FixedParameters: 0 0 0

#Transform 138
Transform: AffineTransform_float_3_3
Parameters: 0.999997 -0.00114199 -0.00177474 0.00114936 0.999991 0.00403699 0.00176921 -0.0040392 0.999991 0.0497777 -0.0808913 0.0393437
FixedParameters: 0 0 0

#Transform 139
Transform: AffineTransform_float_3_3
Parameters: 0.999998 -0.00119451 -0.00157473 0.00120092 0.999989 0.00454318 0.00156954 -0.00454519 0.999988 0.0474442 -0.0939731 0.0150704
FixedParameters: 0 0 0

#Transform 140
Transform: AffineTransform_float_3_3
Parameters: 0.999998 -0.00119608 -0.00162974 0.001203 0.999989 0.00454314 0.00162447 -0.00454523 0.999989 0.0451365 -0.0786847 0.00393773
FixedParameters: 0 0 0

#Transform 141
Transform: AffineTransform_float_3_3
Parameters: 0.999998 -0.00120655 -0.00193448 0.00121503 0.999989 0.00449075 0.00192932 -0.00449364 0.999988 0.0524104 -0.10462 0.00333567
FixedParameters: 0 0 0

#Transform 142
Transform: AffineTransform_float_3_3
Parameters: 0.999998 -0.00118805 -0.0015171 0.00119438 0.999989 0.00468919 0.00151155 -0.00469104 0.999988 0.0421633 -0.096792 0.0148542
FixedParameters: 0 0 0

#Transform 143
Transform: AffineTransform_float_3_3
Parameters: 0.999998 -0.00109389 -0.00166682 0.00110256 0.999988 0.00466912 0.00166215 -0.00467092 0.999988 0.0479596 -0.10035 0.0427313
FixedParameters: 0 0 0

#Transform 144
Transform: AffineTransform_float_3_3
Parameters: 0.999998 -0.00119857 -0.00168066 0.00120584 0.999989 0.00451209 0.00167543 -0.00451431 0.999989 0.0508126 -0.0830243 0.0401793
FixedParameters: 0 0 0

#Transform 145
Transform: AffineTransform_float_3_3
Parameters: 0.999998 -0.00125491 -0.00185318 0.00126403 0.999988 0.00459143 0.0018473 -0.00459427 0.999988 0.0664235 -0.0902232 0.0330782
FixedParameters: 0 0 0

#Transform 146
Transform: AffineTransform_float_3_3
Parameters: 0.999998 -0.00120552 -0.00186946 0.00121329 0.99999 0.00446684 0.00186437 -0.00446857 0.999989 0.0613038 -0.0879857 0.0370926
FixedParameters: 0 0 0

#Transform 147
Transform: AffineTransform_float_3_3
Parameters: 0.999998 -0.00119708 -0.00181895 0.00120517 0.999989 0.00467682 0.00181337 -0.00467839 0.999988 0.0534683 -0.0954206 0.0357159
FixedParameters: 0 0 0

#Transform 148
Transform: AffineTransform_float_3_3
Parameters: 0.999998 -0.00120191 -0.00188771 0.00121034 0.999989 0.00458976 0.00188235 -0.00459252 0.999987 0.0638683 -0.10498 0.0529867
FixedParameters: 0 0 0

#Transform 149
Transform: AffineTransform_float_3_3
Parameters: 0.999997 -0.00119848 -0.00176779 0.00120581 0.999989 0.00458992 0.00176241 -0.00459237 0.999988 0.059358 -0.0954771 0.0660239
FixedParameters: 0 0 0

#Transform 150
Transform: AffineTransform_float_3_3
Parameters: 0.999998 -0.00119017 -0.00188851 0.00119894 0.999987 0.00494358 0.00188332 -0.00494533 0.999986 0.0522288 -0.114435 0.021732
FixedParameters: 0 0 0

#Transform 151
Transform: AffineTransform_float_3_3
Parameters: 0.999998 -0.00120547 -0.00188748 0.0012135 0.999989 0.00448282 0.00188236 -0.00448558 0.999988 0.0644255 -0.0887846 0.0265913
FixedParameters: 0 0 0

#Transform 152
Transform: AffineTransform_float_3_3
Parameters: 0.999998 -0.00121152 -0.00188707 0.00121884 0.99999 0.00430189 0.00188239 -0.00430368 0.999989 0.0638917 -0.0813051 0.0426086
FixedParameters: 0 0 0

#Transform 153
Transform: AffineTransform_float_3_3
Parameters: 0.999997 -0.00114455 -0.00179339 0.0011523 0.999988 0.00463829 0.00178839 -0.00464061 0.999987 0.0642966 -0.0974579 0.0312146
FixedParameters: 0 0 0

#Transform 154
Transform: AffineTransform_float_3_3
Parameters: 0.999998 -0.001204 -0.00188757 0.0012122 0.999989 0.00452679 0.00188235 -0.00452956 0.999988 0.0651777 -0.0797376 0.0349681
FixedParameters: 0 0 0

#Transform 155
Transform: AffineTransform_float_3_3
Parameters: 0.999998 -0.00114796 -0.00163897 0.0011556 0.999989 0.00443266 0.00163441 -0.00443458 0.999989 0.0648026 -0.0804838 0.0365103
FixedParameters: 0 0 0

#Transform 156
Transform: AffineTransform_float_3_3
Parameters: 0.999998 -0.00125811 -0.0014376 0.00126583 0.999987 0.00507669 0.00143125 -0.00507852 0.999986 0.05622 -0.0979226 0.0160339
FixedParameters: 0 0 0

#Transform 157
Transform: AffineTransform_float_3_3
Parameters: 0.999998 -0.00120693 -0.00188739 0.0012148 0.99999 0.00443884 0.00188236 -0.00444161 0.999989 0.0730653 -0.0886476 0.0206869
FixedParameters: 0 0 0

#Transform 158
Transform: AffineTransform_float_3_3
Parameters: 0.999998 -0.00122502 -0.00180101 0.00123183 0.999992 0.00382027 0.00179547 -0.00382284 0.999991 0.0669541 -0.0876128 0.0378691
FixedParameters: 0 0 0

#Transform 159
Transform: AffineTransform_float_3_3
Parameters: 0.999998 -0.00119909 -0.00193498 0.00120741 0.999988 0.00471562 0.00192932 -0.00471751 0.999987 0.070915 -0.109459 0.0124164
FixedParameters: 0 0 0

#Transform 160
Transform: AffineTransform_float_3_3
Parameters: 0.999997 -0.00120899 -0.00174302 0.00121588 0.99999 0.00425209 0.00173746 -0.00425456 0.999989 0.0661798 -0.0984691 0.0183196
FixedParameters: 0 0 0

#Transform 161
Transform: AffineTransform_float_3_3
Parameters: 0.999997 -0.00120768 -0.00209066 0.00121695 0.999989 0.00459151 0.00208521 -0.00459375 0.999988 0.0749226 -0.106891 0.00155006
FixedParameters: 0 0 0

#Transform 162
Transform: AffineTransform_float_3_3
Parameters: 0.999997 -0.00120537 -0.0020908 0.00121493 0.999988 0.00466048 0.00208521 -0.00466271 0.999987 0.0746594 -0.108123 0.00964992
FixedParameters: 0 0 0

#Transform 163
Transform: AffineTransform_float_3_3
Parameters: 0.999998 -0.00120073 -0.00184072 0.00120872 0.999989 0.00458483 0.00183539 -0.00458746 0.999988 0.0686349 -0.10619 0.0167839
FixedParameters: 0 0 0

#Transform 164
Transform: AffineTransform_float_3_3
Parameters: 0.999998 -0.00118421 -0.00163653 0.00119137 0.999988 0.00490791 0.00163047 -0.00491007 0.999986 0.062948 -0.112836 0.0410969
FixedParameters: 0 0 0

#Transform 165
Transform: AffineTransform_float_3_3
Parameters: 0.999997 -0.00121069 -0.00209044 0.00121959 0.999989 0.00450151 0.00208525 -0.00450383 0.999987 0.0736845 -0.103442 0.03829
FixedParameters: 0 0 0

#Transform 166
Transform: AffineTransform_float_3_3
Parameters: 0.999997 -0.00119106 -0.00180133 0.00119964 0.999987 0.00484176 0.00179634 -0.00484427 0.999986 0.0664744 -0.0839714 0.0493407
FixedParameters: 0 0 0

#Transform 167
Transform: AffineTransform_float_3_3
Parameters: 0.999998 -0.00113569 -0.00179254 0.00114316 0.999989 0.004573 0.00178684 -0.00457529 0.999988 0.0696879 -0.102385 0.0129143
FixedParameters: 0 0 0

#Transform 168
Transform: AffineTransform_float_3_3
Parameters: 0.999998 -0.00119853 -0.00184185 0.00120677 0.999988 0.00465179 0.00183638 -0.00465443 0.999987 0.0689742 -0.0879251 0.00527805
FixedParameters: 0 0 0

#Transform 169
Transform: AffineTransform_float_3_3
Parameters: 0.999998 -0.00118847 -0.00144998 0.00119496 0.999988 0.00461836 0.00144456 -0.00461996 0.999989 0.0603812 -0.0967527 -0.0120469
FixedParameters: 0 0 0

#Transform 170
Transform: AffineTransform_float_3_3
Parameters: 0.999997 -0.0014387 -0.00191348 0.00144768 0.999987 0.00492485 0.00190688 -0.0049276 0.999986 0.0632406 -0.113611 -0.0184012
FixedParameters: 0 0 0

#Transform 171
Transform: AffineTransform_float_3_3
Parameters: 0.999998 -0.00127725 -0.00155312 0.00128387 0.999989 0.00435265 0.00154763 -0.00435477 0.99999 0.0602404 -0.101442 -0.0154026
FixedParameters: 0 0 0

#Transform 172
Transform: AffineTransform_float_3_3
Parameters: 0.999998 -0.00128386 -0.00179114 0.00129351 0.999986 0.00517271 0.00178433 -0.00517553 0.999985 0.0658407 -0.121217 -0.040908
FixedParameters: 0 0 0

#Transform 173
Transform: AffineTransform_float_3_3
Parameters: 0.999998 -0.00125161 -0.00176044 0.00126041 0.999988 0.00473162 0.00175517 -0.00473421 0.999988 0.0661427 -0.110651 -0.0243603
FixedParameters: 0 0 0

#Transform 174
Transform: AffineTransform_float_3_3
Parameters: 0.999997 -0.0008782 -0.00192943 0.000887673 0.999987 0.00502835 0.00192512 -0.00503 0.999985 0.0798325 -0.120184 -0.0218652
FixedParameters: 0 0 0

#Transform 175
Transform: AffineTransform_float_3_3
Parameters: 0.999997 -0.00138569 -0.00201897 0.00139555 0.999987 0.00489302 0.00201199 -0.00489587 0.999986 0.0662439 -0.111931 0.0186317
FixedParameters: 0 0 0

#Transform 176
Transform: AffineTransform_float_3_3
Parameters: 0.999997 -0.00130602 -0.00191703 0.00131454 0.999987 0.00479385 0.00191115 -0.00479711 0.999986 0.0604913 -0.127381 0.00267929
FixedParameters: 0 0 0

#Transform 177
Transform: AffineTransform_float_3_3
Parameters: 0.999998 -0.00112164 -0.00174133 0.00112978 0.999988 0.00489183 0.0017359 -0.00489402 0.999986 0.0632343 -0.102911 0.0147975
FixedParameters: 0 0 0

#Transform 178
Transform: AffineTransform_float_3_3
Parameters: 0.999998 -0.00119684 -0.00154475 0.00120314 0.999988 0.00459837 0.00153934 -0.00460025 0.999989 0.0578691 -0.100998 0.00571137
FixedParameters: 0 0 0

#Transform 179
Transform: AffineTransform_float_3_3
Parameters: 0.999997 -0.0012616 -0.00173418 0.00127014 0.999988 0.00474097 0.00172874 -0.00474254 0.999988 0.0597774 -0.106392 -0.018853
FixedParameters: 0 0 0

#Transform 180
Transform: AffineTransform_float_3_3
Parameters: 0.999998 -0.00119534 -0.00156287 0.001202 0.999988 0.00465932 0.00155732 -0.00466124 0.999988 0.0614239 -0.125722 -0.0187731
FixedParameters: 0 0 0

#Transform 181
Transform: AffineTransform_float_3_3
Parameters: 0.999998 -0.00119566 -0.00161592 0.00120294 0.999989 0.00469521 0.00161029 -0.00469732 0.999987 0.0662819 -0.114799 -0.0322192
FixedParameters: 0 0 0

#Transform 182
Transform: AffineTransform_float_3_3
Parameters: 0.999997 -0.00115358 -0.00207441 0.00116355 0.999988 0.00478703 0.00206901 -0.00479007 0.999986 0.0776154 -0.130185 -0.047692
FixedParameters: 0 0 0

#Transform 183
Transform: AffineTransform_float_3_3
Parameters: 0.999997 -0.00107994 -0.00207686 0.00109109 0.999986 0.00507606 0.0020714 -0.00507774 0.999985 0.0705796 -0.123673 -0.035181
FixedParameters: 0 0 0

#Transform 184
Transform: AffineTransform_float_3_3
Parameters: 0.999997 -0.00110917 -0.00203401 0.00111986 0.999986 0.005063 0.00202829 -0.0050657 0.999985 0.0615298 -0.124476 -0.0415918
FixedParameters: 0 0 0

#Transform 185
Transform: AffineTransform_float_3_3
Parameters: 0.999997 -0.00125705 -0.00173387 0.00126603 0.999986 0.00514803 0.00172734 -0.00515061 0.999986 0.0493671 -0.117282 -0.0469731
FixedParameters: 0 0 0

#Transform 186
Transform: AffineTransform_float_3_3
Parameters: 0.999997 -0.00119226 -0.00205981 0.00120271 0.999986 0.00517338 0.00205401 -0.00517658 0.999984 0.0589442 -0.12066 -0.0292657
FixedParameters: 0 0 0

#Transform 187
Transform: AffineTransform_float_3_3
Parameters: 0.999997 -0.0011653 -0.00175118 0.0011745 0.999983 0.00572553 0.00174513 -0.00572789 0.999982 0.0521503 -0.136212 -0.0430596
FixedParameters: 0 0 0

#Transform 188
Transform: AffineTransform_float_3_3
Parameters: 0.999997 -0.00119467 -0.00210272 0.00120538 0.999986 0.00513834 0.00209698 -0.00514065 0.999984 0.0664532 -0.122707 -0.0209308
FixedParameters: 0 0 0

#Transform 189
Transform: AffineTransform_float_3_3
Parameters: 0.999997 -0.0011951 -0.00210369 0.00120577 0.999986 0.00512635 0.00209798 -0.00512866 0.999984 0.0763858 -0.121987 -0.0269633
FixedParameters: 0 0 0

#Transform 190
Transform: AffineTransform_float_3_3
