#Insight Transform File V1.0
#Transform 0
Transform: AffineTransform_float_3_3
Parameters: 1 0 0 0 0.999998 -0.001737 0 0.001737 0.999998 0.022569 0.071843 0.0882
FixedParameters: 0 0 0

#Transform 1
Transform: AffineTransform_float_3_3
Parameters: 1 -9.78438e-06 -0.000189748 9.44092e-06 0.999999 -0.000905001 0.000189765 0.000904997 0.999999 0.0151851 -0.0933336 0.0196389
FixedParameters: 0 0 0

#Transform 2
Transform: AffineTransform_float_3_3
Parameters: 1 0 0 0 0.999999 -0.001413 0 0.001413 0.999999 0.030863 0.0794174 0.116536
FixedParameters: 0 0 0

#Transform 3
Transform: AffineTransform_float_3_3
Parameters: 1 -0.000448727 -0.000155836 0.000448208 0.999999 -0.00150307 0.000156185 0.00150293 0.999999 0.0165516 -0.148718 0.0512076
FixedParameters: 0 0 0

#Transform 4
Transform: AffineTransform_float_3_3
Parameters: 1 -0.000453382 2.36701e-05 0.000453404 0.999998 -0.00154599 -2.3267e-05 0.00154601 0.999999 0.0165881 0.169799 0.142312
FixedParameters: 0 0 0

#Transform 5
Transform: AffineTransform_float_3_3
Parameters: 1 -0.000410193 -0.000203881 0.000409501 0.999998 -0.00157208 0.00020417 0.00157192 0.999998 0.0270282 -0.13431 0.0362333
FixedParameters: 0 0 0

#Transform 6
Transform: AffineTransform_float_3_3
Parameters: 1 0 0 0 0.999999 -0.00147 0 0.00147 0.999999 0.030858 0.0813409 0.0763161
FixedParameters: 0 0 0

#Transform 7
Transform: AffineTransform_float_3_3
Parameters: 1 -0.000373491 1.95067e-05 0.000373501 0.999998 -0.00156599 -1.93356e-05 0.00156601 0.999999 0.0336432 0.0421294 0.0754336
FixedParameters: 0 0 0

#Transform 8
Transform: AffineTransform_float_3_3
Parameters: 1 2.98976e-06 5.79229e-05 -2.87901e-06 0.999999 -0.000955999 -5.79285e-05 0.000955999 0.999999 0.0286267 -0.0134925 0.0607889
FixedParameters: 0 0 0

#Transform 9
Transform: AffineTransform_float_3_3
Parameters: 1 -8.19172e-06 -0.000157788 7.79564e-06 0.999999 -0.001255 0.000157808 0.001255 0.999999 0.0369781 -0.0287047 0.131883
FixedParameters: 0 0 0

#Transform 10
Transform: AffineTransform_float_3_3
Parameters: 1 0 0 0 0.999999 -0.001565 0 0.001565 0.999999 0.030856 -0.0866096 0.0806026
FixedParameters: 0 0 0

#Transform 11
Transform: AffineTransform_float_3_3
Parameters: 1 -0.000181755 9.43657e-06 0.000181778 0.999999 -0.001258 -8.97925e-06 0.001258 0.999999 0.0321417 -0.0132164 0.137405
FixedParameters: 0 0 0

#Transform 12
Transform: AffineTransform_float_3_3
Parameters: 1 -0.000152795 7.92179e-06 0.000152813 1 -0.001185 -7.55964e-06 0.001185 1 0.0260539 -0.0577385 0.0742923
FixedParameters: 0 0 0

#Transform 13
Transform: AffineTransform_float_3_3
Parameters: 1 -0.00021671 1.1224e-05 0.000216734 1 -0.001132 -1.07333e-05 0.001132 1 0.00918448 -0.0353466 0.0397819
FixedParameters: 0 0 0

#Transform 14
Transform: AffineTransform_float_3_3
Parameters: 1 -0.000397841 -0.000334885 0.000398106 1 -0.00109413 0.000335705 0.00109387 1 0.0325806 0.0256697 0.0391496
FixedParameters: 0 0 0

#Transform 15
Transform: AffineTransform_float_3_3
Parameters: 0.999999 -0.000734712 -0.000245211 0.000735025 0.999999 -0.00129218 0.000246061 0.00129182 0.999999 0.0190784 0.0544186 0.0183802
FixedParameters: 0 0 0

#Transform 16
Transform: AffineTransform_float_3_3
Parameters: 0.999999 -0.000722735 -0.000246963 0.000722135 0.999999 -0.00111118 0.00024757 0.00111082 1 0.0195557 0.0320727 0.020873
FixedParameters: 0 0 0

#Transform 17
Transform: AffineTransform_float_3_3
Parameters: 0.999999 -0.000891785 4.65681e-05 0.000891877 0.999999 -0.00155701 -4.47896e-05 0.00155699 0.999999 -0.00185347 0.113126 0.000861488
FixedParameters: 0 0 0

#Transform 18
Transform: AffineTransform_float_3_3
Parameters: 1 -0.000422994 -0.000396741 0.00042327 0.999999 -0.000910167 0.000397461 0.000909831 0.999999 0.0166542 -0.124939 -0.0186997
FixedParameters: 0 0 0

#Transform 19
Transform: AffineTransform_float_3_3
Parameters: 1 -0.00088877 -0.000370774 0.000888996 0.999999 0.00030467 0.000370232 -0.000305329 1 0.0338451 -0.0565694 -0.0763526
FixedParameters: 0 0 0

#Transform 20
Transform: AffineTransform_float_3_3
Parameters: 1 -0.000438444 2.2084e-05 0.000438431 1 0.00028801 -2.23366e-05 -0.00028799 1 -0.00752428 0.00176365 -0.00227337
FixedParameters: 0 0 0

#Transform 21
Transform: AffineTransform_float_3_3
Parameters: 1 -3.4852e-05 0.000486458 3.50216e-05 1 -0.00120098 -0.000486323 0.00120102 0.999999 -0.00232914 -0.252069 0.0851573
FixedParameters: 0 0 0

#Transform 22
Transform: AffineTransform_float_3_3
Parameters: 1 -5.99188e-05 3.1212e-06 5.99274e-05 0.999999 -0.001429 -2.94994e-06 0.001429 0.999999 0.018056 -0.195248 0.0319513
FixedParameters: 0 0 0

#Transform 23
Transform: AffineTransform_float_3_3
Parameters: 1 -5.99194e-05 3.10832e-06 5.99268e-05 1 -0.001214 -2.96283e-06 0.001214 1 0.0176897 -0.156019 0.0553401
FixedParameters: 0 0 0

#Transform 24
Transform: AffineTransform_float_3_3
Parameters: 1 -0.000182367 0.000327822 0.000182946 0.999999 -0.00088289 -0.000327499 0.00088311 1 0.00655659 -0.229731 0.000810951
FixedParameters: 0 0 0

#Transform 25
Transform: AffineTransform_float_3_3
Parameters: 1 -5.99218e-05 3.0629e-06 5.99245e-05 1 -0.000456 -3.00825e-06 0.000456 1 0.0180824 -0.154539 -0.0348678
FixedParameters: 0 0 0

#Transform 26
Transform: AffineTransform_float_3_3
Parameters: 1 -4.32346e-05 0.000329636 4.3524e-05 1 -0.000438986 -0.000329598 0.000439014 1 0.00946036 -0.0659534 0.0040307
FixedParameters: 0 0 0

#Transform 27
Transform: AffineTransform_float_3_3
Parameters: 1 -0.000228385 0.000310129 0.000228786 0.999999 -0.000727929 -0.000310795 0.000728071 0.999999 -0.00312985 -0.116114 -0.0814785
FixedParameters: 0 0 0

#Transform 28
Transform: AffineTransform_float_3_3
Parameters: 1 -3.78553e-05 0.000435495 3.71788e-05 1 -0.000369984 -0.000435417 0.000370016 1 -0.0180618 -0.121654 -0.0226655
FixedParameters: 0 0 0

#Transform 29
Transform: AffineTransform_float_3_3
Parameters: 1 -0.000183422 0.000443037 0.000183237 0.999999 -0.000918868 -0.000442649 0.000919132 1 -0.000545304 -0.201428 0.0243512
FixedParameters: 0 0 0

#Transform 30
Transform: AffineTransform_float_3_3
Parameters: 1 -5.57293e-05 8.49602e-05 5.58197e-05 1 -0.000531995 -8.49009e-05 0.000532005 1 -0.00193738 -0.189048 -0.0576519
FixedParameters: 0 0 0

#Transform 31
Transform: AffineTransform_float_3_3
Parameters: 1 -3.77494e-05 0.000435504 3.72846e-05 1 -0.000612984 -0.000435408 0.000613016 0.999999 -0.00961533 -0.0577006 0.0116146
FixedParameters: 0 0 0

#Transform 32
Transform: AffineTransform_float_3_3
Parameters: 1 -5.10991e-05 0.000174851 5.13432e-05 1 -0.000697991 -0.000174779 0.000698009 0.999999 -0.00854825 -0.21997 -0.0709485
FixedParameters: 0 0 0

#Transform 33
Transform: AffineTransform_float_3_3
Parameters: 1 -5.87987e-05 2.50342e-05 5.88215e-05 1 -0.000455998 -2.49806e-05 0.000456001 1 -0.00329107 -0.191434 -0.0810189
FixedParameters: 0 0 0

#Transform 34
Transform: AffineTransform_float_3_3
Parameters: 1 -3.76676e-05 0.000435511 3.73669e-05 0.999999 -0.000801981 -0.0004354 0.000801018 0.999999 -0.0185846 -0.115171 -0.0262638
FixedParameters: 0 0 0

#Transform 35
Transform: AffineTransform_float_3_3
Parameters: 1 0.000275764 0.000419475 -0.000275399 1 -0.000435115 -0.000419715 0.000434884 1 -0.0166563 -0.18509 -0.0748458
FixedParameters: 0 0 0

#Transform 36
Transform: AffineTransform_float_3_3
Parameters: 1 0.000418614 0.000412141 -0.000418182 1 -0.000523172 -0.000412579 0.000522827 1 -0.0121217 -0.0770441 -0.05002
FixedParameters: 0 0 0

#Transform 37
Transform: AffineTransform_float_3_3
Parameters: 1 0.000481602 0.000408837 -0.000481032 0.999999 -0.000696196 -0.000409507 0.000695802 0.999999 -0.0101674 -0.0966841 -0.0618471
FixedParameters: 0 0 0

#Transform 38
Transform: AffineTransform_float_3_3
Parameters: 1 0.00044724 -8.42506e-05 -0.000447432 0.999999 -0.00114296 8.32279e-05 0.00114304 1 -0.0105687 -0.17619 -0.212224
FixedParameters: 0 0 0

#Transform 39
Transform: AffineTransform_float_3_3
Parameters: 1 0.000532114 -3.08738e-05 -0.000532216 0.999999 -0.00171299 2.90506e-05 0.00171302 0.999999 -0.023031 -0.055747 -0.257223
FixedParameters: 0 0 0

#Transform 40
Transform: AffineTransform_float_3_3
Parameters: 1 0.000306915 -4.80441e-05 -0.000307006 0.999999 -0.00147199 4.81391e-05 0.00147201 0.999999 -0.0288982 -0.166133 -0.293623
FixedParameters: 0 0 0

#Transform 41
Transform: AffineTransform_float_3_3
Parameters: 1 0.000642125 -1.41754e-05 -0.000642103 0.999999 -0.00104399 1.38334e-05 0.00104401 1 -0.0203489 -0.130095 -0.220086
FixedParameters: 0 0 0

#Transform 42
Transform: AffineTransform_float_3_3
Parameters: 1 0.000350783 0.000415549 -0.000350187 0.999999 -0.000716145 -0.000416051 0.000715854 0.999999 -0.0165558 -0.0742383 -0.0706408
FixedParameters: 0 0 0

#Transform 43
Transform: AffineTransform_float_3_3
Parameters: 1 0.000212939 0.000422643 -0.000212385 1 -0.000655089 -0.000422921 0.00065491 0.999999 -0.0295265 -0.0825893 -0.174435
FixedParameters: 0 0 0

#Transform 44
Transform: AffineTransform_float_3_3
Parameters: 1 -0.000186439 0.000443182 0.000187212 0.999999 -0.000871916 -0.000442856 0.000872082 0.999999 -0.0240473 0.04064 -0.124275
FixedParameters: 0 0 0

#Transform 45
Transform: AffineTransform_float_3_3
Parameters: 1 -0.000305306 0.000449289 0.000306039 0.999999 -0.000815862 -0.00044879 0.000816136 0.999999 -0.0459274 -0.0692446 -0.209762
FixedParameters: 0 0 0

#Transform 46
Transform: AffineTransform_float_3_3
Parameters: 1 -0.000220585 0.000444837 0.00021998 1 -0.000441902 -0.000444592 0.000442098 1 -0.0363507 -0.098122 -0.193217
FixedParameters: 0 0 0

#Transform 47
Transform: AffineTransform_float_3_3
Parameters: 1 -0.000926527 0.000551157 0.000926036 1 0.00044546 -0.000551982 -0.000444539 1 -0.0912499 -0.0819469 -0.126177
FixedParameters: 0 0 0

#Transform 48
Transform: AffineTransform_float_3_3
Parameters: 1 -4.98698e-05 0.000436103 5.01323e-05 1 -0.000300978 -0.000436073 0.000301022 1 -0.0710592 -0.155433 -0.0740158
FixedParameters: 0 0 0

#Transform 49
Transform: AffineTransform_float_3_3
Parameters: 1 -0.000220289 0.000444984 0.000220276 1 -0.0011079 -0.000444445 0.0011081 1 -0.0281423 -0.189956 -0.0828212
FixedParameters: 0 0 0

#Transform 50
Transform: AffineTransform_float_3_3
Parameters: 1 -0.000216631 0.000520769 0.000216244 1 -0.000586887 -0.000520465 0.000587113 0.999999 -0.0519255 -0.011897 -0.102404
FixedParameters: 0 0 0

#Transform 51
Transform: AffineTransform_float_3_3
Parameters: 1 -0.000220554 0.000444852 0.000220011 1 -0.000511902 -0.000444576 0.000512098 1 -0.0490151 -0.0722627 -0.124998
FixedParameters: 0 0 0

#Transform 52
Transform: AffineTransform_float_3_3
Parameters: 1 -7.28273e-05 0.000437276 7.31159e-05 1 -0.000329968 -0.000437228 0.000330032 1 -0.0443697 -0.0520222 -0.126411
FixedParameters: 0 0 0

#Transform 53
Transform: AffineTransform_float_3_3
Parameters: 1 -0.000220894 0.000444684 0.00022067 1 0.000252098 -0.000444795 -0.000251902 1 -0.0565873 -0.284555 -0.161162
FixedParameters: 0 0 0

#Transform 54
Transform: AffineTransform_float_3_3
Parameters: 1 -0.000225859 0.000349687 0.000225318 0.999999 0.000773078 -0.000350035 -0.00077292 0.999999 -0.0453107 -0.153226 -0.210958
FixedParameters: 0 0 0

#Transform 55
Transform: AffineTransform_float_3_3
Parameters: 1 -0.000220746 0.000444757 0.000219819 1 -8.09022e-05 -0.000444671 8.10982e-05 1 -0.038131 -0.0375816 -0.0986192
FixedParameters: 0 0 0

#Transform 56
Transform: AffineTransform_float_3_3
Parameters: 1 -0.000401192 -7.15412e-05 0.0004011 0.999999 -0.000637028 7.20523e-05 0.000636971 1 0.0125411 -0.295492 -0.0335831
FixedParameters: 0 0 0

#Transform 57
Transform: AffineTransform_float_3_3
Parameters: 1 -3.65132e-05 0.000167083 3.66759e-05 1 -0.000486994 -0.000167048 0.000487006 1 0.0136464 -0.16721 0.0110794
FixedParameters: 0 0 0

#Transform 58
Transform: AffineTransform_float_3_3
Parameters: 1 1.09251e-05 -2.15788e-05 -1.09193e-05 1 0.000134 2.15817e-05 -0.000134 1 -0.00314396 -0.235362 -0.0883798
FixedParameters: 0 0 0

#Transform 59
Transform: AffineTransform_float_3_3
Parameters: 1 0.00019936 4.20523e-05 -0.000199397 1 0.000429992 -4.18809e-05 -0.000430008 1 0.0127105 -0.155725 -0.101302
FixedParameters: 0 0 0

#Transform 60
Transform: AffineTransform_float_3_3
Parameters: 1 0.000115798 -2.68491e-05 -0.000115778 1 0.000375003 2.69359e-05 -0.000374997 1 -0.00773494 -0.212801 -0.154154
FixedParameters: 0 0 0

#Transform 61
Transform: AffineTransform_float_3_3
Parameters: 1 8.38884e-05 0.000418349 -8.36518e-05 0.999999 0.000910964 -0.000418247 -0.000911034 0.999999 -0.0219126 -0.125289 -0.177635
FixedParameters: 0 0 0

#Transform 62
Transform: AffineTransform_float_3_3
Parameters: 1 -0.000260864 0.000494506 0.000260785 1 0.00114113 -0.000494153 -0.00114087 0.999999 -0.030438 -0.239484 -0.22705
FixedParameters: 0 0 0

#Transform 63
Transform: AffineTransform_float_3_3
Parameters: 1 -0.000152979 0.000475039 0.000152314 0.999999 0.00175007 -0.000475624 -0.00174993 0.999999 -0.0150039 -0.215289 -0.205367
FixedParameters: 0 0 0

#Transform 64
Transform: AffineTransform_float_3_3
Parameters: 0.999999 -0.000492594 0.000614764 0.000491418 0.999998 0.0018093 -0.000615596 -0.0018087 0.999998 0.0206995 -0.294473 -0.258283
FixedParameters: 0 0 0

#Transform 65
Transform: AffineTransform_float_3_3
Parameters: 0.999996 -0.00250845 0.0014005 0.00250715 0.999997 0.000857371 -0.00140284 -0.000853629 0.999998 0.126547 -0.256961 -0.394198
FixedParameters: 0 0 0

#Transform 66
Transform: AffineTransform_float_3_3
Parameters: 0.999992 -0.00376366 0.00136348 0.00376285 0.999993 0.000701796 -0.0013668 -0.000697203 0.999999 0.117628 -0.048105 -0.471627
FixedParameters: 0 0 0

#Transform 67
Transform: AffineTransform_float_3_3
Parameters: 0.999996 -0.00258175 -9.20086e-05 0.00258207 0.999996 0.000974615 8.997e-05 -0.000975388 1 -0.00969293 -0.2148 -0.150042
FixedParameters: 0 0 0

#Transform 68
Transform: AffineTransform_float_3_3
Parameters: 0.999999 -0.00136958 0.000285087 0.00136898 0.999999 0.00113534 -0.000287197 -0.00113466 1 -0.0502048 -0.303055 -0.144772
FixedParameters: 0 0 0

#Transform 69
Transform: AffineTransform_float_3_3
Parameters: 1 -0.00103683 0.000478321 0.00103635 0.999998 0.00165045 -0.000479795 -0.00164955 0.999998 -0.0168425 -0.238762 -0.148711
FixedParameters: 0 0 0

#Transform 70
Transform: AffineTransform_float_3_3
Parameters: 1 -0.00103313 0.000559654 0.00103181 0.999997 0.00220158 -0.000561254 -0.00220142 0.999998 -0.0298059 -0.275847 -0.163508
FixedParameters: 0 0 0

#Transform 71
Transform: AffineTransform_float_3_3
Parameters: 1 -0.00104068 0.00040557 0.00103984 0.999997 0.00245538 -0.000407733 -0.00245563 0.999997 -0.0350177 -0.287405 -0.194788
FixedParameters: 0 0 0

#Transform 72
Transform: AffineTransform_float_3_3
Parameters: 1 -0.00103386 0.000546465 0.00103233 0.999996 0.00239856 -0.000549473 -0.00239743 0.999997 -0.0417084 -0.242192 -0.194039
FixedParameters: 0 0 0

#Transform 73
Transform: AffineTransform_float_3_3
Parameters: 1 -0.00104048 0.00041311 0.00103929 0.999996 0.00288838 -0.000415173 -0.00288862 0.999996 -0.0268186 -0.324454 -0.252384
FixedParameters: 0 0 0

#Transform 74
Transform: AffineTransform_float_3_3
Parameters: 1 -0.00104189 0.00038494 0.00104071 0.999994 0.0030824 -0.000387415 -0.0030826 0.999995 -0.0151015 -0.28837 -0.258149
FixedParameters: 0 0 0

#Transform 75
Transform: AffineTransform_float_3_3
Parameters: 1 -0.00104203 0.000381943 0.00104081 0.999994 0.0030824 -0.000385418 -0.0030826 0.999995 -0.0150091 -0.286146 -0.216799
FixedParameters: 0 0 0

#Transform 76
Transform: AffineTransform_float_3_3
Parameters: 1 -0.00104748 0.000267118 0.001047 0.999995 0.00303928 -0.000270538 -0.00303872 0.999996 -0.00578741 -0.279243 -0.254517
FixedParameters: 0 0 0

#Transform 77
Transform: AffineTransform_float_3_3
Parameters: 1 -0.00105238 0.000267734 0.00105204 0.999996 0.00268028 -0.000271427 -0.00267972 0.999997 -0.0108108 -0.207271 -0.268398
FixedParameters: 0 0 0

#Transform 78
Transform: AffineTransform_float_3_3
Parameters: 0.999999 -0.00119835 0.000274152 0.00119675 0.999995 0.00316228 -0.000278729 -0.00316172 0.999995 -0.0152327 -0.368291 -0.316694
FixedParameters: 0 0 0

#Transform 79
Transform: AffineTransform_float_3_3
Parameters: 0.999999 -0.000919577 0.000261203 0.000918179 0.999995 0.00285124 -0.000264445 -0.00285076 0.999996 -0.0199082 -0.25765 -0.276
FixedParameters: 0 0 0

#Transform 80
Transform: AffineTransform_float_3_3
Parameters: 0.999999 -0.000688878 0.000250073 0.000688472 0.999996 0.00299818 -0.000252255 -0.00299783 0.999996 -0.0169173 -0.221685 -0.254308
FixedParameters: 0 0 0

#Transform 81
Transform: AffineTransform_float_3_3
Parameters: 1 -0.000524184 0.000343445 0.000523303 0.999996 0.00280318 -0.000345433 -0.00280282 0.999996 -0.0233672 -0.239941 -0.294589
FixedParameters: 0 0 0

#Transform 82
Transform: AffineTransform_float_3_3
Parameters: 0.999999 -0.000485278 0.00114673 0.000482855 0.999997 0.00238361 -0.00114819 -0.00238339 0.999997 -0.138959 -0.214057 -0.220172
FixedParameters: 0 0 0

#Transform 83
Transform: AffineTransform_float_3_3
Parameters: 0.999999 -0.000486375 0.00114627 0.000482808 0.999995 0.00334056 -0.00114771 -0.00334044 0.999994 -0.12782 -0.35819 -0.284117
FixedParameters: 0 0 0

#Transform 84
Transform: AffineTransform_float_3_3
Parameters: 1 -0.000495512 0.000942758 0.000493315 0.999996 0.00280647 -0.000943687 -0.00280653 0.999995 -0.0829 -0.274923 -0.336373
FixedParameters: 0 0 0

#Transform 85
Transform: AffineTransform_float_3_3
Parameters: 1 -0.000493605 0.000974912 0.000491931 0.999997 0.00241948 -0.000976449 -0.00241852 0.999996 -0.0626593 -0.1319 -0.367687
FixedParameters: 0 0 0

#Transform 86
Transform: AffineTransform_float_3_3
Parameters: 0.999999 -0.000680737 0.00057181 0.00067901 0.999994 0.00333739 -0.000574452 -0.00333661 0.999995 -0.0575944 -0.38162 -0.389649
FixedParameters: 0 0 0

#Transform 87
Transform: AffineTransform_float_3_3
Parameters: 1 -0.000946183 0.000641696 0.000944111 0.999991 0.00409461 -0.000645592 -0.00409439 0.999992 -0.0405387 -0.368217 -0.452819
FixedParameters: 0 0 0

#Transform 88
Transform: AffineTransform_float_3_3
Parameters: 0.999998 -0.0013504 0.000930462 0.0013466 0.999989 0.00434126 -0.000936379 -0.00433974 0.99999 -0.0542062 -0.193065 -0.491568
FixedParameters: 0 0 0

#Transform 89
Transform: AffineTransform_float_3_3
Parameters: 1 -0.000766251 0.000907945 0.000762695 0.999993 0.00368669 -0.000910737 -0.0036853 0.999993 -0.117054 -0.344336 -0.436681
FixedParameters: 0 0 0

#Transform 90
Transform: AffineTransform_float_3_3
Parameters: 0.999998 -0.00121224 0.00165066 0.00120977 0.999999 0.001383 -0.00165211 -0.001381 0.999997 -0.126964 -0.402267 -0.170331
FixedParameters: 0 0 0

#Transform 91
Transform: AffineTransform_float_3_3
Parameters: 1 -0.000528423 0.000961494 0.000526543 0.999996 0.00255956 -0.000963348 -0.00255944 0.999997 -0.0911576 -0.4271 -0.254332
FixedParameters: 0 0 0

#Transform 92
Transform: AffineTransform_float_3_3
Parameters: 0.999999 -0.000343897 0.00119755 0.000339722 0.999994 0.00343046 -0.0011991 -0.00342954 0.999994 -0.117106 -0.414449 -0.270333
FixedParameters: 0 0 0

#Transform 93
Transform: AffineTransform_float_3_3
Parameters: 0.999999 -0.000238351 0.00120164 0.000234629 0.999995 0.00323133 -0.00120237 -0.00323066 0.999994 -0.114242 -0.43265 -0.295218
FixedParameters: 0 0 0

#Transform 94
Transform: AffineTransform_float_3_3
Parameters: 1 -0.000246773 0.00102878 0.000243713 0.999994 0.00345125 -0.00102967 -0.00345174 0.999993 -0.107483 -0.438908 -0.324113
FixedParameters: 0 0 0

#Transform 95
Transform: AffineTransform_float_3_3
Parameters: 1 0.000407343 0.000868791 -0.000410579 0.999993 0.0035297 -0.000868053 -0.0035303 0.999994 -0.151752 -0.350277 -0.260072
FixedParameters: 0 0 0

#Transform 96
Transform: AffineTransform_float_3_3
Parameters: 1 0.000267821 0.000654215 -0.000271016 0.999993 0.00393282 -0.000653196 -0.00393218 0.999992 -0.121605 -0.493006 -0.315238
FixedParameters: 0 0 0

#Transform 97
Transform: AffineTransform_float_3_3
Parameters: 1 0.00016784 0.000513815 -0.000169565 0.999989 0.00454591 -0.000513432 -0.00454608 0.999989 -0.106704 -0.372347 -0.307458
FixedParameters: 0 0 0

#Transform 98
Transform: AffineTransform_float_3_3
Parameters: 1 -0.00010317 6.38189e-05 0.000103584 0.999989 0.004546 -6.48094e-05 -0.00454599 0.999989 -0.108644 -0.415101 -0.314557
FixedParameters: 0 0 0

#Transform 99
Transform: AffineTransform_float_3_3
Parameters: 1 0.00017039 0.000572803 -0.000172985 0.999989 0.0048379 -0.000572292 -0.0048381 0.999988 -0.104213 -0.418359 -0.338227
FixedParameters: 0 0 0

#Transform 100
Transform: AffineTransform_float_3_3
Parameters: 1 0.000161523 0.000382056 -0.000163524 0.999986 0.00516993 -0.000381476 -0.00517006 0.999986 -0.087023 -0.44601 -0.391442
FixedParameters: 0 0 0

#Transform 101
Transform: AffineTransform_float_3_3
Parameters: 0.999999 0.000184191 0.000880541 -0.000188295 0.999986 0.00517089 -0.000878868 -0.00517111 0.999986 -0.0921087 -0.459718 -0.400899
FixedParameters: 0 0 0

#Transform 102
Transform: AffineTransform_float_3_3
Parameters: 0.999999 -0.000513912 0.000504531 0.000511192 0.999983 0.00579726 -0.00050763 -0.00579774 0.999983 -0.0975419 -0.538127 -0.472018
FixedParameters: 0 0 0

#Transform 103
Transform: AffineTransform_float_3_3
Parameters: 0.999999 -0.000808968 0.000544862 0.000805696 0.999976 0.00691244 -0.000550234 -0.00691255 0.999976 -0.0903389 -0.549938 -0.52051
FixedParameters: 0 0 0

#Transform 104
Transform: AffineTransform_float_3_3
Parameters: 0.999999 -0.00122288 0.000629559 0.00121909 0.999972 0.00728677 -0.000638616 -0.00728523 0.999974 -0.0707619 -0.564035 -0.540333
FixedParameters: 0 0 0

#Transform 105
Transform: AffineTransform_float_3_3
Parameters: 0.999997 -0.00216854 0.00158141 0.00215402 0.999961 0.00863335 -0.00160035 -0.00863065 0.999961 -0.103629 -0.480407 -0.671724
FixedParameters: 0 0 0

#Transform 106
Transform: AffineTransform_float_3_3
Parameters: 0.999998 -0.00182165 0.00139094 0.00181158 0.99997 0.00742849 -0.00140445 -0.0074265 0.999971 -0.158656 -0.333482 -0.52106
FixedParameters: 0 0 0

#Transform 107
Transform: AffineTransform_float_3_3
Parameters: 0.999998 -0.00145168 0.00142359 0.00144463 0.999986 0.00506008 -0.0014306 -0.00505893 0.999987 -0.219256 -0.460432 -0.267672
FixedParameters: 0 0 0

#Transform 108
Transform: AffineTransform_float_3_3
Parameters: 1 -0.000853849 0.000819283 0.000849144 0.999977 0.00669071 -0.000824988 -0.0066903 0.999978 -0.138594 -0.390861 -0.360334
FixedParameters: 0 0 0

#Transform 109
Transform: AffineTransform_float_3_3
Parameters: 1 -0.000832312 0.000876401 0.000826862 0.999978 0.00668074 -0.000881797 -0.00668027 0.999978 -0.139754 -0.40857 -0.354727
FixedParameters: 0 0 0

#Transform 110
Transform: AffineTransform_float_3_3
Parameters: 0.999999 -0.000804194 0.00116403 0.000795773 0.999974 0.00716193 -0.0011699 -0.00716106 0.999973 -0.172358 -0.400185 -0.370239
FixedParameters: 0 0 0

#Transform 111
Transform: AffineTransform_float_3_3
Parameters: 0.999999 -0.000844485 0.00103508 0.000836602 0.999969 0.00781388 -0.00104163 -0.00781313 0.999969 -0.160468 -0.398565 -0.396581
FixedParameters: 0 0 0

#Transform 112
Transform: AffineTransform_float_3_3
Parameters: 1 -0.00075728 0.000926064 0.000749615 0.999968 0.00804871 -0.000932554 -0.0080483 0.999967 -0.161419 -0.390095 -0.395402
FixedParameters: 0 0 0

#Transform 113
Transform: AffineTransform_float_3_3
Parameters: 1 -0.000751644 0.000918764 0.000744032 0.999967 0.00811569 -0.000924266 -0.0081153 0.999966 -0.160926 -0.424312 -0.423408
FixedParameters: 0 0 0

#Transform 114
Transform: AffineTransform_float_3_3
Parameters: 0.999999 -0.000486096 0.000732476 0.000480831 0.99997 0.00780136 -0.000736328 -0.00780165 0.99997 -0.145769 -0.370124 -0.444228
FixedParameters: 0 0 0

#Transform 115
Transform: AffineTransform_float_3_3
Parameters: 0.999999 -0.00040797 0.000828196 0.000402073 0.999969 0.00785534 -0.000831917 -0.00785466 0.999969 -0.147337 -0.366135 -0.435609
FixedParameters: 0 0 0

#Transform 116
Transform: AffineTransform_float_3_3
Parameters: 0.999999 -0.000693536 0.00113215 0.000685397 0.999973 0.00721784 -0.00113752 -0.00721716 0.999974 -0.167998 -0.241068 -0.503786
FixedParameters: 0 0 0

#Transform 117
Transform: AffineTransform_float_3_3
Parameters: 1 -0.0003953 0.00111901 0.000387295 0.99997 0.00764949 -0.00112246 -0.00764851 0.99997 -0.158686 -0.307288 -0.490444
FixedParameters: 0 0 0

#Transform 118
Transform: AffineTransform_float_3_3
Parameters: 0.999999 -0.000783793 0.00117535 0.000774962 0.999966 0.00813497 -0.00118154 -0.00813403 0.999966 -0.161666 -0.480733 -0.502393
FixedParameters: 0 0 0

#Transform 119
Transform: AffineTransform_float_3_3
Parameters: 1 -0.000722152 0.000768233 0.000715637 0.999966 0.00830456 -0.000774484 -0.00830345 0.999965 -0.123295 -0.441813 -0.538128
FixedParameters: 0 0 0

#Transform 120
Transform: AffineTransform_float_3_3
Parameters: 0.999998 -0.000861526 0.00132644 0.00085114 0.999972 0.00741914 -0.00133261 -0.00741885 0.999971 -0.150097 -0.156654 -0.500968
FixedParameters: 0 0 0

#Transform 121
Transform: AffineTransform_float_3_3
Parameters: 1 -0.000398207 0.00105599 0.000389823 0.999969 0.00783942 -0.00105858 -0.00783858 0.999968 -0.136469 -0.345726 -0.410847
FixedParameters: 0 0 0

#Transform 122
Transform: AffineTransform_float_3_3
Parameters: 1 -0.000403402 0.000933136 0.000396018 0.999969 0.00776943 -0.000936705 -0.00776858 0.99997 -0.122822 -0.329503 -0.412503
FixedParameters: 0 0 0

#Transform 123
Transform: AffineTransform_float_3_3
Parameters: 0.999999 9.34643e-06 0.000915444 -1.63265e-05 0.999971 0.00763004 -0.000915602 -0.00762996 0.999971 -0.149762 -0.340356 -0.338583
FixedParameters: 0 0 0

#Transform 124
Transform: AffineTransform_float_3_3
Parameters: 1 -0.000403727 0.000932995 0.000396691 0.999967 0.00811637 -0.0009369 -0.00811662 0.999966 -0.132406 -0.319877 -0.390005
FixedParameters: 0 0 0

#Transform 125
Transform: AffineTransform_float_3_3
Parameters: 1 -0.000404287 0.000932752 0.000396187 0.999962 0.00871737 -0.00093614 -0.00871762 0.999961 -0.12672 -0.30815 -0.476671
FixedParameters: 0 0 0

#Transform 126
Transform: AffineTransform_float_3_3
Parameters: 0.999999 -0.00096573 0.00118106 0.000956809 0.999967 0.00814815 -0.00118924 -0.00814686 0.999966 -0.122096 -0.129787 -0.483349
FixedParameters: 0 0 0

#Transform 127
Transform: AffineTransform_float_3_3
Parameters: 0.999999 -0.00072005 0.00101122 0.000711125 0.999963 0.00848672 -0.00101778 -0.00848527 0.999963 -0.115583 -0.335782 -0.478425
FixedParameters: 0 0 0

#Transform 128
Transform: AffineTransform_float_3_3
Parameters: 0.999999 -0.00103529 0.000958582 0.00102587 0.999956 0.009297 -0.000968162 -0.00929601 0.999957 -0.0905082 -0.428907 -0.539706
FixedParameters: 0 0 0

#Transform 129
Transform: AffineTransform_float_3_3
Parameters: 0.999998 -0.0013952 0.000876272 0.00138591 0.999941 0.0107702 -0.000891698 -0.0107688 0.999941 -0.0525935 -0.465406 -0.616162
FixedParameters: 0 0 0

#Transform 130
Transform: AffineTransform_float_3_3
Parameters: 0.999998 -0.00153984 0.00107076 0.00152785 0.999938 0.0110406 -0.00108821 -0.0110394 0.999938 -0.0396788 -0.527704 -0.720655
FixedParameters: 0 0 0

#Transform 131
Transform: AffineTransform_float_3_3
Parameters: 0.999998 -0.00202197 6.65701e-05 0.00202049 0.99995 0.00979405 -8.61379e-05 -0.00979395 0.999952 0.0658919 -0.438637 -0.855825
FixedParameters: 0 0 0

#Transform 132
Transform: AffineTransform_float_3_3
Parameters: 0.999997 -0.00253595 -0.000112983 0.00253585 0.999959 0.00875754 9.06897e-05 -0.00875746 0.999961 0.0783105 -0.165245 -0.880202
FixedParameters: 0 0 0

#Transform 133
Transform: AffineTransform_float_3_3
Parameters: 0.999999 -0.00135531 -0.000610686 0.00136045 0.999968 0.00790212 0.000600464 -0.00790287 0.999968 -0.0363748 -0.300545 -0.661221
FixedParameters: 0 0 0

#Transform 134
Transform: AffineTransform_float_3_3
Parameters: 1 -0.000894438 -0.00021437 0.000895311 0.999982 0.00605476 0.000209627 -0.00605524 0.999981 -0.0702342 -0.3686 -0.375722
FixedParameters: 0 0 0

#Transform 135
Transform: AffineTransform_float_3_3
Parameters: 0.999998 -0.00152977 -0.000469142 0.00153306 0.999973 0.00726124 0.000458089 -0.00726177 0.999974 -0.0909311 -0.416212 -0.239438
FixedParameters: 0 0 0

#Transform 136
Transform: AffineTransform_float_3_3
Parameters: 0.999999 -0.00133111 -0.000491446 0.0013336 0.999979 0.00624735 0.000482989 -0.00624865 0.999981 -0.105301 -0.359515 -0.280586
FixedParameters: 0 0 0

#Transform 137
Transform: AffineTransform_float_3_3
Parameters: 1 -0.00105717 0.000245125 0.00105542 0.99998 0.00625121 -0.000251391 -0.00625078 0.99998 -0.101946 -0.399696 -0.278579
FixedParameters: 0 0 0

#Transform 138
Transform: AffineTransform_float_3_3
Parameters: 0.999999 -0.000933627 0.00014377 0.000931844 0.999974 0.00707813 -0.000150982 -0.00707786 0.999975 -0.141553 -0.435488 -0.358024
FixedParameters: 0 0 0

#Transform 139
Transform: AffineTransform_float_3_3
Parameters: 0.999999 -0.00090435 0.000148764 0.000903589 0.999976 0.00678913 -0.000155096 -0.00678886 0.999977 -0.123009 -0.350962 -0.423865
FixedParameters: 0 0 0

#Transform 140
Transform: AffineTransform_float_3_3
Parameters: 0.999999 -0.000738261 0.000335086 0.000735398 0.999971 0.00756025 -0.000341335 -0.00755975 0.999972 -0.125574 -0.402606 -0.426501
FixedParameters: 0 0 0

#Transform 141
Transform: AffineTransform_float_3_3
Parameters: 1 -0.000615889 -7.77219e-05 0.000616323 0.999969 0.00781896 7.31313e-05 -0.00781905 0.99997 -0.105336 -0.410154 -0.44109
FixedParameters: 0 0 0

#Transform 142
Transform: AffineTransform_float_3_3
Parameters: 1 -0.000611166 3.24933e-05 0.000610858 0.999973 0.00730202 -3.74218e-05 -0.00730198 0.999974 -0.11305 -0.167624 -0.410987
FixedParameters: 0 0 0

#Transform 143
Transform: AffineTransform_float_3_3
Parameters: 0.999999 -0.000594336 0.000420171 0.000591424 0.999973 0.00723125 -0.000424903 -0.00723075 0.999974 -0.162043 -0.253082 -0.45764
FixedParameters: 0 0 0

#Transform 144
Transform: AffineTransform_float_3_3
Parameters: 0.999999 -0.00141561 0.000484812 0.00141142 0.999968 0.00795565 -0.00049547 -0.00795536 0.999969 -0.117941 -0.142679 -0.532442
FixedParameters: 0 0 0

#Transform 145
Transform: AffineTransform_float_3_3
Parameters: 0.999999 -0.00120787 0.000530935 0.00120297 0.999961 0.0088176 -0.000541408 -0.00881641 0.999961 -0.113684 -0.298569 -0.581084
FixedParameters: 0 0 0

#Transform 146
Transform: AffineTransform_float_3_3
Parameters: 1 -0.00104103 0.000344943 0.00103717 0.999944 0.0105793 -0.000356095 -0.0105787 0.999944 -0.101228 -0.318746 -0.606743
FixedParameters: 0 0 0

#Transform 147
Transform: AffineTransform_float_3_3
Parameters: 0.999999 -0.00113487 0.000740982 0.00112637 0.999933 0.0114688 -0.000754336 -0.0114671 0.999934 -0.0857696 -0.465337 -0.737274
FixedParameters: 0 0 0

#Transform 148
Transform: AffineTransform_float_3_3
Parameters: 0.999998 -0.00179905 0.00109641 0.00178442 0.999914 0.0130099 -0.00111972 -0.0130071 0.999915 -0.0972619 -0.326266 -0.847441
FixedParameters: 0 0 0

#Transform 149
Transform: AffineTransform_float_3_3
Parameters: 0.999999 -0.00168914 0.000581288 0.00168112 0.999892 0.0145469 -0.000605753 -0.014546 0.999894 -0.0805275 -0.525904 -0.875275
FixedParameters: 0 0 0

#Transform 150
Transform: AffineTransform_float_3_3
Parameters: 0.999997 -0.00200992 0.00137342 0.00198651 0.999854 0.0169567 -0.00140734 -0.0169533 0.999856 -0.0610859 -0.400901 -1.04074
FixedParameters: 0 0 0

#Transform 151
Transform: AffineTransform_float_3_3
Parameters: 0.999997 -0.00222735 0.00104064 0.00221028 0.999869 0.0160313 -0.00107559 -0.0160297 0.999871 -0.0931349 -0.408879 -1.05053
FixedParameters: 0 0 0

#Transform 152
Transform: AffineTransform_float_3_3
Parameters: 0.999999 -0.00116664 0.000550735 0.00116102 0.999948 0.0100746 -0.000562453 -0.0100733 0.999949 -0.195507 -0.411439 -0.532445
FixedParameters: 0 0 0

#Transform 153
Transform: AffineTransform_float_3_3
Parameters: 0.999999 -0.00105053 0.000635179 0.00104442 0.999959 0.00907062 -0.000644447 -0.00907038 0.999958 -0.174035 -0.359413 -0.598569
FixedParameters: 0 0 0

#Transform 154
Transform: AffineTransform_float_3_3
Parameters: 0.999999 -0.000998818 0.000803722 0.000990937 0.999954 0.00951181 -0.000813015 -0.0095112 0.999955 -0.206279 -0.461774 -0.545038
FixedParameters: 0 0 0

#Transform 155
Transform: AffineTransform_float_3_3
Parameters: 0.999999 -0.00059392 0.00112107 0.00058283 0.999951 0.00995367 -0.00112735 -0.00995334 0.99995 -0.230844 -0.484087 -0.555465
FixedParameters: 0 0 0

#Transform 156
Transform: AffineTransform_float_3_3
Parameters: 0.999999 -0.000742226 0.00097575 0.000732606 0.999947 0.0102457 -0.000982378 -0.0102453 0.999947 -0.229474 -0.437851 -0.58619
FixedParameters: 0 0 0

#Transform 157
Transform: AffineTransform_float_3_3
Parameters: 0.999999 -0.000444078 0.00114446 0.000431965 0.999939 0.0110486 -0.00114981 -0.0110484 0.999939 -0.254788 -0.421594 -0.693083
FixedParameters: 0 0 0

#Transform 158
Transform: AffineTransform_float_3_3
Parameters: 0.999999 -0.000550167 0.00127618 0.000534806 0.999927 0.0120187 -0.00128199 -0.0120182 0.999927 -0.253898 -0.369362 -0.768144
FixedParameters: 0 0 0

#Transform 159
Transform: AffineTransform_float_3_3
Parameters: 1 -0.000591884 0.000996646 0.000580443 0.999929 0.0119156 -0.00100323 -0.0119154 0.999928 -0.219581 -0.3264 -0.805345
FixedParameters: 0 0 0

#Transform 160
Transform: AffineTransform_float_3_3
Parameters: 0.999999 -0.000847995 0.00112475 0.000834811 0.99993 0.011802 -0.00113528 -0.011801 0.999929 -0.216505 -0.354217 -0.854468
FixedParameters: 0 0 0

#Transform 161
Transform: AffineTransform_float_3_3
Parameters: 1 -0.00102846 0.000638573 0.00101988 0.999921 0.0125766 -0.000651705 -0.0125754 0.99992 -0.202094 -0.478672 -0.942492
FixedParameters: 0 0 0

#Transform 162
Transform: AffineTransform_float_3_3
Parameters: 0.999999 -0.00124595 0.00137888 0.00122894 0.999925 0.0121877 -0.00139388 -0.0121863 0.999925 -0.179965 -0.535514 -1.00904
FixedParameters: 0 0 0

#Transform 163
Transform: AffineTransform_float_3_3
Parameters: 0.999998 -0.00125705 0.00161488 0.0012401 0.999946 0.010376 -0.00162761 -0.010374 0.999945 -0.11267 -0.516231 -1.05507
FixedParameters: 0 0 0

#Transform 164
Transform: AffineTransform_float_3_3
Parameters: 0.999998 -0.00124514 0.00195348 0.00122265 0.999935 0.0112775 -0.00196739 -0.0112745 0.999934 -0.126193 -0.652038 -1.25178
FixedParameters: 0 0 0

#Transform 165
Transform: AffineTransform_float_3_3
Parameters: 0.999998 -0.00171938 0.00146421 0.00170391 0.999938 0.0110185 -0.00148276 -0.0110155 0.999939 -0.102642 -0.441076 -1.30814
FixedParameters: 0 0 0

#Transform 166
Transform: AffineTransform_float_3_3
Parameters: 0.999998 -0.00147488 0.000576196 0.00146883 0.999948 0.0101098 -0.000591227 -0.0101082 0.999948 -0.179335 -0.377448 -1.05077
FixedParameters: 0 0 0

#Transform 167
Transform: AffineTransform_float_3_3
Parameters: 0.999999 -0.00105877 0.00105706 0.00104846 0.999951 0.00981613 -0.00106727 -0.00981488 0.999952 -0.279962 -0.528728 -0.910944
FixedParameters: 0 0 0

#Transform 168
Transform: AffineTransform_float_3_3
Parameters: 0.999999 -0.00108475 0.0014832 0.0010704 0.999949 0.0100577 -0.00149365 -0.0100563 0.999949 -0.285274 -0.432632 -0.846135
FixedParameters: 0 0 0

#Transform 169
Transform: AffineTransform_float_3_3
Parameters: 1 -0.000880334 0.000580584 0.000875808 0.999963 0.00849451 -0.000587765 -0.00849448 0.999964 -0.27972 -0.41955 -0.70579
FixedParameters: 0 0 0

#Transform 170
Transform: AffineTransform_float_3_3
Parameters: 1 -0.000881085 0.000684148 0.000874465 0.999948 0.0102106 -0.000693439 -0.0102104 0.999947 -0.317264 -0.487757 -0.822254
FixedParameters: 0 0 0

#Transform 171
Transform: AffineTransform_float_3_3
Parameters: 0.999999 -0.000863093 0.000365732 0.000858677 0.999943 0.0107003 -0.00037432 -0.0106997 0.999942 -0.273544 -0.392346 -0.900063
FixedParameters: 0 0 0

#Transform 172
Transform: AffineTransform_float_3_3
Parameters: 1 -0.00109329 3.95267e-05 0.00109292 0.999941 0.01082 -5.11976e-05 -0.01082 0.999941 -0.276305 -0.462468 -0.892771
FixedParameters: 0 0 0

#Transform 173
Transform: AffineTransform_float_3_3
Parameters: 1 -0.000492483 0.000203264 0.00048992 0.999931 0.0118001 -0.000208965 -0.0117999 0.999931 -0.280828 -0.440462 -0.935566
FixedParameters: 0 0 0

#Transform 174
Transform: AffineTransform_float_3_3
Parameters: 1 -0.000492585 0.000202111 0.000489917 0.999926 0.0121121 -0.00020812 -0.0121119 0.999926 -0.231374 -0.485951 -0.987784
FixedParameters: 0 0 0

#Transform 175
Transform: AffineTransform_float_3_3
Parameters: 1 -0.000494108 0.000162192 0.000492442 0.999928 0.0120081 -0.000168148 -0.0120079 0.999928 -0.219986 -0.465936 -0.972763
FixedParameters: 0 0 0

#Transform 176
Transform: AffineTransform_float_3_3
Parameters: 0.999999 -0.000680714 0.000357528 0.000675476 0.999928 0.0120252 -0.000365 -0.0120248 0.999927 -0.225172 -0.405365 -1.01179
FixedParameters: 0 0 0

#Transform 177
Transform: AffineTransform_float_3_3
Parameters: 1 -0.00108364 0.000372421 0.00107876 0.999919 0.0126294 -0.000385951 -0.0126286 0.99992 -0.228537 -0.398685 -1.10636
FixedParameters: 0 0 0

#Transform 178
Transform: AffineTransform_float_3_3
Parameters: 0.999999 -0.00129797 0.000860397 0.00128746 0.999924 0.0122651 -0.000876634 -0.0122639 0.999925 -0.243087 -0.315335 -1.15847
FixedParameters: 0 0 0

#Transform 179
Transform: AffineTransform_float_3_3
Parameters: 0.999999 -0.00144346 0.00038579 0.00143828 0.999917 0.0128385 -0.000404014 -0.0128375 0.999917 -0.214089 -0.435656 -1.20448
FixedParameters: 0 0 0

#Transform 180
Transform: AffineTransform_float_3_3
Parameters: 0.999999 -0.00178565 0.000396744 0.00177951 0.999902 0.0139376 -0.000421669 -0.0139364 0.999903 -0.181475 -0.540432 -1.22468
FixedParameters: 0 0 0

#Transform 181
Transform: AffineTransform_float_3_3
Parameters: 0.999998 -0.00176932 0.000676514 0.00175952 0.999902 0.0138372 -0.00070078 -0.0138358 0.999904 -0.168579 -0.441947 -1.32094
FixedParameters: 0 0 0

#Transform 182
Transform: AffineTransform_float_3_3
Parameters: 0.999999 -0.00180452 -2.68357e-05 0.00180485 0.999942 0.0106009 7.59803e-06 -0.0106011 0.999944 -0.159572 -0.233923 -0.869558
FixedParameters: 0 0 0

#Transform 183
Transform: AffineTransform_float_3_3
Parameters: 0.999999 -0.000720416 0.000444434 0.000718303 0.999988 0.00483532 -0.000447497 -0.00483468 0.999988 -0.231617 -0.22599 -0.570531
FixedParameters: 0 0 0

#Transform 184
Transform: AffineTransform_float_3_3
Parameters: 1 -0.000593765 0.000364845 0.000591725 0.999991 0.00435922 -0.000367067 -0.00435879 0.999991 -0.203305 -0.198354 -0.420364
FixedParameters: 0 0 0

#Transform 185
Transform: AffineTransform_float_3_3
Parameters: 1 -0.000483256 0.000447499 0.000481598 0.999996 0.00301822 -0.000449463 -0.00301779 0.999996 -0.203446 -0.0959067 -0.385104
FixedParameters: 0 0 0

#Transform 186
Transform: AffineTransform_float_3_3
Parameters: 1 0.000135598 0.000563254 -0.000137698 0.999994 0.00363993 -0.00056236 -0.00364008 0.999993 -0.227563 -0.156847 -0.610779
FixedParameters: 0 0 0

#Transform 187
Transform: AffineTransform_float_3_3
Parameters: 1 -9.8945e-05 0.000439007 9.68303e-05 0.999989 0.00467804 -0.000440024 -0.00467796 0.999989 -0.21377 -0.165995 -0.671844
FixedParameters: 0 0 0

#Transform 188
Transform: AffineTransform_float_3_3
Parameters: 1 -0.000107988 0.000252009 0.000105765 0.999979 0.00648603 -0.000252447 -0.00648597 0.999979 -0.233846 -0.198662 -0.81282
FixedParameters: 0 0 0

#Transform 189
Transform: AffineTransform_float_3_3
Parameters: 1 -9.92868e-05 0.000463664 9.50114e-05 0.999969 0.00789004 -0.00046435 -0.00788995 0.999969 -0.214783 -0.269405 -0.9476
FixedParameters: 0 0 0

#Transform 190
Transform: AffineTransform_float_3_3
Parameters: 1 -0.000315233 0.000526656 0.000310143 0.999961 0.00874616 -0.000529332 -0.00874683 0.999961 -0.219124 -0.328951 -0.996052
FixedParameters: 0 0 0

#Transform 191
Transform: AffineTransform_float_3_3
