#Insight Transform File V1.0
#Transform 0
Transform: AffineTransform_float_3_3
Parameters: 1 -4.11575e-05 -0.000678696 4.18615e-05 1 0.000518679 0.000678653 -0.000518735 0.999999 0.0123358 -0.00758952 0.0295949
FixedParameters: 0 0 0

#Transform 1
Transform: AffineTransform_float_3_3
Parameters: 0.999999 0.000256964 -0.00070716 -0.000256617 1 0.000981772 0.000707728 -0.000981406 1 0.0123978 -0.0516871 -0.0318326
FixedParameters: 0 0 0

#Transform 2
Transform: AffineTransform_float_3_3
Parameters: 1 -9.32885e-06 -0.00015337 9.43179e-06 1 0.000335599 0.000153364 -0.000335602 1 0.00607777 -0.0100526 -0.0033621
FixedParameters: 0 0 0

#Transform 3
Transform: AffineTransform_float_3_3
Parameters: 1 0.000261359 -0.000632994 -0.000261298 0.999999 0.000835465 0.000633492 -0.000835009 1 0.0133422 -0.0276632 0.00159269
FixedParameters: 0 0 0

#Transform 4
Transform: AffineTransform_float_3_3
Parameters: 1 -3.1189e-05 -0.000513928 3.16756e-05 1 0.000473424 0.000513898 -0.000473457 1 0.00448068 -0.00348583 -0.00599345
FixedParameters: 0 0 0

#Transform 5
Transform: AffineTransform_float_3_3
Parameters: 1 -3.22772e-05 -0.000534384 3.30884e-05 0.999999 0.000759031 0.000534335 -0.000759066 0.999999 0.00516242 0.00777933 -0.0013974
FixedParameters: 0 0 0

#Transform 6
Transform: AffineTransform_float_3_3
Parameters: 1 0.000102859 -0.000466523 -0.000102559 1 0.000321708 0.000466589 -0.000321612 1 0.00590767 0.0167402 -0.0190353
FixedParameters: 0 0 0

#Transform 7
Transform: AffineTransform_float_3_3
Parameters: 1 -2.75282e-05 -0.000453895 2.79928e-05 1 0.000511802 0.000453866 -0.000511828 1 0.00120488 0.0154799 -0.00841972
FixedParameters: 0 0 0

#Transform 8
Transform: AffineTransform_float_3_3
Parameters: 1 -2.98367e-05 -0.000489254 3.00108e-05 1 0.000177911 0.000489243 -0.00017794 1 0.00511283 0.0176305 -0.0074645
FixedParameters: 0 0 0

#Transform 9
Transform: AffineTransform_float_3_3
Parameters: 1 4.50909e-05 -0.000279608 -4.49361e-05 1 0.000276814 0.000279633 -0.000276789 1 0.00411139 0.0301519 0.0227346
FixedParameters: 0 0 0

#Transform 10
Transform: AffineTransform_float_3_3
Parameters: 1 -2.7063e-05 -0.000444937 2.73629e-05 1 0.000336961 0.000444919 -0.000336986 1 0.00263766 0.0169656 0.0207843
FixedParameters: 0 0 0

#Transform 11
Transform: AffineTransform_float_3_3
Parameters: 1 -3.58552e-05 -0.000591583 3.65079e-05 1 0.000551674 0.000591543 -0.000551717 0.999999 0.00719404 0.0095202 0.00668095
FixedParameters: 0 0 0

#Transform 12
Transform: AffineTransform_float_3_3
Parameters: 1 -2.81483e-05 -0.000460203 2.81461e-05 1 -2.47387e-06 0.000460203 2.44796e-06 1 0.00616825 0.0147152 -0.00426455
FixedParameters: 0 0 0

#Transform 13
Transform: AffineTransform_float_3_3
Parameters: 1 -3.00337e-05 -0.000496554 3.07049e-05 1 0.000675872 0.000496513 -0.000675902 0.999999 0.0120215 0.00258182 -0.00351315
FixedParameters: 0 0 0

#Transform 14
Transform: AffineTransform_float_3_3
Parameters: 1 -9.21725e-06 -0.000151555 9.32141e-06 1 0.000343642 0.000151549 -0.000343645 1 0.00463059 0.00864523 -0.00239542
FixedParameters: 0 0 0

#Transform 15
Transform: AffineTransform_float_3_3
Parameters: 1 -2.25961e-05 -0.000370188 2.26869e-05 1 0.000122609 0.000370183 -0.000122626 1 0.00391212 0.0129322 0.00395545
FixedParameters: 0 0 0

#Transform 16
Transform: AffineTransform_float_3_3
Parameters: 1 -2.96147e-05 -0.000485806 2.9811e-05 1 0.000201995 0.000485794 -0.000202024 1 0.0129066 0.00510401 -0.01454
FixedParameters: 0 0 0

#Transform 17
Transform: AffineTransform_float_3_3
Parameters: 1 -1.17144e-05 -0.000191502 1.17112e-05 1 -8.35718e-06 0.000191502 8.35269e-06 1 0.0106248 0.0262358 0.00018424
FixedParameters: 0 0 0

#Transform 18
Transform: AffineTransform_float_3_3
Parameters: 1 7.72077e-06 0.000126532 -7.75719e-06 1 0.000143912 -0.00012653 -0.000143914 1 0.0159447 -0.000989236 -0.00763041
FixedParameters: 0 0 0

#Transform 19
Transform: AffineTransform_float_3_3
Parameters: 1 8.19093e-06 0.000134174 -8.22181e-06 1 0.000115078 -0.000134172 -0.00011508 1 0.00818425 0.0165246 0.014756
FixedParameters: 0 0 0

#Transform 20
Transform: AffineTransform_float_3_3
Parameters: 1 -1.56182e-05 -0.000253063 1.53388e-05 1 -0.000551898 0.00025308 0.00055189 1 -0.00148183 -0.00910821 0.00297334
FixedParameters: 0 0 0

#Transform 21
Transform: AffineTransform_float_3_3
Parameters: 1 -1.8627e-05 -0.000298043 1.78341e-05 0.999999 -0.0012541 0.000298092 0.00125409 0.999999 0.0110235 -0.00336805 0.0134408
FixedParameters: 0 0 0

#Transform 22
Transform: AffineTransform_float_3_3
Parameters: 1 -1.74963e-06 -2.87049e-05 1.76165e-06 1 0.000209401 2.87042e-05 -0.000209401 1 0.00589703 0.0131702 -0.0222335
FixedParameters: 0 0 0

#Transform 23
Transform: AffineTransform_float_3_3
Parameters: 1 -3.07018e-05 -0.000505877 3.11779e-05 1 0.000470607 0.000505848 -0.000470638 1 0.0150291 -0.00402024 -0.00681801
FixedParameters: 0 0 0

#Transform 24
Transform: AffineTransform_float_3_3
Parameters: 1 -2.03633e-05 -0.00033277 2.03429e-05 1 -3.05784e-05 0.000332771 3.05649e-05 1 0.00399441 0.0327572 -0.00215126
FixedParameters: 0 0 0

#Transform 25
Transform: AffineTransform_float_3_3
Parameters: 1 -2.14859e-05 -0.000352611 2.16467e-05 1 0.000228036 0.000352601 -0.000228052 1 0.0136598 0.0115626 0.0108948
FixedParameters: 0 0 0

#Transform 26
Transform: AffineTransform_float_3_3
Parameters: 1 -3.02609e-05 -0.000494516 3.0231e-05 1 -3.0263e-05 0.000494518 3.02331e-05 1 0.0131173 0.0265929 0.000924888
FixedParameters: 0 0 0

#Transform 27
Transform: AffineTransform_float_3_3
Parameters: 1 7.18083e-05 -0.00012003 -7.18041e-05 1 1.73944e-05 0.000120033 -1.73772e-05 1 0.0105125 0.00685922 -0.000750979
FixedParameters: 0 0 0

#Transform 28
Transform: AffineTransform_float_3_3
Parameters: 1 -1.31492e-05 -0.000214681 1.31119e-05 1 -8.69049e-05 0.000214684 8.68992e-05 1 0.00884958 -0.0104074 -0.015018
FixedParameters: 0 0 0

#Transform 29
Transform: AffineTransform_float_3_3
Parameters: 1 3.73304e-06 6.1029e-05 -3.73235e-06 1 -5.6145e-06 -6.10291e-05 5.61404e-06 1 0.00422838 -0.00366626 -0.000284758
FixedParameters: 0 0 0

#Transform 30
Transform: AffineTransform_float_3_3
Parameters: 1 -8.27213e-06 -0.00013519 8.26508e-06 1 -2.60807e-05 0.000135191 2.60784e-05 1 0.00703663 -0.0238162 -0.0154022
FixedParameters: 0 0 0

#Transform 31
Transform: AffineTransform_float_3_3
Parameters: 1 4.06209e-06 6.59807e-05 -4.00922e-06 1 -0.000400604 -6.59839e-05 0.000400603 1 0.00203388 0.0166649 0.0111888
FixedParameters: 0 0 0

#Transform 32
Transform: AffineTransform_float_3_3
Parameters: 1 2.97068e-07 4.8505e-06 -2.96274e-07 1 -8.19108e-05 -4.85055e-06 8.19108e-05 1 -0.00307891 -0.00961896 0.00229777
FixedParameters: 0 0 0

#Transform 33
Transform: AffineTransform_float_3_3
Parameters: 1 -0.000206134 0.000330153 0.000206332 1 -0.00029982 -0.000330029 0.000299956 1 -0.00499368 0.00872346 0.00554085
FixedParameters: 0 0 0

#Transform 34
Transform: AffineTransform_float_3_3
Parameters: 1 1.91626e-05 0.000311867 -1.89873e-05 1 -0.000280989 -0.000311878 0.000280978 1 0.011391 -0.018298 -0.00454908
FixedParameters: 0 0 0

#Transform 35
Transform: AffineTransform_float_3_3
Parameters: 1 -0.000316564 0.000622216 0.000316649 1 -6.81695e-05 -0.000622173 6.85635e-05 1 -0.0142371 -0.00729509 0.0169452
FixedParameters: 0 0 0

#Transform 36
Transform: AffineTransform_float_3_3
Parameters: 1 3.42583e-05 0.000555808 -3.3733e-05 1 -0.000472507 -0.00055584 0.000472469 0.999999 -0.00392223 -0.0023964 -0.000424182
FixedParameters: 0 0 0

#Transform 37
Transform: AffineTransform_float_3_3
Parameters: 1 -0.000156314 0.000410983 0.000156083 1 0.000281228 -0.00041107 -0.000281099 1 0.00327865 -0.0163447 -0.0184375
FixedParameters: 0 0 0

#Transform 38
Transform: AffineTransform_float_3_3
Parameters: 1 3.13759e-05 0.000508199 -3.07919e-05 1 -0.000574612 -0.000508235 0.00057458 0.999999 -0.00283994 0.0264522 -0.00846203
FixedParameters: 0 0 0

#Transform 39
Transform: AffineTransform_float_3_3
Parameters: 1 0.000145343 0.00054075 -0.000145225 1 -0.00010966 -0.000540782 0.000109503 1 -0.00227142 -0.010733 -0.0192476
FixedParameters: 0 0 0

#Transform 40
Transform: AffineTransform_float_3_3
Parameters: 1 3.56965e-05 0.000572585 -3.53483e-05 1 -0.00121432 -0.000572608 0.00121428 0.999999 -0.0107603 0.0327745 -0.0102698
FixedParameters: 0 0 0

#Transform 41
Transform: AffineTransform_float_3_3
Parameters: 1 0.000139792 0.000569485 -0.00013928 0.999999 -0.00136434 -0.000569802 0.00136418 0.999999 -0.00606804 0.0128998 -0.00531906
FixedParameters: 0 0 0

#Transform 42
Transform: AffineTransform_float_3_3
Parameters: 1 3.41616e-05 0.000542859 -3.32492e-05 0.999999 -0.00184215 -0.000542917 0.00184212 0.999998 -0.0051019 0.0535097 0.000982062
FixedParameters: 0 0 0

#Transform 43
Transform: AffineTransform_float_3_3
Parameters: 1 0.000185701 0.000483867 -0.000185103 0.999998 -0.00169424 -0.000484432 0.00169419 0.999999 -0.00498212 0.0232549 -0.0146727
FixedParameters: 0 0 0

#Transform 44
Transform: AffineTransform_float_3_3
Parameters: 0.999999 4.7666e-05 0.000757631 -4.60195e-05 0.999999 -0.00180428 -0.000757733 0.00180421 0.999998 -0.0256176 0.0397272 0.0235591
FixedParameters: 0 0 0

#Transform 45
Transform: AffineTransform_float_3_3
Parameters: 0.999999 0.000203646 0.000750094 -0.000202737 0.999998 -0.00199439 -0.000750777 0.00199409 0.999997 -0.0217269 0.0462422 0.00326704
FixedParameters: 0 0 0

#Transform 46
Transform: AffineTransform_float_3_3
Parameters: 1 0.000176368 0.000465809 -0.000176187 0.999999 -0.00131262 -0.000466208 0.00131246 0.999999 -0.00673574 0.015234 -0.016243
FixedParameters: 0 0 0

#Transform 47
Transform: AffineTransform_float_3_3
Parameters: 1 0.000299771 0.000528804 -0.000298971 0.999999 -0.00178322 -0.000529805 0.0017829 0.999999 -0.00714029 0.0275264 -0.0317585
FixedParameters: 0 0 0

#Transform 48
Transform: AffineTransform_float_3_3
Parameters: 1 0.000244157 0.000360841 -0.000243863 0.999998 -0.00191306 -0.000361708 0.00191289 0.999998 -0.00340699 0.0198106 0.0109793
FixedParameters: 0 0 0

#Transform 49
Transform: AffineTransform_float_3_3
Parameters: 0.999999 5.32985e-05 0.000837434 -5.11529e-05 0.999996 -0.0025526 -0.00083757 0.00255264 0.999997 -0.0186677 0.062323 0.0184286
FixedParameters: 0 0 0

#Transform 50
Transform: AffineTransform_float_3_3
Parameters: 1 0.00015547 0.000512694 -0.000154676 0.999998 -0.00173263 -0.00051217 0.00173262 0.999999 0.00204893 0.0244461 0.000927245
FixedParameters: 0 0 0

#Transform 51
Transform: AffineTransform_float_3_3
Parameters: 0.999999 0.000457687 0.000599903 -0.000456311 0.999998 -0.00200155 -0.000600668 0.00200103 0.999998 0.00290222 0.0596871 -0.0326577
FixedParameters: 0 0 0

#Transform 52
Transform: AffineTransform_float_3_3
Parameters: 1 0.000224982 0.000168612 -0.000224486 0.999998 -0.00160131 -0.000169329 0.00160124 0.999998 -0.00133172 0.0248607 -0.012752
FixedParameters: 0 0 0

#Transform 53
Transform: AffineTransform_float_3_3
Parameters: 1 0.000256219 0.000469751 -0.000255099 0.999997 -0.00233272 -0.000469877 0.0023325 0.999997 -0.00806208 0.0455136 0.00575833
FixedParameters: 0 0 0

#Transform 54
Transform: AffineTransform_float_3_3
Parameters: 1 0.000222275 0.000187408 -0.00022144 0.999997 -0.0024281 -0.000187479 0.00242804 0.999997 -0.00352634 0.0399891 -0.0113594
FixedParameters: 0 0 0

#Transform 55
Transform: AffineTransform_float_3_3
Parameters: 0.999999 4.8008e-05 0.000759421 -4.68965e-05 0.999998 -0.00210425 -0.000759493 0.00210431 0.999998 -0.020211 0.0339084 0.00701393
FixedParameters: 0 0 0

#Transform 56
Transform: AffineTransform_float_3_3
Parameters: 0.999999 5.39405e-05 0.000846587 -5.16312e-05 0.999997 -0.00264848 -0.000846734 0.0026484 0.999996 -0.0269626 0.0444502 -0.0155893
FixedParameters: 0 0 0

#Transform 57
Transform: AffineTransform_float_3_3
Parameters: 1 0.000151369 0.000590598 -0.000150332 0.999999 -0.00179796 -0.000591074 0.00179779 0.999998 -0.00302128 0.0145166 0.00930691
FixedParameters: 0 0 0

#Transform 58
Transform: AffineTransform_float_3_3
Parameters: 0.999999 0.000154524 0.000852784 -0.000152211 0.999997 -0.00263028 -0.000853458 0.00263002 0.999996 -0.00893099 0.0576373 -0.00751128
FixedParameters: 0 0 0

#Transform 59
Transform: AffineTransform_float_3_3
Parameters: 1 0.000192596 0.000622984 -0.000191226 0.999998 -0.00197124 -0.000623674 0.00197101 0.999998 -0.00403718 0.0155505 -0.0112056
FixedParameters: 0 0 0

#Transform 60
Transform: AffineTransform_float_3_3
Parameters: 0.999999 5.33466e-05 0.000837543 -5.11184e-05 0.999996 -0.00260161 -0.000837684 0.00260165 0.999997 -0.00837762 0.0450171 0.00254206
FixedParameters: 0 0 0

#Transform 61
Transform: AffineTransform_float_3_3
Parameters: 1 0.000123772 0.000659911 -0.000123283 0.999998 -0.00194946 -0.000660265 0.0019493 0.999998 -0.00503415 0.0169832 0.0162028
FixedParameters: 0 0 0

#Transform 62
Transform: AffineTransform_float_3_3
Parameters: 0.999999 6.23179e-05 0.000976029 -6.00895e-05 0.999996 -0.00276658 -0.000976173 0.00276647 0.999995 -0.00685225 0.0481827 0.00845996
FixedParameters: 0 0 0

#Transform 63
Transform: AffineTransform_float_3_3
Parameters: 0.999999 9.65525e-06 0.00097013 -7.82533e-06 0.999999 -0.00148035 -0.000970092 0.00148045 0.999999 -0.0222758 0.0247729 0.00813379
FixedParameters: 0 0 0

#Transform 64
Transform: AffineTransform_float_3_3
Parameters: 0.999999 0.0001308 0.000962313 -0.000129203 0.999998 -0.00191264 -0.000962682 0.00191239 0.999997 -0.00642473 0.057565 -0.00720184
FixedParameters: 0 0 0

#Transform 65
Transform: AffineTransform_float_3_3
Parameters: 1 0.000125024 0.00103117 -0.000123361 0.999999 -0.00179506 -0.00103149 0.00179481 0.999998 -0.0112907 0.0504135 -0.00481619
FixedParameters: 0 0 0

#Transform 66
Transform: AffineTransform_float_3_3
Parameters: 0.999999 0.000136004 0.000953914 -0.000133992 0.999998 -0.00160069 -0.000954283 0.00160055 0.999999 -0.0141526 0.0650247 0.0298297
FixedParameters: 0 0 0

#Transform 67
Transform: AffineTransform_float_3_3
Parameters: 1 7.7245e-05 0.00121996 -7.50017e-05 0.999997 -0.00216385 -0.00122011 0.0021638 0.999997 -0.0349179 0.090909 0.0206074
FixedParameters: 0 0 0

#Transform 68
Transform: AffineTransform_float_3_3
Parameters: 1 0.000158953 0.00108409 -0.000158021 0.999999 -0.00134974 -0.0010844 0.00134941 0.999998 -0.0295634 0.0491697 0.0256555
FixedParameters: 0 0 0

#Transform 69
Transform: AffineTransform_float_3_3
Parameters: 0.999999 0.000172879 0.00130705 -0.000170381 0.999997 -0.00211686 -0.00130759 0.00211654 0.999997 -0.034493 0.097582 0.0158979
FixedParameters: 0 0 0

#Transform 70
Transform: AffineTransform_float_3_3
Parameters: 0.999999 4.8804e-05 0.000776139 -4.71455e-05 0.999998 -0.00173978 -0.000776242 0.00173983 0.999998 -0.0262235 0.0513432 0.0138948
FixedParameters: 0 0 0

#Transform 71
Transform: AffineTransform_float_3_3
Parameters: 1 0.000241225 0.00109621 -0.000238559 0.999998 -0.00167047 -0.00109695 0.00167006 0.999998 -0.0287668 0.0914367 0.00828417
FixedParameters: 0 0 0

#Transform 72
Transform: AffineTransform_float_3_3
Parameters: 0.999999 5.9321e-05 0.000939362 -5.75971e-05 0.999998 -0.00202716 -0.000939472 0.00202718 0.999998 -0.0293077 0.0610248 0.0104167
FixedParameters: 0 0 0

#Transform 73
Transform: AffineTransform_float_3_3
Parameters: 0.999999 5.43376e-05 0.000864283 -5.23952e-05 0.999999 -0.00175285 -0.000864403 0.00175276 0.999998 -0.027942 0.0578093 0.0401621
FixedParameters: 0 0 0

#Transform 74
Transform: AffineTransform_float_3_3
Parameters: 0.999999 0.000244172 0.000958161 -0.000241784 0.999997 -0.00235679 -0.000959175 0.00235633 0.999997 -0.0307069 0.0655064 0.00245133
FixedParameters: 0 0 0

#Transform 75
Transform: AffineTransform_float_3_3
Parameters: 1 0.000202556 0.000634555 -0.000200725 0.999997 -0.00233407 -0.000635427 0.00233382 0.999997 -0.0193549 0.0490644 0.0272424
FixedParameters: 0 0 0

#Transform 76
Transform: AffineTransform_float_3_3
Parameters: 1 0.000520962 0.000941128 -0.000517987 0.999992 -0.00377632 -0.000942795 0.00377552 0.999993 -0.0173477 0.0740341 0.0290333
FixedParameters: 0 0 0

#Transform 77
Transform: AffineTransform_float_3_3
Parameters: 0.999999 0.000215215 0.000765458 -0.000213049 0.999996 -0.00279624 -0.000765524 0.00279594 0.999996 -0.0212541 0.0446767 0.037819
FixedParameters: 0 0 0

#Transform 78
Transform: AffineTransform_float_3_3
Parameters: 1 0.000488522 0.000919234 -0.000485622 0.999996 -0.00270062 -0.000920736 0.00269975 0.999996 -0.0184444 0.0789439 -0.00303527
FixedParameters: 0 0 0

#Transform 79
Transform: AffineTransform_float_3_3
Parameters: 0.999999 0.000341054 0.000842791 -0.000339147 0.999997 -0.00235832 -0.000843267 0.00235777 0.999997 -0.0201326 0.0522582 0.00887845
FixedParameters: 0 0 0

#Transform 80
Transform: AffineTransform_float_3_3
Parameters: 1 0.000279489 0.00113346 -0.000276013 0.999997 -0.00245182 -0.00113469 0.00245131 0.999997 -0.0376423 0.071272 0.00890418
FixedParameters: 0 0 0

#Transform 81
Transform: AffineTransform_float_3_3
Parameters: 0.999999 0.000289693 0.000900396 -0.000287337 0.999997 -0.00245708 -0.000900685 0.00245659 0.999996 -0.0250842 0.0568211 -0.00950403
FixedParameters: 0 0 0

#Transform 82
Transform: AffineTransform_float_3_3
Parameters: 0.999999 6.14616e-05 0.000967009 -5.88419e-05 0.999997 -0.0024557 -0.000967175 0.00245559 0.999996 -0.0305243 0.0738653 0.0331847
FixedParameters: 0 0 0

#Transform 83
Transform: AffineTransform_float_3_3
Parameters: 0.999999 0.000260296 0.000956567 -0.000257538 0.999996 -0.00255381 -0.000957782 0.00255444 0.999996 -0.0204368 0.0658394 0.00124313
FixedParameters: 0 0 0

#Transform 84
Transform: AffineTransform_float_3_3
Parameters: 0.999999 6.06277e-05 0.000958947 -5.8687e-05 0.999998 -0.00209873 -0.00095907 0.00209875 0.999998 -0.0299102 0.04978 0.0366435
FixedParameters: 0 0 0

#Transform 85
Transform: AffineTransform_float_3_3
Parameters: 0.999999 9.6885e-05 0.00151225 -9.21272e-05 0.999996 -0.00295146 -0.00151255 0.00295131 0.999995 -0.0362567 0.073244 0.00438086
FixedParameters: 0 0 0

#Transform 86
Transform: AffineTransform_float_3_3
Parameters: 0.999999 8.30291e-05 0.00131778 -8.01832e-05 0.999999 -0.00185357 -0.00131796 0.00185348 0.999998 -0.0228598 0.0544167 0.0410094
FixedParameters: 0 0 0

#Transform 87
Transform: AffineTransform_float_3_3
Parameters: 0.999999 0.000284865 0.00124115 -0.000280762 0.999996 -0.00288752 -0.00124162 0.00288796 0.999995 -0.0072736 0.0738898 0.027204
FixedParameters: 0 0 0

#Transform 88
Transform: AffineTransform_float_3_3
Parameters: 0.999999 0.000185446 0.000951683 -0.000183482 0.999997 -0.00212685 -0.000952363 0.00212762 0.999998 0.00301827 0.040628 0.0413743
FixedParameters: 0 0 0

#Transform 89
Transform: AffineTransform_float_3_3
Parameters: 0.999999 0.000204308 0.00127011 -0.000200578 0.999997 -0.00269889 -0.00127102 0.00269839 0.999995 -0.00546099 0.0600075 0.0272944
FixedParameters: 0 0 0

#Transform 90
Transform: AffineTransform_float_3_3
Parameters: 1 0.000218521 0.00112845 -0.000216055 0.999998 -0.00196983 -0.00112819 0.00196949 0.999998 0.0063979 0.0307121 0.0327077
FixedParameters: 0 0 0

#Transform 91
Transform: AffineTransform_float_3_3
Parameters: 0.999999 8.58547e-05 0.00134503 -8.26961e-05 0.999997 -0.00270717 -0.00134523 0.00270707 0.999996 -0.0138195 0.0596862 0.0144603
FixedParameters: 0 0 0

#Transform 92
Transform: AffineTransform_float_3_3
Parameters: 0.999999 0.000260498 0.0014195 -0.000256787 0.999997 -0.0023714 -0.00141954 0.00237082 0.999996 0.00244198 0.0281766 0.0314844
FixedParameters: 0 0 0

#Transform 93
Transform: AffineTransform_float_3_3
Parameters: 0.999999 0.000383371 0.00141047 -0.000379337 0.999995 -0.00325488 -0.00141164 0.00325384 0.999993 -0.0168109 0.0682857 0.016807
FixedParameters: 0 0 0

#Transform 94
Transform: AffineTransform_float_3_3
Parameters: 0.999999 0.000269622 0.00133444 -0.000265326 0.999996 -0.0027584 -0.00133472 0.00275784 0.999996 -0.00868094 0.0374589 0.0435613
FixedParameters: 0 0 0

#Transform 95
Transform: AffineTransform_float_3_3
Parameters: 0.999999 0.000245161 0.00147115 -0.000240389 0.999994 -0.00337249 -0.00147147 0.00337194 0.999993 -0.0213479 0.0713946 0.0214658
FixedParameters: 0 0 0

#Transform 96
Transform: AffineTransform_float_3_3
Parameters: 0.999999 9.24554e-05 0.00145698 -8.87895e-05 0.999998 -0.00231554 -0.00145721 0.00231541 0.999997 -0.0243787 0.0379991 0.0639467
FixedParameters: 0 0 0

#Transform 97
Transform: AffineTransform_float_3_3
Parameters: 0.999999 0.000347163 0.00146621 -0.000342207 0.999994 -0.00344562 -0.00146727 0.00344477 0.999993 -0.0187469 0.0725323 0.0275108
FixedParameters: 0 0 0

#Transform 98
Transform: AffineTransform_float_3_3
Parameters: 0.999999 0.000479794 0.00144121 -0.000476041 0.999996 -0.002711 -0.00144258 0.00271077 0.999996 -0.014255 0.026729 0.0312987
FixedParameters: 0 0 0

#Transform 99
Transform: AffineTransform_float_3_3
Parameters: 0.999999 0.000485722 0.00138968 -0.000480832 0.999994 -0.00360636 -0.00139087 0.00360619 0.999993 -0.0135301 0.0611692 0.027722
FixedParameters: 0 0 0

#Transform 100
Transform: AffineTransform_float_3_3
Parameters: 1 0.000465863 0.00109532 -0.000462634 0.999996 -0.0028457 -0.00109577 0.00284486 0.999996 -0.00798117 0.0465366 0.0774914
FixedParameters: 0 0 0

#Transform 101
Transform: AffineTransform_float_3_3
Parameters: 0.999999 0.000489649 0.00145535 -0.000483925 0.999994 -0.00337185 -0.00145638 0.00337061 0.999994 -0.0148765 0.0625547 0.0157268
FixedParameters: 0 0 0

#Transform 102
Transform: AffineTransform_float_3_3
Parameters: 0.999999 0.000256642 0.00154804 -0.00025238 0.999997 -0.00237152 -0.00154906 0.00237086 0.999996 -0.0222079 0.0370797 0.0478526
FixedParameters: 0 0 0

#Transform 103
Transform: AffineTransform_float_3_3
Parameters: 0.999999 0.000242255 0.00147202 -0.000237389 0.999994 -0.00340248 -0.00147233 0.00340193 0.999993 -0.0214402 0.0734561 0.0243194
FixedParameters: 0 0 0

#Transform 104
Transform: AffineTransform_float_3_3
Parameters: 0.999999 0.00048746 0.00143826 -0.000483042 0.999997 -0.0026011 -0.00143962 0.00260073 0.999995 -0.00336576 0.0531901 0.049101
FixedParameters: 0 0 0

#Transform 105
Transform: AffineTransform_float_3_3
Parameters: 0.999999 0.000338856 0.00183036 -0.000332937 0.999994 -0.00356853 -0.00183131 0.00356746 0.999992 -0.0225467 0.0876012 0.0491656
FixedParameters: 0 0 0

#Transform 106
Transform: AffineTransform_float_3_3
Parameters: 0.999998 -5.76018e-05 0.00194735 6.18231e-05 0.999998 -0.00186722 -0.00194792 0.00186669 0.999997 -0.0100965 0.054986 0.0713414
FixedParameters: 0 0 0

#Transform 107
Transform: AffineTransform_float_3_3
Parameters: 0.999998 0.000161331 0.00191048 -0.00015556 0.999996 -0.00283842 -0.00191107 0.00283807 0.999994 -0.0146722 0.113353 0.0545974
FixedParameters: 0 0 0

#Transform 108
Transform: AffineTransform_float_3_3
Parameters: 0.999998 0.000251659 0.0016795 -0.000248389 0.999998 -0.00218753 -0.00168037 0.00218782 0.999996 0.00227539 0.0785869 0.0487302
FixedParameters: 0 0 0

#Transform 109
Transform: AffineTransform_float_3_3
Parameters: 0.999998 0.000310555 0.00205139 -0.000305084 0.999996 -0.00279933 -0.00205174 0.00279835 0.999994 -0.0276886 0.0942414 0.0428955
FixedParameters: 0 0 0

#Transform 110
Transform: AffineTransform_float_3_3
Parameters: 0.999998 0.000163968 0.00168658 -0.000159594 0.999998 -0.00221035 -0.00168711 0.00220994 0.999996 -0.00570485 0.0695157 0.0479374
FixedParameters: 0 0 0

#Transform 111
Transform: AffineTransform_float_3_3
Parameters: 0.999998 0.000281663 0.0020601 -0.000275932 0.999995 -0.00310319 -0.00206042 0.00310332 0.999993 -0.012301 0.09186 0.0392142
FixedParameters: 0 0 0

#Transform 112
Transform: AffineTransform_float_3_3
Parameters: 0.999998 -5.02473e-05 0.0020576 5.47477e-05 0.999998 -0.00206278 -0.00205714 0.00206325 0.999996 -0.0197907 0.0531756 0.0503217
FixedParameters: 0 0 0

#Transform 113
Transform: AffineTransform_float_3_3
Parameters: 0.999998 0.000328182 0.00163936 -0.000323247 0.999994 -0.00337974 -0.0016402 0.00337983 0.999993 -0.0203618 0.0719665 0.0369309
FixedParameters: 0 0 0

#Transform 114
Transform: AffineTransform_float_3_3
Parameters: 0.999999 0.000203383 0.00139763 -0.000200007 0.999997 -0.00266196 -0.00139746 0.00266156 0.999996 -0.00903832 0.0383256 0.0555132
FixedParameters: 0 0 0

#Transform 115
Transform: AffineTransform_float_3_3
Parameters: 0.999998 0.000312862 0.00170471 -0.00030753 0.999995 -0.0030782 -0.00170631 0.00307728 0.999994 -0.0223832 0.082153 0.0562875
FixedParameters: 0 0 0

#Transform 116
Transform: AffineTransform_float_3_3
Parameters: 0.999999 0.000377787 0.00153871 -0.000373537 0.999997 -0.00270083 -0.00153951 0.00270082 0.999995 -0.0126418 0.0482683 0.0488918
FixedParameters: 0 0 0

#Transform 117
Transform: AffineTransform_float_3_3
Parameters: 0.999998 0.00039336 0.00164226 -0.000387687 0.999995 -0.00329467 -0.00164351 0.00329354 0.999993 -0.0126663 0.0940648 0.0278918
FixedParameters: 0 0 0

#Transform 118
Transform: AffineTransform_float_3_3
Parameters: 0.999999 0.000367193 0.0012362 -0.000363176 0.999995 -0.00330377 -0.00123736 0.0033029 0.999994 0.00332611 0.0705095 0.0456089
FixedParameters: 0 0 0

#Transform 119
Transform: AffineTransform_float_3_3
Parameters: 0.999999 0.000647734 0.00137612 -0.000641866 0.999991 -0.00401074 -0.00137899 0.00401014 0.999991 -0.00752649 0.092228 0.06184
FixedParameters: 0 0 0

#Transform 120
Transform: AffineTransform_float_3_3
Parameters: 0.999999 0.000543557 0.00117508 -0.000538071 0.999992 -0.00413029 -0.0011773 0.00413007 0.99999 -0.00556846 0.0745056 0.0667527
FixedParameters: 0 0 0

#Transform 121
Transform: AffineTransform_float_3_3
Parameters: 0.999999 0.00059363 0.00136701 -0.000588609 0.999993 -0.00371288 -0.00136908 0.00371144 0.999992 -0.00901227 0.105642 0.0534661
FixedParameters: 0 0 0

#Transform 122
Transform: AffineTransform_float_3_3
Parameters: 0.999998 0.000426169 0.00159537 -0.000421283 0.999995 -0.00313067 -0.00159671 0.00312948 0.999994 -0.00891448 0.0993611 0.0379737
FixedParameters: 0 0 0

#Transform 123
Transform: AffineTransform_float_3_3
Parameters: 0.999999 0.000496131 0.00184033 -0.000490517 0.999995 -0.00317021 -0.00184211 0.00316967 0.999993 -0.00460195 0.122685 0.0603847
FixedParameters: 0 0 0

#Transform 124
Transform: AffineTransform_float_3_3
Parameters: 0.999999 0.000369791 0.00148923 -0.000364487 0.999994 -0.00350913 -0.00149051 0.00350918 0.999992 -0.00189144 0.136349 0.0377129
FixedParameters: 0 0 0

#Transform 125
Transform: AffineTransform_float_3_3
Parameters: 0.999999 0.000422539 0.00178145 -0.000416566 0.999994 -0.0033726 -0.0017819 0.00337128 0.999992 -0.00416008 0.126498 0.0622048
FixedParameters: 0 0 0

#Transform 126
Transform: AffineTransform_float_3_3
Parameters: 0.999998 0.000424787 0.00161364 -0.000420877 0.999996 -0.00277918 -0.0016147 0.00277897 0.999995 -0.00753852 0.0934538 0.0450289
FixedParameters: 0 0 0

#Transform 127
Transform: AffineTransform_float_3_3
Parameters: 0.999998 0.000410225 0.00157003 -0.000406058 0.999995 -0.00293813 -0.00157111 0.00293712 0.999995 -0.0176838 0.0971428 0.0616943
FixedParameters: 0 0 0

#Transform 128
Transform: AffineTransform_float_3_3
Parameters: 0.999999 0.000348241 0.00181084 -0.000342203 0.999995 -0.00335191 -0.00181178 0.00335082 0.999992 -0.00907131 0.100224 0.0623101
FixedParameters: 0 0 0

#Transform 129
Transform: AffineTransform_float_3_3
Parameters: 0.999998 0.00033611 0.0016045 -0.000331081 0.999996 -0.00283339 -0.00160516 0.00283346 0.999994 -0.0129965 0.0965425 0.0755188
FixedParameters: 0 0 0

#Transform 130
Transform: AffineTransform_float_3_3
Parameters: 0.999999 0.000132267 0.0018959 -0.000125728 0.999995 -0.00334992 -0.00189639 0.00334957 0.999992 -0.0168054 0.106522 0.0667611
FixedParameters: 0 0 0

#Transform 131
Transform: AffineTransform_float_3_3
Parameters: 0.999998 0.000308956 0.00174977 -0.000304849 0.999997 -0.00262008 -0.00175006 0.00261917 0.999995 -0.0179567 0.093019 0.0806839
FixedParameters: 0 0 0

#Transform 132
Transform: AffineTransform_float_3_3
Parameters: 0.999998 0.000241318 0.00192292 -0.000235368 0.999994 -0.00339331 -0.00192311 0.00339268 0.999993 -0.0290171 0.118982 0.0476624
FixedParameters: 0 0 0

#Transform 133
Transform: AffineTransform_float_3_3
Parameters: 0.999999 0.000265049 0.00184609 -0.00026034 0.999997 -0.00263391 -0.00184617 0.0026331 0.999995 -0.0282317 0.0726056 0.0675136
FixedParameters: 0 0 0

#Transform 134
Transform: AffineTransform_float_3_3
Parameters: 0.999997 0.000166457 0.00225225 -0.000159181 0.999994 -0.00342588 -0.00225287 0.00342541 0.999991 -0.0371286 0.106392 0.0505594
FixedParameters: 0 0 0

#Transform 135
Transform: AffineTransform_float_3_3
Parameters: 0.999998 0.000153438 0.00190755 -0.000149059 0.999997 -0.00246638 -0.00190799 0.00246606 0.999995 -0.0256735 0.0732637 0.0694742
FixedParameters: 0 0 0

#Transform 136
Transform: AffineTransform_float_3_3
Parameters: 0.999998 0.000154298 0.0019272 -0.000148607 0.999995 -0.00333422 -0.00192777 0.00333378 0.999992 -0.0150144 0.118337 0.0350832
FixedParameters: 0 0 0

#Transform 137
Transform: AffineTransform_float_3_3
Parameters: 0.999998 0.000159127 0.00191207 -0.000154945 0.999997 -0.0026814 -0.00191254 0.00268094 0.999994 -0.00884985 0.0612559 0.0522124
FixedParameters: 0 0 0

#Transform 138
Transform: AffineTransform_float_3_3
Parameters: 0.999998 0.000145001 0.00201822 -0.000137979 0.999994 -0.00325509 -0.00201877 0.00325477 0.999992 -0.0137203 0.10597 0.0614213
FixedParameters: 0 0 0

#Transform 139
Transform: AffineTransform_float_3_3
Parameters: 0.999998 3.48162e-05 0.00191604 -3.02395e-05 0.999997 -0.00250715 -0.00191589 0.00250728 0.999995 -0.0219108 0.0631319 0.0604685
FixedParameters: 0 0 0

#Transform 140
Transform: AffineTransform_float_3_3
Parameters: 0.999997 0.000244651 0.00229007 -0.000237918 0.999996 -0.00279588 -0.00229105 0.00279515 0.999994 -0.0143494 0.105219 0.0375973
FixedParameters: 0 0 0

#Transform 141
Transform: AffineTransform_float_3_3
Parameters: 0.999998 0.000268758 0.0019041 -0.000263727 0.999997 -0.00263862 -0.00190419 0.00263776 0.999994 -0.00612617 0.0664685 0.0323657
FixedParameters: 0 0 0

#Transform 142
Transform: AffineTransform_float_3_3
Parameters: 0.999998 0.000330784 0.001908 -0.000325441 0.999996 -0.00298765 -0.00190861 0.00298755 0.999993 -0.00932445 0.0947444 0.0636598
FixedParameters: 0 0 0

#Transform 143
Transform: AffineTransform_float_3_3
Parameters: 0.999998 0.000472028 0.0019025 -0.000466109 0.999995 -0.00314682 -0.0019041 0.00314631 0.999993 -0.0226255 0.0974297 0.0360883
FixedParameters: 0 0 0

#Transform 144
Transform: AffineTransform_float_3_3
Parameters: 0.999999 0.000468404 0.0017674 -0.000464198 0.999997 -0.00260874 -0.00176852 0.00260725 0.999995 -0.00546125 0.0624819 0.0325919
FixedParameters: 0 0 0

#Transform 145
Transform: AffineTransform_float_3_3
Parameters: 0.999999 0.000385178 0.00185768 -0.000379137 0.999995 -0.00326787 -0.00185883 0.0032676 0.999993 -0.0114368 0.105849 0.0549129
FixedParameters: 0 0 0

#Transform 146
Transform: AffineTransform_float_3_3
Parameters: 0.999999 0.000380188 0.00184485 -0.000374536 0.999995 -0.00317306 -0.0018459 0.00317295 0.999993 -0.00592903 0.0891684 0.0358819
FixedParameters: 0 0 0

#Transform 147
Transform: AffineTransform_float_3_3
Parameters: 0.999998 0.000270001 0.00190567 -0.000264683 0.999996 -0.00271154 -0.00190581 0.0027108 0.999995 -0.0127812 0.0806896 0.0620897
FixedParameters: 0 0 0

#Transform 148
Transform: AffineTransform_float_3_3
Parameters: 0.999998 0.000290591 0.00191543 -0.00028438 0.999995 -0.00320245 -0.0019159 0.00320164 0.999993 -0.0275258 0.109425 0.0528964
FixedParameters: 0 0 0

#Transform 149
Transform: AffineTransform_float_3_3
Parameters: 0.999998 -5.69735e-05 0.00192898 6.2764e-05 0.999996 -0.00281689 -0.00192834 0.00281738 0.999994 -0.0244839 0.102338 0.0554748
FixedParameters: 0 0 0

#Transform 150
Transform: AffineTransform_float_3_3
Parameters: 0.999998 0.00028896 0.00190443 -0.000284648 0.999996 -0.00271058 -0.00190462 0.00270977 0.999995 -0.027352 0.109229 0.0923462
FixedParameters: 0 0 0

#Transform 151
Transform: AffineTransform_float_3_3
Parameters: 0.999998 0.000356855 0.00191398 -0.000350218 0.999995 -0.00332761 -0.00191498 0.00332741 0.999992 -0.0140262 0.143164 0.0801572
FixedParameters: 0 0 0

#Transform 152
Transform: AffineTransform_float_3_3
Parameters: 0.999998 0.000377897 0.00190639 -0.000372323 0.999995 -0.00305072 -0.00190731 0.00304945 0.999993 -0.0147621 0.115892 0.0645867
FixedParameters: 0 0 0

#Transform 153
Transform: AffineTransform_float_3_3
Parameters: 0.999998 0.000423278 0.00189982 -0.00041732 0.999995 -0.00288778 -0.00190094 0.00288647 0.999994 -0.0264252 0.12592 0.0875648
FixedParameters: 0 0 0

#Transform 154
Transform: AffineTransform_float_3_3
Parameters: 0.999998 0.000352894 0.00191443 -0.000347217 0.999995 -0.0033366 -0.00191536 0.00333642 0.999992 -0.0262102 0.123761 0.0577149
FixedParameters: 0 0 0

#Transform 155
Transform: AffineTransform_float_3_3
Parameters: 0.999999 0.000275213 0.0018346 -0.000270874 0.999996 -0.0025531 -0.00183571 0.00255335 0.999995 -0.0264056 0.109073 0.0997034
FixedParameters: 0 0 0

#Transform 156
Transform: AffineTransform_float_3_3
Parameters: 0.999998 0.000417489 0.00190834 -0.000411138 0.999994 -0.00325068 -0.00190966 0.00324938 0.999993 -0.0214534 0.127585 0.0599354
FixedParameters: 0 0 0

#Transform 157
Transform: AffineTransform_float_3_3
Parameters: 0.999998 0.000261686 0.00190396 -0.000256754 0.999997 -0.00261261 -0.00190401 0.00261178 0.999995 -0.0276681 0.0907384 0.101439
FixedParameters: 0 0 0

#Transform 158
Transform: AffineTransform_float_3_3
Parameters: 0.999998 0.000300207 0.00211899 -0.000292718 0.999994 -0.00345597 -0.0021206 0.00345498 0.999992 -0.0163162 0.128267 0.0665964
FixedParameters: 0 0 0

#Transform 159
Transform: AffineTransform_float_3_3
Parameters: 0.999998 0.00019715 0.00191032 -0.000191807 0.999997 -0.00271141 -0.00191007 0.00271094 0.999995 -0.010722 0.0919177 0.0796226
FixedParameters: 0 0 0

#Transform 160
Transform: AffineTransform_float_3_3
Parameters: 0.999998 0.000197812 0.00191474 -0.000192688 0.999995 -0.00290835 -0.00191451 0.00290789 0.999994 -0.0157181 0.127506 0.0825259
FixedParameters: 0 0 0

#Transform 161
Transform: AffineTransform_float_3_3
Parameters: 0.999998 0.000188652 0.00177207 -0.000183453 0.999995 -0.00291155 -0.00177284 0.00291115 0.999994 -0.00500947 0.0657938 0.0867611
FixedParameters: 0 0 0

#Transform 162
Transform: AffineTransform_float_3_3
Parameters: 0.999998 0.000461916 0.00157297 -0.000457923 0.999996 -0.00254603 -0.00157409 0.00254573 0.999995 -0.00536856 0.105222 0.0757872
FixedParameters: 0 0 0

#Transform 163
Transform: AffineTransform_float_3_3
Parameters: 0.999998 0.000489674 0.00188559 -0.000485435 0.999997 -0.00244202 -0.00188667 0.00244046 0.999995 -0.00960434 0.0856375 0.0729731
FixedParameters: 0 0 0

#Transform 164
Transform: AffineTransform_float_3_3
Parameters: 0.999998 0.000401501 0.00190254 -0.000395347 0.999996 -0.00294679 -0.0019036 0.00294643 0.999994 -0.0167623 0.0964726 0.0762864
FixedParameters: 0 0 0

#Transform 165
Transform: AffineTransform_float_3_3
Parameters: 0.999998 0.00055849 0.00156937 -0.000555285 0.999997 -0.00230107 -0.00157071 0.00230047 0.999996 -0.00136072 0.0494407 0.0687889
FixedParameters: 0 0 0

#Transform 166
Transform: AffineTransform_float_3_3
Parameters: 0.999999 0.000451263 0.001794 -0.000446525 0.999996 -0.00271817 -0.00179515 0.00271771 0.999994 -0.0205737 0.0739657 0.0537709
FixedParameters: 0 0 0

#Transform 167
Transform: AffineTransform_float_3_3
Parameters: 0.999999 0.000170029 0.00149856 -0.000167599 0.999997 -0.00215657 -0.00149904 0.00215619 0.999996 -0.00132166 0.0588743 0.0871686
FixedParameters: 0 0 0

#Transform 168
Transform: AffineTransform_float_3_3
Parameters: 0.999999 0.000394023 0.00183665 -0.000388799 0.999996 -0.00280316 -0.00183854 0.00280198 0.999995 -0.023084 0.0881086 0.0693994
FixedParameters: 0 0 0

#Transform 169
Transform: AffineTransform_float_3_3
Parameters: 0.999998 0.0002522 0.00163244 -0.00024811 0.999997 -0.00250166 -0.00163345 0.00250098 0.999995 -0.0185957 0.0636689 0.0732425
FixedParameters: 0 0 0

#Transform 170
Transform: AffineTransform_float_3_3
Parameters: 0.999998 0.000202136 0.00198942 -0.000197554 0.999997 -0.00267762 -0.00199012 0.00267709 0.999995 -0.0209627 0.0824469 0.0893537
FixedParameters: 0 0 0

#Transform 171
Transform: AffineTransform_float_3_3
Parameters: 0.999998 0.000178487 0.00161499 -0.00017434 0.999996 -0.00285113 -0.00161469 0.00285071 0.999994 -0.0151922 0.0709516 0.0820776
FixedParameters: 0 0 0

#Transform 172
Transform: AffineTransform_float_3_3
Parameters: 0.999998 0.000202159 0.00200109 -0.000197952 0.999998 -0.00230827 -0.00200171 0.00230773 0.999996 -0.0198349 0.0690568 0.0834221
FixedParameters: 0 0 0

#Transform 173
Transform: AffineTransform_float_3_3
Parameters: 0.999997 0.000144145 0.0021712 -0.000137505 0.999995 -0.0029275 -0.00217165 0.00292727 0.999994 -0.0163079 0.0846248 0.0808524
FixedParameters: 0 0 0

#Transform 174
Transform: AffineTransform_float_3_3
Parameters: 0.999998 -5.97803e-05 0.00193328 6.54438e-05 0.999996 -0.00277778 -0.00193262 0.00277828 0.999995 -0.0360427 0.0885212 0.0778422
FixedParameters: 0 0 0

#Transform 175
Transform: AffineTransform_float_3_3
Parameters: 0.999998 -4.22823e-05 0.00194265 4.87342e-05 0.999994 -0.00323569 -0.00194198 0.00323613 0.999993 -0.0182836 0.0964574 0.0821658
FixedParameters: 0 0 0

#Transform 176
Transform: AffineTransform_float_3_3
Parameters: 0.999998 0.000197734 0.00191708 -0.00019305 0.999996 -0.00279027 -0.0019168 0.00278981 0.999995 -0.0142955 0.082883 0.105456
FixedParameters: 0 0 0

#Transform 177
Transform: AffineTransform_float_3_3
Parameters: 0.999998 0.000198666 0.00192344 -0.000192902 0.999995 -0.0030732 -0.00192327 0.00307273 0.999994 -0.0290385 0.0750025 0.0862471
FixedParameters: 0 0 0

#Transform 178
Transform: AffineTransform_float_3_3
Parameters: 0.999999 0.000189413 0.00178123 -0.000184813 0.999996 -0.00300844 -0.00178199 0.00300791 0.999994 -0.0264269 0.0748968 0.106018
FixedParameters: 0 0 0

#Transform 179
Transform: AffineTransform_float_3_3
Parameters: 0.999999 0.000196041 0.00187195 -0.000190293 0.999994 -0.00344745 -0.00187284 0.00344699 0.999993 -0.0142983 0.12081 0.0872219
FixedParameters: 0 0 0

#Transform 180
Transform: AffineTransform_float_3_3
Parameters: 0.999999 6.5723e-05 0.00182014 -6.07477e-05 0.999996 -0.00304753 -0.00182015 0.00304743 0.999993 -0.0134525 0.0838173 0.0992471
FixedParameters: 0 0 0

#Transform 181
Transform: AffineTransform_float_3_3
Parameters: 0.999998 0.000201794 0.00194453 -0.000194375 0.999992 -0.00401296 -0.00194462 0.00401248 0.99999 -0.0162284 0.112797 0.0963026
FixedParameters: 0 0 0

#Transform 182
Transform: AffineTransform_float_3_3
Parameters: 0.999997 1.03045e-06 0.0021654 5.67907e-06 0.999995 -0.00319259 -0.00216493 0.003192 0.999993 -0.0225075 0.0958254 0.103228
FixedParameters: 0 0 0

#Transform 183
Transform: AffineTransform_float_3_3
Parameters: 0.999998 0.000211971 0.00212547 -0.000205376 0.999994 -0.00322465 -0.00212639 0.00322415 0.999993 -0.0122054 0.127448 0.105489
FixedParameters: 0 0 0

#Transform 184
Transform: AffineTransform_float_3_3
Parameters: 0.999998 0.000199136 0.00192655 -0.000192817 0.999995 -0.00321216 -0.00192644 0.00321169 0.999993 -0.0059126 0.108704 0.0923528
FixedParameters: 0 0 0

#Transform 185
Transform: AffineTransform_float_3_3
Parameters: 0.999998 0.000197489 0.00191544 -0.000193093 0.999996 -0.00271729 -0.00191514 0.00271683 0.999995 -0.0149921 0.090829 0.131092
FixedParameters: 0 0 0

#Transform 186
Transform: AffineTransform_float_3_3
Parameters: 0.999997 -9.09559e-05 0.00228301 9.76472e-05 0.999996 -0.00303688 -0.002283 0.00303755 0.999993 -0.0252397 0.0966159 0.0908475
FixedParameters: 0 0 0

#Transform 187
Transform: AffineTransform_float_3_3
Parameters: 0.999998 -0.000216426 0.00194353 0.000221127 0.999996 -0.00278747 -0.00194293 0.00278856 0.999994 -0.01569 0.0734405 0.147869
FixedParameters: 0 0 0

#Transform 188
